id,inn,half,scoreA,scoreB,ball,strk,out,b1,b2,b3,b1Idx,b2Idx,b3Idx,pCnt,pSec,pName,pHand,pType,pPow,spdK,zoneX,zoneY,startX,startY,targetX,targetY,zDist,pitchAngle,pOver,pSide,pUnder,call,balk,sH,sV,gyro,plx,plz,bSwing,bIdx,bPos,bZone,bName,bHCm,batLen,batCen,batType,bFps,bOS,bVR,hSec,rotS,rotL,shS,lgS,prepS,batSpd,ev,ldeg,sdeg,hPos,buntGrip,handDist,angVeloX,angVeloY,angVeloZ,PPosX,PPosY,PThrSpd,CName,CPosX,CPosY,CThrSpd,1BName,1BPosX,1BPosY,1BThrSpd,2BName,2BPosX,2BPosY,2BThrSpd,3BName,3BPosX,3BPosY,3BThrSpd,SSName,SSPosX,SSPosY,SSThrSpd,LFName,LFPosX,LFPosY,LFThrSpd,CFName,CFPosX,CFPosY,CFThrSpd,RFName,RFPosX,RFPosY,RFThrSpd,ltSec,lx,lz,cSec,cPos,cPlr,cx,cz,1BSafe,tag,cpSec,sb2Sec,sb3Sec,sbhSec,ass,result
1,1,1,0,0,0,0,0,0,0,0,255,255,255,0,2083.087,"-Alta-",L,27,87,140,1.776,-0.082,-0.162,1.69,0.859,1.449,-36.536,14.657,50,50,0,1,0,-59.515,-122.679,-4.544,0,0,0,0,2,R,"-라후이-",190,87.311,0.496,0,162,W,Y,0,0,0,0,0,0,0,0,0,0,0,0,0,0,0,0,0.383,-37.116,0,"HalF_HearteD",0.099,-16.721,0,"Pring__",-20.728,-46.705,0,"Rite_",-16.701,-61.397,0,"magimari",16.593,-46.35,0,"alcohol500",8.62,-65.19,0,"ame_3",49.108,-105.118,0,"紅さかな",-1.309,-118.871,0,"Pizzallaris",-43.915,-100.912,0,0,0,0,0,0,"",0,0,0,0,2083.49,,,,0,0
2,1,1,0,0,1,0,0,0,0,0,255,255,255,1,2097.582,"-Alta-",L,13,77,105,1.21,-1.102,-0.28,1.672,0.207,1.479,-36.536,20.807,57,43,0,1,0,167.915,400,-4.188,0,0,0,0,2,R,"-라후이-",190,87.311,0.496,0,162,W,Y,0,0,0,0,0,0,0,0,0,0,0,0,0,0,0,0,0.162,-37.191,0,"HalF_HearteD",0.088,-16.686,0,"Pring__",-20.843,-46.859,0,"Rite_",-16.613,-61.109,0,"magimari",16.635,-46.293,0,"alcohol500",7.883,-64.597,0,"ame_3",49.158,-105.17,0,"紅さかな",-1.65,-118.785,0,"Pizzallaris",-43.893,-100.916,0,0,0,0,0,0,"",0,0,0,0,2098.17,,,,0,0
3,1,1,0,0,2,0,0,0,0,0,255,255,255,2,2111.896,"-Alta-",L,13,88,131,-1053.959,1148.701,-0.431,1.696,-0.392,1.468,-36.536,26.357,64,36,0,2,0,172.342,270.125,0.518,0,0,1,0,2,R,"-라후이-",190,87.311,0.496,3,162,W,Y,2112.689,158,144,164,66,33,145,130,-15.247,-9.111,0.49,0,0.175,-528.482,-48.439,256.416,0.549,-36.879,0,"HalF_HearteD",-0.222,-16.741,0,"Pring__",-21.529,-46.432,0,"Rite_",-16.271,-60.572,81,"magimari",16.241,-46.55,0,"alcohol500",8.064,-64.565,0,"ame_3",49.082,-105.043,0,"紅さかな",-1.667,-118.789,105,"Pizzallaris",-43.9,-100.935,0,2112.01,0.321,-22.195,2115.594,7,"紅さかな",6.269,-107.817,1,0,,,,,162,2
4,1,1,0,0,0,0,0,1,0,0,2,255,255,3,2137.879,"-Alta-",L,26,79,129,-1.278,1.136,-0.434,1.899,-0.405,2.128,-36.536,30.78,85,15,0,1,0,-107.37,-200,-1.138,0,0,0,1,0,L,"Ainy4／あいにゃ",189.4,85,0.512,0,160,W,Y,0,0,0,0,0,0,0,0,0,0,0,0,0,0,0,0,-0.045,-36.61,0,"HalF_HearteD",-0.211,-16.746,0,"Pring__",-19.46,-39.581,0,"Rite_",-13.249,-62.935,0,"magimari",17.515,-46.066,0,"alcohol500",13.305,-63.274,0,"ame_3",53.264,-99.341,0,"紅さかな",2.001,-117.561,0,"Pizzallaris",-44.038,-100.968,0,0,0,0,0,0,"",0,0,0,0,2138.441,,,,0,0
5,1,1,0,0,1,0,0,1,0,0,2,255,255,4,2153.555,"-Alta-",L,28,85,137,-0.273,-0.304,-0.359,1.658,-0.058,1.344,-36.536,20.846,54,46,0,0,0,-35.7,-81.691,-2.518,0,0,0,1,0,L,"Ainy4／あいにゃ",189.4,85,0.512,0,160,W,Y,0,0,0,0,0,0,0,0,0,0,0,0,0,0,0,0,0.084,-37.068,0,"HalF_HearteD",-0.188,-16.644,0,"Pring__",-19.214,-39.721,0,"Rite_",-8.606,-60.948,0,"magimari",17.522,-45.985,0,"alcohol500",11.867,-63.39,0,"ame_3",51.236,-99.761,0,"紅さかな",1.152,-117.661,0,"Pizzallaris",-44.027,-100.983,0,0,0,0,0,0,"",0,0,0,0,2154.094,,,,0,0
6,1,1,0,0,1,1,0,1,0,0,2,255,255,5,2172.118,"-Alta-",L,13,81,107,1.621,-1.089,-0.241,1.671,0.329,1.476,-36.536,22.596,48,52,0,1,0,201.158,400,1.25,0,0,0,1,0,L,"Ainy4／あいにゃ",189.4,85,0.512,0,160,W,Y,0,0,0,0,0,0,0,0,0,0,0,0,0,0,0,0,0.396,-36.919,0,"HalF_HearteD",0.283,-16.644,0,"Pring__",-19.291,-39.989,0,"Rite_",-8.275,-61.584,0,"magimari",17.684,-45.85,0,"alcohol500",11.309,-63.873,0,"ame_3",51.223,-99.742,0,"紅さかな",1.905,-117.92,0,"Pizzallaris",-44.031,-100.997,0,0,0,0,0,0,"",0,0,0,0,2172.83,,,,0,0
7,1,1,0,0,2,1,0,1,0,0,2,255,255,6,2188.774,"-Alta-",L,26,89,140,-2.342,0.257,-0.523,1.736,-0.818,1.597,-36.536,32.248,58,42,0,2,0,-138.087,-200,-2.25,0,0,1,1,0,L,"Ainy4／あいにゃ",189.4,85,0.512,3,160,W,Y,2189.8,255,112,96,97,36,145,92,52.004,-34.609,-0.72,0,0.559,240.952,-92.677,-273.878,0.343,-36.804,0,"HalF_HearteD",-0.241,-16.878,0,"Pring__",-17.578,-42.243,81,"Rite_",-9.647,-62.118,0,"magimari",17.305,-45.669,0,"alcohol500",11.721,-63.632,0,"ame_3",50.763,-99.742,85,"紅さかな",-0.715,-117.987,0,"Pizzallaris",-43.989,-100.962,0,2194.406,40.449,-72.527,2195.365,6,"ame_3",43.677,-74.441,1,0,,2194.976,,,70,2
8,1,1,0,0,0,0,0,1,1,0,0,2,255,7,2227.875,"-Alta-",L,26,80,130,1.645,-0.244,-0.23,1.803,0.543,1.814,-36.536,18.586,47,53,0,2,0,-86.506,-200,0.455,0,0,1,2,4,R,"Slaris",190,85.704,0.452,3,69,W,Y,2228.639,255,100,108,90,27,145,105,24.973,-31.677,-0.1,0,0.205,394.023,256.162,106.936,0.332,-37.369,0,"HalF_HearteD",0.069,-16.8,0,"Pring__",-17.545,-42.236,0,"Rite_",-15.364,-61.897,0,"magimari",16.778,-45.161,0,"alcohol500",6.976,-61.885,91,"ame_3",42.374,-103.369,95,"紅さかな",0.77,-119.13,0,"Pizzallaris",-43.61,-102.097,0,0,0,0,2232.656,6,"ame_3",43.753,-98.807,0,0,,2233.504,,,322,1
9,1,1,0,0,0,0,1,1,1,0,0,2,255,8,2261.203,"-Alta-",L,27,77,128,2.177,-1.546,-0.138,1.407,0.972,0.531,-36.536,20.706,49,51,0,1,0,-14.203,-110.565,-9.533,0.529,-16.531,0,3,8,R,"ディシジョン",190,92.496,0.622,0,158,W,Y,0,0,0,0,0,0,0,0,0,0,0,0,0,0,0,0,0.262,-37.52,0,"HalF_HearteD",0.141,-16.607,0,"Pring__",-19.081,-39.83,0,"Rite_",-15.387,-62.494,0,"magimari",16.846,-44.528,0,"alcohol500",5.61,-61.433,0,"ame_3",44.822,-101.352,0,"紅さかな",-0.603,-119.385,0,"Pizzallaris",-41.127,-100.72,0,0,0,0,0,0,"",0,0,0,0,2261.726,2263.962,,,0,0
10,1,1,0,0,1,0,1,1,1,0,0,2,255,9,2279.525,"-Alta-",L,28,81,132,1.514,-0.935,-0.198,1.539,0.695,0.96,-36.536,16.199,54,46,0,1,0,-19.747,-64.458,-1.404,0,0,0,3,8,R,"ディシジョン",190,92.496,0.622,0,158,W,Y,0,0,0,0,0,0,0,0,0,0,0,0,0,0,0,0,0.23,-37.873,0,"HalF_HearteD",-0.194,-17.456,0,"Pring__",-19.344,-40.085,0,"Rite_",-12.138,-62.832,0,"magimari",18.063,-44.011,0,"alcohol500",5.678,-61.094,0,"ame_3",45.083,-101.259,0,"紅さかな",-0.466,-119.264,0,"Pizzallaris",-41.138,-100.713,0,0,0,0,0,0,"",0,0,0,0,2279.983,2283.066,,,0,0
11,1,1,0,0,2,0,1,1,1,0,0,2,255,10,2298.253,"-Alta-",L,26,85,138,0.227,0.698,-0.298,1.829,0.228,1.9,-36.536,24.345,42,58,0,0,0,-87.244,-163.788,1.571,0,0,0,3,8,R,"ディシジョン",190,92.496,0.622,0,158,W,Y,0,0,0,0,0,0,0,0,0,0,0,0,0,0,0,0,0.226,-37.427,0,"HalF_HearteD",0.118,-16.874,0,"Pring__",-19.25,-40.685,0,"Rite_",-13.429,-61.927,0,"magimari",17.485,-44.135,0,"alcohol500",3.193,-61.252,0,"ame_3",45.158,-103.321,0,"紅さかな",0.767,-119.09,0,"Pizzallaris",-41.144,-100.721,0,0,0,0,0,0,"",0,0,0,0,2298.622,,,,0,0
12,1,1,0,0,2,1,1,1,1,0,0,2,255,11,2316.136,"-Alta-",L,28,83,134,-1.696,2.185,-0.236,1.757,0.517,1.667,-36.536,17.585,48,52,0,2,0,-25.24,-99.754,-4.593,0,0,0,3,8,R,"ディシジョン",190,92.496,0.622,3,158,W,Y,2317.167,212,64,170,51,34,145,108,25.641,19.401,0.02,0.143,0.299,467.497,331.693,-177.274,0.327,-36.86,0,"HalF_HearteD",0.086,-16.941,0,"Pring__",-17.611,-43.793,0,"Rite_",-14.045,-61.985,0,"magimari",16.679,-45.092,0,"alcohol500",6.672,-61.437,74,"ame_3",45.189,-103.279,0,"紅さかな",0.441,-119.39,0,"Pizzallaris",-41.138,-100.733,113,0,0,0,2321.399,8,"Pizzallaris",-36.22,-104.738,0,0,,2323.188,,,259,1
13,1,1,0,0,0,0,2,1,1,0,0,2,255,12,2349.332,"-Alta-",L,26,86,139,0.022,0.771,-0.324,1.813,0.106,1.863,-36.536,20.148,41,59,0,0,0,-73.536,-192.294,-6.623,0,0,1,4,6,L,"ぐだもん",175.2,80,0.528,0,156,W,Y,0,0,0,0,0,0,0,0,0,0,0,0,0,0,0,0,0.326,-37.691,0,"HalF_HearteD",-0.163,-16.74,0,"Pring__",-19.372,-40.061,0,"Rite_",-8.346,-62.497,0,"magimari",18.631,-44.238,0,"alcohol500",11.016,-59.711,0,"ame_3",45.619,-97.211,0,"紅さかな",1.297,-118.493,0,"Pizzallaris",-44.842,-100.734,0,0,0,0,0,0,"",0,0,0,0,2349.656,2351.953,,,0,0
14,1,1,0,0,0,1,2,1,1,0,0,2,255,13,2367.26,"-Alta-",L,13,81,107,3.469,-1.37,-0.06,1.59,0.888,1.272,-36.536,10.398,35,65,0,4,0,327.527,309.222,-4.015,0.872,-17.632,1,4,6,L,"ぐだもん",175.2,80,0.528,0,156,W,Y,0,0,0,0,0,0,0,0,0,0,0,0,0,0,0,0,0.467,-37.878,0,"HalF_HearteD",0.276,-16.786,0,"Pring__",-19.86,-42.934,0,"Rite_",-8.414,-62.964,0,"magimari",18.174,-44.667,0,"alcohol500",13.006,-61.646,0,"ame_3",47.868,-98.239,0,"紅さかな",1.144,-118.385,0,"Pizzallaris",-44.741,-100.821,0,0,0,0,0,0,"",0,0,0,0,2367.754,2370.202,,,0,0
15,1,1,0,0,0,2,2,1,1,0,0,2,255,14,2385.875,"-Alta-",L,26,87,140,1.938,0.994,-0.141,1.848,0.959,1.985,-36.536,19.93,53,47,0,4,0,-81.4,-200,0.339,0,0,1,4,6,L,"ぐだもん",175.2,80,0.528,0,156,W,Y,0,0,0,0,0,0,0,0,0,0,0,0,0,0,0,0,0.029,-37.282,0,"HalF_HearteD",-0.01,-17.036,0,"Pring__",-19.817,-40.72,0,"Rite_",-7.595,-62.34,0,"magimari",18.931,-44.207,0,"alcohol500",12.127,-60.325,0,"ame_3",47.748,-98.376,0,"紅さかな",0.456,-118.528,0,"Pizzallaris",-44.623,-101.303,0,0,0,0,0,0,"",0,0,0,0,2386.156,,,,0,0
16,1,0,0,0,0,0,0,0,0,0,255,255,255,0,2734.208,"Ainy4／あいにゃ",R,29,86,139,1.064,0.021,0.369,1.686,0.784,1.414,-36.896,21.492,57,43,0,0,0,-233.558,-200,14.632,0,0,0,0,8,R,"Pizzallaris",174.6,88,0.383,0,46,W,Y,0,0,0,0,0,0,0,0,0,0,0,0,0,0,0,0,0.066,-38.187,0,"Kenomo",0.02,-17.704,0,"-라후이-",-18.769,-44.446,0,"낑깡__",-13.935,-67.621,0,"Slaris",20.771,-49.596,0,"즉석카레",7.85,-66.083,0,"ぐだもん",32.379,-89.292,0,"아침땅_",-6.503,-107.092,0,"ディシジョン",-45.071,-89.532,0,0,0,0,0,0,"",0,0,0,0,2734.351,,,,0,0
17,1,0,0,0,0,1,0,0,0,0,255,255,255,1,2749.248,"Ainy4／あいにゃ",R,3,85,110,-1.852,-0.442,0.218,1.627,0.055,1.356,-36.896,15.411,59,41,0,2,0,-453.849,0,-16.43,0,0,1,0,8,R,"Pizzallaris",174.6,88,0.383,3,46,W,Y,2750.429,255,97,165,155,101,145,92,23.813,55.143,0.95,0,0.172,247.891,-314.481,-428.985,0.124,-37.857,0,"Kenomo",-0.44,-17.896,0,"-라후이-",-20.163,-44.293,0,"낑깡__",-14.129,-68.059,0,"Slaris",20.689,-49.525,0,"즉석카레",7.985,-66.152,0,"ぐだもん",32.661,-88.621,0,"아침땅_",-7.965,-107.412,0,"ディシジョン",-45.134,-89.526,0,2752.941,-55.297,-62.448,0,0,"",0,0,0,0,,,,,2,3
18,1,0,0,0,0,2,0,0,0,0,255,255,255,2,2770.266,"Ainy4／あいにゃ",R,0,51,94,1.196,1.058,0.553,2.077,0.504,2.233,-36.896,65.139,81,19,0,0,0,0,0,-2.398,0,0,0,0,8,R,"Pizzallaris",174.6,88,0.383,0,46,W,Y,0,0,0,0,0,0,0,0,0,0,0,0,0,0,0,0,0.028,-38.23,0,"Kenomo",0.11,-17.887,0,"-라후이-",-19.971,-41.789,0,"낑깡__",-14.168,-68.296,0,"Slaris",20.088,-48.52,0,"즉석카레",8.592,-65.898,0,"ぐだもん",33.283,-86.294,0,"아침땅_",-3.373,-105.954,0,"ディシジョン",-45.529,-85.137,0,0,0,0,0,0,"",0,0,0,0,2770.691,,,,0,0
19,1,0,0,0,0,0,1,0,0,0,255,255,255,3,2793.079,"Ainy4／あいにゃ",R,14,79,105,1.691,-0.648,0.179,1.767,-0.065,1.683,-36.896,19.817,84,16,0,2,0,372.687,312.348,26.043,0,0,1,1,0,L,"-Alta-",190,84,0.479,3,150,W,Y,2794.049,255,128,181,69,56,145,126,25.97,32.297,0.26,0,0.571,-57.781,-291.718,-161.845,0.08,-37.661,0,"Kenomo",0.195,-17.986,0,"-라후이-",-17.974,-43.644,0,"낑깡__",-9.594,-67.607,0,"Slaris",22.214,-50.108,0,"즉석카레",14.504,-64.865,66,"ぐだもん",41.74,-90.953,0,"아침땅_",4.525,-114.533,0,"ディシジョン",-42.051,-96.2,101,2797.67,-50.938,-118.601,2798.809,8,"ディシジョン",-48.313,-114.146,1,0,,,,,42,2
20,1,0,0,0,0,0,1,1,0,0,10,255,255,4,2826.899,"Ainy4／あいにゃ",R,14,83,107,0.38,-0.758,0.075,1.665,-0.387,1.462,-36.896,13.708,46,54,0,0,0,379.786,312.348,38.451,0,0,0,2,2,L,"Pring__",190,93.089,0.485,0,149,W,Y,0,0,0,0,0,0,0,0,0,0,0,0,0,0,0,0,-0.05,-38.267,0,"Kenomo",0.013,-17.907,0,"-라후이-",-19.38,-40.456,0,"낑깡__",-4.12,-58.557,0,"Slaris",22.171,-49.955,0,"즉석카레",9.255,-61.095,0,"ぐだもん",43.149,-95.635,0,"아침땅_",6.883,-116.23,0,"ディシジョン",-43.397,-93.321,0,0,0,0,0,0,"",0,0,0,0,2827.122,,,,0,0
21,1,0,0,0,0,1,1,1,0,0,10,255,255,5,2845.169,"Ainy4／あいにゃ",R,14,80,105,1.83,-0.576,0.211,1.779,0.035,1.709,-36.896,26.537,87,13,0,4,0,370.812,314.787,10.794,0,0,1,2,2,L,"Pring__",190,93.089,0.485,0,149,W,Y,0,0,0,0,0,0,0,0,0,0,0,0,0,0,0,0,-0.041,-38.261,0,"Kenomo",0.058,-18.001,0,"-라후이-",-19.548,-39.829,0,"낑깡__",-4.675,-59.464,0,"Slaris",22.078,-49.988,0,"즉석카레",11.432,-61.044,0,"ぐだもん",44.705,-93.016,0,"아침땅_",6.92,-116.272,0,"ディシジョン",-43.377,-93.311,0,0,0,0,0,0,"",0,0,0,0,2845.385,,,,0,0
22,1,0,0,0,0,2,1,1,0,0,10,255,255,6,2902.457,"Ainy4／あいにゃ",R,29,79,129,0.011,-0.721,0.283,1.539,0.386,0.96,-36.896,25.762,50,50,0,0,1,-250,-200,14.028,0,0,0,2,2,L,"Pring__",190,93.089,0.485,0,83,W,Y,0,0,0,0,0,0,0,0,0,0,0,0,0,0,0,0,0.097,-37.793,0,"Kenomo",0.068,-18.081,0,"-라후이-",-19.196,-40.007,0,"낑깡__",-4.901,-62.218,0,"Slaris",22.21,-49.732,0,"즉석카레",10.483,-62.351,0,"ぐだもん",49.252,-95.797,0,"아침땅_",12.186,-115.909,0,"ディシジョン",-44.417,-99.524,0,0,0,0,0,0,"",0,0,0,0,2902.504,,,,0,0
23,1,0,0,0,0,2,1,0,1,0,255,10,255,6,2980.054,"Ainy4／あいにゃ",R,14,73,101,2.312,-0.703,0.274,1.754,0.229,1.654,-36.896,29.356,92,8,0,2,0,358.49,312.348,7.391,0,0,1,2,2,L,"Pring__",190,93.089,0.485,3,83,W,Y,2981.06,253,150,61,117,70,138,126,-4.399,35.162,0.69,0,0.635,38.197,85.977,11.618,0.073,-37.771,0,"Kenomo",0.158,-17.948,0,"-라후이-",-17.738,-44.862,120,"낑깡__",-6.897,-66.138,0,"Slaris",22.663,-49.436,85,"즉석카레",15.912,-66.16,0,"ぐだもん",46.44,-97.008,0,"아침땅_",8.148,-117.134,0,"ディシジョン",-45.147,-99.099,0,2980.198,-5.106,-28.806,2981.122,2,"-라후이-",-16.004,-43.716,0,0,,2983.982,,,7,2
24,1,0,0,0,0,0,2,0,1,0,255,10,255,7,3007.629,"Ainy4／あいにゃ",R,26,82,134,0.673,0.883,0.315,1.852,0.535,1.971,-36.896,35.945,92,8,0,2,0,-193.15,-200,-3.505,0,0,1,3,1,R,"HalF_HearteD",190,82,0.446,3,147,W,Y,3008.738,180,103,85,69,22,145,130,27.257,45.739,0.64,0,0.268,-130.741,454.007,-278.179,0.093,-37.923,0,"Kenomo",-0.005,-17.714,0,"-라후이-",-19.224,-45.054,0,"낑깡__",-14.307,-67.948,0,"Slaris",20.132,-48.749,0,"즉석카레",8.428,-66.007,0,"ぐだもん",39.623,-94.373,0,"아침땅_",-9.165,-112.386,0,"ディシジョン",-50.042,-92.299,0,3012.33,-90.198,-91.779,0,0,"",0,0,0,0,,3017.094,,,2,3
25,1,0,0,0,0,1,2,0,1,0,255,10,255,8,3031.145,"Ainy4／あいにゃ",R,3,83,108,-1.14,-0.112,0.347,1.705,0.454,1.549,-36.896,35.954,90,10,0,2,0,-489.131,0,-8.392,0,0,1,3,1,R,"HalF_HearteD",190,82,0.446,3,147,W,Y,3032.269,255,139,106,122,92,145,104,28.894,44.383,0.92,0,0.462,235.17,84.686,467.882,0.019,-37.748,0,"Kenomo",-0.425,-17.908,0,"-라후이-",-20.574,-45.823,0,"낑깡__",-14.038,-67.382,0,"Slaris",20.141,-47.607,0,"즉석카레",8.488,-68.39,0,"ぐだもん",42.3,-92.917,0,"아침땅_",-12.217,-112.843,0,"ディシジョン",-54.192,-92.148,0,3035.254,-61.168,-79.356,0,0,"",0,0,0,0,,3042.952,,,2,3
26,1,0,0,0,0,2,2,0,1,0,255,10,255,9,3056.369,"Ainy4／あいにゃ",R,3,80,109,-1.442,-0.052,0.21,1.722,0.031,1.585,-36.896,35.465,91,9,0,2,0,-342.769,0,-12.017,0,0,1,3,1,R,"HalF_HearteD",190,82,0.446,3,45,W,Y,3057.527,238,117,80,126,95,145,87,9.517,37.769,1,0,0.404,226.025,-107.881,82.033,0.095,-37.606,0,"Kenomo",-0.409,-17.801,0,"-라후이-",-19.638,-44.041,0,"낑깡__",-15.541,-66.348,0,"Slaris",20.471,-48.397,0,"즉석카레",9.57,-68.962,0,"ぐだもん",43.797,-95.644,0,"아침땅_",-15.949,-110.649,0,"ディシジョン",-53.602,-92.973,0,0,0,0,3057.879,2,"-라후이-",-16.23,-40.673,0,0,,,,,3,1
27,2,1,0,0,0,0,0,0,0,0,255,255,255,15,3114.307,"-Alta-",L,26,77,128,-0.719,2.192,-0.38,2.016,-0.154,2.606,-36.536,37.663,81,19,0,1,0,-113.44,-200,-9.021,0,0,0,5,5,R,"즉석카레",169.6,90.311,0.397,0,145,W,Y,0,0,0,0,0,0,0,0,0,0,0,0,0,0,0,0,0.33,-37.979,0,"HalF_HearteD",0.011,-16.722,0,"Pring__",-21.21,-46.967,0,"Rite_",-14.187,-61.024,0,"magimari",16.835,-45.981,0,"alcohol500",9.524,-64.587,0,"ame_3",46.509,-104.291,0,"紅さかな",-0.692,-118.752,0,"Pizzallaris",-44.134,-103.328,0,0,0,0,0,0,"",0,0,0,0,3114.538,,,,0,0
28,2,1,0,0,1,0,0,0,0,0,255,255,255,16,3132.08,"-Alta-",L,26,88,140,1.089,1.36,-0.23,1.893,0.543,2.162,-36.536,21.696,82,18,0,2,0,-45.45,-200,-12.829,0,0,0,5,5,R,"즉석카레",169.6,90.311,0.397,3,145,W,Y,3133.163,174,36,44,35,12,125,72,32.277,44.64,-0.83,0,0.183,-26.488,315.931,-332.401,0.012,-36.766,0,"HalF_HearteD",0.022,-16.866,0,"Pring__",-21.17,-46.376,0,"Rite_",-14.08,-60.907,0,"magimari",16.595,-45.945,0,"alcohol500",9.538,-64.867,0,"ame_3",45.421,-102.385,0,"紅さかな",-0.626,-116.88,0,"Pizzallaris",-44.122,-103.36,0,3135.844,-39.904,-56.03,0,0,"",0,0,0,0,,,,,2,3
29,2,1,0,0,1,1,0,0,0,0,255,255,255,17,3155.309,"-Alta-",L,26,87,140,0.468,0.795,-0.27,1.806,0.358,1.847,-36.536,21.835,56,44,0,2,0,-107.691,-200,-8.204,0,0,1,5,5,R,"즉석카레",169.6,90.311,0.397,3,145,W,Y,3156.349,155,41,82,65,26,145,84,46.664,51.643,-0.78,0,0.196,-11.832,371.027,-226.553,0.031,-36.506,0,"HalF_HearteD",0.058,-16.852,0,"Pring__",-21.176,-46.539,0,"Rite_",-15.018,-61.125,0,"magimari",16.208,-46.077,0,"alcohol500",8.967,-64.676,0,"ame_3",45.182,-101.101,0,"紅さかな",-1.11,-119.74,0,"Pizzallaris",-40.906,-97.703,0,3159.899,-54.977,-56.717,0,0,"",0,0,0,0,,,,,2,3
30,2,1,0,0,1,2,0,0,0,0,255,255,255,18,3177.339,"-Alta-",L,3,71,100,-1.471,-0.127,-0.841,1.705,-1.424,1.548,-36.536,63.52,0,100,0,0,0,382.351,0,-0.173,0,0,0,5,5,R,"즉석카레",169.6,90.311,0.397,0,145,W,Y,0,0,0,0,0,0,0,0,0,0,0,0,0,0,0,0,0.143,-37.324,0,"HalF_HearteD",-0.233,-16.694,0,"Pring__",-19.469,-40.091,0,"Rite_",-15.169,-62.783,0,"magimari",16.729,-46.013,0,"alcohol500",6.632,-65.852,0,"ame_3",41.855,-100.939,0,"紅さかな",-3.145,-119.758,0,"Pizzallaris",-43.43,-99.725,0,0,0,0,0,0,"",0,0,0,0,3177.74,,,,0,0
31,2,1,0,0,0,0,1,0,0,0,255,255,255,19,3217.589,"-Alta-",L,26,90,140,1.015,-0.734,-0.228,1.551,0.555,0.998,-36.536,14.243,38,62,0,0,0,-90.12,-174.075,-6.617,0,0,0,6,1,R,"Kenomo",190,80,0.449,0,144,W,Y,0,0,0,0,0,0,0,0,0,0,0,0,0,0,0,0,0.154,-37.195,0,"HalF_HearteD",-0.023,-17.101,0,"Pring__",-21.434,-46.561,0,"Rite_",-16.414,-61.997,0,"magimari",16.445,-46.095,0,"alcohol500",9.098,-65.347,0,"ame_3",49.383,-104.091,0,"紅さかな",0.098,-120.545,0,"Pizzallaris",-43.675,-100.113,0,0,0,0,0,0,"",0,0,0,0,3217.726,,,,0,0
32,2,1,0,0,0,1,1,0,0,0,255,255,255,20,3232.75,"-Alta-",L,26,78,129,-24.326,2.96,-0.142,1.418,0.955,0.567,-36.536,13.42,49,51,0,2,0,-85.865,-154.276,-4.334,0,0,1,6,1,R,"Kenomo",190,80,0.449,3,144,W,Y,3233.849,178,75,87,82,18,145,111,10.66,17.725,0.08,0,0.198,308.19,503.505,105.424,0.581,-37.104,0,"HalF_HearteD",0.014,-17.044,0,"Pring__",-20.792,-46.294,87,"Rite_",-15.635,-62.24,0,"magimari",16.259,-46.013,0,"alcohol500",8.334,-64.581,0,"ame_3",49.414,-104.098,0,"紅さかな",-0.276,-120.383,0,"Pizzallaris",-43.678,-100.074,103,3235.49,-27.02,-86.999,3236.469,8,"Pizzallaris",-31.719,-96.427,1,0,,,,,7,2
33,2,1,0,0,0,0,1,1,0,0,1,255,255,21,3261.836,"-Alta-",L,28,75,126,1.817,0.08,-0.177,1.726,0.789,1.558,-36.536,14.277,59,41,0,2,0,6.735,-78.941,-4.722,0,0,1,7,3,R,"낑깡__",175.3,80,0.402,3,144,W,Y,3262.775,235,150,127,110,56,145,86,38.077,26.238,-0.76,0.095,0.293,417,321.359,-141.7,0.667,-37,0,"HalF_HearteD",0.122,-16.882,0,"Pring__",-17.64,-42.339,0,"Rite_",-14.236,-58.474,0,"magimari",15.973,-45.419,0,"alcohol500",6.902,-62.948,56,"ame_3",45.433,-101.791,0,"紅さかな",-0.042,-118.646,0,"Pizzallaris",-43.781,-103.567,113,3266.629,-34.405,-79.01,3267.559,8,"Pizzallaris",-36.801,-82.581,1,0,,3269.112,,,259,2
34,2,1,0,0,0,0,1,1,1,0,3,1,255,22,3296.456,"-Alta-",L,26,85,138,0.79,0.775,-0.246,1.796,0.468,1.813,-36.536,23.75,45,55,0,0,0,-97.351,-200,-6.751,0,0,0,8,7,R,"아침땅_",165.3,94.757,0.5,0,143,W,Y,0,0,0,0,0,0,0,0,0,0,0,0,0,0,0,0,0.272,-37.192,0,"HalF_HearteD",-0.728,-18.305,0,"Pring__",-19.108,-39.911,0,"Rite_",-15.623,-60.498,0,"magimari",17.569,-44.951,0,"alcohol500",5.789,-61.287,0,"ame_3",44.523,-102.335,0,"紅さかな",0.012,-113.51,0,"Pizzallaris",-43.05,-98.023,0,0,0,0,0,0,"",0,0,0,0,3296.462,3298.848,,,0,0
35,2,1,0,0,0,1,1,1,1,0,3,1,255,23,3317.311,"-Alta-",L,26,86,139,-0.587,-0.968,-0.379,1.552,-0.15,0.907,-36.536,23.839,54,46,0,0,0,-69.292,-158.622,0.763,0,0,0,8,7,R,"아침땅_",165.3,94.757,0.5,0,143,W,Y,0,0,0,0,0,0,0,0,0,0,0,0,0,0,0,0,0.225,-37.341,0,"HalF_HearteD",-0.192,-16.752,0,"Pring__",-19.514,-39.888,0,"Rite_",-15.703,-60.822,0,"magimari",18.098,-44.223,0,"alcohol500",5.299,-62.283,0,"ame_3",44.495,-102.274,0,"紅さかな",1.29,-114.064,0,"Pizzallaris",-43.058,-98.026,0,0,0,0,0,0,"",0,0,0,0,3317.323,3319.903,,,0,0
36,2,1,0,0,0,2,1,1,1,0,3,1,255,24,3335.475,"-Alta-",L,26,89,140,0.838,1.3,-0.262,1.885,0.397,2.145,-36.536,26.774,89,11,0,1,0,-17.046,-157.389,-5.068,0,0,0,8,7,R,"아침땅_",165.3,94.757,0.5,0,143,W,Y,0,0,0,0,0,0,0,0,0,0,0,0,0,0,0,0,0.281,-37.271,120,"HalF_HearteD",0.22,-16.585,0,"Pring__",-19.414,-40.339,0,"Rite_",-15.709,-60.806,0,"magimari",18.653,-44.26,0,"alcohol500",7.03,-61.523,0,"ame_3",44.53,-102.237,0,"紅さかな",-0.839,-111.806,0,"Pizzallaris",-42.942,-98.655,0,0,0,0,0,0,"",0,0,0,0,3335.469,3338.141,,,0,0
37,2,1,0,0,1,2,1,1,1,0,3,1,255,25,3374.613,"-Alta-",L,27,75,126,1.53,-0.583,-0.209,1.662,0.639,1.314,-36.536,18.892,57,43,0,2,0,-1.714,-135.804,-8.254,0,0,1,8,7,R,"아침땅_",165.3,94.757,0.5,3,143,W,Y,3375.605,88,41,47,55,36,120,67,108.383,-24.323,-0.82,0,0.27,-7.577,35.052,-25.457,0.27,-37.246,0,"HalF_HearteD",0.041,-16.969,0,"Pring__",-17.454,-42.603,0,"Rite_",-14.593,-59.341,0,"magimari",16.539,-46.563,0,"alcohol500",7.09,-60.345,0,"ame_3",44.505,-102.215,0,"紅さかな",0.305,-113.428,0,"Pizzallaris",-43.388,-99.148,0,3382.476,-8.678,-2.841,0,0,"",0,0,0,0,,3379.364,,,2,3
38,2,1,0,0,1,2,1,1,1,0,3,1,255,26,3400.282,"-Alta-",L,26,83,135,0.675,1.492,-0.271,1.904,0.355,2.214,-36.536,33.098,91,9,0,4,0,-36.704,-185.857,0.947,0,0,1,8,7,R,"아침땅_",165.3,94.757,0.5,0,37,W,Y,0,0,0,0,0,0,0,0,0,0,0,0,0,0,0,0,0.323,-37.066,0,"HalF_HearteD",0.041,-16.639,0,"Pring__",-19.112,-39.98,0,"Rite_",-14.59,-60.455,0,"magimari",18.142,-45.692,0,"alcohol500",6.103,-61.851,0,"ame_3",44.292,-102.279,0,"紅さかな",1.73,-114.253,0,"Pizzallaris",-42.667,-99.317,0,0,0,0,0,0,"",0,0,0,0,3400.337,3403.168,,,0,0
39,2,1,0,0,0,0,2,1,1,0,3,1,255,27,3423.278,"-Alta-",L,28,82,134,0.78,-0.894,-0.265,1.547,0.381,0.987,-36.536,24.804,39,61,0,0,0,-22.931,-63.444,-0.109,0,0,0,0,2,R,"-라후이-",190,87.311,0.496,0,141,W,Y,0,0,0,0,0,0,0,0,0,0,0,0,0,0,0,0,0.602,-37.577,0,"HalF_HearteD",-0.038,-16.668,0,"Pring__",-19.185,-39.526,0,"Rite_",-15.316,-62.131,0,"magimari",19.105,-43.817,0,"alcohol500",4.828,-62.264,0,"ame_3",47.598,-106.303,0,"紅さかな",-1.28,-118.134,0,"Pizzallaris",-42.673,-99.332,0,0,0,0,0,0,"",0,0,0,0,3423.247,3425.969,,,0,0
40,2,1,0,0,0,1,2,1,1,0,3,1,255,28,3440.224,"-Alta-",L,27,85,137,4.332,-0.959,-0.401,1.603,-0.25,1.169,-36.536,29.44,38,62,0,2,0,-27.456,-103.24,0.299,0,0,0,0,2,R,"-라후이-",190,87.311,0.496,3,141,W,Y,3441.045,155,96,128,65,41,145,130,25.963,32.165,0.5,0,0.171,-42.322,253.579,289.722,0.482,-36.725,0,"HalF_HearteD",-0.273,-16.799,0,"Pring__",-16.822,-42.181,0,"Rite_",-15.05,-61.968,0,"magimari",17.584,-46.254,0,"alcohol500",6.726,-62.732,78,"ame_3",47.497,-104.22,0,"紅さかな",-2.017,-118.232,0,"Pizzallaris",-42.673,-99.335,105,3444.33,-61.934,-106.436,3445.393,8,"Pizzallaris",-56.957,-104.106,1,0,,3445.005,3445.401,3450.433,259,2
41,2,1,1,0,0,0,2,0,1,1,255,2,3,29,3474.816,"-Alta-",L,27,84,136,-0.452,-0.112,-0.384,1.683,-0.174,1.425,-36.536,22.332,42,58,0,2,0,-7.972,-125.154,4.227,0,0,1,1,0,L,"Ainy4／あいにゃ",189.4,85,0.512,3,141,W,Y,3475.912,252,65,49,88,17,136,109,31.886,-38.098,0.09,0,0.504,265.385,-252.665,-44.676,0.081,-36.703,0,"HalF_HearteD",-0.137,-16.978,0,"Pring__",-20.841,-45.452,0,"Rite_",-12.241,-65.003,0,"magimari",16.907,-45.066,0,"alcohol500",11.254,-60.527,0,"ame_3",49.412,-97.463,92,"紅さかな",1.624,-117.105,0,"Pizzallaris",-44.313,-99.989,0,3479.545,62.676,-90.316,3479.705,6,"ame_3",60.474,-88.057,0,0,,,3480.69,3480.43,66,1
42,2,0,1,0,0,0,0,0,0,0,255,255,255,10,3565.195,"Ainy4／あいにゃ",R,29,82,133,0.542,-0.724,0.38,1.788,0.511,0.953,-36.896,29.523,89,11,0,0,0,-217.843,-200,8.179,0,0,0,4,4,R,"magimari",190,84.655,0.353,0,140,W,Y,0,0,0,0,0,0,0,0,0,0,0,0,0,0,0,0,0.013,-38.246,0,"Kenomo",0.018,-17.977,0,"-라후이-",-18.783,-44.775,0,"낑깡__",-14.137,-68.001,0,"Slaris",21.153,-50.279,0,"즉석카레",11.294,-66.851,0,"ぐだもん",39.937,-90.325,0,"아침땅_",-5.862,-108.659,0,"ディシジョン",-49.496,-92.496,0,0,0,0,0,0,"",0,0,0,0,3565.274,,,,0,0
43,2,0,1,0,0,1,0,0,0,0,255,255,255,11,3581.791,"Ainy4／あいにゃ",R,32,86,139,-0.337,-0.941,0.12,1.527,-0.374,0.922,-36.896,12.556,43,57,0,0,0,157.534,-105.581,-4.021,0,0,1,4,4,R,"magimari",190,84.655,0.353,0,140,W,Y,0,0,0,0,0,0,0,0,0,0,0,0,0,0,0,0,0.046,-38.243,0,"Kenomo",-0.128,-18.2,0,"-라후이-",-19.243,-42.208,0,"낑깡__",-14.139,-67.485,0,"Slaris",21.059,-50.478,0,"즉석카레",11.328,-67.429,0,"ぐだもん",39.677,-93.615,0,"아침땅_",-5.183,-110.286,0,"ディシジョン",-49.564,-92.929,0,0,0,0,0,0,"",0,0,0,0,3581.816,,,,0,0
44,2,0,1,0,0,2,0,0,0,0,255,255,255,12,3599.36,"Ainy4／あいにゃ",R,3,85,109,-1.573,-0.234,0.267,1.669,0.207,1.472,-36.896,19.488,59,41,0,4,0,-463.676,0,-15.82,0,0,1,4,4,R,"magimari",190,84.655,0.353,0,140,W,Y,0,0,0,0,0,0,0,0,0,0,0,0,0,0,0,0,-0.049,-38.323,0,"Kenomo",-0.388,-17.891,0,"-라후이-",-20.898,-43.04,0,"낑깡__",-14.837,-67.701,0,"Slaris",21.244,-50.095,0,"즉석카레",10.911,-66.389,0,"ぐだもん",39.649,-93.642,0,"아침땅_",-9.491,-109.927,0,"ディシジョン",-49.555,-92.924,0,0,0,0,0,0,"",0,0,0,0,3599.559,,,,0,0
45,2,0,1,0,0,0,1,0,0,0,255,255,255,13,3618.884,"Ainy4／あいにゃ",R,14,80,105,0.879,-0.883,0.117,1.706,-0.257,1.541,-36.896,12.299,86,14,0,0,0,366.512,320.266,21.691,0,0,0,5,7,R,"紅さかな",172.5,86,0.402,0,139,W,Y,0,0,0,0,0,0,0,0,0,0,0,0,0,0,0,0,0.024,-38.292,0,"Kenomo",0.04,-18.004,0,"-라후이-",-18.935,-42.405,0,"낑깡__",-14.439,-68.094,0,"Slaris",21.145,-50.458,0,"즉석카레",10.111,-66.025,0,"ぐだもん",39.74,-93.651,0,"아침땅_",-8.317,-106.513,0,"ディシジョン",-47.542,-90.517,0,0,0,0,0,0,"",0,0,0,0,3619.156,,,,0,0
46,2,0,1,0,0,1,1,0,0,0,255,255,255,14,3636.661,"Ainy4／あいにゃ",R,29,85,138,0.327,0.796,0.306,1.809,0.492,1.851,-36.896,21.257,91,9,0,2,0,-250,-200,15.532,0,0,1,5,7,R,"紅さかな",172.5,86,0.402,3,139,W,Y,3637.763,200,101,125,75,33,145,120,16.602,5.113,0.25,0,0.348,275.559,202.656,7.833,0.101,-37.776,0,"Kenomo",0.141,-17.646,0,"-라후이-",-19.71,-45.761,0,"낑깡__",-13.97,-67.526,0,"Slaris",21.108,-50.137,0,"즉석카레",11.276,-64.829,63,"ぐだもん",39.692,-93.309,0,"아침땅_",-9.55,-106.837,100,"ディシジョン",-47.583,-88.551,0,3641.295,-14.341,-128.537,3643.295,7,"아침땅_",-16.871,-128.083,1,0,,3647.656,,,290,2
47,2,0,1,0,0,0,1,0,1,0,255,17,255,15,3671.681,"Ainy4／あいにゃ",R,29,84,137,0.432,0.103,0.298,1.698,0.454,1.459,-36.896,27.393,88,12,0,0,0,-217.125,-200,11.56,0,0,0,6,6,L,"ame_3",175.3,80,0.21,0,139,W,Y,0,0,0,0,0,0,0,0,0,0,0,0,0,0,0,0,-0.035,-38.254,0,"Kenomo",-0.161,-17.791,0,"-라후이-",-19.977,-42.297,0,"낑깡__",-4.118,-61.736,0,"Slaris",21.35,-46.639,0,"즉석카레",12.438,-64.318,0,"ぐだもん",38.946,-89.16,0,"아침땅_",6.809,-111.304,0,"ディシジョン",-44.147,-96.109,0,0,0,0,0,0,"",0,0,0,0,3671.573,3674.349,,,0,0
48,2,0,1,0,0,1,1,0,1,0,255,17,255,16,3690.97,"Ainy4／あいにゃ",R,14,82,106,1.415,-0.633,0.174,1.808,-0.081,1.781,-36.896,28.554,86,14,0,0,0,343.91,350.188,9.222,0,0,1,6,6,L,"ame_3",175.3,80,0.21,0,139,W,Y,0,0,0,0,0,0,0,0,0,0,0,0,0,0,0,0,-0.016,-38.183,0,"Kenomo",0.11,-17.86,0,"-라후이-",-20.729,-46.76,0,"낑깡__",-4.959,-63.094,0,"Slaris",21.377,-45.484,0,"즉석카레",12.572,-64.167,0,"ぐだもん",40.246,-89.687,0,"아침땅_",6.387,-109.914,0,"ディシジョン",-44.05,-95.946,0,0,0,0,0,0,"",0,0,0,0,3690.99,3694.026,,,0,0
49,2,0,1,0,0,2,1,0,1,0,255,17,255,17,3710.27,"Ainy4／あいにゃ",R,14,72,100,2.236,-0.383,0.274,1.879,0.23,1.948,-36.896,41.244,85,15,0,2,0,338.294,333.953,-7.514,0,0,1,6,6,L,"ame_3",175.3,80,0.21,3,139,W,Y,3711.294,255,255,152,122,102,145,82,25.052,-65.067,1,0,0.403,144.581,375.117,-71.86,0.05,-37.69,0,"Kenomo",0.24,-17.87,0,"-라후이-",-20.256,-46.884,0,"낑깡__",-7.047,-65.222,0,"Slaris",20.78,-47.138,0,"즉석카레",12.51,-64.026,0,"ぐだもん",39.901,-89.4,0,"아침땅_",5.836,-109.902,0,"ディシジョン",-44.066,-95.963,0,3712.135,36.608,-40.022,0,0,"",0,0,0,0,,3715.754,,,2,3
50,2,0,1,0,0,2,1,0,1,0,255,17,255,18,3729.545,"Ainy4／あいにゃ",R,14,80,105,1.377,-1.347,0.145,1.614,-0.172,1.327,-36.896,20.047,63,37,0,2,0,372.687,312.348,23.162,0,0,1,6,6,L,"ame_3",175.3,80,0.21,3,40,W,Y,3730.519,255,227,60,85,55,138,80,8.939,-34.124,-0.86,0,0.476,201.772,263.198,121.951,0.008,-37.546,0,"Kenomo",-0.03,-18.082,0,"-라후이-",-19.923,-45.99,0,"낑깡__",-6.406,-65.073,87,"Slaris",20.823,-46.852,120,"즉석카레",13.648,-63.915,0,"ぐだもん",43.069,-88.26,0,"아침땅_",6.459,-108.178,0,"ディシジョン",-42.544,-96.113,0,3730.893,17.961,-49.105,3731.045,4,"Slaris",15.3,-44.786,0,0,,3734.427,,,134,1
51,3,1,1,0,0,0,0,0,0,0,255,255,255,30,3786.373,"-Alta-",L,26,79,129,1.376,0.685,-0.199,1.813,0.687,1.847,-36.536,19.044,57,43,0,0,0,-53.921,-200,-8.967,0,0,0,2,4,R,"Slaris",190,85.704,0.452,0,138,W,Y,0,0,0,0,0,0,0,0,0,0,0,0,0,0,0,0,0.369,-37.606,0,"HalF_HearteD",-0.063,-16.872,0,"Pring__",-21.075,-46.854,0,"Rite_",-15.095,-63.068,0,"magimari",16.768,-46.074,0,"alcohol500",8.728,-64.478,0,"ame_3",46.314,-102.717,0,"紅さかな",0.947,-118.031,0,"Pizzallaris",-44.018,-97.412,0,0,0,0,0,0,"",0,0,0,0,3786.351,,,,0,0
52,3,1,1,0,0,1,0,0,0,0,255,255,255,31,3803.157,"-Alta-",L,26,85,138,0.209,1.098,-0.3,1.901,0.216,2.134,-36.536,32.06,91,9,0,2,0,-84.148,-183.828,-4.098,0,0,1,2,4,R,"Slaris",190,85.704,0.452,3,138,W,Y,3804.026,255,117,184,81,47,145,126,32.927,15.21,0.26,0,0.297,184.618,-164.4,84.642,0.419,-37.161,0,"HalF_HearteD",-0.07,-16.93,0,"Pring__",-21.06,-46.763,0,"Rite_",-15.045,-63.009,0,"magimari",16.928,-45.898,0,"alcohol500",8.132,-64.814,69,"ame_3",46.324,-102.685,0,"紅さかな",0.521,-118.079,90,"Pizzallaris",-43.843,-97.833,0,3808.476,-26.246,-129.876,3809.635,7,"紅さかな",-24.664,-129.261,1,0,,3813.988,,,290,2
53,3,1,1,0,0,0,0,0,1,0,255,4,255,32,3839.032,"-Alta-",L,26,82,133,-0.668,1.264,-0.385,1.934,-0.176,2.238,-36.536,33.361,88,12,0,1,0,-82.758,-174.495,-4.232,0,0,0,3,8,R,"ディシジョン",190,92.496,0.622,0,137,W,Y,0,0,0,0,0,0,0,0,0,0,0,0,0,0,0,0,-0.238,-37.051,0,"HalF_HearteD",0.117,-16.589,0,"Pring__",-19.405,-44.477,0,"Rite_",-15.177,-61.824,0,"magimari",17.346,-45.815,0,"alcohol500",3.905,-62.465,0,"ame_3",45.253,-105.966,0,"紅さかな",-3.083,-119.786,0,"Pizzallaris",-42.692,-100.765,0,0,0,0,0,0,"",0,0,0,0,3839.254,3842.133,,,0,0
54,3,1,1,0,1,0,0,0,1,0,255,4,255,33,3858.091,"-Alta-",L,26,86,139,1.032,0.491,-0.233,1.78,0.529,1.741,-36.536,22.399,46,54,0,2,0,-52.82,-200,-14.771,0,0,1,3,8,R,"ディシジョン",190,92.496,0.622,3,137,W,Y,3859.147,196,75,146,58,13,145,117,-16.681,31.353,0.87,0.048,0.282,-11.153,80.497,-3.972,0.291,-37.039,87,"HalF_HearteD",0.08,-16.764,0,"Pring__",-19.244,-44.35,99,"Rite_",-15.213,-62.01,86,"magimari",16.968,-46.225,84,"alcohol500",4.711,-61.894,0,"ame_3",45.67,-104.296,0,"紅さかな",-3.584,-119.96,86,"Pizzallaris",-42.657,-101.078,0,3857.976,-1.791,-21.678,3859.365,2,"Pring__",-15.373,-43.891,0,0,,3862.641,,,182,2
55,3,1,1,0,0,0,1,0,1,0,255,4,255,34,3913.445,"-Alta-",L,27,86,139,-1.396,1.445,-0.465,1.939,-0.549,2.305,-36.536,30.436,85,15,0,2,0,-33.095,-135.034,7.26,0,0,1,4,6,L,"ぐだもん",175.2,80,0.528,3,136,W,Y,3914.518,255,56,118,52,38,145,104,8.028,-24.704,0.9,0,0.214,91.733,-320.679,44.848,0.001,-36.606,88,"HalF_HearteD",-0.108,-16.808,0,"Pring__",-20.34,-46.368,0,"Rite_",-9.748,-63.359,0,"magimari",18.018,-45.436,77,"alcohol500",14.024,-61.739,0,"ame_3",48.659,-96.991,0,"紅さかな",0.151,-115.403,0,"Pizzallaris",-42.966,-96.848,0,0,0,0,3914.851,4,"magimari",13.506,-46.58,0,0,,3916.835,,,274,1
56,3,1,1,0,0,0,2,0,1,0,255,4,255,35,3963.074,"-Alta-",L,26,79,129,0.156,1.452,-0.314,1.902,0.155,2.194,-36.536,29.268,54,46,0,2,0,-51.394,-200,0.043,0,0,1,5,5,R,"즉석카레",169.6,90.311,0.397,3,136,W,Y,3964.085,160,81,34,113,67,117,76,39.838,11.585,-0.26,0.095,0.229,484.144,233.65,266.481,0.01,-36.646,0,"HalF_HearteD",0.1,-16.663,0,"Pring__",-20.599,-46.156,0,"Rite_",-14.824,-61.412,99,"magimari",16.499,-46.025,0,"alcohol500",6.514,-61.36,0,"ame_3",44.571,-100.674,0,"紅さかな",-3.457,-113.51,0,"Pizzallaris",-42.76,-99.736,0,0,0,0,3967.948,3,"Rite_",-14.627,-71.706,0,0,,,3968.608,,130,1
57,3,0,1,0,0,0,0,0,0,0,255,255,255,19,4016.805,"Ainy4／あいにゃ",R,3,78,104,0.097,0.167,0.517,1.779,0.874,1.701,-36.896,47.664,81,19,0,0,0,-472.727,0,-5.265,0,0,0,7,3,R,"Rite_",165,80,0.455,0,51,W,Y,0,0,0,0,0,0,0,0,0,0,0,0,0,0,0,0,0.017,-38.203,0,"Kenomo",-0.324,-17.784,0,"-라후이-",-21.279,-47.268,0,"낑깡__",-13.716,-67.088,0,"Slaris",18.136,-48.147,0,"즉석카레",9.517,-65.152,0,"ぐだもん",35.634,-88.83,0,"아침땅_",-7.572,-102.988,0,"ディシジョン",-42.744,-85.981,0,0,0,0,0,0,"",0,0,0,0,4016.927,,,,0,0
58,3,0,1,0,0,1,0,0,0,0,255,255,255,20,4033.866,"Ainy4／あいにゃ",R,32,82,133,2.962,-0.459,0.358,1.636,0.734,1.217,-36.896,23.086,57,43,0,2,0,199.417,-55.783,-22.89,0,0,1,7,3,R,"Rite_",165,80,0.455,3,51,W,Y,4034.915,255,162,87,77,46,145,82,29.395,-47.451,-0.79,0,0.373,-121.979,-573.841,-125.808,0.22,-37.63,0,"Kenomo",-0.025,-17.895,0,"-라후이-",-21.124,-47.238,0,"낑깡__",-14.159,-67.99,0,"Slaris",18.535,-47.667,0,"즉석카레",9.331,-65.295,0,"ぐだもん",35.894,-86.312,0,"아침땅_",-6.895,-102.671,0,"ディシジョン",-43.358,-86.723,0,4037.219,41.374,-53.001,0,0,"",0,0,0,0,,,,,2,3
59,3,0,1,0,0,2,0,0,0,0,255,255,255,21,4056.916,"Ainy4／あいにゃ",R,3,85,111,-1.023,0.04,0.307,1.742,0.333,1.624,-36.896,29.996,89,11,0,2,0,-415.559,0,-8.769,0,0,1,7,3,R,"Rite_",165,80,0.455,3,51,W,Y,4058.025,255,189,77,95,73,145,109,-16.211,-31.56,0.89,0,0.387,68.617,-407.661,-142.575,0.264,-37.489,0,"Kenomo",-0.398,-17.894,0,"-라후이-",-19.778,-47.05,91,"낑깡__",-13.847,-67.501,0,"Slaris",19.642,-47.482,0,"즉석카레",10.848,-65.295,0,"ぐだもん",37.823,-79.7,0,"아침땅_",-9.106,-101.552,0,"ディシジョン",-43.398,-87.998,0,4056.774,1.626,-23.694,4058.136,4,"Slaris",15.369,-45.722,0,0,,,,,7,2
60,3,0,1,0,0,0,1,0,0,0,255,255,255,22,4136.893,"Ainy4／あいにゃ",R,34,88,140,-1.307,-1.371,0.058,1.507,-0.66,0.763,-36.896,11.516,50,50,0,1,0,71.31,-63.595,-6.388,0,0,0,8,5,L,"alcohol500",169.9,82.32,0.398,0,134,W,Y,0,0,0,0,0,0,0,0,0,0,0,0,0,0,0,0,0.035,-37.909,0,"Kenomo",-0.236,-17.877,0,"-라후이-",-19.287,-45.079,0,"낑깡__",-9.476,-69.16,0,"Slaris",20.646,-48.502,0,"즉석카레",13.82,-63.239,0,"ぐだもん",42.231,-92.119,0,"아침땅_",5.267,-106.575,0,"ディシジョン",-42.134,-90.333,0,0,0,0,0,0,"",0,0,0,0,4136.753,,,,0,0
61,3,0,1,0,1,0,1,0,0,0,255,255,255,23,4152.316,"Ainy4／あいにゃ",R,26,87,140,0.306,-1.518,0.246,1.453,0.216,0.566,-36.896,17.431,42,58,0,2,0,-64.046,-178.892,14.623,0,0,1,8,5,L,"alcohol500",169.9,82.32,0.398,3,134,W,Y,4153.202,122,133,81,104,59,137,97,-24.942,-20.601,0.94,0.095,0.336,-402.332,265.729,254.897,0.212,-37.611,0,"Kenomo",-0.061,-17.913,0,"-라후이-",-19.955,-45.969,89,"낑깡__",-9.702,-68.384,0,"Slaris",20.363,-48.454,0,"즉석카레",14.075,-63.804,103,"ぐだもん",42.046,-91.785,0,"아침땅_",5.555,-106.578,0,"ディシジョン",-42.155,-90.359,0,4151.934,0.269,-19.817,4154.191,5,"즉석카레",13.709,-56.484,0,0,,,,,35,2
62,3,0,1,0,0,0,2,0,0,0,255,255,255,24,4176.607,"Ainy4／あいにゃ",R,32,61,115,4.754,1.604,0.395,1.917,1.549,2.648,-36.896,53.677,82,18,0,3,0,250,38.832,5.722,1,-21.349,0,0,8,R,"Pizzallaris",174.6,88,0.383,0,134,W,Y,0,0,0,0,0,0,0,0,0,0,0,0,0,0,0,0,0.181,-37.552,0,"Kenomo",0.165,-17.731,0,"-라후이-",-20.018,-46.801,0,"낑깡__",-13.996,-68.252,0,"Slaris",20.175,-49.646,0,"즉석카레",7.907,-66.564,0,"ぐだもん",37.673,-89.329,0,"아침땅_",-7.444,-105.127,0,"ディシジョン",-47.567,-89.172,0,0,0,0,0,0,"",0,0,0,0,4181.198,,,,0,6
63,3,0,1,0,0,0,2,1,0,0,18,255,255,25,4243.119,"Ainy4／あいにゃ",R,32,82,133,0.874,-0.059,0.224,1.725,0.113,1.561,-36.896,36.832,84,16,0,0,0,174.044,-4.893,-13.822,0,0,0,1,0,L,"-Alta-",190,84,0.479,0,133,W,Y,0,0,0,0,0,0,0,0,0,0,0,0,0,0,0,0,-0.104,-38.162,0,"Kenomo",-0.032,-17.736,0,"-라후이-",-19.013,-40.698,0,"낑깡__",-11.144,-67.037,0,"Slaris",23.48,-50.301,0,"즉석카레",9.86,-64.222,0,"ぐだもん",45.947,-95.227,0,"아침땅_",4.899,-114.423,0,"ディシジョン",-45.605,-96.874,0,0,0,0,0,0,"",0,0,0,0,4242.955,,,,0,0
64,3,0,1,0,0,1,2,1,0,0,18,255,255,26,4265.914,"Ainy4／あいにゃ",R,27,85,138,-0.275,0.722,0.158,1.846,-0.194,1.954,-36.896,26.344,86,11,3,0,0,48.386,-113.942,-4.848,0,0,1,1,0,L,"-Alta-",190,84,0.479,0,133,W,Y,0,0,0,0,0,0,0,0,0,0,0,0,0,0,0,0,-0.036,-38.008,0,"Kenomo",-0.325,-17.834,0,"-라후이-",-19.388,-40.527,0,"낑깡__",-9.478,-68.014,0,"Slaris",23.378,-50.38,0,"즉석카레",10.961,-65.26,0,"ぐだもん",45.924,-95.521,0,"아침땅_",5.385,-113.946,0,"ディシジョン",-43.649,-95.516,0,0,0,0,0,0,"",0,0,0,0,4265.747,,,,0,0
65,3,0,1,0,0,2,2,1,0,0,18,255,255,27,4284.79,"Ainy4／あいにゃ",R,14,70,99,2.425,-0.285,0.274,1.937,0.532,2.063,-36.896,46.427,88,12,0,2,0,233.924,400,-11.339,0,0,1,1,0,L,"-Alta-",190,84,0.479,3,133,W,Y,4285.846,255,75,159,92,41,145,111,-30,-52.636,0.92,0,0.578,140.43,189.448,-23.746,0.005,-37.768,0,"Kenomo",0.307,-17.975,0,"-라후이-",-18.124,-43.377,0,"낑깡__",-7.751,-67.956,0,"Slaris",23.188,-50.457,0,"즉석카레",11.935,-64.238,0,"ぐだもん",45.98,-95.417,0,"아침땅_",8.455,-116.357,0,"ディシジョン",-45.053,-100.008,0,4284.573,2.016,-20.172,0,0,"",0,0,0,0,,4288.387,,,2,3
66,3,0,1,0,0,2,2,1,0,0,18,255,255,28,4304.25,"Ainy4／あいにゃ",R,14,81,106,1.398,-1.145,0.16,1.623,-0.125,1.371,-36.896,20.596,92,8,0,2,0,361.689,330.336,16.287,0,0,1,1,0,L,"-Alta-",190,84,0.479,3,62,W,Y,4305.165,255,214,124,167,85,145,130,7.657,-11.195,0.43,0,0.545,-146.929,-288.47,-85.151,0.04,-37.449,0,"Kenomo",0.056,-17.872,0,"-라후이-",-18.17,-42.585,0,"낑깡__",-9.772,-67.675,0,"Slaris",22.804,-49.746,0,"즉석카레",14.335,-66.157,0,"ぐだもん",49.589,-97.428,0,"아침땅_",10.868,-115.485,0,"ディシジョン",-44.513,-99.758,0,0,0,0,4305.705,5,"즉석카레",10.249,-65.541,0,0,,,,,34,1
67,4,1,1,0,0,0,0,0,0,0,255,255,255,36,4356.434,"-Alta-",L,26,84,136,2.132,-0.927,-0.14,1.517,0.962,0.889,-36.536,13.616,46,54,0,1,0,-20.549,-154.923,-4.747,0,0,0,6,1,R,"Kenomo",190,80,0.449,0,132,W,Y,0,0,0,0,0,0,0,0,0,0,0,0,0,0,0,0,0.31,-38.054,0,"HalF_HearteD",0.071,-16.838,0,"Pring__",-21.212,-47.108,0,"Rite_",-15.487,-62.31,0,"magimari",17.024,-46.008,0,"alcohol500",9.779,-64.761,0,"ame_3",47.44,-104.01,0,"紅さかな",1.113,-120.704,0,"Pizzallaris",-44.954,-102.444,0,0,0,0,0,0,"",0,0,0,0,4356.455,,,,0,0
68,4,1,1,0,1,0,0,0,0,0,255,255,255,37,4372.233,"-Alta-",L,27,87,140,1.717,-1.031,-0.17,1.505,0.821,0.849,-36.536,13.447,40,60,0,1,0,-49.897,-130.499,-2.426,0,0,0,6,1,R,"Kenomo",190,80,0.449,0,132,W,Y,0,0,0,0,0,0,0,0,0,0,0,0,0,0,0,0,0.039,-36.924,0,"HalF_HearteD",0.053,-16.821,0,"Pring__",-21.192,-47.105,0,"Rite_",-15.54,-62.497,0,"magimari",16.838,-45.773,0,"alcohol500",10.25,-65.042,0,"ame_3",47.43,-104.069,0,"紅さかな",1.371,-121.106,0,"Pizzallaris",-44.678,-102.541,0,0,0,0,0,0,"",0,0,0,0,4372.289,,,,0,0
69,4,1,1,0,2,0,0,0,0,0,255,255,255,38,4389.119,"-Alta-",L,26,79,129,1.252,-0.617,-0.228,1.622,0.551,1.227,-36.536,20.159,46,54,0,2,0,29.582,-200,-10.21,0,0,1,6,1,R,"Kenomo",190,80,0.449,3,132,W,Y,4390.226,255,79,82,76,17,145,104,33.988,0.495,-0.17,0,0.355,-116.437,379.59,3.714,0.572,-37.266,0,"HalF_HearteD",0.094,-16.883,0,"Pring__",-21.054,-46.637,0,"Rite_",-15.207,-62.229,58,"magimari",17.041,-45.786,0,"alcohol500",9.805,-64.608,0,"ame_3",47.395,-104.011,0,"紅さかな",1.158,-120.908,102,"Pizzallaris",-44.63,-102.549,0,4393.712,-8.199,-103.341,4393.976,7,"紅さかな",-7.944,-102.026,0,0,,,,,162,1
70,4,1,1,0,0,0,1,0,0,0,255,255,255,39,4417.983,"-Alta-",L,27,83,135,1.107,0.42,-0.235,1.767,0.519,1.701,-36.536,16.504,53,47,0,2,0,-20.338,-144.43,-8.27,0,0,1,7,3,R,"낑깡__",175.3,80,0.402,3,132,W,Y,4418.912,255,130,160,106,53,145,113,2.243,8.81,0.09,0.143,0.444,187.356,67.959,7.374,0.127,-37.088,0,"HalF_HearteD",0.066,-16.904,0,"Pring__",-20.443,-46.009,0,"Rite_",-14.159,-61.998,0,"magimari",16.984,-46.507,0,"alcohol500",8.576,-62.565,85,"ame_3",44.06,-100.636,0,"紅さかな",0.57,-120.621,110,"Pizzallaris",-41.412,-94.8,0,4418.622,-4.827,-51.089,4422.42,7,"紅さかな",-15.625,-109.656,1,0,,,,,290,2
71,4,1,1,0,0,0,1,1,0,0,3,255,255,40,4451.898,"-Alta-",L,28,76,127,0.128,1.347,-0.251,1.816,0.445,1.887,-36.536,22.474,60,40,0,2,0,3.43,-86.719,-4.137,0,0,1,8,7,R,"아침땅_",165.3,94.757,0.5,3,131,W,Y,4452.907,118,63,112,69,41,137,93,26.277,25.529,0.01,0.048,0.284,260.042,487.623,229.126,0.407,-36.786,0,"HalF_HearteD",0.107,-16.845,0,"Pring__",-18.043,-43.018,0,"Rite_",-14.117,-60.696,0,"magimari",16.375,-45.434,0,"alcohol500",5.005,-62.741,72,"ame_3",40.74,-99.296,0,"紅さかな",-1.8,-114.652,0,"Pizzallaris",-43.03,-100.508,107,0,0,0,4456.372,8,"Pizzallaris",-41.125,-84.943,0,0,,,,,259,1
72,4,1,1,0,0,0,2,1,0,0,3,255,255,41,4480.255,"-Alta-",L,26,85,137,0.488,1.529,-0.279,1.98,0.316,2.388,-36.536,30.763,90,10,0,1,0,-68.647,-200,-8.307,0,0,0,0,2,R,"-라후이-",190,87.311,0.496,0,131,W,Y,0,0,0,0,0,0,0,0,0,0,0,0,0,0,0,0,0.155,-37.182,0,"HalF_HearteD",-0.463,-17.841,0,"Pring__",-20.088,-41.852,0,"Rite_",-16.252,-61.469,0,"magimari",16.695,-45.23,0,"alcohol500",5.337,-61.719,0,"ame_3",43.946,-101.726,0,"紅さかな",-6.564,-121.041,0,"Pizzallaris",-46.315,-102.768,0,0,0,0,0,0,"",0,0,0,0,4480.003,,,,0,0
73,4,1,1,0,0,1,2,1,0,0,3,255,255,42,4509.081,"-Alta-",L,13,81,118,1.104,-0.041,-0.417,1.933,-0.101,1.991,-36.536,42.085,93,7,0,0,0,354.005,353.102,4.897,0.723,-14.299,0,0,2,R,"-라후이-",190,87.311,0.496,0,131,W,Y,0,0,0,0,0,0,0,0,0,0,0,0,0,0,0,0,0.318,-37.255,0,"HalF_HearteD",0.264,-17.173,0,"Pring__",-20.062,-41.506,0,"Rite_",-15.258,-61.903,0,"magimari",17.436,-46.091,0,"alcohol500",3.87,-60.996,0,"ame_3",43.815,-101.733,0,"紅さかな",-6.465,-120.767,0,"Pizzallaris",-45.509,-103.215,0,0,0,0,0,0,"",0,0,0,0,4512.066,,,,0,0
74,4,1,1,0,0,2,2,1,0,0,3,255,255,43,4527.954,"-Alta-",L,26,82,133,0.953,0.867,-0.25,1.85,0.449,1.967,-36.536,27.266,41,59,0,2,0,-17.615,-200,4.81,0,0,0,0,2,R,"-라후이-",190,87.311,0.496,3,131,W,Y,4528.748,165,92,72,49,35,138,117,26.564,2.116,0.2,0,0.225,159.026,271.572,-63.057,0.294,-36.774,0,"HalF_HearteD",0.101,-16.95,0,"Pring__",-18.235,-42.69,0,"Rite_",-14.983,-61.651,0,"magimari",16.874,-45.981,0,"alcohol500",4.882,-61.814,0,"ame_3",43.841,-101.665,0,"紅さかな",-6.711,-122.491,0,"Pizzallaris",-45.136,-103.428,0,0,0,0,4532.552,7,"紅さかな",-8.978,-117.714,0,0,,4532.143,,,34,1
75,4,0,1,0,0,0,0,0,0,0,255,255,255,29,4606.673,"Ainy4／あいにゃ",R,29,85,138,-0.59,-0.211,0.218,1.642,0.085,1.294,-36.896,24.713,54,46,0,2,0,-243.069,-200,20.204,0,0,1,2,2,L,"Pring__",190,93.089,0.485,3,82,W,Y,4607.551,218,163,98,104,39,145,108,94.257,83.901,0.04,0,0.504,95.363,-124.773,38.365,0.18,-37.631,0,"Kenomo",-0.123,-17.963,0,"-라후이-",-19.414,-45.208,0,"낑깡__",-10.097,-68.814,0,"Slaris",23.553,-51.2,0,"즉석카레",15.072,-66.069,0,"ぐだもん",51.84,-99.216,0,"아침땅_",11.19,-115.112,0,"ディシジョン",-42.902,-99.349,0,0,0,0,0,0,"",0,0,0,0,,,,,2,3
76,4,0,1,0,0,1,0,0,0,0,255,255,255,30,4626.298,"Ainy4／あいにゃ",R,29,88,140,1.994,-1.067,0.146,1.63,-0.253,1.254,-36.896,14.984,62,38,0,2,0,-250,-200,20.661,0,0,1,2,2,L,"Pring__",190,93.089,0.485,3,82,W,Y,4627.136,248,137,101,102,47,145,96,48.047,44.894,-0.53,0,0.48,222.966,381.297,-84.816,0.118,-37.549,0,"Kenomo",-0.044,-17.892,0,"-라후이-",-18.288,-48.228,0,"낑깡__",-9.555,-68.938,0,"Slaris",23.631,-50.342,0,"즉석카레",15.439,-65.715,0,"ぐだもん",48.756,-94.13,0,"아침땅_",12.842,-114.851,0,"ディシジョン",-42.397,-101.118,0,4631.149,-59.222,-68.569,0,0,"",0,0,0,0,,,,,2,3
77,4,0,1,0,0,2,0,0,0,0,255,255,255,31,4650.562,"Ainy4／あいにゃ",R,14,87,111,2.078,-1.315,0.251,1.552,0.157,1.219,-36.896,16.684,63,37,0,2,0,386.668,316.998,26.246,0,0,1,2,2,L,"Pring__",190,93.089,0.485,3,82,W,Y,4651.558,255,133,59,92,100,138,118,-30,-48.862,0.16,0,0.7,212.821,254.807,-48.407,0.192,-37.886,0,"Kenomo",0.206,-17.927,0,"-라후이-",-18.798,-44.705,0,"낑깡__",-9.83,-69.626,0,"Slaris",23.539,-49.773,0,"즉석카레",14.224,-66.764,0,"ぐだもん",47.787,-96.746,0,"아침땅_",13.134,-115.693,0,"ディシジョン",-47.032,-97.79,0,4650.302,1.39,-21.705,0,0,"",0,0,0,0,,,,,2,0
78,4,0,1,0,0,2,0,0,0,0,255,255,255,32,4673.061,"Ainy4／あいにゃ",R,27,80,131,-0.546,0.501,0.19,1.87,-0.046,2.032,-36.896,27.722,88,9,3,2,0,35.595,-106.999,0.237,0,0,1,2,2,L,"Pring__",190,93.089,0.485,3,82,W,Y,4673.949,255,123,146,110,63,145,121,30.774,-31.904,0.76,0,0.284,243.577,-5.53,-13.009,0.038,-37.569,0,"Kenomo",-0.247,-17.778,0,"-라후이-",-20.693,-47.071,0,"낑깡__",-10.274,-68.824,0,"Slaris",24.331,-49.855,92,"즉석카레",13.298,-67.602,0,"ぐだもん",46.338,-94.837,87,"아침땅_",9.545,-115.779,0,"ディシジョン",-44.339,-95.785,0,4677.837,57.316,-110.249,4682.018,6,"ぐだもん",53.175,-108.527,1,0,,4684.521,,,22,2
79,4,0,1,0,0,0,0,0,1,0,255,12,255,33,4710.112,"Ainy4／あいにゃ",R,14,75,102,1.658,-0.192,0.189,1.905,-0.033,1.981,-36.896,34.122,85,15,0,4,0,353.717,323.248,7.637,0,0,1,3,1,R,"HalF_HearteD",190,82,0.446,0,129,W,Y,0,0,0,0,0,0,0,0,0,0,0,0,0,0,0,0,-0.156,-38.3,0,"Kenomo",0.142,-17.707,0,"-라후이-",-20.529,-43.431,0,"낑깡__",-8.944,-61.961,0,"Slaris",21.761,-46.095,0,"즉석카레",7.482,-67.516,0,"ぐだもん",41.261,-94.421,0,"아침땅_",-8.784,-114.38,0,"ディシジョン",-50.543,-93.318,0,0,0,0,0,0,"",0,0,0,0,4710.337,4713.047,,,0,0
80,4,0,1,0,0,1,0,0,1,0,255,12,255,34,4729.867,"Ainy4／あいにゃ",R,3,80,106,-2.292,-0.497,0.167,1.595,-0.102,1.312,-36.896,24.982,51,49,0,4,0,-443.691,0,-23.63,0,0,1,3,1,R,"HalF_HearteD",190,82,0.446,0,129,W,Y,0,0,0,0,0,0,0,0,0,0,0,0,0,0,0,0,-0.122,-38.325,0,"Kenomo",-0.659,-17.844,0,"-라후이-",-21.042,-44.337,0,"낑깡__",-10.854,-60.774,0,"Slaris",22.332,-46.533,0,"즉석카레",7.752,-67.498,0,"ぐだもん",41.759,-94.429,0,"아침땅_",-13.282,-114.098,0,"ディシジョン",-51.46,-94.141,0,0,0,0,0,0,"",0,0,0,0,4730.011,4732.329,,,0,0
81,4,0,1,0,0,2,0,0,1,0,255,12,255,35,4750.213,"Ainy4／あいにゃ",R,3,81,109,-2.015,-0.815,0.165,1.502,-0.108,1.111,-36.896,23.647,51,49,0,4,0,-395.945,0,-24.431,0,0,1,3,1,R,"HalF_HearteD",190,82,0.446,0,129,W,Y,0,0,0,0,0,0,0,0,0,0,0,0,0,0,0,0,-0.164,-38.183,0,"Kenomo",-0.654,-18.165,0,"-라후이-",-21.244,-43.765,0,"낑깡__",-10.791,-60.806,0,"Slaris",21.535,-44.968,0,"즉석카레",6.281,-68.625,0,"ぐだもん",42.119,-93.741,0,"아침땅_",-14.186,-113.344,0,"ディシジョン",-51.98,-94.162,0,0,0,0,0,0,"",0,0,0,0,4750.337,4752.889,,,0,0
82,4,0,1,0,0,0,1,0,1,0,255,12,255,36,4774.175,"Ainy4／あいにゃ",R,32,84,137,0.084,-0.33,0.142,1.646,-0.269,1.305,-36.896,28.432,47,53,0,0,0,214.412,-101.375,-26.973,0,0,0,4,4,R,"magimari",190,84.655,0.353,0,129,W,Y,0,0,0,0,0,0,0,0,0,0,0,0,0,0,0,0,-0.043,-38.179,0,"Kenomo",-0.188,-18.172,0,"-라후이-",-20.297,-44.318,0,"낑깡__",-10.795,-60.855,0,"Slaris",21.551,-46.739,0,"즉석카레",6.239,-67.729,0,"ぐだもん",42.315,-93.808,0,"아침땅_",-8.792,-110.171,0,"ディシジョン",-51.824,-90.664,0,0,0,0,0,0,"",0,0,0,0,4774.115,4776.851,,,0,0
83,4,0,1,0,0,1,1,0,1,0,255,12,255,37,4793.466,"Ainy4／あいにゃ",R,29,83,135,-2.665,1.491,0.131,1.622,-0.321,1.228,-36.896,25.525,61,39,0,2,0,-250,-200,18.409,0,0,0,4,4,R,"magimari",190,84.655,0.353,3,129,W,Y,4794.519,203,128,102,60,45,145,114,26.678,-13.631,0.82,0,0.465,111.121,495.318,-268.195,0.011,-37.815,0,"Kenomo",-0.372,-17.88,0,"-라후이-",-23.444,-48.952,0,"낑깡__",-10.832,-60.712,0,"Slaris",20.777,-47.972,0,"즉석카레",13.546,-67.14,68,"ぐだもん",40.503,-98.319,0,"아침땅_",-11.099,-111.018,102,"ディシジョン",-51.846,-90.948,0,4797.955,12.93,-117.766,4801.087,7,"아침땅_",13.58,-131.123,1,0,,4805.149,4800.163,4805.039,290,2
84,4,0,1,1,0,0,1,0,1,0,255,14,255,38,4827.135,"Ainy4／あいにゃ",R,3,73,101,-1.848,-0.595,0.258,1.598,0.179,1.284,-36.896,35.125,59,41,0,4,0,-452.457,0,-25.109,0,0,1,5,7,R,"紅さかな",172.5,86,0.402,0,128,W,Y,0,0,0,0,0,0,0,0,0,0,0,0,0,0,0,0,-0.126,-38.202,0,"Kenomo",-0.446,-17.629,0,"-라후이-",-19.203,-44.846,0,"낑깡__",-10.233,-60.843,0,"Slaris",21.826,-46.516,0,"즉석카레",6.507,-64.877,0,"ぐだもん",41.308,-93.103,0,"아침땅_",-11.653,-106.853,0,"ディシジョン",-48.211,-92.577,0,0,0,0,0,0,"",0,0,0,0,4827.337,4829.346,,,0,0
85,4,0,1,1,0,1,1,0,1,0,255,14,255,39,4846.668,"Ainy4／あいにゃ",R,32,80,130,2.529,0.957,0.359,1.868,0.74,2.061,-36.896,37.632,87,13,0,2,0,227.879,-72.694,-20.914,0,0,1,5,7,R,"紅さかな",172.5,86,0.402,3,128,W,Y,4847.782,203,52,85,43,23,143,83,63.9,-46.449,-0.8,0,0.231,505.484,-187.161,-262.745,0.057,-37.588,0,"Kenomo",0.212,-17.652,0,"-라후이-",-19.172,-45.516,0,"낑깡__",-10.21,-60.895,0,"Slaris",20.145,-47.606,85,"즉석카레",10.932,-65.763,0,"ぐだもん",41.615,-92.412,0,"아침땅_",-10.28,-110.725,0,"ディシジョン",-47.153,-89.492,0,0,0,0,4852.066,4,"Slaris",39.4,-48.05,0,0,,4851.341,,,6,1
86,4,0,1,1,0,0,2,0,1,0,255,14,255,40,4877.727,"Ainy4／あいにゃ",R,26,85,137,-0.229,-1.9,0.223,1.368,0.106,0.301,-36.896,25.636,54,46,0,1,0,-147.929,-200,14.01,0,0,0,6,6,L,"ame_3",175.3,80,0.21,0,128,W,Y,0,0,0,0,0,0,0,0,0,0,0,0,0,0,0,0,-0.014,-38.088,0,"Kenomo",-0.101,-17.984,0,"-라후이-",-19.974,-44.729,0,"낑깡__",-5.52,-68.189,0,"Slaris",21.66,-46.479,0,"즉석카레",13.456,-64.155,0,"ぐだもん",42.37,-90.82,0,"아침땅_",8.033,-108.145,0,"ディシジョン",-42.784,-94.595,0,0,0,0,0,0,"",0,0,0,0,4877.427,4880.352,,,0,0
87,4,0,1,1,1,0,2,0,1,0,255,14,255,41,4895.149,"Ainy4／あいにゃ",R,14,74,101,1.732,-0.299,0.194,1.882,-0.018,1.955,-36.896,34.156,92,8,0,2,0,357.242,314.039,3.425,0,0,1,6,6,L,"ame_3",175.3,80,0.21,3,128,W,Y,4896.18,255,160,118,154,56,145,82,27.901,-62.115,1,0,0.505,165.461,429.883,7.383,0.085,-37.794,0,"Kenomo",0.085,-17.866,0,"-라후이-",-19.704,-45.625,0,"낑깡__",-6.547,-69.723,0,"Slaris",20.588,-47.964,0,"즉석카레",13.811,-63.8,0,"ぐだもん",42.076,-90.781,0,"아침땅_",5.758,-108.242,0,"ディシジョン",-42.704,-95.078,0,4897.399,41.706,-45.848,0,0,"",0,0,0,0,,4903.332,,,2,3
88,4,0,1,1,1,1,2,0,1,0,255,14,255,42,4916.725,"Ainy4／あいにゃ",R,14,71,99,2.439,-0.616,0.29,1.81,0.28,1.785,-36.896,36.527,86,14,0,4,0,351.391,312.348,3.096,0,0,1,6,6,L,"ame_3",175.3,80,0.21,0,39,W,Y,0,0,0,0,0,0,0,0,0,0,0,0,0,0,0,0,-0.064,-38.202,0,"Kenomo",0.223,-18.31,0,"-라후이-",-20.362,-43.376,0,"낑깡__",-5.847,-69.963,0,"Slaris",21.655,-45.714,0,"즉석카레",14.731,-64.813,0,"ぐだもん",42.445,-87.866,0,"아침땅_",7.378,-107.803,0,"ディシジョン",-42.489,-95.332,0,0,0,0,0,0,"",0,0,0,0,4916.677,4923.674,,,0,0
89,4,0,1,1,1,2,2,0,1,0,255,14,255,43,4936.677,"Ainy4／あいにゃ",R,14,78,104,2.223,-1.005,0.264,1.699,0.198,1.525,-36.896,33.114,90,10,0,2,0,369.138,312.348,2.824,0,0,1,6,6,L,"ame_3",175.3,80,0.21,3,39,W,Y,4937.741,255,110,103,86,54,145,33,-21.877,-39.962,0.6,0,0.643,393.231,395.81,-81.053,0.021,-37.593,119,"Kenomo",0.289,-18.122,0,"-라후이-",-19,-43.481,86,"낑깡__",-6.756,-68.482,0,"Slaris",21.693,-47.405,0,"즉석카레",15.006,-63.353,0,"ぐだもん",42.154,-88.589,0,"아침땅_",6.327,-107.951,0,"ディシジョン",-42.435,-95.219,0,4936.414,1.426,-21.656,4939.636,0,"Ainy4／あいにゃ",11.855,-33.331,0,0,,,4942.658,,3,2
90,5,1,1,1,0,0,0,0,0,0,255,255,255,44,5189.662,"-Alta-",L,26,85,138,-0.625,1.14,-0.393,1.906,-0.213,2.151,-36.536,25.665,55,45,0,2,0,-34.549,-192.289,-8.765,0,0,1,1,0,L,"Ainy4／あいにゃ",189.4,85,0.512,3,126,W,Y,5190.767,255,120,117,103,50,145,129,7.468,-23.52,0.3,0,0.727,-20.509,423.86,424.173,0.227,-36.712,0,"HalF_HearteD",-0.245,-16.992,0,"Pring__",-21.925,-47.788,0,"Rite_",-11.651,-63.693,72,"magimari",17.291,-45.591,0,"Pugeuk",13.434,-61.104,103,"alcohol500",47.09,-102.549,107,"紅さかな",1.967,-117.923,0,"Pizzallaris",-44.854,-103.57,0,5191.643,25.158,-89.186,5195.545,6,"alcohol500",30.308,-124.297,1,0,,5200.908,,,450,2
91,5,1,1,1,0,0,0,0,1,0,255,0,255,45,5225.155,"-Alta-",L,10,73,115,-0.406,0.874,-0.382,2.057,-0.165,2.638,-36.536,43.743,91,9,0,0,0,0,400,-2.926,0,0,0,2,4,R,"Slaris",190,85.704,0.452,0,126,W,Y,0,0,0,0,0,0,0,0,0,0,0,0,0,0,0,0,0.34,-37.638,0,"HalF_HearteD",0.044,-16.632,0,"Pring__",-21.738,-47.062,0,"Rite_",-14.221,-61.894,0,"magimari",16.843,-43.99,0,"Pugeuk",6.266,-62.464,0,"alcohol500",41.385,-103.829,0,"紅さかな",-1.157,-120.117,0,"Pizzallaris",-43.9,-102.736,0,0,0,0,0,0,"",0,0,0,0,5224.914,5227.583,,,0,0
92,5,1,1,1,0,1,0,0,1,0,255,0,255,46,5243.395,"-Alta-",L,13,87,110,1.818,-1.046,-0.278,1.663,0.215,1.458,-36.536,27.594,54,46,0,1,0,318.374,385.536,0.862,0.601,-16.954,0,2,4,R,"Slaris",190,85.704,0.452,0,126,W,Y,0,0,0,0,0,0,0,0,0,0,0,0,0,0,0,0,0.283,-37.328,0,"HalF_HearteD",-0.018,-16.717,0,"Pring__",-20.429,-44.004,0,"Rite_",-14.258,-61.788,0,"magimari",16.784,-44.491,0,"Pugeuk",6.442,-63.127,0,"alcohol500",43.803,-106.891,0,"紅さかな",-2.303,-120.641,0,"Pizzallaris",-43.903,-102.738,0,0,0,0,0,0,"",0,0,0,0,5243.164,5246.055,,,0,0
93,5,1,1,1,0,2,0,0,1,0,255,0,255,47,5261.494,"-Alta-",L,14,77,103,-1.967,-1.321,-0.378,1.569,-0.23,1.327,-36.536,28.911,59,41,0,1,0,-307.856,376.703,-7.747,0,0,0,2,4,R,"Slaris",190,85.704,0.452,0,126,W,Y,0,0,0,0,0,0,0,0,0,0,0,0,0,0,0,0,0.382,-37.835,0,"HalF_HearteD",0.001,-16.78,0,"Pring__",-21.289,-45.126,0,"Rite_",-14.559,-62.443,0,"magimari",16.871,-45.066,0,"Pugeuk",6.45,-62.783,0,"alcohol500",43.148,-106.054,0,"紅さかな",-1.614,-121.109,0,"Pizzallaris",-44.113,-102.695,0,0,0,0,0,0,"",0,0,0,0,5261.344,5264.373,,,0,0
94,5,1,1,1,1,2,0,0,1,0,255,0,255,48,5278.051,"-Alta-",L,13,72,100,2.603,-0.59,-0.277,1.923,0.481,1.778,-36.536,36.164,92,8,0,2,0,316.044,359.362,6.347,0,0,0,2,4,R,"Slaris",190,85.704,0.452,3,126,W,Y,5279.038,118,100,54,45,51,132,121,-30,-25.547,0.24,0,0.197,-231.73,-279.419,-230.01,0.529,-37.673,0,"HalF_HearteD",0.041,-16.931,0,"Pring__",-20.855,-45.991,0,"Rite_",-14.501,-62.828,0,"magimari",16.563,-45.774,83,"Pugeuk",8.354,-63.545,0,"alcohol500",45.294,-102.681,0,"紅さかな",-1.871,-119.828,0,"Pizzallaris",-44.136,-102.714,0,5277.511,1.111,-22.325,5281.219,6,"alcohol500",33.622,-89.581,1,0,,5281.755,,,274,2
95,5,1,1,1,0,0,0,1,1,0,4,0,255,49,5312.21,"-Alta-",L,26,89,140,0.449,0.516,-0.298,1.791,0.227,1.776,-36.536,26.351,51,49,0,2,0,-16.477,-178.653,0.8,0,0,1,3,8,R,"ディシジョン",190,92.496,0.622,3,125,W,Y,5313.233,250,68,189,50,24,145,102,34.137,7.416,0.93,0.143,0.391,524.56,236.409,-103.655,-0.272,-36.714,0,"HalF_HearteD",0.01,-16.916,0,"Pring__",-17.57,-42.573,0,"Rite_",-14.786,-62.565,0,"magimari",16.887,-45.393,0,"Pugeuk",7.24,-61.855,79,"alcohol500",40.572,-104.247,0,"紅さかな",-0.219,-117.894,0,"Pizzallaris",-43.467,-102.984,0,5317.337,-15.234,-103.68,5317.434,7,"紅さかな",-14.733,-101.526,0,0,,5321.099,,,98,1
96,5,1,1,1,0,0,1,1,1,0,4,0,255,50,5343.658,"-Alta-",L,26,92,140,-1.426,0.105,-0.441,1.708,-0.439,1.496,-36.536,30.258,50,50,0,2,0,-50.046,-156.651,-2.156,0,0,1,4,6,L,"ぐだもん",175.2,80,0.528,3,125,W,Y,5344.71,255,41,73,86,29,145,85,-12.854,-39.474,-0.81,0,0.186,-55.213,-434.251,-8.377,0.177,-37.205,0,"HalF_HearteD",-0.125,-16.78,0,"Pring__",-17.477,-42.816,0,"Rite_",-9.88,-64.29,0,"magimari",17.633,-45.099,114,"Pugeuk",13.132,-60.229,0,"alcohol500",44.566,-96.216,0,"紅さかな",1.566,-116.785,0,"Pizzallaris",-41.954,-98.899,0,5343.393,2.721,-23.272,5344.893,4,"magimari",17.558,-41.025,0,0,,5347.158,,,22,2
97,5,0,1,1,0,0,0,0,0,0,255,255,255,44,5399.862,"Ainy4／あいにゃ",R,3,71,100,1.373,0.046,0.623,1.865,1.463,1.635,-36.896,67.089,89,11,0,0,0,-406.622,0,-1.772,0,0,0,7,3,R,"Rite_",165,80,0.455,0,52,W,Y,0,0,0,0,0,0,0,0,0,0,0,0,0,0,0,0,-0.036,-38.147,0,"Kenomo",0.032,-17.976,0,"-라후이-",-19.951,-45.762,0,"낑깡__",-13.979,-66.926,0,"Slaris",19.328,-48.52,0,"즉석카레",12.13,-64.713,0,"ぐだもん",40.492,-95.55,0,"아침땅_",-6.107,-101.655,0,"ディシジョン",-44.828,-88.048,0,0,0,0,0,0,"",0,0,0,0,5399.622,,,,0,0
98,5,0,1,1,0,1,0,0,0,0,255,255,255,45,5416.209,"Ainy4／あいにゃ",R,3,80,106,-2.05,-0.367,0.215,1.656,0.048,1.412,-36.896,24.456,48,52,0,2,0,-470.18,0,-19.239,0,0,1,7,3,R,"Rite_",165,80,0.455,3,52,W,Y,5417.324,255,164,72,33,81,137,122,27.134,40.777,0.38,0,0.715,69.216,-496.243,-190.193,0.069,-37.553,0,"Kenomo",-0.479,-17.771,0,"-라후이-",-19.757,-45.522,0,"낑깡__",-13.673,-66.856,78,"Slaris",19.127,-48.573,0,"즉석카레",12.246,-64.613,0,"ぐだもん",43.043,-96.289,0,"아침땅_",-7.625,-101.425,0,"ディシジョン",-44.982,-88.065,0,5420.524,-60.477,-109.654,5422.031,8,"ディシジョン",-53.094,-107.825,1,0,,5426.603,,,138,2
99,5,0,1,1,0,0,0,0,1,0,255,13,255,46,5454.464,"Ainy4／あいにゃ",R,27,88,140,1.016,-0.059,0.28,1.699,0.37,1.457,-36.896,26.562,90,10,0,0,0,45.726,-104.026,1.639,0,0,0,8,6,L,"alcohol500",169.9,82.32,0.398,0,124,W,Y,0,0,0,0,0,0,0,0,0,0,0,0,0,0,0,0,-0.043,-38.126,0,"Kenomo",-0.072,-17.902,0,"-라후이-",-19.606,-44.641,0,"낑깡__",-5.524,-63.513,0,"Slaris",20.949,-46.144,0,"즉석카레",14.246,-63.251,0,"ぐだもん",39.725,-90.8,0,"아침땅_",8.609,-103.68,0,"ディシジョン",-41.059,-93.308,0,0,0,0,0,0,"",0,0,0,0,5453.893,5456.432,,,0,0
100,5,0,1,1,0,1,0,0,1,0,255,13,255,47,5474.939,"Ainy4／あいにゃ",R,26,81,131,1.82,-0.183,0.28,1.72,1.079,1.273,-36.896,39.928,96,4,0,4,0,-192.875,-200,-3.803,0,0,1,8,6,L,"alcohol500",169.9,82.32,0.398,0,124,W,Y,0,0,0,0,0,0,0,0,0,0,0,0,0,0,0,0,-0.08,-38.189,0,"Kenomo",0.038,-17.877,0,"-라후이-",-19.147,-44.488,0,"낑깡__",-4.506,-65.359,0,"Slaris",20.819,-45.533,0,"즉석카레",14.15,-63.711,0,"ぐだもん",39.444,-96.744,0,"아침땅_",6.365,-104.818,0,"ディシジョン",-41.035,-93.289,0,0,0,0,0,0,"",0,0,0,0,5474.427,5477.153,,,0,0
101,5,0,1,1,0,2,0,0,1,0,255,13,255,48,5494.176,"Ainy4／あいにゃ",R,26,81,132,-0.497,0.696,0.086,1.791,0.027,1.799,-36.896,33.297,91,9,0,2,0,-162.844,-173.019,6.689,0,0,1,8,6,L,"alcohol500",169.9,82.32,0.398,3,44,W,Y,5495.085,146,16,92,37,18,140,82,15.515,-32.564,-0.74,0,0.167,220.483,-421.549,236.91,-0.049,-37.569,0,"Kenomo",-0.345,-17.748,0,"-라후이-",-19.64,-44.526,0,"낑깡__",-6.126,-66.056,0,"Slaris",20.824,-46.102,86,"즉석카레",14.067,-63.484,0,"ぐだもん",39.328,-96.628,0,"아침땅_",4.117,-105.038,0,"ディシジョン",-40.57,-93.157,0,0,0,0,5495.677,4,"Slaris",20.958,-49.357,0,0,,5498.379,,,6,1
102,5,0,1,1,0,0,1,0,1,0,255,13,255,49,5518.426,"Ainy4／あいにゃ",R,28,87,140,-0.988,-1.455,0.093,1.477,-0.5,0.679,-36.896,9.184,51,49,0,1,0,47.009,-83.489,-4.589,0,0,0,0,8,R,"Pizzallaris",174.6,88,0.383,0,124,W,Y,0,0,0,0,0,0,0,0,0,0,0,0,0,0,0,0,0.013,-38.116,0,"Kenomo",-0.126,-17.701,0,"-라후이-",-19.88,-45.449,0,"낑깡__",-10.611,-60.416,0,"Slaris",20.579,-46.004,0,"즉석카레",6.55,-64.788,0,"ぐだもん",40.608,-95.466,0,"아침땅_",-5.523,-104.101,0,"ディシジョン",-48.254,-91.561,0,0,0,0,0,0,"",0,0,0,0,5518.087,5520.355,,,0,0
103,5,0,1,1,1,0,1,0,1,0,255,13,255,50,5536.326,"Ainy4／あいにゃ",R,14,72,99,2.115,-0.667,0.25,1.806,0.155,1.777,-36.896,33.48,92,8,0,2,0,344.125,322.18,8.378,0,0,1,0,8,R,"Pizzallaris",174.6,88,0.383,3,124,W,Y,5537.603,255,60,158,139,70,145,125,-30,-13.065,0.71,0,0.16,69.273,-326.185,-472.734,0.125,-37.842,0,"Kenomo",0.118,-17.624,0,"-라후이-",-19.93,-46.151,0,"낑깡__",-10.6,-60.324,0,"Slaris",20.323,-47.38,0,"즉석카레",11.126,-64.851,93,"ぐだもん",40.451,-93.103,0,"아침땅_",-2.816,-104.702,0,"ディシジョン",-48.25,-91.595,0,5535.893,0.648,-20.807,5537.74,5,"즉석카레",9.465,-58.742,1,128,,,5542.629,,38,2
104,5,0,1,1,0,0,2,1,0,0,18,255,255,51,5563.398,"Ainy4／あいにゃ",R,29,71,123,-0.085,-0.561,0.267,1.807,0.296,1.038,-36.896,32.203,97,3,0,2,0,-205.715,-200,7.967,0,0,1,1,0,L,"-Alta-",190,84,0.479,3,123,W,Y,5564.317,255,122,149,91,36,145,103,8.804,-36.677,-0.18,0,0.497,97.586,-378.364,-120.531,0.1,-37.712,0,"Kenomo",-0.02,-18.109,0,"-라후이-",-19.295,-41.769,0,"낑깡__",-8.348,-66.02,0,"Slaris",23.225,-49.813,106,"즉석카레",13.304,-64.121,0,"ぐだもん",45.914,-96.542,0,"아침땅_",8.505,-115.091,0,"ディシジョン",-42.418,-99.881,0,0,0,0,5564.469,4,"Slaris",23.037,-48.435,0,0,,5566.997,,,6,1
105,6,1,1,1,0,0,0,0,0,0,255,255,255,51,5621.239,"-Alta-",L,26,83,135,0.579,0.991,-0.285,1.836,0.289,1.953,-36.536,23.706,56,44,0,2,0,-19.654,-196.967,-7.924,0,0,0,5,5,R,"즉석카레",170,90.311,0.397,3,123,W,Y,5622.281,186,30,82,34,8,138,94,-47.582,54.034,-0.03,0,0.181,-343.904,407.252,-195.67,-0.217,-36.852,0,"HalF_HearteD",0.021,-16.869,0,"Pring__",-20.327,-45.488,0,"Rite_",-15.017,-60.953,0,"magimari",16.538,-45.891,0,"Pugeuk",8.41,-62.505,0,"alcohol500",38.623,-99.308,0,"紅さかな",-0.138,-115.554,0,"Pizzallaris",-43.836,-100.43,0,5620.462,-1.388,-19.941,0,0,"",0,0,0,0,,,,,2,3
106,6,1,1,1,0,1,0,0,0,0,255,255,255,52,5639.411,"-Alta-",L,28,87,140,1.137,-0.652,-0.234,1.613,0.524,1.148,-36.536,20.779,37,63,0,2,0,-15.883,-85.206,-4.024,0,0,1,5,5,R,"즉석카레",170,90.311,0.397,3,123,W,Y,5640.461,154,75,105,79,21,145,84,58.083,52.308,-0.8,0,0.234,-147.757,-545.146,153.607,0.357,-37.187,0,"HalF_HearteD",0.01,-16.932,0,"Pring__",-20.586,-45.633,0,"Rite_",-15.188,-61.34,0,"magimari",16.114,-45.504,0,"Pugeuk",8.13,-62.1,81,"alcohol500",36.925,-100.538,0,"紅さかな",-4.258,-114.893,0,"Pizzallaris",-43.266,-99.399,103,5643.399,-41.077,-61.29,5645.934,8,"Pizzallaris",-49.628,-72.564,1,0,,,,,67,2
107,6,1,1,1,0,0,0,1,0,0,5,255,255,53,5669.959,"-Alta-",L,27,90,140,1.327,0.238,-0.235,1.751,0.521,1.647,-36.536,24.796,50,50,0,2,0,48.487,-125.793,-9.078,0,0,1,6,1,R,"Kenomo",190,80,0.449,3,123,W,Y,5671.005,80,14,55,24,0,96,70,-12.823,32.347,-0.14,0,0.229,358.372,103.816,-442.161,0.027,-37.021,0,"HalF_HearteD",-0.059,-16.837,0,"Pring__",-18.078,-43.757,96,"Rite_",-16.669,-60.666,0,"magimari",16.646,-45.558,0,"Pugeuk",8.346,-62.545,91,"alcohol500",38.124,-106.442,0,"紅さかな",-1.463,-119.353,0,"Pizzallaris",-45.612,-104.857,0,5669.247,-2.186,-23.364,5671.08,2,"Pring__",-12.049,-41.918,1,0,,5675.547,,,70,2
108,6,1,1,1,0,0,1,1,0,0,1,255,255,54,5696.994,"-Alta-",L,28,81,131,-83.459,-2.726,-0.141,1.514,0.958,0.815,-36.536,21.061,42,58,0,2,0,-0.213,-83.188,-6.324,0,0,1,7,3,R,"낑깡__",175.3,80,0.402,3,123,W,Y,5697.888,203,132,187,107,63,145,88,14.558,28.277,-0.65,0.143,0.272,-3.144,599.803,-15.041,0.48,-37.124,0,"HalF_HearteD",0.006,-16.879,0,"Pring__",-17.409,-42.367,0,"Rite_",-15.365,-58.874,0,"magimari",15.865,-46.279,0,"Pugeuk",8.396,-62.275,66,"alcohol500",39.062,-99.82,0,"紅さかな",0.217,-119.973,0,"Pizzallaris",-45.46,-100.445,0,0,0,0,5697.552,2,"Pring__",-14.004,-43.781,0,0,,,,,70,1
109,6,1,1,1,0,0,2,1,0,0,1,255,255,55,5728.09,"-Alta-",L,26,85,138,1.222,0.853,-0.225,1.807,0.568,1.855,-36.536,22.706,60,40,0,0,0,-20.664,-200,-8.027,0,0,0,8,7,R,"아침땅_",165.3,94.757,0.5,0,122,W,Y,0,0,0,0,0,0,0,0,0,0,0,0,0,0,0,0,-0.041,-37.41,0,"HalF_HearteD",-0.527,-17.849,0,"Pring__",-19.084,-40.365,0,"Rite_",-17.892,-60.882,0,"magimari",15.792,-45.964,0,"Pugeuk",8.904,-61.272,0,"alcohol500",37.562,-97.985,0,"紅さかな",-2.643,-115.603,0,"Pizzallaris",-42.964,-95.721,0,0,0,0,0,0,"",0,0,0,0,5727.393,,,,0,0
110,6,1,1,1,0,1,2,1,0,0,1,255,255,56,5746.728,"-Alta-",L,26,82,134,-1.034,1.931,-0.405,1.963,-0.273,2.436,-36.536,40.402,88,12,0,2,0,-116.568,-200,-2.927,0,0,1,8,7,R,"아침땅_",165.3,94.757,0.5,3,122,W,Y,5747.754,122,89,116,114,37,138,122,25.658,7.063,0.58,0.095,0.398,565.105,122.415,103.039,0.498,-37.425,0,"HalF_HearteD",-0.08,-16.863,0,"Pring__",-16.94,-42.568,0,"Rite_",-15.228,-59.998,78,"magimari",15.522,-46.202,0,"Pugeuk",8.315,-62.098,0,"alcohol500",41.425,-101.59,0,"紅さかな",-2.968,-115.813,94,"Pizzallaris",-42.194,-95.223,0,5751.295,-17.961,-130.968,5752.774,7,"紅さかな",-19.608,-130.761,1,0,,5752.281,5757.411,,162,2
111,6,1,1,1,0,0,2,0,1,1,255,7,1,57,5783.805,"-Alta-",L,10,81,121,1.019,-0.54,-0.25,1.773,0.451,1.717,-36.536,26.952,63,37,0,2,0,0,400,1.978,0,0,1,0,2,R,"-라후이-",190,87.311,0.496,3,122,W,Y,5784.667,134,122,118,96,51,141,130,3.47,30.575,0.67,0,0.23,23.468,21.444,12.47,0.33,-37.398,0,"HalF_HearteD",-0.016,-16.757,0,"Pring__",-20.829,-46.304,62,"Rite_",-15.318,-62.165,0,"magimari",17.264,-45.3,0,"Pugeuk",9.061,-60.663,0,"alcohol500",43.371,-102.528,0,"紅さかな",-0.678,-122.893,0,"Pizzallaris",-43.86,-101.498,0,5783.934,-19.292,-52.919,5785.927,8,"Pizzallaris",-40.443,-87.669,1,1,,,5789.355,5789.591,7,2
112,6,1,2,1,0,0,2,1,0,1,2,255,7,58,5814.691,"-Alta-",L,26,90,140,-0.923,0.443,-0.419,1.771,-0.333,1.712,-36.536,29.437,40,60,0,0,0,-41.371,-200,-4.452,0,0,0,1,0,L,"Ainy4／あいにゃ",189.4,85,0.512,0,122,W,Y,0,0,0,0,0,0,0,0,0,0,0,0,0,0,0,0,0.138,-36.835,0,"HalF_HearteD",0.046,-16.88,0,"Pring__",-19.613,-39.98,0,"Rite_",-11.101,-63.18,0,"magimari",18.826,-42.292,0,"Pugeuk",10.124,-61.506,0,"alcohol500",43.743,-102.773,0,"紅さかな",1.231,-120.322,0,"Pizzallaris",-46.248,-100.183,0,0,0,0,0,0,"",0,0,0,0,5814.149,,5817.09,,0,0
113,6,1,2,1,0,1,2,1,0,1,2,255,7,59,5834.308,"-Alta-",L,13,73,100,1.573,-0.583,-0.429,1.885,-0.006,1.751,-36.536,46.827,95,5,0,4,0,336.793,335.784,1.055,0,0,1,1,0,L,"Ainy4／あいにゃ",189.4,85,0.512,0,122,W,Y,0,0,0,0,0,0,0,0,0,0,0,0,0,0,0,0,0.408,-38.037,0,"HalF_HearteD",1.076,-18.02,0,"Pring__",-18.852,-39.883,0,"Rite_",-8.431,-63.693,0,"magimari",18.61,-42.438,0,"Pugeuk",9.525,-61.568,0,"alcohol500",44.881,-101.774,0,"紅さかな",5.95,-120.748,0,"Pizzallaris",-46.831,-100.372,0,0,0,0,0,0,"",0,0,0,0,5833.948,,5837.139,,0,0
114,6,1,2,1,0,2,2,1,0,1,2,255,7,60,5856.205,"-Alta-",L,13,73,100,2.172,-0.451,-0.283,1.815,0.199,1.787,-36.536,33.45,54,46,0,2,0,362.08,302.27,2.4,0,0,1,1,0,L,"Ainy4／あいにゃ",189.4,85,0.512,3,122,W,Y,5857.413,255,51,54,82,31,137,114,25.109,-25.681,0.79,0,0.621,-53.533,-309.48,-379.211,0.596,-37.223,0,"HalF_HearteD",0.118,-17.148,0,"Pring__",-18.179,-42.355,0,"Rite_",-10.228,-63.194,0,"magimari",17.232,-44.823,0,"Pugeuk",11.933,-62.091,0,"alcohol500",49.518,-98.58,100,"紅さかな",7.652,-121.381,0,"Pizzallaris",-46.836,-100.358,0,5859.92,49.978,-105.008,5860.156,6,"alcohol500",48.431,-102.697,0,0,,5862.717,,5861.887,258,1
115,6,0,2,1,0,0,0,0,0,0,255,255,255,52,5916.746,"Ainy4／あいにゃ",R,14,82,107,1.926,-0.634,0.217,1.761,0.053,1.671,-36.896,21.424,93,7,0,2,0,379.786,312.348,31.222,0,0,1,2,2,L,"Pring__",190,93.089,0.485,3,121,W,Y,5917.722,255,128,56,120,116,137,130,-18.563,-15.248,0.57,0,0.724,-5.016,71.012,85.543,0.144,-37.663,0,"Kenomo",0.218,-18.011,0,"-라후이-",-19.169,-45.036,87,"낑깡__",-9.397,-69.199,0,"Slaris",23.327,-50.261,0,"즉석카레",15.661,-64.465,103,"ぐだもん",49.411,-100.331,0,"아침땅_",8.501,-117.546,0,"ディシジョン",-41.442,-98.863,0,5915.719,1.152,-23.021,5917.531,5,"즉석카레",12.237,-59.984,0,0,,,,,35,2
116,6,0,2,1,0,0,1,0,0,0,255,255,255,53,5941.89,"Ainy4／あいにゃ",R,29,84,136,1.632,0.509,0.428,1.78,1.062,1.741,-36.896,30.854,91,9,0,2,0,-250,-200,14.277,0,0,1,3,1,R,"HalF_HearteD",190,82,0.446,3,121,W,Y,5943.014,191,138,97,108,54,145,130,32.055,-11.722,0.33,0,0.257,91.672,44.639,-34.141,0.278,-37.61,0,"Kenomo",0.138,-17.856,0,"-라후이-",-20.691,-46.294,0,"낑깡__",-13.71,-67.342,87,"Slaris",20.134,-49.021,0,"즉석카레",11.708,-69.295,0,"ぐだもん",48.962,-99.238,0,"아침땅_",-6.591,-112.009,0,"ディシジョン",-48.224,-93.999,0,5946.545,23.071,-133.063,5948.031,7,"아침땅_",18.446,-128.945,1,0,,5953.895,,,386,2
117,6,0,2,1,0,0,1,0,1,0,255,11,255,54,5977.484,"Ainy4／あいにゃ",R,14,77,115,0.34,-1.316,0.078,1.609,-0.566,1.185,-36.896,16.376,62,38,0,2,0,390.434,312.348,28.846,0,0,1,4,4,R,"magimari",190,84.655,0.353,3,121,W,Y,5978.597,255,168,92,111,65,145,121,-30,23.031,0.18,0,0.927,164.741,-222.164,-68.227,-0.034,-37.558,0,"Kenomo",-0.006,-18.04,0,"-라후이-",-18.859,-45.696,89,"낑깡__",-9.601,-60.449,0,"Slaris",20.826,-48.101,0,"즉석카레",10.812,-68.672,0,"ぐだもん",43.683,-98.92,0,"아침땅_",-2.324,-109.055,0,"ディシジョン",-50.04,-93.696,100,5976.476,-0.341,-21.789,5980.497,8,"ディシジョン",-32.112,-96.685,1,0,,,5983.716,,11,2
118,6,0,2,1,0,0,1,1,0,1,14,255,11,55,6008.563,"Ainy4／あいにゃ",R,3,80,107,-1.85,-0.647,0.213,1.582,0.041,1.247,-36.896,28.548,58,42,0,1,0,-421.334,0,-27.059,0,0,0,5,7,R,"紅さかな",172.5,86,0.402,0,121,W,Y,0,0,0,0,0,0,0,0,0,0,0,0,0,0,0,0,-0.1,-38.205,0,"Kenomo",-0.535,-17.92,0,"-라후이-",-19.216,-40.143,0,"낑깡__",-10.257,-60.487,0,"Slaris",21.026,-46.465,0,"즉석카레",10.094,-62.97,0,"ぐだもん",39.114,-96.34,0,"아침땅_",-11.004,-106.988,0,"ディシジョン",-46.794,-89.471,0,0,0,0,0,0,"",0,0,0,0,6007.969,,6011.214,,0,0
119,6,0,2,1,1,0,1,1,0,1,14,255,11,56,6027.539,"Ainy4／あいにゃ",R,3,76,102,-1.122,-0.3,0.356,1.668,0.484,1.449,-36.896,41.216,52,48,0,0,1,-463.636,0,-17.753,0,0,0,5,7,R,"紅さかな",172.5,86,0.402,0,121,W,Y,0,0,0,0,0,0,0,0,0,0,0,0,0,0,0,0,-0.192,-38.284,0,"Kenomo",-0.392,-17.99,0,"-라후이-",-18.784,-40.42,0,"낑깡__",-10.57,-59.333,0,"Slaris",20.936,-44.058,0,"즉석카레",7.855,-63.151,0,"ぐだもん",42.47,-95.229,0,"아침땅_",-12.888,-106.447,0,"ディシジョン",-47.411,-89.731,0,0,0,0,0,0,"",0,0,0,0,6026.927,,6030.316,,0,0
120,6,0,2,2,1,1,1,0,1,0,255,14,255,57,6308.776,"Ainy4／あいにゃ",R,29,82,133,0.616,-0.444,0.336,1.609,0.633,1.138,-36.896,27.953,51,49,0,0,0,-250,-200,20.245,0,0,1,5,7,R,"紅さかな",172.5,86,0.402,0,93,W,Y,0,0,0,0,0,0,0,0,0,0,0,0,0,0,0,0,-0.05,-38.267,0,"Kenomo",0.166,-17.823,0,"-라후이-",-18.701,-42.177,0,"낑깡__",-11.072,-60.705,0,"Slaris",20.655,-46.5,0,"즉석카레",6.602,-62.424,0,"ぐだもん",42.141,-96.932,0,"아침땅_",-6.377,-105.274,0,"ディシジョン",-48.494,-90.36,0,0,0,0,0,0,"",0,0,0,0,6308.101,6311.202,,,0,0
121,6,0,2,2,1,2,1,0,1,0,255,14,255,58,6328.824,"Ainy4／あいにゃ",R,28,87,140,0.619,-0.199,0.245,1.683,0.209,1.404,-36.896,13.83,43,57,0,2,0,37.804,-81.287,-1.95,0,0,1,5,7,R,"紅さかな",172.5,86,0.402,3,93,W,Y,6329.946,160,90,99,92,32,145,99,52.112,43.423,-0.07,0,0.267,421.033,377.484,-195.813,0.035,-37.716,0,"Kenomo",0.087,-17.747,0,"-라후이-",-19.292,-42.699,0,"낑깡__",-11.11,-60.677,0,"Slaris",20.874,-48.444,0,"즉석카레",9.421,-64.321,0,"ぐだもん",40.392,-99.347,0,"아침땅_",-6.299,-106.895,0,"ディシジョン",-48.469,-90.336,0,6333.615,-57.27,-68.673,0,0,"",0,0,0,0,,6334.017,,,2,3
122,6,0,2,2,1,2,1,0,1,0,255,14,255,59,6358.229,"Ainy4／あいにゃ",R,3,79,104,-2.282,-0.826,0.291,1.592,-0.014,1.149,-36.896,35.241,44,56,0,4,0,-472.727,0,-23.97,0,0,1,5,7,R,"紅さかな",172.5,86,0.402,0,93,W,Y,0,0,0,0,0,0,0,0,0,0,0,0,0,0,0,0,-0.208,-38.323,0,"Kenomo",-0.625,-18.003,0,"-라후이-",-19.059,-40.449,0,"낑깡__",-11.622,-61.619,0,"Slaris",21.437,-46.229,0,"즉석카레",7.971,-63.381,0,"ぐだもん",39.288,-96.609,0,"아침땅_",-7.317,-105.189,0,"ディシジョン",-48.026,-92.307,0,0,0,0,0,0,"",0,0,0,0,6357.559,6361.157,,,0,0
123,6,0,2,2,0,0,2,0,1,0,255,14,255,60,6382.452,"Ainy4／あいにゃ",R,27,84,136,-0.186,0.242,0.161,1.745,-0.179,1.624,-36.896,26.703,88,12,0,0,0,73.001,-102.28,-0.583,0,0,0,6,5,L,"Pugeuk",170,86.201,0.347,0,119,W,Y,0,0,0,0,0,0,0,0,0,0,0,0,0,0,0,0,-0.027,-38.148,0,"Kenomo",-0.102,-17.705,0,"-라후이-",-18.289,-42.963,0,"낑깡__",-4.773,-67.658,0,"Slaris",20.271,-45.26,0,"즉석카레",14.237,-63.343,0,"ぐだもん",46.989,-98.777,0,"아침땅_",8.327,-104.987,0,"ディシジョン",-42.473,-96.059,0,0,0,0,0,0,"",0,0,0,0,6381.622,6384.739,,,0,0
124,6,0,2,2,0,1,2,0,1,0,255,14,255,61,6401.091,"Ainy4／あいにゃ",R,29,77,127,-2.054,0.911,0.079,1.82,-0.565,1.894,-36.896,30.345,92,8,0,2,0,-208.766,-189.652,7.151,0,0,1,6,5,L,"Pugeuk",170,86.201,0.347,3,119,W,Y,6402.212,229,28,90,29,16,140,80,108.035,9.369,-0.84,0,0.34,443.972,63.25,-261.103,-0.093,-37.857,0,"Kenomo",-0.335,-17.806,0,"-라후이-",-18.739,-43.479,0,"낑깡__",-6.128,-67.457,0,"Slaris",19.933,-46.438,0,"즉석카레",14.623,-63.153,0,"ぐだもん",49.582,-98.642,0,"아침땅_",4.953,-105.011,0,"ディシジョン",-42.455,-96.099,0,6405.816,6.77,10.196,0,0,"",0,0,0,0,,6407.068,,,2,3
125,6,0,2,2,0,2,2,0,1,0,255,14,255,62,6422.296,"Ainy4／あいにゃ",R,14,70,98,2.284,-0.497,0.267,1.85,0.209,1.887,-36.896,38.876,86,14,0,4,0,347.842,312.348,0.693,0,0,1,6,5,L,"Pugeuk",170,86.201,0.347,0,118,W,Y,0,0,0,0,0,0,0,0,0,0,0,0,0,0,0,0,-0.2,-38.319,0,"Kenomo",0.426,-18.066,0,"-라후이-",-19.116,-41.526,0,"낑깡__",-4.978,-67.733,0,"Slaris",20.632,-45.53,0,"즉석카레",14.827,-63.433,0,"ぐだもん",41.82,-92.024,0,"아침땅_",10.944,-104.957,0,"ディシジョン",-43.426,-94.476,0,0,0,0,0,0,"",0,0,0,0,6421.691,,,,0,0
126,7,1,2,2,0,0,0,0,0,0,255,255,255,61,6476.253,"-Alta-",L,26,89,140,0.8,0.814,-0.255,1.843,0.427,1.945,-36.536,19.387,60,40,0,2,0,-52.445,-200,-17.248,0,0,1,2,4,R,"Slaris",190,85.704,0.452,3,60,W,Y,6477.068,240,96,102,66,26,145,96,57.948,27.93,-0.56,0,0.134,80.515,64.88,-9.886,-0.071,-37.132,0,"HalF_HearteD",-0.012,-16.811,0,"Pring__",-20.578,-46.062,0,"Rite_",-15.962,-62.358,91,"magimari",16.652,-45.862,0,"Pugeuk",9.819,-61.655,0,"alcohol500",43.815,-103.987,0,"紅さかな",-2.471,-120.389,0,"Pizzallaris",-44.808,-102.831,0,6480.893,-29.481,-72.641,6481.039,3,"Rite_",-28.643,-71.173,0,0,,,,,130,1
127,7,1,2,2,0,0,1,0,0,0,255,255,255,62,6506.151,"-Alta-",L,27,81,132,0.331,0.104,-0.311,1.718,0.166,1.54,-36.536,25.161,47,53,0,0,0,-8.117,-141.515,-7.276,0,0,0,3,8,R,"ディシジョン",190,92.496,0.622,0,118,W,Y,0,0,0,0,0,0,0,0,0,0,0,0,0,0,0,0,-0.126,-36.891,0,"HalF_HearteD",-0.055,-16.82,0,"Pring__",-20.827,-46.926,0,"Rite_",-15.053,-62.651,0,"magimari",16.214,-46.204,0,"Pugeuk",9.849,-62.414,0,"alcohol500",38.481,-104.534,0,"紅さかな",-1.786,-121.903,0,"Pizzallaris",-47.092,-105.909,0,0,0,0,0,0,"",0,0,0,0,6505.358,,,,0,0
128,7,1,2,2,0,1,1,0,0,0,255,255,255,63,6523.276,"-Alta-",L,26,88,140,-0.384,1.112,-0.364,1.901,-0.079,2.132,-36.536,31.139,86,14,0,2,0,-57.436,-200,-3.278,0,0,1,3,8,R,"ディシジョン",190,92.496,0.622,3,118,W,Y,6524.337,168,82,106,103,39,145,130,33.623,47.57,0.34,0.048,0.305,43.558,435.895,-234.151,0.352,-37.186,0,"HalF_HearteD",-0.101,-16.851,0,"Pring__",-20.801,-46.825,0,"Rite_",-15.031,-62.437,0,"magimari",16.247,-46.177,0,"Pugeuk",9.738,-62.548,0,"alcohol500",41.323,-103.486,0,"紅さかな",-0.452,-122.146,0,"Pizzallaris",-47.168,-105.822,0,6527.351,-94.179,-89.772,0,0,"",0,0,0,0,,,,,2,3
129,7,1,2,2,0,2,1,0,0,0,255,255,255,64,6546.033,"-Alta-",L,10,77,105,0.355,-1.155,-0.295,1.657,0.161,1.445,-36.536,26.168,66,34,0,2,0,1.014,400,-1.882,0,0,1,3,8,R,"ディシジョン",190,92.496,0.622,3,118,W,Y,6547.166,144,54,166,151,73,145,91,-15.002,12.003,0.98,0.19,0.495,75.363,505.966,313.559,0.341,-37.656,0,"HalF_HearteD",0.007,-16.929,0,"Pring__",-21.135,-46.77,87,"Rite_",-15.598,-62.374,99,"magimari",16.398,-46.211,0,"Pugeuk",9.138,-62.978,0,"alcohol500",39.885,-103.346,0,"紅さかな",-3.201,-123.67,0,"Pizzallaris",-43.222,-102.859,0,6545.066,-0.383,-22.778,6547.295,3,"Rite_",-8.969,-59.736,0,0,,,,,134,2
130,7,1,2,2,0,0,2,0,0,0,255,255,255,65,6600.352,"-Alta-",L,27,93,140,1.868,-0.131,-0.159,1.679,0.875,1.393,-36.536,14.644,44,56,0,2,0,-47.481,-140.246,-4.708,0,0,1,4,6,R,"メリニット",175,89.637,0.452,3,118,W,Y,6601.329,255,108,130,106,65,145,85,23.401,-32.987,-0.82,0,0.148,230.836,-376.2,343.207,-0.144,-36.931,0,"HalF_HearteD",-0.018,-16.967,0,"Pring__",-20.341,-46.563,0,"Rite_",-15.827,-61.667,85,"magimari",15.991,-45.441,0,"Pugeuk",9.223,-63.914,0,"alcohol500",40.426,-105.651,95,"紅さかな",-3.696,-121.26,0,"Pizzallaris",-42.78,-99.688,0,6603.253,41.66,-75.516,6605.247,6,"alcohol500",49.428,-86.167,1,0,,,,,386,2
131,7,1,2,2,0,0,2,1,0,0,6,255,255,66,6632.424,"-Alta-",L,31,82,133,1.868,-0.512,-0.197,1.677,0.698,1.377,-36.536,20.044,0,100,0,2,0,85.021,64.106,-10.845,0,0,0,5,5,R,"즉석카레",170,90.311,0.397,3,117,W,Y,6633.463,111,64,100,59,22,137,79,-67.719,-32.861,-0.81,0,0.235,-539.887,140.968,220.567,0.504,-36.997,0,"HalF_HearteD",0.001,-16.897,0,"Pring__",-17.248,-44.437,0,"Rite_",-15.057,-61.678,0,"magimari",16.047,-46.141,104,"Pugeuk",9.701,-62.064,0,"alcohol500",40.752,-99.956,0,"紅さかな",-3.549,-117.693,0,"Pizzallaris",-42.437,-99.138,0,6631.191,0.549,-19.494,6634.261,4,"magimari",11.874,-36.873,0,0,,6638.749,,,22,2
132,7,0,2,2,0,0,0,0,0,0,255,255,255,63,6745.39,"Ainy4／あいにゃ",R,14,77,103,-0.124,-0.493,-0.065,1.842,-0.822,1.873,-36.896,25.252,95,5,0,2,0,365.589,312.348,22.242,0,0,1,7,3,R,"Rite_",165,80,0.455,3,52,W,Y,6746.563,255,151,109,66,75,145,83,-75.886,-75.99,-0.76,0,0.399,8.518,-208.908,-191.076,0.056,-37.775,0,"Kenomo",0.007,-17.803,0,"-라후이-",-18.993,-46.695,0,"낑깡__",-13.706,-67.362,0,"Slaris",18.929,-48.492,0,"즉석카레",11.566,-64.278,0,"メリニット",36.356,-84.768,0,"아침땅_",-3.861,-103.693,0,"ディシジョン",-46.421,-88.384,0,6744.191,0.743,-20.823,0,0,"",0,0,0,0,,,,,2,3
133,7,0,2,2,0,1,0,0,0,0,255,255,255,64,6764.941,"Ainy4／あいにゃ",R,26,88,140,0.584,-1.01,0.308,1.535,0.503,0.839,-36.896,20.117,49,51,0,2,0,-184.012,-200,20.231,0,0,1,7,3,R,"Rite_",165,80,0.455,3,52,W,Y,6766.1,157,78,80,55,24,141,124,-30,17.428,0.56,0,0.249,-461.662,364.403,118.652,0.132,-37.711,0,"Kenomo",0.108,-17.879,0,"-라후이-",-20.584,-47.6,88,"낑깡__",-13.9,-67.92,107,"Slaris",19.772,-47.945,0,"즉석카레",13.467,-63.7,0,"メリニット",40.093,-83.703,0,"아침땅_",-3.518,-99.565,0,"ディシジョン",-44,-87.078,0,6763.747,-0.161,-19.723,6766.003,3,"낑깡__",-14.519,-65.185,0,0,,,,,131,2
134,7,0,2,2,0,0,1,0,0,0,255,255,255,65,6790.728,"Ainy4／あいにゃ",R,32,85,137,-0.205,0,0.129,1.704,-0.331,1.474,-36.896,21.139,44,56,0,0,0,164.62,-116.366,-15.014,0,0,0,8,6,L,"alcohol500",169.9,82.32,0.398,0,44,W,Y,0,0,0,0,0,0,0,0,0,0,0,0,0,0,0,0,0.051,-37.968,0,"Kenomo",-0.224,-17.649,0,"-라후이-",-18.799,-43.949,0,"낑깡__",-10.04,-68.561,0,"Slaris",20.369,-47.881,0,"즉석카레",12.506,-64.262,0,"メリニット",41.861,-86.363,0,"아침땅_",7.439,-103.904,0,"ディシジョン",-39.194,-95.456,0,0,0,0,0,0,"",0,0,0,0,6789.483,,,,0,0
135,7,0,2,2,0,1,1,0,0,0,255,255,255,66,6807.577,"Ainy4／あいにゃ",R,3,78,116,-0.161,0.987,0.37,1.892,0.813,2.15,-36.896,40.955,85,14,2,2,0,-500,0,-13.369,0,0,1,8,6,L,"alcohol500",169.9,82.32,0.398,3,44,W,Y,6808.566,166,54,101,115,46,145,124,27.6,-5.593,0.5,0,0.316,416.763,-4.626,85.387,0.116,-37.537,0,"Kenomo",0.3,-17.555,0,"-라후이-",-19.876,-44.741,0,"낑깡__",-10.553,-68.486,0,"Slaris",20.275,-47.844,0,"즉석카레",12.905,-64.329,64,"メリニット",41.729,-87.693,0,"아침땅_",3.833,-103.125,0,"ディシジョン",-39.189,-95.449,0,6811.753,11.009,-134.324,6813.177,7,"아침땅_",11.716,-129.879,1,0,,6817.993,,,290,2
136,7,0,2,2,0,0,1,0,1,0,255,16,255,67,6840.059,"Ainy4／あいにゃ",R,28,81,131,0.341,-0.18,0.213,1.69,0.063,1.43,-36.896,31.362,88,12,0,2,0,52.016,-57.443,-2.145,0,0,0,0,8,R,"Pizzallaris",174.6,88,0.383,3,43,W,Y,6841.182,183,195,97,98,69,145,89,51.123,12.875,-0.63,0,0.186,376.573,209.937,138.686,-0.051,-37.866,0,"Kenomo",0.114,-17.605,0,"-라후이-",-18.899,-44.751,0,"낑깡__",-10.192,-60.446,104,"Slaris",19.787,-46.727,0,"즉석카레",6.745,-66.434,67,"メリニット",39.922,-85.765,0,"아침땅_",-5.549,-107.015,0,"ディシジョン",-49.417,-93.663,0,0,0,0,6844.594,3,"낑깡__",-16.875,-73.161,0,0,,6843.638,,,162,1
137,7,0,2,2,0,0,2,0,1,0,255,16,255,68,6869.266,"Ainy4／あいにゃ",R,32,84,136,-0.605,-0.173,0.079,1.666,-0.565,1.372,-36.896,21.102,59,41,0,0,0,212.248,-136.314,-32.102,0,0,0,1,0,L,"-Alta-",190,84,0.479,0,116,W,Y,0,0,0,0,0,0,0,0,0,0,0,0,0,0,0,0,0.041,-38.156,0,"Kenomo",-0.07,-17.598,0,"-라후이-",-19.445,-44.824,0,"낑깡__",-8.482,-69.829,0,"Slaris",23.489,-48.859,0,"즉석카레",13.448,-66.77,0,"メリニット",47.596,-101.087,0,"아침땅_",6.621,-115.611,0,"ディシジョン",-39.947,-97.233,0,0,0,0,0,0,"",0,0,0,0,6867.899,6871.756,,,0,0
138,7,0,2,2,0,1,2,0,1,0,255,16,255,69,6888.993,"Ainy4／あいにゃ",R,27,89,140,0.33,-0.341,0.203,1.635,0.012,1.271,-36.896,20.994,61,39,0,0,0,89.376,-136.385,1.945,0,0,1,1,0,L,"-Alta-",190,84,0.479,0,116,W,Y,0,0,0,0,0,0,0,0,0,0,0,0,0,0,0,0,0.053,-37.978,0,"Kenomo",-0.137,-17.721,0,"-라후이-",-19.812,-43.544,0,"낑깡__",-8.961,-70.283,0,"Slaris",23.159,-46.423,0,"즉석카레",14.005,-66.42,0,"メリニット",51.297,-94.588,0,"아침땅_",11.948,-115.019,0,"ディシジョン",-39.922,-97.384,0,0,0,0,0,0,"",0,0,0,0,6887.622,6891.621,,,0,0
139,7,0,2,2,0,2,2,0,1,0,255,16,255,70,6908.126,"Ainy4／あいにゃ",R,14,82,107,1.755,-0.703,0.211,1.747,0.033,1.64,-36.896,32.155,92,8,0,2,0,364.331,331.233,1.944,0,0,1,1,0,L,"-Alta-",190,84,0.479,3,116,W,Y,6909.115,255,81,148,70,27,145,130,-30,-42.393,0.31,0,0.496,-140.108,-477.592,-55.8,-0.002,-37.709,0,"Kenomo",0.371,-17.781,0,"-라후이-",-19.79,-46.006,0,"낑깡__",-9.264,-69.581,0,"Slaris",22.295,-47.873,96,"즉석카레",13.594,-66.795,0,"メリニット",51.949,-105.734,0,"아침땅_",8.917,-115.169,0,"ディシジョン",-40.688,-96.694,0,6906.656,1.414,-20.552,6908.164,4,"Slaris",22.241,-43.226,0,0,,,6914.138,,7,2
140,8,1,2,2,0,0,0,0,0,0,255,255,255,67,6962.073,"-Alta-",L,28,79,129,2.29,-0.499,-0.134,1.621,0.988,1.227,-36.536,18.286,48,52,0,1,0,9.639,-67.9,-7.23,0,0,0,6,1,R,"Kenomo",190,80,0.449,0,116,W,Y,0,0,0,0,0,0,0,0,0,0,0,0,0,0,0,0,-0.178,-37.545,0,"HalF_HearteD",-0.005,-16.739,0,"Pring__",-19.773,-45.253,0,"Rite_",-16.852,-61.4,0,"magimari",16.875,-45.913,0,"Pugeuk",9.822,-64.956,0,"alcohol500",42.582,-100.124,0,"紅さかな",-2.486,-122.968,0,"Pizzallaris",-42.604,-103.32,0,0,0,0,0,0,"",0,0,0,0,6961.024,,,,0,0
141,8,1,2,2,1,0,0,0,0,0,255,255,255,68,6976.828,"-Alta-",L,27,88,140,1.614,-0.308,-0.187,1.648,0.742,1.312,-36.536,15.21,47,53,0,1,0,-24.472,-117.979,-4.348,0,0,0,6,1,R,"Kenomo",190,80,0.449,0,116,W,Y,0,0,0,0,0,0,0,0,0,0,0,0,0,0,0,0,0.392,-37.667,0,"HalF_HearteD",-0.032,-16.747,0,"Pring__",-19.832,-45.37,0,"Rite_",-16.366,-61.492,0,"magimari",16.701,-45.93,0,"Pugeuk",9.929,-64.894,0,"alcohol500",40.402,-100.903,0,"紅さかな",-0.035,-124.755,0,"Pizzallaris",-42.693,-103.261,0,0,0,0,0,0,"",0,0,0,0,6975.774,,,,0,0
142,8,1,2,2,2,0,0,0,0,0,255,255,255,69,6992.553,"-Alta-",L,26,80,131,0.423,0.582,-0.293,1.794,0.251,1.785,-36.536,28.739,45,55,0,0,0,-38.962,-200,-6.597,0,0,0,6,1,R,"Kenomo",190,80,0.449,0,116,W,Y,0,0,0,0,0,0,0,0,0,0,0,0,0,0,0,0,0.267,-37.125,0,"HalF_HearteD",-0.006,-16.693,0,"Pring__",-19.857,-45.359,0,"Rite_",-16.353,-61.453,0,"magimari",16.561,-45.776,0,"Pugeuk",10.236,-64.509,0,"alcohol500",41.597,-105.008,0,"紅さかな",-0.707,-125.471,0,"Pizzallaris",-42.702,-103.261,0,0,0,0,0,0,"",0,0,0,0,6991.455,,,,0,0
143,8,1,2,2,2,1,0,0,0,0,255,255,255,70,7007.191,"-Alta-",L,28,81,132,1.025,-0.705,-0.241,1.58,0.492,1.091,-36.536,21.196,38,62,0,2,0,-25.831,-78.08,-5.708,0,0,1,6,1,R,"Kenomo",190,80,0.449,3,116,W,Y,7008.275,53,71,38,84,39,57,57,-59.601,-27.454,-0.11,0,0.213,-365.48,-156.035,69.159,0.305,-37.392,120,"HalF_HearteD",0.014,-16.816,0,"Pring__",-19.761,-45.216,0,"Rite_",-16.236,-61.398,0,"magimari",16.459,-45.721,0,"Pugeuk",10.118,-64.593,0,"alcohol500",42.275,-107.22,0,"紅さかな",-0.54,-125.394,0,"Pizzallaris",-42.675,-102.943,0,7005.774,0.401,-20.178,7008.094,0,"-Alta-",7.058,-33.1,0,0,7045.747,,,,14,2
144,8,1,2,2,0,0,1,0,0,0,255,255,255,0,7191.229,"mochi_2929",R,36,67,120,-0.18,-1.486,0.182,1.472,-0.082,0.871,-36.47,18.914,51,49,0,2,0,-14.249,107.216,-35.708,0,0,1,7,3,R,"낑깡__",175.3,80,0.402,3,74,W,Y,7192.153,252,143,90,183,76,145,127,4.818,-16.051,0.63,0.19,0.261,-17.894,598.728,34.713,0.139,-37.312,0,"HalF_HearteD",0.029,-16.757,0,"Pring__",-21.155,-47.836,0,"Rite_",-14.83,-61.279,76,"magimari",16.056,-45.845,0,"Pugeuk",9.248,-61.894,0,"alcohol500",40.92,-103.51,0,"紅さかな",-1.52,-116.903,97,"Pizzallaris",-44.87,-105.465,0,7191.039,9.797,-64.124,7193.914,7,"紅さかな",17.997,-116.703,1,0,,,,,160,2
145,8,1,2,2,0,0,1,1,0,0,3,255,255,1,7225.53,"mochi_2929",R,26,81,132,1.584,1.291,0.323,1.812,0.574,2.089,-36.47,36.677,100,0,0,1,0,74.368,-200,-4.623,0,0,0,8,7,R,"아침땅_",165.3,94.757,0.5,0,115,W,Y,0,0,0,0,0,0,0,0,0,0,0,0,0,0,0,0,1.247,-36.601,0,"HalF_HearteD",0.352,-19.685,0,"Pring__",-19.733,-41.179,0,"Rite_",-11.005,-60.089,0,"magimari",17.928,-45.991,0,"Pugeuk",1.499,-62.036,0,"alcohol500",41.002,-101.087,0,"紅さかな",-2.362,-113.51,0,"Pizzallaris",-44.282,-104.883,0,0,0,0,0,0,"",0,0,0,0,7224.268,7227.868,,,0,0
146,8,1,2,2,1,0,1,0,1,0,255,3,255,2,7249.607,"mochi_2929",R,35,86,139,0.586,-1.115,0.212,1.592,0.17,1.198,-36.47,22.37,43,57,0,2,0,58.78,197.025,-20.471,0,0,1,8,7,R,"아침땅_",165.3,94.757,0.5,3,115,W,Y,7250.586,199,80,80,24,13,137,91,-63.439,16.312,-0.05,0.095,0.285,-563.359,109.881,-109.645,0.232,-37.507,104,"HalF_HearteD",0.046,-16.853,0,"Pring__",-18.492,-44.944,79,"Rite_",-15.077,-60.759,0,"magimari",16.93,-46.008,0,"Pugeuk",7.336,-61.747,0,"alcohol500",43.379,-102.847,0,"紅さかな",-0.97,-118.256,0,"Pizzallaris",-44.908,-104.747,0,7248.031,0.047,-19.603,7250.524,0,"mochi_2929",-5.76,-39.286,0,0,,,7254.545,,4,2
147,8,1,2,2,0,0,2,1,0,1,2,255,3,3,7304.648,"mochi_2929",R,14,76,114,1.468,0.964,0.192,1.986,-0.039,2.597,-36.47,43.189,100,0,0,1,0,388.018,315.344,-38.569,1.415,-20.659,0,1,0,L,"Ainy4／あいにゃ",189.4,85,0.512,0,114,W,Y,0,0,0,0,0,0,0,0,0,0,0,0,0,0,0,0,0.245,-37.442,0,"HalF_HearteD",0.703,-17.586,0,"Pring__",-18.413,-43.969,0,"Rite_",-6.778,-63.963,0,"magimari",19.792,-42.426,0,"Pugeuk",9.028,-62.927,0,"alcohol500",48.021,-100.661,0,"紅さかな",4.611,-123.095,0,"Pizzallaris",-45.166,-105.237,0,0,0,0,0,0,"",0,0,0,0,7306.42,7307.304,7307.24,,0,0
148,8,1,2,2,1,0,2,0,1,1,255,2,3,4,7326.987,"mochi_2929",R,26,86,140,-1.523,0.188,0.055,1.666,-0.674,1.557,-36.47,14.658,47,53,0,1,0,7.251,-200,-61.175,0,0,0,1,0,L,"Ainy4／あいにゃ",189.4,85,0.512,0,114,W,Y,0,0,0,0,0,0,0,0,0,0,0,0,0,0,0,0,-0.121,-37.735,0,"HalF_HearteD",-0.094,-16.708,0,"Pring__",-21.25,-46.511,0,"Rite_",-7.163,-62.399,0,"magimari",19.357,-42.671,0,"Pugeuk",10.413,-62.59,0,"alcohol500",48.391,-100.095,0,"紅さかな",3.198,-123.866,0,"Pizzallaris",-46.373,-104.947,0,0,0,0,0,0,"",0,0,0,0,7325.809,7329.25,7329.894,,0,0
149,8,1,2,2,2,0,2,0,1,1,255,2,3,5,7345.973,"mochi_2929",R,32,84,136,-0.815,0.299,0.066,1.784,-0.623,1.941,-36.47,29.141,100,0,0,0,0,250,200,-74.983,0,0,0,1,0,L,"Ainy4／あいにゃ",189.4,85,0.512,0,114,W,Y,0,0,0,0,0,0,0,0,0,0,0,0,0,0,0,0,0.038,-37.73,0,"HalF_HearteD",0.008,-16.662,0,"Pring__",-20.499,-42.856,0,"Rite_",-5.648,-63.13,0,"magimari",19.7,-43.03,0,"Pugeuk",10.701,-62.267,0,"alcohol500",48.92,-99.406,0,"紅さかな",5.867,-122.276,0,"Pizzallaris",-46.371,-104.957,0,0,0,0,0,0,"",0,0,0,0,7344.878,7349.84,7348.543,,0,0
150,8,1,2,2,2,1,2,0,1,1,255,2,3,6,7363.01,"mochi_2929",R,3,77,106,-0.928,-0.016,0.26,1.676,0.185,1.613,-36.47,22.623,51,49,0,2,0,-352.203,0,-64.6,0,0,1,1,0,L,"Ainy4／あいにゃ",189.4,85,0.512,3,114,W,Y,7364.197,255,24,125,19,3,145,129,-2.813,-15.78,0.46,0,0.571,-110.063,-589.781,-6.696,0.4,-37.496,0,"HalF_HearteD",0.25,-17.142,0,"Pring__",-21.096,-48.186,0,"Rite_",-9.981,-63.005,0,"magimari",17.434,-44.842,0,"Pugeuk",10.615,-62.646,98,"alcohol500",50.962,-96.857,0,"紅さかな",9.579,-124.062,0,"Pizzallaris",-46.24,-104.945,0,7362.031,3.706,-33.599,7363.233,5,"Pugeuk",11.187,-58.297,0,0,,,7369.299,7368.24,70,2
151,8,0,2,2,0,0,0,0,0,0,255,255,255,71,7418.027,"Ainy4／あいにゃ",R,28,89,140,-0.432,0.466,0.151,1.806,-0.226,1.823,-36.896,23.277,88,12,0,2,0,23.54,-83.233,-3.804,0,0,1,2,2,L,"Pring__",190,93.089,0.485,3,114,W,Y,7418.899,236,113,109,106,52,145,129,114.309,65.02,0.29,0,0.441,-74.077,-481.205,166.266,0.008,-37.472,0,"Kenomo",-0.103,-17.814,0,"-라후이-",-17.408,-46.338,0,"낑깡__",-8.579,-68.669,0,"Slaris",22.848,-49.692,0,"즉석카레",14.642,-65.662,0,"メリニット",46.318,-112.861,0,"아침땅_",8.729,-116.048,0,"ディシジョン",-39.691,-99.388,0,0,0,0,0,0,"",0,0,0,0,,,,,2,3
152,8,0,2,2,0,1,0,0,0,0,255,255,255,72,7439.374,"Ainy4／あいにゃ",R,32,77,128,-0.444,-0.097,0.081,1.706,-0.554,1.501,-36.896,25.928,52,48,0,2,0,227.164,-40.921,-17.439,0,0,1,2,2,L,"Pring__",190,93.089,0.485,3,114,W,Y,7440.27,254,140,114,104,94,145,115,20.635,-15.731,0.15,0,0.587,112.778,-334.524,-88.351,-0.121,-37.26,0,"Kenomo",-0.102,-17.828,0,"-라후이-",-18.242,-45.542,0,"낑깡__",-9.165,-69.061,75,"Slaris",23.083,-49.692,0,"즉석카레",14.512,-66.772,0,"メリニット",51.164,-109.618,107,"아침땅_",8.377,-116.146,0,"ディシジョン",-39.42,-102.172,0,7442.524,36.491,-118.51,7444.295,6,"メリニット",37.35,-121.62,1,0,,7450.342,,,146,2
153,8,0,2,2,0,0,0,0,1,0,255,12,255,73,7472.333,"Ainy4／あいにゃ",R,3,87,111,-2.128,-0.504,0.21,1.591,0.031,1.302,-36.896,26.074,46,54,0,4,0,-500,0,-37.414,0,0,1,3,1,R,"HalF_HearteD",190,82,0.446,0,114,W,Y,0,0,0,0,0,0,0,0,0,0,0,0,0,0,0,0,-0.168,-38.185,0,"Kenomo",-0.498,-17.846,0,"-라후이-",-21.891,-47.137,0,"낑깡__",-9.997,-61.121,0,"Slaris",20.885,-45.35,0,"즉석카레",7.21,-65.293,0,"メリニット",47.369,-99.082,0,"아침땅_",-8.161,-111.603,0,"ディシジョン",-50.069,-96.034,0,0,0,0,0,0,"",0,0,0,0,7471.212,7475.148,,,0,0
154,8,0,2,2,0,1,0,0,1,0,255,12,255,74,7490.901,"Ainy4／あいにゃ",R,28,87,140,0.841,-0.314,0.262,1.653,0.287,1.328,-36.896,25.58,60,40,0,2,0,50.507,-90.155,-1.51,0,0,1,3,1,R,"HalF_HearteD",190,82,0.446,3,114,W,Y,7491.913,238,91,127,82,27,145,130,27.592,47.396,0.36,0,0.186,-152.543,271.263,-171.587,-0.08,-37.877,0,"Kenomo",0.037,-17.852,0,"-라후이-",-21.913,-47.193,0,"낑깡__",-10.671,-62.539,0,"Slaris",20.361,-47.103,0,"즉석카레",10.099,-68.388,0,"メリニット",47.064,-101.077,0,"아침땅_",-9.76,-112.79,0,"ディシジョン",-50.057,-96.043,0,7494.087,-89.668,-92.738,0,0,"",0,0,0,0,,7497.812,,,2,3
155,8,0,2,2,0,2,0,0,1,0,255,12,255,75,7513.694,"Ainy4／あいにゃ",R,3,79,107,-2.085,-0.236,0.145,1.67,-0.17,1.473,-36.896,34.903,94,6,0,4,0,-373.503,0,-13.414,0,0,1,3,1,R,"HalF_HearteD",190,82,0.446,0,114,W,Y,0,0,0,0,0,0,0,0,0,0,0,0,0,0,0,0,-0.045,-38.209,0,"Kenomo",-0.54,-17.742,0,"-라후이-",-20.645,-42.089,0,"낑깡__",-11.35,-63.738,0,"Slaris",19.595,-43.999,0,"즉석카레",7.137,-68.464,0,"メリニット",45.852,-103.378,0,"아침땅_",-10.309,-113.461,0,"ディシジョン",-50.665,-94.764,0,0,0,0,0,0,"",0,0,0,0,7512.518,7516.37,,,0,0
156,8,0,2,2,0,0,1,0,1,0,255,12,255,76,7535.353,"Ainy4／あいにゃ",R,14,79,105,1.54,-0.661,0.171,1.755,-0.09,1.656,-36.896,24.755,90,10,0,2,0,370.796,314.809,19.12,0,0,1,4,4,R,"magimari",190,84.655,0.353,3,113,W,Y,7536.516,218,146,58,114,65,137,130,-19.273,-26.395,0.6,0,0.728,-111.813,-16.238,-57.827,0.07,-37.781,0,"Kenomo",0.083,-17.552,0,"-라후이-",-19.627,-45.824,0,"낑깡__",-11.327,-65.019,0,"Slaris",21.116,-48.786,85,"즉석카레",11.313,-68.491,0,"メリニット",46.145,-101.579,100,"아침땅_",-2.958,-112.603,0,"ディシジョン",-48.818,-93.853,0,7533.899,1.335,-22.973,7537.115,6,"メリニット",34.752,-90.218,1,0,,,7542.837,,22,2
157,8,0,2,2,0,0,1,1,0,1,14,255,12,77,7566.527,"Ainy4／あいにゃ",R,27,82,134,-0.642,0.485,0.166,1.785,-0.158,1.766,-36.896,35.509,96,4,0,2,0,-85.294,-102.259,3.756,0,0,1,5,7,R,"紅さかな",172.5,86,0.402,3,113,W,Y,7567.683,242,102,97,68,29,145,126,31.202,6.858,0.37,0,0.315,278.836,-17.787,-2.64,-0.104,-37.887,0,"Kenomo",0.128,-17.703,120,"-라후이-",-19.663,-45.135,0,"낑깡__",-9.708,-58.531,0,"Slaris",19.74,-47.963,91,"즉석카레",11.901,-62.299,103,"メリニット",39.039,-96.112,0,"아침땅_",-7.867,-107.848,95,"ディシジョン",-46.73,-92.065,0,7570.677,-13.552,-132.539,7571.781,7,"아침땅_",-14.21,-132.298,1,0,7582.219,7576.266,7571.142,7577.967,358,2
158,8,0,2,3,0,0,1,1,1,0,17,14,255,78,7611.613,"Ainy4／あいにゃ",R,14,74,101,1.891,-1.013,0.215,1.721,0.047,1.575,-36.896,40.454,91,9,0,2,0,358.49,312.348,1.128,0,0,1,6,5,L,"Pugeuk",170,86.201,0.347,3,113,W,Y,7612.78,255,103,134,73,32,145,89,-17.195,56.122,0.96,0,0.741,208.331,169.707,280.203,-0.084,-37.876,0,"Kenomo",0.183,-17.441,0,"-라후이-",-18.039,-41.857,0,"낑깡__",-5.858,-65.237,0,"Slaris",19.743,-46.898,0,"즉석카레",12.444,-61.342,0,"メリニット",40.295,-87.274,0,"아침땅_",8.03,-106.5,0,"ディシジョン",-43.097,-97.588,0,7610.184,-1.427,-23.175,0,0,"",0,0,0,0,,7617.349,,,2,0
159,8,0,2,3,0,1,1,1,1,0,17,14,255,79,7635.931,"Ainy4／あいにゃ",R,14,75,102,2.474,-0.632,0.297,1.805,0.301,1.779,-36.896,35.946,95,5,0,4,0,362.039,312.348,3.471,0,0,1,6,5,L,"Pugeuk",170,86.201,0.347,0,113,W,Y,0,0,0,0,0,0,0,0,0,0,0,0,0,0,0,0,-0.075,-38.242,0,"Kenomo",0.41,-17.862,0,"-라후이-",-19.391,-39.984,0,"낑깡__",-4.063,-63.849,0,"Slaris",21.443,-44.476,0,"즉석카레",10.257,-61.989,0,"メリニット",39.354,-84.494,0,"아침땅_",9.708,-103.808,0,"ディシジョン",-42.755,-96.671,0,0,0,0,0,0,"",0,0,0,0,7634.802,7638.618,,,0,0
160,8,0,2,3,0,2,1,1,1,0,17,14,255,80,7656.013,"Ainy4／あいにゃ",R,14,82,107,2.451,-1.074,0.296,1.689,0.299,1.498,-36.896,27.332,45,55,0,4,0,379.786,312.348,22.548,0,0,1,6,5,L,"Pugeuk",170,86.201,0.347,0,113,W,Y,0,0,0,0,0,0,0,0,0,0,0,0,0,0,0,0,-0.029,-38.229,0,"Kenomo",0.412,-18.084,0,"-라후이-",-19.21,-40.555,0,"낑깡__",-3.988,-64.655,0,"Slaris",20.379,-43.585,0,"즉석카레",12.861,-61.744,0,"メリニット",40.707,-86.11,0,"아침땅_",11.154,-103.409,0,"ディシジョン",-42.645,-96.498,0,0,0,0,0,0,"",0,0,0,0,7654.878,7658.967,,,0,0
161,8,0,2,3,0,0,2,1,1,0,17,14,255,81,7679.144,"Ainy4／あいにゃ",R,26,85,138,0.978,0.924,0.335,1.823,0.627,1.912,-36.896,37.003,93,7,0,2,0,-146.949,-174.622,4.137,0,0,1,7,3,R,"Rite_",165,80,0.455,3,52,W,Y,7680.238,138,74,42,56,32,122,114,109.163,-48.207,0.55,0,0.283,44.856,-21.956,-117.138,0.154,-37.854,0,"Kenomo",0.173,-17.812,0,"-라후이-",-19.471,-44.538,0,"낑깡__",-13.595,-66.461,0,"Slaris",19.485,-47.222,0,"즉석카레",11.469,-64.124,0,"メリニット",41.497,-88.789,0,"아침땅_",-6.094,-104.769,0,"ディシジョン",-45.321,-89.949,0,0,0,0,0,0,"",0,0,0,0,,7685.466,,,2,3
162,8,0,2,3,0,1,2,1,1,0,17,14,255,82,7700.194,"Ainy4／あいにゃ",R,14,79,105,-0.807,-0.545,-0.157,1.823,-1.106,1.825,-36.896,25.196,91,9,0,2,0,372.687,312.348,12.224,0,0,1,7,3,R,"Rite_",165,80,0.455,3,52,W,Y,7701.467,255,96,92,68,81,145,124,-30,-38.876,0.64,0,0.445,33.294,-4.229,-429.42,-0.029,-37.825,0,"Kenomo",-0.463,-18.036,0,"-라후이-",-19.217,-42.562,0,"낑깡__",-13.535,-66.115,0,"Slaris",19.264,-47.365,116,"즉석카레",10.815,-65.22,0,"メリニット",40.17,-86.847,0,"아침땅_",-9.354,-103.22,0,"ディシジョン",-46.325,-89.402,0,7698.816,0.613,-22.334,7700.219,4,"Slaris",18.017,-43.96,0,0,,7706.271,,,5,2
163,9,1,2,3,0,0,0,0,0,0,255,255,255,7,7763.412,"mochi_2929",R,26,80,131,2.038,0.622,0.335,1.745,0.626,1.815,-36.47,44.773,100,0,0,1,0,174.11,-200,-12.441,0,0,0,2,4,R,"Slaris",190,85.704,0.452,0,112,W,Y,0,0,0,0,0,0,0,0,0,0,0,0,0,0,0,0,0.179,-37.771,0,"HalF_HearteD",0,-16.692,0,"Pring__",-20.41,-46.058,0,"Rite_",-15.15,-60.194,0,"magimari",16.517,-45.769,0,"Pugeuk",9.739,-63.043,0,"alcohol500",43.58,-101.339,0,"紅さかな",-1.357,-118.693,0,"Pizzallaris",-44.881,-102.498,0,0,0,0,0,0,"",0,0,0,0,7761.934,,,,0,0
164,9,1,2,3,1,0,0,0,0,0,255,255,255,8,7780.997,"mochi_2929",R,13,78,115,-0.53,-1.337,0.284,1.551,0.389,1.185,-36.47,30.699,52,48,0,1,0,-365.956,340.7,-17.515,0,0,0,2,4,R,"Slaris",190,85.704,0.452,0,112,W,Y,0,0,0,0,0,0,0,0,0,0,0,0,0,0,0,0,0.039,-37.584,0,"HalF_HearteD",-0.081,-16.849,0,"Pring__",-19.758,-45.016,0,"Rite_",-14.003,-61.427,0,"magimari",16.374,-45.836,0,"Pugeuk",9.67,-63.054,0,"alcohol500",42.55,-101.004,0,"紅さかな",-4.735,-121.431,0,"Pizzallaris",-44.563,-102.634,0,0,0,0,0,0,"",0,0,0,0,7779.58,,,,0,0
165,9,1,2,3,2,0,0,0,0,0,255,255,255,9,7796.772,"mochi_2929",R,26,84,136,0.79,-0.028,0.232,1.622,0.15,1.416,-36.47,26.451,50,50,0,2,0,135.367,-200,-7.878,0,0,0,2,4,R,"Slaris",190,85.704,0.452,3,112,W,Y,7797.666,84,65,71,55,46,120,89,-30,42.741,0.01,0,0.112,-320.367,481.76,-146.765,0.112,-37.505,0,"HalF_HearteD",-0.172,-16.844,0,"Pring__",-20.113,-45.703,85,"Rite_",-14.38,-61.301,0,"magimari",16.063,-45.818,0,"Pugeuk",9.747,-62.934,0,"alcohol500",43.37,-103.289,0,"紅さかな",-0.995,-121.372,0,"Pizzallaris",-44.562,-102.635,0,7794.969,-1.296,-20.949,7796.622,2,"Pring__",-19.354,-40.184,0,0,,,,,4,2
166,9,1,2,3,0,0,1,0,0,0,255,255,255,10,7822.638,"mochi_2929",R,32,84,136,0.991,-1.021,0.231,1.43,0.146,0.794,-36.47,24.962,58,42,0,1,0,201.983,-200,-18.718,0,0,0,3,8,R,"ディシジョン",190,92.496,0.622,0,112,W,Y,0,0,0,0,0,0,0,0,0,0,0,0,0,0,0,0,0.054,-37.586,0,"HalF_HearteD",-0.036,-16.862,0,"Pring__",-21.069,-47.688,0,"Rite_",-15.737,-61.901,0,"magimari",15.779,-45.586,0,"Pugeuk",9.383,-63.055,0,"alcohol500",42.258,-104.521,0,"紅さかな",-0.17,-121.7,0,"Pizzallaris",-44.061,-100.763,0,0,0,0,0,0,"",0,0,0,0,7821.518,,,,0,0
167,9,1,2,3,1,0,1,0,0,0,255,255,255,11,7839.835,"mochi_2929",R,26,76,127,1.036,-0.494,0.237,1.527,0.173,1.109,-36.47,30.029,49,51,0,0,0,180.108,-200,-19.206,0,0,0,3,8,R,"ディシジョン",190,92.496,0.622,0,112,W,Y,0,0,0,0,0,0,0,0,0,0,0,0,0,0,0,0,0.081,-37.63,0,"HalF_HearteD",-0.029,-16.932,0,"Pring__",-21.038,-47.681,0,"Rite_",-15.66,-61.959,0,"magimari",15.562,-45.682,0,"Pugeuk",9.963,-63.32,0,"alcohol500",43.445,-103.601,0,"紅さかな",-0.388,-121.848,0,"Pizzallaris",-44.045,-100.792,0,0,0,0,0,0,"",0,0,0,0,7838.608,,,,0,0
168,9,1,2,3,1,1,1,0,0,0,255,255,255,12,7855.135,"mochi_2929",R,3,74,114,1.994,0.253,0.452,1.756,1.561,2.001,-36.47,52.341,100,0,0,2,0,-406.931,188.242,4.063,0,0,1,3,8,R,"ディシジョン",190,92.496,0.622,3,112,W,Y,7856.277,142,75,173,149,29,145,104,22.726,-14.793,-0.17,0.143,0.343,566.466,-66.113,-123.94,0.323,-37.515,0,"HalF_HearteD",0.097,-16.964,0,"Pring__",-20.685,-47.382,0,"Rite_",-15.584,-61.849,67,"magimari",15.402,-45.676,0,"Pugeuk",9.664,-63.323,0,"alcohol500",43.598,-103.735,91,"紅さかな",-0.693,-121.969,0,"Pizzallaris",-44.182,-100.712,0,0,0,0,7858.726,6,"alcohol500",25.243,-106.481,0,0,,,,,384,1
169,9,1,2,3,0,0,2,0,0,0,255,255,255,13,7884.653,"mochi_2929",R,26,84,137,0.83,0.056,0.228,1.636,0.13,1.444,-36.47,27.32,60,40,0,0,0,164.459,-200,-0.739,0,0,0,4,6,R,"メリニット",175,89.637,0.452,0,112,W,Y,0,0,0,0,0,0,0,0,0,0,0,0,0,0,0,0,-0.085,-37.741,0,"HalF_HearteD",-0.019,-16.752,0,"Pring__",-21.398,-47.855,0,"Rite_",-14.752,-61.519,0,"magimari",16.418,-45.859,0,"Pugeuk",9.155,-63.061,0,"alcohol500",45.63,-99.433,0,"紅さかな",-0.062,-118.319,0,"Pizzallaris",-44.006,-107.566,0,0,0,0,0,0,"",0,0,0,0,7883.281,,,,0,0
170,9,1,2,3,0,1,2,0,0,0,255,255,255,14,7899.007,"mochi_2929",R,32,87,140,-0.808,-1.508,0.063,1.381,-0.635,0.547,-36.47,11.951,56,44,0,1,0,210.596,-200,-0.231,0,0,0,4,6,R,"メリニット",175,89.637,0.452,0,112,W,Y,0,0,0,0,0,0,0,0,0,0,0,0,0,0,0,0,0.048,-37.465,0,"HalF_HearteD",-0.132,-16.843,0,"Pring__",-21.428,-47.893,0,"Rite_",-14.839,-61.803,0,"magimari",16.372,-45.827,0,"Pugeuk",9.228,-63.045,0,"alcohol500",42.815,-102.927,0,"紅さかな",0.469,-119.637,0,"Pizzallaris",-44.381,-107.602,0,0,0,0,0,0,"",0,0,0,0,7897.656,,,,0,0
171,9,1,2,3,1,1,2,0,0,0,255,255,255,15,7913.564,"mochi_2929",R,32,79,129,0.916,-0.409,0.214,1.556,0.064,1.163,-36.47,26.921,56,44,0,2,0,221.549,-200,-12.21,0,0,1,4,6,R,"メリニット",175,89.637,0.452,3,112,W,Y,7914.577,255,88,99,86,75,145,101,19.097,18.759,0.91,0,0.181,53.104,111.296,239.27,0.096,-37.52,0,"HalF_HearteD",-0.048,-16.864,0,"Pring__",-20.931,-47.343,0,"Rite_",-15.066,-61.997,0,"magimari",16.092,-45.775,0,"Pugeuk",9.321,-62.877,75,"alcohol500",44.255,-101.883,0,"紅さかな",0.474,-119.729,0,"Pizzallaris",-44.406,-107.637,92,7915.712,-27.11,-94.415,7916.608,8,"Pizzallaris",-30.043,-101.935,1,0,,,,,65,2
172,9,1,2,3,0,0,2,1,0,0,6,255,255,16,7947.081,"mochi_2929",R,32,86,139,0.736,-0.574,0.199,1.538,-0.004,1.084,-36.47,25.555,62,38,0,0,0,237.167,-200,-2.037,0,0,0,5,5,R,"즉석카레",170,90.311,0.397,0,112,W,Y,0,0,0,0,0,0,0,0,0,0,0,0,0,0,0,0,-0.112,-37.726,0,"HalF_HearteD",-0.646,-17.773,0,"Pring__",-19.23,-40.979,0,"Rite_",-15.033,-62.358,0,"magimari",16.48,-45.449,0,"Pugeuk",6.531,-63.184,0,"alcohol500",41.505,-100.831,0,"紅さかな",-0.392,-116.751,0,"Pizzallaris",-42.64,-102.678,0,0,0,0,0,0,"",0,0,0,0,7945.809,,,,0,0
173,9,1,2,3,0,1,2,1,0,0,6,255,255,17,7964.829,"mochi_2929",R,26,79,129,-2.704,-2.806,0.225,1.742,0.115,1.822,-36.47,31.858,100,0,0,2,0,128.364,-200,-22.092,0,0,1,5,5,R,"즉석카레",170,90.311,0.397,3,112,W,Y,7965.921,189,97,79,80,42,145,84,40.654,-3.559,-0.77,0,0.237,586.8,61.276,32.952,0.006,-37.628,0,"HalF_HearteD",0.063,-16.823,0,"Pring__",-18.542,-45.13,0,"Rite_",-15.743,-62.88,0,"magimari",16.152,-45.6,0,"Pugeuk",9.588,-63.098,103,"alcohol500",41.742,-99.773,0,"紅さかな",-2.55,-117.886,0,"Pizzallaris",-42.641,-102.704,0,7968.566,3.262,-83.018,7968.74,5,"Pugeuk",3.177,-80.783,0,0,,7971.176,,,96,1
