id,inn,half,scoreA,scoreB,ball,strk,out,b1,b2,b3,b1Idx,b2Idx,b3Idx,pCnt,pSec,pName,pHand,pType,pPow,spdK,zoneX,zoneY,startX,startY,targetX,targetY,zDist,pitchAngle,pOver,pSide,pUnder,call,balk,sH,sV,gyro,plx,plz,bSwing,bIdx,bPos,bZone,bName,bHCm,batLen,batCen,batType,bFps,bOS,bVR,hSec,rotS,rotL,shS,lgS,prepS,batSpd,ev,ldeg,sdeg,hPos,buntGrip,handDist,angVeloX,angVeloY,angVeloZ,PPosX,PPosY,PThrSpd,CName,CPosX,CPosY,CThrSpd,1BName,1BPosX,1BPosY,1BThrSpd,2BName,2BPosX,2BPosY,2BThrSpd,3BName,3BPosX,3BPosY,3BThrSpd,SSName,SSPosX,SSPosY,SSThrSpd,LFName,LFPosX,LFPosY,LFThrSpd,CFName,CFPosX,CFPosY,CFThrSpd,RFName,RFPosX,RFPosY,RFThrSpd,ltSec,lx,lz,cSec,cPos,cPlr,cx,cz,1BSafe,tag,cpSec,sb2Sec,sb3Sec,sbhSec,ass,result
1,1,1,0,0,0,0,0,0,0,0,255,255,255,0,2143.716,"눈꽃",R,27,89,140,1.271,0.736,0.285,1.985,0.509,1.858,-36.64,19.359,90,10,0,0,0,26.113,-146.136,0,0,0,0,0,7,R,"Gonyong",170.2,85,0.2,0,165,W,Y,0,0,0,0,0,0,0,0,0,0,0,0,0,0,0,0,0.301,-37.718,0,"559：広告",-0.071,-18,0,"甲斐野柊太",-19.85,-44.86,0,"柴山犬吉",-16.214,-62.667,0,"Azuner",17.572,-48.367,0,"coder_",8.815,-68.959,0,"YukihiroD",29.59,-92.845,0,"Amellaid",-9.178,-109.166,0,"레이나2",-43.88,-96.137,0,0,0,0,0,0,"",0,0,0,0,2144.535,,,,0,0
2,1,1,0,0,0,1,0,0,0,0,255,255,255,1,2161.759,"눈꽃",R,27,90,140,1.409,0.122,0.256,1.842,0.623,1.543,-36.64,18.574,52,48,0,0,0,-12.51,-118.546,0,0.247,-10.541,0,0,7,R,"Gonyong",170.2,85,0.2,0,164,W,Y,0,0,0,0,0,0,0,0,0,0,0,0,0,0,0,0,-0.043,-37.796,0,"559：広告",0.097,-18.44,0,"甲斐野柊太",-19.541,-45.357,0,"柴山犬吉",-16.103,-62.701,0,"Azuner",17.458,-48.453,0,"coder_",10.607,-68.869,0,"YukihiroD",29.088,-93.15,0,"Amellaid",-8.075,-110.316,0,"레이나2",-45.223,-97.114,0,0,0,0,0,0,"",0,0,0,0,2163.862,,,,0,0
3,1,1,0,0,0,2,0,0,0,0,255,255,255,2,2178.199,"눈꽃",R,26,76,127,0.04,0.957,0.171,2.005,-0.018,1.933,-36.64,24.893,87,13,0,0,0,19.178,-173.407,0,0,0,0,0,7,R,"Gonyong",170.2,85,0.2,0,164,W,Y,0,0,0,0,0,0,0,0,0,0,0,0,0,0,0,0,0.217,-37.521,0,"559：広告",-0.15,-17.993,0,"甲斐野柊太",-19.808,-44.812,0,"柴山犬吉",-16.055,-62.701,0,"Azuner",17.423,-48.415,0,"coder_",10.26,-68.577,0,"YukihiroD",29.078,-93.148,0,"Amellaid",-8.171,-110.22,0,"레이나2",-45.735,-97.572,0,0,0,0,0,0,"",0,0,0,0,2179.299,,,,0,0
4,1,1,0,0,0,0,1,0,0,0,255,255,255,3,2204.9,"눈꽃",R,26,89,140,0.916,0.527,0.167,1.86,0.373,1.765,-36.64,15.554,49,51,0,0,0,17.468,-193.063,0,0,0,0,1,6,R,"あくせる",190,89.801,0.5,0,163,W,Y,0,0,0,0,0,0,0,0,0,0,0,0,0,0,0,0,0.188,-37.587,0,"559：広告",0.092,-17.863,0,"甲斐野柊太",-19.392,-45.188,0,"柴山犬吉",-16.427,-63.015,0,"Azuner",19.965,-52.554,0,"coder_",9.853,-70.196,0,"YukihiroD",30.399,-94.525,0,"Amellaid",-8.427,-117.697,0,"레이나2",-49.425,-100.156,0,0,0,0,0,0,"",0,0,0,0,2205.646,,,,0,0
5,1,1,0,0,0,1,1,0,0,0,255,255,255,4,2220.398,"눈꽃",R,26,89,140,0.83,0.681,0.179,1.932,0.317,1.896,-36.64,16.224,51,49,0,0,0,28.434,-151.529,0,0,0,0,1,6,R,"あくせる",190,89.801,0.5,0,163,W,Y,0,0,0,0,0,0,0,0,0,0,0,0,0,0,0,0,0.31,-37.668,0,"559：広告",0.131,-17.934,0,"甲斐野柊太",-19.436,-44.878,0,"柴山犬吉",-16.446,-63.037,0,"Azuner",20.048,-52.502,0,"coder_",10.007,-70.773,0,"YukihiroD",30.33,-94.437,0,"Amellaid",-8.434,-117.808,0,"레이나2",-49.385,-100.113,0,0,0,0,0,0,"",0,0,0,0,2221.125,,,,0,0
6,1,1,0,0,0,2,1,0,0,0,255,255,255,5,2236.558,"눈꽃",R,28,88,140,0.923,1.71,0.233,2.243,0.349,2.58,-36.64,43.055,82,18,0,1,0,33.842,-99.826,0,0,0,0,1,6,R,"あくせる",190,89.801,0.5,0,163,W,Y,0,0,0,0,0,0,0,0,0,0,0,0,0,0,0,0,0.083,-37.55,0,"559：広告",-0.273,-17.971,0,"甲斐野柊太",-20.25,-44.254,0,"柴山犬吉",-16.428,-63.019,0,"Azuner",20.166,-52.414,0,"coder_",10.332,-70.373,0,"YukihiroD",30.154,-94.53,0,"Amellaid",-8.43,-117.844,0,"레이나2",-49.333,-100.108,0,0,0,0,0,0,"",0,0,0,0,2237.327,,,,0,0
7,1,1,0,0,1,2,1,0,0,0,255,255,255,6,2253.811,"눈꽃",R,28,83,134,1.624,0.013,0.254,1.807,0.697,1.524,-36.64,17.281,58,42,0,2,0,1.799,-91.78,0,0,0,0,1,6,R,"あくせる",190,89.801,0.5,3,163,W,Y,2254.934,192,34,122,92,42,145,130,112.412,-59.839,0.46,0,0.375,9.935,558.643,-109.145,0.214,-37.42,0,"559：広告",0.156,-18.063,0,"甲斐野柊太",-19.579,-45.31,0,"柴山犬吉",-16.415,-63.018,0,"Azuner",19.899,-52.445,0,"coder_",9.929,-69.691,0,"YukihiroD",30.095,-94.534,0,"Amellaid",-8.432,-117.849,0,"레이나2",-49.336,-100.183,0,0,0,0,0,0,"",0,0,0,0,,,,,4,3
8,1,1,0,0,1,2,1,0,0,0,255,255,255,7,2276.659,"눈꽃",R,13,66,107,-0.501,-0.637,0.329,1.823,0.365,1.742,-36.64,18.328,57,43,0,2,0,-307.113,387.71,0,0,0,1,1,6,R,"あくせる",190,89.801,0.5,3,162,W,Y,2277.871,255,81,177,76,53,145,129,-7.14,20.742,0.69,0,0.187,-217.531,350.875,53.189,0.23,-37.52,0,"559：広告",-0.395,-18.035,0,"甲斐野柊太",-19.538,-44.977,91,"柴山犬吉",-17.186,-62.532,99,"Azuner",19.963,-52.462,0,"coder_",6.513,-70.916,0,"YukihiroD",30.461,-95.36,0,"Amellaid",-8.894,-117.971,0,"레이나2",-50.349,-100.115,0,2277.375,-1.601,-22.687,2278.931,3,"柴山犬吉",-15.086,-58.234,0,0,,,,,134,2
9,1,1,0,0,0,0,2,0,0,0,255,255,255,8,2306.955,"눈꽃",R,26,92,140,1.02,0.083,0.209,1.822,0.437,1.485,-36.64,19.494,50,50,0,2,0,0.552,-194.747,0,0,0,1,2,4,R,"Espressο",190,85.344,0.301,3,161,W,Y,2307.848,186,191,97,96,33,145,91,17.805,7.783,-0.78,0,0.232,346.648,425.863,139.852,0.11,-37.297,120,"559：広告",0.025,-17.906,0,"甲斐野柊太",-18.352,-45.518,85,"柴山犬吉",-15.838,-63.239,0,"Azuner",19.858,-51.179,0,"coder_",11.364,-66.191,0,"YukihiroD",30.955,-93.279,0,"Amellaid",-7.981,-118.481,95,"레이나2",-49.88,-100.434,0,2311.264,-15.628,-90.672,2316.591,2,"甲斐野柊太",-19.083,-97.72,1,0,,,,,263,2
10,1,1,0,0,0,0,2,1,0,0,4,255,255,9,2397.423,"눈꽃",R,27,86,139,1.444,0.134,0.265,1.852,0.561,1.558,-36.64,23.833,52,48,0,2,0,50.426,-145.816,0,0,0,1,3,0,R,"?fredo?",190.4,86.374,0.436,3,160,W,Y,2398.507,141,132,79,83,6,141,87,-63.023,-53.345,-0.85,0,0.251,-482.489,31.85,355.233,0.225,-37.413,0,"559：広告",0.145,-17.898,0,"甲斐野柊太",-16.802,-42.032,0,"柴山犬吉",-17.245,-62.276,0,"Azuner",18.862,-53.07,0,"coder_",8.058,-71.295,0,"YukihiroD",25.402,-92.735,0,"Amellaid",-8.566,-117.076,0,"레이나2",-49.817,-101.165,0,2397.979,0.933,-20.29,0,0,"",0,0,0,0,,,,,4,3
11,1,1,0,0,0,1,2,1,0,0,4,255,255,10,2420.163,"눈꽃",R,26,85,138,2.021,0.718,0.329,1.977,0.764,1.891,-36.64,32.838,88,12,0,2,0,76.811,-182.158,0,0,0,1,3,0,R,"?fredo?",190.4,86.374,0.436,3,160,W,Y,2421.263,170,101,64,54,18,137,90,5.247,-26.095,-0.6,0,0.24,-305.804,21.007,171.571,0.199,-37.528,0,"559：広告",0.14,-17.905,0,"甲斐野柊太",-16.459,-42.775,0,"柴山犬吉",-16.877,-62.632,0,"Azuner",19.702,-53.122,120,"coder_",10.472,-70.4,0,"YukihiroD",29.104,-92.666,0,"Amellaid",-7.524,-119.954,0,"레이나2",-49.7,-102.501,0,2421.903,12.641,-44.56,2422.57,4,"Azuner",14.916,-49.869,0,0,2479.834,2425.456,,,58,2
12,1,0,0,0,0,0,0,0,0,0,255,255,255,0,2609.702,"?fredo?",L,31,86,139,0.124,-1.205,-0.211,1.639,-0.05,0.858,-36.594,8.543,40,60,0,1,0,80.608,-76.745,0,0,0,0,0,5,R,"coder_",164.1,85.758,0.305,0,156,W,Y,0,0,0,0,0,0,0,0,0,0,0,0,0,0,0,0,-0.323,-37.646,0,"kneesohime",0.066,-17.449,0,"にゃんこ65K",-16.167,-41.768,0,"vovopo 보보포",-14.681,-56.434,0,"Espressο",16.256,-45.256,0,"CoalCat",9.636,-64.565,0,"あくせる",32.091,-92.184,0,"Gonyong",-6.105,-107.712,0,"Metalu",-39.451,-82.51,0,0,0,0,0,0,"",0,0,0,0,2610.417,,,,0,0
13,1,0,0,0,1,0,0,0,0,0,255,255,255,1,2623.896,"?fredo?",L,26,87,140,0.793,1.062,-0.148,1.933,0.24,1.962,-36.594,22.778,85,15,0,0,0,80.867,-200,0,0,0,0,0,5,R,"coder_",164.1,85.758,0.305,0,156,W,Y,0,0,0,0,0,0,0,0,0,0,0,0,0,0,0,0,-0.167,-37.638,0,"kneesohime",0.023,-17.369,0,"にゃんこ65K",-18.104,-43.854,0,"vovopo 보보포",-14.125,-59.36,0,"Espressο",16.674,-48.092,0,"CoalCat",9.636,-64.559,0,"あくせる",32.373,-92.282,0,"Gonyong",-6.174,-107.632,0,"Metalu",-39.467,-82.439,0,0,0,0,0,0,"",0,0,0,0,2624.584,,,,0,0
14,1,0,0,0,1,1,0,0,0,0,255,255,255,2,2639.307,"?fredo?",L,13,83,122,2.404,-1.306,-0.15,1.82,0.233,1.535,-36.594,10.384,44,54,2,4,0,359.188,347.828,0,-0.415,-19.703,1,0,5,R,"coder_",164.1,85.758,0.305,0,156,W,Y,2643.562,0,0,0,0,0,0,0,0,0,0,0,0,0,0,0,-0.379,-37.734,0,"kneesohime",0.092,-17.525,0,"にゃんこ65K",-17.065,-41.949,0,"vovopo 보보포",-15.123,-52.716,0,"Espressο",16.886,-47.917,0,"CoalCat",8.938,-65.036,0,"あくせる",31.582,-91.989,0,"Gonyong",-6.248,-108.411,0,"Metalu",-39.611,-82.37,0,2642.806,-1.924,-20.413,2654.028,-1,"장덕춘_",-0.036,-38.174,0,0,2643.82,,,,40,0
15,1,0,0,0,1,2,0,0,0,0,255,255,255,3,2660.105,"?fredo?",L,6,69,109,-3.073,-0.188,-0.287,1.81,-0.404,1.498,-36.594,7.719,34,62,4,4,0,-495.455,0,0,0,0,1,0,5,R,"coder_",164.1,85.758,0.305,0,155,W,Y,0,0,0,0,0,0,0,0,0,0,0,0,0,0,0,0,-0.383,-37.913,0,"kneesohime",-1.567,-18.434,0,"にゃんこ65K",-19.135,-43.915,0,"vovopo 보보포",-15.686,-62.444,0,"Espressο",19.529,-49.548,0,"CoalCat",9.009,-65.085,0,"あくせる",30.412,-94.305,0,"Gonyong",-6.453,-107.638,0,"Metalu",-39.33,-82.147,0,0,0,0,0,0,"",0,0,0,0,2660.973,,,,0,0
16,1,0,0,0,0,0,1,0,0,0,255,255,255,4,2683.195,"?fredo?",L,12,88,136,0.568,-1.358,-0.146,1.603,0.252,0.849,-36.594,0.48,34,66,0,1,0,0,117.843,0,0.167,-16.42,0,1,2,R,"甲斐野柊太",190,80,0.2,0,25,W,Y,0,0,0,0,0,0,0,0,0,0,0,0,0,0,0,0,-0.182,-37.738,0,"kneesohime",0.032,-17.402,0,"にゃんこ65K",-21.286,-47.589,0,"vovopo 보보포",-14.025,-59.416,0,"Espressο",21.666,-52.56,0,"CoalCat",8.811,-65.009,0,"あくせる",30.308,-100.659,0,"Gonyong",-9.216,-118.385,0,"Metalu",-40.272,-85.619,0,0,0,0,0,0,"",0,0,0,0,2684.028,,,,0,0
17,1,0,0,0,1,0,1,0,0,0,255,255,255,5,2697.565,"?fredo?",L,13,86,125,1.558,-0.921,-0.184,1.762,0.073,1.363,-36.594,7.001,31,65,4,2,0,390.434,312.348,0,0,0,1,1,2,R,"甲斐野柊太",190,80,0.2,3,25,W,Y,2698.736,255,112,147,111,108,145,130,-15.121,-19.677,0.57,0.095,0.107,-202.158,296.031,-474.769,-0.056,-37.168,0,"kneesohime",0.191,-17.602,0,"にゃんこ65K",-20.079,-46.848,94,"vovopo 보보포",-13.543,-62.198,0,"Espressο",21.48,-52.646,0,"CoalCat",8.843,-64.939,107,"あくせる",30.149,-100.859,0,"Gonyong",-9.244,-118.463,0,"Metalu",-40.371,-85.541,0,2698.112,1.063,-22.587,2699.993,5,"CoalCat",15.645,-63.48,0,0,,,,,280,2
18,1,0,0,0,0,0,2,0,0,0,255,255,255,6,2724.752,"?fredo?",L,26,95,140,-1.358,-1.167,-0.349,1.565,-0.691,0.725,-36.594,10.438,52,48,0,1,0,93.412,-169.811,0,0,0,0,2,0,L,"눈꽃",190,85,0.497,0,154,W,Y,0,0,0,0,0,0,0,0,0,0,0,0,0,0,0,0,-0.136,-37.246,0,"kneesohime",-0.045,-17.419,0,"にゃんこ65K",-22.797,-51.181,0,"vovopo 보보포",-9.899,-60.833,0,"Espressο",24.032,-54.793,0,"CoalCat",12.439,-63.911,0,"あくせる",47.318,-101.225,0,"Gonyong",-1.902,-126.062,0,"Metalu",-40.548,-87.041,0,0,0,0,0,0,"",0,0,0,0,2725.438,,,,0,0
19,1,0,0,0,1,0,2,0,0,0,255,255,255,7,2736.857,"?fredo?",L,28,86,139,-0.214,1.071,-0.326,1.832,-0.587,1.59,-36.594,13.505,86,10,4,2,0,-2.824,-69.688,0,0,0,1,2,0,L,"눈꽃",190,85,0.497,3,154,W,Y,2738.02,240,83,76,73,22,145,106,33.853,18.686,-0.07,0,0.349,261.47,-402.522,-116.264,-0.195,-36.936,0,"kneesohime",-0.078,-17.392,0,"にゃんこ65K",-21.999,-52.471,0,"vovopo 보보포",-9.547,-60.72,0,"Espressο",23.991,-54.712,0,"CoalCat",12.077,-64.073,74,"あくせる",47.176,-101.209,0,"Gonyong",-1.296,-126.114,108,"Metalu",-39.84,-90.692,0,2742.604,-20.926,-107.659,2743.507,7,"Gonyong",-21.675,-111.239,1,0,,,,,265,2
20,1,0,0,0,0,0,2,1,0,0,10,255,255,8,2768.417,"?fredo?",L,14,98,126,-1.304,-2.055,-0.209,1.565,-0.04,0.679,-36.594,12.457,45,54,1,1,0,-390.434,312.348,0,0,0,0,3,8,R,"레이나2",180.3,80.118,0.403,0,154,W,Y,0,0,0,0,0,0,0,0,0,0,0,0,0,0,0,0,-0.138,-37.645,0,"kneesohime",-0.025,-17.338,0,"にゃんこ65K",-20.245,-42.067,0,"vovopo 보보포",-12.554,-61.296,0,"Espressο",22.377,-54.472,0,"CoalCat",9.242,-64.871,0,"あくせる",30.542,-98.84,0,"Gonyong",-0.186,-114.499,0,"Metalu",-38.846,-89.272,0,0,0,0,0,0,"",0,0,0,0,2769.264,,,,0,0
21,1,0,0,0,1,0,2,1,0,0,10,255,255,9,2782.678,"?fredo?",L,13,85,123,0.552,-0.722,-0.281,1.815,-0.376,1.531,-36.594,21.85,71,21,8,2,0,390.434,312.348,0,0,0,1,3,8,R,"레이나2",180.3,80.118,0.403,3,154,W,Y,2783.88,255,156,69,107,51,143,126,16.905,-19.792,0.26,0,0.306,-104.053,235.096,-295.913,-0.381,-37.661,0,"kneesohime",0.032,-17.568,0,"にゃんこ65K",-20.014,-45.836,0,"vovopo 보보포",-12.912,-60.82,0,"Espressο",22.337,-54.42,0,"CoalCat",9.363,-64.751,0,"あくせる",30.316,-98.837,86,"Gonyong",0.183,-113.819,0,"Metalu",-39.372,-89.945,0,0,0,0,2786.723,6,"あくせる",26.833,-104.716,0,0,2794.778,2788.673,,,70,1
22,2,1,0,0,0,0,0,0,0,0,255,255,255,11,2849.824,"눈꽃",R,26,87,140,1.19,0.267,0.266,1.918,0.482,1.636,-36.64,19.488,50,50,0,0,0,23.361,-150.131,0,0,0,0,4,2,R,"にゃんこ65K",190,91.968,0.558,0,152,W,Y,0,0,0,0,0,0,0,0,0,0,0,0,0,0,0,0,0.369,-37.707,0,"559：広告",0.05,-17.967,0,"甲斐野柊太",-19.561,-45.007,0,"柴山犬吉",-15.532,-63.718,0,"Azuner",20.492,-51.973,0,"coder_",11.21,-69.918,0,"YukihiroD",30.535,-92.281,0,"Amellaid",-8.312,-105.157,0,"레이나2",-47.168,-99.725,0,0,0,0,0,0,"",0,0,0,0,2850.417,,,,0,0
23,2,1,0,0,0,1,0,0,0,0,255,255,255,12,2864.374,"눈꽃",R,28,87,140,1.04,0.383,0.229,2.024,0.414,1.75,-36.64,24.865,91,9,0,2,0,23.502,-98.419,0,0,0,1,4,2,R,"にゃんこ65K",190,91.968,0.558,3,152,W,Y,2865.493,207,88,162,70,42,145,108,28.209,38.398,0.02,0,0.35,386.721,-97.631,88.309,0.108,-37.325,0,"559：広告",0.066,-17.939,0,"甲斐野柊太",-18.749,-44.843,0,"柴山犬吉",-15.481,-63.642,0,"Azuner",19.399,-51.272,0,"coder_",11.056,-69.483,98,"YukihiroD",30.646,-92.232,0,"Amellaid",-8.311,-105.17,0,"레이나2",-47.021,-99.076,85,0,0,0,2869.737,8,"레이나2",-55.81,-91.269,0,0,,,,,13,1
24,2,1,0,0,0,0,1,0,0,0,255,255,255,13,2893.371,"눈꽃",R,26,88,140,1.255,1.286,0.251,2.094,0.487,2.272,-36.64,31.573,88,12,0,2,0,43.984,-152.437,0,0,0,1,5,1,R,"kneesohime",190,84.513,0.501,3,152,W,Y,2894.5,255,85,95,92,43,145,106,29.341,45.014,0.91,0,0.232,45.607,209.742,-46.287,0.139,-37.623,0,"559：広告",0.026,-17.989,0,"甲斐野柊太",-19.322,-44.749,0,"柴山犬吉",-17.415,-62.291,0,"Azuner",19.063,-51.789,0,"coder_",10.045,-70.003,0,"YukihiroD",28.919,-89.532,0,"Amellaid",-9.179,-107.282,0,"레이나2",-49.78,-97.182,0,2898.577,-69.77,-82.305,0,0,"",0,0,0,0,,,,,4,3
25,2,1,0,0,0,1,1,0,0,0,255,255,255,14,2915.814,"눈꽃",R,27,89,140,1.124,0.043,0.261,1.917,0.442,1.514,-36.64,28.565,57,43,0,2,0,28.847,-127.181,0,0,0,1,5,1,R,"kneesohime",190,84.513,0.501,3,71,W,Y,2916.915,255,82,90,78,41,145,104,56.562,47.046,-0.16,0,0.193,238.169,442.906,171.032,0.145,-37.447,0,"559：広告",0.094,-18.038,0,"甲斐野柊太",-19.147,-44.339,0,"柴山犬吉",-16.671,-62.745,0,"Azuner",18.994,-51.751,0,"coder_",9.368,-69.499,0,"YukihiroD",29.515,-90.914,0,"Amellaid",-13.9,-107.376,0,"레이나2",-50.573,-97.372,0,2921.938,-64.625,-63.516,0,0,"",0,0,0,0,,,,,4,3
26,2,1,0,0,0,2,1,0,0,0,255,255,255,15,2939.766,"눈꽃",R,27,80,130,1.16,1.7,0.317,2.212,0.42,2.528,-36.64,39.366,86,14,0,2,0,50.591,-141.317,0,0,0,1,5,1,R,"kneesohime",190,84.513,0.501,3,71,W,Y,2940.931,255,25,71,60,24,141,130,-5.234,38.818,0.41,0,0.197,-86.333,526.405,-212.369,0.242,-37.539,0,"559：広告",0.311,-18.065,0,"甲斐野柊太",-24.396,-50.778,104,"柴山犬吉",-16.041,-63.128,0,"Azuner",18.987,-51.72,0,"coder_",9.849,-70.757,0,"YukihiroD",29.023,-92.231,0,"Amellaid",-8.718,-108.402,0,"레이나2",-48.058,-97.421,0,2940.549,-9.982,-31.62,2941.667,2,"甲斐野柊太",-21.555,-46.008,0,0,,,,,6,2
27,2,1,0,0,0,0,2,0,0,0,255,255,255,16,2965.893,"눈꽃",R,27,93,140,-1.753,0.058,-0.033,1.819,-0.815,1.493,-36.64,2.014,47,53,0,1,0,43.447,-141.651,0,0,0,0,6,8,L,"Metalu",174.5,85,0.305,0,150,W,Y,0,0,0,0,0,0,0,0,0,0,0,0,0,0,0,0,0.261,-37.683,0,"559：広告",-0.423,-18.159,0,"甲斐野柊太",-17.552,-44.977,0,"柴山犬吉",-11.305,-65.877,0,"Azuner",23.838,-49.39,0,"coder_",12.381,-65.412,0,"YukihiroD",41.524,-92.308,0,"Amellaid",6.556,-111.508,0,"레이나2",-37.406,-99.946,0,0,0,0,0,0,"",0,0,0,0,2966.334,,,,0,0
28,2,1,0,0,1,0,2,0,0,0,255,255,255,17,2982.563,"눈꽃",R,0,93,140,-1.463,0.941,0.095,2.185,-0.662,2.086,-36.64,31.391,86,14,0,0,0,15.465,-39.36,0,0,0,0,6,8,L,"Metalu",174.5,85,0.305,0,150,W,Y,0,0,0,0,0,0,0,0,0,0,0,0,0,0,0,0,0.142,-37.651,0,"559：広告",-0.146,-18.142,0,"甲斐野柊太",-18.133,-45.367,0,"柴山犬吉",-11.259,-65.853,0,"Azuner",23.892,-49.359,0,"coder_",12.102,-65.412,0,"YukihiroD",41.09,-92.622,0,"Amellaid",6.703,-111.709,0,"레이나2",-37.314,-100.011,0,0,0,0,0,0,"",0,0,0,0,2982.993,,,,0,0
29,2,1,0,0,1,1,2,0,0,0,255,255,255,18,2997.934,"눈꽃",R,26,90,140,-1.141,-0.57,0.039,1.738,-0.583,1.075,-36.64,6.061,50,50,0,0,0,61.466,-200,0,-0.219,-19.268,0,6,8,L,"Metalu",174.5,85,0.305,0,150,W,Y,0,0,0,0,0,0,0,0,0,0,0,0,0,0,0,0,-0.303,-37.497,0,"559：広告",-0.273,-18.741,0,"甲斐野柊太",-18.712,-45.696,0,"柴山犬吉",-11.234,-65.89,0,"Azuner",23.694,-49.449,0,"coder_",12.216,-65.571,0,"YukihiroD",41.852,-91.954,0,"Amellaid",6.06,-111.883,0,"레이나2",-37.389,-99.972,0,0,0,0,0,0,"",0,0,0,0,2999.514,,,,0,0
30,2,1,0,0,1,2,2,0,0,0,255,255,255,19,3013.617,"눈꽃",R,27,85,138,-1.094,1.632,0.079,2.037,-0.562,2.402,-36.64,21.742,90,10,0,2,0,59.283,-136.21,0,0,0,1,6,8,L,"Metalu",174.5,85,0.305,3,150,W,Y,3014.561,96,39,99,63,27,134,116,27.726,41.2,0.72,0,0.136,-134.283,-265.423,-11.871,0.04,-37.398,0,"559：広告",-0.235,-17.885,0,"甲斐野柊太",-18.712,-47.357,0,"柴山犬吉",-11.244,-65.848,0,"Azuner",23.672,-49.428,0,"coder_",12.404,-65.482,85,"YukihiroD",41.785,-91.972,0,"Amellaid",4.569,-111.643,0,"레이나2",-37.483,-99.918,100,3018.459,-61.457,-99.823,3019.896,8,"레이나2",-61.152,-103.631,1,0,,3023.887,,,13,2
31,2,1,0,0,0,0,2,0,1,0,255,8,255,20,3047.75,"눈꽃",R,27,89,140,-0.945,0.344,0.082,1.9,-0.507,1.623,-36.64,15.509,50,50,0,0,0,77.471,-149.899,0,0,0,0,7,3,L,"vovopo 보보포",165.4,80.084,0.55,0,149,W,Y,0,0,0,0,0,0,0,0,0,0,0,0,0,0,0,0,0.123,-37.564,0,"559：広告",-0.208,-17.974,0,"甲斐野柊太",-19.818,-45.026,0,"柴山犬吉",-8.749,-65.553,0,"Azuner",22.88,-49.034,0,"coder_",10.772,-64.698,0,"YukihiroD",42.18,-95.791,0,"Amellaid",5.674,-105.523,0,"레이나2",-33.48,-96.151,0,0,0,0,0,0,"",0,0,0,0,3048.264,3050.062,,,0,0
32,2,1,0,0,0,1,2,0,1,0,255,8,255,21,3065.054,"눈꽃",R,27,81,131,-0.709,0.565,0.112,2.144,-0.4,1.744,-36.64,31.378,90,10,0,2,0,58.843,-127.209,0,0,0,1,7,3,L,"vovopo 보보포",165.4,80.084,0.55,3,149,W,Y,3066.145,255,151,57,10,10,120,107,-30,30.432,0.2,0,0.493,-103.635,-410.058,223.705,0.071,-37.389,0,"559：広告",-0.094,-17.871,0,"甲斐野柊太",-18.851,-45.344,0,"柴山犬吉",-12.191,-64.659,0,"Azuner",22.335,-49.192,0,"coder_",11.489,-65.36,0,"YukihiroD",42.07,-95.762,0,"Amellaid",5.66,-105.484,0,"레이나2",-33.56,-96.293,0,3065.459,-1.115,-22.019,3067.07,2,"甲斐野柊太",-13.609,-43.571,0,0,,,3071.399,,10,2
33,2,0,0,0,0,0,0,0,0,0,255,255,255,10,3113.055,"?fredo?",L,28,91,140,-1.422,0.861,-0.335,1.976,-0.627,2.058,-36.594,22.675,86,9,5,0,0,14.702,-94.517,0,0,0,0,4,4,L,"Azuner",190,80,0.298,0,148,W,Y,0,0,0,0,0,0,0,0,0,0,0,0,0,0,0,0,-0.373,-37.52,0,"kneesohime",-0.14,-17.56,0,"にゃんこ65K",-22.742,-52.603,0,"vovopo 보보포",-7.588,-61.132,0,"Espressο",24.255,-53.277,0,"CoalCat",12.511,-63.752,0,"あくせる",51.978,-101.45,0,"Gonyong",9.736,-120.031,0,"Metalu",-33.16,-92.491,0,0,0,0,0,0,"",0,0,0,0,3113.695,,,,0,0
34,2,0,0,0,0,1,0,0,0,0,255,255,255,11,3127.014,"?fredo?",L,6,80,120,-2.453,0.369,-0.287,1.905,-0.403,1.828,-36.594,15.227,81,12,7,1,0,-399.677,0,0,0,0,0,4,4,L,"Azuner",190,80,0.298,0,148,W,Y,0,0,0,0,0,0,0,0,0,0,0,0,0,0,0,0,-0.158,-37.541,0,"kneesohime",-0.622,-17.475,0,"にゃんこ65K",-22.611,-52.745,0,"vovopo 보보포",-9.641,-60.796,0,"Espressο",24.586,-52.751,0,"CoalCat",12.545,-63.766,0,"あくせる",51.971,-101.487,0,"Gonyong",6.08,-120.686,0,"Metalu",-35.193,-90.911,0,0,0,0,0,0,"",0,0,0,0,3127.688,,,,0,0
35,2,0,0,0,1,1,0,0,0,0,255,255,255,12,3141.781,"?fredo?",L,13,82,107,1.364,-0.564,-0.241,1.864,-0.127,1.681,-36.594,22.615,73,22,5,0,0,379.786,312.348,0,0,0,1,4,4,L,"Azuner",190,80,0.298,0,148,W,Y,0,0,0,0,0,0,0,0,0,0,0,0,0,0,0,0,-0.511,-37.441,0,"kneesohime",0.26,-17.787,0,"にゃんこ65K",-22.839,-52.245,0,"vovopo 보보포",-8.95,-61.121,0,"Espressο",24.531,-52.77,0,"CoalCat",13.142,-63.429,0,"あくせる",51.906,-101.427,0,"Gonyong",5.903,-120.518,0,"Metalu",-35.275,-90.927,0,0,0,0,0,0,"",0,0,0,0,3142.528,,,,0,0
36,2,0,0,0,1,2,0,0,0,0,255,255,255,13,3156.442,"?fredo?",L,13,84,111,-1.752,-0.756,-0.202,1.83,-0.008,1.609,-36.594,18.3,76,21,3,2,0,305.248,267.255,0,0,0,1,4,4,L,"Azuner",190,80,0.298,3,148,W,Y,3157.711,189,126,89,66,50,145,118,25.588,-14.025,0.78,0,0.548,66.883,-460.181,-185.325,0.042,-37.381,0,"kneesohime",0.406,-17.863,0,"にゃんこ65K",-22.063,-53.159,85,"vovopo 보보포",-8.797,-60.712,0,"Espressο",24.626,-51.93,0,"CoalCat",12.899,-63.331,0,"あくせる",51.707,-101.357,111,"Gonyong",5.898,-120.49,0,"Metalu",-35.287,-90.89,0,3161.604,36.549,-114.621,3163.368,6,"あくせる",39.683,-120.955,1,0,,3167.844,,,154,2
37,2,0,0,0,0,0,0,0,1,0,255,14,255,14,3196.7,"?fredo?",L,26,90,125,2.144,0.173,0.07,1.789,0.838,1.507,-36.594,8.986,45,53,2,1,0,69.79,-172.752,0,0,0,0,5,6,R,"YukihiroD",173.8,80,0.4,0,147,W,Y,0,0,0,0,0,0,0,0,0,0,0,0,0,0,0,0,0.035,-37.732,0,"kneesohime",0.136,-17.256,0,"にゃんこ65K",-18.93,-43.794,0,"vovopo 보보포",-13.243,-61.278,0,"Espressο",18.822,-44.92,0,"CoalCat",4.482,-61.869,0,"あくせる",32.055,-102.03,0,"Gonyong",-3.172,-112.816,0,"Metalu",-36.362,-85.387,0,0,0,0,0,0,"",0,0,0,0,3197.362,3199.442,,,0,0
38,2,0,0,0,1,0,0,0,1,0,255,14,255,15,3213.5,"?fredo?",L,10,89,114,0.587,-0.871,-0.116,1.845,0.259,1.639,-36.594,18.567,82,13,5,2,0,0,400,0,0,0,1,5,6,R,"YukihiroD",173.8,80,0.4,3,147,W,Y,3214.698,255,154,107,100,39,145,126,-30,29.466,0.52,0,0.528,288.323,-506.909,50.762,0.162,-37.372,0,"kneesohime",0.088,-17.573,0,"にゃんこ65K",-18.676,-44.982,0,"vovopo 보보포",-12.805,-60.382,0,"Espressο",18.091,-46.347,0,"CoalCat",7.662,-61.729,0,"あくせる",33.144,-101.313,0,"Gonyong",-3.096,-112.663,0,"Metalu",-36.44,-85.413,103,3213.882,-0.468,-21.428,3216.66,8,"Metalu",-29.963,-74.135,0,0,,,3219.226,,88,2
39,2,0,0,0,0,0,1,0,0,1,255,255,14,16,3240.675,"?fredo?",L,26,97,140,1.352,-0.062,-0.101,1.774,0.459,1.404,-36.594,9.069,53,43,4,2,0,113.067,-184.873,0,0,0,1,6,1,R,"559：広告",190,85.487,0.398,3,32,W,Y,3241.779,38,115,94,77,31,64,71,-17.065,44.226,0.36,0,0.291,-139.236,-59.811,29.978,-0.199,-37.16,0,"kneesohime",0.083,-17.425,119,"にゃんこ65K",-19.267,-45.894,120,"vovopo 보보포",-14.041,-61.009,0,"Espressο",18.364,-41.478,0,"CoalCat",8.615,-64.827,0,"あくせる",28.799,-103.207,0,"Gonyong",-7.566,-112.824,0,"Metalu",-39.986,-88.972,0,3241.132,-2.069,-21.507,3243.042,2,"にゃんこ65K",-16.743,-38.545,0,0,3245.132,,3246.544,,56,2
40,2,0,0,0,0,0,2,0,0,1,255,255,14,17,3267.068,"?fredo?",L,6,71,112,-1.812,-0.636,-0.222,1.738,-0.104,1.242,-36.594,9.087,32,65,3,1,0,-438.501,0,0,0,0,0,7,3,R,"柴山犬吉",169.9,90.243,0.6,0,146,W,Y,0,0,0,0,0,0,0,0,0,0,0,0,0,0,0,0,-0.346,-38.075,0,"kneesohime",0.056,-17.545,0,"にゃんこ65K",-21.706,-47.757,0,"vovopo 보보포",-14.622,-60.969,0,"Espressο",19.547,-41.785,0,"CoalCat",9.154,-64.824,0,"あくせる",39.526,-95.828,0,"Gonyong",-9.449,-107.679,0,"Metalu",-39.919,-83.73,0,0,0,0,0,0,"",0,0,0,0,3267.799,,3269.584,,0,0
41,2,0,0,0,1,0,2,0,0,1,255,255,14,18,3284.343,"?fredo?",L,26,94,140,-1.26,0.295,-0.342,1.826,-0.66,1.563,-36.594,17.988,81,12,7,2,0,89.396,-200,0,0,0,1,7,3,R,"柴山犬吉",169.9,90.243,0.6,3,146,W,Y,3285.451,247,181,33,64,34,120,97,22.778,38.844,0.86,0,0.768,108.164,-312.679,47.357,-0.312,-37.075,0,"kneesohime",-0.567,-17.543,0,"にゃんこ65K",-21.346,-48.733,0,"vovopo 보보포",-13.907,-60.491,0,"Espressο",16.975,-44.644,0,"CoalCat",9.078,-64.073,0,"あくせる",38.598,-96.279,0,"Gonyong",-8.622,-106.578,0,"Metalu",-39.931,-83.651,113,3288.424,-43.627,-80.812,3288.584,8,"Metalu",-41.122,-76.812,0,0,,,,3290.382,196,1
42,3,1,0,0,0,0,0,0,0,0,255,255,255,22,3346.645,"눈꽃",R,26,86,140,1.098,-0.206,0.216,1.778,0.492,1.313,-36.64,23.91,49,51,0,2,0,-15.127,-155.347,0,0,0,1,8,5,R,"CoalCat",174.7,83,0.443,3,145,W,Y,3347.72,230,156,72,59,41,141,83,63.286,15.664,-0.79,0,0.5,6.962,-127.068,95.853,0.219,-37.355,0,"559：広告",0.107,-17.847,0,"甲斐野柊太",-19.216,-44.878,0,"柴山犬吉",-14.838,-63.585,85,"Azuner",20.541,-49.752,0,"coder_",11.431,-65.825,0,"YukihiroD",28.759,-88.201,0,"Amellaid",-2.831,-106.604,0,"레이나2",-44.532,-91.729,0,0,0,0,3352.854,3,"柴山犬吉",-10.287,-59.474,0,0,,,,,132,1
43,3,1,0,0,0,0,1,0,0,0,255,255,255,23,3378.246,"눈꽃",R,27,95,140,0.892,-0.803,0.177,1.78,0.344,1.024,-36.64,16.702,47,53,0,0,0,28.314,-114.55,0,-0.596,-20.812,0,0,7,R,"Gonyong",170.2,85,0.2,0,53,W,Y,0,0,0,0,0,0,0,0,0,0,0,0,0,0,0,0,0.263,-37.444,0,"559：広告",-0.009,-17.903,0,"甲斐野柊太",-19.431,-44.437,0,"柴山犬吉",-17.074,-62.342,0,"Azuner",17.604,-48.584,0,"coder_",9.332,-69.163,0,"YukihiroD",30.314,-89.348,0,"Amellaid",-7.229,-105.671,0,"레이나2",-45.027,-94.111,0,0,0,0,0,0,"",0,0,0,0,3381.139,,,,0,0
44,3,1,0,0,0,1,1,0,0,0,255,255,255,24,3395.775,"눈꽃",R,27,82,134,0.73,1.462,0.206,2.064,0.267,2.291,-36.64,29.116,89,11,0,2,0,30.841,-114.068,0,0,0,1,0,7,R,"Gonyong",170.2,85,0.2,3,53,W,Y,3397.031,203,82,93,24,24,139,98,-11.019,28.698,0.94,0,0.261,-88.384,155.093,-5.402,0.208,-37.478,0,"559：広告",0.055,-17.848,0,"甲斐野柊太",-19.382,-44.441,86,"柴山犬吉",-17.145,-62.299,0,"Azuner",17.328,-48.643,0,"coder_",9.932,-70.247,0,"YukihiroD",29.79,-90.679,0,"Amellaid",-7.165,-106.108,0,"레이나2",-45.043,-94.119,0,3396.445,-2.693,-22.899,3398.021,2,"甲斐野柊太",-14.912,-45.209,0,0,,,,,6,2
45,3,1,0,0,0,0,2,0,0,0,255,255,255,25,3422.952,"눈꽃",R,26,90,140,0.907,0.096,0.189,1.835,0.321,1.519,-36.64,18.373,48,52,0,2,0,50.297,-162.763,0,0,0,0,1,6,R,"あくせる",190,89.801,0.5,3,144,W,Y,3424.028,255,52,203,88,40,145,109,-30,39.418,0.93,0,0.158,-29.35,-113.93,14.308,0.039,-37.451,0,"559：広告",0.063,-17.9,0,"甲斐野柊太",-19.849,-44.979,0,"柴山犬吉",-17.08,-62.548,0,"Azuner",19.374,-51.84,0,"coder_",8.966,-69.675,0,"YukihiroD",31.623,-94.331,0,"Amellaid",-8.326,-109.442,0,"레이나2",-49.902,-100.556,0,3423.264,-1.032,-19.898,3424.91,2,"甲斐野柊太",-17.768,-40.305,0,0,,,,,10,2
46,3,0,0,0,0,0,0,0,0,0,255,255,255,19,3474.051,"?fredo?",L,29,99,140,1.92,-1.318,-0.065,1.606,0.626,0.71,-36.594,2.162,49,51,0,1,0,180.615,-175.346,0,0,0,0,8,7,L,"Amellaid",160,80.447,0.439,0,143,W,Y,0,0,0,0,0,0,0,0,0,0,0,0,0,0,0,0,0.052,-37.245,0,"kneesohime",0.024,-17.203,0,"にゃんこ65K",-18.886,-47.12,0,"vovopo 보보포",-9.87,-60.296,0,"Espressο",24.423,-53.565,0,"CoalCat",12.086,-62.378,0,"あくせる",42.67,-90.873,0,"Gonyong",2.575,-105.087,0,"Metalu",-35.187,-85.644,0,0,0,0,0,0,"",0,0,0,0,3474.507,,,,0,0
47,3,0,0,0,1,0,0,0,0,0,255,255,255,20,3487.516,"?fredo?",L,6,64,107,-2.402,-0.933,-0.253,1.709,-0.245,1.107,-36.594,3.768,30,70,0,2,0,-414.821,0,0,0,0,1,8,7,L,"Amellaid",160,80.447,0.439,3,143,W,Y,3488.476,220,255,88,170,80,145,116,-30,-43.799,0.75,0,0.421,196.383,172.72,-203.466,-0.06,-36.787,0,"kneesohime",-0.51,-17.394,0,"にゃんこ65K",-19.047,-47.415,93,"vovopo 보보포",-9.945,-60.215,0,"Espressο",19.766,-46.425,120,"CoalCat",11.388,-60.969,0,"あくせる",41.768,-90.802,0,"Gonyong",4.043,-108.966,0,"Metalu",-36.509,-89.285,0,3487.737,0.54,-21.784,3489.181,4,"Espressο",19.576,-41.725,0,0,,,,,28,2
48,3,0,0,0,0,0,1,0,0,0,255,255,255,21,3508.353,"?fredo?",L,3,84,122,6.816,-2.9,0.079,1.619,2.194,0.184,-36.594,19.444,33,67,0,1,0,475.132,155.723,0,1.246,-20.573,0,0,5,R,"coder_",164.1,80,0.283,0,143,W,Y,0,0,0,0,0,0,0,0,0,0,0,0,0,0,0,0,-0.146,-37.457,0,"kneesohime",0.677,-17.441,0,"にゃんこ65K",-18.909,-44.685,0,"vovopo 보보포",-11.41,-58.163,0,"Espressο",23.255,-52.242,0,"CoalCat",11.134,-64.109,0,"あくせる",35.433,-91.741,0,"Gonyong",-7.185,-104.666,0,"Metalu",-38.366,-81.229,0,0,0,0,0,0,"",0,0,0,0,3512.702,,,,0,0
49,3,0,0,0,1,0,1,0,0,0,255,255,255,22,3527.489,"?fredo?",L,26,93,140,-0.106,0.369,-0.225,1.841,-0.118,1.614,-36.594,17.107,81,14,5,0,0,58.059,-172.888,0,0,0,0,0,5,R,"coder_",164.1,80,0.283,0,143,W,Y,0,0,0,0,0,0,0,0,0,0,0,0,0,0,0,0,-0.295,-37.593,0,"kneesohime",-0.016,-17.416,0,"にゃんこ65K",-19.421,-45.721,0,"vovopo 보보포",-13.027,-60.864,0,"Espressο",23.224,-52.269,0,"CoalCat",10.747,-64.068,0,"あくせる",35.409,-91.935,0,"Gonyong",-7.093,-104.715,0,"Metalu",-38.788,-83.318,0,0,0,0,0,0,"",0,0,0,0,3528.167,,,,0,0
50,3,0,0,0,1,1,1,0,0,0,255,255,255,23,3542.02,"?fredo?",L,7,64,113,-1.707,-1.048,-0.282,1.684,-0.382,1.026,-36.594,3.521,38,62,0,2,0,-198.03,0,0,0,0,1,0,5,R,"coder_",164.1,80,0.283,3,143,W,Y,3543.189,195,113,138,121,45,145,122,24.84,11.402,0.57,0,0.373,144.462,582.234,11.608,-0.296,-37.127,0,"kneesohime",-0.827,-17.486,0,"にゃんこ65K",-19.143,-46.611,0,"vovopo 보보포",-13.43,-61.946,0,"Espressο",22.302,-53.962,0,"CoalCat",10.802,-64.008,81,"あくせる",35.345,-91.808,0,"Gonyong",-7.613,-104.403,101,"Metalu",-38.794,-83.273,0,3547.417,-36.006,-121.996,3549.237,7,"Gonyong",-33.164,-120.726,1,0,,3552.084,,,265,2
51,3,0,0,0,0,0,1,0,1,0,255,15,255,24,3576.191,"?fredo?",L,26,92,140,-0.19,0.078,-0.227,1.801,-0.127,1.491,-36.594,12.353,42,54,5,2,0,38.001,-182.952,0,0,0,1,1,2,R,"甲斐野柊太",190,80,0.2,3,142,W,Y,3577.304,255,95,145,97,43,145,95,31.952,41.461,-0.58,0,0.151,277.883,424.854,71.898,0.1,-37.524,0,"kneesohime",-0.042,-17.171,0,"にゃんこ65K",-17.855,-44.564,0,"vovopo 보보포",-13.591,-60.745,0,"Espressο",18.476,-44.609,0,"CoalCat",5.442,-61.105,0,"あくせる",31.292,-100.374,0,"Gonyong",-10.291,-117.662,0,"Metalu",-37.592,-82.301,0,3581.771,-61.539,-75.064,0,0,"",0,0,0,0,,3581.879,,,8,3
52,3,0,0,0,0,1,1,0,1,0,255,15,255,25,3625.207,"?fredo?",L,13,87,126,1.23,-0.062,-0.213,1.926,-0.062,1.896,-36.594,22.022,77,18,5,0,0,390.434,312.348,0,0,0,0,1,2,R,"甲斐野柊太",190,80,0.2,0,23,W,Y,0,0,0,0,0,0,0,0,0,0,0,0,0,0,0,0,-0.233,-37.585,0,"kneesohime",0.291,-17.448,0,"にゃんこ65K",-19.571,-41.592,0,"vovopo 보보포",-14.008,-63.573,0,"Espressο",19.47,-44.348,0,"CoalCat",2.387,-60.881,0,"あくせる",28.967,-103.658,0,"Gonyong",-17.066,-117.613,0,"Metalu",-44.303,-86.11,0,0,0,0,0,0,"",0,0,0,0,3625.966,3627.862,,,0,0
53,3,0,0,0,0,2,1,0,1,0,255,15,255,26,3642.301,"?fredo?",L,0,92,140,0.409,0.406,-0.161,1.913,0.183,1.854,-36.594,25.4,81,11,8,0,0,0,0,0,0,0,1,1,2,R,"甲斐野柊太",190,80,0.2,0,23,W,Y,0,0,0,0,0,0,0,0,0,0,0,0,0,0,0,0,-0.234,-36.98,0,"kneesohime",0.184,-17.967,0,"にゃんこ65K",-20.078,-43.776,0,"vovopo 보보포",-15.709,-62.478,0,"Espressο",19.077,-45.384,0,"CoalCat",3.869,-60.013,0,"あくせる",29.009,-102.977,0,"Gonyong",-16.838,-118.319,0,"Metalu",-44.396,-86.087,0,0,0,0,0,0,"",0,0,0,0,3642.931,3645.487,,,0,0
54,3,0,0,0,0,0,2,0,1,0,255,15,255,27,3677.273,"?fredo?",L,26,92,140,1.272,0.416,-0.065,1.863,0.628,1.69,-36.594,19.755,82,14,4,0,0,-52.731,-200,0,0,0,0,2,0,L,"눈꽃",190,85,0.497,0,141,W,Y,0,0,0,0,0,0,0,0,0,0,0,0,0,0,0,0,-0.334,-37.673,0,"kneesohime",0.033,-17.281,0,"にゃんこ65K",-22.018,-50.973,0,"vovopo 보보포",-5.228,-60.769,0,"Espressο",20.807,-47.075,0,"CoalCat",12.008,-61.973,0,"あくせる",48.453,-103.175,0,"Gonyong",-3.04,-121.737,0,"Metalu",-44.287,-89.071,0,0,0,0,0,0,"",0,0,0,0,3677.938,3680.525,,,0,0
55,3,0,0,0,0,1,2,0,1,0,255,15,255,28,3697.2,"?fredo?",L,5,83,133,-0.451,0.397,-0.263,1.911,-0.293,1.847,-36.594,29.326,69,23,8,2,0,72.053,0,0,0,0,1,2,0,L,"눈꽃",190,85,0.497,3,141,W,Y,3698.356,241,99,77,90,22,145,106,30.031,-29.931,-0.07,0,0.421,390.1,11.01,-111.526,0.331,-37.055,0,"kneesohime",-0.007,-17.361,0,"にゃんこ65K",-22.344,-51.875,0,"vovopo 보보포",-7.7,-60.653,0,"Espressο",21.221,-48.77,0,"CoalCat",12.081,-61.936,0,"あくせる",48.321,-103.168,99,"Gonyong",-2.842,-122.052,0,"Metalu",-40.712,-92.279,0,0,0,0,3702.598,6,"あくせる",44.639,-95.328,0,0,,,3702.656,,6,1
56,4,1,0,0,0,0,0,0,0,0,255,255,255,26,3757.633,"눈꽃",R,27,95,140,0.491,-0.425,0.221,1.8,0.358,1.29,-36.64,19.895,61,39,0,2,0,45.79,-142.554,0,0,0,1,2,4,R,"Espressο",190,85.344,0.301,3,140,W,Y,3758.54,225,181,99,83,36,145,102,-3.423,13.771,-0.27,0,0.255,-136.871,572.896,-114.266,-0.11,-37.337,0,"559：広告",0.106,-17.853,0,"甲斐野柊太",-19.508,-45.333,85,"柴山犬吉",-14.497,-64.208,103,"Azuner",23.465,-53.189,0,"coder_",10.582,-69.093,0,"YukihiroD",31.799,-89.86,0,"Amellaid",-3.759,-110.378,0,"레이나2",-46.461,-98.753,0,3758.014,-2.186,-29.088,3759.75,3,"柴山犬吉",-9.439,-60.44,0,0,,,,,134,2
57,4,1,0,0,0,0,1,0,0,0,255,255,255,27,3785.164,"눈꽃",R,27,94,140,1.673,-0.083,0.297,1.942,0.667,1.436,-36.64,23.256,42,58,0,2,0,38.594,-125.297,0,0,0,1,3,0,R,"?fredo?",190.4,86.374,0.436,3,140,W,Y,3786.206,253,144,61,97,43,138,85,109.056,67.264,-0.88,0,0.334,541.106,-9.018,-58.661,0.214,-37.451,0,"559：広告",0.046,-17.862,0,"甲斐野柊太",-23.144,-49.293,0,"柴山犬吉",-16.603,-62.718,0,"Azuner",24.147,-54.204,0,"coder_",10.048,-70.659,0,"YukihiroD",29.59,-92.258,0,"Amellaid",-6.998,-111.317,0,"레이나2",-47.621,-99.669,0,3790.493,52.114,5.023,0,0,"",0,0,0,0,,,,,4,3
58,4,1,0,0,0,1,1,0,0,0,255,255,255,28,3805.676,"눈꽃",R,27,90,140,1.291,0.009,0.226,1.84,0.51,1.511,-36.64,25.608,61,39,0,0,0,32.865,-109.949,0,0,0,0,3,0,R,"?fredo?",190.4,86.374,0.436,0,140,W,Y,0,0,0,0,0,0,0,0,0,0,0,0,0,0,0,0,0.101,-37.558,0,"559：広告",0.093,-17.84,0,"甲斐野柊太",-21.235,-47.211,0,"柴山犬吉",-15.68,-63.456,0,"Azuner",24.177,-54.213,0,"coder_",10.645,-69.94,0,"YukihiroD",34.028,-91.834,0,"Amellaid",-6.013,-109.492,0,"레이나2",-47.364,-99.852,0,0,0,0,0,0,"",0,0,0,0,3806.237,,,,0,0
59,4,1,0,0,0,2,1,0,0,0,255,255,255,29,3827.213,"눈꽃",R,13,72,111,-2.311,-1.352,0.175,1.709,-0.363,1.224,-36.64,14.504,43,57,0,4,0,-351.682,355.415,0,0,0,1,3,0,R,"?fredo?",190.4,86.374,0.436,0,140,W,Y,0,0,0,0,0,0,0,0,0,0,0,0,0,0,0,0,0.134,-37.595,0,"559：広告",0.059,-19.741,0,"甲斐野柊太",-20.661,-44.059,0,"柴山犬吉",-16.348,-62.784,0,"Azuner",24.405,-54.088,0,"coder_",8.349,-68.957,0,"YukihiroD",31.617,-92.985,0,"Amellaid",-5.951,-109.552,0,"레이나2",-47.457,-99.927,0,0,0,0,0,0,"",0,0,0,8,3827.903,,,,0,0
60,4,1,0,0,0,0,2,0,0,0,255,255,255,30,3851.078,"눈꽃",R,26,93,140,1.018,-0.043,0.199,1.799,0.415,1.427,-36.64,20.956,59,41,0,2,0,16.594,-170.189,0,0,0,1,4,2,R,"にゃんこ65K",190,91.968,0.558,3,139,W,Y,3852.163,225,108,144,97,65,145,115,20.481,45.247,0.14,0,0.445,338.921,-262.245,154.223,0.059,-37.297,0,"559：広告",0.156,-17.883,0,"甲斐野柊太",-21.678,-46.43,0,"柴山犬吉",-15.559,-63.591,0,"Azuner",18.749,-51.652,0,"coder_",10.016,-69.594,0,"YukihiroD",33.754,-94.45,0,"Amellaid",-4.96,-109.876,0,"레이나2",-47,-99.883,106,3855.216,-61.778,-86.799,3857.362,8,"레이나2",-68.98,-94.892,1,0,,,,,13,2
61,4,1,0,0,0,0,2,1,0,0,2,255,255,31,3886.947,"눈꽃",R,10,78,118,-1.87,-1.749,-0.016,1.636,-0.814,0.982,-36.64,18.525,47,53,0,1,0,0,400,0,-0.384,-18.564,0,5,1,R,"kneesohime",190,84.513,0.501,0,139,W,Y,0,0,0,0,0,0,0,0,0,0,0,0,0,0,0,0,-0.03,-37.608,0,"559：広告",-0.31,-18.052,0,"甲斐野柊太",-18.907,-39.591,0,"柴山犬吉",-16.762,-62.629,0,"Azuner",20.444,-51.881,0,"coder_",4.431,-69.556,0,"YukihiroD",28.382,-89.033,0,"Amellaid",-10.39,-106.548,0,"레이나2",-48.346,-98.768,0,0,0,0,0,0,"",0,0,0,0,3887.514,,,,0,0
62,4,1,0,0,1,0,2,1,0,0,2,255,255,32,3904.961,"눈꽃",R,26,90,140,1.258,0.306,0.22,1.869,0.455,1.654,-36.64,26.279,59,41,0,2,0,62.873,-159.849,0,0,0,1,5,1,R,"kneesohime",190,84.513,0.501,3,139,W,Y,3906.048,255,94,128,59,18,145,130,0.004,25.658,0.41,0,0.203,-159.068,136.444,19.843,0.056,-37.215,0,"559：広告",0.179,-17.964,0,"甲斐野柊太",-17.006,-42.685,0,"柴山犬吉",-16.786,-62.493,74,"Azuner",20.251,-51.882,0,"coder_",7.466,-70.953,0,"YukihiroD",28.363,-89.174,0,"Amellaid",-10.405,-106.523,0,"레이나2",-48.459,-98.883,0,3905.82,-9.184,-38.405,3906.882,3,"柴山犬吉",-18.693,-58.672,0,0,,3911.509,,,138,2
63,4,0,0,0,0,0,0,0,0,0,255,255,255,29,3958.694,"?fredo?",L,13,79,116,1.212,-0.941,-0.23,1.788,-0.139,1.439,-36.594,9.4,18,77,6,2,0,390.434,312.348,0,0,0,1,3,8,R,"레이나2",180.3,80.118,0.403,3,138,W,Y,3959.933,215,162,101,106,75,145,128,30.245,28.554,0.54,0,0.138,48.171,-390.935,198.536,0.013,-36.933,0,"kneesohime",0.122,-17.632,0,"にゃんこ65K",-22.531,-50.951,0,"vovopo 보보포",-14.604,-61.247,0,"Espressο",20.318,-55.287,0,"CoalCat",9.398,-64.133,77,"あくせる",30.482,-97.001,0,"Gonyong",-15.681,-118.105,104,"Metalu",-42.327,-85.678,0,3964.125,-44.195,-122.466,3965.271,7,"Gonyong",-42.46,-118.833,1,0,,3969.411,,,265,2
64,4,0,0,0,0,0,0,0,1,0,255,18,255,30,3993.851,"?fredo?",L,26,90,140,1.038,0.646,-0.092,1.907,0.501,1.833,-36.594,22.266,80,14,6,0,0,-33.875,-200,0,0,0,0,4,4,L,"Azuner",190,80,0.298,0,138,W,Y,0,0,0,0,0,0,0,0,0,0,0,0,0,0,0,0,-0.131,-37.302,0,"kneesohime",0.093,-17.214,0,"にゃんこ65K",-19.323,-45.573,0,"vovopo 보보포",-5.571,-62.213,0,"Espressο",19.237,-45.953,0,"CoalCat",11.41,-60.867,0,"あくせる",49.413,-101.019,0,"Gonyong",7.15,-122.451,0,"Metalu",-34.665,-90.896,0,0,0,0,0,0,"",0,0,0,0,3994.487,3996.101,,,0,0
65,4,0,0,0,0,1,0,0,1,0,255,18,255,31,4011.378,"?fredo?",L,26,91,140,-0.266,0.332,-0.299,1.938,-0.256,1.633,-36.594,24.577,82,11,7,0,0,110.731,-200,0,0,0,1,4,4,L,"Azuner",190,80,0.298,0,138,W,Y,0,0,0,0,0,0,0,0,0,0,0,0,0,0,0,0,-0.275,-37.763,0,"kneesohime",-0.051,-17.282,0,"にゃんこ65K",-19.371,-45.578,0,"vovopo 보보포",-4.924,-61.569,0,"Espressο",19.711,-44.439,0,"CoalCat",12.113,-61.794,0,"あくせる",49.339,-101.006,0,"Gonyong",6.982,-122.222,0,"Metalu",-34.7,-90.878,0,0,0,0,0,0,"",0,0,0,0,4011.757,4014.04,,,0,0
66,4,0,0,0,0,2,0,0,1,0,255,18,255,32,4028.814,"?fredo?",L,13,84,108,3.071,-1.044,-0.071,1.782,0.674,1.424,-36.594,13.247,34,59,6,1,0,351.286,349.265,0,0,0,0,4,4,L,"Azuner",190,80,0.298,0,137,W,Y,0,0,0,0,0,0,0,0,0,0,0,0,0,0,0,0,-0.147,-38.22,0,"kneesohime",0.178,-17.831,0,"にゃんこ65K",-19.562,-42.577,0,"vovopo 보보포",-5.26,-60.961,0,"Espressο",21.311,-45.269,0,"CoalCat",12.099,-61.866,0,"あくせる",49.331,-100.987,0,"Gonyong",6.941,-122.197,0,"Metalu",-34.719,-90.895,0,0,0,0,0,0,"",0,0,0,0,4029.306,4031.335,,,0,0
67,4,0,0,0,1,2,0,0,1,0,255,18,255,33,4045.529,"?fredo?",L,6,64,108,-1.466,-0.795,-0.22,1.838,-0.092,1.61,-36.594,10.753,48,52,0,2,0,-395.43,0,0,0,0,1,4,4,L,"Azuner",190,80,0.298,3,137,W,Y,4046.839,205,117,89,83,37,145,90,47.831,30.858,-0.81,0,0.336,577.174,126.876,53.95,0.202,-37.226,0,"kneesohime",-0.711,-17.194,0,"にゃんこ65K",-19.394,-45.835,0,"vovopo 보보포",-8.489,-61.084,0,"Espressο",20.983,-46.971,0,"CoalCat",12.201,-61.796,78,"あくせる",49.271,-100.938,0,"Gonyong",6.799,-122.236,0,"Metalu",-34.746,-90.862,106,4051.348,-38.081,-75.216,4051.556,8,"Metalu",-36.937,-73.526,0,0,,4052.367,,,328,1
68,4,0,0,0,0,0,1,0,1,0,255,18,255,34,4077.859,"?fredo?",L,26,92,140,1.136,0.514,-0.1,1.864,0.466,1.699,-36.594,14.423,85,11,4,0,0,23.966,-200,0,0,0,1,5,6,R,"YukihiroD",173.8,80,0.4,0,137,W,Y,0,0,0,0,0,0,0,0,0,0,0,0,0,0,0,0,-0.416,-37.466,0,"kneesohime",-0.025,-17.064,0,"にゃんこ65K",-20.06,-43.939,0,"vovopo 보보포",-14.466,-62.667,0,"Espressο",18.042,-44.947,0,"CoalCat",5.703,-61.077,0,"あくせる",34.581,-93.754,0,"Gonyong",-7.964,-113.078,0,"Metalu",-42.11,-87.574,0,0,0,0,0,0,"",0,0,0,0,4078.153,4080.334,,,0,0
69,4,0,0,0,0,1,1,0,1,0,255,18,255,35,4093.91,"?fredo?",L,3,87,131,1.96,0.013,-0.11,1.848,0.419,1.643,-36.594,14.167,70,21,9,2,0,297.564,40.672,0,0,0,1,5,6,R,"YukihiroD",173.8,80,0.4,3,137,W,Y,4095.092,255,57,65,11,0,122,77,-87.124,-84.211,-0.51,0,0.477,-469.959,-372.181,24.899,0.104,-37.381,0,"kneesohime",0.164,-17.308,0,"にゃんこ65K",-19.878,-46.168,0,"vovopo 보보포",-14.203,-61.883,0,"Espressο",18.264,-49.376,0,"CoalCat",5.889,-61.025,0,"あくせる",34.48,-94.983,0,"Gonyong",-6.36,-117.624,0,"Metalu",-42.131,-87.477,0,4093.903,0.784,-19.518,0,0,"",0,0,0,0,,4097.773,,,8,3
70,4,0,0,0,0,2,1,0,1,0,255,18,255,36,4119.027,"?fredo?",L,14,100,122,-0.197,-2.314,-0.104,1.549,0.521,0.674,-36.594,13.684,39,61,0,4,0,-373.608,332.29,0,-0.059,-19.621,1,5,6,R,"YukihiroD",173.8,80,0.4,0,72,W,Y,0,0,0,0,0,0,0,0,0,0,0,0,0,0,0,0,0.073,-38.418,0,"kneesohime",0.568,-19.581,0,"にゃんこ65K",-19.284,-42.259,0,"vovopo 보보포",-13.117,-62.193,0,"Espressο",21.851,-46.719,0,"CoalCat",6.206,-60.929,0,"あくせる",36.375,-94.829,0,"Gonyong",-4.626,-116.146,0,"Metalu",-40.568,-86.707,0,0,0,0,0,0,"",0,0,0,32,4119.389,4121.626,,,0,0
71,4,0,0,0,0,0,2,0,1,0,255,18,255,37,4141.748,"?fredo?",L,27,89,140,-0.958,0.614,-0.282,1.918,-0.381,1.87,-36.594,23.71,86,10,5,0,0,-20.122,-134.936,0,0,0,0,6,1,R,"559：広告",190,85.487,0.398,0,32,W,Y,0,0,0,0,0,0,0,0,0,0,0,0,0,0,0,0,-0.054,-37.962,0,"kneesohime",0.036,-17.33,0,"にゃんこ65K",-22.666,-48.704,0,"vovopo 보보포",-14.825,-63.91,0,"Espressο",19.953,-46.219,0,"CoalCat",9.031,-64.495,0,"あくせる",36.694,-98.51,0,"Gonyong",-6.994,-124.856,0,"Metalu",-42.646,-87.685,0,0,0,0,0,0,"",0,0,0,0,4142.077,4144.515,,,0,0
72,4,0,0,0,0,1,2,0,1,0,255,18,255,38,4157.944,"?fredo?",L,6,64,108,-2.364,-0.164,-0.262,1.807,-0.288,1.511,-36.594,15.503,52,48,0,2,0,-388.126,0,0,0,0,1,6,1,R,"559：広告",190,85.487,0.398,3,32,W,Y,4159.17,244,152,69,83,66,143,110,-1.735,24.588,0.92,0,0.413,-225.534,-151.678,534.91,-0.044,-37.559,0,"kneesohime",-0.647,-17.259,0,"にゃんこ65K",-22.373,-49.514,0,"vovopo 보보포",-14.299,-61.653,90,"Espressο",20.516,-49.086,0,"CoalCat",9.113,-64.391,0,"あくせる",36.487,-98.584,0,"Gonyong",-7.032,-124.709,0,"Metalu",-42.783,-87.685,0,4158.417,-5.809,-32.884,4159.952,3,"vovopo 보보포",-17.45,-56.486,0,0,,,4163.629,,148,2
73,5,1,0,0,0,0,0,0,0,0,255,255,255,33,4215.405,"눈꽃",R,27,88,140,-0.361,0.414,0.057,1.84,-0.196,1.691,-36.64,12.143,53,47,0,0,0,26.825,-150,0,0,0,0,6,8,L,"Metalu",174.5,85,0.305,0,135,W,Y,0,0,0,0,0,0,0,0,0,0,0,0,0,0,0,0,0.246,-37.617,0,"559：広告",-0.224,-18.089,0,"甲斐野柊太",-20.497,-45.988,0,"柴山犬吉",-15.376,-63.645,0,"Azuner",23.529,-48.984,0,"coder_",13.933,-64.792,0,"YukihiroD",45.892,-91.57,0,"Amellaid",8.52,-105.185,0,"레이나2",-33.621,-93.049,0,0,0,0,0,0,"",0,0,0,0,4215.424,,,,0,0
74,5,1,0,0,0,1,0,0,0,0,255,255,255,34,4232.134,"눈꽃",R,27,78,128,-1.286,0.912,0.182,2.115,-0.631,1.996,-36.64,28.833,88,12,0,2,0,42.415,-106.46,0,0,0,1,6,8,L,"Metalu",174.5,85,0.305,3,135,W,Y,4233.137,194,71,103,98,25,145,95,-2.8,-7.473,-0.28,0,0.175,260.495,-305.936,430.297,0.227,-37.438,0,"559：広告",-0.235,-18.076,0,"甲斐野柊太",-20.451,-47.04,0,"柴山犬吉",-15.207,-63.616,0,"Azuner",23.329,-48.974,0,"coder_",14.063,-66.932,98,"YukihiroD",45.751,-91.659,0,"Amellaid",8.489,-105.194,0,"레이나2",-33.691,-93.311,0,4232.389,1.773,-34.777,4234.646,5,"coder_",5.466,-69.56,1,0,,,,,7,2
75,5,1,0,0,0,0,0,1,0,0,8,255,255,35,4260.887,"눈꽃",R,27,86,139,-0.597,0.464,0.062,1.899,-0.557,1.62,-36.64,18.272,50,50,0,2,0,58.124,-121.376,0,0,0,1,7,3,L,"vovopo 보보포",165.4,80.084,0.55,3,135,W,Y,4261.88,255,222,65,19,22,132,108,99.738,-55.311,0.22,0,0.43,232.589,267.078,-120.993,0.177,-37.55,0,"559：広告",-0.044,-18.117,0,"甲斐野柊太",-15.099,-43.106,0,"柴山犬吉",-12.055,-61.989,0,"Azuner",21.05,-46.634,0,"coder_",11.158,-60.919,0,"YukihiroD",47.639,-94.415,0,"Amellaid",6.03,-102.209,0,"레이나2",-33.697,-92.804,0,4268.028,-28.221,7.178,0,0,"",0,0,0,0,,,,,4,3
76,5,1,0,0,0,1,0,1,0,0,8,255,255,36,4288.397,"눈꽃",R,27,87,140,-0.146,-0.605,0.021,1.811,-0.12,1.113,-36.64,12.981,51,49,0,0,0,40.835,-140.041,0,0,0,0,7,3,L,"vovopo 보보포",165.4,80.084,0.55,0,135,W,Y,0,0,0,0,0,0,0,0,0,0,0,0,0,0,0,0,0.154,-37.386,0,"559：広告",-0.258,-17.811,0,"甲斐野柊太",-18.917,-41.382,0,"柴山犬吉",-10.146,-60.611,0,"Azuner",21.12,-46.599,0,"coder_",10.413,-62.989,0,"YukihiroD",48.6,-95.651,0,"Amellaid",6.437,-100.193,0,"레이나2",-36.226,-92.318,0,0,0,0,0,0,"",0,0,0,0,4288.514,,,,0,0
77,5,1,0,0,0,2,0,1,0,0,8,255,255,37,4335.071,"눈꽃",R,26,90,140,-0.846,1.947,-0.026,1.87,-0.511,2.46,-36.64,12.89,47,53,0,2,0,105.128,-200,0,0,0,1,7,3,L,"vovopo 보보포",165.4,80.084,0.55,3,135,W,Y,4336.118,208,207,42,7,11,89,81,98.304,37.635,0.77,0,0.317,308.668,-276.165,94.673,0.169,-37.362,0,"559：広告",-0.128,-17.829,0,"甲斐野柊太",-15.889,-43.775,0,"柴山犬吉",-11.092,-60.445,0,"Azuner",21.056,-46.573,0,"coder_",10.78,-63.566,0,"YukihiroD",48.844,-95.364,0,"Amellaid",4.943,-99.235,0,"레이나2",-34.566,-95.271,0,4341.063,8.087,-2.199,0,0,"",0,0,0,0,,,,,4,3
78,5,1,0,0,0,2,0,1,0,0,8,255,255,38,4361.18,"눈꽃",R,26,89,140,-1.022,0.4,-0.005,1.816,-0.459,1.648,-36.64,16.543,49,51,0,2,0,10.092,-160.2,0,0,0,1,7,3,L,"vovopo 보보포",165.4,80.084,0.55,3,134,W,Y,4362.127,255,244,100,7,18,136,123,-15.078,32.871,0.33,0,0.515,133.347,-91.307,-45.007,-0.073,-37.419,0,"559：広告",-0.092,-17.888,0,"甲斐野柊太",-16.166,-43.745,120,"柴山犬吉",-11.696,-60.654,0,"Azuner",21.029,-46.43,0,"coder_",11.22,-64.762,95,"YukihiroD",37.236,-82.667,0,"Amellaid",4.386,-101.844,0,"레이나2",-37.309,-96.01,0,4361.098,-2.38,-23.897,4362.25,2,"甲斐野柊太",-13.93,-41.263,1,0,,4366.091,,,7,2
79,5,1,0,0,0,0,1,1,0,0,3,255,255,39,4395.415,"눈꽃",R,27,82,134,0.788,0.83,0.173,1.863,0.28,1.956,-36.64,20.315,50,50,0,0,0,40.095,-116.86,0,0,0,0,8,5,R,"CoalCat",174.7,83,0.443,0,134,W,Y,0,0,0,0,0,0,0,0,0,0,0,0,0,0,0,0,-0.265,-37.767,0,"559：広告",0.02,-17.907,0,"甲斐野柊太",-19.432,-41.052,0,"柴山犬吉",-12.717,-60.004,0,"Azuner",18.579,-50.095,0,"coder_",6.244,-63.947,0,"YukihiroD",27.824,-84.16,0,"Amellaid",-6.419,-104.856,0,"레이나2",-43.259,-97.356,0,0,0,0,0,0,"",0,0,0,0,4395.299,,,,0,0
80,5,1,0,0,0,1,1,1,0,0,3,255,255,40,4413.185,"눈꽃",R,27,83,134,1.43,1.379,0.251,2.052,0.54,2.242,-36.64,34.265,89,11,0,2,0,52.432,-143.494,0,0,0,1,8,5,R,"CoalCat",174.7,83,0.443,3,134,W,Y,4414.233,255,110,112,112,73,145,83,101.546,74.134,-0.91,0,0.463,173.442,-534.99,90.282,0.216,-37.506,0,"559：広告",0.088,-18.104,0,"甲斐野柊太",-17.538,-43.759,0,"柴山犬吉",-12.691,-59.896,0,"Azuner",18.058,-50.368,0,"coder_",8.49,-65.836,0,"YukihiroD",27.829,-84.185,0,"Amellaid",-6.136,-104.99,0,"레이나2",-43.19,-97.313,0,4418.333,46.705,1.807,0,0,"",0,0,0,0,,,,,4,3
81,5,1,0,0,0,2,1,1,0,0,3,255,255,41,4436.373,"눈꽃",R,13,74,112,-2.19,-1.891,0.108,1.551,-0.354,1.034,-36.64,16.623,41,59,0,4,0,-332.491,373.43,0,-0.518,-18.73,1,8,5,R,"CoalCat",174.7,83,0.443,0,133,W,Y,0,0,0,0,0,0,0,0,0,0,0,0,0,0,0,0,1.859,-37.777,0,"559：広告",-0.106,-18.292,0,"甲斐野柊太",-16.983,-42.113,0,"柴山犬吉",-12.211,-59.393,0,"Azuner",18.969,-49.8,0,"coder_",1.791,-61.708,0,"YukihiroD",27.215,-87.029,0,"Amellaid",-3.445,-106.05,0,"레이나2",-42.745,-98.415,0,0,0,0,0,0,"",0,0,0,128,4436.458,4440.445,,,0,0
82,5,0,0,0,0,0,0,0,0,0,255,255,255,39,4514.058,"?fredo?",L,26,93,140,-1.091,0.145,-0.302,1.812,-0.475,1.51,-36.594,15.195,85,9,6,2,0,6.621,-167.818,0,0,0,1,7,3,R,"柴山犬吉",169.9,90.243,0.6,3,133,W,Y,4515.173,232,176,121,84,27,145,97,114.158,-54.798,0.92,0,0.241,157.079,-351.332,204.521,-0.185,-37.012,0,"kneesohime",-0.473,-17.698,0,"にゃんこ65K",-21.585,-48.19,0,"vovopo 보보포",-13.549,-60.577,0,"Espressο",22.536,-56.239,0,"CoalCat",9.674,-64.329,0,"あくせる",37.808,-91.317,0,"Gonyong",-4.54,-111.646,0,"Metalu",-36.696,-89.361,0,0,0,0,0,0,"",0,0,0,0,,,,,8,3
83,5,0,0,0,0,1,0,0,0,0,255,255,255,40,4534.288,"?fredo?",L,10,96,128,-1.279,-1.937,-0.318,1.665,-0.548,0.978,-36.594,10.111,58,42,0,4,0,0,400,0,-0.228,-18.791,1,7,3,R,"柴山犬吉",169.9,90.243,0.6,0,133,W,Y,0,0,0,0,0,0,0,0,0,0,0,0,0,0,0,0,-0.334,-37.562,0,"kneesohime",-0.14,-17.673,0,"にゃんこ65K",-21.147,-46.687,0,"vovopo 보보포",-15.844,-64.238,0,"Espressο",22.674,-56.384,0,"CoalCat",10.627,-64.769,0,"あくせる",35.774,-91.947,0,"Gonyong",-1.041,-107.294,0,"Metalu",-40.12,-83.19,0,0,0,0,0,0,"",0,0,0,0,4534.34,,,,0,0
84,5,0,0,0,0,2,0,0,0,0,255,255,255,41,4551.904,"?fredo?",L,0,83,119,-1.175,-0.104,-0.386,1.832,-0.5,1.529,-36.594,14.963,79,13,7,2,0,0,0,0,0,0,1,7,3,R,"柴山犬吉",169.9,90.243,0.6,3,133,W,Y,4553.143,202,147,108,92,33,145,112,95.538,-68.994,0.79,0,0.077,449.187,155.197,366.259,0.12,-36.821,0,"kneesohime",-0.768,-17.628,0,"にゃんこ65K",-21.998,-48.923,0,"vovopo 보보포",-15.337,-63.315,0,"Espressο",23.219,-55.407,0,"CoalCat",10.74,-64.659,0,"あくせる",35.686,-92.028,0,"Gonyong",-1.117,-107.301,0,"Metalu",-40.095,-83.157,0,0,0,0,0,0,"",0,0,0,0,,,,,8,3
85,5,0,0,0,0,2,0,0,0,0,255,255,255,42,4572.621,"?fredo?",L,6,73,102,-4.03,0.123,-0.499,1.862,-0.928,1.679,-36.594,21.213,85,15,0,4,0,-398.777,0,0,0,0,1,7,3,R,"柴山犬吉",169.9,90.243,0.6,0,132,W,Y,0,0,0,0,0,0,0,0,0,0,0,0,0,0,0,0,-0.122,-37.544,0,"kneesohime",-1.233,-18.638,0,"にゃんこ65K",-21.559,-47.142,0,"vovopo 보보포",-15.888,-65.351,0,"Espressο",15.328,-48.925,0,"CoalCat",10.309,-65.329,0,"あくせる",35.469,-92.873,0,"Gonyong",-2.025,-110.392,0,"Metalu",-42.268,-83.914,0,0,0,0,0,0,"",0,0,0,0,4572.82,,,,0,0
86,5,0,0,0,0,0,1,0,0,0,255,255,255,43,4593.342,"?fredo?",L,29,96,140,0.255,-1.658,-0.237,1.557,-0.171,0.521,-36.594,6.924,47,53,0,1,0,213.184,-185.609,0,0.183,-16.701,0,8,7,L,"Amellaid",160,80.447,0.439,0,132,W,Y,0,0,0,0,0,0,0,0,0,0,0,0,0,0,0,0,0.109,-37.28,0,"kneesohime",0.063,-17.348,0,"にゃんこ65K",-19.992,-47.633,0,"vovopo 보보포",-9.005,-60.561,0,"Espressο",19.626,-46.359,0,"CoalCat",12.376,-63.82,0,"あくせる",39.356,-85.901,0,"Gonyong",7.153,-110.255,0,"Metalu",-34.988,-83.025,0,0,0,0,0,0,"",0,0,0,0,4593.125,,,,0,0
87,5,0,0,0,1,0,1,0,0,0,255,255,255,44,4606.785,"?fredo?",L,13,82,120,1.049,0.231,-0.355,1.886,-0.722,1.789,-36.594,16.992,72,28,0,2,0,390.434,312.348,0,0,0,1,8,7,L,"Amellaid",160,80.447,0.439,3,132,W,Y,4607.719,255,97,84,62,28,145,103,26.996,-37.138,0.13,0,0.479,223.764,-334.627,-434.864,-0.233,-36.817,0,"kneesohime",-0.161,-17.282,0,"にゃんこ65K",-19.825,-48.71,0,"vovopo 보보포",-9.815,-60.95,0,"Espressο",19.48,-46.4,105,"CoalCat",12.476,-63.736,0,"あくせる",39.273,-85.905,104,"Gonyong",5.31,-105.85,0,"Metalu",-35.041,-82.965,0,4610.583,57.1,-82.677,4614.514,6,"あくせる",69.619,-94.621,1,0,,4616.997,,,14,2
88,5,0,0,0,0,0,1,0,1,0,255,17,255,45,4641.056,"?fredo?",L,26,92,140,1.1,-0.906,-0.137,1.65,0.293,0.898,-36.594,11.877,47,51,2,0,0,140.809,-200,0,0,0,0,0,5,R,"coder_",164.1,80,0.283,0,132,W,Y,0,0,0,0,0,0,0,0,0,0,0,0,0,0,0,0,0.261,-37.199,0,"kneesohime",0.03,-17.709,0,"にゃんこ65K",-18.662,-42.17,0,"vovopo 보보포",-13.306,-63.323,0,"Espressο",18.278,-45.533,0,"CoalCat",6.859,-60.988,0,"あくせる",32.724,-93.95,0,"Gonyong",-6.397,-113.145,0,"Metalu",-36.722,-83.794,0,0,0,0,0,0,"",0,0,0,0,4641,4643.397,,,0,0
89,5,0,0,0,0,1,1,0,1,0,255,17,255,46,4658.844,"?fredo?",L,14,96,126,-2.786,-2.589,-0.217,1.711,-0.079,1.126,-36.594,17.669,33,62,5,2,1,-268.201,400,0,0,0,1,0,5,R,"coder_",164.1,80,0.283,3,132,W,Y,4660.06,253,98,151,71,35,145,124,-30,20.65,0.6,0,0.434,-213.203,153.207,-137.979,0.081,-37.571,0,"kneesohime",-0.109,-17.457,0,"にゃんこ65K",-19.384,-45.269,120,"vovopo 보보포",-13.518,-62.324,91,"Espressο",17.977,-45.449,88,"CoalCat",6.275,-61.731,0,"あくせる",32.56,-95.557,0,"Gonyong",-6.922,-110.53,0,"Metalu",-37.114,-83.403,0,4658.577,-0.363,-20.282,4660.729,3,"vovopo 보보포",-10.497,-59.911,0,0,,,4664.55,,156,2
90,5,0,0,1,0,0,2,0,0,0,255,255,255,47,4751.925,"?fredo?",L,27,97,140,1.622,-0.476,-0.072,1.709,0.597,1.193,-36.594,6.654,44,52,4,2,0,83.041,-125.917,0,0,0,1,1,2,R,"甲斐野柊太",190,80,0.2,3,23,W,Y,4753.026,245,112,75,120,85,145,91,102.848,65.974,-0.78,0.048,0.158,-1.968,-457.781,46.663,0.079,-36.735,0,"kneesohime",0.133,-17.53,0,"にゃんこ65K",-23.191,-51.57,0,"vovopo 보보포",-14.801,-60.88,0,"Espressο",19.666,-49.815,0,"CoalCat",9.32,-64.407,0,"あくせる",33.644,-99.403,0,"Gonyong",-12.245,-112.813,0,"Metalu",-39,-83.174,0,4757.813,42.176,5.907,0,0,"",0,0,0,0,,,,,8,3
91,5,0,0,1,0,1,2,0,0,0,255,255,255,48,4770.355,"?fredo?",L,26,91,140,1.195,-0.618,-0.111,1.662,0.414,1.041,-36.594,5.213,50,50,0,0,0,81.592,-200,0,0,0,0,1,2,R,"甲斐野柊太",190,80,0.2,0,23,W,Y,0,0,0,0,0,0,0,0,0,0,0,0,0,0,0,0,0.012,-37.591,0,"kneesohime",0.053,-17.155,0,"にゃんこ65K",-22.633,-51.117,0,"vovopo 보보포",-15.279,-63.2,0,"Espressο",22.644,-52.305,0,"CoalCat",9.429,-65.49,0,"あくせる",36.248,-99.708,0,"Gonyong",-9.919,-112.392,0,"Metalu",-40.239,-83.806,0,0,0,0,0,0,"",0,0,0,0,4770.465,,,,0,0
92,5,0,0,1,0,2,2,0,0,0,255,255,255,49,4785.562,"?fredo?",L,11,95,123,0.349,-1.107,-0.149,1.621,0.157,1.157,-36.594,0.39,48,52,0,2,0,0,224.144,0,0,0,1,1,2,R,"甲斐野柊太",190,80,0.2,3,23,W,Y,4786.813,181,133,43,121,84,131,90,13.705,6.55,0.94,0,0.1,92.517,256.666,77.194,-0.098,-37.471,0,"kneesohime",0.073,-17.23,0,"にゃんこ65K",-22.848,-51.874,0,"vovopo 보보포",-13.119,-61.332,0,"Espressο",22.577,-52.21,0,"CoalCat",9.464,-65.447,0,"あくせる",36.478,-99.954,0,"Gonyong",-9.969,-112.384,0,"Metalu",-40.95,-85.876,0,0,0,0,4787.91,3,"vovopo 보보포",-6.517,-64.819,0,0,,,,,132,1
93,6,1,0,1,0,0,0,0,0,0,255,255,255,42,4890.103,"눈꽃",R,27,85,138,0.967,0.082,0.247,1.876,0.406,1.516,-36.64,23.13,50,50,0,2,0,5.537,-117.391,0,0,0,0,0,7,R,"Gonyong",170.2,85,0.2,3,130,W,Y,4891.097,168,52,183,58,26,145,91,104.652,-51.097,-0.4,0,0.365,-61.144,465.908,-87.502,0.112,-37.352,0,"559：広告",0.089,-17.905,0,"甲斐野柊太",-20.242,-45.907,0,"柴山犬吉",-16.294,-62.82,0,"Azuner",17.944,-49.676,0,"coder_",8.983,-69.665,0,"YukihiroD",32.853,-93.541,0,"Amellaid",-8.368,-106.586,0,"레이나2",-44.615,-94.027,0,0,0,0,0,0,"",0,0,0,0,,,,,4,3
94,6,1,0,1,0,1,0,0,0,0,255,255,255,43,4909.897,"눈꽃",R,26,85,138,1.381,0.878,0.231,1.912,0.561,1.885,-36.64,20.82,44,56,0,2,0,24.052,-200,0,0,0,1,0,7,R,"Gonyong",170.2,85,0.2,3,130,W,Y,4911.136,185,109,80,48,19,141,120,92.926,-80.964,0.7,0,0.28,228.805,249.284,-34.416,0.339,-37.413,0,"559：広告",0.112,-17.88,0,"甲斐野柊太",-19.393,-44.775,0,"柴山犬吉",-16.64,-62.585,0,"Azuner",18.015,-49.645,0,"coder_",10.907,-65.947,0,"YukihiroD",33.922,-92.628,0,"Amellaid",-7.937,-106.873,0,"레이나2",-46.601,-94.81,0,0,0,0,0,0,"",0,0,0,0,,,,,4,3
95,6,1,0,1,0,2,0,0,0,0,255,255,255,44,4932.626,"눈꽃",R,13,70,110,-1.578,-0.931,0.246,1.787,-0.065,1.617,-36.64,15.456,55,45,0,1,0,-338.71,367.798,0,0,0,0,0,7,R,"Gonyong",170.2,85,0.2,0,130,W,Y,0,0,0,0,0,0,0,0,0,0,0,0,0,0,0,0,0.366,-37.455,0,"559：広告",-0.392,-18.021,0,"甲斐野柊太",-19.013,-44.365,0,"柴山犬吉",-17.022,-62.603,0,"Azuner",18.236,-49.65,0,"coder_",7.267,-66.833,0,"YukihiroD",29.814,-91.582,0,"Amellaid",-7.638,-110.915,0,"레이나2",-48.688,-96.711,0,0,0,0,0,0,"",0,0,0,0,4932.243,,,,0,0
96,6,1,0,1,1,2,0,0,0,0,255,255,255,45,4951.482,"눈꽃",R,13,65,108,-2.431,-2.121,0.165,1.691,-0.712,1.011,-36.64,14.467,48,52,0,1,0,-183.632,400,0,-0.517,-19.255,0,0,7,R,"Gonyong",170.2,85,0.2,0,130,W,Y,0,0,0,0,0,0,0,0,0,0,0,0,0,0,0,0,0.07,-37.418,0,"559：広告",-0.304,-18.005,0,"甲斐野柊太",-18.93,-44.427,0,"柴山犬吉",-16.549,-62.928,0,"Azuner",18.164,-49.63,0,"coder_",5.544,-67.469,0,"YukihiroD",29.617,-91.742,0,"Amellaid",-7.632,-110.885,0,"레이나2",-48.578,-96.776,0,0,0,0,0,0,"",0,0,0,0,4951.07,,,,0,0
97,6,1,0,1,2,2,0,0,0,0,255,255,255,46,4972.967,"눈꽃",R,26,88,140,1.201,-0.238,0.206,1.755,0.464,1.267,-36.64,20.185,51,49,0,2,0,38.799,-195.551,0,0,0,1,0,7,R,"Gonyong",170.2,85,0.2,3,130,W,Y,4974.026,255,146,137,41,10,145,86,12.282,7.706,-0.66,0.143,0.373,344.781,446.888,55.558,0.12,-37.293,0,"559：広告",0.155,-18.064,0,"甲斐野柊太",-19.36,-45.267,0,"柴山犬吉",-16,-63.047,0,"Azuner",18.122,-49.626,0,"coder_",7.915,-69.779,0,"YukihiroD",29.617,-91.729,0,"Amellaid",-7.679,-110.845,89,"레이나2",-47.829,-97.459,0,4975.07,-10.682,-73.504,4977.021,7,"Amellaid",-15.814,-91.528,1,0,,,,,260,2
98,6,1,0,1,0,0,0,1,0,0,7,255,255,47,5004.176,"눈꽃",R,26,86,139,1.345,0.182,0.263,1.876,0.544,1.581,-36.64,24.536,49,51,0,0,0,24.81,-150.582,0,0,0,0,1,6,R,"あくせる",190,89.801,0.5,0,129,W,Y,0,0,0,0,0,0,0,0,0,0,0,0,0,0,0,0,-0.27,-37.274,0,"559：広告",-0.021,-18.266,0,"甲斐野柊太",-18.622,-42.261,0,"柴山犬吉",-14.322,-59.093,0,"Azuner",18.917,-53.222,0,"coder_",4.337,-65.342,0,"YukihiroD",28.121,-92.321,0,"Amellaid",-8.034,-104.956,0,"레이나2",-50.784,-100.127,0,0,0,0,0,0,"",0,0,0,1,5003.729,,,,0,0
99,6,1,0,1,0,1,1,0,0,0,255,255,255,48,5050.294,"눈꽃",R,27,91,140,1.1,0.377,0.188,1.86,0.444,1.714,-36.64,17.294,51,49,0,2,0,21.702,-142.098,0,0,0,1,1,6,R,"あくせる",190,89.801,0.5,3,129,W,Y,5051.362,255,67,145,92,37,145,130,-30,42.543,0.4,0,0.33,-267.65,330.627,-43.273,0.073,-37.385,0,"559：広告",0.076,-18.021,0,"甲斐野柊太",-19.323,-45.017,86,"柴山犬吉",-16.537,-62.917,0,"Azuner",18.829,-52.509,0,"coder_",7.407,-70.683,0,"YukihiroD",27.965,-92.391,0,"Amellaid",-7.476,-107.477,0,"레이나2",-49.77,-100.989,0,5049.632,-1.365,-20.618,5051.125,2,"甲斐野柊太",-17.85,-42.722,0,0,,,,,6,2
100,6,1,0,1,0,0,2,0,0,0,255,255,255,49,5074.037,"눈꽃",R,26,92,140,0.857,0.343,0.217,1.894,0.349,1.643,-36.64,17.928,45,55,0,2,0,12.991,-198.083,0,0,0,1,2,4,R,"Espressο",190,85.344,0.301,3,128,W,Y,5074.995,255,169,94,79,51,145,102,99.916,61.279,-0.27,0.095,0.369,-6.163,33.825,-11.005,0.213,-37.222,0,"559：広告",0.04,-18.013,0,"甲斐野柊太",-22.265,-48.055,0,"柴山犬吉",-15.013,-63.692,0,"Azuner",21.842,-52.001,0,"coder_",9.466,-70.516,0,"YukihiroD",28.669,-94.336,0,"Amellaid",-8.057,-106.475,0,"레이나2",-49.728,-101.212,0,5080.104,37.136,-0.241,0,0,"",0,0,0,0,,,,,4,3
101,6,1,0,1,0,1,2,0,0,0,255,255,255,50,5095.861,"눈꽃",R,26,88,140,5.942,-0.959,0.181,1.74,0.433,1.397,-36.64,15.728,45,55,0,2,0,1.221,-156.497,0,0,0,1,2,4,R,"Espressο",190,85.344,0.301,3,49,W,Y,5096.73,135,200,95,98,47,141,91,14.508,11.845,-0.68,0,0.246,245.564,199.087,-1.083,0.231,-37.367,0,"559：広告",0.088,-17.843,0,"甲斐野柊太",-21.401,-47.122,0,"柴山犬吉",-14.999,-63.891,88,"Azuner",21.861,-51.941,0,"coder_",10.374,-70.059,0,"YukihiroD",30.174,-95.147,0,"Amellaid",-7.014,-106.209,0,"레이나2",-51.762,-100.994,0,0,0,0,5097.688,3,"柴山犬吉",-11.349,-68.857,0,0,,,,,136,1
102,6,0,0,1,0,0,0,0,0,0,255,255,255,50,5155.027,"?fredo?",L,26,94,140,-1.117,-0.19,-0.299,1.777,-0.459,1.413,-36.594,9.709,45,55,0,2,0,48.886,-200,0,0,0,1,2,0,L,"눈꽃",190,85,0.497,3,84,W,Y,5156.119,255,67,88,91,41,145,95,46.142,36.906,-0.57,0,0.465,458.748,-98.785,-260.001,-0.083,-37.21,0,"kneesohime",-0.13,-17.546,0,"にゃんこ65K",-22.522,-52.525,0,"vovopo 보보포",-10.682,-60.527,86,"Espressο",24.03,-54.497,0,"CoalCat",12.585,-62.963,0,"あくせる",50.024,-101.336,0,"Gonyong",1.002,-119.46,0,"Metalu",-38.13,-89.464,86,0,0,0,5160.132,8,"Metalu",-42.839,-78.854,0,0,,,,,200,1
103,6,0,0,1,0,0,1,0,0,0,255,255,255,51,5188.599,"?fredo?",L,29,89,140,-0.248,-1.788,-0.271,1.482,-0.331,0.394,-36.594,10.927,52,48,0,1,0,170.615,-155.593,0,0.05,-17.097,0,3,8,R,"레이나2",180.3,80.118,0.403,0,128,W,Y,0,0,0,0,0,0,0,0,0,0,0,0,0,0,0,0,0.024,-37.187,0,"kneesohime",-0.035,-17.692,0,"にゃんこ65K",-22.046,-50.892,0,"vovopo 보보포",-15.195,-64.916,0,"Espressο",22.575,-55.162,0,"CoalCat",9.197,-64.98,0,"あくせる",35.894,-97.059,0,"Gonyong",-7.931,-116.906,0,"Metalu",-38.734,-86.868,0,0,0,0,0,0,"",0,0,0,0,5188.271,,,,0,0
104,6,0,0,1,1,0,1,0,0,0,255,255,255,52,5200.929,"?fredo?",L,26,94,140,-0.727,0.568,-0.269,1.88,-0.323,1.753,-36.594,19.872,79,13,8,0,0,10.775,-200,0,0,0,1,3,8,R,"레이나2",180.3,80.118,0.403,0,128,W,Y,0,0,0,0,0,0,0,0,0,0,0,0,0,0,0,0,-0.154,-37.389,0,"kneesohime",-0.105,-17.599,0,"にゃんこ65K",-22.03,-50.882,0,"vovopo 보보포",-15.462,-64.052,0,"Espressο",22.604,-55.155,0,"CoalCat",9.143,-64.927,0,"あくせる",35.842,-96.956,0,"Gonyong",-9.08,-116.714,0,"Metalu",-38.94,-86.784,0,0,0,0,0,0,"",0,0,0,0,5200.549,,,,0,0
105,6,0,0,1,1,1,1,0,0,0,255,255,255,53,5215.879,"?fredo?",L,10,96,128,-2.371,-0.918,-0.385,1.805,-0.861,1.494,-36.594,23.08,88,12,0,4,0,-105.397,400,0,0,0,1,3,8,R,"레이나2",180.3,80.118,0.403,0,127,W,Y,0,0,0,0,0,0,0,0,0,0,0,0,0,0,0,0,-0.375,-37.598,0,"kneesohime",-0.148,-17.601,0,"にゃんこ65K",-22.116,-50.362,0,"vovopo 보보포",-15.147,-64.937,0,"Espressο",22.9,-54.802,0,"CoalCat",9.094,-65.056,0,"あくせる",36.335,-98.343,0,"Gonyong",-9.09,-116.776,0,"Metalu",-41.159,-85.232,0,0,0,0,0,0,"",0,0,0,0,5215.577,,,,0,0
106,6,0,0,1,1,2,1,0,0,0,255,255,255,54,5228.604,"?fredo?",L,6,73,114,-2.729,-1.024,-0.294,1.658,-0.436,0.993,-36.594,8.794,50,50,0,4,0,-422.252,0,0,0,0,1,3,8,R,"레이나2",180.3,80.118,0.403,0,127,W,Y,0,0,0,0,0,0,0,0,0,0,0,0,0,0,0,0,-0.253,-37.88,0,"kneesohime",-0.874,-19.061,0,"にゃんこ65K",-22.038,-49.066,0,"vovopo 보보포",-14.972,-65.058,0,"Espressο",22.895,-54.798,0,"CoalCat",8.429,-65.191,0,"あくせる",36.326,-98.353,0,"Gonyong",-12.359,-117.253,0,"Metalu",-40.431,-87.027,0,0,0,0,0,0,"",0,0,0,0,5228.389,,,,0,0
107,6,0,0,1,0,0,2,0,0,0,255,255,255,55,5252.624,"?fredo?",L,13,85,109,1.689,-0.866,-0.194,1.77,0.02,1.479,-36.594,6.642,18,82,0,1,0,386.885,312.348,0,0,0,0,4,4,L,"Azuner",190,80,0.298,0,127,W,Y,0,0,0,0,0,0,0,0,0,0,0,0,0,0,0,0,-0.487,-37.421,0,"kneesohime",0.442,-17.934,0,"にゃんこ65K",-21.958,-51.221,0,"vovopo 보보포",-7.25,-61.639,0,"Espressο",24.549,-53.027,0,"CoalCat",12.664,-63.981,0,"あくせる",51.084,-104.431,0,"Gonyong",5.861,-125.996,0,"Metalu",-34.9,-88.97,0,0,0,0,0,0,"",0,0,0,0,5252.368,,,,0,0
108,6,0,0,1,1,0,2,0,0,0,255,255,255,56,5270.244,"?fredo?",L,28,92,140,0.307,0.567,-0.177,1.918,0.105,1.871,-36.594,17.396,80,15,5,2,0,25.114,-97.8,0,0,0,1,4,4,L,"Azuner",190,80,0.298,3,127,W,Y,5271.348,178,159,94,70,44,145,130,98.66,79.477,0.45,0,0.367,83.742,-326.794,31.503,-0.181,-37.084,0,"kneesohime",0.069,-17.446,0,"にゃんこ65K",-21.937,-51.184,0,"vovopo 보보포",-9.336,-61.342,0,"Espressο",24.47,-53.01,0,"CoalCat",12.438,-63.733,0,"あくせる",50.014,-105.258,0,"Gonyong",5.88,-125.902,0,"Metalu",-34.894,-88.973,0,0,0,0,0,0,"",0,0,0,0,,,,,8,3
109,6,0,0,1,1,1,2,0,0,0,255,255,255,57,5288.661,"?fredo?",L,28,86,139,-1.138,0.741,-0.314,1.962,-0.53,2.011,-36.594,22.229,90,10,0,0,0,32.47,-60.306,0,0,0,1,4,4,L,"Azuner",190,80,0.298,0,127,W,Y,0,0,0,0,0,0,0,0,0,0,0,0,0,0,0,0,-0.473,-37.858,0,"kneesohime",-0.158,-17.475,0,"にゃんこ65K",-21.946,-51.179,0,"vovopo 보보포",-9.908,-61.608,0,"Espressο",24.531,-53.01,0,"CoalCat",12.325,-63.991,0,"あくせる",49.952,-102.869,0,"Gonyong",9.364,-126.745,0,"Metalu",-34.966,-89.492,0,0,0,0,0,0,"",0,0,0,0,5288.285,,,,0,0
110,6,0,0,1,1,2,2,0,0,0,255,255,255,58,5305.47,"?fredo?",L,10,93,117,1.05,-0.883,-0.052,1.792,0.458,1.526,-36.594,12.773,86,13,1,0,0,0,399.99,0,0,0,0,4,4,L,"Azuner",190,80,0.298,0,127,W,Y,0,0,0,0,0,0,0,0,0,0,0,0,0,0,0,0,-0.313,-37.928,0,"kneesohime",0.089,-17.505,0,"にゃんこ65K",-21.716,-49.827,0,"vovopo 보보포",-5.836,-60.852,0,"Espressο",23.76,-52.865,0,"CoalCat",12.382,-63.948,0,"あくせる",49.938,-102.91,0,"Gonyong",11.784,-124.864,0,"Metalu",-34.955,-89.529,0,0,0,0,0,0,"",0,0,0,0,5305.167,,,,0,0
111,7,1,0,1,0,0,0,0,0,0,255,255,255,51,5367.069,"눈꽃",R,27,92,140,1.366,0.066,0.286,1.896,0.529,1.526,-36.64,20.764,59,41,0,2,0,41.727,-131.95,0,0,0,1,3,0,R,"?fredo?",190.4,86.374,0.436,3,126,W,Y,5368.138,220,85,129,66,22,145,89,7.533,-2.162,-0.89,0,0.322,108.138,-69.564,82.081,0.266,-37.49,0,"559：広告",0.05,-17.873,0,"甲斐野柊太",-20.244,-45.376,85,"柴山犬吉",-16.242,-63.124,0,"Azuner",22.148,-52.114,0,"coder_",9.324,-71.047,98,"YukihiroD",46.649,-105.13,0,"Amellaid",-6.137,-107.963,0,"레이나2",-50.24,-98.477,0,5368.132,1.981,-59.736,5368.993,5,"coder_",2.015,-67.576,0,0,,,,,7,2
112,7,1,0,1,0,0,1,0,0,0,255,255,255,52,5392.738,"눈꽃",R,27,95,140,1.106,-0.151,0.146,1.882,0.407,1.378,-36.64,22.421,45,55,0,0,0,51.701,-143.061,0,0,0,0,4,2,R,"にゃんこ65K",190,91.968,0.558,0,126,W,Y,0,0,0,0,0,0,0,0,0,0,0,0,0,0,0,0,0.017,-37.632,0,"559：広告",0.05,-17.877,0,"甲斐野柊太",-20.41,-46.222,0,"柴山犬吉",-16.941,-62.099,0,"Azuner",18.884,-51.303,0,"coder_",7.352,-68.201,0,"YukihiroD",28.726,-88.452,0,"Amellaid",-5.714,-108.178,0,"레이나2",-51.241,-99.111,0,0,0,0,0,0,"",0,0,0,0,5392.139,,,,0,0
113,7,1,0,1,0,1,1,0,0,0,255,255,255,53,5407.564,"눈꽃",R,27,95,140,1.314,-0.403,0.256,1.777,0.531,1.228,-36.64,19.012,53,47,0,0,0,24.726,-137.807,0,0,0,0,4,2,R,"にゃんこ65K",190,91.968,0.558,0,126,W,Y,0,0,0,0,0,0,0,0,0,0,0,0,0,0,0,0,0.315,-37.596,0,"559：広告",0.065,-17.929,0,"甲斐野柊太",-20.438,-46.214,0,"柴山犬吉",-16.951,-62.231,0,"Azuner",18.657,-51.574,0,"coder_",6.412,-68.266,0,"YukihiroD",28.746,-88.463,0,"Amellaid",-5.696,-106.504,0,"레이나2",-50.773,-99.056,0,0,0,0,0,0,"",0,0,0,0,5406.945,,,,0,0
114,7,1,0,1,0,2,1,0,0,0,255,255,255,54,5425.99,"눈꽃",R,13,61,104,-1.584,-1.388,0.246,1.757,0.043,1.188,-36.64,21.358,59,41,0,4,0,-369.138,312.348,0,0,0,1,4,2,R,"にゃんこ65K",190,91.968,0.558,0,126,W,Y,0,0,0,0,0,0,0,0,0,0,0,0,0,0,0,0,-0.017,-37.385,0,"559：広告",0.629,-19.607,0,"甲斐野柊太",-20.351,-46.172,0,"柴山犬吉",-17.155,-61.802,0,"Azuner",18.86,-51.403,0,"coder_",6.556,-71.72,0,"YukihiroD",26.693,-88.909,0,"Amellaid",-5.717,-106.493,0,"레이나2",-50.922,-99.14,0,0,0,0,0,0,"",0,0,0,16,5425.632,,,,0,0
115,7,1,0,1,0,0,2,0,0,0,255,255,255,55,5448.722,"눈꽃",R,26,91,140,1.082,0.928,0.195,1.965,0.397,2.045,-36.64,16.43,56,44,0,0,0,49.74,-158.577,0,0,0,1,5,1,R,"kneesohime",190,84.513,0.501,0,126,W,Y,0,0,0,0,0,0,0,0,0,0,0,0,0,0,0,0,0.271,-37.745,0,"559：広告",0.104,-17.802,0,"甲斐野柊太",-22.356,-47.341,0,"柴山犬吉",-17.235,-62.399,0,"Azuner",18.822,-51.402,0,"coder_",7.508,-70.916,0,"YukihiroD",27.424,-89.603,0,"Amellaid",-6.376,-106.44,0,"레이나2",-50.878,-98.953,0,0,0,0,0,0,"",0,0,0,0,5448.202,,,,0,0
116,7,1,0,1,0,1,2,0,0,0,255,255,255,56,5465.076,"눈꽃",R,27,91,140,-9.684,-0.136,0.282,1.988,0.672,1.603,-36.64,26.464,90,10,0,2,0,39.455,-137.338,0,0,0,1,5,1,R,"kneesohime",190,84.513,0.501,3,126,W,Y,5466.156,255,99,91,85,47,145,97,42.949,0.973,-0.49,0,0.196,-11.468,505.55,322.936,0.123,-37.252,0,"559：広告",0.059,-17.902,0,"甲斐野柊太",-22.787,-48.616,0,"柴山犬吉",-17.174,-62.376,0,"Azuner",18.591,-51.458,0,"coder_",9.236,-69.156,0,"YukihiroD",26.865,-91.44,0,"Amellaid",-6.247,-106.462,76,"레이나2",-50.685,-99.09,0,5469.583,-12.583,-91.647,5469.861,7,"Amellaid",-12.093,-89.926,0,0,,,,,264,1
117,7,0,0,1,0,0,0,0,0,0,255,255,255,59,5520.975,"?fredo?",L,28,85,137,0.616,1.302,-0.134,2.021,0.309,2.256,-36.594,29.87,80,16,5,4,0,-25.704,-84.246,0,0,0,1,5,6,R,"YukihiroD",173.8,80,0.4,0,125,W,Y,0,0,0,0,0,0,0,0,0,0,0,0,0,0,0,0,-0.364,-37.081,0,"kneesohime",0.042,-17.285,0,"にゃんこ65K",-21.156,-49.125,0,"vovopo 보보포",-15.298,-61.451,0,"Espressο",18.329,-49.78,0,"CoalCat",10.021,-64.759,0,"あくせる",31.137,-94.912,0,"Gonyong",-7.172,-106.015,0,"Metalu",-38.213,-84.159,0,0,0,0,0,0,"",0,0,0,0,5520.473,,,,0,0
118,7,0,0,1,0,1,0,0,0,0,255,255,255,60,5537.377,"?fredo?",L,14,94,126,-1.345,-2.4,-0.229,1.578,-0.133,0.688,-36.594,1.56,49,50,2,4,0,-288.15,400,0,0,0,1,5,6,R,"YukihiroD",173.8,80,0.4,0,125,W,Y,0,0,0,0,0,0,0,0,0,0,0,0,0,0,0,0,-0.154,-37.338,0,"kneesohime",-0.059,-17.395,0,"にゃんこ65K",-20.636,-47.916,0,"vovopo 보보포",-12.313,-61.573,0,"Espressο",18.965,-49.374,0,"CoalCat",10.018,-64.814,0,"あくせる",31.171,-95.174,0,"Gonyong",-8.688,-105.907,0,"Metalu",-38.279,-84.082,0,0,0,0,0,0,"",0,0,0,0,5536.973,,,,0,0
119,7,0,0,1,0,2,0,0,0,0,255,255,255,61,5552.774,"?fredo?",L,6,64,94,-4.047,0.097,-0.452,1.861,-0.782,1.676,-36.594,19.341,70,28,2,4,0,-427.273,0,0,0,0,1,5,6,R,"YukihiroD",173.8,80,0.4,0,125,W,Y,0,0,0,0,0,0,0,0,0,0,0,0,0,0,0,0,-0.425,-37.49,0,"kneesohime",-0.037,-18.877,0,"にゃんこ65K",-21.951,-48.017,0,"vovopo 보보포",-14.454,-62.76,0,"Espressο",18.945,-49.244,0,"CoalCat",10.001,-64.843,0,"あくせる",30.048,-96.269,0,"Gonyong",-8.797,-105.901,0,"Metalu",-38.752,-83.243,0,0,0,0,0,0,"",0,0,0,32,5552.479,,,,0,0
120,7,0,0,1,0,0,1,0,0,0,255,255,255,62,5573.785,"?fredo?",L,10,89,114,0.536,-1.108,-0.124,1.738,0.237,1.409,-36.594,9.311,49,51,0,1,0,0,400,0,0,0,0,6,1,R,"559：広告",190,85.487,0.398,0,125,W,Y,0,0,0,0,0,0,0,0,0,0,0,0,0,0,0,0,-0.101,-37.608,0,"kneesohime",0.064,-17.582,0,"にゃんこ65K",-22.344,-50.701,0,"vovopo 보보포",-12.627,-61.883,0,"Espressο",18.999,-49.291,0,"CoalCat",9.752,-65.053,0,"あくせる",34.617,-98.043,0,"Gonyong",-17.307,-121.298,0,"Metalu",-38.586,-86.06,0,0,0,0,0,0,"",0,0,0,0,5573.479,,,,0,0
121,7,0,0,1,1,0,1,0,0,0,255,255,255,63,5587.844,"?fredo?",L,3,86,125,3.117,-0.234,-0.116,1.822,0.392,1.56,-36.594,7.676,23,70,6,3,0,500,0,0,-0.578,-20.889,0,6,1,R,"559：広告",190,85.487,0.398,0,125,W,Y,0,0,0,0,0,0,0,0,0,0,0,0,0,0,0,0,-0.076,-37.354,0,"kneesohime",0.16,-17.923,0,"にゃんこ65K",-22.345,-50.701,0,"vovopo 보보포",-13.766,-63.32,0,"Espressο",19.038,-49.23,0,"CoalCat",9.75,-65.121,0,"あくせる",34.689,-98.11,0,"Gonyong",-13.082,-121.341,0,"Metalu",-39.237,-85.924,0,0,0,0,0,0,"",0,0,0,0,5590.271,,,,0,6
122,7,0,0,1,0,0,1,1,0,0,11,255,255,64,5611.781,"?fredo?",L,30,88,140,0.898,-1.477,-0.204,1.687,0.208,0.648,-36.594,19.524,36,59,4,1,0,139.988,-113.714,0,0,0,0,7,3,R,"柴山犬吉",169.9,90.243,0.6,0,125,W,Y,0,0,0,0,0,0,0,0,0,0,0,0,0,0,0,0,0.425,-37.845,0,"kneesohime",-0.441,-18.413,0,"にゃんこ65K",-19.786,-42.227,0,"vovopo 보보포",-12.965,-61.862,0,"Espressο",19.039,-49.323,0,"CoalCat",8.042,-62.585,0,"あくせる",40.272,-93.636,0,"Gonyong",-11.289,-104.934,0,"Metalu",-41.002,-80.577,0,0,0,0,0,0,"",0,0,0,0,5611.264,,,,0,0
123,7,0,0,1,1,0,1,1,0,0,11,255,255,65,5643.765,"?fredo?",L,26,90,140,1.552,-0.942,-0.347,1.885,-0.686,1.777,-36.594,20.98,85,15,0,2,0,45.346,-170.537,0,0,0,1,7,3,R,"柴山犬吉",169.9,90.243,0.6,3,125,W,Y,5644.866,245,68,112,53,26,145,120,26.443,23.287,0.72,0,0.208,376.853,393.095,1.022,0.243,-36.939,0,"kneesohime",-0.394,-17.689,0,"にゃんこ65K",-19.949,-45.522,0,"vovopo 보보포",-14.364,-61.116,0,"Espressο",18.273,-49.524,0,"CoalCat",8.068,-62.573,85,"あくせる",40.281,-93.734,0,"Gonyong",-12.138,-107.9,0,"Metalu",-40.992,-80.556,103,5648.202,-51.996,-114.626,5650.5,8,"Metalu",-51.519,-109.256,1,0,,5651.116,5656.492,,328,2
124,7,0,0,1,0,0,1,0,1,1,255,13,11,66,5680.778,"?fredo?",L,3,86,125,-0.272,-0.436,-0.374,1.844,-0.807,1.624,-36.594,18.878,64,26,10,0,0,447.146,212.621,0,1.927,-18.376,0,8,7,L,"Amellaid",160,80.447,0.439,0,124,W,Y,0,0,0,0,0,0,0,0,0,0,0,0,0,0,0,0,-0.304,-37.208,0,"kneesohime",1.298,-17.947,0,"にゃんこ65K",-18.402,-44.332,0,"vovopo 보보포",-8.318,-61.973,0,"Espressο",20.863,-47.805,0,"CoalCat",11.789,-62.164,0,"あくせる",41.671,-92.46,0,"Gonyong",4.388,-109.878,0,"Metalu",-35.417,-86.814,0,0,0,0,0,0,"",0,0,0,0,5682.382,5684.864,5682.865,,0,0
125,7,0,0,1,0,1,1,0,1,1,255,13,11,67,5699.366,"?fredo?",L,26,91,140,-1.512,-0.311,-0.368,1.737,-0.779,1.216,-36.594,15.047,45,51,4,2,0,97.073,-200,0,0,0,1,8,7,L,"Amellaid",160,80.447,0.439,3,124,W,Y,5700.247,255,70,46,0,26,72,62,-25.497,11.155,-0.84,0,0.432,-282.174,106.381,-319.703,-0.168,-37.131,120,"kneesohime",-0.206,-17.565,0,"にゃんこ65K",-18.409,-43.858,85,"vovopo 보보포",-10.457,-60.043,0,"Espressο",16.827,-43.452,0,"CoalCat",11.982,-59.464,107,"あくせる",40.837,-93.014,0,"Gonyong",4.474,-109.935,0,"Metalu",-34.229,-86.372,0,5698.493,-0.529,-20.801,5700.208,0,"?fredo?",-1.493,-36.306,1,0,,5703.44,5703.111,,284,2
126,7,0,0,1,0,0,1,1,1,1,17,13,11,68,5863.31,"?fredo?",L,26,90,140,1.523,-0.255,-0.077,1.748,0.571,1.266,-36.594,5.327,42,58,0,1,0,70.068,-183.644,0,0,0,0,0,5,R,"coder_",164.1,80,0.283,0,123,W,Y,0,0,0,0,0,0,0,0,0,0,0,0,0,0,0,0,-0.088,-37.909,0,"kneesohime",0.058,-17.696,0,"にゃんこ65K",-19.234,-41.653,0,"vovopo 보보포",-13.739,-62.026,0,"Espressο",16.184,-45.414,0,"CoalCat",7.707,-61.52,0,"あくせる",34.96,-99.468,0,"Gonyong",-8.597,-108.452,0,"Metalu",-37.304,-81.955,0,0,0,0,0,0,"",0,0,0,0,5862.896,5865.96,5866.032,,0,0
127,7,0,0,1,1,0,1,1,1,1,17,13,11,69,5876.411,"?fredo?",L,14,97,126,-0.943,-2.178,-0.161,1.627,0.18,0.814,-36.594,5.584,40,57,3,4,0,-378.195,327.06,0,-0.22,-19.068,1,0,5,R,"coder_",164.1,80,0.283,0,123,W,Y,0,0,0,0,0,0,0,0,0,0,0,0,0,0,0,0,-0.392,-37.461,0,"kneesohime",-0.167,-18.886,0,"にゃんこ65K",-17.948,-42.698,0,"vovopo 보보포",-13.004,-61.569,0,"Espressο",16.992,-44.183,0,"CoalCat",7.752,-61.472,0,"あくせる",35.011,-99.604,0,"Gonyong",-10.09,-109.548,0,"Metalu",-37.245,-80.59,0,0,0,0,0,0,"",0,0,0,0,5875.965,5879.065,5879.071,,0,0
128,7,0,0,1,1,1,1,1,1,1,17,13,11,70,5889.767,"?fredo?",L,12,92,138,0.497,-0.701,-0.171,1.764,0.134,1.325,-36.594,14.973,84,13,3,2,0,0,54.085,0,0,0,1,0,5,R,"coder_",164.1,80,0.283,3,123,W,Y,5890.885,108,105,128,58,36,137,108,101.916,-74.681,0.77,0,0.267,-95.562,240.337,-106.24,0.092,-37.31,0,"kneesohime",-0.06,-17.711,0,"にゃんこ65K",-19.27,-44.976,0,"vovopo 보보포",-13.461,-60.393,0,"Espressο",17.532,-45.002,0,"CoalCat",7.797,-61.427,0,"あくせる",34.908,-99.527,0,"Gonyong",-14.018,-106.886,0,"Metalu",-38.092,-83.034,0,5895.035,-72.161,4.318,0,0,"",0,0,0,0,,5893.429,5893.75,,8,3
129,7,0,0,1,1,2,1,1,1,1,17,13,11,71,5909.108,"?fredo?",L,10,94,118,0.392,-1.923,-0.144,1.629,0.174,1.098,-36.594,10.821,45,55,0,2,0,0,400,0,0,0,1,0,5,R,"coder_",164.1,80,0.283,3,123,W,Y,5910.248,255,100,134,106,51,145,85,-30.226,-9.055,-0.62,0,0.565,-380.456,116.768,-324.324,0.25,-37.549,0,"kneesohime",0.1,-17.394,0,"にゃんこ65K",-19.074,-45.4,0,"vovopo 보보포",-13.522,-61.158,0,"Espressο",17.162,-45.269,0,"CoalCat",7.931,-61.735,0,"あくせる",33.23,-96.128,0,"Gonyong",-12.904,-108.489,0,"Metalu",-37.288,-83.508,0,5908,0.16,-21.426,5910.236,5,"CoalCat",5.684,-54.621,1,0,,5915.387,5914.228,5915.049,280,2
130,7,0,0,2,0,0,2,1,0,1,15,255,13,72,5938.4,"?fredo?",L,26,87,140,0.413,0.149,-0.223,1.9,0.142,1.552,-36.594,17.067,83,12,5,0,0,33.306,-159.604,0,0,0,1,1,2,R,"甲斐野柊太",190,80,0.2,0,22,W,Y,0,0,0,0,0,0,0,0,0,0,0,0,0,0,0,0,-0.238,-37.868,0,"kneesohime",-0.441,-17.917,0,"にゃんこ65K",-19.33,-41.972,0,"vovopo 보보포",-11.283,-61.969,0,"Espressο",16.878,-43.61,0,"CoalCat",7.272,-61.441,0,"あくせる",33.492,-98.307,0,"Gonyong",-19.064,-119.8,0,"Metalu",-39.017,-86.322,0,0,0,0,0,0,"",0,0,0,0,5937.493,,5940.805,,0,0
131,7,0,0,2,0,1,2,1,0,1,15,255,13,73,5957.447,"?fredo?",L,10,96,128,-0.185,-1.203,-0.215,1.732,-0.069,1.267,-36.594,12.279,41,58,1,1,0,-3.404,400,0,0,0,0,1,2,R,"甲斐野柊太",190,80,0.2,0,122,W,Y,0,0,0,0,0,0,0,0,0,0,0,0,0,0,0,0,0.089,-38.009,0,"kneesohime",-0.073,-17.451,0,"にゃんこ65K",-18.802,-40.968,0,"vovopo 보보포",-5.502,-57.242,0,"Espressο",19.62,-39.956,0,"CoalCat",6.817,-61.495,0,"あくせる",32.792,-98.391,0,"Gonyong",-20.714,-112.556,0,"Metalu",-38.989,-86.313,0,0,0,0,0,0,"",0,0,0,0,5956.583,5959.547,5959.565,,0,0
132,7,0,0,2,1,1,2,0,1,1,255,15,13,74,5973.427,"?fredo?",L,26,88,140,1.678,-0.077,-0.063,1.767,0.636,1.379,-36.594,8.182,47,48,5,2,0,72.404,-200,0,0,0,1,1,2,R,"甲斐野柊太",190,80,0.2,3,122,W,Y,5974.57,255,110,145,125,61,145,95,15.891,8.189,-0.59,0,0.133,278.13,-99.357,23.634,0,-37.105,0,"kneesohime",0.159,-17.765,0,"にゃんこ65K",-20.773,-48.301,0,"vovopo 보보포",-14.057,-60.274,0,"Espressο",16.574,-43.725,0,"CoalCat",6.118,-61.661,83,"あくせる",33.039,-96.553,0,"Gonyong",-20.715,-112.361,108,"Metalu",-39.605,-85.801,0,5975.91,-8.765,-89.897,5976.861,7,"Gonyong",-9.52,-96.689,1,0,,,5979.545,5979.119,265,2
133,7,0,0,3,0,0,2,1,0,1,12,255,15,75,6007.128,"?fredo?",L,0,72,124,1.389,0.542,-0.133,1.819,0.311,1.551,-36.594,8.734,27,65,8,2,0,0,0,0,0,0,1,2,0,L,"눈꽃",190,85,0.497,3,122,W,Y,6008.34,234,143,104,94,44,145,128,25.349,-1.509,0.27,0,0.455,368.925,-176.949,-305.478,0.032,-37.53,0,"kneesohime",0.342,-17.758,120,"にゃんこ65K",-20.037,-44.615,0,"vovopo 보보포",-8.554,-60.853,0,"Espressο",17.417,-43.93,120,"CoalCat",12.063,-62.01,0,"あくせる",49.668,-101.362,0,"Gonyong",-7.097,-123.747,0,"Metalu",-37.743,-85.558,0,6011.681,10.004,-131.484,6012.827,7,"Gonyong",11.484,-128.403,1,0,6019.299,6011.618,6016.716,6013.762,173,2
134,7,0,0,5,0,0,2,0,1,0,255,10,255,76,6052.72,"?fredo?",L,27,93,140,1.995,-0.86,-0.026,1.647,0.81,0.957,-36.594,3.126,44,53,3,1,0,44.309,-141.586,0,0,0,0,3,8,R,"레이나2",180.3,80.118,0.403,0,122,W,Y,0,0,0,0,0,0,0,0,0,0,0,0,0,0,0,0,0.075,-37.377,0,"kneesohime",0.261,-17.831,0,"にゃんこ65K",-21.423,-48.063,0,"vovopo 보보포",-13.849,-63.157,0,"Espressο",18.084,-42.644,0,"CoalCat",10.506,-61.325,0,"あくせる",34.733,-96.743,0,"Gonyong",-14.398,-113.806,0,"Metalu",-33.956,-84.502,0,0,0,0,0,0,"",0,0,0,0,6051.799,6055.705,,,0,0
135,7,0,0,5,1,0,2,0,1,0,255,10,255,77,6064.041,"?fredo?",L,10,93,128,1.031,-1.881,-0.08,1.638,0.557,0.925,-36.594,8.33,50,46,4,2,0,-69.541,400,0,0,0,1,3,8,R,"레이나2",180.3,80.118,0.403,3,122,W,Y,6065.278,255,95,87,102,49,145,128,-30,35.829,0.72,0,0.152,303.177,137.01,194.064,0.273,-36.98,0,"kneesohime",0.059,-17.76,0,"にゃんこ65K",-21.799,-50.415,0,"vovopo 보보포",-13.3,-61.499,0,"Espressο",16.779,-44.433,0,"CoalCat",9.707,-61.504,0,"あくせる",34.671,-96.813,0,"Gonyong",-14.151,-110.962,0,"Metalu",-33.916,-84.091,0,6062.903,-0.107,-20.662,6064.333,2,"にゃんこ65K",-18.685,-46.383,0,0,,,6069.699,,22,2
136,8,1,0,5,0,0,0,0,0,0,255,255,255,57,6132.532,"눈꽃",R,27,92,140,-0.652,0.035,0.003,1.757,-0.321,1.496,-36.64,12.118,53,47,0,0,0,26.985,-126.5,0,0,0,0,6,8,L,"Metalu",174.5,85,0.305,0,121,W,Y,0,0,0,0,0,0,0,0,0,0,0,0,0,0,0,0,0.312,-37.348,0,"559：広告",-0.234,-18.113,0,"SFIDA",-20.205,-45.062,0,"柴山犬吉",-14.983,-63.971,0,"Azuner",23.058,-48.536,0,"coder_",11.682,-65.898,0,"YukihiroD",34.981,-87.3,0,"Amellaid",3.202,-103.094,0,"레이나2",-37.247,-93.572,0,0,0,0,0,0,"",0,0,0,0,6131.278,,,,0,0
137,8,1,0,5,0,1,0,0,0,0,255,255,255,58,6148.603,"눈꽃",R,26,89,140,-0.574,1.465,0.06,2.022,-0.364,2.27,-36.64,19.345,87,13,0,2,0,82.272,-176.721,0,0,0,1,6,8,L,"Metalu",174.5,85,0.305,3,121,W,Y,6149.61,169,29,105,58,14,145,99,25.326,-51.96,0.92,0,0.152,51.253,-321.468,-16.2,0.209,-37.408,0,"559：広告",-0.164,-17.98,0,"SFIDA",-20.195,-45.009,0,"柴山犬吉",-14.977,-63.923,0,"Azuner",22.849,-49.018,0,"coder_",11.922,-65.656,0,"YukihiroD",34.946,-87.354,0,"Amellaid",5.245,-104.247,0,"레이나2",-37.386,-93.644,0,6150.674,60.344,-60.272,0,0,"",0,0,0,0,,,,,20,3
138,8,1,0,5,0,2,0,0,0,0,255,255,255,59,6179.171,"눈꽃",R,14,73,113,1.901,-1.989,0.268,1.705,0.437,1.002,-36.64,19.07,47,53,0,4,0,213.173,400,0,0.389,-19.018,1,6,8,L,"Metalu",174.5,85,0.305,0,121,W,Y,0,0,0,0,0,0,0,0,0,0,0,0,0,0,0,0,0.417,-37.453,0,"559：広告",-0.533,-19.373,0,"SFIDA",-20.543,-43.892,0,"柴山犬吉",-14.112,-64.34,0,"Azuner",22.695,-48.017,0,"coder_",10.85,-63.773,0,"YukihiroD",39.899,-95.234,0,"Amellaid",4.658,-104.351,0,"레이나2",-35.807,-96.582,0,0,0,0,0,0,"",0,0,0,0,6178.098,,,,0,0
139,8,1,0,5,0,0,1,0,0,0,255,255,255,60,6204.345,"눈꽃",R,26,96,140,-1.404,0.018,-0.003,1.81,-0.675,1.447,-36.64,5.76,52,48,0,0,0,46.621,-150.636,0,0,0,0,7,3,L,"vovopo 보보포",165.4,80.084,0.55,0,121,W,Y,0,0,0,0,0,0,0,0,0,0,0,0,0,0,0,0,0.305,-37.403,0,"559：広告",-0.234,-17.987,0,"SFIDA",-18.074,-43.398,0,"柴山犬吉",-12.531,-64.43,0,"Azuner",20.563,-45.788,0,"coder_",11.146,-62.842,0,"YukihiroD",33.074,-85.302,0,"Amellaid",4.067,-102.545,0,"레이나2",-35.106,-95.503,0,0,0,0,0,0,"",0,0,0,0,6203.25,,,,0,0
140,8,1,0,5,0,1,1,0,0,0,255,255,255,61,6219.227,"눈꽃",R,27,87,140,-0.75,0.8,0.072,1.954,-0.389,1.891,-36.64,18.788,52,48,0,2,0,43.87,-130.903,0,0,0,1,7,3,L,"vovopo 보보포",165.4,80.084,0.55,3,121,W,Y,6220.188,255,104,31,9,6,69,71,-30,-17.135,0.28,0,0.39,-490.622,-63.402,60.777,0.19,-37.382,0,"559：広告",-0.122,-18.012,0,"SFIDA",-18.152,-43.375,83,"柴山犬吉",-12.262,-64.403,0,"Azuner",20.304,-45.949,0,"coder_",10.737,-63.123,0,"YukihiroD",40.37,-88.15,0,"Amellaid",4.267,-102.345,0,"레이나2",-35.071,-95.492,0,6217.889,0.351,-20.755,6219.368,0,"눈꽃",5.321,-36.735,0,0,,,,,6,2
141,8,1,0,5,0,0,2,0,0,0,255,255,255,62,6240.237,"눈꽃",R,26,94,140,0.355,0.236,0.189,1.88,0.078,1.537,-36.64,16.057,46,54,0,0,0,51.932,-200,0,0,0,0,8,5,R,"CoalCat",174.7,83,0.443,0,121,W,Y,0,0,0,0,0,0,0,0,0,0,0,0,0,0,0,0,0.414,-37.38,0,"559：広告",0.064,-17.953,0,"SFIDA",-20.69,-45.178,0,"柴山犬吉",-16.59,-62.853,0,"Azuner",18.481,-49.766,0,"coder_",10.847,-64.16,0,"YukihiroD",39.371,-89.178,0,"Amellaid",-7.295,-100.061,0,"레이나2",-37.11,-95.389,0,0,0,0,0,0,"",0,0,0,0,6239.056,,,,0,0
142,8,1,0,5,0,1,2,0,0,0,255,255,255,63,6255.285,"눈꽃",R,27,91,140,2.027,-0.375,0.32,1.887,0.855,1.266,-36.64,19.595,62,38,0,2,0,13.275,-110.399,0,0,0,1,8,5,R,"CoalCat",174.7,83,0.443,3,121,W,Y,6256.298,255,99,78,73,33,145,85,19.393,-10.488,-0.81,0,0.417,548.682,-172.586,2.902,0.339,-37.379,0,"559：広告",0.134,-17.949,0,"SFIDA",-20.871,-45.057,0,"柴山犬吉",-16.407,-62.869,86,"Azuner",18.419,-49.726,0,"coder_",10.191,-64.353,0,"YukihiroD",37.84,-90.59,112,"Amellaid",-7.49,-100.283,0,"레이나2",-37.826,-95.116,0,6258.111,15.342,-87.399,6259.188,6,"YukihiroD",17.263,-95.119,1,0,,,,,164,2
143,8,1,0,5,0,0,2,1,0,0,5,255,255,64,6288.427,"눈꽃",R,27,83,135,1.414,-0.206,0.248,1.8,0.56,1.358,-36.64,24.295,52,48,0,2,0,34.049,-112.925,0,0,0,1,0,7,R,"Gonyong",170.2,85,0.2,3,120,W,Y,6289.394,191,137,115,45,6,145,100,26.171,17.448,0.02,0.143,0.512,-76.192,513.85,22.117,0.147,-37.25,0,"559：広告",0.025,-18.069,0,"SFIDA",-19.104,-42.09,0,"柴山犬吉",-15.349,-62.807,0,"Azuner",17.223,-49.021,0,"coder_",9.552,-64.341,0,"YukihiroD",29.6,-86.714,0,"Amellaid",-7.951,-108.73,0,"레이나2",-49.968,-97.534,103,6291.778,-35.484,-98.486,6291.917,8,"레이나2",-33.845,-95.796,0,0,6350.695,6294.766,,,43,1
144,8,0,0,5,0,0,0,0,0,0,255,255,255,0,6702.741,"Roscosmos",L,26,92,140,0.163,-0.129,-0.403,1.513,0.25,1.388,-36.599,21.809,30,64,6,2,0,-122.463,-166.44,-20.345,0,0,1,4,4,L,"Azuner",190,80,0.298,3,119,W,Y,6703.886,227,112,68,100,44,142,98,30.618,-56.906,0.94,0,0.416,110.14,-283.313,13.2,-0.225,-37.347,0,"kneesohime",-0.042,-17.363,0,"にゃんこ65K",-21.5,-52.701,0,"vovopo 보보포",-9.833,-60.735,0,"?fredo?",17.023,-45.988,0,"CoalCat",11.79,-62.441,0,"あくせる",48.839,-101.444,0,"「yune」",6.742,-109.613,0,"Metalu",-35.228,-87.54,0,6704.917,65.479,-55.863,0,0,"",0,0,0,0,,,,,1,3
145,8,0,0,5,0,1,0,0,0,0,255,255,255,1,6719.125,"Roscosmos",L,26,89,140,-1.432,1.42,-0.6,1.845,-0.405,2.339,-36.599,41.477,78,9,12,2,0,-147.884,-185.836,5.28,0,0,1,4,4,L,"Azuner",190,80,0.298,3,119,W,Y,6720.241,217,77,89,68,55,145,90,103.394,-39.531,-0.81,0,0.456,315.054,-177.862,61.333,-0.153,-36.65,0,"kneesohime",-0.197,-17.4,0,"にゃんこ65K",-21.073,-52.764,0,"vovopo 보보포",-8.973,-61.387,0,"?fredo?",17.604,-46.785,0,"CoalCat",11.553,-62.152,0,"あくせる",48.374,-98.625,0,"「yune」",5.423,-113.441,0,"Metalu",-37.918,-87.795,0,0,0,0,0,0,"",0,0,0,0,,,,,1,3
146,8,0,0,5,0,2,0,0,0,0,255,255,255,2,6735.567,"Roscosmos",L,3,78,118,-2.829,2.279,-0.743,1.974,-1.885,3.04,-36.599,62.141,79,12,9,1,0,400.74,0,3.717,0,0,0,4,4,L,"Azuner",190,80,0.298,0,119,W,Y,0,0,0,0,0,0,0,0,0,0,0,0,0,0,0,0,-0.51,-37.158,0,"kneesohime",-0.206,-17.855,0,"にゃんこ65K",-21.395,-52.096,0,"vovopo 보보포",-9.876,-61.853,0,"?fredo?",18.387,-44.839,0,"CoalCat",11.815,-62.887,0,"あくせる",47.356,-98.361,0,"「yune」",1.713,-113.278,0,"Metalu",-42.348,-89.27,0,0,0,0,0,0,"",0,0,0,0,6737.729,,,,0,0
147,8,0,0,5,1,2,0,0,0,0,255,255,255,3,6753.88,"Roscosmos",L,13,85,124,0.124,0.096,-0.608,1.789,-0.431,2.088,-36.599,34.372,54,40,6,2,0,318.496,385.435,0.763,0,0,1,4,4,L,"Azuner",190,80,0.298,3,119,W,Y,6755.1,167,99,83,68,49,145,102,29.262,-52.307,0.93,0,0.475,-33.692,-90.594,19.127,-0.488,-37.159,0,"kneesohime",-0.006,-17.026,0,"にゃんこ65K",-21.86,-51.957,0,"vovopo 보보포",-9.819,-59.739,0,"?fredo?",17.885,-45.18,0,"CoalCat",11.889,-62.864,0,"あくせる",47.226,-98.351,0,"「yune」",1.961,-113.312,0,"Metalu",-40.859,-89.849,0,6756.035,64.73,-67.265,0,0,"",0,0,0,0,,,,,1,3
148,8,0,0,5,1,2,0,0,0,0,255,255,255,4,6771.979,"Roscosmos",L,32,90,140,0.337,0.697,-0.448,1.74,0.366,1.929,-36.599,24.717,51,44,5,2,0,-150.747,-135.543,0.123,0,0,1,4,4,L,"Azuner",190,80,0.298,3,119,W,Y,6773.093,213,132,64,83,52,139,130,26.167,-34.744,0.48,0,0.567,233.174,-54.801,-8.246,-0.164,-37.224,0,"kneesohime",0.054,-17.163,0,"にゃんこ65K",-22.026,-51.676,0,"vovopo 보보포",-9.676,-61.477,0,"?fredo?",18.592,-46.121,0,"CoalCat",11.877,-62.726,0,"あくせる",45.607,-99.134,0,"「yune」",0.772,-114.837,0,"Metalu",-40.988,-90.16,0,6775.014,67.809,-113.296,0,0,"",0,0,0,0,,6783.36,6788.533,,1,4
149,8,0,0,6,0,0,0,0,0,0,255,255,255,5,6820.525,"Roscosmos",L,26,84,136,1.409,0.115,-0.284,1.554,0.803,1.509,-36.599,19.447,36,60,4,2,0,-127.903,-165.995,-19.498,0,0,0,5,6,R,"YukihiroD",173.8,80,0.4,3,119,W,Y,6821.637,204,44,77,53,32,142,111,93.645,-82.27,0.17,0,0.431,-55.853,6.934,1.685,-0.248,-37.14,0,"kneesohime",0.284,-17.332,0,"にゃんこ65K",-21.097,-49.602,0,"vovopo 보보포",-14.223,-60.799,0,"?fredo?",15.825,-46.446,0,"CoalCat",9.319,-64.78,0,"あくせる",34.686,-99.103,0,"「yune」",-2.27,-110.111,0,"Metalu",-36.806,-85.088,0,0,0,0,0,0,"",0,0,0,0,,,,,1,3
150,8,0,0,6,0,1,0,0,0,0,255,255,255,6,6838.491,"Roscosmos",L,26,90,140,1.152,-0.077,-0.348,1.57,0.733,1.402,-36.599,16.183,28,69,3,0,0,-161.914,-166.552,-9.793,0,0,0,5,6,R,"YukihiroD",173.8,80,0.4,0,71,W,Y,0,0,0,0,0,0,0,0,0,0,0,0,0,0,0,0,-0.323,-37.431,0,"kneesohime",0.453,-17.717,0,"にゃんこ65K",-21.052,-49.544,0,"vovopo 보보포",-14.327,-61.652,0,"?fredo?",18.032,-46.805,0,"CoalCat",8.498,-65.195,0,"あくせる",32.89,-100.281,0,"「yune」",-3.007,-110.281,0,"Metalu",-39.85,-86.692,0,0,0,0,0,0,"",0,0,0,0,6836.583,,,,0,0
151,8,0,0,6,0,2,0,0,0,0,255,255,255,7,6853.47,"Roscosmos",L,26,81,132,1.455,1.087,-0.331,1.72,0.868,2.04,-36.599,29.312,49,46,6,1,0,-152.541,-184.768,0.046,0,0,0,5,6,R,"YukihiroD",173.8,80,0.4,0,71,W,Y,0,0,0,0,0,0,0,0,0,0,0,0,0,0,0,0,-0.134,-37.641,0,"kneesohime",0.291,-17.536,0,"にゃんこ65K",-20.982,-48.175,0,"vovopo 보보포",-13.826,-62.128,0,"?fredo?",17.862,-46.358,0,"CoalCat",8.496,-65.231,0,"あくせる",32.981,-101.064,0,"「yune」",-2.709,-110.395,0,"Metalu",-39.923,-86.664,0,0,0,0,0,0,"",0,0,0,0,6851.618,,,,0,0
152,8,0,0,6,0,0,1,0,0,0,255,255,255,8,6874.471,"Roscosmos",L,13,80,117,1.984,-0.632,-0.451,1.75,0.327,1.874,-36.599,18.657,31,65,3,3,0,295.016,400,-11.364,1.286,-20.789,0,6,1,R,"559：広告",190,85.487,0.398,0,118,W,Y,0,0,0,0,0,0,0,0,0,0,0,0,0,0,0,0,-0.332,-37.395,0,"kneesohime",0.088,-17.588,0,"にゃんこ65K",-22.376,-50.793,0,"vovopo 보보포",-15.4,-62.553,0,"?fredo?",17.001,-45.798,0,"CoalCat",8.542,-65.265,0,"あくせる",31.732,-104.326,0,"「yune」",-3.342,-114.297,0,"Metalu",-39.778,-87.657,0,0,0,0,0,0,"",0,0,0,0,6883.007,,,,0,6
153,8,0,0,6,0,0,1,1,0,0,11,255,255,9,6912.142,"Roscosmos",L,26,80,130,1.194,0.668,-0.378,1.711,0.732,1.805,-36.599,17.716,36,64,0,2,0,-133.601,-158.864,-11.64,0,0,1,7,3,R,"柴山犬吉",169.9,90.243,0.6,3,118,W,Y,6913.224,255,44,65,44,33,137,89,10.773,6.372,-0.28,0,0.112,237.373,149.097,-12.492,-0.204,-37.392,0,"kneesohime",0.235,-17.257,0,"にゃんこ65K",-19.253,-43.941,120,"vovopo 보보포",-13.853,-61.406,0,"?fredo?",16.589,-46.908,89,"CoalCat",7.325,-62.164,97,"あくせる",37.775,-98.695,0,"「yune」",-3.472,-107.388,113,"Metalu",-40.346,-84.295,56,6912.598,-6.686,-71.234,6914.361,7,"「yune」",-9.724,-90.682,1,64,,6919.781,,,349,2
154,8,0,0,6,0,0,2,1,0,0,13,255,255,10,6970.179,"Roscosmos",L,13,85,124,2.112,-1.116,-0.422,1.652,0.465,1.526,-36.599,14.275,27,73,0,1,0,293.548,400,-17.145,0,0,0,8,7,L,"Amellaid",160,80.447,0.439,0,39,W,Y,0,0,0,0,0,0,0,0,0,0,0,0,0,0,0,0,-0.632,-37.501,0,"kneesohime",0.535,-20.564,0,"にゃんこ65K",-19.543,-42.928,0,"vovopo 보보포",-6.006,-60.83,0,"?fredo?",18.919,-46.901,0,"CoalCat",12.126,-62.597,0,"あくせる",38.892,-87.659,0,"「yune」",2.786,-104.242,0,"Metalu",-32.975,-84.833,0,0,0,0,0,0,"",0,0,0,128,6968.16,6974.277,,,0,0
155,9,1,0,6,0,0,0,0,0,0,255,255,255,65,7029.18,"눈꽃",R,27,93,140,1.116,0.251,0.197,1.997,0.406,1.628,-36.64,20.209,87,13,0,0,0,54.341,-142.692,0,0,0,0,1,6,R,"あくせる",190,89.801,0.5,0,118,W,Y,0,0,0,0,0,0,0,0,0,0,0,0,0,0,0,0,0.392,-37.355,0,"559：広告",-0.197,-18.163,0,"SFIDA",-21.167,-45.98,0,"柴山犬吉",-16.91,-62.362,0,"Azuner",19.767,-52.316,0,"coder_",8.964,-71.203,0,"YukihiroD",31.602,-89.652,0,"Amellaid",-8.138,-107.416,0,"레이나2",-50.343,-99.861,0,0,0,0,0,0,"",0,0,0,0,7027.327,,,,0,0
156,9,1,0,6,0,1,0,0,0,0,255,255,255,66,7045.365,"눈꽃",R,27,85,137,1.28,1.636,0.344,2.284,0.487,2.521,-36.64,45.839,82,18,0,1,0,43.16,-108.059,0,0,0,0,1,6,R,"あくせる",190,89.801,0.5,0,118,W,Y,0,0,0,0,0,0,0,0,0,0,0,0,0,0,0,0,0.061,-37.408,0,"559：広告",0.349,-18.112,0,"SFIDA",-20.428,-45.67,0,"柴山犬吉",-16.671,-62.42,0,"Azuner",19.877,-52.253,0,"coder_",8.719,-71.681,0,"YukihiroD",31.484,-89.72,0,"Amellaid",-8.135,-107.398,0,"레이나2",-50.358,-99.829,0,0,0,0,0,0,"",0,0,0,0,7043.59,,,,0,0
157,9,1,0,6,1,1,0,0,0,0,255,255,255,67,7061.482,"눈꽃",R,27,87,140,1.221,0.28,0.232,1.895,0.484,1.664,-36.64,22.104,53,47,0,0,0,30.231,-127.543,0,0,0,0,1,6,R,"あくせる",190,89.801,0.5,0,118,W,Y,0,0,0,0,0,0,0,0,0,0,0,0,0,0,0,0,0.37,-37.422,0,"559：広告",-0.13,-18.104,0,"SFIDA",-20.702,-45.607,0,"柴山犬吉",-16.732,-62.592,0,"Azuner",19.638,-52.398,0,"coder_",8.091,-72.246,0,"YukihiroD",31.709,-89.479,0,"Amellaid",-8.129,-106.495,0,"레이나2",-50.332,-99.878,0,0,0,0,0,0,"",0,0,0,0,7059.57,,,,0,0
158,9,1,0,6,1,2,0,0,0,0,255,255,255,68,7079.01,"눈꽃",R,12,74,124,-1.172,-1.629,0.291,1.787,0.249,0.955,-36.64,13.039,59,41,0,2,0,0,70.62,0,0,0,1,1,6,R,"あくせる",190,89.801,0.5,3,118,W,Y,7080.099,255,135,117,148,70,145,104,16.771,-0.789,-0.16,0,0.242,-272.955,384.461,66.454,0.323,-37.433,0,"559：広告",0.001,-18.288,0,"SFIDA",-20.715,-45.558,0,"柴山犬吉",-16.654,-62.557,0,"Azuner",19.529,-52.446,0,"coder_",8.473,-69.633,87,"YukihiroD",31.708,-89.52,0,"Amellaid",-8.177,-106.402,95,"레이나2",-50.31,-99.903,0,7079.938,-3.764,-88.971,7080.549,7,"Amellaid",-4.032,-91.17,1,0,,,,,261,2
159,9,1,0,6,0,0,0,1,0,0,6,255,255,69,7107.043,"눈꽃",R,27,95,140,1.651,-0.243,0.216,1.795,0.69,1.341,-36.64,17.401,46,54,0,2,0,18.904,-116.96,0,0,0,1,2,7,R,"「yune」",174.8,80,0.28,3,117,W,Y,7108.074,255,181,19,84,16,71,64,-30,-60.102,0.98,0,0.182,84.068,-341.666,53.948,0.588,-37.415,0,"559：広告",0.156,-18.085,0,"SFIDA",-18.584,-43.333,0,"柴山犬吉",-12.566,-58.565,0,"Azuner",16.508,-51.363,0,"coder_",7.013,-65.895,0,"YukihiroD",28.818,-90.383,0,"Amellaid",-5.948,-101.649,0,"레이나2",-48.786,-96.588,0,7104.986,2.259,-20.048,0,0,"",0,0,0,0,,,,,4,3
160,9,1,0,6,0,1,0,1,0,0,6,255,255,70,7130,"눈꽃",R,27,87,140,1.649,0.074,0.235,1.776,0.686,1.515,-36.64,20.457,50,50,0,4,0,18.215,-129.077,0,0,0,1,2,7,R,"「yune」",174.8,80,0.28,0,117,W,Y,0,0,0,0,0,0,0,0,0,0,0,0,0,0,0,0,0.303,-37.473,0,"559：広告",0.09,-18.093,0,"SFIDA",-19.866,-41.462,0,"柴山犬吉",-11.363,-58.858,0,"Azuner",18.974,-50.394,0,"coder_",7.401,-69.785,0,"YukihiroD",24.671,-87.434,0,"Amellaid",-5.303,-100.35,0,"레이나2",-49.354,-96.235,0,0,0,0,0,0,"",0,0,0,0,7128.208,,,,0,0
161,9,1,0,6,0,2,0,1,0,0,6,255,255,71,7148.329,"눈꽃",R,28,93,140,1.81,-0.71,0.181,1.725,0.769,1.103,-36.64,16.884,43,57,0,4,0,10.382,-84.59,0,0,0,1,2,7,R,"「yune」",174.8,80,0.28,0,117,W,Y,0,0,0,0,0,0,0,0,0,0,0,0,0,0,0,0,0.311,-37.398,0,"559：広告",0.073,-18.17,0,"SFIDA",-20.391,-40.609,0,"柴山犬吉",-11.254,-58.881,0,"Azuner",18.791,-50.324,0,"coder_",5.782,-66.198,0,"YukihiroD",24.675,-87.488,0,"Amellaid",-5.624,-102.848,0,"레이나2",-49.276,-96.375,0,0,0,0,0,0,"",0,0,0,0,7146.473,,,,0,0
162,9,1,0,6,0,0,1,1,0,0,6,255,255,72,7172.685,"눈꽃",R,27,85,138,0.966,0.23,0.238,1.882,0.341,1.621,-36.64,20.514,51,49,0,0,0,52.178,-141.679,0,0,0,0,3,4,R,"?fredo?",190.4,86.374,0.436,0,117,W,Y,0,0,0,0,0,0,0,0,0,0,0,0,0,0,0,0,0.087,-37.583,0,"559：広告",0.165,-18.133,0,"SFIDA",-20.2,-40.97,0,"柴山犬吉",-12.488,-59.588,0,"Azuner",21.81,-52.243,0,"coder_",8.467,-65.64,0,"YukihiroD",31.644,-92.78,0,"Amellaid",-5.833,-103.532,0,"레이나2",-51.49,-97.876,0,0,0,0,0,0,"",0,0,0,0,7170.882,,,,0,0
163,9,1,0,6,0,1,1,1,0,0,6,255,255,73,7188.635,"눈꽃",R,27,93,140,1.008,0.429,0.217,1.798,0.375,1.769,-36.64,18.289,50,50,0,2,0,41.398,-122.301,0,0,0,1,3,4,R,"?fredo?",190.4,86.374,0.436,3,117,W,Y,7189.687,160,101,110,73,23,145,90,29.567,-8.4,-0.84,0,0.305,-545.823,-32.149,247.071,0.161,-37.301,0,"559：広告",0.059,-18.168,0,"SFIDA",-18.991,-42.624,0,"柴山犬吉",-12.408,-59.468,0,"Azuner",21.755,-52.233,0,"coder_",8.236,-64.86,0,"YukihiroD",28.174,-95.849,89,"Amellaid",-5.825,-103.89,0,"레이나2",-51.493,-97.864,0,7190.806,9.961,-89.965,7191.202,6,"YukihiroD",10.2,-91.409,1,0,,7195.341,,,37,2
164,9,1,0,6,0,0,1,1,1,0,4,6,255,74,7238.972,"눈꽃",R,26,85,138,-8.384,2.176,0.217,1.97,0.388,1.99,-36.64,26.93,90,10,0,2,0,62.139,-150.861,0,0,0,1,4,2,R,"にゃんこ65K",190,91.968,0.558,3,117,W,Y,7240.051,155,65,90,49,37,144,101,-9.341,4.951,-0.28,0,0.511,-36.876,526.089,-217.897,-0.069,-37.278,0,"559：広告",0.164,-18.19,0,"SFIDA",-17.941,-43.743,0,"柴山犬吉",-11.985,-59.839,0,"Azuner",18.969,-52.145,0,"coder_",6.334,-66.548,85,"YukihiroD",23.562,-94.389,0,"Amellaid",-5.281,-108.106,0,"레이나2",-53.045,-99.525,0,7237.083,-0.466,-26.839,7240.667,7,"Amellaid",-2.507,-85.803,1,0,,7245.697,7244.826,,261,2
165,9,1,0,6,0,0,1,1,1,1,2,4,6,75,7289.737,"눈꽃",R,27,86,139,2.027,-0.292,0.253,1.704,0.839,1.313,-36.64,20.578,54,46,0,2,0,26.895,-124.087,0,0,0,1,5,1,R,"kneesohime",190,84.513,0.501,3,116,W,Y,7290.804,255,134,142,74,23,145,93,38.317,28.787,-0.69,0,0.21,-35.024,239.154,-21.522,0.194,-37.276,0,"559：広告",0.028,-17.954,120,"SFIDA",-19.679,-42.752,85,"柴山犬吉",-12.049,-58.546,0,"Azuner",17.621,-50.298,112,"coder_",6.389,-66.482,98,"YukihiroD",28.719,-94.699,0,"Amellaid",-4.989,-102.576,0,"레이나2",-51.775,-102.52,94,7292.417,-38.626,-82.35,7296.514,8,"레이나2",-51.384,-100.683,1,24,7306.083,7298.738,7293.707,7301.227,91,2
