id,inn,half,scoreA,scoreB,ball,strk,out,b1,b2,b3,b1Idx,b2Idx,b3Idx,pCnt,pSec,pName,pHand,pType,pPow,spdK,zoneX,zoneY,startX,startY,targetX,targetY,zDist,pitchAngle,pOver,pSide,pUnder,call,balk,sH,sV,gyro,plx,plz,bSwing,bIdx,bPos,bZone,bName,bHCm,batLen,batCen,batType,bFps,bOS,bVR,hSec,rotS,rotL,shS,lgS,prepS,batSpd,ev,ldeg,sdeg,hPos,buntGrip,handDist,angVeloX,angVeloY,angVeloZ,PPosX,PPosY,PThrSpd,CName,CPosX,CPosY,CThrSpd,1BName,1BPosX,1BPosY,1BThrSpd,2BName,2BPosX,2BPosY,2BThrSpd,3BName,3BPosX,3BPosY,3BThrSpd,SSName,SSPosX,SSPosY,SSThrSpd,LFName,LFPosX,LFPosY,LFThrSpd,CFName,CFPosX,CFPosY,CFThrSpd,RFName,RFPosX,RFPosY,RFThrSpd,ltSec,lx,lz,cSec,cPos,cPlr,cx,cz,1BSafe,tag,cpSec,sb2Sec,sb3Sec,sbhSec,ass,result
1,1,1,0,0,0,0,0,0,0,0,255,255,255,0,1137.16,"DoYaGee",R,32,78,128,-1.726,0.699,-0.013,1.174,-0.99,1.914,-36.437,12.673,5,64,31,1,0,197.609,-113.846,23.1,0,0,0,0,8,R,"Pizzallaris",175.3,88,0.383,0,50,W,Y,0,0,0,0,0,0,0,0,0,0,0,0,0,0,0,0,-0.135,-37.16,0,"encounter v",0.001,-17.392,0,"쟈가리코",-21.027,-44.986,0,"muyang_",-17.026,-62.431,0,"わだ、、",17.805,-46.444,0,"shimenawa",9.88,-65.263,0,"ddil_ddil69",36.992,-98.051,0,"ByeolBam",-0.912,-106.057,0,"Po_cari",-42.674,-91.073,0,0,0,0,0,0,"",0,0,0,0,1138.118,,,,0,0
2,1,1,0,0,1,0,0,0,0,0,255,255,255,1,1151.827,"DoYaGee",R,32,73,125,0.938,0.357,0.228,1.14,0.129,1.794,-36.437,28.377,2,15,83,2,0,179.836,-33.858,28.745,0,0,0,0,8,R,"Pizzallaris",175.3,88,0.383,3,50,W,Y,1152.969,201,64,110,100,0,145,127,91.509,-86.17,0.58,0.19,0.387,-50.67,-101.188,43.495,-0.204,-37.046,0,"encounter v",0.004,-17.56,0,"쟈가리코",-21.743,-45.562,0,"muyang_",-16.983,-62.408,0,"わだ、、",17.508,-46.333,0,"shimenawa",10.298,-65.11,0,"ddil_ddil69",36.526,-97.736,0,"ByeolBam",-2.307,-105.637,0,"Po_cari",-42.45,-91.506,0,0,0,0,0,0,"",0,0,0,0,,,,,32,3
3,1,1,0,0,1,1,0,0,0,0,255,255,255,2,1174.246,"DoYaGee",R,13,76,114,-2.843,-0.436,0.079,1.139,-0.563,1.792,-36.437,17.324,2,66,31,4,0,-390.434,312.348,39.574,0,0,1,0,8,R,"Pizzallaris",175.3,88,0.383,0,50,W,Y,0,0,0,0,0,0,0,0,0,0,0,0,0,0,0,0,-0.012,-37.573,0,"encounter v",-0.158,-17.346,0,"쟈가리코",-21.457,-45.698,0,"muyang_",-16.95,-62.428,0,"わだ、、",16.563,-45.473,0,"shimenawa",8.628,-64.661,0,"ddil_ddil69",35.618,-97.501,0,"ByeolBam",-2.45,-108.274,0,"Po_cari",-43.733,-90.63,0,0,0,0,0,0,"",0,0,0,0,1175.257,,,,0,0
4,1,1,0,0,1,2,0,0,0,0,255,255,255,3,1192.537,"DoYaGee",R,3,65,112,1.824,-0.592,0.401,0.972,1.259,1.294,-36.437,45.876,3,9,89,4,0,-270.367,0,2.935,0,0,1,0,8,R,"Pizzallaris",175.3,88,0.383,0,50,W,Y,0,0,0,0,0,0,0,0,0,0,0,0,0,0,0,0,-0.215,-37.535,0,"encounter v",-0.039,-17.407,0,"쟈가리코",-21.26,-45.828,0,"muyang_",-16.302,-62.567,0,"わだ、、",17.506,-45.792,0,"shimenawa",8.404,-64.049,0,"ddil_ddil69",35.795,-97.198,0,"ByeolBam",-0.667,-107.956,0,"Po_cari",-43.686,-90.599,0,0,0,0,0,0,"",0,0,0,0,1193.507,,,,0,0
5,1,1,0,0,0,0,1,0,0,0,255,255,255,4,1215.201,"DoYaGee",R,32,88,140,-3.658,0.471,-0.191,1.14,-1.818,1.791,-36.437,10.155,3,63,34,2,0,247.781,-132.272,31.41,0,0,1,1,5,R,"mochi_2929",180,87.482,0.553,3,149,W,Y,1216.32,255,163,96,68,21,145,88,25.349,59.248,0.98,0,0.292,275.019,-327.056,62.275,-0.264,-36.979,0,"encounter v",-0.168,-17.517,0,"쟈가리코",-21.681,-46.975,0,"muyang_",-15.252,-63.172,0,"わだ、、",18.64,-47.41,0,"shimenawa",11.748,-65.728,0,"ddil_ddil69",35.968,-97.393,0,"ByeolBam",0.099,-108.334,0,"Po_cari",-42.775,-89.857,0,1218.972,-41.271,-47.07,0,0,"",0,0,0,0,,,,,32,3
6,1,1,0,0,0,1,1,0,0,0,255,255,255,5,1235.821,"DoYaGee",R,33,80,130,-2.758,0.822,-0.102,1.203,-1.403,2.006,-36.437,9.839,2,63,35,1,0,143.245,-113.089,33.07,0,0,0,1,5,R,"mochi_2929",180,87.482,0.553,0,148,W,Y,0,0,0,0,0,0,0,0,0,0,0,0,0,0,0,0,-0.008,-37.418,0,"encounter v",-0.053,-17.362,0,"쟈가리코",-21.601,-47.27,0,"muyang_",-16.98,-62.663,0,"わだ、、",19.076,-48.359,0,"shimenawa",8.977,-66.375,0,"ddil_ddil69",35.773,-97.199,0,"ByeolBam",-0.66,-105.067,0,"Po_cari",-39.398,-85.054,0,0,0,0,0,0,"",0,0,0,0,1236.799,,,,0,0
7,1,1,0,0,1,1,1,0,0,0,255,255,255,6,1263.951,"DoYaGee",R,6,41,93,1.557,-0.058,0.198,1.091,-0.012,1.624,-36.437,33.816,0,100,0,2,0,304.994,0,-2.644,0,0,1,1,5,R,"mochi_2929",180,87.482,0.553,3,148,W,Y,1265.254,153,108,78,46,25,138,88,29.634,31.249,-0.55,0,0.173,288.677,161.723,-114.187,0.176,-37.564,0,"encounter v",-0.032,-17.499,0,"쟈가리코",-21.47,-46.653,0,"muyang_",-15.457,-62.824,0,"わだ、、",19.197,-48.644,0,"shimenawa",9.884,-66.516,94,"ddil_ddil69",37.783,-96.171,0,"ByeolBam",-1.255,-106.742,0,"Po_cari",-38.596,-84.485,85,1269.84,-42.194,-84.577,1270.007,8,"Po_cari",-41.128,-83.055,0,0,,,,,161,1
8,1,1,0,0,0,0,2,0,0,0,255,255,255,7,1298.263,"DoYaGee",R,32,74,125,-0.272,0.573,0.113,1.19,-0.405,1.944,-36.437,18.163,2,54,45,0,0,214.473,-46.084,19.807,0,0,0,2,1,R,"HalF_HearteD",190,82,0.35,0,39,W,Y,0,0,0,0,0,0,0,0,0,0,0,0,0,0,0,0,-0.077,-37.508,0,"encounter v",-0.058,-17.371,0,"쟈가리코",-22.163,-47.54,0,"muyang_",-17.172,-62.268,0,"わだ、、",17.82,-46.707,0,"shimenawa",11.522,-65.533,0,"ddil_ddil69",38.034,-97.194,0,"ByeolBam",-0.493,-105.91,0,"Po_cari",-39.159,-84.259,0,0,0,0,0,0,"",0,0,0,0,1299.25,,,,0,0
9,1,1,0,0,0,1,2,0,0,0,255,255,255,8,1317.056,"DoYaGee",R,13,65,107,-3.629,0.126,0.015,1.257,-0.862,2.164,-36.437,16.847,4,96,0,2,0,-370.696,323.683,38.714,0,0,1,2,1,R,"HalF_HearteD",190,82,0.35,3,39,W,Y,1318.213,255,142,87,122,89,145,89,-7.165,58.885,0.99,0,0.426,166.998,-220.819,79.787,-0.3,-37.272,0,"encounter v",-0.583,-17.48,0,"쟈가리코",-21.93,-47.275,0,"muyang_",-17.073,-62.153,0,"わだ、、",17.229,-46.888,0,"shimenawa",11.36,-66.128,0,"ddil_ddil69",38.086,-97.16,0,"ByeolBam",-0.411,-106.166,0,"Po_cari",-39.086,-84.097,0,1318.195,-9.075,-25.492,0,0,"",0,0,0,0,,,,,32,3
10,1,1,0,0,0,2,2,0,0,0,255,255,255,9,1339.294,"DoYaGee",R,32,79,129,-1.187,0.133,0.029,1.102,-0.797,1.66,-36.437,12.983,6,63,32,0,0,188.901,-57.62,19.979,0,0,0,2,1,R,"HalF_HearteD",190,82,0.35,0,39,W,Y,0,0,0,0,0,0,0,0,0,0,0,0,0,0,0,0,-0.136,-37.103,0,"encounter v",0.032,-17.412,0,"쟈가리코",-21.548,-46.695,0,"muyang_",-17.289,-62.316,0,"わだ、、",17.499,-45.858,0,"shimenawa",8.939,-64.99,0,"ddil_ddil69",37.44,-96.889,0,"ByeolBam",-0.106,-105.905,0,"Po_cari",-40.158,-85.439,0,0,0,0,0,0,"",0,0,0,0,1340.306,,,,0,0
11,1,0,0,0,0,0,0,0,0,0,255,255,255,0,1505.882,"-Alta-",L,26,86,140,-0.612,0.297,-0.451,2.005,-0.023,1.569,-36.745,43.429,85,15,0,2,0,-166.001,-200,5.649,0,0,1,0,5,L,"shimenawa",175.4,94.778,0.295,3,104,W,Y,1506.905,107,95,82,53,21,135,105,11.495,-3.161,0.1,0,0.311,-430.863,268.955,9.685,0.082,-36.765,0,"HalF_HearteD",-0.187,-16.86,0,"Pring__",-19.123,-44.554,0,"Rite_",-13.038,-62.542,0,"magimari",18.439,-46.297,0,"mochi_2929",11.698,-58.977,69,"alcohol500",48.316,-100.198,0,"紅さかな",7.751,-122.166,91,"Pizzallaris",-42.089,-99.328,0,1508.34,1.014,-72.171,1510.674,7,"紅さかな",0.545,-104.717,1,0,,,,,146,2
12,1,0,0,0,0,0,0,1,0,0,15,255,255,1,1534.099,"-Alta-",L,0,96,140,-0.939,0.155,-0.365,1.86,-0.371,1.66,-36.745,33.56,45,55,0,2,0,-22.346,-42.345,1.086,0,0,1,1,4,L,"わだ、、",190,85,0.53,3,138,W,Y,1535.098,255,124,115,105,50,145,91,94.144,-63.481,-0.78,0,0.554,426.948,-11.754,-121.954,0.449,-36.961,0,"HalF_HearteD",-0.24,-16.866,0,"Pring__",-17.241,-42.693,0,"Rite_",-10.001,-63.489,0,"magimari",18.455,-46.118,0,"mochi_2929",13.671,-61.639,0,"alcohol500",48.275,-100.168,0,"紅さかな",3.144,-117.247,0,"Pizzallaris",-39.91,-100.105,0,1541.042,-13.93,-6.885,0,0,"",0,0,0,0,,,,,16,3
13,1,0,0,0,0,1,0,1,0,0,15,255,255,2,1561.464,"-Alta-",L,27,85,137,0.283,0.029,-0.367,2.002,0.205,1.509,-36.745,36.719,53,47,0,2,0,-49.568,-113.684,-0.201,0,0,1,1,4,L,"わだ、、",190,85,0.53,3,137,W,Y,1562.502,255,103,97,86,1,145,130,114.085,38.39,0.48,0,0.569,337.447,-305.879,71.701,0.217,-36.649,0,"HalF_HearteD",-0.13,-16.79,0,"Pring__",-17.736,-42.398,0,"Rite_",-12.309,-62.425,0,"magimari",19.001,-46.473,0,"mochi_2929",13.34,-62.648,0,"alcohol500",49.353,-101.017,0,"紅さかな",1.264,-118.176,0,"Pizzallaris",-42.489,-99.905,0,0,0,0,0,0,"",0,0,0,0,,,,,16,3
14,1,0,0,0,0,2,0,1,0,0,15,255,255,3,1581.796,"-Alta-",L,28,83,135,-1.051,-0.959,-0.409,1.907,0.016,1.289,-36.745,30.354,44,56,0,2,0,-57.006,-98.768,1.301,0,0,1,1,4,L,"わだ、、",190,85,0.53,3,137,W,Y,1582.876,249,81,111,94,42,145,101,112.429,38.125,-0.31,0,0.506,299.613,-401.525,201.603,0.474,-37.061,0,"HalF_HearteD",-0.213,-16.824,0,"Pring__",-17.06,-42.72,0,"Rite_",-12.9,-64.053,0,"magimari",18.775,-46.224,0,"mochi_2929",13.176,-62.684,0,"alcohol500",48.891,-101.463,0,"紅さかな",1.127,-118.528,0,"Pizzallaris",-42.499,-99.906,0,0,0,0,0,0,"",0,0,0,0,,,,,16,3
15,1,0,0,0,0,2,0,1,0,0,15,255,255,4,1602.93,"-Alta-",L,13,88,111,2.469,-1.494,-0.165,1.817,0.484,1.175,-36.745,27.866,37,63,0,2,0,319.218,384.838,-10.838,0,0,1,1,4,L,"わだ、、",190,85,0.53,3,136,W,Y,1604.084,255,111,98,104,55,145,128,-15.029,-29.263,0.27,0,0.576,-212.997,-492.735,36.774,0.545,-37.204,0,"HalF_HearteD",0.26,-16.713,0,"Pring__",-16.819,-42.654,91,"Rite_",-10.164,-61.889,102,"magimari",18.705,-46.112,86,"mochi_2929",13.746,-62.523,0,"alcohol500",49.914,-98.346,0,"紅さかな",0.634,-117.675,0,"Pizzallaris",-42.386,-102.187,0,1603.438,1.103,-20.734,1604.708,4,"magimari",15.146,-45.654,0,0,,,,,120,2
16,1,0,0,0,0,0,2,0,0,0,255,255,255,5,1633.43,"-Alta-",L,13,72,112,2.786,-1.181,-0.456,2.04,0.631,1.231,-36.745,54.345,76,24,0,1,0,372.859,333.131,-0.75,1.842,-18.292,0,2,2,R,"쟈가리코",190,82,0.501,0,136,W,Y,0,0,0,0,0,0,0,0,0,0,0,0,0,0,0,0,-0.002,-36.955,0,"HalF_HearteD",0.423,-17.029,0,"Pring__",-19.734,-44.968,0,"Rite_",-15.132,-61.645,0,"magimari",17.919,-46.824,0,"mochi_2929",11.894,-62.88,0,"alcohol500",45.828,-103.213,0,"紅さかな",1.131,-120.674,0,"Pizzallaris",-41.019,-100.508,0,0,0,0,0,0,"",0,0,0,0,1636.896,,,,0,0
17,1,0,0,0,1,0,2,0,0,0,255,255,255,6,1652.281,"-Alta-",L,26,83,135,0.885,-0.275,-0.337,1.918,0.569,1.247,-36.745,34.767,39,61,0,0,0,-119.437,-188.65,-3.85,0,0,0,2,2,R,"쟈가리코",190,82,0.501,0,136,W,Y,0,0,0,0,0,0,0,0,0,0,0,0,0,0,0,0,0.189,-37.507,0,"HalF_HearteD",0.174,-16.783,0,"Pring__",-19.723,-44.971,0,"Rite_",-15.345,-61.68,0,"magimari",17.672,-46.715,0,"mochi_2929",11.503,-63.064,0,"alcohol500",44.968,-103.764,0,"紅さかな",0.528,-120.853,0,"Pizzallaris",-41.021,-100.505,0,0,0,0,0,0,"",0,0,0,0,1653.049,,,,0,0
18,1,0,0,0,1,1,2,0,0,0,255,255,255,7,1666.948,"-Alta-",L,27,93,140,1.208,-0.945,-0.227,1.729,0.659,0.896,-36.745,27.88,28,72,0,2,0,-91.195,-122.649,1.233,0,0,1,2,2,R,"쟈가리코",190,82,0.501,3,136,W,Y,1667.993,217,54,101,67,51,145,130,20.025,23.983,0.51,0,0.432,57.316,22.57,2.02,0.483,-37.171,0,"HalF_HearteD",0.035,-16.735,0,"Pring__",-19.302,-44.281,0,"Rite_",-15.135,-61.594,0,"magimari",17.307,-46.85,0,"mochi_2929",11.508,-62.998,0,"alcohol500",45.718,-103.689,0,"紅さかな",0.582,-120.737,0,"Pizzallaris",-41.019,-100.596,0,1672.195,-48.648,-127.433,0,0,"",0,0,0,0,,1678.354,1683.444,,24,4
19,1,0,0,1,0,0,2,0,0,0,255,255,255,8,1717.858,"-Alta-",L,26,88,140,1.151,0.383,-0.273,2.024,0.66,1.661,-36.745,42.438,87,13,0,0,0,-124.475,-195.519,1.666,0,0,1,3,1,L,"encounter v",190,88,0.453,0,43,W,Y,0,0,0,0,0,0,0,0,0,0,0,0,0,0,0,0,0.517,-36.881,0,"HalF_HearteD",0.313,-16.751,0,"Pring__",-22.737,-47.346,0,"Rite_",-12.497,-62.744,0,"magimari",18.658,-45.535,0,"mochi_2929",12.639,-62.094,0,"alcohol500",46.877,-102.298,0,"紅さかな",6.761,-119.863,0,"Pizzallaris",-41.567,-99.782,0,0,0,0,0,0,"",0,0,0,0,1718.465,,,,0,0
20,1,0,0,1,0,1,2,0,0,0,255,255,255,9,1732.354,"-Alta-",L,13,77,114,3.34,-1.473,-0.34,1.92,0.794,1.102,-36.745,46.479,87,13,0,4,0,370.632,335.607,2.082,2.076,-18.652,1,3,1,L,"encounter v",190,88,0.453,0,43,W,Y,0,0,0,0,0,0,0,0,0,0,0,0,0,0,0,0,0.496,-38.005,0,"HalF_HearteD",0.82,-17.308,0,"Pring__",-21.966,-46.166,0,"Rite_",-11.747,-63.193,0,"magimari",18.59,-45.447,0,"mochi_2929",12.539,-62.022,0,"alcohol500",48.626,-102.943,0,"紅さかな",9.172,-120.705,0,"Pizzallaris",-41.521,-99.888,0,0,0,0,0,0,"",0,0,0,0,1735.91,,,,0,0
21,1,0,0,1,0,2,2,0,0,0,255,255,255,10,1752.634,"-Alta-",L,26,86,139,-0.328,0.368,-0.475,2.062,0.057,1.644,-36.745,42.665,82,18,0,2,0,-132.586,-200,1.898,0,0,1,3,1,L,"encounter v",190,88,0.453,3,43,W,Y,1753.521,255,130,166,67,38,145,97,103.871,74.038,0.95,0,0.571,156.274,287.831,-41.302,0.281,-37.227,0,"HalF_HearteD",-0.153,-17.149,0,"Pring__",-22.135,-47.001,0,"Rite_",-11.896,-63.594,0,"magimari",18.306,-45.717,0,"mochi_2929",12.53,-61.983,0,"alcohol500",48.672,-103.066,0,"紅さかな",4.365,-119.79,0,"Pizzallaris",-41.951,-100.97,0,0,0,0,0,0,"",0,0,0,0,,,,,16,3
22,1,0,0,1,0,2,2,0,0,0,255,255,255,11,1770.505,"-Alta-",L,26,86,140,0.196,0.389,-0.452,2.107,0.271,1.657,-36.745,43.183,85,15,0,2,0,-124.229,-200,1.654,0,0,1,3,1,L,"encounter v",190,88,0.453,3,43,W,Y,1771.641,190,73,94,84,38,145,130,30.94,-4.372,0.55,0,0.505,12.085,-263.816,49.19,0.209,-36.846,0,"HalF_HearteD",-0.156,-16.717,0,"Pring__",-21.54,-46.487,0,"Rite_",-11.983,-63.703,0,"magimari",18.454,-46.33,0,"mochi_2929",13.131,-62.049,0,"alcohol500",51.039,-101.113,0,"紅さかな",4.795,-121.677,90,"Pizzallaris",-41.697,-100.922,0,1776.354,16.295,-133.038,1776.57,7,"紅さかな",15.696,-130.227,0,0,,,,,160,1
23,2,1,0,1,0,0,0,0,0,0,255,255,255,10,1831.162,"DoYaGee",R,3,69,114,-1.357,0.323,0.17,1.158,-0.137,1.84,-36.437,20.618,3,10,87,0,0,-311.562,0,14.671,0,0,0,3,2,L,"Pring__",190,93.36,0.455,0,131,W,Y,0,0,0,0,0,0,0,0,0,0,0,0,0,0,0,0,-0.04,-37.654,0,"encounter v",0.47,-17.426,0,"쟈가리코",-21.331,-47.244,0,"muyang_",-17.04,-62.627,0,"わだ、、",21.323,-48.486,0,"shimenawa",12.501,-65.044,0,"ddil_ddil69",39.661,-98.689,0,"ByeolBam",5.658,-111.908,0,"Po_cari",-32.825,-88.39,0,0,0,0,0,0,"",0,0,0,0,1831.583,,,,0,0
24,2,1,0,1,0,1,0,0,0,0,255,255,255,11,1849.83,"DoYaGee",R,32,73,124,0.654,0.146,0.287,1.104,-0.059,1.665,-36.437,34.699,4,17,79,0,0,217.287,-56.787,21.546,0,0,1,3,2,L,"Pring__",190,93.36,0.455,0,131,W,Y,0,0,0,0,0,0,0,0,0,0,0,0,0,0,0,0,0.05,-37.228,0,"encounter v",1.058,-17.344,0,"쟈가리코",-21.072,-46.864,0,"muyang_",-16.979,-62.628,0,"わだ、、",20.879,-48.498,0,"shimenawa",12.082,-65.088,0,"ddil_ddil69",40.105,-98.824,0,"ByeolBam",2.366,-111.582,0,"Po_cari",-32.769,-88.371,0,0,0,0,0,0,"",0,0,0,0,1850.118,,,,0,0
25,2,1,0,1,0,2,0,0,0,0,255,255,255,12,1880.57,"DoYaGee",R,3,79,116,-0.812,-1.125,0.389,0.947,0.414,1.159,-36.437,46.305,10,19,71,4,0,-461.383,192.681,-4.671,0,0,1,3,2,L,"Pring__",190,93.36,0.455,0,131,W,Y,0,0,0,0,0,0,0,0,0,0,0,0,0,0,0,0,-0.062,-37.247,0,"encounter v",0.017,-17.465,0,"쟈가리코",-20.962,-43.864,0,"muyang_",-17.277,-64.172,0,"わだ、、",21.177,-48.143,0,"shimenawa",10.343,-64.646,0,"ddil_ddil69",40.1,-98.846,0,"ByeolBam",2.566,-110.845,0,"Po_cari",-32.804,-88.377,0,0,0,0,0,0,"",0,0,0,0,1880.875,,,,0,0
26,2,1,0,1,0,0,1,0,0,0,255,255,255,13,1933.227,"DoYaGee",R,3,66,110,-0.237,-0.042,0.338,1.087,0.555,1.616,-36.437,46.941,7,14,79,2,0,-375.26,0,3.435,0,0,1,4,0,L,"-Alta-",190.1,84,0.479,3,129,W,Y,1934.189,255,153,81,150,70,145,90,-2.156,-34.595,-0.83,0,0.684,232.648,217.589,-32.472,-0.125,-36.935,0,"encounter v",-0.21,-17.407,0,"쟈가리코",-21.607,-46.596,79,"muyang_",-16.901,-62.883,0,"わだ、、",20.202,-48.052,111,"shimenawa",12.92,-64.711,0,"ddil_ddil69",40.833,-98.291,0,"ByeolBam",4.038,-110.872,0,"Po_cari",-33.69,-88.802,0,1933.611,6.993,-29.995,1934.785,4,"わだ、、",17.113,-43.949,0,0,,,,,38,2
27,2,1,0,1,0,0,2,0,0,0,255,255,255,14,1960.004,"DoYaGee",R,32,74,125,0.462,0.094,0.282,1.093,-0.086,1.631,-36.437,32.982,7,59,33,2,0,211.648,-60.397,18.797,0,0,1,5,4,R,"magimari",190,84.655,0.353,3,127,W,Y,1961.167,241,58,80,70,43,145,130,-30,31.725,0.61,0,0.467,-412.469,138.075,-33.68,0.039,-37.794,0,"encounter v",-0.024,-17.349,0,"쟈가리코",-21.337,-47.149,76,"muyang_",-16.817,-62.643,0,"わだ、、",19.279,-48.647,0,"shimenawa",11.147,-65.74,0,"ddil_ddil69",35.578,-95.961,0,"ByeolBam",0.011,-105.299,0,"Po_cari",-34.461,-82.048,0,1960.139,-0.835,-20.255,1961.479,2,"쟈가리코",-17.152,-46.528,0,0,,,,,20,2
28,2,0,0,1,0,0,0,0,0,0,255,255,255,12,2013.574,"-Alta-",L,27,91,140,1.635,-0.374,-0.196,1.929,0.809,1.246,-36.745,24.713,56,44,0,1,0,-74.383,-128.466,-0.966,0,0,0,4,7,R,"ByeolBam",175.3,90,0.5,0,127,W,Y,0,0,0,0,0,0,0,0,0,0,0,0,0,0,0,0,0.379,-37.503,0,"HalF_HearteD",0.163,-16.959,0,"Pring__",-20.784,-46.276,0,"Rite_",-14.648,-62.184,0,"magimari",17.605,-46.851,0,"mochi_2929",9.615,-63.802,0,"alcohol500",40.402,-105.755,0,"紅さかな",-4.34,-118.538,0,"Pizzallaris",-43.897,-102.015,0,0,0,0,0,0,"",0,0,0,0,2013.688,,,,0,0
29,2,0,0,1,1,0,0,0,0,0,255,255,255,13,2028.231,"-Alta-",L,26,72,124,-2.032,2.141,-0.471,2.207,-0.598,2.608,-36.745,67.409,74,26,0,1,0,-169.765,-200,2.939,0,0,0,4,7,R,"ByeolBam",175.3,90,0.5,0,127,W,Y,0,0,0,0,0,0,0,0,0,0,0,0,0,0,0,0,0.273,-36.995,0,"HalF_HearteD",0.098,-16.759,0,"Pring__",-20.813,-46.322,0,"Rite_",-14.68,-62.31,0,"magimari",17.785,-46.785,0,"mochi_2929",9.681,-63.578,0,"alcohol500",40.502,-103.501,0,"紅さかな",-5.923,-119.831,0,"Pizzallaris",-43.889,-102.018,0,0,0,0,0,0,"",0,0,0,0,2028.493,,,,0,0
30,2,0,0,1,2,0,0,0,0,0,255,255,255,14,2043.468,"-Alta-",L,26,79,129,0.771,0.301,-0.396,2.038,0.257,1.678,-36.745,46.174,86,14,0,2,0,-124.821,-200,1.74,0,0,1,4,7,R,"ByeolBam",175.3,90,0.5,3,127,W,Y,2044.322,173,164,149,73,33,145,127,27.764,40.198,0.3,0,0.29,231.266,522.606,-53.709,0.499,-37.246,0,"HalF_HearteD",-0.023,-16.882,0,"Pring__",-20.728,-46.111,0,"Rite_",-14.598,-62.205,0,"magimari",17.709,-46.734,0,"mochi_2929",9.396,-63.853,0,"alcohol500",39.979,-104.757,0,"紅さかな",-5.658,-120.062,0,"Pizzallaris",-43.892,-102.018,0,2048.208,-83.522,-96.94,0,0,"",0,0,0,0,,,,,16,3
31,2,0,0,1,2,1,0,0,0,0,255,255,255,15,2064.872,"-Alta-",L,26,83,134,0.275,-0.539,-0.411,1.889,0.339,1.073,-36.745,34.499,59,41,0,2,0,-140.499,-200,1.763,0,0,1,4,7,R,"ByeolBam",175.3,90,0.5,3,81,W,Y,2065.809,196,95,108,66,28,145,127,8.904,38.353,0.47,0,0.256,-50.962,589.898,-97.073,0.401,-36.847,0,"HalF_HearteD",-0.177,-16.98,0,"Pring__",-20.89,-46.475,86,"Rite_",-16.498,-60.416,0,"magimari",17.277,-45.687,0,"mochi_2929",9.679,-63.723,0,"alcohol500",40.894,-104.532,0,"紅さかな",-9.527,-121.108,0,"Pizzallaris",-43.007,-100.82,0,0,0,0,2067.347,5,"mochi_2929",-20.023,-42.722,0,0,,,,,24,1
32,2,0,0,1,0,0,1,0,0,0,255,255,255,16,2091.184,"-Alta-",L,13,86,111,1.864,-1.296,-0.282,1.904,0.455,1.325,-36.745,36.162,28,72,0,4,0,191.942,400,-9.379,0,0,1,5,0,R,"DoYaGee",190,80,0.451,0,125,W,Y,0,0,0,0,0,0,0,0,0,0,0,0,0,0,0,0,0.507,-37.895,0,"HalF_HearteD",-0.062,-16.757,0,"Pring__",-21.754,-47.428,0,"Rite_",-16.106,-61.87,0,"magimari",17.958,-45.443,0,"mochi_2929",10.607,-63.789,0,"alcohol500",37.748,-105.483,0,"紅さかな",-7.164,-121.708,0,"Pizzallaris",-43.85,-98.595,0,0,0,0,0,0,"",0,0,0,0,2091.361,,,,0,0
33,2,0,0,1,0,1,1,0,0,0,255,255,255,17,2106.462,"-Alta-",L,26,88,140,0.2,-0.581,-0.31,1.813,0.252,1.095,-36.745,33.831,41,59,0,0,0,-112.159,-157.067,-1.686,0,0,0,5,0,R,"DoYaGee",190,80,0.451,0,45,W,Y,0,0,0,0,0,0,0,0,0,0,0,0,0,0,0,0,-0.016,-37.143,0,"HalF_HearteD",0.11,-16.951,0,"Pring__",-21.653,-47.297,0,"Rite_",-16.12,-61.839,0,"magimari",17.579,-45.52,0,"mochi_2929",11.697,-63.505,0,"alcohol500",42.533,-102.732,0,"紅さかな",-4.921,-122.101,0,"Pizzallaris",-43.801,-98.561,0,0,0,0,0,0,"",0,0,0,0,2106.576,,,,0,0
34,2,0,0,1,0,2,1,0,0,0,255,255,255,18,2121.387,"-Alta-",L,13,74,101,2.024,-1.235,-0.3,1.878,0.178,1.349,-36.745,36.929,46,54,0,4,0,336.569,340.049,-13.95,0,0,1,5,0,R,"DoYaGee",190,80,0.451,0,45,W,Y,0,0,0,0,0,0,0,0,0,0,0,0,0,0,0,0,0.431,-37.994,0,"HalF_HearteD",0.087,-17.164,0,"Pring__",-21.427,-44.103,0,"Rite_",-16.138,-61.859,0,"magimari",17.712,-45.532,0,"mochi_2929",11.16,-62.912,0,"alcohol500",42.294,-104.928,0,"紅さかな",-4.43,-122.02,0,"Pizzallaris",-43.842,-98.591,0,0,0,0,0,0,"",0,0,0,0,2121.701,,,,0,0
35,2,0,0,1,0,0,2,0,0,0,255,255,255,19,2144.485,"-Alta-",L,28,83,135,1.102,-0.498,-0.259,1.883,0.562,1.21,-36.745,29.392,49,51,0,0,0,-58.747,-87.828,-2.13,0,0,0,6,6,R,"ddil_ddil69",174.8,89.899,0.397,0,124,W,Y,0,0,0,0,0,0,0,0,0,0,0,0,0,0,0,0,0.13,-37.562,0,"HalF_HearteD",0.021,-16.739,0,"Pring__",-18.709,-44.413,0,"Rite_",-15.937,-61.887,0,"magimari",17.722,-45.488,0,"mochi_2929",9.647,-63.083,0,"alcohol500",43.123,-103.638,0,"紅さかな",-1.075,-121.782,0,"Pizzallaris",-43.791,-98.663,0,0,0,0,0,0,"",0,0,0,0,2144.84,,,,0,0
36,2,0,0,1,0,1,2,0,0,0,255,255,255,20,2159.352,"-Alta-",L,13,76,102,-1.588,0.096,-0.661,2.135,-1.353,2.223,-36.745,74.882,74,26,0,1,0,327.588,353.826,3.98,0,0,0,6,6,R,"ddil_ddil69",174.8,89.899,0.397,0,124,W,Y,0,0,0,0,0,0,0,0,0,0,0,0,0,0,0,0,0.195,-37.246,0,"HalF_HearteD",-0.104,-16.883,0,"Pring__",-18.743,-44.46,0,"Rite_",-15.949,-61.887,0,"magimari",17.671,-45.487,0,"mochi_2929",11.224,-62.014,0,"alcohol500",46.777,-102.309,0,"紅さかな",0.178,-118.161,0,"Pizzallaris",-43.8,-98.658,0,0,0,0,0,0,"",0,0,0,0,2159.813,,,,0,0
37,2,0,0,1,1,1,2,0,0,0,255,255,255,21,2174.587,"-Alta-",L,10,81,108,-1.172,-0.648,-0.461,2.011,-0.51,1.816,-36.745,47.807,78,22,0,2,0,6.301,400,3.276,0,0,1,6,6,R,"ddil_ddil69",174.8,89.899,0.397,3,124,W,Y,2175.845,255,89,142,72,59,145,126,28.607,27.226,0.45,0,0.518,345.334,-281.253,4.224,0.552,-37.714,0,"HalF_HearteD",-0.167,-16.973,0,"Pring__",-18.587,-44.007,0,"Rite_",-15.833,-61.764,0,"magimari",17.622,-45.39,0,"mochi_2929",10.957,-62.118,75,"alcohol500",45.821,-102.568,0,"紅さかな",0.149,-118.626,0,"Pizzallaris",-43.798,-98.664,105,2180.257,-44.473,-119.375,2181.139,8,"Pizzallaris",-43.554,-116.806,1,0,,2185.893,,,19,2
38,2,0,0,1,0,0,2,0,1,0,255,16,255,22,2212.633,"-Alta-",L,27,83,135,1.233,-0.057,-0.219,1.898,0.634,1.414,-36.745,30.67,39,61,0,0,0,-70.595,-134.507,-2.428,0,0,0,7,8,R,"Po_cari",170,85,0.5,0,123,W,Y,0,0,0,0,0,0,0,0,0,0,0,0,0,0,0,0,-0.054,-37.319,107,"HalF_HearteD",0.099,-16.948,0,"Pring__",-19.49,-45.181,0,"Rite_",-14.701,-61.85,0,"magimari",18.266,-45.949,0,"mochi_2929",5.394,-61.577,0,"alcohol500",41.348,-99.488,0,"紅さかな",-1.388,-114.668,0,"Pizzallaris",-43.415,-98.734,0,0,0,0,0,0,"",0,0,0,0,2212.882,2226.171,,,0,0
39,2,0,0,1,0,1,2,0,1,0,255,16,255,23,2250.293,"-Alta-",L,27,83,134,0.312,-0.795,-0.442,1.92,0.325,1.001,-36.745,50.811,85,15,0,0,0,-119.185,-126.905,4.975,0,0,0,7,8,R,"Po_cari",170,85,0.5,0,123,W,Y,0,0,0,0,0,0,0,0,0,0,0,0,0,0,0,0,0.525,-37.645,0,"HalF_HearteD",0.089,-16.891,0,"Pring__",-19.803,-45.461,0,"Rite_",-14.718,-61.738,0,"magimari",18.393,-46.159,0,"mochi_2929",4.873,-61.932,0,"alcohol500",44.833,-99.729,0,"紅さかな",2.464,-113.931,0,"Pizzallaris",-45.381,-102.659,0,0,0,0,0,0,"",0,0,0,0,2250.507,,,,0,0
40,2,0,0,1,0,2,2,0,1,0,255,16,255,24,2268.969,"-Alta-",L,13,82,107,1.254,-1.755,-0.294,1.773,0.009,1.236,-36.745,34.01,43,57,0,2,0,278.899,400,-13.51,0,0,1,7,8,R,"Po_cari",170,85,0.5,3,123,W,Y,2270.238,181,114,78,90,63,145,100,-30,2.109,0.04,0,0.548,77.014,-211.874,-81.671,0.077,-37.166,85,"HalF_HearteD",0.046,-16.913,0,"Pring__",-19.66,-44.747,85,"Rite_",-14.609,-61.577,0,"magimari",18.188,-46.225,0,"mochi_2929",7.813,-62.553,0,"alcohol500",45.873,-100.076,0,"紅さかな",1.654,-111.95,0,"Pizzallaris",-45.373,-102.665,0,2268.972,0.239,-20.491,2269.986,0,"-Alta-",-0.326,-36,0,0,,,2274.941,,122,2
41,3,1,0,1,0,0,0,0,0,0,255,255,255,15,2329.459,"DoYaGee",R,32,71,123,0.133,0.124,0.156,1.092,-0.204,1.626,-36.437,21.731,2,10,88,2,0,196.175,-58.314,21.201,0,0,1,6,3,R,"Rite_",169.5,80,0.455,3,120,W,Y,2330.509,255,51,61,53,18,137,125,28.018,48.003,0.34,0,0.219,124.368,470.045,-65.821,-0.044,-36.934,0,"encounter v",-0.042,-17.448,0,"쟈가리코",-22.731,-48.252,0,"muyang_",-17.112,-62.553,0,"わだ、、",17.724,-45.268,0,"shimenawa",10.949,-64.666,0,"ddil_ddil69",36.008,-94.634,0,"ByeolBam",-0.994,-104.638,0,"Po_cari",-33.255,-79.701,0,2334.097,-91.199,-84.782,0,0,"",0,0,0,0,,,,,32,3
42,3,1,0,1,0,1,0,0,0,0,255,255,255,16,2350.436,"DoYaGee",R,33,78,128,-0.047,0.672,0.155,1.177,-0.209,1.933,-36.437,22.033,5,68,27,0,0,124.629,-61.447,23.379,0,0,1,6,3,R,"Rite_",169.5,80,0.455,0,120,W,Y,0,0,0,0,0,0,0,0,0,0,0,0,0,0,0,0,-0.067,-37.351,0,"encounter v",-0.006,-17.308,0,"쟈가리코",-23.256,-49.113,0,"muyang_",-17.642,-63.661,0,"わだ、、",18.047,-45.761,0,"shimenawa",10.309,-65.451,0,"ddil_ddil69",35.481,-94.106,0,"ByeolBam",-0.965,-105.896,0,"Po_cari",-36.588,-83.892,0,0,0,0,0,0,"",0,0,0,0,2350.583,,,,0,0
43,3,1,0,1,0,2,0,0,0,0,255,255,255,17,2371.272,"DoYaGee",R,32,81,132,-1.494,0.551,-0.017,1.148,-1.009,1.828,-36.437,13.127,2,71,26,1,0,250,-102.838,18.116,0,0,0,6,3,R,"Rite_",169.5,80,0.455,0,120,W,Y,0,0,0,0,0,0,0,0,0,0,0,0,0,0,0,0,0.214,-37.366,0,"encounter v",0.1,-17.34,0,"쟈가리코",-23.537,-49.037,0,"muyang_",-16.986,-62.81,0,"わだ、、",19.406,-47.065,0,"shimenawa",8.866,-65.454,0,"ddil_ddil69",35.422,-94.123,0,"ByeolBam",-0.285,-105.855,0,"Po_cari",-36.681,-84.009,0,0,0,0,0,0,"",0,0,0,0,2371.396,,,,0,0
44,3,1,0,1,1,2,0,0,0,0,255,255,255,18,2390.272,"DoYaGee",R,6,41,91,4.349,-0.681,0.38,0.996,0.837,1.275,-36.437,44.23,0,46,54,3,0,388.969,0,9.235,0.116,-20.471,0,6,3,R,"Rite_",169.5,80,0.455,0,119,W,Y,0,0,0,0,0,0,0,0,0,0,0,0,0,0,0,0,-0.209,-37.512,0,"encounter v",-0.226,-19.985,0,"쟈가리코",-23.761,-49.019,0,"muyang_",-17.177,-63.663,0,"わだ、、",18.404,-46.555,0,"shimenawa",7.974,-65.249,0,"ddil_ddil69",35.456,-94.017,0,"ByeolBam",-0.246,-105.812,0,"Po_cari",-36.666,-83.979,0,0,0,0,0,0,"",0,0,0,0,2391.82,,,,0,6
45,3,1,0,1,0,0,0,1,0,0,3,255,255,19,2443.982,"DoYaGee",R,32,72,123,0.352,0.282,0.177,1.116,-0.105,1.712,-36.437,20.42,5,64,31,0,0,198.35,-66.421,22.872,0,0,0,7,7,R,"紅さかな",172.5,86,0.402,0,119,W,Y,0,0,0,0,0,0,0,0,0,0,0,0,0,0,0,0,0.283,-37.473,0,"encounter v",-0.014,-17.36,0,"쟈가리코",-21.308,-43.388,0,"muyang_",-13.508,-60.245,0,"わだ、、",17.893,-43.654,0,"shimenawa",6.68,-64.216,0,"ddil_ddil69",38.847,-97.639,0,"ByeolBam",-0.727,-107.199,0,"Po_cari",-38.404,-89.457,0,0,0,0,0,0,"",0,0,0,0,2444.25,,,,0,0
46,3,1,0,1,0,1,0,1,0,0,3,255,255,20,2463.693,"DoYaGee",R,3,62,105,-1.43,-1.351,0.237,0.994,0.193,1.207,-36.437,46.751,5,25,70,1,0,-426.987,223.394,15.931,0,0,0,7,7,R,"紅さかな",172.5,86,0.402,0,119,W,Y,0,0,0,0,0,0,0,0,0,0,0,0,0,0,0,0,0.178,-37.584,0,"encounter v",-1.201,-19.346,0,"쟈가리코",-20.841,-43.319,0,"muyang_",-15.134,-59.367,0,"わだ、、",17.247,-44.99,0,"shimenawa",5.613,-62.91,0,"ddil_ddil69",38.861,-97.62,0,"ByeolBam",-0.733,-107.213,0,"Po_cari",-38.249,-89.567,0,0,0,0,0,0,"",0,0,0,0,2464.132,,,,0,0
47,3,1,0,1,1,1,0,1,0,0,3,255,255,21,2484.78,"DoYaGee",R,32,76,127,-0.952,0.237,0.044,1.113,-0.725,1.701,-36.437,14.615,3,70,27,0,0,208.059,-55.465,25.848,0,0,1,7,7,R,"紅さかな",172.5,86,0.402,0,119,W,Y,0,0,0,0,0,0,0,0,0,0,0,0,0,0,0,0,0.131,-37.564,0,"encounter v",-0.947,-19.352,0,"쟈가리코",-20.601,-43.139,0,"muyang_",-12.774,-59.752,0,"わだ、、",17.24,-44.315,0,"shimenawa",7.353,-64.259,0,"ddil_ddil69",38.857,-97.64,0,"ByeolBam",-0.762,-106.266,0,"Po_cari",-38.262,-89.577,0,0,0,0,0,0,"",0,0,0,0,2485.014,,,,0,0
48,3,1,0,1,1,2,0,1,0,0,3,255,255,22,2508.329,"DoYaGee",R,3,69,110,-1.888,-0.383,0.199,1.035,-0.006,1.42,-36.437,26.461,3,11,87,4,0,-453.825,0,10.739,0,0,1,7,7,R,"紅さかな",172.5,86,0.402,0,119,W,Y,0,0,0,0,0,0,0,0,0,0,0,0,0,0,0,0,0.197,-37.622,0,"encounter v",-0.169,-17.401,0,"쟈가리코",-20.959,-42.769,0,"muyang_",-11.951,-60.564,0,"わだ、、",16.705,-43.752,0,"shimenawa",7.415,-64.635,0,"ddil_ddil69",38.865,-97.675,0,"ByeolBam",-0.553,-106.472,0,"Po_cari",-37.871,-89.781,0,0,0,0,0,0,"",0,0,0,0,2508.674,,,,0,0
49,3,1,0,1,0,0,1,1,0,0,3,255,255,23,2531.058,"DoYaGee",R,3,74,116,-1.985,0.352,0.127,1.14,-0.339,1.809,-36.437,16.361,3,52,45,1,0,-387.474,0,22.991,0,0,0,8,6,L,"alcohol500",160,94.581,0.398,0,117,W,Y,0,0,0,0,0,0,0,0,0,0,0,0,0,0,0,0,0.161,-37.333,0,"encounter v",0.025,-17.377,0,"쟈가리코",-20.163,-42.774,0,"muyang_",-9.061,-60.624,0,"わだ、、",16.538,-43.672,0,"shimenawa",8.73,-63.29,0,"ddil_ddil69",36.673,-95.521,0,"ByeolBam",3.261,-106.31,0,"Po_cari",-38.296,-89.539,0,0,0,0,0,0,"",0,0,0,0,2531.208,,,,0,0
50,3,1,0,1,1,0,1,1,0,0,3,255,255,24,2549.202,"DoYaGee",R,32,64,118,-0.226,0.373,0.21,1.139,-0.42,1.803,-36.437,26.408,0,58,42,0,0,191.139,-11.775,27.74,0,0,0,8,6,L,"alcohol500",160,94.581,0.398,0,117,W,Y,0,0,0,0,0,0,0,0,0,0,0,0,0,0,0,0,0.037,-37.445,0,"encounter v",-0.043,-17.397,0,"쟈가리코",-20.58,-42.35,0,"muyang_",-9.045,-59.713,0,"わだ、、",16.51,-43.09,0,"shimenawa",8.869,-63.887,0,"ddil_ddil69",36.681,-95.514,0,"ByeolBam",-0.304,-108.221,0,"Po_cari",-38.249,-89.428,0,0,0,0,0,0,"",0,0,0,0,2549.271,,,,0,0
51,3,1,0,1,1,1,1,1,0,0,3,255,255,25,2567.757,"DoYaGee",R,3,73,115,-2.076,0.078,0.253,1.103,-0.219,1.667,-36.437,24.428,5,55,40,2,0,-404.08,0,27.003,0,0,1,8,6,L,"alcohol500",160,94.581,0.398,3,117,W,Y,2568.745,108,6,62,35,12,133,72,-16.891,13.397,-0.87,0,0.126,87.616,432.605,-375.393,-0.187,-37.015,0,"encounter v",-0.123,-17.552,0,"쟈가리코",-19.769,-44.772,0,"muyang_",-11.088,-59.645,93,"わだ、、",16.248,-43.134,0,"shimenawa",11.162,-63.689,0,"ddil_ddil69",36.636,-95.442,0,"ByeolBam",0.144,-108.033,0,"Po_cari",-38.321,-89.487,0,2567.639,-1.065,-21.891,2570.076,3,"muyang_",-7.789,-51.244,0,64,,2573.984,,,276,2
52,3,0,0,1,0,0,0,0,0,0,255,255,255,25,2627.666,"-Alta-",L,13,76,114,2.227,-1.262,-0.46,1.951,0.346,1.228,-36.745,45.712,35,65,0,1,0,408.079,288.915,1.445,0,0,0,8,3,R,"muyang_",171.1,80,0.496,0,116,W,Y,0,0,0,0,0,0,0,0,0,0,0,0,0,0,0,0,0.581,-38.045,0,"HalF_HearteD",0.076,-16.858,0,"Pring__",-19.919,-45.094,0,"Rite_",-15.609,-61.125,0,"magimari",17.674,-45.928,0,"mochi_2929",9.349,-61.242,0,"alcohol500",37.976,-104.391,0,"紅さかな",-5.096,-116.756,0,"Pizzallaris",-43.835,-101.234,0,0,0,0,0,0,"",0,0,0,0,2627.715,,,,0,0
53,3,0,0,1,1,0,0,0,0,0,255,255,255,26,2646.707,"-Alta-",L,27,82,133,0.51,-0.433,-0.271,1.789,0.334,1.225,-36.745,27.352,44,56,0,2,0,-69.667,-113.836,0.975,0,0,1,8,3,R,"muyang_",171.1,80,0.496,3,116,W,Y,2647.628,250,201,113,101,39,145,126,25.781,-19.403,0.61,0,0.3,-247.971,282.786,157.775,0.212,-36.842,0,"HalF_HearteD",0.112,-16.966,0,"Pring__",-20.456,-45.675,0,"Rite_",-15.748,-60.996,0,"magimari",17.61,-46.003,0,"mochi_2929",8.175,-62.91,74,"alcohol500",37.786,-104.347,90,"紅さかな",-5.284,-116.652,0,"Pizzallaris",-43.239,-100.981,0,2650.785,27.651,-122.714,2652.639,6,"alcohol500",24.99,-126.15,1,0,,2657.257,,,274,2
54,3,0,0,1,0,0,0,0,1,0,255,13,255,27,2686.119,"-Alta-",L,3,74,104,1.221,0.164,-0.458,1.951,-0.187,1.704,-36.745,58.747,30,70,0,0,0,361.492,0,1.71,0,0,0,0,5,L,"shimenawa",175.4,94.778,0.295,0,115,W,Y,0,0,0,0,0,0,0,0,0,0,0,0,0,0,0,0,0.523,-37.754,0,"HalF_HearteD",0.096,-16.911,0,"Pring__",-21.176,-46.718,0,"Rite_",-7.81,-63.954,0,"magimari",18.099,-46.288,0,"mochi_2929",10.137,-61.504,0,"alcohol500",46.527,-100.604,0,"紅さかな",7.269,-120.523,0,"Pizzallaris",-42.403,-101.245,0,0,0,0,0,0,"",0,0,0,0,2686.326,2688.853,,,0,0
55,3,0,0,1,0,1,0,0,1,0,255,13,255,28,2703.491,"-Alta-",L,27,81,132,-0.517,0.403,-0.468,2.046,-0.147,1.669,-36.745,39.35,76,24,0,2,0,-42.789,-146.293,-2.61,0,0,1,0,5,L,"shimenawa",175.4,94.778,0.295,3,107,W,Y,2704.546,120,97,86,54,22,137,127,10.012,23.491,0.58,0,0.353,-24.207,-269.509,30.324,0.108,-36.895,0,"HalF_HearteD",-0.149,-16.774,0,"Pring__",-21.153,-46.701,0,"Rite_",-10.65,-64.408,0,"magimari",18.43,-45.797,0,"mochi_2929",10.92,-60.155,0,"alcohol500",47.446,-99.601,0,"紅さかな",8.21,-120.307,0,"Pizzallaris",-42.404,-101.236,114,2705.715,-27.035,-89.86,2710.743,8,"Pizzallaris",-36.168,-120.846,1,0,,2714.091,2710.428,2715.179,19,2
56,3,0,0,2,0,0,0,0,1,0,255,15,255,29,2751.934,"-Alta-",L,13,90,113,2.518,-1.675,-0.181,1.8,0.54,1.06,-36.745,23.217,17,83,0,2,0,307.726,394.087,-11.396,0,0,1,1,4,L,"わだ、、",190,85,0.53,3,114,W,Y,2753.094,255,212,157,120,2,145,97,10.776,-51.152,0.95,0,0.692,238.128,351.627,1.668,0.243,-37.093,0,"HalF_HearteD",-0.049,-16.989,0,"Pring__",-20.257,-45.584,0,"Rite_",-13.672,-62.563,0,"magimari",18.715,-45.618,0,"mochi_2929",10.579,-61.76,0,"alcohol500",46.33,-101.006,0,"紅さかな",1.124,-117.937,0,"Pizzallaris",-42.79,-101.479,0,2753.41,31.097,-46.8,0,0,"",0,0,0,0,,2754.849,,,16,3
57,3,0,0,2,0,1,0,0,1,0,255,15,255,30,2772.833,"-Alta-",L,28,87,140,0.033,-0.999,-0.187,1.776,0.84,1.043,-36.745,27.27,41,59,0,2,0,-44.67,-93.399,0.858,0,0,1,1,4,L,"わだ、、",190,85,0.53,3,114,W,Y,2773.883,242,149,88,127,69,145,124,25.285,3.852,0.24,0,0.636,133.75,-537.342,-47.836,0.509,-37.09,0,"HalF_HearteD",0.131,-16.957,0,"Pring__",-20.763,-45.615,0,"Rite_",-14.131,-62.686,0,"magimari",18.53,-45.552,0,"mochi_2929",10.721,-61.758,61,"alcohol500",50.366,-99.731,0,"紅さかな",3.034,-121.66,98,"Pizzallaris",-42.116,-100.156,0,2777.597,7.362,-129.979,2777.757,7,"紅さかな",6.701,-126.37,0,0,,2778.811,2784.26,,146,1
58,3,0,0,2,0,0,1,0,0,1,255,255,15,31,2812.89,"-Alta-",L,26,81,131,-0.855,-0.385,-0.549,1.908,-0.162,1.192,-36.745,47.42,53,47,0,2,0,-129.26,-167.406,1.403,0,0,1,2,2,R,"쟈가리코",190,82,0.501,3,72,W,Y,2814.028,255,81,113,88,41,145,130,21.434,23.929,0.59,0,0.527,388.842,-19.373,44.167,0.319,-36.85,0,"HalF_HearteD",-0.207,-16.786,0,"Pring__",-22.259,-47.992,0,"Rite_",-15.307,-61.218,0,"magimari",18.245,-45.539,0,"mochi_2929",10.652,-58.455,0,"alcohol500",47.606,-102.206,0,"紅さかな",-0.091,-121.597,0,"Pizzallaris",-42.622,-100.903,0,2817.632,-48.731,-128.508,0,0,"",0,0,0,0,,2824.304,2815.731,2824.205,16,4
59,3,0,0,4,0,0,1,0,0,0,255,255,255,32,2861.013,"-Alta-",L,13,85,109,2.306,-1.347,-0.289,1.867,0.425,1.29,-36.745,33.513,49,51,0,4,0,307.325,392.186,-11.439,0.618,-18.008,1,3,1,L,"encounter v",190,88,0.453,0,112,W,Y,0,0,0,0,0,0,0,0,0,0,0,0,0,0,0,0,0.497,-37.832,0,"HalF_HearteD",0.023,-16.747,0,"Pring__",-21.981,-47.657,0,"Rite_",-11.128,-63.38,0,"magimari",18.923,-45.781,0,"mochi_2929",11.343,-61.378,0,"alcohol500",46.112,-104.915,0,"紅さかな",0.08,-120.073,0,"Pizzallaris",-44.477,-99.445,0,0,0,0,0,0,"",0,0,0,0,2861.097,,,,0,0
60,3,0,0,4,0,1,1,0,0,0,255,255,255,33,2876.662,"-Alta-",L,13,80,106,2.187,-0.64,-0.328,1.966,0.217,1.645,-36.745,47.636,84,16,0,4,0,376.237,312.348,7.894,0,0,1,3,1,L,"encounter v",190,88,0.453,0,112,W,Y,0,0,0,0,0,0,0,0,0,0,0,0,0,0,0,0,0.558,-38.043,0,"HalF_HearteD",0.07,-16.609,0,"Pring__",-21.986,-47.635,0,"Rite_",-12.391,-62.571,0,"magimari",18.556,-46.024,0,"mochi_2929",11.604,-62.069,0,"alcohol500",45.705,-103.916,0,"紅さかな",-0.398,-120.08,0,"Pizzallaris",-43.787,-99.329,0,0,0,0,0,0,"",0,0,0,0,2876.854,,,,0,0
61,3,0,0,4,0,2,1,0,0,0,255,255,255,34,2891.888,"-Alta-",L,27,92,140,2.19,-0.829,-0.152,1.777,1.085,0.956,-36.745,29.479,40,60,0,2,0,-91.417,-135.625,-1.383,0,0,1,3,1,L,"encounter v",190,88,0.453,3,112,W,Y,2892.852,255,133,176,81,0,145,97,-13.551,-47.403,0.95,0,0.497,196.108,31.341,-7.322,0.645,-37.363,0,"HalF_HearteD",0.439,-16.846,0,"Pring__",-21.982,-47.394,0,"Rite_",-14.164,-62.524,0,"magimari",18.285,-46.004,0,"mochi_2929",11.595,-62.071,0,"alcohol500",46.77,-104.112,0,"紅さかな",1.302,-120.27,0,"Pizzallaris",-43.776,-99.321,0,2891.632,2.512,-20.449,0,0,"",0,0,0,0,,,,,16,3
62,3,0,0,4,0,2,1,0,0,0,255,255,255,35,2906.817,"-Alta-",L,13,82,107,3.722,-2.145,-0.168,1.647,1.02,0.803,-36.745,32.59,41,59,0,4,0,308.464,386.575,3.658,0.758,-19.606,1,3,1,L,"encounter v",190,88,0.453,0,42,W,Y,0,0,0,0,0,0,0,0,0,0,0,0,0,0,0,0,0.42,-38.398,0,"HalF_HearteD",0.028,-16.876,0,"Pring__",-21.276,-43.462,0,"Rite_",-15.117,-63.021,0,"magimari",18.615,-45.025,0,"mochi_2929",10.829,-61.925,0,"alcohol500",48.745,-100.246,0,"紅さかな",2.612,-121.048,0,"Pizzallaris",-43.202,-98.156,0,0,0,0,0,0,"",0,0,0,0,2907.014,,,,0,0
63,3,0,0,4,0,0,2,0,0,0,255,255,255,36,2927.669,"-Alta-",L,13,73,101,1.387,-0.488,-0.345,2.135,0.074,1.967,-36.745,52.41,74,26,0,2,0,255.213,400,-14.378,0,0,1,4,7,R,"ByeolBam",175.3,90,0.5,3,111,W,Y,2928.836,173,67,122,71,41,145,92,1.767,22.157,-0.48,0,0.236,-136.76,486.647,60.388,0.473,-37.343,0,"HalF_HearteD",0.165,-16.898,0,"Pring__",-21.253,-47.194,0,"Rite_",-15.857,-62.524,98,"magimari",17.985,-45.577,0,"mochi_2929",9.343,-63.606,0,"alcohol500",45.438,-106.25,0,"紅さかな",0.548,-120.078,0,"Pizzallaris",-43.221,-98.183,0,2928.097,-6.872,-36.708,2929.535,3,"Rite_",-15.457,-55.307,0,0,,,,,104,2
64,4,1,0,4,0,0,0,0,0,0,255,255,255,26,2983.756,"DoYaGee",R,8,32,91,1.437,-0.417,0.288,1.033,0.409,1.417,-36.437,44.43,0,29,71,2,0,90.546,0,12.507,0,0,1,0,8,R,"Pizzallaris",175.3,88,0.383,3,111,W,Y,2985.1,146,134,123,71,80,145,97,39.459,15.378,-0.21,0.238,0.386,-209.708,-278.675,-64.104,-0.037,-37.586,0,"encounter v",-0.013,-17.515,0,"쟈가리코",-21.699,-47.59,0,"muyang_",-17.056,-62.488,0,"わだ、、",17.746,-46.191,0,"shimenawa",11.219,-65.418,0,"ddil_ddil69",38.445,-99.458,0,"ByeolBam",-0.74,-105.925,104,"Po_cari",-37.611,-89.66,0,2988.354,-13.952,-92.71,2988.549,7,"ByeolBam",-13.696,-90.788,0,0,,,,,48,1
65,4,1,0,4,0,0,1,0,0,0,255,255,255,27,3016.565,"DoYaGee",R,32,83,134,1.933,0.115,0.306,1.105,0.494,1.67,-36.437,28.819,4,62,34,2,0,250,-28.247,33.569,0,0,1,1,5,R,"mochi_2929",180,87.482,0.553,3,110,W,Y,3017.669,251,60,71,28,17,137,99,-30,44.95,0.03,0,0.194,-259.459,317.148,-30.652,-0.193,-36.977,0,"encounter v",-0.012,-17.479,0,"쟈가리코",-21.742,-47.684,86,"muyang_",-16.99,-62.609,0,"わだ、、",17.655,-47.532,0,"shimenawa",9.319,-66.53,0,"ddil_ddil69",38.869,-97.882,0,"ByeolBam",-0.116,-106.688,0,"Po_cari",-36.576,-85.197,0,3016.104,-1.105,-19.564,3017.965,2,"쟈가리코",-24.299,-42.67,0,0,,,,,36,2
66,4,1,0,4,0,1,1,0,0,0,255,255,255,28,3038.346,"DoYaGee",R,32,70,122,3.237,-0.53,0.361,1.002,1.145,1.362,-36.437,47.271,8,11,80,2,0,160.991,45.428,3.679,0,0,0,1,5,R,"mochi_2929",180,87.482,0.553,3,110,W,Y,3039.541,255,104,83,56,26,145,121,25.5,-33.068,0.75,0,0.279,322.408,-337.877,69.506,-0.116,-37.016,0,"encounter v",-0.029,-17.488,0,"쟈가리코",-21.157,-46.612,0,"muyang_",-17.163,-62.649,73,"わだ、、",17.821,-47.812,0,"shimenawa",11.7,-65.422,0,"ddil_ddil69",39.563,-98.241,107,"ByeolBam",-0.118,-103.192,0,"Po_cari",-38.79,-85.91,0,3042.979,64.442,-102.869,3045.715,6,"ddil_ddil69",55.634,-97.729,1,0,,3049.498,,,352,2
67,4,1,0,4,0,0,1,0,1,0,255,5,255,29,3072.985,"DoYaGee",R,32,67,120,2.087,0.337,0.343,1.116,0.55,1.798,-36.437,30.959,2,14,84,2,0,216.1,-46.063,28.285,0,0,1,2,1,R,"HalF_HearteD",190,82,0.35,3,110,W,Y,3074.15,190,119,103,79,28,145,96,7.034,27.572,-0.56,0,0.16,235.609,445.552,-325.533,0.114,-37.379,0,"encounter v",-0.046,-17.452,0,"쟈가리코",-20.362,-45.34,94,"muyang_",-14.274,-59.911,0,"わだ、、",18.646,-47.223,0,"shimenawa",7.487,-66.055,83,"ddil_ddil69",38.992,-97.91,0,"ByeolBam",-0.778,-109.422,0,"Po_cari",-35.983,-85.485,0,0,0,0,3074.028,2,"쟈가리코",-14.963,-46.666,0,0,,3076.829,,,37,1
68,4,1,0,4,0,0,2,0,1,0,255,5,255,30,3129.193,"DoYaGee",R,6,40,89,5.689,0.347,0.525,1.178,1.512,1.905,-36.437,42.794,0,100,0,1,0,404.368,14.81,0.45,0,0,0,3,2,L,"Pring__",190,93.36,0.455,0,109,W,Y,0,0,0,0,0,0,0,0,0,0,0,0,0,0,0,0,0.004,-37.989,0,"encounter v",0.186,-17.254,0,"쟈가리코",-21.961,-47.268,0,"muyang_",-8.149,-58.533,0,"わだ、、",20.994,-46.281,0,"shimenawa",8.558,-66.255,0,"ddil_ddil69",38.289,-101.163,0,"ByeolBam",3.973,-113.287,0,"Po_cari",-37.111,-88.659,0,0,0,0,0,0,"",0,0,0,0,3128.965,3132.033,,,0,0
69,4,1,0,4,1,0,2,0,1,0,255,5,255,31,3148.97,"DoYaGee",R,32,72,124,2.1,0.199,0.317,1.127,0.546,1.742,-36.437,25.374,2,19,79,1,0,232.9,-10.66,22.319,0,0,0,3,2,L,"Pring__",190,93.36,0.455,0,109,W,Y,0,0,0,0,0,0,0,0,0,0,0,0,0,0,0,0,0.135,-37.738,0,"encounter v",-0.191,-17.274,0,"쟈가리코",-21.58,-45.688,0,"muyang_",-9.737,-59.651,0,"わだ、、",21.126,-46.254,0,"shimenawa",8.747,-66.268,0,"ddil_ddil69",38.325,-101.213,0,"ByeolBam",3.565,-113.23,0,"Po_cari",-37.021,-88.649,0,0,0,0,0,0,"",0,0,0,0,3148.549,3151.985,,,0,0
70,4,1,0,4,2,0,2,0,1,0,255,5,255,32,3169.224,"DoYaGee",R,4,61,111,0.734,-0.039,0.276,1.076,0.667,1.618,-36.437,41.049,5,18,77,2,0,-198.864,0,2.281,0,0,1,3,2,L,"Pring__",190,93.36,0.455,3,109,W,Y,3170.16,255,144,94,122,91,145,130,-30,-45.117,0.59,0,0.63,72.761,434.125,111.61,-0.128,-37.139,0,"encounter v",-0.089,-17.407,0,"쟈가리코",-20.56,-46.259,75,"muyang_",-11.526,-59.038,0,"わだ、、",20.659,-47.998,120,"shimenawa",12.346,-64.959,0,"ddil_ddil69",38.32,-101.164,0,"ByeolBam",0.297,-113.842,0,"Po_cari",-37.026,-88.633,0,3168.521,1.819,-22.644,3169.833,4,"わだ、、",22.421,-43.342,0,0,,,3175.393,,22,2
71,4,0,0,4,0,0,0,0,0,0,255,255,255,37,3232.462,"-Alta-",L,27,74,125,-0.574,1.123,-0.392,2.122,-0.054,2.167,-36.745,54.613,88,12,0,2,0,-115.22,-130.905,3.731,0,0,1,5,0,R,"DoYaGee",190,80,0.451,3,43,W,Y,3233.476,178,124,94,86,65,145,102,98.101,-79.231,-0.23,0,0.177,354.525,328.036,106.287,0.569,-36.909,0,"HalF_HearteD",-0.044,-16.878,0,"Pring__",-20.175,-45.393,0,"Rite_",-14.164,-62.393,0,"magimari",17.246,-45.677,0,"mochi_2929",9.978,-62.904,0,"alcohol500",45.344,-101.779,0,"紅さかな",0.209,-120.875,0,"Pizzallaris",-41.241,-101.049,0,0,0,0,0,0,"",0,0,0,0,,,,,16,3
72,4,0,0,4,0,1,0,0,0,0,255,255,255,38,3250.099,"-Alta-",L,28,85,137,1.313,-0.643,-0.12,1.701,0.597,1.122,-36.745,25.123,43,57,0,2,0,-15.197,-84.704,-1.159,0,0,1,5,0,R,"DoYaGee",190,80,0.451,3,43,W,Y,3251.089,155,186,132,108,40,145,128,-2.025,-24.806,0.7,0,0.221,56.825,-189.933,-10.061,0.357,-36.831,0,"HalF_HearteD",0.012,-16.93,0,"Pring__",-19.853,-44.766,0,"Rite_",-15.356,-62.211,69,"magimari",17.342,-45.682,0,"mochi_2929",10.219,-61.807,0,"alcohol500",37.913,-103.54,87,"紅さかな",-4.173,-120.146,0,"Pizzallaris",-42.803,-100.947,0,3249.57,5.499,-30.822,3252.417,6,"alcohol500",33.92,-88.347,1,0,,,,,336,2
73,4,0,0,4,0,0,0,1,0,0,10,255,255,39,3280.035,"-Alta-",L,10,65,96,0.96,-0.317,-0.231,2.155,0.424,2.118,-36.745,40.9,100,0,0,2,0,0,400,2.636,0,0,1,6,6,R,"ddil_ddil69",174.8,89.899,0.397,3,107,W,Y,3281.314,255,81,107,106,26,145,126,25.004,-18.295,0.38,0,0.422,243.718,-130.658,71.881,0.534,-37.38,0,"HalF_HearteD",-0.017,-16.881,0,"Pring__",-17.155,-42.221,0,"Rite_",-13.09,-62.766,0,"magimari",17.483,-45.326,85,"mochi_2929",9.16,-62.935,0,"alcohol500",47.008,-102.481,0,"紅さかな",1.623,-116.818,0,"Pizzallaris",-42.774,-100.965,0,3284.632,37.156,-124.107,3285.535,6,"alcohol500",35.426,-121.021,1,0,,3287.713,3293.136,,304,2
74,4,0,0,4,0,0,0,0,1,1,255,16,10,40,3315.239,"-Alta-",L,26,82,133,1.527,-0.359,-0.295,1.909,0.929,1.193,-36.745,38.624,55,45,0,1,0,-172.476,-178.628,2.613,0,0,0,7,8,R,"Po_cari",170,85,0.5,0,107,W,Y,0,0,0,0,0,0,0,0,0,0,0,0,0,0,0,0,0.492,-37.515,0,"HalF_HearteD",-0.02,-16.533,0,"Pring__",-18.699,-44.226,0,"Rite_",-13.576,-61.367,0,"magimari",19.245,-42.042,0,"mochi_2929",10.764,-59.693,0,"alcohol500",43.732,-95.267,0,"紅さかな",2.04,-122.638,0,"Pizzallaris",-42.766,-100.966,0,0,0,0,0,0,"",0,0,0,0,3314.701,3330.35,3317.649,,0,0
75,4,0,0,4,1,0,0,0,1,1,255,16,10,41,3330.662,"-Alta-",L,27,81,131,1.002,0.126,-0.306,2.04,0.56,1.504,-36.745,39.61,84,16,0,0,0,-75.387,-136.206,0.745,0,0,1,7,8,R,"Po_cari",170,85,0.5,0,107,W,Y,0,0,0,0,0,0,0,0,0,0,0,0,0,0,0,0,0.098,-37.263,0,"HalF_HearteD",-0.014,-16.733,0,"Pring__",-18.742,-44.251,0,"Rite_",-13.585,-61.372,0,"magimari",19.247,-42.402,0,"mochi_2929",9.733,-57.811,0,"alcohol500",46.964,-95.065,0,"紅さかな",0.865,-120.998,0,"Pizzallaris",-42.757,-100.95,0,0,0,0,0,0,"",0,0,0,0,3330.16,3345.266,3333.765,,0,0
76,4,0,0,4,1,1,0,0,1,1,255,16,10,42,3345.844,"-Alta-",L,13,74,113,-0.357,-0.008,-0.483,2.099,-0.64,2.192,-36.745,65.033,82,18,0,2,0,338.286,368.188,-1.855,0,0,1,7,8,R,"Po_cari",170,85,0.5,3,107,W,Y,3346.992,227,104,97,74,36,145,99,-9.497,21.121,-0.02,0,0.474,-247.5,528.405,-24.383,0.298,-36.628,0,"HalF_HearteD",-0.104,-16.926,120,"Pring__",-18.434,-43.863,0,"Rite_",-13.832,-61.513,102,"magimari",18.217,-45.096,0,"mochi_2929",8.847,-56.734,0,"alcohol500",47.428,-101.53,0,"紅さかな",1.054,-120.952,0,"Pizzallaris",-42.765,-100.952,0,3345.118,-1.818,-24.655,3346.938,3,"Rite_",-13.733,-55.118,1,0,3349.431,3345.8,3351.569,,92,2
77,4,0,0,4,0,0,0,1,1,1,18,16,10,43,3371.885,"-Alta-",L,27,89,140,0.731,-0.099,-0.249,1.92,0.417,1.389,-36.745,29.055,60,40,0,0,0,-65.909,-140.965,-2.42,0,0,0,8,3,R,"muyang_",171.1,80,0.496,0,106,W,Y,0,0,0,0,0,0,0,0,0,0,0,0,0,0,0,0,0.24,-37.326,0,"HalF_HearteD",0.029,-16.554,0,"Pring__",-19.186,-39.996,0,"Rite_",-12.829,-56.417,0,"magimari",18.583,-44.449,0,"mochi_2929",5.78,-58.004,0,"alcohol500",44.154,-97.837,0,"紅さかな",2.381,-113.224,0,"Pizzallaris",-42.012,-99.508,0,0,0,0,0,0,"",0,0,0,0,3371.153,,3374.427,,0,0
78,4,0,0,4,0,1,0,1,1,1,18,16,10,44,3387.81,"-Alta-",L,27,79,129,0.342,0.283,-0.221,1.945,0.205,1.625,-36.745,26.84,43,57,0,2,0,-32.079,-109.54,-0.931,0,0,0,8,3,R,"muyang_",171.1,80,0.496,3,106,W,Y,3388.793,255,96,69,81,24,143,123,8.393,32.493,0.27,0,0.11,169.827,213.91,431.681,0.222,-36.747,0,"HalF_HearteD",0.014,-16.851,0,"Pring__",-16.988,-42.592,87,"Rite_",-13.527,-57.847,0,"magimari",16.832,-45.376,0,"mochi_2929",9.432,-56.877,0,"alcohol500",44.273,-98.936,0,"紅さかな",0.74,-115.081,0,"Pizzallaris",-42.048,-99.513,0,0,0,0,3387.972,2,"Pring__",-14.554,-42.396,0,0,,3391.43,3392.592,,24,1
79,4,0,0,4,0,0,2,0,1,1,255,16,10,45,3426.687,"-Alta-",L,28,84,136,-2.045,0.073,-0.412,1.836,-0.819,1.567,-36.745,31.659,47,53,0,2,0,-40.926,-69.24,2.609,0,0,1,0,5,L,"shimenawa",175.4,94.778,0.295,3,106,W,Y,3427.789,143,88,84,51,0,140,93,-1.906,17.158,-0.26,0,0.358,-230.571,-6.648,89.035,0.217,-36.736,0,"HalF_HearteD",-0.002,-16.95,0,"Pring__",-19.792,-45.446,0,"Rite_",-14.909,-61.937,94,"magimari",17.735,-45.37,0,"mochi_2929",13.257,-61.733,0,"alcohol500",47.944,-100.853,0,"紅さかな",0.928,-118.609,0,"Pizzallaris",-42.096,-96.531,0,3426.16,-3.609,-30.286,3427.82,3,"Rite_",-11.691,-55.616,0,0,,,,3432.659,104,2
80,5,1,0,4,0,0,0,0,0,0,255,255,255,33,3483.737,"DoYaGee",R,5,64,115,-1.19,-0.132,0.128,1.069,-0.333,1.554,-36.437,24.85,2,9,88,0,0,-110.824,0,8.385,0,0,0,4,0,L,"-Alta-",190.1,84,0.479,0,105,W,Y,0,0,0,0,0,0,0,0,0,0,0,0,0,0,0,0,0.135,-37.563,0,"encounter v",0.025,-17.324,0,"쟈가리코",-21.631,-47.865,0,"muyang_",-15.995,-63.223,0,"わだ、、",20.502,-48.019,0,"shimenawa",13.594,-65.026,0,"ddil_ddil69",35.481,-94.795,0,"ByeolBam",3.942,-110.373,0,"Po_cari",-35.973,-85.886,0,0,0,0,0,0,"",0,0,0,0,3483.021,,,,0,0
81,5,1,0,4,0,1,0,0,0,0,255,255,255,34,3501.846,"DoYaGee",R,32,76,127,2.634,0.251,0.386,1.13,0.864,1.75,-36.437,28.501,4,19,77,4,0,184.195,-38.156,29.602,0,0,1,4,0,L,"-Alta-",190.1,84,0.479,0,105,W,Y,0,0,0,0,0,0,0,0,0,0,0,0,0,0,0,0,0.022,-37.617,0,"encounter v",0.023,-17.284,0,"쟈가리코",-21.806,-47.817,0,"muyang_",-16.051,-63.243,0,"わだ、、",21.461,-49.049,0,"shimenawa",14.066,-64.575,0,"ddil_ddil69",37.019,-97.121,0,"ByeolBam",4.571,-110.343,0,"Po_cari",-36,-85.91,0,0,0,0,0,0,"",0,0,0,0,3501.007,,,,0,0
82,5,1,0,4,0,2,0,0,0,0,255,255,255,35,3550.87,"DoYaGee",R,3,76,116,-2.12,0.316,0.153,1.155,-0.22,1.833,-36.437,20.127,4,10,86,2,0,-418.835,0,16.919,0,0,1,4,0,L,"-Alta-",190.1,84,0.479,3,105,W,Y,3551.785,255,147,168,122,46,145,91,42.627,24.994,-0.8,0,0.453,268.358,321.043,-27.192,0.113,-37.227,0,"encounter v",-0.263,-17.407,0,"쟈가리코",-20.967,-46.713,0,"muyang_",-16.841,-63.072,0,"わだ、、",20.549,-48.845,0,"shimenawa",13.308,-64.784,0,"ddil_ddil69",39.7,-99.844,0,"ByeolBam",1.155,-109.936,0,"Po_cari",-36.042,-85.89,87,3554.993,-34.785,-80.078,3555.174,8,"Po_cari",-33.651,-78.337,0,0,,,,,160,1
83,5,1,0,4,0,0,1,0,0,0,255,255,255,36,3581.095,"DoYaGee",R,32,79,129,0.891,0.326,0.231,1.157,0.145,1.838,-36.437,27.524,8,60,32,2,0,160.838,4.091,21.124,0,0,1,5,4,R,"magimari",190,84.655,0.353,3,104,W,Y,3582.29,236,62,96,53,40,145,97,-30,31.45,0.95,0,0.387,-522.808,152.774,-38.616,-0.15,-37.347,0,"encounter v",-0.054,-17.379,0,"쟈가리코",-21.352,-46.739,85,"muyang_",-16.584,-62.649,0,"わだ、、",19.215,-48.242,0,"shimenawa",10.412,-66.237,0,"ddil_ddil69",39.227,-98.709,0,"ByeolBam",-0.983,-105.909,0,"Po_cari",-37.649,-85.536,0,3580.208,-0.874,-20.186,3581.91,2,"쟈가리코",-16.082,-44.832,0,0,,,,,36,2
84,5,1,0,4,0,0,2,0,0,0,255,255,255,37,3606.113,"DoYaGee",R,32,72,124,1.521,0.04,0.279,1.101,0.368,1.657,-36.437,31.691,4,14,81,2,0,184.42,13.018,19.559,0,0,1,6,3,R,"Rite_",169.5,80,0.455,3,104,W,Y,3607.17,159,175,80,78,36,145,83,108.756,66.562,-0.8,0,0.278,473.058,-87.97,-304.703,-0.27,-37.125,0,"encounter v",-0.023,-17.448,0,"쟈가리코",-20.957,-46.151,0,"muyang_",-17.111,-62.426,0,"わだ、、",17.105,-45.708,0,"shimenawa",10.724,-64.344,0,"ddil_ddil69",37.249,-95.749,0,"ByeolBam",-0.497,-103.83,0,"Po_cari",-35.229,-84.313,0,0,0,0,0,0,"",0,0,0,0,,,,,32,3
85,5,1,0,4,0,1,2,0,0,0,255,255,255,38,3626.514,"DoYaGee",R,32,84,136,-0.351,0.292,0.107,1.143,-0.43,1.809,-36.437,14.016,5,56,39,0,0,207.147,22.009,33.638,0,0,0,6,3,R,"Rite_",169.5,80,0.455,0,104,W,Y,0,0,0,0,0,0,0,0,0,0,0,0,0,0,0,0,0.003,-37.576,0,"encounter v",-0.074,-17.293,0,"쟈가리코",-20.909,-46.106,0,"muyang_",-17.555,-63.586,0,"わだ、、",18.125,-45.33,0,"shimenawa",10.849,-64.549,0,"ddil_ddil69",37.49,-96.494,0,"ByeolBam",-0.663,-105.04,0,"Po_cari",-35.394,-85.368,0,0,0,0,0,0,"",0,0,0,0,3625.757,,,,0,0
86,5,1,0,4,0,2,2,0,0,0,255,255,255,39,3644.407,"DoYaGee",R,3,79,116,-1.518,-1.17,0.216,0.933,0.178,0.975,-36.437,39.076,7,10,83,2,0,-500,0,2.16,0,0,1,6,3,R,"Rite_",169.5,80,0.455,3,104,W,Y,3645.629,222,122,75,82,46,145,107,-30,-2.566,0.91,0,0.312,-450.502,-15.146,-50.899,-0.173,-37.065,0,"encounter v",-0.501,-17.531,0,"쟈가리코",-20.707,-46.086,68,"muyang_",-17.381,-62.518,0,"わだ、、",16.587,-45.595,0,"shimenawa",10.247,-64.72,107,"ddil_ddil69",37.511,-96.475,0,"ByeolBam",-4.86,-105.588,0,"Po_cari",-35.4,-85.356,0,3643.451,-0.219,-21.619,3645.604,5,"shimenawa",2.375,-64.578,0,0,3689.799,,,,5,2
87,5,0,0,4,0,0,0,0,0,0,255,255,255,0,3811.178,"Pugeuk",R,26,89,140,1.164,-0.775,0.57,1.338,0.555,0.966,-36.587,24.474,48,52,0,0,0,-48.773,-190.694,7.761,0,0,0,1,4,L,"わだ、、",190,85,0.53,0,103,W,Y,0,0,0,0,0,0,0,0,0,0,0,0,0,0,0,0,0.343,-37.218,0,"HalF_HearteD",0.143,-16.899,0,"Pring__",-21.64,-47.25,0,"Rite_",-13.784,-62.099,0,"magimari",18.26,-45.325,0,"mochi_2929",12.429,-61.644,0,"alcohol500",47.204,-98.979,0,"紅さかな",2.175,-120.513,0,"Pizzallaris",-41.681,-98.691,0,0,0,0,0,0,"",0,0,0,0,3810.111,,,,0,0
88,5,0,0,4,0,1,0,0,0,0,255,255,255,1,3830.754,"Pugeuk",R,14,83,107,2.655,-1.04,0.598,1.447,0.456,1.432,-36.587,27.571,53,47,0,4,0,356.638,339.967,15.416,0,0,1,1,4,L,"わだ、、",190,85,0.53,0,103,W,Y,0,0,0,0,0,0,0,0,0,0,0,0,0,0,0,0,0.562,-37.197,0,"HalF_HearteD",0.163,-16.733,0,"Pring__",-21.657,-47.366,0,"Rite_",-12.838,-62.829,0,"magimari",18.148,-45.41,0,"mochi_2929",12.358,-62.817,0,"alcohol500",45.393,-100.851,0,"紅さかな",0.198,-119.92,0,"Pizzallaris",-41.7,-98.681,0,0,0,0,0,0,"",0,0,0,0,3829.764,,,,0,0
89,5,0,0,4,0,2,0,0,0,0,255,255,255,2,3847.707,"Pugeuk",R,14,83,108,3.07,-0.91,0.624,1.439,0.537,1.414,-36.587,29.608,51,49,0,4,0,413.453,269.568,20.768,0,0,1,1,4,L,"わだ、、",190,85,0.53,0,102,W,Y,0,0,0,0,0,0,0,0,0,0,0,0,0,0,0,0,0.341,-37.415,0,"HalF_HearteD",0.299,-16.68,0,"Pring__",-20.493,-44.378,0,"Rite_",-12.754,-63.087,0,"magimari",18.314,-45.443,0,"mochi_2929",12.223,-62.954,0,"alcohol500",47.059,-98.761,0,"紅さかな",-0.145,-120.048,0,"Pizzallaris",-41.684,-98.685,0,0,0,0,0,0,"",0,0,0,0,3846.625,,,,0,0
90,5,0,0,4,0,0,1,0,0,0,255,255,255,3,3883.575,"Pugeuk",R,29,88,140,-0.892,-0.079,0.431,1.501,-0.094,1.494,-36.587,20.621,62,38,0,0,0,-250,-82.226,41.396,0,0,0,2,2,L,"쟈가리코",190,82,0.501,0,72,W,Y,0,0,0,0,0,0,0,0,0,0,0,0,0,0,0,0,0.104,-37.088,0,"HalF_HearteD",-0.169,-17.104,0,"Pring__",-21.681,-47.221,0,"Rite_",-14.256,-62.326,0,"magimari",18.137,-45.685,0,"mochi_2929",12.058,-63.698,0,"alcohol500",45.149,-106.826,0,"紅さかな",1.082,-120.235,0,"Pizzallaris",-48.104,-108.534,0,0,0,0,0,0,"",0,0,0,0,3882.09,,,,0,0
91,5,0,0,4,0,1,1,0,0,0,255,255,255,4,3899.305,"Pugeuk",R,29,83,134,-0.264,0.173,0.498,1.53,0.219,1.59,-36.587,28.834,56,44,0,0,0,-250,-145.486,25.985,0,0,0,2,2,L,"쟈가리코",190,82,0.501,0,72,W,Y,0,0,0,0,0,0,0,0,0,0,0,0,0,0,0,0,0.177,-36.801,0,"HalF_HearteD",-0.139,-17.032,0,"Pring__",-21.392,-47.157,0,"Rite_",-14.054,-62.516,0,"magimari",17.992,-45.703,0,"mochi_2929",12.056,-63.723,0,"alcohol500",45.731,-106.425,0,"紅さかな",0.322,-120.361,0,"Pizzallaris",-48.455,-108.78,0,0,0,0,0,0,"",0,0,0,0,3897.882,,,,0,0
92,5,0,0,4,0,2,1,0,0,0,255,255,255,5,3919.458,"Pugeuk",R,6,85,109,0.649,1,0.241,1.824,-0.649,2.245,-36.587,22.211,98,2,0,2,0,495.455,0,7.77,0,0,1,2,2,L,"쟈가리코",190,82,0.501,3,72,W,Y,3920.704,255,137,109,45,64,145,97,31.607,-40.618,0.95,0,0.571,1.389,195.445,43.235,0.116,-37.55,0,"HalF_HearteD",-0.123,-17.467,0,"Pring__",-21.512,-47.272,0,"Rite_",-13.877,-62.609,70,"magimari",17.799,-45.792,0,"mochi_2929",11.93,-63.23,0,"alcohol500",45.552,-106.951,95,"紅さかな",0.283,-120.569,0,"Pizzallaris",-48.436,-108.778,0,3922.611,51.822,-85.216,3924.313,-1,"ame_3",53.618,-92.343,1,0,,,,,320,2
93,5,0,0,4,0,0,1,1,0,0,12,255,255,6,3951.368,"Pugeuk",R,6,87,110,2.841,-0.497,0.581,1.525,0.404,1.6,-36.587,30.092,51,49,0,2,0,446.31,225.405,16.537,0,0,1,3,1,L,"encounter v",190,88,0.453,3,102,W,Y,3952.377,219,129,65,123,77,140,103,25.22,-31.732,0.91,0,0.532,396.891,-448.686,-34.034,0.435,-37.063,0,"HalF_HearteD",0.164,-16.917,0,"Pring__",-16.958,-42.612,0,"Rite_",-11.761,-64.153,0,"magimari",18.306,-45.167,0,"mochi_2929",13.182,-62.306,86,"alcohol500",51.362,-97.825,93,"紅さかな",0.65,-121.455,0,"Pizzallaris",-41.084,-100.103,0,0,0,0,3954.861,6,"alcohol500",56.238,-90.65,0,0,,,,,258,1
94,5,0,0,4,0,0,2,1,0,0,12,255,255,7,3984.844,"Pugeuk",R,29,91,140,0.509,0.426,0.567,1.57,0.541,1.723,-36.587,26.752,65,35,0,0,0,-250,-141.03,15.17,0,0,0,4,7,R,"ByeolBam",175.3,90,0.5,0,101,W,Y,0,0,0,0,0,0,0,0,0,0,0,0,0,0,0,0,0.298,-37.325,120,"HalF_HearteD",0.151,-16.768,0,"Pring__",-20.15,-40.01,0,"Rite_",-15.077,-60.892,0,"magimari",17.609,-45.64,0,"mochi_2929",6.953,-63.031,0,"alcohol500",45.95,-101.093,0,"紅さかな",0.035,-116.808,0,"Pizzallaris",-41.373,-100.64,0,0,0,0,0,0,"",0,0,0,0,3983.229,,,,0,0
95,5,0,0,4,0,1,2,1,0,0,12,255,255,8,4024.57,"Pugeuk",R,6,85,109,1.828,-0.432,0.419,1.429,-0.097,1.371,-36.587,19.787,44,56,0,2,0,461.503,0,38.766,0,0,1,4,7,R,"ByeolBam",175.3,90,0.5,3,101,W,Y,4025.592,204,55,72,55,37,140,94,-15.013,19.872,-0.22,0,0.153,-338.409,342.275,125.618,0.37,-37.114,0,"HalF_HearteD",0.255,-16.887,0,"Pring__",-16.705,-43.219,0,"Rite_",-14.186,-60.523,85,"magimari",17.161,-45.529,0,"mochi_2929",8.709,-62.903,0,"alcohol500",46.07,-100.939,0,"紅さかな",-1.7,-118.765,0,"Pizzallaris",-41.463,-100.797,0,4022.979,-0.532,-22.378,4024.806,3,"Rite_",-11.72,-52.807,0,0,,4029.745,,,360,2
96,6,1,0,4,0,0,0,0,0,0,255,255,255,40,4104.197,"DoYaGee",R,32,76,127,2.77,-0.251,0.403,1.045,0.944,1.459,-36.437,43.557,8,17,76,2,0,166.237,-20.187,15.03,0,0,1,7,7,R,"紅さかな",172.5,86,0.402,3,100,W,Y,4105.379,255,147,121,91,55,145,85,11.449,-31.717,-0.79,0,0.237,193.601,-466.586,24.263,-0.112,-37.039,0,"encounter v",0.002,-17.498,0,"쟈가리코",-20.088,-45.855,0,"muyang_",-17.109,-62.591,0,"わだ、、",16.174,-44.741,61,"shimenawa",9.806,-66.126,0,"ddil_ddil69",40.06,-98.865,0,"ByeolBam",-0.124,-110.514,0,"Po_cari",-36.681,-86.215,0,0,0,0,4104.014,4,"わだ、、",14.411,-40.311,0,0,,,,,34,1
97,6,1,0,4,0,0,1,0,0,0,255,255,255,41,4129.329,"DoYaGee",R,3,78,117,-0.66,-0.149,0.387,1.072,0.404,1.544,-36.437,33.568,6,10,84,0,0,-421.059,0,11.198,0,0,0,8,6,L,"alcohol500",160,94.581,0.398,0,100,W,Y,0,0,0,0,0,0,0,0,0,0,0,0,0,0,0,0,-0.154,-37.122,0,"encounter v",0.005,-17.364,0,"쟈가리코",-20.384,-44.749,0,"muyang_",-16.08,-62.944,0,"わだ、、",16.49,-43.376,0,"shimenawa",11.173,-63.215,0,"ddil_ddil69",36.618,-95.906,0,"ByeolBam",0.39,-107.014,0,"Po_cari",-36.47,-86.099,0,0,0,0,0,0,"",0,0,0,0,4127.827,,,,0,0
98,6,1,0,4,0,1,1,0,0,0,255,255,255,42,4146.299,"DoYaGee",R,32,72,124,-0.008,0.298,0.239,1.124,-0.283,1.748,-36.437,36.343,5,17,77,0,0,176.144,-20.863,20.861,0,0,1,8,6,L,"alcohol500",160,94.581,0.398,0,100,W,Y,0,0,0,0,0,0,0,0,0,0,0,0,0,0,0,0,-0.312,-37.282,0,"encounter v",-0.03,-17.386,0,"쟈가리코",-19.47,-45.099,0,"muyang_",-16.259,-63.407,0,"わだ、、",16.501,-43.593,0,"shimenawa",11.165,-60.232,0,"ddil_ddil69",36.632,-95.827,0,"ByeolBam",0.464,-107.046,0,"Po_cari",-36.458,-86.073,0,0,0,0,0,0,"",0,0,0,0,4144.702,,,,0,0
99,6,1,0,4,0,2,1,0,0,0,255,255,255,43,4163.719,"DoYaGee",R,13,60,104,-3.369,-1.505,0.115,1.082,-0.862,1.584,-36.437,18.26,0,9,91,4,0,-258.493,400,43.216,-0.608,-20.418,1,8,6,L,"alcohol500",160,94.581,0.398,0,100,W,Y,0,0,0,0,0,0,0,0,0,0,0,0,0,0,0,0,0.026,-37.423,0,"encounter v",-0.226,-19.246,0,"쟈가리코",-19.677,-43.153,0,"muyang_",-16.119,-63.184,0,"わだ、、",16.398,-43.472,0,"shimenawa",9.235,-62.469,0,"ddil_ddil69",36.63,-95.801,0,"ByeolBam",0.481,-107.013,0,"Po_cari",-36.453,-86.096,0,0,0,0,0,0,"",0,0,0,0,4163.667,,,,0,0
100,6,1,0,4,0,0,2,0,0,0,255,255,255,44,4192.476,"DoYaGee",R,32,76,127,2.207,0.001,0.431,1.087,0.609,1.607,-36.437,31.143,2,14,84,2,1,229.636,-15.733,25.803,0,0,1,0,8,R,"Pizzallaris",175.3,88,0.383,3,100,W,Y,4193.603,192,95,111,80,0,145,117,28.766,-9.683,0.21,0.048,0.219,131.079,-174.926,24.34,-0.033,-37.094,120,"encounter v",-0.01,-17.53,0,"쟈가리코",-21.422,-46.558,0,"muyang_",-16.801,-62.69,0,"わだ、、",17.652,-46.557,0,"shimenawa",10.164,-65.848,58,"ddil_ddil69",40.076,-98.675,0,"ByeolBam",-1.329,-105.24,109,"Po_cari",-36.459,-86.106,0,4195.792,21.542,-118.901,4198.667,7,"ByeolBam",21.518,-128.576,1,0,,4203.486,,,49,2
101,6,1,0,4,0,0,2,0,1,0,255,8,255,45,4308.152,"DoYaGee",R,32,72,124,0.659,0.517,0.304,1.177,0.019,1.916,-36.437,23.911,4,58,38,2,0,166.855,-14.644,16.296,0,0,0,1,5,R,"mochi_2929",180,87.482,0.553,3,100,W,Y,4309.316,255,94,110,74,35,145,98,46.795,25.34,-0.24,0,0.224,211.381,-456.096,1.728,0.147,-37.188,0,"encounter v",-0.036,-17.448,0,"쟈가리코",-22.489,-47.768,0,"muyang_",-16.554,-62.618,0,"わだ、、",18.971,-47.173,0,"shimenawa",7.539,-66.418,0,"ddil_ddil69",39.677,-98.402,0,"ByeolBam",-0.28,-108.084,0,"Po_cari",-34.608,-86.185,0,4311.945,-24.542,-89.604,4312.208,8,"Po_cari",-24.286,-88.468,0,0,,,4313.102,,200,1
102,6,0,0,4,0,0,0,0,0,0,255,255,255,9,4375.751,"Pugeuk",R,29,88,140,3.324,0.284,0.651,1.589,0.93,1.779,-36.587,31.098,56,44,0,2,0,-250,-149.676,26.942,0,0,1,5,0,R,"DoYaGee",190,80,0.451,3,99,W,Y,4376.695,177,156,89,66,35,145,89,7.64,20.346,-0.87,0,0.196,240.724,320.18,-306.398,0.312,-37.053,0,"HalF_HearteD",0.083,-16.726,0,"Pring__",-21.33,-46.158,0,"Rite_",-15.313,-60.246,77,"magimari",18.001,-45.663,0,"mochi_2929",10.49,-60.907,0,"alcohol500",46.338,-103.052,0,"紅さかな",-0.194,-117.864,0,"Pizzallaris",-40.217,-102.069,0,0,0,0,4375.57,3,"Rite_",-13.095,-53.095,0,0,,,,,64,1
103,6,0,0,4,0,0,1,0,0,0,255,255,255,10,4403.518,"Pugeuk",R,29,78,128,-1.134,1.617,0.391,1.77,-0.279,2.428,-36.587,28.711,90,10,0,1,0,-150.799,-104.463,3.75,0,0,0,6,6,R,"ddil_ddil69",174.8,89.899,0.397,0,98,W,Y,0,0,0,0,0,0,0,0,0,0,0,0,0,0,0,0,0.151,-37.271,0,"HalF_HearteD",0.058,-16.756,0,"Pring__",-21.364,-46.625,0,"Rite_",-16.057,-61.255,0,"magimari",17.379,-45.851,0,"mochi_2929",9.433,-61.133,0,"alcohol500",44.311,-103.542,0,"紅さかな",-0.237,-119.15,0,"Pizzallaris",-40.218,-100.519,0,0,0,0,0,0,"",0,0,0,0,4401.917,,,,0,0
104,6,0,0,4,1,0,1,0,0,0,255,255,255,11,4422.169,"Pugeuk",R,29,74,125,1.923,-0.033,0.686,1.507,1.095,1.502,-36.587,36.323,58,42,0,1,0,-178.502,-76.781,13.243,0,0,0,6,6,R,"ddil_ddil69",174.8,89.899,0.397,0,98,W,Y,0,0,0,0,0,0,0,0,0,0,0,0,0,0,0,0,0.361,-37.203,0,"HalF_HearteD",0.088,-16.831,0,"Pring__",-21.419,-46.719,0,"Rite_",-16.503,-61.187,0,"magimari",17.401,-45.799,0,"mochi_2929",10.598,-62.16,0,"alcohol500",44.237,-103.138,0,"紅さかな",0.694,-119.245,0,"Pizzallaris",-40.52,-100.395,0,0,0,0,0,0,"",0,0,0,0,4420.619,,,,0,0
105,6,0,0,4,2,0,1,0,0,0,255,255,255,12,4439.095,"Pugeuk",R,27,91,140,0.625,-0.783,0.543,1.373,0.428,1.033,-36.587,22.76,53,47,0,0,0,-127.291,-131.991,5.602,0,0,0,6,6,R,"ddil_ddil69",174.8,89.899,0.397,0,98,W,Y,0,0,0,0,0,0,0,0,0,0,0,0,0,0,0,0,0.317,-36.985,0,"HalF_HearteD",0.036,-16.867,0,"Pring__",-21.404,-46.73,0,"Rite_",-16.584,-61.288,0,"magimari",17.402,-45.956,0,"mochi_2929",10.624,-62.322,0,"alcohol500",44.372,-103.013,0,"紅さかな",0.532,-119.29,0,"Pizzallaris",-40.479,-100.399,0,0,0,0,0,0,"",0,0,0,0,4437.549,,,,0,0
106,6,0,0,4,2,1,1,0,0,0,255,255,255,13,4460.173,"Pugeuk",R,3,58,90,0.901,0.589,0.881,1.884,1.333,1.969,-36.587,46.281,77,20,2,2,0,-409.091,0,-11.473,0,0,1,6,6,R,"ddil_ddil69",174.8,89.899,0.397,3,98,W,Y,4461.522,255,111,114,96,77,145,118,25.985,8.553,0.22,0,0.541,-144.47,231.643,387.625,-0.087,-37.232,0,"HalF_HearteD",0.032,-16.793,0,"Pring__",-21.301,-46.491,0,"Rite_",-16.476,-61.197,0,"magimari",17.279,-45.679,0,"mochi_2929",9.55,-62.082,75,"alcohol500",43.439,-105.048,0,"紅さかな",0.589,-116.633,0,"Pizzallaris",-40.471,-100.441,0,4462.639,-21.059,-116.384,4465.229,7,"紅さかな",-20.018,-132.263,1,0,,4471.65,,,130,2
107,6,0,0,4,0,0,1,0,1,0,255,16,255,14,4497.939,"Pugeuk",R,26,84,136,1.753,-0.888,0.645,1.349,0.902,0.926,-36.587,25.187,53,47,0,1,0,-113.013,-183.591,18.017,0,0,0,7,8,R,"Po_cari",170,85,0.5,0,98,W,Y,0,0,0,0,0,0,0,0,0,0,0,0,0,0,0,0,0.495,-36.927,0,"HalF_HearteD",0.088,-16.735,0,"Pring__",-20.905,-45.749,0,"Rite_",-15.967,-60.55,0,"magimari",18.812,-44.593,0,"mochi_2929",5.993,-61.527,0,"alcohol500",45.038,-100.338,0,"紅さかな",1.548,-112.617,0,"Pizzallaris",-41.519,-98.022,0,0,0,0,0,0,"",0,0,0,0,4495.653,4511.715,,,0,0
108,6,0,0,4,1,0,1,0,1,0,255,16,255,15,4515.384,"Pugeuk",R,29,88,140,-0.466,0.838,0.477,1.625,0.121,1.926,-36.587,15.644,52,48,0,2,0,-250,-154.688,5.979,0,0,1,7,8,R,"Po_cari",170,85,0.5,3,98,W,Y,4516.453,199,62,109,55,31,145,97,25.939,25.706,0.92,0,0.321,215.89,67.699,-4.034,0.417,-37.139,0,"HalF_HearteD",0.039,-16.775,0,"Pring__",-20.911,-45.459,0,"Rite_",-15.47,-60.542,0,"magimari",17.706,-45.979,0,"mochi_2929",7.963,-61.928,70,"alcohol500",44.292,-98.606,0,"紅さかな",1.249,-114.433,0,"Pizzallaris",-41.518,-98.041,92,4517.736,-39.111,-96.578,4517.882,8,"Pizzallaris",-38.168,-94.747,0,0,,4522.267,,,3,1
109,6,0,0,4,0,0,2,0,1,0,255,16,255,16,4548.185,"Pugeuk",R,29,87,140,1.077,-0.693,0.616,1.384,0.769,1.057,-36.587,30.597,51,49,0,0,0,-250,-164.794,31.811,0,0,0,8,3,R,"muyang_",171.1,80,0.496,0,97,W,Y,0,0,0,0,0,0,0,0,0,0,0,0,0,0,0,0,0.353,-37.403,0,"HalF_HearteD",0.098,-16.68,0,"Pring__",-17.853,-43.131,0,"Rite_",-16.021,-62.219,0,"magimari",19.127,-44.559,0,"mochi_2929",5.379,-61.56,0,"alcohol500",41.138,-103.981,0,"紅さかな",0.978,-118.851,0,"Pizzallaris",-41.11,-97.84,0,0,0,0,0,0,"",0,0,0,0,4545.813,,,,0,0
110,6,0,0,4,0,1,2,0,1,0,255,16,255,17,4564.955,"Pugeuk",R,29,91,140,2.308,0.047,0.735,1.507,1.322,1.498,-36.587,35.728,54,46,0,2,0,-250,-139.726,14.616,0,0,0,8,3,R,"muyang_",171.1,80,0.496,3,97,W,Y,4565.891,255,19,28,32,8,93,63,98.271,25.856,-0.81,0,0.067,-193.942,-548.298,-147.499,0.636,-37.296,0,"HalF_HearteD",0.113,-16.826,0,"Pring__",-17.802,-42.94,0,"Rite_",-15.687,-62.228,0,"magimari",17.87,-45.902,0,"mochi_2929",7.547,-62.293,0,"alcohol500",43.537,-100.697,0,"紅さかな",1.037,-118.919,0,"Pizzallaris",-41.072,-97.893,0,4567.431,5.173,-11.323,4567.598,1,"HalF_HearteD",5.038,-11.673,0,0,4567.598,,,,36,1
111,7,1,0,4,0,0,0,0,0,0,255,255,255,46,4622.092,"DoYaGee",R,34,66,119,-0.226,0.693,0.299,1.03,1.423,1.299,-36.437,64.687,9,17,74,2,0,86.197,24.049,2.11,0,0,1,2,1,R,"HalF_HearteD",190,82,0.35,3,97,W,Y,4623.229,216,90,107,87,42,145,90,-24.773,-31.229,-0.83,0,0.171,-233.14,-400.719,311.063,-0.225,-37.062,0,"encounter v",-0.02,-17.565,0,"쟈가리코",-22.023,-47.284,84,"muyang_",-18.062,-64.291,0,"わだ、、",19.739,-47.717,101,"shimenawa",11.073,-65.277,0,"ddil_ddil69",34.785,-93.541,0,"ByeolBam",-0.206,-107.95,0,"Po_cari",-36.962,-86.799,0,4619.521,1.648,-21.382,4621.174,4,"わだ、、",15.766,-44.438,0,0,,,,,38,2
112,7,1,0,4,0,0,1,0,0,0,255,255,255,47,4701.718,"DoYaGee",R,3,79,117,-2.359,0.231,0.146,1.139,-0.253,1.779,-36.437,23.537,5,11,84,1,0,-465.342,0,10.458,0,0,0,3,2,L,"Pring__",190,93.36,0.455,0,97,W,Y,0,0,0,0,0,0,0,0,0,0,0,0,0,0,0,0,-0.261,-37.202,0,"encounter v",0.259,-17.3,0,"쟈가리코",-21.299,-46.659,0,"muyang_",-16.423,-63.5,0,"わだ、、",22.34,-49.024,0,"shimenawa",13.11,-64.991,0,"ddil_ddil69",41.489,-100.023,0,"ByeolBam",3.035,-110.525,0,"Po_cari",-35.322,-90.013,0,0,0,0,0,0,"",0,0,0,0,4699.313,,,,0,0
113,7,1,0,4,1,0,1,0,0,0,255,255,255,48,4720.014,"DoYaGee",R,3,71,112,-1.664,-0.35,0.296,1.041,0.064,1.422,-36.437,45.858,11,16,72,2,0,-450.259,0,3.575,0,0,1,3,2,L,"Pring__",190,93.36,0.455,3,97,W,Y,4720.949,255,128,84,120,87,145,108,24.421,18.845,0.03,0,0.558,-172.058,-537.431,-89.714,0.195,-37.394,0,"encounter v",-0.076,-17.551,0,"쟈가리코",-20.927,-46.347,0,"muyang_",-16.418,-63.188,0,"わだ、、",21.876,-49.107,0,"shimenawa",13.011,-64.971,62,"ddil_ddil69",41.626,-99.796,0,"ByeolBam",1.939,-111.336,111,"Po_cari",-35.391,-90.097,0,4721.799,-18.419,-111.93,4726.667,7,"ByeolBam",-19.928,-132.492,1,0,,4731.36,,,49,2
114,7,1,0,4,0,0,1,0,1,0,255,2,255,49,4758.836,"DoYaGee",R,4,58,109,-0.361,-0.252,0.255,1.035,0.135,1.487,-36.437,47.507,5,13,83,0,0,-163.631,0,2.459,0,0,0,4,9,L,"-Alta-",190.1,84,0.479,0,96,W,Y,0,0,0,0,0,0,0,0,0,0,0,0,0,0,0,0,-0.147,-37.18,0,"encounter v",-0.004,-17.249,0,"쟈가리코",-20.643,-46.437,0,"muyang_",-9.625,-59.432,0,"わだ、、",21.615,-46.491,0,"shimenawa",9.353,-65.926,0,"ddil_ddil69",39.426,-98.173,0,"ByeolBam",0.193,-113.588,0,"Po_cari",-33.707,-87.027,0,0,0,0,0,0,"",0,0,0,0,4756.333,4761.319,,,0,0
115,7,1,0,4,0,1,1,0,1,0,255,2,255,50,4779.653,"DoYaGee",R,3,53,102,-1.268,-0.372,0.254,1.032,-0.114,1.565,-36.437,41.562,6,20,74,2,0,-316.066,0,3.716,0,0,1,4,9,L,"-Alta-",190.1,84,0.479,3,96,W,Y,4780.647,255,120,143,82,34,145,90,93.839,-85.208,-0.85,0,0.58,-183.309,-309.792,-7.904,-0.182,-37.251,0,"encounter v",-0.17,-17.384,0,"쟈가리코",-20.498,-46.577,0,"muyang_",-9.297,-57.779,0,"わだ、、",21.192,-48.23,0,"shimenawa",12.042,-62.959,0,"ddil_ddil69",39.488,-98.153,0,"ByeolBam",1.94,-113.927,0,"Po_cari",-33.729,-86.995,0,0,0,0,0,0,"",0,0,0,0,,4782.812,,,32,3
116,7,1,0,4,0,2,1,0,1,0,255,2,255,51,4802.227,"DoYaGee",R,33,63,117,3.066,0.077,0.409,1.051,1.105,1.71,-36.437,35.581,4,14,82,1,0,130.376,21.2,14.054,0,0,0,4,9,L,"-Alta-",190.1,84,0.479,0,51,W,Y,0,0,0,0,0,0,0,0,0,0,0,0,0,0,0,0,-0.07,-37.233,0,"encounter v",0.001,-17.218,0,"쟈가리코",-21.501,-46.312,0,"muyang_",-7.94,-60.485,0,"わだ、、",21.116,-46.564,0,"shimenawa",9.286,-65.359,0,"ddil_ddil69",39.478,-97.841,0,"ByeolBam",0.805,-113.523,0,"Po_cari",-33.497,-86.356,0,0,0,0,0,0,"",0,0,0,0,4799.757,4804.858,,,0,0
117,7,1,0,4,1,2,1,0,1,0,255,2,255,52,4820.68,"DoYaGee",R,33,53,109,4.263,-0.02,0.452,1.037,1.637,1.656,-36.437,49.483,6,10,84,1,0,112.793,17.479,11.128,0,0,0,4,9,L,"-Alta-",190.1,84,0.479,0,51,W,Y,0,0,0,0,0,0,0,0,0,0,0,0,0,0,0,0,0.129,-37.476,0,"encounter v",0.106,-17.207,0,"쟈가리코",-20.789,-45.598,0,"muyang_",-9.005,-60.277,0,"わだ、、",19.932,-48.011,0,"shimenawa",9.495,-66.036,0,"ddil_ddil69",39.464,-97.862,0,"ByeolBam",0.518,-112.077,0,"Po_cari",-33.768,-86.827,0,0,0,0,0,0,"",0,0,0,0,4818.223,4823.139,,,0,0
118,7,1,0,4,2,2,1,0,1,0,255,2,255,53,4838.994,"DoYaGee",R,0,38,97,1.977,-1.646,0.324,1.019,0.887,0.616,-36.437,91.253,4,26,70,4,0,-16.465,0,-1.024,0,0,1,4,9,L,"-Alta-",190.1,84,0.479,0,51,W,Y,0,0,0,0,0,0,0,0,0,0,0,0,0,0,0,0,-0.106,-37.152,0,"encounter v",-0.466,-18.952,0,"쟈가리코",-20.938,-44.53,0,"muyang_",-9.937,-56.931,0,"わだ、、",20.892,-45.659,0,"shimenawa",7.435,-65.285,0,"ddil_ddil69",39.5,-97.879,0,"ByeolBam",0.624,-112.158,0,"Po_cari",-33.744,-86.847,0,0,0,0,0,0,"",0,0,0,16,4836.591,4841.499,,,0,0
119,7,1,0,4,0,0,2,0,1,0,255,2,255,54,4863.939,"DoYaGee",R,32,69,121,1.05,0.555,0.333,1.149,0.18,1.983,-36.437,33.277,2,12,85,0,0,168.036,4.207,22.072,0,0,0,5,4,R,"magimari",190,84.655,0.453,0,96,W,Y,0,0,0,0,0,0,0,0,0,0,0,0,0,0,0,0,-0.092,-37.423,0,"encounter v",-0.034,-17.214,0,"쟈가리코",-21.484,-46.78,0,"muyang_",-16.166,-62.925,0,"わだ、、",20.007,-45.686,0,"shimenawa",7.394,-65.501,0,"ddil_ddil69",39.037,-97.596,0,"ByeolBam",0.768,-110.051,0,"Po_cari",-34.031,-86.204,0,0,0,0,0,0,"",0,0,0,0,4861.528,4866.731,,,0,0
120,7,1,0,4,0,1,2,0,1,0,255,2,255,55,4883.314,"DoYaGee",R,4,71,119,0.313,-0.341,0.33,0.986,0.384,1.42,-36.437,42.545,6,17,77,0,0,-157.613,0,5.778,0,0,0,5,4,R,"magimari",190,84.655,0.453,0,96,W,Y,0,0,0,0,0,0,0,0,0,0,0,0,0,0,0,0,-0.018,-37.488,0,"encounter v",-0.021,-17.215,0,"쟈가리코",-21.541,-46.443,0,"muyang_",-16.368,-63.631,0,"わだ、、",19.958,-46.969,0,"shimenawa",6.586,-65.326,0,"ddil_ddil69",39.125,-97.741,0,"ByeolBam",0.781,-110.128,0,"Po_cari",-34.064,-86.184,0,0,0,0,0,0,"",0,0,0,0,4880.854,4885.802,,,0,0
121,7,1,0,4,0,2,2,0,1,0,255,2,255,56,4901.146,"DoYaGee",R,3,72,115,0.67,-1.82,0.38,0.813,0.875,0.495,-36.437,54.81,12,8,80,1,0,-348.397,0,-0.582,0,0,0,5,4,R,"magimari",190,84.655,0.453,0,96,W,Y,0,0,0,0,0,0,0,0,0,0,0,0,0,0,0,0,0.074,-37.566,0,"encounter v",-0.567,-18.016,0,"쟈가리코",-21.237,-46.387,0,"muyang_",-16.721,-62.588,0,"わだ、、",19.536,-45.49,0,"shimenawa",6.211,-62.724,0,"ddil_ddil69",39.219,-97.87,0,"ByeolBam",0.182,-110.005,0,"Po_cari",-34.06,-86.242,0,0,0,0,0,0,"",0,0,0,0,4898.716,4904.03,,,0,0
122,7,1,0,4,1,2,2,0,1,0,255,2,255,57,4922.586,"DoYaGee",R,32,75,126,-2.308,0.807,0.016,1.207,-1.322,2.002,-36.437,8.753,3,63,34,1,0,209.894,-142.22,27.173,0,0,0,5,4,R,"magimari",190,84.655,0.453,0,96,W,Y,0,0,0,0,0,0,0,0,0,0,0,0,0,0,0,0,-0.074,-37.165,0,"encounter v",-0.481,-17.646,0,"쟈가리코",-20.843,-46.74,0,"muyang_",-16.48,-62.688,0,"わだ、、",19.429,-45.607,0,"shimenawa",5.935,-64.956,0,"ddil_ddil69",39.652,-98.051,0,"ByeolBam",0.116,-109.485,0,"Po_cari",-34.056,-86.186,0,0,0,0,0,0,"",0,0,0,0,4920.111,4925.432,,,0,0
123,7,1,0,4,2,2,2,0,1,0,255,2,255,58,4942.705,"DoYaGee",R,32,66,119,4.526,0.449,0.215,1.131,0.068,1.763,-36.437,23.002,3,56,41,2,0,159.078,-11.272,19.007,0,0,1,5,4,R,"magimari",190,84.655,0.453,3,96,W,Y,4943.659,201,91,68,40,26,137,95,-0.874,22.145,-0.32,0,0.398,197.98,439.41,-313.326,-0.184,-37.303,0,"encounter v",-0.081,-17.502,0,"쟈가리코",-20.323,-46.223,0,"muyang_",-16.476,-62.915,103,"わだ、、",18.167,-46.71,0,"shimenawa",9.034,-66.023,0,"ddil_ddil69",39.622,-97.986,0,"ByeolBam",-2.005,-110.128,0,"Po_cari",-34.084,-86.185,0,4940.417,-6.858,-36.183,4942,3,"muyang_",-15.101,-56.487,0,0,,,4948.736,,260,2
124,7,0,0,4,0,0,0,0,0,0,255,255,255,18,5003.84,"Pugeuk",R,29,88,140,-0.531,0.069,0.469,1.496,0.083,1.464,-36.587,33.254,50,50,0,0,0,-250,-200,23.887,0,0,0,0,5,L,"shimenawa",175.4,94.778,0.295,0,107,W,Y,0,0,0,0,0,0,0,0,0,0,0,0,0,0,0,0,0.065,-37.022,0,"HalF_HearteD",-0.074,-16.86,0,"Pring__",-22.866,-48.313,0,"Rite_",-14.228,-64.354,0,"magimari",18.648,-45.367,0,"mochi_2929",11.521,-62.438,0,"alcohol500",42.222,-104.27,0,"紅さかな",0.598,-118.901,0,"Pizzallaris",-41.751,-103.279,0,0,0,0,0,0,"",0,0,0,0,5001.104,,,,0,0
125,7,0,0,4,0,1,0,0,0,0,255,255,255,19,5020.384,"Pugeuk",R,29,86,140,-0.684,0.205,0.444,1.534,-0.03,1.597,-36.587,27.858,48,52,0,2,0,-207.194,-140.291,8.434,0,0,1,0,5,L,"shimenawa",175.4,94.778,0.295,3,107,W,Y,5021.497,134,75,85,35,0,138,85,19.056,-17.14,-0.61,0,0.302,300.305,-480.98,164.214,0.35,-36.632,0,"HalF_HearteD",-0.212,-16.884,0,"Pring__",-22.258,-48.174,84,"Rite_",-14.646,-62.935,72,"magimari",18.447,-45.337,0,"mochi_2929",12.849,-63.063,0,"alcohol500",41.951,-104.605,95,"紅さかな",-0.8,-119.199,0,"Pizzallaris",-41.74,-103.241,0,5021.132,24.449,-80.534,5022.702,6,"alcohol500",29.471,-90.52,1,0,,,,,328,2
126,7,0,0,4,0,0,0,1,0,0,15,255,255,20,5086.018,"Pugeuk",R,29,84,137,-0.079,-0.682,0.496,1.365,0.211,1.055,-36.587,23.37,40,60,0,0,0,-187.762,-151.504,15.579,0,0,1,1,4,L,"わだ、、",190,85,0.53,0,95,W,Y,0,0,0,0,0,0,0,0,0,0,0,0,0,0,0,0,0.255,-37.478,0,"HalF_HearteD",0.064,-16.559,0,"Pring__",-19.424,-39.725,0,"Rite_",-10.982,-62.823,0,"magimari",18.184,-45.299,0,"mochi_2929",12.925,-63.006,0,"alcohol500",43.779,-101.858,0,"紅さかな",0.27,-117.638,0,"Pizzallaris",-40.277,-102.536,0,0,0,0,0,0,"",0,0,0,0,5083.098,,,,0,0
127,7,0,0,4,0,1,0,1,0,0,15,255,255,21,5122.383,"Pugeuk",R,10,62,107,-0.175,-0.142,0.402,1.679,-0.228,2.072,-36.587,28.538,94,6,0,0,0,72.886,400,17.961,0,0,0,1,4,L,"わだ、、",190,85,0.53,0,94,W,Y,0,0,0,0,0,0,0,0,0,0,0,0,0,0,0,0,0.329,-37.591,0,"HalF_HearteD",-1.02,-18.866,0,"Pring__",-19.145,-39.982,0,"Rite_",-9.883,-63.084,0,"magimari",17.617,-45.451,0,"mochi_2929",12.996,-63.058,0,"alcohol500",43.787,-102.381,0,"紅さかな",-1.264,-117.276,0,"Pizzallaris",-40.27,-102.533,0,0,0,0,0,0,"",0,0,0,0,5119.632,,,,0,0
128,7,0,0,4,0,2,0,1,0,0,15,255,255,22,5148.725,"Pugeuk",R,26,83,135,1.876,-1.285,0.675,1.242,1.041,0.655,-36.587,36.765,40,60,0,1,0,-172.397,-173.455,19.468,0,0,0,1,4,L,"わだ、、",190,85,0.53,0,94,W,Y,0,0,0,0,0,0,0,0,0,0,0,0,0,0,0,0,0.231,-37.465,0,"HalF_HearteD",0.221,-16.507,0,"Pring__",-19.117,-39.835,0,"Rite_",-9.28,-62.194,0,"magimari",18.092,-45.277,0,"mochi_2929",12.64,-63.614,0,"alcohol500",44.364,-101.763,0,"紅さかな",0.99,-118.028,0,"Pizzallaris",-45.502,-107.523,0,0,0,0,0,0,"",0,0,0,0,5145.861,,,,0,0
129,7,0,0,4,1,2,0,1,0,0,15,255,255,23,5167.568,"Pugeuk",R,13,80,106,-1.249,-1.009,0.5,1.665,0.154,1.471,-36.587,25.719,62,38,0,2,0,-353.386,339.876,32.671,0,0,1,1,4,L,"わだ、、",190,85,0.53,3,94,W,Y,5168.739,255,78,142,107,59,145,95,-52.098,40.05,-0.61,0,0.526,-518.46,-114.077,161.414,0.13,-37.05,0,"HalF_HearteD",0.137,-16.807,0,"Pring__",-17.15,-42.167,85,"Rite_",-11.815,-63.122,0,"magimari",17.817,-45.274,0,"mochi_2929",13.326,-63.913,0,"alcohol500",44.698,-103.094,0,"紅さかな",0.894,-118.225,0,"Pizzallaris",-45.504,-107.501,0,5164.458,-0.607,-20.806,5166.146,2,"Pring__",-14.943,-37.854,0,0,,5172.781,,,8,2
130,7,0,0,4,0,0,1,0,1,0,255,15,255,24,5205.689,"Pugeuk",R,29,78,128,-1.533,1.18,0.381,1.721,-0.324,2.209,-36.587,26.84,94,6,0,2,0,-234.175,-150.111,3.863,0,0,1,2,2,L,"쟈가리코",190,82,0.501,3,94,W,Y,5206.754,126,30,68,22,11,129,127,3.401,-38.029,0.63,0,0.265,-12.288,-306.046,317.229,0.166,-36.902,0,"HalF_HearteD",-0.202,-16.707,0,"Pring__",-19.824,-43.906,0,"Rite_",-11.657,-64.611,0,"magimari",18.038,-44.631,0,"mochi_2929",12.722,-60.353,0,"alcohol500",50.82,-99.089,91,"紅さかな",0.616,-117.626,0,"Pizzallaris",-44.849,-102.166,0,5203.848,28.947,-55.066,5206.382,7,"紅さかな",57.515,-88.691,1,0,,,5212.068,,288,2
131,7,0,0,4,0,0,1,1,0,1,12,255,15,25,5241.916,"Pugeuk",R,6,84,108,2.711,-0.389,0.528,1.457,0.24,1.452,-36.587,25.363,45,55,0,4,0,488.178,52.667,22.351,0,0,1,3,1,L,"encounter v",190,88,0.453,0,94,W,Y,0,0,0,0,0,0,0,0,0,0,0,0,0,0,0,0,0.343,-37.307,0,"HalF_HearteD",0.19,-16.703,0,"Pring__",-18.813,-40.626,0,"Rite_",-8.868,-61.972,0,"magimari",18.782,-42.979,0,"mochi_2929",12.823,-60.698,0,"alcohol500",51.485,-100.204,0,"紅さかな",0.744,-116.781,0,"Pizzallaris",-43.639,-101.16,0,0,0,0,0,0,"",0,0,0,0,5238.973,,5244.415,,0,0
132,7,0,0,4,0,1,1,1,0,1,12,255,15,26,5262.303,"Pugeuk",R,27,82,133,2.133,0.012,0.667,1.498,1.005,1.486,-36.587,26.77,48,52,0,1,0,-67.147,-147.71,7.198,0,0,0,3,1,L,"encounter v",190,88,0.453,0,94,W,Y,0,0,0,0,0,0,0,0,0,0,0,0,0,0,0,0,0.235,-37.69,0,"HalF_HearteD",1.995,-18.338,0,"Pring__",-19.367,-41.329,0,"Rite_",-9.288,-62.099,0,"magimari",19.218,-41.256,0,"mochi_2929",13.063,-60.914,0,"alcohol500",50.125,-97.266,0,"紅さかな",0.448,-115.992,0,"Pizzallaris",-43.661,-101.144,0,0,0,0,0,0,"",0,0,0,0,5259.313,,5264.965,,0,0
133,7,0,0,4,1,1,1,1,0,1,12,255,15,27,5302.08,"Pugeuk",R,29,85,137,1.606,-0.137,0.671,1.479,1.027,1.423,-36.587,30.847,51,49,0,1,0,-250,-118.506,19.671,0,0,0,3,1,L,"encounter v",190,88,0.453,0,94,W,Y,0,0,0,0,0,0,0,0,0,0,0,0,0,0,0,0,0.317,-37.401,0,"HalF_HearteD",0.145,-16.71,0,"Pring__",-18.967,-39.498,0,"Rite_",-10.468,-62.248,0,"magimari",19.352,-43.166,0,"mochi_2929",13.418,-62.002,0,"alcohol500",49.828,-98.62,0,"紅さかな",0.862,-117.163,0,"Pizzallaris",-43.657,-101.141,0,0,0,0,0,0,"",0,0,0,0,5298.994,,5304.685,,0,0
134,7,0,0,4,2,1,1,1,0,1,12,255,15,28,5320.573,"Pugeuk",R,27,88,140,1.021,-0.747,0.565,1.361,0.531,1.041,-36.587,22.219,57,43,0,0,0,-76.825,-122.165,8.669,0,0,0,3,1,L,"encounter v",190,88,0.453,0,94,W,Y,0,0,0,0,0,0,0,0,0,0,0,0,0,0,0,0,0.238,-37.595,0,"HalF_HearteD",0.137,-16.718,0,"Pring__",-19.161,-39.401,0,"Rite_",-9.527,-62.472,0,"magimari",19.029,-42.097,0,"mochi_2929",13.578,-61.544,0,"alcohol500",48.29,-99.104,0,"紅さかな",1.558,-118.49,0,"Pizzallaris",-43.638,-101.134,0,0,0,0,0,0,"",0,0,0,0,5317.556,,5323.089,,0,0
135,7,0,0,4,2,2,1,1,0,1,12,255,15,29,5339.889,"Pugeuk",R,14,86,110,2.912,-1.153,0.622,1.389,0.53,1.306,-36.587,26.456,40,60,0,2,0,390.434,312.348,15.843,0,0,1,3,1,L,"encounter v",190,88,0.453,3,94,W,Y,5340.932,219,89,106,100,58,145,95,-16.479,-27.131,0.96,0,0.471,-357.995,-260.816,-33.6,0.533,-37.121,0,"HalF_HearteD",0.323,-16.987,0,"Pring__",-17.886,-41.497,0,"Rite_",-12.101,-63.946,102,"magimari",16.769,-45.368,101,"mochi_2929",12.601,-60.293,0,"alcohol500",49.161,-99.369,0,"紅さかな",1.267,-120.612,0,"Pizzallaris",-43.62,-101.132,0,5336.66,1.12,-20.421,5338.202,4,"magimari",12.488,-42.623,0,0,,5345.628,,5345.208,104,2
136,8,1,0,4,0,0,0,0,0,0,255,255,255,59,5426.115,"DoYaGee",R,32,73,125,1.498,0.111,0.281,1.104,0.378,1.681,-36.437,32.406,6,16,77,2,1,173.427,-0.616,16.369,0,0,1,6,3,R,"Rite_",169.5,80,0.455,3,93,W,Y,5427.148,209,132,119,66,30,145,85,55.498,40.714,-0.74,0,0.206,88.674,239.39,-140.077,-0.144,-37.089,106,"encounter v",-0.027,-17.458,0,"쟈가리코",-21.292,-47.121,78,"muyang_",-17.214,-62.613,0,"わだ、、",16.966,-46.085,0,"shimenawa",10.253,-63.804,0,"_송글_",39.522,-89.315,0,"ByeolBam",-0.138,-107.656,0,"ddil_ddil69",-42.303,-93.169,74,5427.952,-39.542,-61.547,5429.625,8,"ddil_ddil69",-44.346,-66.026,1,0,5551.396,5795.127,,,124,2
137,8,1,0,4,0,0,0,0,1,0,255,3,255,60,5816.665,"DoYaGee",R,3,70,112,-3.251,0.369,0.054,1.151,-0.679,1.846,-36.437,19.357,2,19,79,1,0,-417.241,0,18.134,0,0,0,7,7,R,"紅さかな",172.8,86,0.402,0,92,W,Y,0,0,0,0,0,0,0,0,0,0,0,0,0,0,0,0,-0.029,-37.581,0,"encounter v",-0.139,-17.347,0,"쟈가리코",-21.15,-45.501,0,"muyang_",-17.29,-62.63,0,"わだ、、",18.336,-44.512,0,"shimenawa",5.929,-66.243,0,"_송글_",36.186,-87.631,0,"ByeolBam",0.237,-106.5,0,"ddil_ddil69",-42.436,-92.976,0,0,0,0,0,0,"",0,0,0,0,5813.653,5818.539,,,0,0
138,8,1,0,4,1,0,0,0,1,0,255,3,255,61,5837.14,"DoYaGee",R,3,63,105,-4.559,-0.87,0.064,0.971,-1.066,1.15,-36.437,36.38,3,8,89,1,0,-477.273,0,19.82,0,0,0,7,7,R,"紅さかな",172.8,86,0.402,0,92,W,Y,0,0,0,0,0,0,0,0,0,0,0,0,0,0,0,0,0.079,-37.984,0,"encounter v",-0.175,-17.354,0,"쟈가리코",-20.445,-45.215,0,"muyang_",-16.675,-61.992,0,"わだ、、",19.254,-44.944,0,"shimenawa",5.444,-64.913,0,"_송글_",36.064,-87.867,0,"ByeolBam",-1.19,-108.611,0,"ddil_ddil69",-42.29,-92.797,0,0,0,0,0,0,"",0,0,0,0,5834.216,5839.052,,,0,0
139,8,1,0,4,2,0,0,0,1,0,255,3,255,62,5856.443,"DoYaGee",R,32,67,120,2.386,0.345,0.309,1.104,0.711,1.868,-36.437,37.708,5,13,83,1,0,197.223,36.368,13.262,0,0,0,7,7,R,"紅さかな",172.8,86,0.402,0,92,W,Y,0,0,0,0,0,0,0,0,0,0,0,0,0,0,0,0,0.122,-37.928,0,"encounter v",-0.09,-17.352,0,"쟈가리코",-20.93,-45.326,0,"muyang_",-16.999,-63.051,0,"わだ、、",18.672,-44.281,0,"shimenawa",5.445,-65.088,0,"_송글_",36.051,-87.901,0,"ByeolBam",0.135,-109.754,0,"ddil_ddil69",-42.293,-92.82,0,0,0,0,0,0,"",0,0,0,0,5853.223,5858.61,,,0,0
140,8,1,0,4,3,0,0,0,1,0,255,3,255,63,5876.943,"DoYaGee",R,32,73,125,1.156,0.221,0.248,1.137,0.221,1.795,-36.437,22.878,5,11,84,0,0,178.991,40.577,15.668,0,0,0,7,7,R,"紅さかな",172.8,86,0.402,0,92,W,Y,0,0,0,0,0,0,0,0,0,0,0,0,0,0,0,0,0.129,-37.742,0,"encounter v",-0.033,-17.338,0,"쟈가리코",-20.471,-45.415,0,"muyang_",-16.594,-62.764,0,"わだ、、",18.566,-44.101,0,"shimenawa",4.082,-64.859,0,"_송글_",36.099,-87.937,0,"ByeolBam",0.469,-109.859,0,"ddil_ddil69",-42.298,-92.815,0,0,0,0,0,0,"",0,0,0,0,5873.75,5879.391,,,0,0
141,8,1,0,4,3,1,0,0,1,0,255,3,255,64,5895.657,"DoYaGee",R,33,63,116,1.633,0.026,0.281,1.068,0.532,1.69,-36.437,34.099,4,17,79,2,0,100.842,33.852,3.792,0,0,1,7,7,R,"紅さかな",172.8,86,0.402,3,92,W,Y,5896.807,178,55,54,72,22,137,81,-20.486,13.052,-0.75,0,0.256,148.658,-153.657,13.633,0.19,-37.297,0,"encounter v",-0.058,-17.479,0,"쟈가리코",-20.954,-46.403,120,"muyang_",-16.593,-62.739,96,"わだ、、",17.898,-46.081,64,"shimenawa",8.469,-66.872,0,"_송글_",36.044,-87.974,0,"ByeolBam",0.394,-109.477,0,"ddil_ddil69",-42.264,-92.827,0,5892.244,-0.184,-21.539,5894.875,3,"muyang_",-8.899,-57.107,0,0,,,5902.042,,294,2
142,8,1,0,4,0,0,1,0,0,1,255,255,3,65,5928.019,"DoYaGee",R,3,67,109,-2.624,0.692,0.14,1.132,-0.332,2.002,-36.437,19.43,2,11,87,4,0,-443.222,0,22.213,0,0,1,8,6,L,"alcohol500",160,94.581,0.398,0,91,W,Y,0,0,0,0,0,0,0,0,0,0,0,0,0,0,0,0,0.112,-37.79,0,"encounter v",0.33,-17.282,0,"쟈가리코",-20.5,-43.066,0,"muyang_",-15.269,-62.97,0,"わだ、、",17.979,-41.081,0,"shimenawa",9.417,-60.995,0,"_송글_",38.693,-88.143,0,"ByeolBam",-0.324,-106.463,0,"ddil_ddil69",-43.733,-92.838,0,0,0,0,0,0,"",0,0,0,0,5924.563,,5929.586,,0,0
143,8,1,0,4,0,1,1,0,0,1,255,255,3,66,5947.181,"DoYaGee",R,5,58,109,1.208,-1.412,0.36,1.009,0.787,0.884,-36.437,58.552,10,19,71,1,0,-148.69,0,-2.823,0,0,0,8,6,L,"alcohol500",160,94.581,0.398,0,91,W,Y,0,0,0,0,0,0,0,0,0,0,0,0,0,0,0,0,0.11,-37.725,0,"encounter v",0,-17.241,0,"쟈가리코",-19.933,-42.995,0,"muyang_",-15.72,-63.059,0,"わだ、、",18.234,-41.549,0,"shimenawa",8.976,-64.385,0,"_송글_",38.697,-88.128,0,"ByeolBam",0.833,-105.788,0,"ddil_ddil69",-43.62,-92.57,0,0,0,0,0,0,"",0,0,0,0,5943.833,,,,0,0
144,8,1,0,4,1,1,1,0,0,1,255,255,3,67,5965.122,"DoYaGee",R,0,64,118,1.19,-0.378,0.279,1.014,0.51,1.422,-36.437,31.674,4,12,84,0,0,0,0,0.557,0,0,1,8,6,L,"alcohol500",160,94.581,0.398,0,91,W,Y,0,0,0,0,0,0,0,0,0,0,0,0,0,0,0,0,-0.053,-37.159,0,"encounter v",-0.029,-17.254,0,"쟈가리코",-18.436,-44.162,0,"muyang_",-14.023,-62.742,0,"わだ、、",17.456,-42.725,0,"shimenawa",8.123,-64.325,0,"_송글_",38.697,-88.124,0,"ByeolBam",0.146,-108.996,0,"ddil_ddil69",-43.577,-92.654,0,0,0,0,0,0,"",0,0,0,0,5961.688,,5967.017,,0,0
145,8,1,0,4,1,2,1,0,0,1,255,255,3,68,5984.32,"DoYaGee",R,4,54,106,-6.177,-0.089,-0.061,1.089,-2.375,1.592,-36.437,16.579,0,4,96,1,0,-160.912,0,41.985,0,0,0,8,6,L,"alcohol500",160,94.581,0.398,0,91,W,Y,0,0,0,0,0,0,0,0,0,0,0,0,0,0,0,0,-0.056,-37.022,0,"encounter v",0.371,-18.941,0,"쟈가리코",-19.775,-45.43,0,"muyang_",-14.891,-62.264,0,"わだ、、",18.269,-41.828,0,"shimenawa",9.853,-61.112,0,"_송글_",38.7,-88.139,0,"ByeolBam",0.4,-108.572,0,"ddil_ddil69",-43.559,-92.641,0,0,0,0,0,0,"",0,0,0,0,5980.945,,5986.154,,0,0
146,8,1,0,4,2,2,1,0,0,1,255,255,3,69,6027.015,"DoYaGee",R,3,64,111,-2.577,0.812,0.171,1.136,-0.6,2.063,-36.437,26.477,0,12,88,4,0,-294.788,0,17.432,0,0,1,8,6,L,"alcohol500",160,94.581,0.398,0,91,W,Y,0,0,0,0,0,0,0,0,0,0,0,0,0,0,0,0,0.114,-37.556,0,"encounter v",1.152,-19.657,0,"쟈가리코",-18.81,-42.238,0,"muyang_",-14.642,-61.979,0,"わだ、、",17.841,-41.279,0,"shimenawa",10.876,-61.431,0,"_송글_",38.7,-88.116,0,"ByeolBam",0.467,-106.961,0,"ddil_ddil69",-43.601,-92.704,0,0,0,0,0,0,"",0,0,0,0,6023.549,,6028.81,,0,0
147,8,1,0,4,0,0,2,0,0,1,255,255,3,70,6051.007,"DoYaGee",R,3,66,109,-3.102,0.566,0.07,1.122,-0.558,1.969,-36.437,27.715,4,12,84,4,0,-433.83,0,16.106,0,0,1,0,8,R,"Pizzallaris",175.3,88,0.383,0,91,W,Y,0,0,0,0,0,0,0,0,0,0,0,0,0,0,0,0,-0.189,-37.704,0,"encounter v",-0.211,-17.206,0,"쟈가리코",-20.752,-45.072,0,"muyang_",-16.774,-62.755,0,"わだ、、",18.509,-42.151,0,"shimenawa",8.47,-64.702,0,"_송글_",38.861,-90.596,0,"ByeolBam",-0.352,-109.04,0,"ddil_ddil69",-45.05,-95.618,0,0,0,0,0,0,"",0,0,0,0,6047.764,,6052.819,,0,0
148,8,1,0,4,0,1,2,0,0,1,255,255,3,71,6069.431,"DoYaGee",R,3,63,106,-1.51,-1.367,0.232,0.898,0.16,0.854,-36.437,47.295,5,9,85,2,0,-433.851,0,8.485,0,0,1,0,8,R,"Pizzallaris",175.3,88,0.383,3,91,W,Y,6070.631,191,101,178,104,99,145,99,7.694,17.86,0.92,0.19,0.316,-188.672,154.577,288.99,-0.078,-37.412,0,"encounter v",-0.224,-17.759,0,"쟈가리코",-21.876,-47.497,85,"muyang_",-16.579,-62.321,91,"わだ、、",16.688,-44.236,0,"shimenawa",10.282,-63.005,0,"_송글_",39.035,-90.827,0,"ByeolBam",-0.053,-109.674,0,"ddil_ddil69",-45.668,-94.778,0,6067.167,-11.97,-54.881,6067.702,3,"muyang_",-12.562,-56.562,0,0,6129.611,,,6075.887,260,2
149,8,0,0,4,0,0,0,0,0,0,255,255,255,0,6308.488,"magimari",R,26,77,128,1.474,1.48,0.492,2.226,0.538,2.259,-36.741,49.923,77,19,4,1,0,57.777,-170.195,12.332,0,0,0,4,7,R,"ByeolBam",175.3,90,0.5,0,90,W,Y,0,0,0,0,0,0,0,0,0,0,0,0,0,0,0,0,-0.04,-37.684,0,"HalF_HearteD",0.025,-16.782,0,"Pring__",-21.442,-46.954,0,"Rite_",-15.373,-62.825,0,"bdg06213",18.309,-50.907,0,"mochi_2929",8.535,-64.268,0,"alcohol500",42.455,-103.294,0,"紅さかな",0.996,-121.926,0,"Pizzallaris",-41.828,-100.161,0,0,0,0,0,0,"",0,0,0,0,6304.736,,,,0,0
150,8,0,0,4,1,0,0,0,0,0,255,255,255,1,6325.598,"magimari",R,26,84,137,1.32,0.093,0.447,1.991,0.467,1.444,-36.741,36.389,78,22,0,0,0,66.214,-200,18.881,0,0,0,4,7,R,"ByeolBam",175.3,90,0.5,0,90,W,Y,0,0,0,0,0,0,0,0,0,0,0,0,0,0,0,0,0.05,-37.815,0,"HalF_HearteD",0.022,-16.9,0,"Pring__",-21.433,-46.952,0,"Rite_",-15.383,-62.825,0,"bdg06213",18.807,-52.315,0,"mochi_2929",6.009,-65.618,0,"alcohol500",43.462,-104.603,0,"紅さかな",0.988,-121.976,0,"Pizzallaris",-41.823,-100.163,0,0,0,0,0,0,"",0,0,0,0,6321.771,,,,0,0
151,8,0,0,4,1,1,0,0,0,0,255,255,255,2,6343.428,"magimari",R,26,84,137,0.151,-1.757,0.358,1.685,0.052,0.371,-36.741,18.125,85,15,0,1,0,1.408,-200,28.319,0,0,0,4,7,R,"ByeolBam",175.3,90,0.5,0,90,W,Y,0,0,0,0,0,0,0,0,0,0,0,0,0,0,0,0,-0.045,-38.002,0,"HalF_HearteD",0.013,-16.911,0,"Pring__",-21.069,-46.122,0,"Rite_",-16.101,-62.442,0,"bdg06213",18.195,-51.311,0,"mochi_2929",6.34,-65.676,0,"alcohol500",43.453,-104.203,0,"紅さかな",0.525,-121.976,0,"Pizzallaris",-41.908,-100.099,0,0,0,0,0,0,"",0,0,0,0,6339.646,,,,0,0
152,8,0,0,4,2,1,0,0,0,0,255,255,255,3,6360.888,"magimari",R,10,83,123,0.715,-0.966,0.412,2.011,0.3,1.516,-36.741,41.971,87,13,0,2,0,0,400,18.148,0,0,1,4,7,R,"ByeolBam",175.3,90,0.5,3,90,W,Y,6361.824,158,181,168,77,47,145,127,7.495,0.017,0.66,0,0.325,-248.99,376.233,54.292,-0.137,-37.626,0,"HalF_HearteD",0.01,-16.92,0,"Pring__",-21.189,-46.344,66,"Rite_",-15.989,-62.297,74,"bdg06213",16.811,-51.68,0,"mochi_2929",6.19,-65.802,0,"alcohol500",43.7,-105.276,0,"紅さかな",1,-121.919,106,"Pizzallaris",-41.905,-100.097,0,6358.486,-2.192,-76.196,6360.32,7,"紅さかな",-5.086,-108.287,1,0,,,,,200,2
153,8,0,0,4,0,0,0,1,0,0,17,255,255,4,6409.245,"magimari",R,26,83,135,-0.695,-0.457,0.29,1.9,-0.267,1.167,-36.741,18.728,83,17,0,2,0,-30.944,-152.971,20.675,0,0,1,5,0,R,"DoYaGee",190,80,0.451,3,90,W,Y,6410.252,141,149,122,104,64,145,130,23.382,21.451,0.43,0,0.223,179.566,3.922,9.584,0.035,-37.417,0,"HalF_HearteD",-0.077,-16.89,0,"Pring__",-16.812,-43.539,120,"Rite_",-15.016,-61.401,0,"bdg06213",18.062,-49.787,0,"mochi_2929",8.671,-62.868,90,"alcohol500",44.319,-102.677,0,"紅さかな",0.517,-117.481,0,"Pizzallaris",-41.912,-100.081,101,6409.896,-39.711,-121.242,6410.619,8,"Pizzallaris",-38.39,-118.59,1,32,,6416.801,,,11,2
154,8,0,0,4,0,0,1,0,1,0,255,17,255,5,6454.511,"magimari",R,26,87,140,-0.207,0.455,0.315,2.051,-0.148,1.654,-36.741,29.588,87,13,0,0,0,34.241,-200,19.965,0,0,0,6,8,R,"ddil_ddil69",174.8,89.899,0.397,0,89,W,Y,0,0,0,0,0,0,0,0,0,0,0,0,0,0,0,0,-0.039,-37.738,0,"HalF_HearteD",0.014,-16.804,0,"Pring__",-18.701,-43.659,0,"Rite_",-14.627,-62.706,0,"bdg06213",17.738,-46.383,0,"mochi_2929",7.318,-63.965,0,"alcohol500",44.134,-99.569,0,"紅さかな",0.149,-118.961,0,"Pizzallaris",-43.412,-100.886,0,0,0,0,0,0,"",0,0,0,0,6450.625,6457.478,,,0,0
155,8,0,0,4,0,1,1,0,1,0,255,17,255,6,6472.767,"magimari",R,26,81,132,0.47,1.539,0.409,2.243,0.11,2.291,-36.741,44.661,77,23,0,4,0,55.158,-173.914,9.124,0,0,1,6,8,R,"ddil_ddil69",174.8,89.899,0.397,0,89,W,Y,0,0,0,0,0,0,0,0,0,0,0,0,0,0,0,0,0.038,-37.804,0,"HalF_HearteD",0.044,-16.67,0,"Pring__",-18.856,-43.795,0,"Rite_",-14.603,-62.677,0,"bdg06213",17.87,-46.358,0,"mochi_2929",6.563,-62.373,0,"alcohol500",45.517,-100.724,0,"紅さかな",0.172,-118.939,0,"Pizzallaris",-43.406,-100.893,0,0,0,0,0,0,"",0,0,0,0,6468.869,6475.762,,,0,0
156,8,0,0,4,0,2,1,0,1,0,255,17,255,7,6492.607,"magimari",R,3,75,116,-3.567,-1.1,0.161,1.852,-0.863,0.956,-36.741,7.7,35,65,0,1,0,-395.333,0,-18.931,0,0,0,6,8,R,"ddil_ddil69",174.8,89.899,0.397,0,89,W,Y,0,0,0,0,0,0,0,0,0,0,0,0,0,0,0,0,0.211,-37.891,0,"HalF_HearteD",-0.545,-16.559,0,"Pring__",-18.94,-40.596,0,"Rite_",-14.617,-62.735,0,"bdg06213",18.032,-45.51,0,"mochi_2929",4.689,-62.636,0,"alcohol500",45.459,-99.871,0,"紅さかな",0.166,-118.959,0,"Pizzallaris",-43.404,-100.881,0,0,0,0,0,0,"",0,0,0,0,6488.792,6495.791,,,0,0
157,8,0,0,4,0,0,2,0,1,0,255,17,255,8,6522.565,"magimari",R,26,94,140,-2.637,-0.443,0.101,1.904,-1.142,1.139,-36.741,11.055,56,44,0,1,0,-11.473,-200,40.806,0,0,0,7,6,R,"_송글_",174.9,90.478,0.316,0,89,W,Y,0,0,0,0,0,0,0,0,0,0,0,0,0,0,0,0,-0.068,-38.016,0,"HalF_HearteD",-0.221,-16.308,0,"Pring__",-21.843,-46.54,0,"Rite_",-14.529,-61.891,0,"bdg06213",18.082,-46.139,0,"mochi_2929",5.289,-61.531,0,"alcohol500",39.717,-100.711,0,"紅さかな",0.424,-118.973,0,"Pizzallaris",-43.766,-101.367,0,0,0,0,0,0,"",0,0,0,0,6518.313,6526.521,,,0,0
158,8,0,0,4,1,0,2,0,1,0,255,17,255,9,6539.446,"magimari",R,26,90,140,-1.377,-0.382,0.22,1.914,-0.589,1.174,-36.741,17.961,84,16,0,0,0,-13.565,-200,25.832,0,0,0,7,6,R,"_송글_",174.9,90.478,0.316,0,89,W,Y,0,0,0,0,0,0,0,0,0,0,0,0,0,0,0,0,-0.104,-37.829,0,"HalF_HearteD",0.091,-18.559,0,"Pring__",-21.1,-43.39,0,"Rite_",-14.624,-62.464,0,"bdg06213",18.393,-45.277,0,"mochi_2929",1.883,-61.279,0,"alcohol500",41.067,-101.022,0,"紅さかな",0.417,-118.932,0,"Pizzallaris",-43.606,-101.499,0,0,0,0,0,0,"",0,0,0,0,6535.313,6542.555,,,0,0
159,8,0,0,4,1,1,2,0,1,0,255,17,255,10,6562.786,"magimari",R,5,70,121,-2.022,-0.765,0.176,1.904,-0.794,1.138,-36.741,9.283,50,50,0,1,0,-55.852,0,-7.448,0,0,0,7,6,R,"_송글_",174.9,90.478,0.316,0,89,W,Y,0,0,0,0,0,0,0,0,0,0,0,0,0,0,0,0,-0.091,-37.977,0,"HalF_HearteD",-0.464,-16.78,0,"Pring__",-21.099,-43.648,0,"Rite_",-13.96,-62.594,0,"bdg06213",17.698,-47.317,0,"mochi_2929",6.013,-61.593,0,"alcohol500",41.046,-101.634,0,"紅さかな",0.441,-118.939,0,"Pizzallaris",-43.429,-101.107,0,0,0,0,0,0,"",0,0,0,0,6558.598,6566.181,,,0,0
160,8,0,0,4,2,1,2,0,1,0,255,17,255,11,6579.364,"magimari",R,28,86,139,-1.677,-1.4,0.191,1.781,-0.724,0.706,-36.741,4.156,45,55,0,1,0,-9.284,-72.716,17.847,0,0,0,7,6,R,"_송글_",174.9,90.478,0.316,0,89,W,Y,0,0,0,0,0,0,0,0,0,0,0,0,0,0,0,0,-0.073,-37.624,0,"HalF_HearteD",-0.103,-16.846,0,"Pring__",-20.611,-42.565,0,"Rite_",-13.986,-62.455,0,"bdg06213",18.276,-45.837,0,"mochi_2929",3.913,-60.872,0,"alcohol500",41.268,-102.774,0,"紅さかな",0.398,-118.91,0,"Pizzallaris",-43.634,-101.506,0,0,0,0,0,0,"",0,0,0,0,6575.188,6582.15,,,0,0
161,8,0,0,4,3,1,2,0,1,0,255,17,255,12,6596.253,"magimari",R,26,85,138,0.106,0.419,0.356,2.045,0.043,1.632,-36.741,34.162,79,21,0,0,0,-6.168,-200,15.691,0,0,0,7,6,R,"_송글_",174.9,90.478,0.316,0,89,W,Y,0,0,0,0,0,0,0,0,0,0,0,0,0,0,0,0,-0.08,-37.721,0,"HalF_HearteD",0.015,-16.761,0,"Pring__",-20.593,-43.82,0,"Rite_",-13.933,-62.348,0,"bdg06213",18.324,-47.294,0,"mochi_2929",5.942,-61.974,0,"alcohol500",42.505,-103.461,0,"紅さかな",0.416,-118.971,0,"Pizzallaris",-43.634,-101.516,0,0,0,0,0,0,"",0,0,0,0,6592.014,6600.157,,,0,0
162,8,0,0,4,3,2,2,0,1,0,255,17,255,13,6615.71,"magimari",R,26,90,140,-1.172,-0.951,0.25,1.821,-0.453,0.846,-36.741,13.559,55,45,0,0,0,-49.059,-200,26.958,0,0,0,7,6,R,"_송글_",174.9,90.478,0.316,0,89,W,Y,0,0,0,0,0,0,0,0,0,0,0,0,0,0,0,0,-0.079,-37.724,0,"HalF_HearteD",0.11,-19.532,0,"Pring__",-20.647,-42.037,0,"Rite_",-14.648,-62.138,0,"bdg06213",16.697,-48.315,0,"mochi_2929",5.156,-62.4,0,"alcohol500",41.467,-103.599,0,"紅さかな",0.426,-118.857,0,"Pizzallaris",-43.407,-101.637,0,0,0,0,0,0,"",0,0,0,0,6611.403,6618.869,,,0,0
163,9,1,0,4,0,0,0,0,0,0,255,255,255,72,6700.979,"DoYaGee",R,8,32,89,0.927,-0.615,0.215,0.992,0.07,1.296,-36.437,39.08,0,49,51,0,0,139.625,0,2.746,0,0,0,1,5,R,"mochi_2929",180,87.482,0.553,0,88,W,Y,0,0,0,0,0,0,0,0,0,0,0,0,0,0,0,0,0.068,-37.746,0,"encounter v",-0.046,-17.444,0,"쟈가리코",-22.34,-48.523,0,"muyang_",-16.776,-62.523,0,"わだ、、",20.285,-47.305,0,"shimenawa",8.577,-65.951,0,"_송글_",38.25,-88.369,0,"ByeolBam",0.739,-109.402,0,"ddil_ddil69",-43.257,-93.399,0,0,0,0,0,0,"",0,0,0,0,6697.25,,,,0,0
164,9,1,0,4,0,1,0,0,0,0,255,255,255,73,6720.462,"DoYaGee",R,32,76,127,1.911,0.183,0.303,1.123,0.479,1.742,-36.437,28.484,8,26,65,2,0,229.49,8.084,20.406,0,0,1,1,5,R,"mochi_2929",180,87.482,0.553,3,88,W,Y,6721.574,149,54,42,24,11,103,78,-30,51.341,0.93,0,0.129,-422.7,-95.461,-63.49,-0.163,-37.224,0,"encounter v",-0.047,-17.557,0,"쟈가리코",-21.978,-48.798,0,"muyang_",-16.644,-62.177,0,"わだ、、",18.704,-48.1,0,"shimenawa",10.045,-65.171,0,"_송글_",38.251,-88.43,0,"ByeolBam",-0.172,-108.894,0,"ddil_ddil69",-43.396,-93.992,0,6716.244,-1.409,-19.563,0,0,"",0,0,0,0,,,,,32,3
165,9,1,0,4,0,2,0,0,0,0,255,255,255,74,6742.704,"DoYaGee",R,0,37,97,-0.691,-0.321,0.134,1.041,-0.306,1.464,-36.437,32.12,0,70,30,2,0,0,0,11.733,0,0,1,1,5,R,"mochi_2929",180,87.482,0.553,3,88,W,Y,6743.965,255,149,165,49,32,145,112,22.762,25.199,0.13,0,0.306,-1.341,-134.152,153.215,-0.241,-37.201,0,"encounter v",-0.031,-17.635,0,"쟈가리코",-22.616,-48.741,0,"muyang_",-16.775,-62.272,0,"わだ、、",19.629,-48.759,0,"shimenawa",10.123,-65.867,0,"_송글_",40.295,-89.45,0,"ByeolBam",0.223,-107.741,0,"ddil_ddil69",-42.054,-91.811,113,6743.098,-39.711,-109.69,6745.841,8,"ddil_ddil69",-42.18,-117.858,1,0,,6754.066,,,97,2
166,9,1,0,4,0,0,0,0,1,0,255,5,255,75,6835.653,"DoYaGee",R,32,71,123,0.267,0.34,0.156,1.15,-0.205,1.826,-36.437,18.983,0,16,84,0,1,201.907,-14.266,17.252,0,0,0,2,1,R,"HalF_HearteD",190,82,0.35,0,88,W,Y,0,0,0,0,0,0,0,0,0,0,0,0,0,0,0,0,0.041,-37.218,120,"encounter v",-0.015,-17.311,0,"쟈가리코",-19.63,-44.462,0,"muyang_",-17.141,-63.388,0,"わだ、、",18.748,-43.824,0,"shimenawa",5.485,-62.713,0,"_송글_",40.488,-87.161,0,"ByeolBam",-0.158,-108.821,0,"ddil_ddil69",-43.533,-94.09,0,0,0,0,0,0,"",0,0,0,0,6831.757,6838.422,,,0,0
167,9,1,0,4,0,1,0,0,1,0,255,5,255,76,6876.013,"DoYaGee",R,13,65,107,-0.547,-2.274,0.331,0.861,0.465,0.631,-36.437,39.845,7,18,75,4,1,-379.786,312.348,15.835,-0.147,-19.721,1,2,1,R,"HalF_HearteD",190,82,0.35,0,88,W,Y,0,0,0,0,0,0,0,0,0,0,0,0,0,0,0,0,-0.029,-37.608,0,"encounter v",-0.031,-17.317,0,"쟈가리코",-19.404,-44.52,0,"muyang_",-16.168,-60.074,0,"わだ、、",18.211,-44.124,0,"shimenawa",6.572,-65.861,0,"_송글_",40.634,-87.149,0,"ByeolBam",-1.032,-109.809,0,"ddil_ddil69",-43.557,-94.059,0,0,0,0,0,0,"",0,0,0,0,6872.119,6878.321,,,0,0
168,9,1,0,4,0,2,0,0,1,0,255,5,255,77,6922.667,"DoYaGee",R,32,73,125,0.471,0.511,0.171,1.183,-0.136,1.931,-36.437,19.336,2,71,27,2,0,220.084,-18.279,23.075,0,0,1,2,1,R,"HalF_HearteD",190,82,0.35,3,88,W,Y,6923.802,255,108,113,105,45,145,101,42.172,46.56,-0.32,0,0.234,143.441,191.821,-27.938,-0.015,-37.683,0,"encounter v",-0.062,-17.415,0,"쟈가리코",-19.983,-45.43,0,"muyang_",-17.189,-62.528,0,"わだ、、",16.761,-46.119,0,"shimenawa",8.22,-66.729,0,"_송글_",40.319,-87.202,0,"ByeolBam",0.568,-109.378,0,"ddil_ddil69",-43.663,-94.247,0,6923.479,-63.115,-74.143,0,0,"",0,0,0,0,,6926.22,,,32,3
169,9,1,0,4,0,2,0,0,1,0,255,5,255,78,6950.008,"DoYaGee",R,4,63,113,0.595,-1.181,0.311,0.903,0.528,0.899,-36.437,40.906,6,13,81,4,0,-159.29,0,4.288,0,0,1,2,1,R,"HalF_HearteD",190,82,0.35,0,37,W,Y,0,0,0,0,0,0,0,0,0,0,0,0,0,0,0,0,-0.178,-37.738,0,"encounter v",-0.036,-17.457,0,"쟈가리코",-20.178,-43.33,0,"muyang_",-16.626,-61.432,0,"わだ、、",17.01,-45.305,0,"shimenawa",6.019,-65.517,0,"_송글_",40.944,-87.629,0,"ByeolBam",-0.185,-109.085,0,"ddil_ddil69",-46.039,-92.695,0,0,0,0,0,0,"",0,0,0,0,6946.132,6952.32,,,0,0
170,9,1,0,4,0,0,1,0,1,0,255,5,255,79,6977.424,"DoYaGee",R,3,69,111,-3.576,0.673,0.137,1.164,-0.813,2.066,-36.437,22.551,3,12,85,4,0,-416.878,0,21.227,0,0,1,3,2,L,"Pring__",190,93.36,0.455,0,88,W,Y,0,0,0,0,0,0,0,0,0,0,0,0,0,0,0,0,-0.025,-37.77,0,"encounter v",0.185,-17.363,0,"쟈가리코",-20.988,-47.819,0,"muyang_",-9.026,-58.629,0,"わだ、、",20.46,-45.318,0,"shimenawa",8.887,-66.021,0,"_송글_",41.959,-96.108,0,"ByeolBam",0.979,-110.246,0,"ddil_ddil69",-43.319,-93.123,0,0,0,0,0,0,"",0,0,0,0,6973.327,6979.949,,,0,0
171,9,1,0,4,0,1,1,0,1,0,255,5,255,80,6998.012,"DoYaGee",R,3,62,106,-1.804,-1.353,0.284,0.924,0.03,0.866,-36.437,51.563,7,11,82,2,0,-433.175,50.156,4.484,0,0,1,3,2,L,"Pring__",190,93.36,0.455,3,88,W,Y,6998.961,228,178,44,132,99,133,119,-30,-6.773,0.76,0,0.702,151.494,282.724,61.752,0.074,-37.399,0,"encounter v",-0.107,-17.616,0,"쟈가리코",-21.11,-47.808,120,"muyang_",-10.109,-59.382,0,"わだ、、",19.7,-47.412,78,"shimenawa",12.508,-64.55,107,"_송글_",41.694,-97.171,0,"ByeolBam",0.315,-110.401,0,"ddil_ddil69",-43.061,-93.194,0,6993.542,-0.183,-21.927,6995.563,5,"shimenawa",4.739,-63.747,0,0,,,7004.206,,39,2
172,9,1,0,4,0,0,2,0,0,1,255,255,5,81,7029.537,"DoYaGee",R,33,61,115,4.246,0.469,0.493,1.096,1.608,1.933,-36.437,51.056,2,15,83,1,0,132.746,-0.334,8.862,0,0,0,4,9,L,"-Alta-",190.1,84,0.479,0,87,W,Y,0,0,0,0,0,0,0,0,0,0,0,0,0,0,0,0,-0.099,-37.325,0,"encounter v",0.077,-17.152,0,"쟈가리코",-21.229,-47.92,0,"muyang_",-12.388,-62.392,0,"わだ、、",18.911,-41.525,0,"shimenawa",9.844,-64.101,0,"_송글_",41.486,-90.596,0,"ByeolBam",0.128,-108.746,0,"ddil_ddil69",-42.808,-92.377,0,0,0,0,0,0,"",0,0,0,0,7025.361,,7032.544,,0,0
173,9,1,0,4,1,0,2,0,0,1,255,255,5,82,7070.315,"DoYaGee",R,3,73,116,-1.957,-0.258,0.207,1.121,-0.384,1.992,-36.437,29.038,0,7,93,2,0,-348.372,0,18.184,0,0,1,4,9,L,"-Alta-",190.1,84,0.479,3,87,W,Y,7071.224,255,90,123,57,0,145,91,53.338,28.793,-0.8,0,0.443,598.529,-11.292,-25.115,-0.178,-37.452,0,"encounter v",-0.15,-17.525,0,"쟈가리코",-21.625,-48.494,0,"muyang_",-13.083,-62.182,0,"わだ、、",17.971,-43.201,0,"shimenawa",13.231,-64.182,0,"_송글_",43.013,-89.508,0,"ByeolBam",0.237,-108.649,0,"ddil_ddil69",-43.517,-92.036,0,7071.729,-31.232,-72.675,7071.924,3,"muyang_",-30.38,-71.111,0,0,,,,7077.363,256,1
