id,inn,half,scoreA,scoreB,ball,strk,out,b1,b2,b3,b1Idx,b2Idx,b3Idx,pCnt,pSec,pName,pHand,pType,pPow,spdK,zoneX,zoneY,startX,startY,targetX,targetY,zDist,pitchAngle,pOver,pSide,pUnder,call,balk,sH,sV,gyro,plx,plz,bSwing,bIdx,bPos,bZone,bName,bHCm,batLen,batCen,batType,bFps,bOS,bVR,hSec,rotS,rotL,shS,lgS,prepS,batSpd,ev,ldeg,sdeg,hPos,buntGrip,handDist,angVeloX,angVeloY,angVeloZ,PPosX,PPosY,PThrSpd,CName,CPosX,CPosY,CThrSpd,1BName,1BPosX,1BPosY,1BThrSpd,2BName,2BPosX,2BPosY,2BThrSpd,3BName,3BPosX,3BPosY,3BThrSpd,SSName,SSPosX,SSPosY,SSThrSpd,LFName,LFPosX,LFPosY,LFThrSpd,CFName,CFPosX,CFPosY,CFThrSpd,RFName,RFPosX,RFPosY,RFThrSpd,ltSec,lx,lz,cSec,cPos,cPlr,cx,cz,1BSafe,tag,cpSec,sb2Sec,sb3Sec,sbhSec,ass,result
1,1,1,0,0,0,0,0,0,0,0,255,255,255,0,2137.526,"Dοpi",R,27,85,137,-0.946,0.041,0.155,1.767,-0.528,1.506,-36.235,46.337,93,7,0,0,0,96.782,-123.131,0.233,0,0,0,0,5,L,"shimenawa",175.1,94.778,0.295,0,102,W,Y,0,0,0,0,0,0,0,0,0,0,0,0,0,0,0,0,-0.221,-36.948,0,"Megu3568",-0.148,-17.874,0,"Fresh825",-20.89,-47.441,0,"하루（Haru）",-11.369,-63.852,0,"なおｐ--",22.435,-48.391,0,"schmoneymikey",14.687,-62.949,0,"Muna_328",44.774,-87.282,0,"うよすま",5.433,-114.477,0,"Sabo_10",-41.107,-95.854,0,0,0,0,0,0,"",0,0,0,0,2139.144,,,,0,0
2,1,1,0,0,0,1,0,0,0,0,255,255,255,1,2158.018,"Dοpi",R,5,72,122,1.306,0.322,0.314,1.774,0.668,1.778,-36.235,59.477,96,4,0,0,0,-70.584,0.009,-0.213,0,0,0,0,5,L,"shimenawa",175.1,94.778,0.295,0,102,W,Y,0,0,0,0,0,0,0,0,0,0,0,0,0,0,0,0,-0.129,-37.34,0,"Megu3568",-0.143,-17.945,0,"Fresh825",-20.925,-47.444,0,"하루（Haru）",-11.296,-63.984,0,"なおｐ--",22.434,-48.377,0,"schmoneymikey",14.582,-63.016,0,"Muna_328",44.842,-87.279,0,"うよすま",4.354,-115.364,0,"Sabo_10",-41.484,-95.639,0,0,0,0,0,0,"",0,0,0,0,2159.594,,,,0,0
3,1,1,0,0,0,2,0,0,0,0,255,255,255,2,2177.592,"Dοpi",R,10,87,128,2.392,-1.554,0.434,1.691,1.08,1.134,-36.235,44.496,98,2,0,4,0,-35.54,400,-3.44,0,0,1,0,5,L,"shimenawa",175.1,94.778,0.295,0,107,W,Y,0,0,0,0,0,0,0,0,0,0,0,0,0,0,0,0,0.001,-37.192,0,"Megu3568",-1.457,-19.482,0,"Fresh825",-20.778,-47.011,0,"하루（Haru）",-10.24,-63.336,0,"なおｐ--",22.431,-48.376,0,"schmoneymikey",14.658,-63.161,0,"Muna_328",44.815,-87.283,0,"うよすま",5.513,-112.101,0,"Sabo_10",-40.484,-95.259,0,0,0,0,0,0,"",0,0,0,1,2179.09,,,,0,0
4,1,1,0,0,0,0,1,0,0,0,255,255,255,3,2207.399,"Dοpi",R,27,91,140,-3.82,-1.284,-0.101,1.54,-1.694,0.709,-36.235,23.586,53,47,0,3,0,31.999,-136.765,5.102,-0.858,-20.741,0,1,4,L,"쟈가리코",190,82,0.501,0,100,W,Y,0,0,0,0,0,0,0,0,0,0,0,0,0,0,0,0,-0.38,-36.787,0,"Megu3568",-0.428,-19.588,0,"Fresh825",-19.395,-47.089,0,"하루（Haru）",-9.019,-62.713,0,"なおｐ--",22.438,-48.358,0,"schmoneymikey",14.582,-63.169,0,"Muna_328",51.808,-93.775,0,"うよすま",6.167,-124.217,0,"Sabo_10",-47.308,-99.074,0,0,0,0,0,0,"",0,0,0,0,2210.627,,,,0,6
5,1,1,0,0,0,0,1,1,0,0,4,255,255,4,2234.774,"Dοpi",R,27,86,140,-3.592,-1.313,-0.014,1.562,-1.533,0.731,-36.235,27.04,53,47,0,3,0,75.638,-139.635,4.309,0,0,0,2,0,L,"わだ、、",190,85,0.528,0,98,W,Y,0,0,0,0,0,0,0,0,0,0,0,0,0,0,0,0,-0.245,-37.278,0,"Megu3568",0.348,-22.565,0,"Fresh825",-18.404,-39.402,0,"하루（Haru）",-7.826,-60.85,0,"なおｐ--",22.448,-48.348,0,"schmoneymikey",14.547,-62.071,0,"Muna_328",51.91,-93.754,0,"うよすま",10.251,-124.234,0,"Sabo_10",-46.653,-98.096,0,0,0,0,0,0,"",0,0,0,0,2236.286,,,,0,6
6,1,1,0,0,0,0,1,1,1,0,0,4,255,5,2275.258,"Dοpi",R,10,82,122,0.022,-1.273,0.234,1.664,0.046,1.167,-36.235,45.069,98,2,0,2,0,-33.352,400,-1.973,0,0,1,3,1,L,"encounter v",190,84.791,0.423,3,97,W,Y,2276.296,255,255,184,143,63,145,91,-29.608,-21.693,-0.79,0,0.813,176.892,485.354,303.745,-0.149,-36.901,0,"Megu3568",-0.05,-19.349,0,"Fresh825",-18.41,-39.728,80,"하루（Haru）",-12.588,-59.078,103,"なおｐ--",21.261,-46.923,0,"schmoneymikey",14.803,-62.65,59,"Muna_328",48.724,-94.174,0,"うよすま",6.888,-119.282,0,"Sabo_10",-45.91,-101.321,0,2276.611,0.236,-20.141,2279.453,8,"ddil_ddil69",14.785,-58.315,1,0,,2280.786,2281.643,,224,2
7,1,1,0,0,0,0,2,1,0,1,1,255,4,6,2307.274,"Dοpi",R,10,85,127,-3.669,-2.544,-0.023,1.552,-1.526,0.501,-36.235,29.841,50,50,0,1,0,-56.453,400,1.52,-1.69,-19.552,0,4,7,R,"ByeolBam",175,90,0.5,0,96,W,Y,0,0,0,0,0,0,0,0,0,0,0,0,0,0,0,0,1.007,-38.661,0,"Megu3568",2.203,-20.958,0,"Fresh825",-18.609,-39.943,0,"하루（Haru）",-12.309,-62.693,0,"なおｐ--",19.361,-43.504,0,"schmoneymikey",4.139,-62.846,0,"Muna_328",34.808,-94.44,0,"うよすま",-5.151,-111.931,0,"Sabo_10",-49.948,-100.351,0,0,0,0,0,0,"",0,0,0,0,2316.682,2310.387,,2314.33,0,0
8,1,1,1,0,1,0,2,0,1,0,255,1,255,7,2352.409,"Dοpi",R,33,76,127,5.564,1.14,0.436,1.832,2.155,2.175,-36.235,70.694,95,5,0,3,0,103.008,-70.402,-1.837,-0.017,-21.259,0,4,7,R,"ByeolBam",175,90,0.5,0,95,W,Y,0,0,0,0,0,0,0,0,0,0,0,0,0,0,0,0,-0.042,-37.326,0,"Megu3568",-0.167,-19.785,0,"Fresh825",-22.938,-47.699,0,"하루（Haru）",-13.684,-62.25,0,"なおｐ--",19.859,-42.951,0,"schmoneymikey",7.656,-65.142,0,"Muna_328",37.685,-100.994,0,"うよすま",-4.439,-113.683,0,"Sabo_10",-49.394,-99.395,0,0,0,0,0,0,"",0,0,0,0,2355.861,,,,0,6
9,1,1,1,0,0,0,2,1,1,0,7,1,255,8,2383.738,"Dοpi",R,33,75,126,3.109,0.713,0.361,1.81,1.211,1.983,-36.235,65.967,90,10,0,3,0,106.384,-76.992,-1.027,0.536,-22.098,0,5,2,R,"Riyaj",190,80,0.2,0,94,W,Y,0,0,0,0,0,0,0,0,0,0,0,0,0,0,0,0,0.105,-36.805,0,"Megu3568",0.109,-18.458,0,"Fresh825",-18.51,-39.569,0,"하루（Haru）",-13.701,-62.288,0,"なおｐ--",19.65,-40.599,0,"schmoneymikey",5.158,-64.294,0,"Muna_328",41.632,-99.538,0,"うよすま",-5.822,-116.855,0,"Sabo_10",-49.701,-99.714,0,0,0,0,0,0,"",0,0,0,0,2387.302,,,,0,6
10,1,1,1,0,0,0,2,1,1,1,2,7,1,9,2438.118,"Dοpi",R,26,93,140,-3.16,-1.283,-0.053,1.507,-1.507,0.691,-36.235,15.813,47,53,0,4,0,118.093,-179.152,8.327,0,0,1,6,8,R,"ddil_ddil69",176.3,89.899,0.397,0,92,W,Y,0,0,0,0,0,0,0,0,0,0,0,0,0,0,0,0,-0.069,-37.269,0,"Megu3568",-0.063,-18.329,0,"Fresh825",-20.837,-46.261,0,"하루（Haru）",-13.688,-62.675,0,"なおｐ--",19.683,-44.488,0,"schmoneymikey",5.669,-64.064,0,"Muna_328",37.169,-97.548,0,"うよすま",-4.582,-113.404,0,"Sabo_10",-47.798,-99.014,0,0,0,0,0,0,"",0,0,0,0,2439.902,2441.205,2441.045,,0,0
11,1,1,1,0,0,1,2,1,1,1,2,7,1,10,2462.125,"Dοpi",R,28,71,123,1.427,1.416,0.204,1.914,0.515,2.335,-36.235,71.957,94,6,0,4,0,65.743,-80.558,-2.589,0,0,1,6,8,R,"ddil_ddil69",176.3,89.899,0.397,0,91,W,Y,0,0,0,0,0,0,0,0,0,0,0,0,0,0,0,0,-0.149,-37.669,0,"Megu3568",0.026,-17.937,0,"Fresh825",-21.535,-44.409,0,"하루（Haru）",-13.695,-62.67,0,"なおｐ--",19.238,-44.148,0,"schmoneymikey",6.995,-64.665,0,"Muna_328",37.152,-97.487,0,"うよすま",-5.367,-112.111,0,"Sabo_10",-47.676,-99.585,0,0,0,0,0,0,"",0,0,0,0,2463.873,2465.217,2465.016,,0,0
12,1,1,1,0,0,2,2,1,1,1,2,7,1,11,2482.523,"Dοpi",R,0,78,128,-2.357,-0.121,0.099,1.777,-0.989,1.54,-36.235,48.134,95,5,0,2,0,-28.291,18.77,2.096,0,0,1,6,8,R,"ddil_ddil69",176.3,89.899,0.397,3,91,W,Y,2483.735,195,48,82,12,0,135,126,104.631,-70.829,0.65,0,0.483,184.918,-3.663,15.261,-0.195,-36.877,0,"Megu3568",-0.644,-18.472,0,"Fresh825",-21.199,-44.66,0,"하루（Haru）",-13.706,-62.675,0,"なおｐ--",19.363,-46.145,0,"schmoneymikey",6.92,-65.118,0,"Muna_328",37.236,-97.476,0,"うよすま",-4.359,-112.243,0,"Sabo_10",-50.206,-101.443,0,2491.044,-90.342,15.019,0,0,"",0,0,0,0,,2487.166,2488.541,,0,3
13,1,1,1,0,0,2,2,1,1,1,2,7,1,12,2505.314,"Dοpi",R,13,82,122,0.111,-1.228,0.259,1.717,0.276,1.342,-36.235,55.982,98,2,0,2,0,-152.211,400,-3.342,0,0,1,6,8,R,"ddil_ddil69",176.3,89.899,0.397,3,90,W,Y,2506.504,255,120,135,113,12,145,127,-30,28.779,0.52,0,0.667,273.564,-373.85,-96.528,-0.064,-36.845,0,"Megu3568",0.04,-18.192,0,"Fresh825",-20.95,-44.242,0,"하루（Haru）",-13.973,-62.372,0,"なおｐ--",20.169,-47.729,0,"schmoneymikey",7.799,-65.319,67,"Muna_328",38.088,-98.232,0,"うよすま",-6.929,-116.387,0,"Sabo_10",-49.39,-99.589,87,2506.84,-0.412,-20.723,2510.869,8,"Sabo_10",-37.62,-84.144,1,0,,2512.288,2510.878,2510.882,129,2
14,1,1,2,0,0,0,2,1,1,1,8,2,7,13,2538.706,"Dοpi",R,27,84,136,0.962,0.103,0.288,1.776,0.319,1.527,-36.235,48.384,95,5,0,2,0,79.609,-136.877,-0.946,0,0,1,7,6,R,"_송글_",174.9,90.478,0.316,3,89,W,Y,2539.689,184,63,53,65,30,136,80,113.046,-48.708,-0.83,0,0.402,454.139,230.207,74.198,-0.091,-36.939,0,"Megu3568",0.039,-18.131,0,"Fresh825",-18.663,-40.025,0,"하루（Haru）",-15.538,-62.708,0,"なおｐ--",18.307,-44.372,0,"schmoneymikey",8,-65.011,0,"Muna_328",36.734,-92.971,0,"うよすま",-1.716,-116.714,0,"Sabo_10",-46.962,-95.98,0,2545.015,-31.273,14.084,0,0,"",0,0,0,0,,2543.127,2543.071,,0,3
15,1,1,2,0,0,1,2,1,1,1,8,2,7,14,2563.426,"Dοpi",R,26,90,140,-0.789,-1.24,0.13,1.503,-0.477,0.735,-36.235,29.744,46,54,0,2,0,99.24,-164.226,0.965,0,0,1,7,6,R,"_송글_",174.9,90.478,0.316,3,55,W,Y,2564.383,180,95,103,40,20,145,126,34.394,45.039,0.55,0,0.496,52.421,-117.998,48.624,-0.135,-36.836,0,"Megu3568",-0.109,-18.272,0,"Fresh825",-18.655,-40.057,0,"하루（Haru）",-17.1,-62.09,0,"なおｐ--",18.938,-45.127,0,"schmoneymikey",8.475,-66.206,0,"Muna_328",35.358,-92.91,0,"うよすま",-3.845,-115.667,0,"Sabo_10",-48.812,-96.006,0,2569.482,-76.47,-99.296,0,0,"",0,0,0,0,,2571.662,2569.634,2568.852,0,4
16,1,1,6,0,0,0,2,0,0,0,255,255,255,15,2615.095,"Dοpi",R,28,76,127,0.225,0.347,0.213,1.808,0.007,1.685,-36.235,57.6,96,4,0,0,0,67.629,-97.697,-1.419,0,0,0,8,3,R,"muyang_",171.3,80,0.496,0,87,W,Y,0,0,0,0,0,0,0,0,0,0,0,0,0,0,0,0,-0.185,-37.114,0,"Megu3568",0.047,-17.92,0,"Fresh825",-23.246,-47.46,0,"하루（Haru）",-15.296,-61.589,0,"なおｐ--",22.851,-49.331,0,"schmoneymikey",8.064,-65.68,0,"Muna_328",32.885,-91.004,0,"うよすま",-4.41,-114.708,0,"Sabo_10",-47.701,-90.974,0,0,0,0,0,0,"",0,0,0,0,2616.611,,,,0,0
17,1,1,6,0,0,1,2,0,0,0,255,255,255,16,2632.305,"Dοpi",R,26,84,137,0.363,-0.057,0.202,1.729,0.055,1.389,-36.235,47.964,96,4,0,0,0,72.422,-182.06,-1.021,0,0,0,8,3,R,"muyang_",171.3,80,0.496,0,87,W,Y,0,0,0,0,0,0,0,0,0,0,0,0,0,0,0,0,-0.172,-36.995,0,"Megu3568",0.025,-17.931,0,"Fresh825",-23.042,-47.515,0,"하루（Haru）",-15.148,-61.971,0,"なおｐ--",22.863,-49.326,0,"schmoneymikey",8.777,-66.566,0,"Muna_328",34.444,-90.576,0,"うよすま",-5.63,-112.909,0,"Sabo_10",-47.994,-91.233,0,0,0,0,0,0,"",0,0,0,0,2633.748,,,,0,0
18,1,1,6,0,0,2,2,0,0,0,255,255,255,17,2649.372,"Dοpi",R,27,84,136,-0.209,-1.434,0.197,1.504,-0.199,0.681,-36.235,36.366,56,44,0,1,0,76.152,-107.637,0.242,0,0,0,8,3,R,"muyang_",171.3,80,0.496,0,87,W,Y,0,0,0,0,0,0,0,0,0,0,0,0,0,0,0,0,-0.08,-37.177,0,"Megu3568",-0.021,-18.017,0,"Fresh825",-23.035,-47.766,0,"하루（Haru）",-15.168,-61.969,0,"なおｐ--",22.899,-49.368,0,"schmoneymikey",8.546,-66.434,0,"Muna_328",34.484,-90.608,0,"うよすま",-5.272,-112.707,0,"Sabo_10",-47.861,-91.709,0,0,0,0,0,0,"",0,0,0,0,2650.886,,,,0,0
19,1,1,6,0,1,2,2,0,0,0,255,255,255,18,2669.531,"Dοpi",R,27,82,133,0.5,0.42,0.201,1.796,0.134,1.691,-36.235,51.619,98,2,0,2,0,55.9,-142.663,1.518,0,0,1,8,3,R,"muyang_",171.3,80,0.496,3,87,W,Y,2670.519,231,121,64,58,24,138,80,41.87,16.556,-0.84,0,0.062,183.041,-6.164,-3.08,-0.249,-36.779,0,"Megu3568",-0.008,-17.981,0,"Fresh825",-23.071,-47.79,0,"하루（Haru）",-14.712,-62.226,0,"なおｐ--",22.882,-49.366,0,"schmoneymikey",8.408,-65.508,0,"Muna_328",36.139,-93.04,0,"うよすま",-5.932,-111.947,0,"Sabo_10",-47.736,-92.623,0,2675.715,-16.631,-74.702,2675.944,3,"하루（Haru）",-15.926,-72.309,0,0,2703.861,,,,44,1
20,1,0,6,0,0,0,0,0,0,0,255,255,255,0,2823.795,"わだ、、",R,26,92,140,-2.307,-0.206,-0.021,1.449,-1.029,1.318,-36.29,8.199,54,46,0,1,0,18.63,-200,8.734,0,0,0,0,8,L,"Sabo_10",185.3,88,0.452,0,83,W,Y,0,0,0,0,0,0,0,0,0,0,0,0,0,0,0,0,0.204,-37.199,0,"encounter v",0.143,-17.346,0,"Riyaj",-20.403,-46.437,0,"muyang_",-16.819,-64.104,0,"쟈가리코",22.952,-48.68,0,"shimenawa",10.169,-65.48,0,"_송글_",46.372,-96.594,0,"ByeolBam",4.461,-113.454,0,"ddil_ddil69",-43.394,-91.751,0,0,0,0,0,0,"",0,0,0,0,2825.215,,,,0,0
21,1,0,6,0,1,0,0,0,0,0,255,255,255,1,2837.173,"わだ、、",R,26,90,140,-0.121,1.348,0.185,1.735,-0.072,2.267,-36.29,24.537,100,0,0,4,0,10.351,-200,4.63,0,0,1,0,8,L,"Sabo_10",185.3,88,0.452,0,83,W,Y,0,0,0,0,0,0,0,0,0,0,0,0,0,0,0,0,-0.014,-36.791,0,"encounter v",0.051,-17.381,0,"Riyaj",-20.261,-46.574,0,"muyang_",-17.216,-63.392,0,"쟈가리코",22.825,-48.763,0,"shimenawa",11.451,-65.409,0,"_송글_",46.294,-96.657,0,"ByeolBam",5.126,-114.545,0,"ddil_ddil69",-43.487,-91.893,0,0,0,0,0,0,"",0,0,0,0,2838.494,,,,0,0
22,1,0,6,0,1,1,0,0,0,0,255,255,255,2,2853.092,"わだ、、",R,13,87,126,-2.199,-0.927,0.108,1.479,-0.429,1.417,-36.29,11.12,59,41,0,1,0,-355.913,351.178,-5.932,0,0,0,0,8,L,"Sabo_10",185.3,88,0.452,0,83,W,Y,0,0,0,0,0,0,0,0,0,0,0,0,0,0,0,0,0.116,-36.814,0,"encounter v",0.069,-17.397,0,"Riyaj",-19.789,-46.014,0,"muyang_",-17.142,-63.563,0,"쟈가리코",23.481,-49.98,0,"shimenawa",12.655,-65.218,0,"_송글_",46.23,-96.769,0,"ByeolBam",5.18,-114.574,0,"ddil_ddil69",-43.447,-91.794,0,0,0,0,0,0,"",0,0,0,0,2854.527,,,,0,0
23,1,0,6,0,2,1,0,0,0,0,255,255,255,3,2914.837,"わだ、、",R,0,80,117,0.732,0.567,0.309,2.088,0.309,1.938,-36.29,60.762,100,0,0,2,0,0,0,-1.524,0,0,1,0,8,L,"Sabo_10",185.3,88,0.452,3,73,W,Y,2915.786,255,94,142,107,90,145,123,25.588,-33.549,0.23,0,0.544,299.318,195.465,-75.467,0.39,-36.782,0,"encounter v",0.07,-17.531,0,"Riyaj",-20.202,-46.462,0,"muyang_",-16.699,-62.86,0,"쟈가리코",23.118,-50.211,0,"shimenawa",13.419,-64.57,0,"_송글_",46.31,-96.718,0,"ByeolBam",4.965,-114.402,113,"ddil_ddil69",-43.757,-92.931,0,0,0,0,2920.861,6,"_송글_",54.68,-108.228,0,0,,,,,148,1
24,1,0,6,0,0,0,1,0,0,0,255,255,255,4,2950.58,"わだ、、",R,26,85,138,3.065,1.755,0.387,1.855,1.258,2.642,-36.29,45.292,100,0,0,3,0,25.28,-200,-5.676,0.139,-21.294,0,1,1,R,"Megu3568",190,85.846,0.405,0,74,W,Y,0,0,0,0,0,0,0,0,0,0,0,0,0,0,0,0,0.112,-36.006,0,"encounter v",-0.247,-18.775,0,"Riyaj",-20.963,-47.007,0,"muyang_",-18.281,-65.25,0,"쟈가리코",21.619,-52.28,0,"shimenawa",9.992,-65.734,0,"_송글_",41.019,-93.478,0,"ByeolBam",-2.732,-119.581,0,"ddil_ddil69",-47.656,-96.132,0,0,0,0,0,0,"",0,0,0,0,2953.419,,,,0,6
25,1,0,6,0,0,0,1,1,0,0,11,255,255,5,2986.445,"わだ、、",R,26,77,128,1.824,2.182,0.368,1.902,0.78,2.794,-36.29,40.394,100,0,0,1,0,2.522,-200,0.642,0,0,0,2,4,R,"なおｐ--",190,90.37,0.405,0,64,W,Y,0,0,0,0,0,0,0,0,0,0,0,0,0,0,0,0,0.154,-36.863,120,"encounter v",-0.106,-17.291,0,"Riyaj",-19.472,-43.539,0,"muyang_",-13.208,-58.428,0,"쟈가리코",22.697,-51.422,0,"shimenawa",8.85,-65.687,0,"_송글_",42.28,-94.914,0,"ByeolBam",-4.604,-118.496,0,"ddil_ddil69",-48.531,-96.37,0,0,0,0,0,0,"",0,0,0,0,2988.107,,,,0,0
26,1,0,6,0,1,0,1,1,0,0,11,255,255,6,3018.757,"わだ、、",R,26,92,140,4.168,-0.096,0.209,1.383,0.044,1.115,-36.29,12.509,55,45,0,2,0,8.798,-177.826,0.207,0,0,1,2,4,R,"なおｐ--",190,90.37,0.405,3,64,W,Y,3019.788,255,110,139,110,57,145,126,-4.274,6.774,0.24,0,0.465,-27.828,319.746,0.437,-0.039,-36.686,0,"encounter v",-0.161,-17.853,0,"Riyaj",-19.008,-44.885,0,"muyang_",-12.803,-57.972,0,"쟈가리코",22.566,-51.219,0,"shimenawa",11.133,-64.517,78,"_송글_",41.463,-94.126,0,"ByeolBam",-3.909,-114.397,0,"ddil_ddil69",-48.312,-96.217,0,3020.157,-1.22,-26.802,3023.419,7,"ByeolBam",-10.69,-100.606,1,0,,3024.776,,,21,2
27,1,0,6,0,0,0,1,1,1,0,14,11,255,7,3061.486,"わだ、、",R,26,92,140,-2.345,-0.509,-0.02,1.388,-1.022,1.131,-36.29,8.139,50,50,0,1,0,-0.097,-200,8.521,0,0,0,3,9,L,"濃いめのラー油",190,87,0.8,0,79,W,Y,0,0,0,0,0,0,0,0,0,0,0,0,0,0,0,0,0.156,-37.303,0,"encounter v",-0.062,-17.834,0,"Riyaj",-19.698,-43.496,0,"muyang_",-8.006,-58.773,0,"쟈가리코",20.703,-44.637,0,"shimenawa",10.245,-65.784,0,"_송글_",39.068,-93.47,0,"ByeolBam",0.166,-107.695,0,"ddil_ddil69",-44.224,-91.986,0,0,0,0,0,0,"",0,0,0,0,3063.132,3064.97,,,0,0
28,1,0,6,0,1,0,1,1,1,0,14,11,255,8,3081.725,"わだ、、",R,26,82,134,-1.083,0.552,0.1,1.6,-0.465,1.815,-36.29,19.928,100,0,0,2,0,-7.485,-166.707,2.013,0,0,1,3,9,L,"濃いめのラー油",190,87,0.8,3,79,W,Y,3082.838,255,110,97,112,48,145,100,-87.027,84.027,-0.33,0,0.286,169.841,543.843,-22.4,0.042,-36.714,0,"encounter v",-0.136,-17.577,0,"Riyaj",-19.482,-44.762,0,"muyang_",-7.988,-59.642,0,"쟈가리코",21.553,-46.773,0,"shimenawa",12.466,-64.831,0,"_송글_",40.238,-93.431,0,"ByeolBam",0.043,-108.147,0,"ddil_ddil69",-44.226,-91.926,0,3083.069,-0.78,-20.361,0,0,"",0,0,0,0,,3090.931,,,4,3
29,1,0,6,0,1,1,1,1,1,0,14,11,255,9,3107.644,"わだ、、",R,13,74,101,-2.031,0.387,0.163,1.916,-0.214,2.339,-36.29,40.622,100,0,0,2,0,-339.103,337.05,-3.573,0,0,1,3,9,L,"濃いめのラー油",190,87,0.8,3,66,W,Y,3108.862,255,83,91,111,49,145,122,-30,38.113,0.77,0,0.235,71.377,266.13,-41.75,-0.077,-36.874,0,"encounter v",-0.142,-17.531,112,"Riyaj",-19.522,-45.37,0,"muyang_",-8.357,-59.12,104,"쟈가리코",20.623,-46.455,0,"shimenawa",12.826,-64.339,0,"_송글_",39.595,-92.174,0,"ByeolBam",0.251,-106.967,0,"ddil_ddil69",-44.68,-92.018,101,3109.115,-1.992,-23.806,3112.677,8,"ddil_ddil69",-45.474,-78.691,1,0,3117.961,3113.971,3113.014,,332,2
30,1,0,6,0,0,0,1,1,1,1,19,14,11,10,3145.079,"わだ、、",R,26,93,140,0.098,-0.915,0.204,1.338,0.019,0.93,-36.29,10.384,57,43,0,0,0,15.339,-156.69,-2.533,0,0,0,4,6,R,"Muna_328",180.4,89.724,0.4,0,78,W,Y,0,0,0,0,0,0,0,0,0,0,0,0,0,0,0,0,0.254,-36.705,0,"encounter v",-1.139,-19.44,0,"Riyaj",-18.841,-44.32,0,"muyang_",-12.23,-58.798,0,"쟈가리코",21.894,-45.368,0,"shimenawa",10.255,-64.908,0,"_송글_",39.323,-93.152,0,"ByeolBam",-2.423,-108.332,0,"ddil_ddil69",-43.646,-92.398,0,0,0,0,0,0,"",0,0,0,0,3146.511,3147.281,3147.482,,0,0
31,1,0,6,0,0,1,1,1,1,1,19,14,11,11,3167.461,"わだ、、",R,26,88,140,1.357,0.711,0.33,1.61,0.604,1.86,-36.29,24.758,100,0,0,2,0,-17.733,-200,-1.617,0,0,0,4,6,R,"Muna_328",180.4,89.724,0.4,3,78,W,Y,3168.373,188,67,139,0,0,138,83,-19.115,-34.748,-0.81,0,0.61,-285.318,-380.27,299.539,0.022,-36.735,0,"encounter v",-0.016,-17.718,120,"Riyaj",-19.175,-45.35,0,"muyang_",-14.143,-59.776,0,"쟈가리코",20.56,-47.478,114,"shimenawa",11.917,-64.144,0,"_송글_",40.762,-91.298,0,"ByeolBam",-2.097,-109.81,0,"ddil_ddil69",-43.657,-92.406,0,3168.707,2.281,-22.651,3170.49,4,"쟈가리코",14.92,-44.881,0,0,3172.207,3173.949,3173.7,3173.871,42,2
32,2,1,6,0,0,0,0,0,0,0,255,255,255,19,3228.253,"Dοpi",R,4,87,134,8.636,1.385,0.227,1.692,-0.355,1.21,-36.235,42.725,92,8,0,2,0,-154.568,115.581,2.973,0,0,1,0,5,L,"shimenawa",175.1,94.778,0.295,3,77,W,Y,3229.323,111,109,123,68,35,137,123,2.253,26.949,0.7,0,0.323,-78.645,-283.261,105.939,-0.286,-36.934,0,"Megu3568",0.067,-18.158,0,"Fresh825",-19.718,-46.962,69,"하루（Haru）",-13.793,-62.903,0,"なおｐ--",21.861,-48.502,0,"schmoneymikey",13.194,-63.394,0,"Muna_328",45.48,-93.365,0,"うよすま",4.852,-116.571,0,"Sabo_10",-37.295,-95.172,108,3230.269,-11.476,-43.192,3232.523,8,"Sabo_10",-32.426,-84.567,1,0,,,,,65,2
33,2,1,6,0,0,0,0,1,0,0,5,255,255,20,3258.741,"Dοpi",R,27,74,126,-1.918,0.267,0.062,1.842,-0.931,1.648,-36.235,51.524,95,5,0,1,0,62.523,-126.419,-0.001,0,0,0,1,4,L,"쟈가리코",190,82,0.501,0,76,W,Y,0,0,0,0,0,0,0,0,0,0,0,0,0,0,0,0,-0.159,-37.395,0,"Megu3568",-1.988,-21.06,0,"Fresh825",-18.804,-39.71,0,"하루（Haru）",-12.044,-63.314,0,"なおｐ--",21.322,-47.8,0,"schmoneymikey",11.704,-63.581,0,"Muna_328",49.533,-97.244,0,"うよすま",6.062,-123.799,0,"Sabo_10",-44.014,-96.265,0,0,0,0,0,0,"",0,0,0,2,3260.298,,,,0,0
34,2,1,6,0,1,0,0,1,0,0,5,255,255,21,3281.435,"Dοpi",R,34,75,126,-1.274,0.916,0.072,1.867,-0.679,2.11,-36.235,53.728,95,5,0,2,0,81.992,-70.787,-0.692,0,0,1,1,4,L,"쟈가리코",190,82,0.501,3,76,W,Y,3282.646,189,88,50,70,28,136,96,110.835,68.896,0.93,0,0.39,18.795,-263.022,56.325,-0.28,-37.116,0,"Megu3568",-0.329,-18.972,0,"Fresh825",-18.704,-40.077,0,"하루（Haru）",-12.79,-60.783,0,"なおｐ--",21.416,-48.08,0,"schmoneymikey",13.258,-63.121,0,"Muna_328",49.589,-97.361,0,"うよすま",7.771,-125.047,0,"Sabo_10",-47.107,-100.734,0,3288.182,64.583,11.458,0,0,"",0,0,0,0,,,,,0,3
35,2,1,6,0,1,1,0,1,0,0,5,255,255,22,3303.608,"Dοpi",R,10,84,125,-2.556,-2.162,0.04,1.501,-1.009,0.66,-36.235,32.6,55,45,0,1,0,-70.227,394.835,-0.308,-0.506,-19.57,0,1,4,L,"쟈가리코",190,82,0.501,0,76,W,Y,0,0,0,0,0,0,0,0,0,0,0,0,0,0,0,0,-0.283,-37.229,0,"Megu3568",-0.552,-22.664,0,"Fresh825",-18.725,-40.065,0,"하루（Haru）",-4.897,-60.425,0,"なおｐ--",22.079,-47.839,0,"schmoneymikey",12.726,-64.173,0,"Muna_328",49.952,-97.701,0,"うよすま",7.263,-124.003,0,"Sabo_10",-45.527,-99.639,0,0,0,0,0,0,"",0,0,0,0,3305.269,3307.255,,,0,0
36,2,1,6,0,2,1,0,0,1,0,255,5,255,23,3332.6,"Dοpi",R,27,72,124,-2.139,0.462,0.015,1.865,-1.005,1.772,-36.235,48.144,98,2,0,2,0,48.001,-121.8,-1.277,0,0,0,1,4,L,"쟈가리코",190,82,0.501,3,76,W,Y,3333.732,248,134,74,43,66,138,130,15.635,-34.721,0.53,0,0.583,253.036,-16.227,-89.03,-0.33,-36.988,0,"Megu3568",-0.342,-18.35,0,"Fresh825",-20.212,-46.863,0,"하루（Haru）",-13.455,-60.863,81,"なおｐ--",20.239,-46.356,0,"schmoneymikey",13.876,-62.874,0,"Muna_328",49.907,-98.503,94,"うよすま",10.453,-125.975,0,"Sabo_10",-45.893,-98.222,0,0,0,0,3337.749,6,"Muna_328",54.763,-98.254,0,0,,3338.201,,,48,1
37,2,1,6,0,0,0,1,0,1,0,255,5,255,24,3371.182,"Dοpi",R,27,84,137,-1.092,-0.507,0.11,1.682,-0.601,1.159,-36.235,40.377,99,1,0,2,0,91.585,-147.773,-0.11,0,0,1,2,0,L,"わだ、、",190,85,0.528,3,75,W,Y,3372.318,255,34,116,28,7,145,91,-10.51,-37.049,-0.76,0,0.502,-81.232,-358.899,391.709,-0.147,-36.801,0,"Megu3568",-0.299,-18.12,0,"Fresh825",-18.029,-43.653,71,"하루（Haru）",-11.778,-61.385,0,"なおｐ--",20.203,-46.462,120,"schmoneymikey",13.155,-62.689,0,"Muna_328",52.065,-101.526,0,"うよすま",8.372,-125.903,0,"Sabo_10",-41.321,-100.668,0,3372.686,2.364,-22.4,3374.236,4,"なおｐ--",15.911,-42.232,0,0,,3375.085,,,68,2
38,2,1,6,0,0,0,2,0,1,0,255,5,255,25,3404.717,"Dοpi",R,27,80,130,2.347,0.121,0.38,1.77,0.91,1.582,-36.235,51.058,98,2,0,2,0,71.463,-105.864,-1.005,0,0,1,3,1,R,"encounter v",190,84.791,0.423,3,75,W,Y,3405.722,255,186,122,151,79,145,88,62.01,-56.991,-0.95,0,0.329,443.886,-382.028,3.169,-0.014,-36.652,0,"Megu3568",0.306,-17.792,0,"Fresh825",-22.034,-45.882,0,"하루（Haru）",-16.907,-60.792,0,"なおｐ--",19.161,-46.056,0,"schmoneymikey",7.69,-65.514,0,"Muna_328",47.514,-103.925,0,"うよすま",-5.21,-118.41,0,"Sabo_10",-47.581,-99.607,0,3411.353,56.171,-45.887,0,0,"",0,0,0,0,,3412.139,,,0,3
39,2,1,6,0,0,1,2,0,1,0,255,5,255,26,3433.224,"Dοpi",R,34,73,124,4.363,1.184,0.429,1.908,1.64,2.335,-36.235,77.09,88,12,0,3,0,72.777,-66.497,-1.604,-0.411,-20.836,0,3,1,R,"encounter v",190,84.791,0.423,0,42,W,Y,0,0,0,0,0,0,0,0,0,0,0,0,0,0,0,0,0.043,-37.032,0,"Megu3568",0.291,-17.679,0,"Fresh825",-22.907,-46.506,0,"하루（Haru）",-17.444,-61.821,0,"なおｐ--",19.67,-45.983,0,"schmoneymikey",8.218,-65.421,0,"Muna_328",46.064,-93.43,0,"うよすま",-4.34,-120.951,0,"Sabo_10",-46.595,-99.066,0,0,0,0,0,0,"",0,0,0,0,3438.29,3437.252,,,0,6
40,2,1,6,0,0,0,2,1,1,0,1,5,255,27,3465.192,"Dοpi",R,28,84,136,-0.466,-0.851,0.185,1.618,-0.315,1.012,-36.235,43.315,96,4,0,0,0,79.015,-99.117,0.37,0,0,0,4,7,R,"ByeolBam",175,90,0.5,0,74,W,Y,0,0,0,0,0,0,0,0,0,0,0,0,0,0,0,0,-0.126,-37.228,0,"Megu3568",-1.933,-21.665,0,"Fresh825",-21.939,-45.475,0,"하루（Haru）",-17.045,-61.834,0,"なおｐ--",20.008,-44.55,0,"schmoneymikey",5.988,-64.767,0,"Muna_328",41.476,-100.66,0,"うよすま",-3.733,-117.279,0,"Sabo_10",-53.278,-101.405,0,0,0,0,0,0,"",0,0,0,0,3466.603,3467.623,,,0,0
41,2,1,6,0,0,1,2,1,1,0,1,5,255,28,3484.752,"Dοpi",R,13,75,117,-0.427,-0.296,0.272,1.787,0.267,1.728,-36.235,57.166,96,4,0,2,0,-282.88,242.304,0.441,0,0,1,4,7,R,"ByeolBam",175,90,0.5,3,74,W,Y,3485.679,232,144,117,99,69,145,93,-30,4.333,0.95,0,0.299,-213.86,-141.457,-162.633,-0.287,-37,0,"Megu3568",-0.366,-18.124,0,"Fresh825",-21.809,-43.417,0,"하루（Haru）",-15.728,-62.115,0,"なおｐ--",20.278,-46.602,0,"schmoneymikey",7.877,-65.907,88,"Muna_328",41.499,-100.67,0,"うよすま",-3.705,-117.6,0,"Sabo_10",-50.527,-104.134,0,3485.944,-0.168,-21.878,3488.652,5,"schmoneymikey",1.67,-58.789,0,16,,3489.707,3490.316,,196,2
42,2,0,6,0,0,0,0,0,0,0,255,255,255,12,3541.955,"わだ、、",R,26,81,131,0.607,2.242,0.251,1.827,0.239,2.658,-36.29,35.845,100,0,0,1,0,15.017,-200,4.979,0,0,0,5,3,L,"하루（Haru）",169.7,85.172,0.403,0,73,W,Y,0,0,0,0,0,0,0,0,0,0,0,0,0,0,0,0,0.568,-37.285,0,"encounter v",-0.035,-17.396,0,"Riyaj",-19.852,-46.036,0,"muyang_",-15.315,-63.45,0,"쟈가리코",23.049,-50.467,0,"shimenawa",12.395,-64.048,0,"_송글_",40.133,-91.292,0,"ByeolBam",0.45,-108.675,0,"ddil_ddil69",-42.997,-92.857,0,0,0,0,0,0,"",0,0,0,0,3543.694,,,,0,0
43,2,0,6,0,1,0,0,0,0,0,255,255,255,13,3557.229,"わだ、、",R,13,72,100,-0.66,0.788,0.333,1.961,0.37,2.603,-36.29,43.955,100,0,0,0,0,-330.582,343.17,-8.044,0,0,0,5,3,L,"하루（Haru）",169.7,85.172,0.403,0,73,W,Y,0,0,0,0,0,0,0,0,0,0,0,0,0,0,0,0,0.407,-37.521,0,"encounter v",0.012,-17.384,0,"Riyaj",-20.657,-46.518,0,"muyang_",-18.035,-65.98,0,"쟈가리코",20.331,-46.877,0,"shimenawa",10.701,-64.379,0,"_송글_",40.387,-91.681,0,"ByeolBam",0.397,-108.662,0,"ddil_ddil69",-42.902,-92.645,0,0,0,0,0,0,"",0,0,0,0,3559.107,,,,0,0
44,2,0,6,0,1,1,0,0,0,0,255,255,255,14,3574.154,"わだ、、",R,0,83,120,2.046,0.027,0.483,1.534,0.877,1.616,-36.29,31.322,70,30,0,2,0,0,0,-11.27,0,0,1,5,3,L,"하루（Haru）",169.7,85.172,0.403,3,73,W,Y,3575.327,255,191,80,102,69,145,125,0.666,-37.824,0.58,0,0.245,248.639,92.165,-503.635,-0.053,-36.678,0,"encounter v",0.098,-17.689,0,"Riyaj",-20.33,-46.15,74,"muyang_",-14.848,-64.928,0,"쟈가리코",20.253,-46.783,115,"shimenawa",13.279,-63.536,0,"_송글_",40.38,-91.716,0,"ByeolBam",0.364,-108.661,0,"ddil_ddil69",-43.347,-92.382,0,3576.277,14.653,-39.261,3576.869,4,"쟈가리코",19.66,-45.525,0,0,,,,,38,2
45,2,0,6,0,0,0,1,0,0,0,255,255,255,15,3600.698,"わだ、、",R,26,94,140,-0.651,0.516,0.124,1.587,-0.353,1.772,-36.29,16.777,53,47,0,2,0,58.489,-200,6.928,0,0,1,6,2,L,"Fresh825",190.1,80,0.2,3,72,W,Y,3601.728,255,101,151,120,36,145,130,91.48,82.585,0.51,0,0.205,130.39,30.533,15.771,0.102,-36.547,0,"encounter v",-0.173,-17.584,0,"Riyaj",-20.206,-46.129,0,"muyang_",-15.574,-64.754,0,"쟈가리코",25.148,-52.034,0,"shimenawa",14.56,-63.685,0,"_송글_",41.628,-91.094,0,"ByeolBam",6.635,-108.601,0,"ddil_ddil69",-43.894,-93.189,0,0,0,0,0,0,"",0,0,0,0,,,,,4,3
46,2,0,6,0,0,1,1,0,0,0,255,255,255,16,3627.072,"わだ、、",R,13,70,110,-0.74,1.246,0.276,1.932,0.328,2.818,-36.29,40.794,100,0,0,1,0,-370.981,335.221,-9.479,0,0,0,6,2,L,"Fresh825",190.1,80,0.2,0,72,W,Y,0,0,0,0,0,0,0,0,0,0,0,0,0,0,0,0,0.291,-37.165,0,"encounter v",-0.1,-17.341,0,"Riyaj",-20.359,-46.301,0,"muyang_",-15.265,-65.438,0,"쟈가리코",23.641,-52.087,0,"shimenawa",12.291,-64.46,0,"_송글_",40.294,-93.319,0,"ByeolBam",4.795,-109.793,0,"ddil_ddil69",-43.63,-91.357,0,0,0,0,0,0,"",0,0,0,0,3628.815,,,,0,0
47,2,0,6,0,1,1,1,0,0,0,255,255,255,17,3645.268,"わだ、、",R,14,86,110,1.426,-0.538,0.173,1.561,-0.085,1.678,-36.29,16.525,70,30,0,0,0,390.434,312.348,26.531,0,0,1,6,2,L,"Fresh825",190.1,80,0.2,0,72,W,Y,0,0,0,0,0,0,0,0,0,0,0,0,0,0,0,0,0.357,-37.587,0,"encounter v",-0.043,-17.368,0,"Riyaj",-19.614,-45.878,0,"muyang_",-14.952,-64.426,0,"쟈가리코",24.094,-51.911,0,"shimenawa",10.317,-64.044,0,"_송글_",41.15,-93.766,0,"ByeolBam",6.576,-109.697,0,"ddil_ddil69",-43.603,-91.309,0,0,0,0,0,0,"",0,0,0,0,3647.002,,,,0,0
48,2,0,6,0,1,2,1,0,0,0,255,255,255,18,3662.224,"わだ、、",R,10,95,119,0.195,-2.529,0.045,1.182,-0.481,0.859,-36.29,13.989,54,46,0,2,0,0,400,15.584,0,0,1,6,2,L,"Fresh825",190.1,80,0.2,3,72,W,Y,3663.306,162,144,120,148,84,145,130,-2.385,-2.364,0.68,0,0.115,-416.13,-205.541,-93.151,-0.13,-36.663,0,"encounter v",-0.098,-17.596,0,"Riyaj",-19.439,-45.508,85,"muyang_",-16.108,-63.335,0,"쟈가리코",23.929,-51.893,0,"shimenawa",13.106,-64.157,0,"_송글_",40.551,-94.319,0,"ByeolBam",4.482,-110.037,0,"ddil_ddil69",-43.449,-92.254,0,3663.532,-0.067,-22.002,3666.515,7,"ByeolBam",4.386,-95.08,1,0,,,,,52,2
49,2,0,6,0,0,0,1,1,0,0,12,255,255,19,3691.237,"わだ、、",R,26,86,140,-1.37,0.354,0.079,1.545,-0.562,1.636,-36.29,9.58,70,30,0,0,0,-33.408,-200,15.603,0,0,0,7,5,L,"schmoneymikey",175.4,80,0.354,0,71,W,Y,0,0,0,0,0,0,0,0,0,0,0,0,0,0,0,0,0.388,-37.432,0,"encounter v",-0.088,-17.409,0,"Riyaj",-20.249,-42.771,0,"muyang_",-7.872,-58.517,0,"쟈가리코",20.662,-47.356,0,"shimenawa",9.805,-65.057,0,"_송글_",37.754,-87.533,0,"ByeolBam",0.377,-106.569,0,"ddil_ddil69",-40.868,-88.98,0,0,0,0,0,0,"",0,0,0,0,3693.027,,,,0,0
50,2,0,6,0,0,1,1,1,0,0,12,255,255,20,3706.57,"わだ、、",R,26,88,140,0.271,1.217,0.231,1.687,0.145,2.134,-36.29,27.75,100,0,0,4,0,-25.898,-200,1.396,0,0,1,7,5,L,"schmoneymikey",175.4,80,0.354,0,71,W,Y,0,0,0,0,0,0,0,0,0,0,0,0,0,0,0,0,0.099,-36.566,0,"encounter v",-0.044,-17.339,0,"Riyaj",-19.081,-44.215,0,"muyang_",-5.662,-58.836,0,"쟈가리코",21.47,-47.172,0,"shimenawa",10.223,-65.342,0,"_송글_",37.984,-87.817,0,"ByeolBam",0.322,-107.685,0,"ddil_ddil69",-40.424,-88.575,0,0,0,0,0,0,"",0,0,0,0,3708.336,,,,0,0
51,2,0,6,0,0,2,1,1,0,0,12,255,255,21,3721.732,"わだ、、",R,13,76,103,-1.137,0.685,0.288,1.935,0.206,2.474,-36.29,42.82,100,0,0,0,0,-365.589,312.348,-15.415,0,0,0,7,5,L,"schmoneymikey",175.4,80,0.354,0,71,W,Y,0,0,0,0,0,0,0,0,0,0,0,0,0,0,0,0,0.485,-37.07,0,"encounter v",-0.067,-17.407,0,"Riyaj",-19.559,-43.016,0,"muyang_",-5.715,-57.747,0,"쟈가리코",21.074,-47.297,0,"shimenawa",11.301,-65.005,0,"_송글_",37.45,-86.303,0,"ByeolBam",0.057,-107.794,0,"ddil_ddil69",-40.416,-88.589,0,0,0,0,0,0,"",0,0,0,0,3723.624,,,,0,0
52,2,0,6,0,0,0,2,1,0,0,12,255,255,22,3746.887,"わだ、、",R,27,79,129,2.562,1.122,0.377,1.714,1.021,2.128,-36.29,43.72,100,0,0,1,0,68.278,-126.925,-3.305,0,0,0,8,7,R,"うよすま",175.4,85,0.496,0,71,W,Y,0,0,0,0,0,0,0,0,0,0,0,0,0,0,0,0,0.082,-36.982,0,"encounter v",-0.072,-17.401,0,"Riyaj",-21.133,-44.966,0,"muyang_",-16.962,-63.19,0,"쟈가리코",21.003,-47.134,0,"shimenawa",7.155,-64.776,0,"_송글_",38.499,-89.364,0,"ByeolBam",-5.919,-111.422,0,"ddil_ddil69",-45.64,-93.876,0,0,0,0,0,0,"",0,0,0,0,3748.457,,,,0,0
53,2,0,6,0,1,0,2,1,0,0,12,255,255,23,3762.581,"わだ、、",R,26,94,140,-0.842,-0.5,0.11,1.403,-0.419,1.14,-36.29,10.433,54,46,0,0,0,37.111,-200,9.719,0,0,0,8,7,R,"うよすま",175.4,85,0.496,0,71,W,Y,0,0,0,0,0,0,0,0,0,0,0,0,0,0,0,0,0.098,-36.946,0,"encounter v",-0.072,-17.334,0,"Riyaj",-20.44,-43.325,0,"muyang_",-17.247,-63.702,0,"쟈가리코",20.991,-47.126,0,"shimenawa",6.512,-65.305,0,"_송글_",37.286,-89.562,0,"ByeolBam",-4.016,-113.187,0,"ddil_ddil69",-47.757,-95.803,0,0,0,0,0,0,"",0,0,0,0,3764.111,,,,0,0
54,2,0,6,0,1,1,2,1,0,0,12,255,255,24,3777.333,"わだ、、",R,13,90,112,-2.029,-1.745,0.119,1.296,-0.251,1.059,-36.29,11.49,52,48,0,1,0,-365.898,340.762,-20.773,0,0,0,8,7,R,"うよすま",175.4,85,0.496,0,71,W,Y,0,0,0,0,0,0,0,0,0,0,0,0,0,0,0,0,0.125,-37.243,0,"encounter v",-0.502,-17.298,0,"Riyaj",-19.501,-44.651,0,"muyang_",-17.625,-64.404,0,"쟈가리코",20.997,-47.61,0,"shimenawa",9.611,-64.908,0,"_송글_",39.025,-89.29,0,"ByeolBam",-4.005,-113.19,0,"ddil_ddil69",-47.719,-95.665,0,0,0,0,0,0,"",0,0,0,0,3779.002,3802.989,,,0,0
55,2,0,6,0,2,1,2,0,1,0,255,12,255,25,3827.906,"わだ、、",R,27,84,137,0.1,-0.782,0.203,1.373,0.014,1.034,-36.29,11.256,56,44,0,2,0,17.229,-131.04,-0.26,0,0,1,8,7,R,"うよすま",175.4,85,0.496,3,46,W,Y,3828.912,222,75,150,56,0,145,112,-28.181,45.143,0.07,0,0.407,-211.655,251.366,-212.24,0.247,-36.707,0,"encounter v",-0.077,-17.586,0,"Riyaj",-19.279,-44.2,0,"muyang_",-18.401,-64.279,0,"쟈가리코",20.871,-45.871,0,"shimenawa",8.652,-62.769,0,"_송글_",38.226,-87.695,0,"ByeolBam",-4.719,-107.54,0,"ddil_ddil69",-47.599,-94.573,0,3829.148,-1.045,-20.129,3830.64,2,"Riyaj",-18.189,-41.334,0,0,,,3833.582,,96,2
56,3,1,6,0,0,0,0,0,0,0,255,255,255,29,3899.511,"Dοpi",R,33,82,134,-0.642,0.38,0.155,1.769,-0.434,1.759,-36.235,50.03,93,7,0,0,0,109.479,-95.201,1.803,0,0,0,5,2,R,"Riyaj",190,80,0.2,0,70,W,Y,0,0,0,0,0,0,0,0,0,0,0,0,0,0,0,0,-0.28,-36.967,0,"Megu3568",0.005,-18.091,0,"Fresh825",-22.093,-45.962,0,"하루（Haru）",-16.299,-62.255,0,"なおｐ--",21.477,-49.274,0,"schmoneymikey",8.13,-65.551,0,"Muna_328",48.671,-99.812,0,"うよすま",-6.512,-120.736,0,"Sabo_10",-47.458,-98.188,0,0,0,0,0,0,"",0,0,0,0,3900.861,,,,0,0
57,3,1,6,0,0,1,0,0,0,0,255,255,255,30,3916.133,"Dοpi",R,13,85,124,-3.94,-1.927,0.076,1.555,-1.199,0.778,-36.235,35.743,43,57,0,1,0,-342.473,364.297,3.454,0,0,0,5,2,R,"Riyaj",190,80,0.2,0,70,W,Y,0,0,0,0,0,0,0,0,0,0,0,0,0,0,0,0,-0.252,-37.328,0,"Megu3568",-0.084,-18.68,0,"Fresh825",-21.988,-46.182,0,"하루（Haru）",-16.218,-62.181,0,"なおｐ--",21.472,-49.284,0,"schmoneymikey",8.247,-65.444,0,"Muna_328",45.529,-101.88,0,"うよすま",-5.634,-122.411,0,"Sabo_10",-47.635,-99.509,0,0,0,0,0,0,"",0,0,0,0,3917.578,,,,0,0
58,3,1,6,0,0,2,0,0,0,0,255,255,255,31,3944.981,"Dοpi",R,10,91,128,-2.89,-2.529,0.027,1.394,-1.13,0.194,-36.235,28.198,56,44,0,1,0,-96.5,400,2.039,-0.496,-21.47,0,5,2,R,"Riyaj",190,80,0.2,0,44,W,Y,0,0,0,0,0,0,0,0,0,0,0,0,0,0,0,0,-0.208,-36.691,0,"Megu3568",-0.292,-18.754,0,"Fresh825",-21.896,-46.15,0,"하루（Haru）",-18.315,-64.393,0,"なおｐ--",21.808,-49.12,0,"schmoneymikey",7.786,-65.24,0,"Muna_328",42.411,-99.033,0,"うよすま",-6.98,-118.528,0,"Sabo_10",-48.874,-98.743,0,0,0,0,0,0,"",0,0,0,0,3946.382,,,,0,0
59,3,1,6,0,1,2,0,0,0,0,255,255,255,32,3966.267,"Dοpi",R,3,62,110,1.082,0.699,0.342,1.797,0.955,2.073,-36.235,78.604,86,14,0,2,0,-280.381,13.637,0.182,0,0,1,5,2,R,"Riyaj",190,80,0.2,3,44,W,Y,3967.1,255,103,115,104,70,145,115,6.893,-17.613,0.81,0,0.507,-176.417,456.794,333.999,-0.354,-36.652,0,"Megu3568",-0.146,-17.942,0,"Fresh825",-21.954,-46.11,0,"하루（Haru）",-17.139,-62.595,0,"なおｐ--",21.813,-49.132,0,"schmoneymikey",8.493,-65.557,98,"Muna_328",42.496,-98.965,0,"うよすま",-6.492,-120.583,0,"Sabo_10",-49.717,-98.11,0,0,0,0,3969.44,5,"schmoneymikey",11.253,-61.922,0,0,,,,,128,1
60,3,1,6,0,0,0,1,0,0,0,255,255,255,33,3992.433,"Dοpi",R,27,78,128,0.82,-0.208,0.243,1.719,0.235,1.363,-36.235,58.755,98,2,0,2,0,79.116,-111.504,-2.127,0,0,1,6,8,R,"ddil_ddil69",176.3,89.899,0.397,3,69,W,Y,3993.602,255,85,114,96,21,145,87,26.122,26.344,-0.76,0,0.713,31.879,-53.455,418.319,-0.167,-37.078,0,"Megu3568",-0.006,-17.828,0,"Fresh825",-21.377,-46.566,0,"하루（Haru）",-16.839,-62.296,0,"なおｐ--",22.208,-49.36,0,"schmoneymikey",8.39,-65.432,0,"Muna_328",39.501,-100.062,0,"うよすま",-3.839,-119.44,0,"Sabo_10",-47.342,-97.471,92,3997.902,-29.793,-80.116,3998.794,8,"Sabo_10",-32.311,-85.017,1,0,,,,,1,2
61,3,1,6,0,0,0,1,1,0,0,8,255,255,34,4023.745,"Dοpi",R,28,78,128,1.145,-0.497,0.351,1.689,0.388,1.232,-36.235,47.553,97,3,0,2,0,69.056,-73.429,-0.407,0,0,1,7,6,R,"_송글_",174.9,90.478,0.316,3,69,W,Y,4024.755,143,91,65,64,35,138,88,107.145,-67.336,-0.45,0,0.305,381.223,31.145,123.192,-0.52,-37.387,0,"Megu3568",0.146,-18.337,0,"Fresh825",-18.545,-39.916,0,"하루（Haru）",-15.728,-59.307,0,"なおｐ--",21.561,-48.637,0,"schmoneymikey",7.867,-65.334,0,"Muna_328",42.337,-103.781,0,"うよすま",-6.077,-119.895,0,"Sabo_10",-48.079,-95.631,0,4030.257,-52.06,4.775,0,0,"",0,0,0,0,,,,,0,3
62,3,1,6,0,0,1,1,1,0,0,8,255,255,35,4042.464,"Dοpi",R,10,89,128,-6.043,-2.732,-0.211,1.246,-2.625,-1.061,-36.235,22.385,53,47,0,1,0,-0.312,400,3.318,-0.824,-25.541,0,7,6,R,"_송글_",174.9,90.478,0.316,0,51,W,Y,0,0,0,0,0,0,0,0,0,0,0,0,0,0,0,0,-3.724,-37.561,0,"Megu3568",-1.951,-21.606,0,"Fresh825",-18.539,-39.915,0,"하루（Haru）",-16.597,-61.111,0,"なおｐ--",21.538,-48.616,0,"schmoneymikey",8.016,-65.291,0,"Muna_328",41.539,-103.943,0,"うよすま",-6.92,-116.913,0,"Sabo_10",-48.804,-96.251,0,0,0,0,0,0,"",0,0,0,0,4043.999,,,,0,0
63,3,1,6,0,1,1,1,1,0,0,8,255,255,36,4068.732,"Dοpi",R,27,86,139,-0.226,-1.231,0.216,1.553,-0.189,0.781,-36.235,26.01,100,0,0,1,0,63.614,-115.829,1.012,0,0,0,7,6,R,"_송글_",174.9,90.478,0.316,0,51,W,Y,0,0,0,0,0,0,0,0,0,0,0,0,0,0,0,0,-0.038,-36.69,0,"Megu3568",-0.031,-18.175,0,"Fresh825",-18.542,-39.906,0,"하루（Haru）",-16.405,-60.921,0,"なおｐ--",21.932,-49.642,0,"schmoneymikey",5.106,-63.803,0,"Muna_328",41.574,-103.929,0,"うよすま",-8.267,-117.945,0,"Sabo_10",-50.686,-95.394,0,0,0,0,0,0,"",0,0,0,0,4070.257,,,,0,0
64,3,1,6,0,2,1,1,1,0,0,8,255,255,37,4089.611,"Dοpi",R,28,79,129,-0.614,-0.959,0.188,1.609,-0.395,0.948,-36.235,41.428,52,48,0,0,0,84.189,-93.039,0.375,0,0,1,7,6,R,"_송글_",174.9,90.478,0.316,0,51,W,Y,0,0,0,0,0,0,0,0,0,0,0,0,0,0,0,0,-0.197,-37.275,0,"Megu3568",-1.484,-20.76,0,"Fresh825",-18.543,-39.919,0,"하루（Haru）",-15.598,-60.897,0,"なおｐ--",22.44,-49.09,0,"schmoneymikey",6.887,-65.351,0,"Muna_328",41.611,-103.933,0,"うよすま",-6.377,-116.128,0,"Sabo_10",-49.631,-95.075,0,0,0,0,0,0,"",0,0,0,0,4091.082,,,,0,0
65,3,1,6,0,2,2,1,1,0,0,8,255,255,38,4108.298,"Dοpi",R,10,86,131,-0.139,-1.993,0.236,1.581,-0.067,0.737,-36.235,33.321,98,2,0,1,0,-0.171,276.014,1.962,-0.053,-18.758,0,7,6,R,"_송글_",174.9,90.478,0.316,0,51,W,Y,0,0,0,0,0,0,0,0,0,0,0,0,0,0,0,0,0.013,-36.821,0,"Megu3568",0.137,-18.185,0,"Fresh825",-18.544,-39.917,0,"하루（Haru）",-15.401,-60.359,0,"なおｐ--",22.455,-49.091,0,"schmoneymikey",6.627,-65.759,0,"Muna_328",41.683,-104.094,0,"うよすま",-2.928,-117.575,0,"Sabo_10",-46.512,-97.73,0,0,0,0,0,0,"",0,0,0,0,4109.744,,,,0,0
66,3,1,6,0,3,2,1,1,0,0,8,255,255,39,4127.243,"Dοpi",R,22,72,118,2.632,0.779,0.37,1.861,1.398,2.206,-36.235,71.285,93,7,0,1,0,-162.846,129.766,-2.18,0,0,0,7,6,R,"_송글_",174.9,90.478,0.316,0,51,W,Y,0,0,0,0,0,0,0,0,0,0,0,0,0,0,0,0,0.013,-36.888,0,"Megu3568",-0.315,-19.535,0,"Fresh825",-18.541,-39.903,0,"하루（Haru）",-14.646,-59.621,0,"なおｐ--",22.285,-49.485,0,"schmoneymikey",4.303,-63.875,0,"Muna_328",41.631,-103.868,0,"うよすま",-5.546,-119.989,0,"Sabo_10",-46.846,-96.915,0,0,0,0,0,0,"",0,0,0,0,4128.803,4133.088,,,0,5
67,3,1,6,0,0,0,1,1,1,0,6,8,255,40,4153.135,"Dοpi",R,34,69,121,3.537,0.475,0.482,1.816,1.385,1.878,-36.235,68.695,95,5,0,3,0,85.552,-64.028,-1.144,0.785,-21.381,0,8,3,R,"muyang_",171.3,80,0.496,0,68,W,Y,0,0,0,0,0,0,0,0,0,0,0,0,0,0,0,0,0.105,-37.335,0,"Megu3568",0.206,-18.108,0,"Fresh825",-20.167,-42.26,0,"하루（Haru）",-15.097,-58.402,0,"なおｐ--",20.765,-43.452,0,"schmoneymikey",7.183,-64.38,0,"Muna_328",37.667,-95.602,0,"うよすま",-4.1,-112.021,0,"Sabo_10",-45.223,-91.596,0,0,0,0,0,0,"",0,0,0,0,4157.032,4156.535,4169.995,,0,6
68,3,1,6,0,0,0,1,1,1,1,3,6,8,41,4184.379,"Dοpi",R,0,75,126,2.734,0.006,0.528,1.792,1.178,1.593,-36.235,53.602,96,4,0,1,0,-2.304,0,0.486,0,0,0,0,5,L,"shimenawa",175.1,94.778,0.295,0,68,W,Y,0,0,0,0,0,0,0,0,0,0,0,0,0,0,0,0,0.092,-37.487,0,"Megu3568",0.316,-17.996,0,"Fresh825",-20.15,-42.02,0,"하루（Haru）",-13.5,-58.749,0,"なおｐ--",19.31,-41.427,0,"schmoneymikey",13.278,-63.413,0,"Muna_328",42.777,-91.452,0,"うよすま",7.216,-118.234,0,"Sabo_10",-40.312,-98.872,0,0,0,0,0,0,"",0,0,0,0,4186.09,4186.482,,,0,0
69,3,1,6,0,1,0,1,1,1,1,3,6,8,42,4202.901,"Dοpi",R,11,82,126,-0.989,-0.026,0.169,1.856,-0.436,1.855,-36.235,48.461,100,0,0,2,0,0,249.202,0.136,0,0,1,0,5,L,"shimenawa",175.1,94.778,0.295,3,68,W,Y,4204.028,160,63,86,58,15,145,106,17.643,22.793,0.06,0,0.287,104.373,-479.589,48.093,-0.205,-36.88,0,"Megu3568",-0.199,-17.917,0,"Fresh825",-19.274,-43.498,0,"하루（Haru）",-13.324,-58.622,0,"なおｐ--",18.597,-45.531,0,"schmoneymikey",13.217,-63.163,0,"Muna_328",42.821,-91.427,0,"うよすま",7.063,-114.042,115,"Sabo_10",-40.39,-98.263,0,4208.007,-24.861,-98.402,4212.648,7,"うよすま",-30.041,-126.721,1,0,,4210.21,4212.301,4212.748,256,2
70,3,1,8,0,0,0,1,0,1,1,255,5,3,43,4242.453,"Dοpi",R,26,86,139,-4.974,-1.529,0.068,1.821,-0.74,1.63,-36.235,39.226,96,4,0,2,0,73.872,-181.331,2.005,0,0,1,1,4,L,"쟈가리코",190,82,0.501,3,67,W,Y,4243.547,151,70,75,45,11,137,130,27.092,-24.976,0.39,0,0.344,166.732,-492.571,224.805,-0.317,-36.934,0,"Megu3568",-0.349,-18.27,0,"Fresh825",-20.406,-45.641,0,"하루（Haru）",-12.956,-61.038,0,"なおｐ--",19.19,-44.542,0,"schmoneymikey",13.567,-63.4,0,"Muna_328",53.653,-95.199,0,"うよすま",7.749,-120.742,0,"Sabo_10",-44.15,-97.095,0,4249.124,61.042,-120.939,0,0,"",0,0,0,0,4469.065,4242.582,4244.425,4254.168,10,4
71,3,1,11,0,0,0,1,0,0,0,255,255,255,0,4621.138,"Megu3568",R,26,86,139,-4.718,-0.548,-0.246,1.487,-2.073,1.126,-36.94,7.614,58,42,0,3,0,104.475,-200,23.526,-0.005,-20.68,0,2,0,L,"わだ、、",190,85,0.528,0,65,W,Y,0,0,0,0,0,0,0,0,0,0,0,0,0,0,0,0,-0.232,-37.669,0,"Dοpi",-0.109,-17.639,0,"Fresh825",-20.178,-48.136,0,"하루（Haru）",-13.378,-63.314,0,"なおｐ--",22.741,-49.719,0,"schmoneymikey",13.738,-63.974,0,"Muna_328",52.315,-98.533,0,"うよすま",11.587,-123.159,0,"Sabo_10",-42.556,-101.138,0,0,0,0,0,0,"",0,0,0,0,4624.673,,,,0,6
72,3,1,11,0,0,0,1,1,0,0,0,255,255,1,4655.074,"Megu3568",R,33,84,136,-3.396,-0.269,-0.154,1.558,-1.646,1.356,-36.94,3.769,8,92,0,1,0,112.874,-91.088,21.803,0,0,0,3,1,L,"encounter v",190,84.791,0.423,0,65,W,Y,0,0,0,0,0,0,0,0,0,0,0,0,0,0,0,0,-0.101,-37.715,0,"Dοpi",-1.261,-19.209,0,"Fresh825",-18.624,-39.789,0,"하루（Haru）",-11.59,-62.058,0,"なおｐ--",21.629,-47.077,0,"schmoneymikey",12.724,-63.132,0,"Muna_328",49.668,-97.001,0,"うよすま",8.946,-119.293,0,"Sabo_10",-42.87,-100.352,0,0,0,0,0,0,"",0,0,0,0,4656.594,,,,0,0
73,3,1,11,0,1,0,1,1,0,0,0,255,255,2,4677.59,"Megu3568",R,13,73,100,0.889,-0.702,0.541,1.693,1.056,1.746,-36.94,54.43,55,45,0,2,0,-312.926,362.649,-8.618,0,0,1,3,1,L,"encounter v",190,84.791,0.423,3,65,W,Y,4678.595,238,112,79,133,124,145,117,-30,-42.545,0.87,0,0.612,191.057,258.12,12.648,0.05,-37.798,0,"Dοpi",0.038,-17.474,0,"Fresh825",-18.742,-39.688,0,"하루（Haru）",-11.981,-59.555,103,"なおｐ--",21.301,-47.405,116,"schmoneymikey",14.268,-63.705,0,"Muna_328",49.711,-97.046,0,"うよすま",7.976,-121.76,0,"Sabo_10",-45.477,-101.303,0,4678.89,1.253,-21.601,4680.398,4,"なおｐ--",21.105,-43.346,0,8,,4683.026,,,100,2
74,3,0,11,0,0,0,0,0,0,0,255,255,255,26,4808.612,"わだ、、",R,26,89,140,-0.203,1.411,0.182,1.746,-0.084,2.305,-36.29,23.114,100,0,0,4,0,-7.93,-200,12.875,0,0,1,0,8,L,"Sabo_10",185.3,88,0.452,0,72,W,Y,0,0,0,0,0,0,0,0,0,0,0,0,0,0,0,0,0.441,-36.685,0,"encounter v",0.038,-17.356,0,"쟈가리코",-20.872,-47.241,0,"muyang_",-17.295,-63.773,0,"DoYaGee",23.152,-48.5,0,"shimenawa",14.036,-64.27,0,"_송글_",44.391,-95.18,0,"ByeolBam",8.598,-114.635,0,"yumi2012",-46.614,-89.376,0,0,0,0,0,0,"",0,0,0,0,4810.028,,,,0,0
75,3,0,11,0,0,1,0,0,0,0,255,255,255,27,4824.741,"わだ、、",R,13,69,97,-1.175,0.962,0.267,2.099,0.204,2.685,-36.29,62.854,100,0,0,2,0,-344.292,312.348,-5.86,0,0,1,0,8,L,"Sabo_10",185.3,88,0.452,3,72,W,Y,4825.747,197,90,120,92,40,145,89,44.245,39.967,-0.81,0,0.473,596.926,41.08,44.636,0.115,-36.849,0,"encounter v",-0.132,-17.459,0,"쟈가리코",-21.227,-47.569,0,"muyang_",-17.087,-64.716,0,"DoYaGee",23.233,-48.889,0,"shimenawa",14.361,-63.301,57,"_송글_",44.551,-95.393,0,"ByeolBam",4.264,-115.907,0,"yumi2012",-50.708,-95.061,112,4831.165,-47.087,-72.477,4831.603,8,"yumi2012",-46.778,-72.122,1,0,,,,,69,2
76,3,0,11,0,0,0,0,1,0,0,18,255,255,28,4857.457,"わだ、、",R,13,79,105,0.501,-0.055,0.514,1.747,0.884,1.99,-36.29,33.096,100,0,0,0,0,-372.687,312.348,-22.576,0,0,0,1,0,R,"Megu3568",190,85.846,0.405,0,64,W,Y,0,0,0,0,0,0,0,0,0,0,0,0,0,0,0,0,0.553,-37.444,0,"encounter v",-0.269,-17.659,0,"쟈가리코",-21.316,-43.163,0,"muyang_",-12.636,-60.856,0,"DoYaGee",21.35,-50.388,0,"shimenawa",7.929,-64.493,0,"_송글_",41.87,-91.396,0,"ByeolBam",-2.149,-112.897,0,"yumi2012",-46.199,-91.361,0,0,0,0,0,0,"",0,0,0,0,4859.328,,,,0,0
77,3,0,11,0,0,1,0,1,0,0,18,255,255,29,4876.421,"わだ、、",R,3,84,110,-1.008,-0.137,0.285,1.604,0.264,1.771,-36.29,33.259,100,0,0,0,0,-400.707,188.111,-13.777,0,0,0,1,0,R,"Megu3568",190,85.846,0.405,0,64,W,Y,0,0,0,0,0,0,0,0,0,0,0,0,0,0,0,0,0.18,-37.127,0,"encounter v",-0.454,-17.776,0,"쟈가리코",-21.517,-47.576,0,"muyang_",-16.627,-60.083,0,"DoYaGee",21.428,-50.311,0,"shimenawa",5.943,-64.279,0,"_송글_",42.844,-90.922,0,"ByeolBam",-0.962,-111.519,0,"yumi2012",-46.148,-91.338,0,0,0,0,0,0,"",0,0,0,0,4878.228,,,,0,0
78,3,0,11,0,0,2,0,1,0,0,18,255,255,30,4917.727,"わだ、、",R,26,86,140,0.203,1.488,0.211,1.775,0.051,2.381,-36.29,25.605,100,0,0,2,0,23.583,-200,0.595,0,0,1,1,0,R,"Megu3568",190,85.846,0.405,3,63,W,Y,4918.86,252,100,157,106,31,145,114,-30,46.474,0.9,0,0.586,56.827,-99.935,7.372,0.029,-36.682,0,"encounter v",-0.119,-17.524,0,"쟈가리코",-20.362,-45.34,65,"muyang_",-15.878,-59.374,0,"DoYaGee",21.358,-50.471,0,"shimenawa",11.894,-64.725,0,"_송글_",43.29,-89.391,0,"ByeolBam",-6.623,-113.219,0,"yumi2012",-46.174,-92.032,0,4919.165,-2.608,-21.282,4920.548,2,"쟈가리코",-23.077,-40.808,0,0,,,,,6,2
79,3,0,11,0,0,2,0,1,0,0,18,255,255,31,4940.393,"わだ、、",R,26,80,130,1.714,0.25,0.352,1.531,0.705,1.591,-36.29,20.676,70,30,0,2,0,21.41,-200,0.356,0,0,1,1,0,R,"Megu3568",190,85.846,0.405,3,63,W,Y,4941.563,255,95,164,127,40,145,90,11.384,-25.148,-0.81,0,0.435,262.097,-111.524,16.232,0.372,-36.743,0,"encounter v",-0.06,-17.493,0,"쟈가리코",-21.529,-46.928,113,"muyang_",-13.219,-56.415,73,"DoYaGee",21.38,-50.367,0,"shimenawa",12.499,-65.14,87,"_송글_",40.734,-88.427,109,"ByeolBam",-6.29,-114.297,0,"yumi2012",-47.401,-91.011,0,4944.236,22.993,-66.212,4945.532,6,"_송글_",29.04,-78.113,1,2,,4948.409,4980.038,,391,2
80,3,0,11,0,0,0,2,0,0,0,255,255,255,32,4995.684,"わだ、、",R,26,93,140,1.097,0.825,0.306,1.645,0.495,1.963,-36.29,22.934,100,0,0,2,0,-20.918,-200,-1.212,0,0,1,2,4,R,"なおｐ--",190,90.37,0.405,3,61,W,Y,4996.799,249,87,123,64,30,145,129,2.594,33.314,0.69,0,0.238,132.591,97.528,-39.604,0.226,-36.394,0,"encounter v",-0.047,-17.46,0,"쟈가리코",-23.665,-49.747,0,"muyang_",-16.851,-62.881,0,"DoYaGee",22.151,-50.96,0,"shimenawa",11.374,-65.221,0,"_송글_",40.218,-91.315,0,"ByeolBam",-1.249,-110.559,0,"yumi2012",-47.855,-91.593,0,4998.286,-22.284,-53.015,4998.49,2,"쟈가리코",-20.065,-49.724,0,0,5126.815,,,,10,1
81,4,1,11,0,0,0,0,0,0,0,255,255,255,3,5168.002,"Megu3568",R,27,82,133,-1.116,0.115,0.07,1.614,-0.603,1.529,-36.439,12.687,70,30,0,0,0,80.556,-142.944,12.906,0,0,0,4,7,R,"ByeolBam",175,90,0.5,0,62,W,Y,0,0,0,0,0,0,0,0,0,0,0,0,0,0,0,0,-0.03,-37.462,0,"Dοpi",-0.075,-17.294,0,"Fresh825",-22.592,-47.541,0,"하루（Haru）",-15.222,-63.22,0,"なおｐ--",21.728,-48.678,0,"schmoneymikey",8.301,-65.385,0,"Muna_328",36.958,-96.213,0,"うよすま",-6.89,-118.02,0,"Sabo_10",-46.733,-99.835,0,0,0,0,0,0,"",0,0,0,0,5169.474,,,,0,0
82,4,1,11,0,0,1,0,0,0,0,255,255,255,4,5185.948,"Megu3568",R,13,68,97,2.164,-0.433,0.706,1.783,1.5,1.933,-36.439,54.763,100,0,0,2,0,-318.866,345.319,1.017,0,0,1,4,7,R,"ByeolBam",175,90,0.5,3,62,W,Y,5186.967,243,122,104,74,47,145,100,23.266,24.058,-0.05,0,0.324,31.574,469.519,197.205,0.271,-37.212,0,"Dοpi",0.077,-17.527,0,"Fresh825",-22.708,-47.38,0,"하루（Haru）",-15.445,-63.363,0,"なおｐ--",21.978,-48.966,0,"schmoneymikey",8.188,-65.154,0,"Muna_328",37.03,-96.22,0,"うよすま",-4.049,-116.542,0,"Sabo_10",-47.352,-100.369,108,5191.482,-40.976,-90.863,5191.607,8,"Sabo_10",-39.515,-88.83,0,0,,,,,3,1
83,4,1,11,0,0,0,1,0,0,0,255,255,255,5,5216.142,"Megu3568",R,13,80,106,1.033,-0.268,0.522,1.72,0.997,1.805,-36.439,32.824,100,0,0,0,0,-348.39,309.711,9.623,0,0,0,5,4,R,"DoYaGee",190,80,0.451,0,62,W,Y,0,0,0,0,0,0,0,0,0,0,0,0,0,0,0,0,0.216,-37.745,0,"Dοpi",0.034,-17.308,0,"Fresh825",-22.835,-47.691,0,"하루（Haru）",-15.613,-62.952,0,"なおｐ--",21.975,-48.956,0,"schmoneymikey",6.988,-64.619,0,"Muna_328",39.314,-102.391,0,"うよすま",-5.698,-117.299,0,"Sabo_10",-44.57,-97.88,0,0,0,0,0,0,"",0,0,0,0,5217.828,,,,0,0
84,4,1,11,0,0,1,1,0,0,0,255,255,255,6,5231.664,"Megu3568",R,26,86,139,0.254,0.482,0.187,1.677,-0.059,1.742,-36.439,13.267,56,44,0,0,0,121.981,-200,17.936,0,0,0,5,4,R,"DoYaGee",190,80,0.451,0,62,W,Y,0,0,0,0,0,0,0,0,0,0,0,0,0,0,0,0,0.079,-37.563,0,"Dοpi",-0.04,-17.445,0,"Fresh825",-22.612,-47.624,0,"하루（Haru）",-16.381,-63.055,0,"なおｐ--",22.279,-48.835,0,"schmoneymikey",7.013,-64.645,0,"Muna_328",39.311,-102.4,0,"うよすま",-6.594,-119.71,0,"Sabo_10",-44.2,-97.459,0,0,0,0,0,0,"",0,0,0,0,5233.169,,,,0,0
85,4,1,11,0,0,2,1,0,0,0,255,255,255,7,5249.257,"Megu3568",R,13,84,108,-1.822,-0.897,0.196,1.655,-0.151,1.517,-36.439,18.657,100,0,0,1,0,-348.905,351.731,14.08,0,0,0,5,4,R,"DoYaGee",190,80,0.451,0,32,W,Y,0,0,0,0,0,0,0,0,0,0,0,0,0,0,0,0,0.281,-37.58,0,"Dοpi",-0.329,-17.283,0,"Fresh825",-22.148,-47.28,0,"하루（Haru）",-16.406,-62.775,0,"なおｐ--",22.261,-48.852,0,"schmoneymikey",6.695,-63.756,0,"Muna_328",39.336,-102.192,0,"うよすま",-6.544,-117.266,0,"Sabo_10",-43.025,-96.21,0,0,0,0,0,0,"",0,0,0,0,5250.961,,,,0,0
86,4,1,11,0,1,2,1,0,0,0,255,255,255,8,5268.953,"Megu3568",R,3,82,107,0.774,-0.001,0.584,1.636,1.191,1.624,-36.439,28.329,8,92,0,2,0,-463.956,0,10.271,0,0,1,5,4,R,"DoYaGee",190,80,0.451,3,32,W,Y,5269.972,188,167,63,71,38,138,107,-30,36.908,0.92,0,0.402,523.625,-61.782,119.428,0.002,-37.211,0,"Dοpi",0.136,-17.404,0,"Fresh825",-22.203,-47.21,85,"하루（Haru）",-16.411,-62.824,0,"なおｐ--",22.307,-48.675,0,"schmoneymikey",7.94,-65.528,0,"Muna_328",39.277,-102.247,0,"うよすま",-5.165,-115.923,0,"Sabo_10",-43.551,-97.014,0,5270.315,-1.1,-22.295,5271.978,2,"Fresh825",-20.53,-41.922,0,0,,,,,66,2
87,4,1,11,0,0,0,2,0,0,0,255,255,255,9,5294.791,"Megu3568",R,13,78,104,1.104,-0.762,0.524,1.716,0.942,1.68,-36.439,31.397,100,0,0,0,0,-288.518,396.075,3.554,0,0,1,6,8,R,"yumi2012",174.1,85,0.5,0,62,W,Y,0,0,0,0,0,0,0,0,0,0,0,0,0,0,0,0,0.371,-37.751,0,"Dοpi",0.034,-17.331,0,"Fresh825",-21.948,-46.399,0,"하루（Haru）",-16.208,-62.096,0,"なおｐ--",22.392,-49.239,0,"schmoneymikey",7.47,-65.168,0,"Muna_328",33.001,-94.362,0,"うよすま",-5.997,-112.722,0,"Sabo_10",-45.386,-96.727,0,0,0,0,0,0,"",0,0,0,0,5296.624,,,,0,0
88,4,1,11,0,0,1,2,0,0,0,255,255,255,10,5311.975,"Megu3568",R,29,64,104,-0.972,-0.396,0.203,1.47,0.011,1.231,-36.439,22.386,100,0,0,0,0,-226.446,-134.563,8.246,-0.355,-17.958,1,6,8,R,"yumi2012",174.1,85,0.5,0,62,W,Y,0,0,0,0,0,0,0,0,0,0,0,0,0,0,0,0,-0.031,-37.575,0,"Dοpi",0.072,-17.294,0,"Fresh825",-22.179,-46.524,0,"하루（Haru）",-16.493,-61.573,0,"なおｐ--",22.403,-49.226,0,"schmoneymikey",8.558,-66.29,0,"Muna_328",33.037,-94.436,0,"うよすま",-4.594,-111.699,0,"Sabo_10",-45.373,-96.425,0,0,0,0,0,0,"",0,0,0,0,5315.161,,,,0,0
89,4,1,11,0,0,2,2,0,0,0,255,255,255,11,5330.653,"Megu3568",R,3,82,107,-0.113,-0.101,0.473,1.61,0.848,1.559,-36.439,23.168,6,94,0,0,0,-486.364,0,14.102,0,0,1,6,8,R,"yumi2012",174.1,85,0.5,0,62,W,Y,0,0,0,0,0,0,0,0,0,0,0,0,0,0,0,0,0.318,-37.837,0,"Dοpi",-0.051,-17.434,0,"Fresh825",-21.885,-45.766,0,"하루（Haru）",-16.519,-62.819,0,"なおｐ--",22.39,-49.236,0,"schmoneymikey",7.994,-65.541,0,"Muna_328",33.241,-94.201,0,"うよすま",-4.068,-113.736,0,"Sabo_10",-44.897,-95.978,0,0,0,0,0,0,"",0,0,0,0,5332.474,,,,0,0
90,4,0,11,0,0,0,0,0,0,0,255,255,255,33,5422.079,"わだ、、",R,26,86,140,-0.146,-0.006,0.185,1.486,-0.071,1.446,-36.29,14.099,70,30,0,0,0,0.779,-200,-1.22,0,0,0,3,1,R,"Dοpi",190,90,0.35,0,36,W,Y,0,0,0,0,0,0,0,0,0,0,0,0,0,0,0,0,0.282,-36.899,0,"encounter v",-0.065,-17.411,0,"쟈가리코",-21.347,-48.254,0,"muyang_",-17.2,-63.638,0,"DoYaGee",20.886,-49.963,0,"shimenawa",8.405,-66.025,0,"_송글_",39.613,-89.552,0,"ByeolBam",-2.01,-110.807,0,"yumi2012",-41.707,-86.285,0,0,0,0,0,0,"",0,0,0,0,5423.503,,,,0,0
91,4,0,11,0,0,1,0,0,0,0,255,255,255,34,5438.754,"わだ、、",R,13,90,113,-2.383,-1.216,0.069,1.371,-0.407,1.267,-36.29,13.798,70,30,0,1,0,-368.91,337.499,-17.056,0,0,0,3,1,R,"Dοpi",190,90,0.35,0,36,W,Y,0,0,0,0,0,0,0,0,0,0,0,0,0,0,0,0,0.155,-37.16,0,"encounter v",-0.082,-17.446,0,"쟈가리코",-22.572,-49.472,0,"muyang_",-18.225,-65.168,0,"DoYaGee",20.999,-50.311,0,"shimenawa",8.338,-65.887,0,"_송글_",41.529,-89.552,0,"ByeolBam",-1.889,-110.503,0,"yumi2012",-41.86,-86.335,0,0,0,0,0,0,"",0,0,0,0,5440.353,,,,0,0
92,4,0,11,0,1,1,0,0,0,0,255,255,255,35,5538.768,"わだ、、",R,26,94,140,-0.155,-0.737,0.182,1.355,-0.082,1.021,-36.29,19.776,47,53,0,0,0,6.736,-160.144,0.615,0,0,1,3,1,R,"Dοpi",190,90,0.35,0,36,W,Y,0,0,0,0,0,0,0,0,0,0,0,0,0,0,0,0,0.267,-36.977,0,"encounter v",-0.096,-17.37,0,"쟈가리코",-23.641,-49.736,0,"muyang_",-18.85,-65.197,0,"DoYaGee",21.166,-50.087,0,"shimenawa",11.118,-64.88,0,"_송글_",41.743,-89.918,0,"ByeolBam",-0.83,-108.816,0,"yumi2012",-42.884,-86.849,0,0,0,0,0,0,"",0,0,0,0,5540.228,,,,0,0
93,4,0,11,0,1,2,0,0,0,0,255,255,255,36,5554.704,"わだ、、",R,26,93,140,1.267,0.885,0.308,1.658,0.504,2.004,-36.29,24.32,100,0,0,2,0,29.162,-200,-0.581,0,0,1,3,1,R,"Dοpi",190,90,0.35,3,36,W,Y,5555.472,155,37,34,35,20,105,75,-37.915,24.107,-0.16,0,0.303,-95.159,566.695,-165.997,0.205,-36.783,0,"encounter v",-0.041,-17.515,0,"쟈가리코",-22.934,-48.682,64,"muyang_",-18.231,-63.977,100,"DoYaGee",21.051,-50.063,0,"shimenawa",12.247,-65.079,0,"_송글_",41.598,-89.942,0,"ByeolBam",-0.798,-108.646,0,"yumi2012",-42.896,-86.865,0,5555.844,-0.791,-20.961,5559.132,3,"muyang_",-15.336,-55.093,0,0,,,,,262,2
94,4,0,11,0,0,0,1,0,0,0,255,255,255,37,5585.391,"わだ、、",R,26,92,140,1.347,-0.137,0.323,1.463,0.573,1.356,-36.29,17.674,56,44,0,0,0,2.603,-200,-3.189,0,0,0,4,6,R,"Muna_328",180.4,89.724,0.4,0,61,W,Y,0,0,0,0,0,0,0,0,0,0,0,0,0,0,0,0,0.421,-37.021,0,"encounter v",-0.058,-17.386,0,"쟈가리코",-21.161,-45.676,0,"muyang_",-16.282,-61.683,0,"DoYaGee",21.002,-50.771,0,"shimenawa",7.409,-66.019,0,"_송글_",40.927,-91.102,0,"ByeolBam",-2.848,-108.84,0,"yumi2012",-42.583,-88.486,0,0,0,0,0,0,"",0,0,0,0,5586.895,,,,0,0
95,4,0,11,0,0,1,1,0,0,0,255,255,255,38,5598.982,"わだ、、",R,26,92,140,-1.474,-0.185,0.428,1.634,1.061,1.941,-36.29,28.873,100,0,0,2,0,26.205,-200,-9.855,0,0,1,4,6,R,"Muna_328",180.4,89.724,0.4,3,61,W,Y,5599.867,135,74,137,25,0,140,84,34.275,-41.19,-0.85,0,0.606,254.307,-433.977,-164.13,0.197,-36.768,0,"encounter v",0.028,-17.495,0,"쟈가리코",-21.555,-46.091,0,"muyang_",-16.824,-62.54,0,"DoYaGee",20.962,-50.482,0,"shimenawa",11.204,-65.577,0,"_송글_",42.671,-89.476,89,"ByeolBam",-0.741,-108.328,0,"yumi2012",-42.381,-88.88,0,5604.799,52.047,-66.869,5607.336,6,"_송글_",60.267,-71.648,0,0,,,,,132,2
96,4,0,11,0,0,2,1,0,0,0,255,255,255,39,5629.079,"わだ、、",R,26,90,140,1.689,-0.231,0.346,1.446,0.68,1.3,-36.29,18.493,70,30,0,2,0,34.976,-200,-6.58,0,0,1,4,6,R,"Muna_328",180.4,89.724,0.4,3,96,W,Y,5629.993,251,56,92,0,0,130,79,46.873,-47.044,-0.79,0,0.647,257.099,-359.014,40.432,0.121,-36.624,0,"encounter v",0.06,-17.506,0,"쟈가리코",-21.586,-46.507,0,"muyang_",-15.109,-62.575,0,"DoYaGee",19.576,-47.566,0,"shimenawa",10.979,-65.564,0,"_송글_",39.955,-90.08,0,"ByeolBam",-0.427,-105.19,0,"yumi2012",-41.579,-85.988,0,5635.061,48.132,-56.854,0,0,"",0,0,0,0,,,,,4,3
97,4,0,11,0,0,2,1,0,0,0,255,255,255,40,5656.41,"わだ、、",R,26,93,140,0.892,9.051,0.266,1.613,0.306,1.867,-36.29,21.012,70,30,0,2,0,4.21,-190.695,-4.225,0,0,1,4,6,R,"Muna_328",180.4,89.724,0.4,3,96,W,Y,5657.34,146,114,131,11,0,141,87,35.82,-0.85,-0.72,0,0.693,512.47,31.614,-310.443,-0.06,-36.618,0,"encounter v",0.032,-17.505,0,"쟈가리코",-21.591,-46.521,0,"muyang_",-16.529,-62.708,0,"DoYaGee",23.091,-49.459,0,"shimenawa",12.554,-64.834,0,"_송글_",43.313,-87.409,0,"ByeolBam",1.044,-111.894,91,"yumi2012",-40.417,-85.905,0,5662.799,2.105,-88.444,5663.115,7,"ByeolBam",2.123,-87.925,0,0,,,,,20,1
98,4,0,11,0,0,0,2,0,0,0,255,255,255,41,5687.73,"わだ、、",R,14,87,110,1.844,0.174,0.236,1.755,0.111,2.15,-36.29,27.09,100,0,0,1,0,385.789,318.067,2.267,0,0,0,5,3,L,"하루（Haru）",169.7,85.172,0.403,0,61,W,Y,0,0,0,0,0,0,0,0,0,0,0,0,0,0,0,0,0.378,-37.588,0,"encounter v",-0.027,-17.35,0,"쟈가리코",-20.406,-45.802,0,"muyang_",-17.433,-64.196,0,"DoYaGee",21.094,-45.821,0,"shimenawa",9.976,-65.421,0,"_송글_",37.098,-87.03,0,"ByeolBam",0.114,-108.278,0,"yumi2012",-41.005,-87.019,0,0,0,0,0,0,"",0,0,0,0,5689.54,,,,0,0
99,4,0,11,0,1,0,2,0,0,0,255,255,255,42,5701.12,"わだ、、",R,6,74,104,1.66,1.024,0.23,1.772,0.094,2.191,-36.29,33.163,100,0,0,4,0,325.489,0,-3.367,0,0,1,5,3,L,"하루（Haru）",169.7,85.172,0.403,0,61,W,Y,0,0,0,0,0,0,0,0,0,0,0,0,0,0,0,0,0.083,-36.499,0,"encounter v",-0.007,-17.326,0,"쟈가리코",-20.58,-45.182,0,"muyang_",-16.782,-63.844,0,"DoYaGee",21.068,-45.97,0,"shimenawa",12.587,-63.293,0,"_송글_",39.391,-89.446,0,"ByeolBam",0.342,-105.848,0,"yumi2012",-37.352,-82.489,0,0,0,0,0,0,"",0,0,0,0,5703.036,,,,0,0
100,4,0,11,0,1,1,2,0,0,0,255,255,255,43,5720.097,"わだ、、",R,13,79,105,-1.43,0.505,0.224,1.843,0.075,2.362,-36.29,34.277,100,0,0,2,0,-372.687,312.348,-11.355,0,0,1,5,3,L,"하루（Haru）",169.7,85.172,0.403,3,61,W,Y,5721.282,255,124,63,64,52,139,124,94.707,61.119,0.43,0,0.262,-494.859,-103.5,-323.113,0.165,-36.612,0,"encounter v",-0.101,-17.47,0,"쟈가리코",-20.947,-45.724,0,"muyang_",-16.699,-62.496,0,"DoYaGee",20.755,-46.401,0,"shimenawa",12.745,-64.89,0,"_송글_",39.517,-89.325,0,"ByeolBam",0.347,-105.915,0,"yumi2012",-37.381,-82.502,0,5729.928,31.311,-18.162,0,0,"",0,0,0,0,,,,,4,3
101,4,0,11,0,1,2,2,0,0,0,255,255,255,44,5750.851,"わだ、、",R,14,90,113,1.258,-2.805,0.192,1.124,-0.026,0.624,-36.29,23.14,45,55,0,1,0,329.131,376.395,23.526,0.239,-20.236,0,5,3,L,"하루（Haru）",169.7,85.172,0.403,0,61,W,Y,0,0,0,0,0,0,0,0,0,0,0,0,0,0,0,0,0.097,-36.581,0,"encounter v",0.005,-17.263,0,"쟈가리코",-21.031,-45.786,0,"muyang_",-14.981,-63.476,0,"DoYaGee",22.081,-45.899,0,"shimenawa",12.725,-63.239,0,"_송글_",42.362,-87.384,0,"ByeolBam",2.313,-106.878,0,"yumi2012",-36.938,-82.859,0,0,0,0,0,0,"",0,0,0,0,5752.69,,,,0,0
102,4,0,11,0,2,2,2,0,0,0,255,255,255,45,5765.91,"わだ、、",R,14,88,111,1.362,-0.812,0.178,1.533,-0.069,1.614,-36.29,13.958,58,42,0,2,0,374.627,331.141,15.847,0,0,1,5,3,L,"하루（Haru）",169.7,85.172,0.403,3,61,W,Y,5767.105,255,155,89,117,53,145,114,-30,-32.529,0.82,0,0.25,464.504,-46.811,-254.442,0.319,-37.217,0,"encounter v",0.049,-17.476,0,"쟈가리코",-20.933,-45.822,0,"muyang_",-16.434,-62.725,0,"DoYaGee",22.373,-46.81,102,"shimenawa",14.895,-63.223,0,"_송글_",41.421,-88.447,0,"ByeolBam",0.778,-106.707,0,"yumi2012",-36.846,-82.836,0,5767.461,0.864,-20.812,5769.053,4,"DoYaGee",17.102,-46.319,0,0,,,,,34,2
103,5,1,11,0,0,0,0,0,0,0,255,255,255,12,5822.34,"Megu3568",R,14,62,92,-0.239,-0.091,-0.079,1.899,-0.755,2.216,-36.439,41.118,100,0,0,2,0,284.375,366.594,-3.731,0,0,1,7,6,R,"_송글_",174.9,90.478,0.316,3,60,W,Y,5823.482,91,45,32,56,58,81,64,27.654,52.78,0.94,0,0.448,-249.105,-307.643,-27.292,-0.002,-37.184,0,"Dοpi",0.03,-17.419,0,"Fresh825",-23.027,-47.987,0,"하루（Haru）",-13.911,-63.212,0,"なおｐ--",21.231,-48.097,0,"schmoneymikey",8.695,-65.252,0,"Muna_328",34.85,-97.977,0,"うよすま",-7.236,-117.462,0,"Sabo_10",-52.962,-100.126,0,5826.115,-26.54,-42.68,5826.228,2,"Fresh825",-24.064,-40.451,0,0,,,,,66,1
104,5,1,11,0,0,0,1,0,0,0,255,255,255,13,5849.931,"Megu3568",R,26,73,124,-1.07,-0.645,0.096,1.478,-0.485,1.035,-36.439,19.797,100,0,0,0,0,10.287,-184.897,3.372,0,0,0,8,3,R,"muyang_",171.3,80,0.496,0,60,W,Y,0,0,0,0,0,0,0,0,0,0,0,0,0,0,0,0,-0.268,-37.374,0,"Dοpi",-0.151,-17.418,0,"Fresh825",-21.52,-45.273,0,"하루（Haru）",-16.777,-62.691,0,"なおｐ--",22.092,-49.298,0,"schmoneymikey",8.72,-65.832,0,"Muna_328",31.512,-91.174,0,"うよすま",-4.546,-112.873,0,"Sabo_10",-48.191,-97.329,0,0,0,0,0,0,"",0,0,0,0,5851.682,,,,0,0
105,5,1,11,0,0,1,1,0,0,0,255,255,255,14,5869.662,"Megu3568",R,13,73,112,1.894,-0.548,0.498,1.751,1.34,1.845,-36.439,45.233,100,0,0,1,0,-300.072,399.946,12.065,0,0,0,8,3,R,"muyang_",171.3,80,0.496,0,60,W,Y,0,0,0,0,0,0,0,0,0,0,0,0,0,0,0,0,0.338,-37.75,0,"Dοpi",-0.023,-17.424,0,"Fresh825",-21.445,-45.516,0,"하루（Haru）",-16.769,-62.689,0,"なおｐ--",22.507,-49.416,0,"schmoneymikey",8.643,-65.644,0,"Muna_328",31.57,-91.228,0,"うよすま",-6.025,-112.607,0,"Sabo_10",-48.815,-97.182,0,0,0,0,0,0,"",0,0,0,0,5871.37,,,,0,0
106,5,1,11,0,1,1,1,0,0,0,255,255,255,15,5891.116,"Megu3568",R,32,80,117,0.466,0.087,0.197,1.684,-0.115,1.584,-36.439,20.273,21,79,0,0,0,185.992,-57.209,30.962,0,0,0,8,3,R,"muyang_",171.3,80,0.496,0,60,W,Y,0,0,0,0,0,0,0,0,0,0,0,0,0,0,0,0,0.017,-37.734,0,"Dοpi",-0.046,-17.347,0,"Fresh825",-21.014,-44.949,0,"하루（Haru）",-16.761,-62.674,0,"なおｐ--",22.508,-49.397,0,"schmoneymikey",6.949,-64.937,0,"Muna_328",31.624,-91.39,0,"うよすま",-5.18,-112.289,0,"Sabo_10",-47.79,-97.01,0,0,0,0,0,0,"",0,0,0,0,5892.807,,,,0,0
107,5,1,11,0,1,2,1,0,0,0,255,255,255,16,5926.119,"Megu3568",R,13,82,107,-1.629,-1.026,0.183,1.603,-0.052,1.54,-36.439,15.505,100,0,0,2,0,-352.594,344.396,10.284,0,0,1,8,3,R,"muyang_",171.3,80,0.496,3,60,W,Y,5927.149,255,151,85,89,57,145,111,-30,-1.514,0.89,0,0.248,-138.716,95.078,5.134,0.017,-36.489,0,"Dοpi",-0.281,-17.404,0,"Fresh825",-20.762,-45.461,0,"하루（Haru）",-16.754,-62.678,0,"なおｐ--",22.515,-49.411,0,"schmoneymikey",8.075,-65.736,86,"Muna_328",31.608,-91.286,0,"うよすま",-5.371,-111.59,0,"Sabo_10",-48.58,-96.98,0,5927.511,-0.293,-20.918,5929.857,5,"schmoneymikey",0.776,-61.837,0,0,,,,,194,2
108,5,1,11,0,0,0,2,0,0,0,255,255,255,17,5956.38,"Megu3568",R,14,67,96,0.749,-1.123,0.069,1.592,-0.408,1.518,-36.439,19.322,100,0,0,1,0,333.695,322.183,-0.454,0,0,0,0,5,L,"shimenawa",175.1,94.778,0.295,0,60,W,Y,0,0,0,0,0,0,0,0,0,0,0,0,0,0,0,0,0.262,-37.63,0,"Dοpi",0.09,-17.335,0,"Fresh825",-19.897,-45.593,0,"하루（Haru）",-12.909,-64.025,0,"なおｐ--",22.754,-48.901,0,"schmoneymikey",13.719,-64.173,0,"Muna_328",44.892,-94.689,0,"うよすま",4.511,-116.402,0,"Sabo_10",-39.446,-101.198,0,0,0,0,0,0,"",0,0,0,0,5958.232,,,,0,0
109,5,1,11,0,1,0,2,0,0,0,255,255,255,18,5972.186,"Megu3568",R,26,87,140,-0.794,0.451,0.099,1.661,-0.468,1.691,-36.439,15.488,54,46,0,2,0,89.7,-189.713,21.444,0,0,1,0,5,L,"shimenawa",175.1,94.778,0.295,3,60,W,Y,5973.262,129,76,100,57,10,138,93,23.619,-4.766,-0.18,0,0.273,465.514,-326.982,126.052,0.171,-37.185,0,"Dοpi",-0.149,-17.556,0,"Fresh825",-19.747,-45.41,0,"하루（Haru）",-14.468,-63.506,0,"なおｐ--",22.69,-48.795,0,"schmoneymikey",13.274,-64.093,0,"Muna_328",44.927,-94.533,0,"うよすま",4.051,-116.171,0,"Sabo_10",-39.811,-100.936,0,5978.624,12.319,-103.092,5978.765,7,"うよすま",11.605,-99.844,0,0,,,,,262,1
110,5,0,11,0,0,0,0,0,0,0,255,255,255,46,6031.241,"わだ、、",R,27,93,140,-2.342,-1.256,-0.028,1.26,-1.061,0.716,-36.29,12.532,58,42,0,1,0,30.927,-135.775,3.034,0,0,0,6,2,L,"Fresh825",190.1,80,0.2,0,60,W,Y,0,0,0,0,0,0,0,0,0,0,0,0,0,0,0,0,0.277,-36.78,0,"encounter v",0.168,-17.391,0,"쟈가리코",-21.603,-47.275,0,"muyang_",-15.588,-62.907,0,"DoYaGee",22.268,-46.908,0,"shimenawa",12.084,-64.742,0,"_송글_",41.969,-91.017,0,"ByeolBam",5.74,-112.825,0,"yumi2012",-40.797,-86.793,0,0,0,0,0,0,"",0,0,0,0,6032.89,,,,0,0
111,5,0,11,0,0,0,0,0,0,0,255,255,255,46,6199.127,"わだ、、",R,26,91,140,-1.001,-0.131,0.104,1.462,-0.444,1.367,-36.29,4.755,52,48,0,0,0,3.258,-200,10.356,0,0,1,6,2,L,"Fresh825",190.1,80,0.2,0,60,W,Y,0,0,0,0,0,0,0,0,0,0,0,0,0,0,0,0,0.403,-37.446,0,"encounter v",0.116,-17.302,0,"쟈가리코",-22.669,-48.111,0,"muyang_",-16.275,-63.387,0,"DoYaGee",22.749,-47.476,0,"shimenawa",12.615,-65.14,0,"_송글_",41.465,-91.113,0,"ByeolBam",5.066,-110.753,0,"yumi2012",-39.749,-89.405,0,0,0,0,0,0,"",0,0,0,0,6200.828,,,,0,0
112,5,0,11,0,0,1,0,0,0,0,255,255,255,47,6213.123,"わだ、、",R,13,87,111,-1.322,-0.046,0.222,1.713,0.068,2.005,-36.29,20.231,100,0,0,2,0,-370.017,336.285,-8.156,0,0,1,6,2,L,"Fresh825",190.1,80,0.2,3,60,W,Y,6214.28,180,147,138,94,95,145,91,-47.94,53.636,-0.78,0,0.148,79.364,181.89,59.671,0.219,-37.015,0,"encounter v",-0.129,-17.592,0,"쟈가리코",-21.574,-47.299,0,"muyang_",-17.295,-63.467,0,"DoYaGee",22.67,-47.546,0,"shimenawa",11.925,-65.182,0,"_송글_",42.376,-92.38,0,"ByeolBam",4.806,-111.025,0,"yumi2012",-39.854,-89.296,0,6214.582,-1.374,-21.024,0,0,"",0,0,0,0,,,,,4,3
113,5,0,11,0,0,2,0,0,0,0,255,255,255,48,6232.503,"わだ、、",R,13,85,109,-1.236,-0.138,0.23,1.698,0.094,1.974,-36.29,21.207,100,0,0,0,0,-355.698,348.062,-8.837,0,0,1,6,2,L,"Fresh825",190.1,80,0.2,0,60,W,Y,0,0,0,0,0,0,0,0,0,0,0,0,0,0,0,0,0.04,-36.456,0,"encounter v",-0.009,-17.653,0,"쟈가리코",-22.011,-47.727,0,"muyang_",-19.924,-65.617,0,"DoYaGee",22.972,-47.918,0,"shimenawa",9.781,-65.107,0,"_송글_",46.021,-92.436,0,"ByeolBam",3.74,-109.668,0,"yumi2012",-41.389,-87.338,0,0,0,0,0,0,"",0,0,0,0,6234.324,,,,0,0
114,5,0,11,0,0,0,1,0,0,0,255,255,255,49,6254.586,"わだ、、",R,27,86,140,1.509,-0.061,0.336,1.501,0.632,1.483,-36.29,23.284,61,39,0,1,0,11.18,-100.361,1.956,0,0,0,7,5,L,"schmoneymikey",175.4,80,0.354,0,60,W,Y,0,0,0,0,0,0,0,0,0,0,0,0,0,0,0,0,0.026,-37.119,0,"encounter v",-0.042,-17.421,0,"쟈가리코",-20.552,-45.598,0,"muyang_",-15.984,-64.927,0,"DoYaGee",21.785,-47.154,0,"shimenawa",11.04,-64.565,0,"_송글_",42.709,-90.334,0,"ByeolBam",4.269,-106.94,0,"yumi2012",-40.428,-86.751,0,0,0,0,0,0,"",0,0,0,0,6256.386,,,,0,0
115,5,0,11,0,1,0,1,0,0,0,255,255,255,50,6271.17,"わだ、、",R,26,93,140,-0.77,0.45,0.121,1.56,-0.367,1.691,-36.29,10.662,55,45,0,2,0,20.969,-200,6.226,0,0,1,7,5,L,"schmoneymikey",175.4,80,0.354,3,60,W,Y,6272.278,201,95,102,23,0,141,127,-11.319,-32.176,0.37,0,0.364,-94.563,-466.066,193.637,0.241,-36.564,0,"encounter v",-0.111,-17.564,0,"쟈가리코",-21.161,-46.313,76,"muyang_",-15.341,-63.133,78,"DoYaGee",22.063,-47.578,0,"shimenawa",13.616,-64.353,107,"_송글_",41.589,-89.106,103,"ByeolBam",0.427,-107.872,0,"yumi2012",-39.348,-85.048,0,6272.824,2.796,-24.26,6275.674,6,"_송글_",33.48,-79.034,1,128,,6335.066,,,391,2
116,5,0,11,0,0,0,2,0,0,0,255,255,255,51,6362.255,"わだ、、",R,26,92,140,0.508,-1.421,0.236,1.252,0.166,0.607,-36.29,16.036,50,50,0,1,0,36.845,-200,2.039,0,0,0,8,7,R,"うよすま",175.4,85,0.496,0,45,W,Y,0,0,0,0,0,0,0,0,0,0,0,0,0,0,0,0,0.53,-37.406,0,"encounter v",-0.066,-17.251,0,"쟈가리코",-21.643,-47.925,0,"muyang_",-17.383,-63.077,0,"DoYaGee",23.107,-52.395,0,"shimenawa",8.79,-65.051,0,"_송글_",40.783,-88.423,0,"ByeolBam",-0.969,-103.692,0,"yumi2012",-44.358,-89.33,0,0,0,0,0,0,"",0,0,0,0,6363.853,,,,0,0
117,5,0,11,0,1,0,2,0,0,0,255,255,255,52,6381.6,"わだ、、",R,13,73,100,0.656,-0.08,0.519,1.723,0.988,2.059,-36.29,34.981,100,0,0,0,0,-354.94,312.348,-20.639,0,0,0,8,7,R,"うよすま",175.4,85,0.496,0,45,W,Y,0,0,0,0,0,0,0,0,0,0,0,0,0,0,0,0,0.513,-37.342,0,"encounter v",-0.077,-17.228,0,"쟈가리코",-21.321,-47.68,0,"muyang_",-17.494,-63.67,0,"DoYaGee",22.957,-52.244,0,"shimenawa",9.234,-65.078,0,"_송글_",41.826,-88.936,0,"ByeolBam",-0.991,-103.612,0,"yumi2012",-43.372,-88.313,0,0,0,0,0,0,"",0,0,0,0,6383.453,,,,0,0
118,5,0,11,0,1,1,2,0,0,0,255,255,255,53,6398.603,"わだ、、",R,26,80,130,1.211,1.814,0.31,1.788,0.513,2.487,-36.29,32.746,100,0,0,1,0,3.058,-172.925,-4.8,0,0,0,8,7,R,"うよすま",175.4,85,0.496,0,45,W,Y,0,0,0,0,0,0,0,0,0,0,0,0,0,0,0,0,0.538,-37.231,0,"encounter v",-0.076,-17.263,0,"쟈가리코",-21.924,-46.706,0,"muyang_",-17.232,-64.305,0,"DoYaGee",21.909,-51.729,0,"shimenawa",8.768,-66.336,0,"_송글_",41.859,-88.929,0,"ByeolBam",-0.541,-103.613,0,"yumi2012",-43.426,-88.321,0,0,0,0,0,0,"",0,0,0,0,6400.24,,,,0,0
119,5,0,11,0,2,1,2,0,0,0,255,255,255,54,6414.198,"わだ、、",R,13,79,104,0.35,0.492,0.469,1.856,0.833,2.369,-36.29,40.863,100,0,0,0,0,-363.158,320.093,-14.177,0,0,1,8,7,R,"うよすま",175.4,85,0.496,0,45,W,Y,0,0,0,0,0,0,0,0,0,0,0,0,0,0,0,0,0.432,-37.339,0,"encounter v",-0.067,-17.223,0,"쟈가리코",-22.118,-47.53,0,"muyang_",-17.677,-63.376,0,"DoYaGee",21.906,-52.005,0,"shimenawa",9.525,-65.73,0,"_송글_",40.733,-89.62,0,"ByeolBam",-0.539,-103.554,0,"yumi2012",-43.555,-88.448,0,0,0,0,0,0,"",0,0,0,0,6415.919,,,,0,0
120,5,0,11,0,2,2,2,0,0,0,255,255,255,55,6429.284,"わだ、、",R,28,88,140,-0.321,-0.609,0.164,1.413,-0.166,1.175,-36.29,9.538,58,42,0,2,0,16.373,-89.69,1.702,0,0,1,8,7,R,"うよすま",175.4,85,0.496,3,45,W,Y,6430.228,190,66,119,49,0,145,123,-30,39.001,0.24,0,0.342,-369.934,225.058,-332.89,0.075,-36.512,0,"encounter v",-0.182,-17.773,0,"쟈가리코",-22.199,-48.015,0,"muyang_",-17.067,-62.896,0,"DoYaGee",22.027,-51.869,0,"shimenawa",12.26,-65.12,0,"_송글_",43.036,-87.688,0,"ByeolBam",-0.489,-104.921,0,"yumi2012",-43.512,-88.494,0,6430.565,-0.94,-20.192,6431.928,2,"쟈가리코",-20.436,-44.131,0,0,,,,,6,2
