id,inn,half,scoreA,scoreB,ball,strk,out,b1,b2,b3,b1Idx,b2Idx,b3Idx,pCnt,pSec,pName,pHand,pType,pPow,spdK,zoneX,zoneY,startX,startY,targetX,targetY,zDist,pitchAngle,pOver,pSide,pUnder,call,balk,sH,sV,gyro,plx,plz,bSwing,bIdx,bPos,bZone,bName,bHCm,batLen,batCen,batType,bFps,bOS,bVR,hSec,rotS,rotL,shS,lgS,prepS,batSpd,ev,ldeg,sdeg,hPos,buntGrip,handDist,angVeloX,angVeloY,angVeloZ,PPosX,PPosY,PThrSpd,CName,CPosX,CPosY,CThrSpd,1BName,1BPosX,1BPosY,1BThrSpd,2BName,2BPosX,2BPosY,2BThrSpd,3BName,3BPosX,3BPosY,3BThrSpd,SSName,SSPosX,SSPosY,SSThrSpd,LFName,LFPosX,LFPosY,LFThrSpd,CFName,CFPosX,CFPosY,CFThrSpd,RFName,RFPosX,RFPosY,RFThrSpd,ltSec,lx,lz,cSec,cPos,cPlr,cx,cz,1BSafe,tag,cpSec,sb2Sec,sb3Sec,sbhSec,ass,result
1,1,1,0,0,0,0,0,0,0,0,255,255,255,0,1642.111,"Muna_328",R,27,78,128,-1.31,1.568,0.101,2.391,-0.558,2.352,-36.685,66.817,81,16,3,1,0,-11.847,-121.079,13.742,0,0,0,0,8,L,"NABIMan",175,84.228,0.48,0,89,W,Y,0,0,0,0,0,0,0,0,0,0,0,0,0,0,0,0,0.2,-37.126,0,"Megu3568",-0.291,-18.099,0,"濃いめのラー油",-21.241,-46.302,0,"Fresh825",-12.668,-65.605,0,"하루（Haru）",20.192,-46.617,0,"schmoneymikey",15.052,-63.79,0,"Sabo_10",45.874,-94.465,0,"うよすま",6.061,-115.321,0,"Dοpi",-37.032,-99.684,0,0,0,0,0,0,"",0,0,0,0,1643.304,,,,0,0
2,1,1,0,0,1,0,0,0,0,0,255,255,255,1,1656.233,"Muna_328",R,26,88,140,-2.269,-0.844,0.023,2.038,-0.824,0.909,-36.685,28.624,90,8,3,1,0,-125.713,-189.991,31.517,0,0,0,0,8,L,"NABIMan",175,84.228,0.48,0,89,W,Y,0,0,0,0,0,0,0,0,0,0,0,0,0,0,0,0,0.204,-37.516,0,"Megu3568",-0.279,-18.265,0,"濃いめのラー油",-21.235,-46.258,0,"Fresh825",-12.584,-65.507,0,"하루（Haru）",19.349,-46.338,0,"schmoneymikey",14.981,-63.821,0,"Sabo_10",46.409,-93.914,0,"うよすま",8.2,-115.623,0,"Dοpi",-34.299,-94.788,0,0,0,0,0,0,"",0,0,0,0,1657.395,,,,0,0
3,1,1,0,0,2,0,0,0,0,0,255,255,255,2,1674.724,"Muna_328",R,14,60,103,-1.044,-0.51,-0.02,2.326,-1.024,1.922,-36.685,46.799,100,0,0,0,0,280.377,400,-2.13,0,0,0,0,8,L,"NABIMan",175,84.228,0.48,0,89,W,Y,0,0,0,0,0,0,0,0,0,0,0,0,0,0,0,0,0.271,-37.636,0,"Megu3568",-0.288,-18.167,0,"濃いめのラー油",-21.252,-46.315,0,"Fresh825",-12.7,-65.548,0,"하루（Haru）",20.008,-45.835,0,"schmoneymikey",13.806,-63.64,0,"Sabo_10",45.498,-93.36,0,"うよすま",7.121,-110.681,0,"Dοpi",-33.898,-96.308,0,0,0,0,0,0,"",0,0,0,0,1676.118,,,,0,0
4,1,1,0,0,2,1,0,0,0,0,255,255,255,3,1693.639,"Muna_328",R,14,56,88,2.365,-1.055,0.285,2.028,0.263,1.603,-36.685,25.973,97,3,0,4,0,309.419,316.869,4.775,0,0,1,0,8,L,"NABIMan",175,84.228,0.48,0,89,W,Y,0,0,0,0,0,0,0,0,0,0,0,0,0,0,0,0,0.342,-37.044,0,"Megu3568",0.329,-17.987,0,"濃いめのラー油",-21.139,-46.387,0,"Fresh825",-11.939,-65.059,0,"하루（Haru）",21.286,-46.832,0,"schmoneymikey",12.645,-64.032,0,"Sabo_10",46.832,-93.834,0,"うよすま",8.055,-109.824,0,"Dοpi",-33.843,-96.219,0,0,0,0,0,0,"",0,0,0,0,1695.164,,,,0,0
5,1,1,0,0,2,2,0,0,0,0,255,255,255,4,1712.904,"Muna_328",R,27,87,140,-1.327,0.627,0.101,2.301,-0.461,1.835,-36.685,47.468,82,13,6,2,0,-87.5,-107.453,13.711,0,0,1,0,8,L,"NABIMan",175,84.228,0.48,3,89,W,Y,1713.854,164,86,79,84,0,145,85,-35.52,15.31,-0.84,0,0.529,-291.625,-520.199,65.935,-0.02,-36.563,0,"Megu3568",-0.228,-17.956,0,"濃いめのラー油",-21.216,-46.195,91,"Fresh825",-12.739,-64.761,105,"하루（Haru）",21.275,-46.862,0,"schmoneymikey",13.126,-63.996,0,"Sabo_10",46.894,-94.911,0,"うよすま",7.849,-114.081,0,"Dοpi",-33.626,-95.615,0,1713.849,-0.446,-21.294,1716.364,3,"Fresh825",-9.455,-55.206,0,0,,,,,280,2
6,1,1,0,0,0,0,1,0,0,0,255,255,255,5,1743.084,"Muna_328",R,14,59,90,2.038,-0.496,0.286,2.316,0.268,1.796,-36.685,46.362,96,4,0,2,0,298.09,342.436,0.285,0,0,1,1,2,L,"ʚEveɞ",190,85.27,0.396,3,87,W,Y,1744.17,255,143,154,102,53,145,106,9.142,-45.144,0.91,0,0.698,91.995,192.873,-55.052,0.184,-36.855,0,"Megu3568",0.408,-17.979,0,"濃いめのラー油",-21.143,-46.988,76,"Fresh825",-13.726,-64.949,0,"하루（Haru）",20.949,-46.868,114,"schmoneymikey",14.032,-63.773,0,"Sabo_10",47.274,-99.216,0,"うよすま",5.948,-119.74,0,"Dοpi",-34.667,-96.158,0,0,0,0,1745.679,4,"하루（Haru）",21.1,-42.558,0,0,,,,,56,1
7,1,1,0,0,0,0,2,0,0,0,255,255,255,6,1769.998,"Muna_328",R,13,79,116,-2.232,-1.483,0.068,2.045,-0.614,0.99,-36.685,25.636,91,9,0,1,0,-303.811,397.114,39.397,-0.478,-21.199,0,2,4,R,"인생최패망자",190,80,0.349,0,87,W,Y,0,0,0,0,0,0,0,0,0,0,0,0,0,0,0,0,0.071,-37.092,0,"Megu3568",-0.236,-18.416,0,"濃いめのラー油",-22.66,-47.256,0,"Fresh825",-16.497,-63.11,0,"하루（Haru）",20.032,-49.83,0,"schmoneymikey",8.284,-66.326,0,"Sabo_10",41.262,-95.29,0,"うよすま",-8.742,-122.969,0,"Dοpi",-49.948,-98.119,0,0,0,0,0,0,"",0,0,0,0,1774.933,,,,0,0
8,1,1,0,0,1,0,2,0,0,0,255,255,255,7,1792.297,"Muna_328",R,13,81,118,-1.866,-1.714,0.165,2.017,-0.163,0.9,-36.685,24.387,88,12,0,1,0,-382.92,321.515,13.994,0,0,0,2,4,R,"인생최패망자",190,80,0.349,0,87,W,Y,0,0,0,0,0,0,0,0,0,0,0,0,0,0,0,0,0.064,-37.236,0,"Megu3568",-0.2,-17.746,0,"濃いめのラー油",-22.671,-47.226,0,"Fresh825",-16.498,-63.132,0,"하루（Haru）",20.141,-49.864,0,"schmoneymikey",8.25,-66.257,0,"Sabo_10",38.888,-97.438,0,"うよすま",-6.142,-123.198,0,"Dοpi",-50.712,-98.009,0,0,0,0,0,0,"",0,0,0,0,1793.724,,,,0,0
9,1,1,0,0,2,0,2,0,0,0,255,255,255,8,1812.118,"Muna_328",R,27,87,140,-1.066,-0.41,0.122,2.111,-0.363,1.202,-36.685,36.148,85,12,3,2,0,-76.95,-144.699,20.978,0,0,1,2,4,R,"인생최패망자",190,80,0.349,3,87,W,Y,1813.141,216,135,103,91,45,145,120,14.704,-2.421,0.76,0,0.387,112.766,198.898,81.672,0.025,-36.631,0,"Megu3568",-0.224,-17.686,0,"濃いめのラー油",-22.696,-47.06,0,"Fresh825",-16.299,-62.984,0,"하루（Haru）",20.237,-49.994,0,"schmoneymikey",8.033,-66.372,0,"Sabo_10",38.838,-97.349,0,"うよすま",-7.166,-121.27,115,"Dοpi",-51.676,-98.064,0,0,0,0,1817.214,7,"うよすま",0.211,-113.603,0,0,1847.27,,,,9,1
10,1,0,0,0,0,0,0,0,0,0,255,255,255,0,1988.793,"白霜らいふ",R,26,90,140,1.224,-0.463,0.217,1.319,0.553,1.159,-36.592,12.706,53,47,0,0,0,-49.557,-200,66.561,0,0,0,0,7,R,"うよすま",175.4,85,0.568,0,84,W,Y,0,0,0,0,0,0,0,0,0,0,0,0,0,0,0,0,0.346,-37.007,0,"P0TA0",0.068,-16.904,0,"ʚEveɞ",-21.495,-48.579,0,"Ѕeyeon",-17.244,-62.909,0,"인생최패망자",18.215,-47.066,0,"ibqrqki",10.614,-65.387,0,"あおいぬ",39.484,-101.7,0,"カズティー",0.085,-116.065,0,"NABIMan",-47.628,-92.078,0,0,0,0,0,0,"",0,0,0,0,1989.977,,,,0,0
11,1,0,0,0,0,1,0,0,0,0,255,255,255,1,2004.535,"白霜らいふ",R,10,94,118,0.892,-2.375,0.309,1.59,0.379,0.731,-36.592,18.991,44,56,0,4,0,0,400,21.949,0.16,-19.845,1,0,7,R,"うよすま",175.4,85,0.568,0,84,W,Y,0,0,0,0,0,0,0,0,0,0,0,0,0,0,0,0,0.395,-37.182,0,"P0TA0",0.117,-16.648,0,"ʚEveɞ",-21.699,-48.454,0,"Ѕeyeon",-17.774,-64.028,0,"인생최패망자",18.334,-47.239,0,"ibqrqki",10.407,-65.529,0,"あおいぬ",39.516,-101.738,0,"カズティー",0.062,-112.281,0,"NABIMan",-47.662,-92.294,0,0,0,0,0,0,"",0,0,0,0,2005.802,,,,0,0
12,1,0,0,0,0,2,0,0,0,0,255,255,255,2,2021.272,"白霜らいふ",R,3,76,104,-2.946,-0.928,0.453,1.812,-0.549,1.21,-36.592,46.077,96,4,0,4,0,-374.475,89.739,-9.855,-0.996,-16.4,1,0,7,R,"うよすま",175.4,85,0.568,0,84,W,Y,0,0,0,0,0,0,0,0,0,0,0,0,0,0,0,0,0.41,-37.216,0,"P0TA0",0.244,-19.122,0,"ʚEveɞ",-21.377,-48.309,0,"Ѕeyeon",-17.624,-63.953,0,"인생최패망자",18.373,-46.778,0,"ibqrqki",10.547,-65.323,0,"あおいぬ",39.47,-101.679,0,"カズティー",0.118,-112.312,0,"NABIMan",-48.241,-94.708,0,0,0,0,0,0,"",0,0,0,1,2022.664,,,,0,0
13,1,0,0,0,0,0,1,0,0,0,255,255,255,3,2044.215,"白霜らいふ",R,33,100,140,1.002,-0.875,0.139,1.306,0.347,0.953,-36.592,11.238,44,56,0,0,0,143.516,-133.217,-61.248,0,0,0,1,1,R,"Megu3568",190,88.846,0.404,0,83,W,Y,0,0,0,0,0,0,0,0,0,0,0,0,0,0,0,0,0.286,-37.032,0,"P0TA0",0.05,-17.086,0,"ʚEveɞ",-21.758,-48.266,0,"Ѕeyeon",-17.76,-62.836,0,"인생최패망자",19.791,-51.11,0,"ibqrqki",10.062,-65.967,0,"あおいぬ",40.131,-111.97,0,"カズティー",1.286,-120.34,0,"NABIMan",-51.268,-96.32,0,0,0,0,0,0,"",0,0,0,0,2045.625,,,,0,0
14,1,0,0,0,0,1,1,0,0,0,255,255,255,4,2061.783,"白霜らいふ",R,4,82,115,-1.812,-0.725,0.414,1.712,-0.508,1.177,-36.592,34.173,97,3,0,2,0,-168.797,21.5,-12.706,0,0,1,1,1,R,"Megu3568",190,88.846,0.404,3,83,W,Y,2062.947,255,165,150,130,97,145,130,111.794,-67.149,0.55,0,0.66,293.954,-429.67,66.716,0.277,-36.939,0,"P0TA0",-0.323,-16.912,0,"ʚEveɞ",-21.586,-48.272,0,"Ѕeyeon",-18.143,-63.134,0,"인생최패망자",19.411,-50.028,0,"ibqrqki",9.873,-65.937,0,"あおいぬ",41.447,-110.785,0,"カズティー",-4.608,-123.012,0,"NABIMan",-51.086,-96.557,0,0,0,0,0,0,"",0,0,0,0,,,,,0,3
15,1,0,0,0,0,2,1,0,0,0,255,255,255,5,2117.249,"白霜らいふ",R,0,42,101,6.393,3.201,0.672,1.983,2.765,3.643,-36.592,91.579,81,19,0,1,0,0,0,2.441,0,0,0,1,1,R,"Megu3568",190,88.846,0.404,0,82,W,Y,0,0,0,0,0,0,0,0,0,0,0,0,0,0,0,0,0.347,-37.011,0,"P0TA0",0.378,-16.585,0,"ʚEveɞ",-21.635,-47.985,0,"Ѕeyeon",-18.873,-62.086,0,"인생최패망자",18.834,-49.715,0,"ibqrqki",9.949,-65.865,0,"あおいぬ",41.43,-110.787,0,"カズティー",-4.738,-122.821,0,"NABIMan",-49.582,-94.749,0,0,0,0,0,0,"",0,0,0,0,2118.741,,,,0,0
16,1,0,0,0,1,2,1,0,0,0,255,255,255,6,2138.789,"白霜らいふ",R,10,91,116,0.753,-1.426,0.439,1.788,0.316,1.192,-36.592,36.591,93,7,0,2,0,0,400,6.439,0,0,1,1,1,R,"Megu3568",190,88.846,0.404,3,82,W,Y,2139.948,255,80,158,135,66,145,119,12.172,-12.505,0.77,0,0.462,-348.113,467.691,-78.493,0.433,-36.835,0,"P0TA0",0.07,-17.009,0,"ʚEveɞ",-21.266,-48.195,0,"Ѕeyeon",-19.121,-62.693,0,"인생최패망자",17.421,-48.858,0,"ibqrqki",9.923,-65.842,69,"あおいぬ",41.437,-110.782,0,"カズティー",-4.75,-122.78,0,"NABIMan",-50.198,-96.312,0,0,0,0,2141.852,5,"ibqrqki",8.134,-67.324,0,0,,,,,256,1
17,1,0,0,0,0,0,2,0,0,0,255,255,255,7,2168.887,"白霜らいふ",R,26,92,140,-0.894,-0.101,0.165,1.648,-0.447,1.368,-36.592,10.142,41,59,0,2,0,48.604,-200,25.446,0,0,1,2,6,L,"Sabo_10",185.3,88,0.452,3,82,W,Y,2169.752,190,110,143,104,50,145,129,28.297,-42.329,0.63,0,0.65,63.934,155.175,-26.647,0.304,-36.913,0,"P0TA0",-0.067,-16.973,0,"ʚEveɞ",-20.976,-48.74,0,"Ѕeyeon",-12.549,-66.912,0,"인생최패망자",18.127,-43.636,0,"ibqrqki",13.123,-64.304,0,"あおいぬ",49.869,-102.533,0,"カズティー",1.17,-122.164,0,"NABIMan",-43.958,-98.456,0,2174.393,73.119,-106.315,0,0,"",0,0,0,0,,2179.64,2184.648,,0,4
18,1,0,0,1,0,0,2,0,0,0,255,255,255,8,2214.647,"白霜らいふ",R,10,99,123,0.47,-2.03,0.245,1.453,0.198,0.63,-36.592,8.971,51,49,0,1,0,0,400,39.748,-0.085,-17.867,0,3,2,L,"濃いめのラー油",188.5,87.309,0.8,0,82,W,Y,0,0,0,0,0,0,0,0,0,0,0,0,0,0,0,0,0.336,-36.966,0,"P0TA0",-0.293,-17.616,0,"ʚEveɞ",-21.046,-48.712,0,"Ѕeyeon",-12.722,-66.102,0,"인생최패망자",18.819,-44.439,0,"ibqrqki",13.272,-63.998,0,"あおいぬ",46.993,-102.817,0,"カズティー",1.35,-118.191,0,"NABIMan",-43.572,-99.51,0,0,0,0,0,0,"",0,0,0,0,2217.27,,,,0,0
19,1,0,0,1,1,0,2,0,0,0,255,255,255,9,2235.093,"白霜らいふ",R,3,74,103,0.514,1.422,0.455,1.902,0.949,2.553,-36.592,59.104,93,7,0,1,0,-367.584,30.065,-9.944,0,0,0,3,2,L,"濃いめのラー油",188.5,87.309,0.8,0,82,W,Y,0,0,0,0,0,0,0,0,0,0,0,0,0,0,0,0,0.648,-36.976,0,"P0TA0",0.025,-16.911,0,"ʚEveɞ",-21.055,-48.736,0,"Ѕeyeon",-12.728,-66.476,0,"인생최패망자",18.618,-44.632,0,"ibqrqki",13.066,-63.975,0,"あおいぬ",46.969,-102.761,0,"カズティー",1.278,-118.233,0,"NABIMan",-43.61,-100.778,0,0,0,0,0,0,"",0,0,0,0,2236.606,,,,0,0
20,1,0,0,1,2,0,2,0,0,0,255,255,255,10,2253.952,"白霜らいふ",R,26,94,140,0.152,-0.812,0.244,1.707,0.158,0.92,-36.592,19.736,91,9,0,0,0,-76.667,-200,31.097,0,0,0,3,2,L,"濃いめのラー油",188.5,87.309,0.8,0,82,W,Y,0,0,0,0,0,0,0,0,0,0,0,0,0,0,0,0,0.335,-37.773,0,"P0TA0",0.071,-17.078,0,"ʚEveɞ",-21.017,-48.7,0,"Ѕeyeon",-13.006,-66.924,0,"인생최패망자",19.076,-44.586,0,"ibqrqki",13.166,-63.929,0,"あおいぬ",47.265,-102.186,0,"カズティー",1.314,-118.185,0,"NABIMan",-48.177,-100.487,0,0,0,0,0,0,"",0,0,0,0,2255.266,,,,0,0
21,1,0,0,1,2,1,2,0,0,0,255,255,255,11,2270.866,"白霜らいふ",R,10,89,115,-0.848,-1.669,0.27,1.726,-0.377,1.059,-36.592,18.626,90,10,0,2,0,0,400,14.795,0,0,1,3,2,L,"濃いめのラー油",188.5,87.309,0.8,3,82,W,Y,2271.997,185,219,84,85,69,145,122,25.913,-46.363,0.75,0,0.308,-33.51,453.962,84.599,0.248,-36.89,0,"P0TA0",-0.06,-17.04,0,"ʚEveɞ",-20.91,-48.653,0,"Ѕeyeon",-12.68,-66.481,0,"인생최패망자",18.592,-44.158,0,"ibqrqki",13.234,-63.952,70,"あおいぬ",43.775,-102.755,106,"カズティー",0.604,-118.588,0,"NABIMan",-47.676,-100.49,0,2276.585,67.475,-100.739,2277.72,6,"あおいぬ",62.597,-99.284,1,0,,,,,320,2
22,1,0,0,1,0,0,2,1,0,0,12,255,255,12,2308.078,"白霜らいふ",R,3,78,105,-3.187,-0.798,0.341,1.677,-0.596,1.29,-36.592,37.151,97,3,0,1,0,-408.923,122.495,-14.961,0,0,0,4,0,R,"Muna_328",190,89.724,0.4,0,81,W,Y,0,0,0,0,0,0,0,0,0,0,0,0,0,0,0,0,0.387,-36.892,0,"P0TA0",-1.434,-18.957,0,"ʚEveɞ",-20.178,-42.332,0,"Ѕeyeon",-14.882,-61.918,0,"인생최패망자",18.304,-46.257,0,"ibqrqki",9.901,-65.15,0,"あおいぬ",44.677,-110.326,0,"カズティー",0.163,-122.821,0,"NABIMan",-49.832,-98.525,0,0,0,0,0,0,"",0,0,0,0,2309.641,,,,0,0
23,1,0,0,1,1,0,2,1,0,0,12,255,255,13,2332.514,"白霜らいふ",R,26,91,140,1.069,0.041,0.185,1.395,0.43,1.474,-36.592,6.893,50,50,0,2,0,28.479,-200,66.173,0,0,1,4,0,R,"Muna_328",190,89.724,0.4,3,81,W,Y,2333.629,255,97,34,0,0,53,53,106.363,52.226,-0.86,0,0.772,454.185,49.25,-92.357,0.295,-36.995,0,"P0TA0",0.082,-17.075,0,"ʚEveɞ",-18.947,-45.669,0,"Ѕeyeon",-15.899,-64.227,0,"인생최패망자",16.746,-45.955,0,"ibqrqki",9.674,-65.84,0,"あおいぬ",44.658,-110.27,0,"カズティー",0.156,-122.796,0,"NABIMan",-51.05,-100.545,0,2338.251,17.817,-4.791,0,0,"",0,0,0,0,,,,,0,3
24,1,0,0,1,1,1,2,1,0,0,12,255,255,14,2360.951,"白霜らいふ",R,13,85,109,-2.285,-1.137,0.282,1.511,-0.309,1.347,-36.592,17.212,54,46,0,4,0,-370.406,332.07,-18.477,0,0,1,4,0,R,"Muna_328",190,89.724,0.4,0,103,W,Y,0,0,0,0,0,0,0,0,0,0,0,0,0,0,0,0,0.551,-36.99,0,"P0TA0",-1.178,-18.263,0,"ʚEveɞ",-19.524,-42.866,0,"Ѕeyeon",-15.062,-63.443,0,"인생최패망자",18.192,-45.504,0,"ibqrqki",8.46,-66.026,0,"あおいぬ",44.746,-108.788,0,"カズティー",-0.072,-118.756,0,"NABIMan",-53.741,-100.11,0,0,0,0,0,0,"",0,0,0,8,2362.397,2382.452,,,0,0
25,2,1,0,1,0,0,0,0,0,0,255,255,255,9,2519.848,"Muna_328",R,14,52,85,2.844,-0.348,0.343,2.379,0.628,1.929,-36.685,51.109,90,10,0,1,0,276.825,348.8,-17.58,0,0,0,3,1,R,"P0TA0",190,95.63,0.525,0,41,W,Y,0,0,0,0,0,0,0,0,0,0,0,0,0,0,0,0,0.466,-37.444,0,"Megu3568",0.422,-17.519,0,"濃いめのラー油",-21.743,-46.822,0,"Fresh825",-16.592,-63.362,0,"하루（Haru）",19.164,-50.728,0,"schmoneymikey",8.501,-66.365,0,"Sabo_10",46.004,-93.937,0,"うよすま",9.645,-124.67,0,"Dοpi",-46.904,-102.531,0,0,0,0,0,0,"",0,0,0,0,2521.277,,,,0,0
26,2,1,0,1,1,0,0,0,0,0,255,255,255,10,2542.461,"Muna_328",R,26,80,130,1.983,0.982,0.378,2.344,1.042,2.009,-36.685,57.311,80,15,4,2,0,-127.267,-200,23.58,0,0,1,3,1,R,"P0TA0",190,95.63,0.525,3,41,W,Y,2543.391,255,49,97,62,16,145,96,51.636,39.528,-0.53,0,0.205,310.953,32.261,149.109,0.152,-36.719,120,"Megu3568",0.222,-17.605,0,"濃いめのラー油",-21.763,-46.697,85,"Fresh825",-16.57,-63.222,0,"하루（Haru）",19.174,-50.723,0,"schmoneymikey",7.956,-66.293,85,"Sabo_10",45.963,-93.833,0,"うよすま",1.624,-121.078,0,"Dοpi",-48.363,-102.15,99,2548.987,-47.831,-72.973,2550.383,8,"Dοpi",-52.492,-78.476,1,0,,,,,216,2
27,2,1,0,1,0,0,0,1,0,0,1,255,255,11,2598.914,"Muna_328",R,10,72,101,1.514,-0.861,0.442,2.051,0.75,1.657,-36.685,32.887,91,9,0,2,0,-57.885,400,6.892,0,0,1,4,7,R,"カズティー",175,84.645,0.33,3,44,W,Y,2600.012,255,92,88,89,68,145,96,-7.88,34.784,-0.24,0,0.56,258.93,332.001,-293.792,0.171,-37.002,0,"Megu3568",0.226,-18.478,0,"濃いめのラー油",-18.313,-41.929,0,"Fresh825",-13.334,-62.047,0,"하루（Haru）",19.768,-50.703,0,"schmoneymikey",7.526,-65.642,76,"Sabo_10",42.678,-97.142,0,"うよすま",-5.518,-117.341,0,"Dοpi",-44.099,-95.564,112,2600.137,-2.248,-23.597,2604.125,8,"Dοpi",-35.294,-75.534,1,0,,2604.545,,,208,2
28,2,1,0,1,0,0,0,1,1,0,7,1,255,12,2632.649,"Muna_328",R,27,74,126,19.437,0.177,0.35,2.289,0.84,1.81,-36.685,56.388,82,15,3,2,0,-87.387,-145.075,13.781,0,0,1,5,9,R,"sano jpn",190,91.118,0.561,3,78,W,Y,2633.712,127,81,100,62,18,138,123,7.926,28.503,0.25,0.238,0.432,-31.657,253.656,0.645,0.082,-36.901,0,"Megu3568",0.364,-18.117,0,"濃いめのラー油",-18.513,-41.247,0,"Fresh825",-15.891,-61.916,0,"하루（Haru）",20.464,-47.453,0,"schmoneymikey",6.744,-63.939,90,"Sabo_10",47.755,-97.151,0,"うよすま",-5.719,-119.412,0,"Dοpi",-51.125,-100.347,115,2635.704,-30.084,-71.926,2637.074,8,"Dοpi",-40.755,-88.981,1,0,,2639.479,2639.23,,208,2
29,2,1,0,1,0,0,0,1,1,1,9,7,1,13,2684.038,"Muna_328",R,27,77,127,2.477,0.153,0.431,2.207,1.076,1.505,-36.685,49.165,75,19,6,1,0,-7.668,-149.35,7.504,0,0,0,6,6,R,"あおいぬ",175.6,90.486,0.43,0,77,W,Y,0,0,0,0,0,0,0,0,0,0,0,0,0,0,0,0,0.284,-37.356,0,"Megu3568",0.149,-18.04,0,"濃いめのラー油",-19.743,-42.532,0,"Fresh825",-15.825,-60.695,0,"하루（Haru）",18.276,-44.129,0,"schmoneymikey",6.406,-64.252,0,"Sabo_10",41.382,-90.828,0,"うよすま",-5.178,-113.421,0,"Dοpi",-43.479,-91.99,0,0,0,0,0,0,"",0,0,0,0,2685.418,2687.036,2686.477,,0,0
30,2,1,0,1,1,0,0,1,1,1,9,7,1,14,2708.19,"Muna_328",R,10,75,115,-1.084,-2.353,0.138,1.994,-0.288,0.758,-36.685,23.096,93,7,0,4,0,-106.004,400,10.316,-0.22,-19.796,1,6,6,R,"あおいぬ",175.6,90.486,0.43,0,77,W,Y,0,0,0,0,0,0,0,0,0,0,0,0,0,0,0,0,-0.006,-37.035,0,"Megu3568",0.851,-19.577,0,"濃いめのラー油",-20.02,-41.298,0,"Fresh825",-15.541,-60.849,0,"하루（Haru）",17.435,-46.639,0,"schmoneymikey",5.808,-63.212,0,"Sabo_10",41.383,-90.818,0,"うよすま",-8.125,-118.187,0,"Dοpi",-44.537,-89.119,0,0,0,0,0,0,"",0,0,0,64,2709.672,2710.983,2710.491,,0,0
31,2,1,0,1,1,1,0,1,1,1,9,7,1,15,2733.348,"Muna_328",R,13,79,116,-3.535,-2.722,-0.016,1.933,-1.007,0.545,-36.685,18.735,91,9,0,1,0,-367.166,339.395,69.732,-0.698,-19.984,0,6,6,R,"あおいぬ",175.6,90.486,0.43,0,77,W,Y,0,0,0,0,0,0,0,0,0,0,0,0,0,0,0,0,0.058,-37.202,0,"Megu3568",-0.887,-19.846,0,"濃いめのラー油",-19.299,-41.166,0,"Fresh825",-14.926,-61.878,0,"하루（Haru）",18.787,-44.148,0,"schmoneymikey",3.802,-62.324,0,"Sabo_10",41.264,-90.752,0,"うよすま",-6.263,-115.39,0,"Dοpi",-44.811,-87.969,0,0,0,0,0,0,"",0,0,0,0,2734.766,2735.894,2735.691,,0,0
32,2,1,0,1,2,1,0,1,1,1,9,7,1,16,2757.224,"Muna_328",R,28,89,140,0.573,0.558,0.271,2.201,0.332,1.833,-36.685,40.593,85,11,4,0,0,-66.55,-73.927,9.387,0,0,0,6,6,R,"あおいぬ",175.6,90.486,0.43,0,77,W,Y,0,0,0,0,0,0,0,0,0,0,0,0,0,0,0,0,0.242,-37.484,0,"Megu3568",1.369,-18.689,0,"濃いめのラー油",-20.252,-42.229,0,"Fresh825",-14.98,-62.109,0,"하루（Haru）",19.091,-42.577,0,"schmoneymikey",6.997,-64.971,0,"Sabo_10",41.43,-90.94,0,"うよすま",-5.362,-118.554,0,"Dοpi",-42.575,-90.266,0,0,0,0,0,0,"",0,0,0,0,2758.527,2760.621,2759.609,,0,0
33,2,1,0,1,2,2,0,1,1,1,9,7,1,17,2781.076,"Muna_328",R,10,82,110,-1.105,-2.507,0.045,1.848,-0.481,0.714,-36.685,14.721,91,9,0,1,0,0,400,45.234,-0.208,-20.161,0,6,6,R,"あおいぬ",175.6,90.486,0.43,0,77,W,Y,0,0,0,0,0,0,0,0,0,0,0,0,0,0,0,0,0.076,-37.401,0,"Megu3568",0.5,-19.98,0,"濃いめのラー油",-19.268,-42.67,0,"Fresh825",-15.314,-62.998,0,"하루（Haru）",20.252,-43.019,0,"schmoneymikey",7.744,-65.549,0,"Sabo_10",41.548,-90.993,0,"うよすま",-5.289,-117.543,0,"Dοpi",-45.277,-89.594,0,0,0,0,0,0,"",0,0,0,64,2782.541,2783.969,2783.731,,0,0
34,2,1,0,1,3,2,0,1,1,1,9,7,1,18,2804.218,"Muna_328",R,26,80,130,0.875,0.756,0.259,2.287,0.528,1.822,-36.685,52.849,75,17,8,2,0,-103.161,-186.341,12.529,0,0,1,6,6,R,"あおいぬ",175.6,90.486,0.43,3,77,W,Y,2805.295,165,60,86,67,33,145,101,-30,27.549,0,0,0.371,-358.298,253.656,53.6,0.495,-36.8,0,"Megu3568",0.056,-17.825,0,"濃いめのラー油",-19.524,-43.44,0,"Fresh825",-15.538,-62.913,0,"하루（Haru）",17.647,-48.031,0,"schmoneymikey",7.022,-64.818,0,"Sabo_10",42.474,-92.542,0,"うよすま",-3.609,-114.24,0,"Dοpi",-44.849,-91.179,0,2805.312,-0.754,-20.996,2807.447,3,"Fresh825",-18.946,-55.688,1,0,2809.777,2810.057,2809.97,2809.795,274,2
35,2,1,1,1,0,0,0,1,1,1,6,9,7,19,2864.864,"Muna_328",R,26,78,129,2.307,0.436,0.444,2.237,1.134,1.606,-36.685,53.363,80,15,5,2,0,-110.921,-200,21.414,0,0,1,7,3,R,"Ѕeyeon",171.3,85,0.4,3,76,W,Y,2865.837,145,66,55,17,0,111,70,55.435,22.469,-0.46,0,0.558,-176.256,213.229,-57.593,0.126,-36.853,0,"Megu3568",0.322,-18.053,0,"濃いめのラー油",-19.096,-43.334,0,"Fresh825",-14.442,-58.84,85,"하루（Haru）",17.142,-44.489,0,"schmoneymikey",7.963,-64.816,0,"Sabo_10",40.288,-88.834,0,"うよすま",-4.458,-109.863,0,"Dοpi",-42.236,-87.758,0,2870.67,-16.693,-56.891,2870.868,3,"Fresh825",-16.125,-55.843,0,0,,2869.461,2868.408,,272,1
36,2,1,1,1,0,0,1,1,1,1,6,9,7,20,2917.721,"Muna_328",R,31,79,129,-0.904,1.131,0.114,2.356,-0.279,2.128,-36.685,52.686,82,15,3,0,0,-89.644,-62.578,11.526,0,0,0,8,5,L,"ibqrqki",164.9,86.676,0.654,0,76,W,Y,0,0,0,0,0,0,0,0,0,0,0,0,0,0,0,0,0.154,-37.458,0,"Megu3568",-0.245,-17.802,0,"濃いめのラー油",-20.198,-42.046,0,"Fresh825",-11.736,-65.635,0,"하루（Haru）",18.584,-41.885,0,"schmoneymikey",13.121,-63.477,0,"Sabo_10",44.907,-93.219,0,"うよすま",3.997,-106.017,0,"Dοpi",-36.899,-86.455,0,0,0,0,0,0,"",0,0,0,0,2919.122,2921.084,2920.524,,0,0
37,2,1,1,1,0,1,1,1,1,1,6,9,7,21,2941.593,"Muna_328",R,14,62,106,1.603,-1.103,0.263,2.242,0.293,1.623,-36.685,40.792,93,7,0,4,0,202.13,400,-0.714,0,0,1,8,5,L,"ibqrqki",164.9,86.676,0.654,0,76,W,Y,0,0,0,0,0,0,0,0,0,0,0,0,0,0,0,0,0.111,-37.583,0,"Megu3568",-0.885,-21.027,0,"濃いめのラー油",-19.707,-41.101,0,"Fresh825",-11.574,-63.311,0,"하루（Haru）",19.051,-42.641,0,"schmoneymikey",12.82,-63.4,0,"Sabo_10",45.505,-91.192,0,"うよすま",4.214,-107.977,0,"Dοpi",-36.872,-85.417,0,0,0,0,0,0,"",0,0,0,0,2943.133,2944.768,2944.478,,0,0
38,2,1,1,1,0,2,1,1,1,1,6,9,7,22,2969.417,"Muna_328",R,14,70,98,-0.627,-2.688,-0.079,1.924,-0.865,0.843,-36.685,16.256,100,0,0,2,0,272.935,395.153,51.951,0,0,1,8,5,L,"ibqrqki",164.9,86.676,0.654,3,76,W,Y,2970.679,203,94,61,79,32,138,124,-30,-43.145,0.46,0,0.111,197.098,160.457,-46.039,0.11,-37.358,0,"Megu3568",-0.236,-18.606,0,"濃いめのラー油",-19.52,-43.058,0,"Fresh825",-11.599,-63.023,0,"하루（Haru）",17.318,-44.453,87,"schmoneymikey",12.934,-63.333,0,"Sabo_10",43.43,-88.728,125,"うよすま",4.572,-108.095,0,"Dοpi",-35.814,-83.771,0,2970.685,0.029,-20.751,2978.897,6,"Sabo_10",70.321,-92.671,1,0,,2975.727,2974.899,2975.037,52,2
39,2,1,3,1,0,0,1,0,1,1,255,5,6,23,3046.627,"Muna_328",R,26,81,132,-0.629,1.01,0.138,2.321,-0.106,1.981,-36.685,52.766,86,8,6,0,0,-119.282,-174.043,24.535,0,0,0,0,8,L,"NABIMan",175,84.228,0.48,0,75,W,Y,0,0,0,0,0,0,0,0,0,0,0,0,0,0,0,0,0.238,-37.53,0,"Megu3568",-0.324,-17.923,0,"濃いめのラー油",-21.319,-44.009,0,"Fresh825",-9.454,-66.698,0,"하루（Haru）",19.794,-40.527,0,"schmoneymikey",14.026,-61.863,0,"Sabo_10",48.866,-92.264,0,"うよすま",7.309,-111.795,0,"Dοpi",-39.8,-95.061,0,0,0,0,0,0,"",0,0,0,0,3047.87,3053.648,3049.557,,0,0
40,2,1,3,1,0,1,1,0,1,1,255,5,6,24,3067.946,"Muna_328",R,0,85,138,-1.62,-0.619,0.057,2.115,-0.667,1.179,-36.685,34.72,84,14,1,2,0,-28.915,-39.423,10.183,0,0,1,0,8,L,"NABIMan",175,84.228,0.48,3,75,W,Y,3068.859,255,127,100,115,19,145,124,-30,45.63,0.25,0,0.449,-87.194,-405.074,346.752,0.007,-36.792,0,"Megu3568",-0.247,-18.296,0,"濃いめのラー油",-20.052,-46.104,0,"Fresh825",-9.245,-66.005,0,"하루（Haru）",19.854,-43.494,0,"schmoneymikey",13.586,-63.073,87,"Sabo_10",48.875,-92.268,0,"うよすま",6.71,-114.374,0,"Dοpi",-39.039,-90.65,92,3068.893,-1.358,-21.748,3076.789,8,"Dοpi",-72.899,-89.094,1,0,,3078.286,3074.446,3073.423,208,2
41,2,1,5,1,0,0,1,0,1,0,255,8,255,25,3129.162,"Muna_328",R,28,84,136,-1.222,0.211,0.097,2.254,-0.48,1.666,-36.685,45.214,84,12,4,0,0,-39.234,-54.175,6.54,0,0,0,1,2,L,"ʚEveɞ",190,85.27,0.396,0,75,W,Y,0,0,0,0,0,0,0,0,0,0,0,0,0,0,0,0,0.139,-37.6,0,"Megu3568",-0.314,-18.051,0,"濃いめのラー油",-21.208,-44.583,0,"Fresh825",-9.826,-63.158,0,"하루（Haru）",21.05,-45.761,0,"schmoneymikey",14.448,-62.433,0,"Sabo_10",47.429,-94.211,0,"うよすま",-0.274,-119.759,0,"Dοpi",-41.767,-94.418,0,0,0,0,0,0,"",0,0,0,0,3130.335,3132.01,,,0,0
42,2,1,5,1,0,1,1,0,1,0,255,8,255,26,3166.77,"Muna_328",R,0,80,117,-0.91,-0.566,0.069,2.055,-0.405,1.234,-36.685,28.316,92,8,0,2,0,3.916,0,7.426,0,0,0,1,2,L,"ʚEveɞ",190,85.27,0.396,3,75,W,Y,3167.715,255,156,98,66,19,145,126,-14.659,-23.436,0.24,0,0.528,-212.882,-465.345,57.638,-0.023,-36.977,0,"Megu3568",-0.259,-18.354,0,"濃いめのラー油",-20.761,-46.001,0,"Fresh825",-7.512,-64.214,0,"하루（Haru）",20.54,-45.666,0,"schmoneymikey",14.161,-62.432,93,"Sabo_10",47.462,-94.312,0,"うよすま",3.913,-115.773,0,"Dοpi",-40.133,-94.738,0,3167.81,1.107,-23.245,3169.654,5,"schmoneymikey",16.113,-57.345,1,0,,,3172.902,,88,2
43,2,1,5,1,0,0,1,1,0,1,2,255,8,27,3201.638,"Muna_328",R,11,83,114,1.349,-0.398,0.386,2.042,0.576,1.638,-36.685,32.041,91,9,0,0,0,0,231.163,8.612,0,0,0,2,4,R,"인생최패망자",190,80,0.349,0,74,W,Y,0,0,0,0,0,0,0,0,0,0,0,0,0,0,0,0,0.152,-37.171,0,"Megu3568",0.314,-18.286,0,"濃いめのラー油",-20.645,-41.601,0,"Fresh825",-15.234,-62.723,0,"하루（Haru）",18.553,-42.38,0,"schmoneymikey",7.491,-64.31,0,"Sabo_10",46.26,-98.558,0,"うよすま",-8.45,-122.496,0,"Dοpi",-47.567,-96.918,0,0,0,0,0,0,"",0,0,0,0,3203.126,,3203.668,,0,0
44,2,1,5,1,0,1,1,1,0,1,2,255,8,28,3230.382,"Muna_328",R,10,72,102,-0.703,-2.026,0.101,1.918,-0.308,0.937,-36.685,18.86,97,3,0,2,0,0,400,46.202,0,0,1,2,4,R,"인생최패망자",190,80,0.349,3,74,W,Y,3231.579,172,161,84,87,94,145,114,-20.378,19.132,0.9,0,0.55,-152.105,14.878,-308.05,-0.079,-36.935,0,"Megu3568",-0.366,-18.959,0,"濃いめのラー油",-19.376,-43.098,0,"Fresh825",-15.313,-62.439,99,"하루（Haru）",19.712,-41.468,0,"schmoneymikey",4.356,-63.406,101,"Sabo_10",47.727,-98.095,0,"うよすま",-8.599,-125.17,0,"Dοpi",-49.26,-96.283,0,3231.585,-0.499,-22.099,3233.485,3,"Fresh825",-15.786,-54.963,1,0,,3237.214,,3236.906,344,2
45,2,1,6,1,0,1,2,1,0,0,4,255,255,29,3337.298,"Muna_328",R,13,72,112,-0.604,-1.425,0.253,2.114,0.246,1.214,-36.685,35.021,90,10,0,2,0,-282.731,400,9.007,0,0,1,3,1,R,"P0TA0",190,95.63,0.525,3,41,W,Y,3338.275,255,215,178,104,66,145,107,99.138,-79.479,0.01,0,0.209,99.607,-476.43,-320.916,0.07,-36.281,0,"Megu3568",-0.683,-19.359,0,"濃いめのラー油",-18.987,-42.122,0,"Fresh825",-15.426,-63.232,0,"하루（Haru）",18.868,-48.377,0,"schmoneymikey",8.089,-63.987,0,"Sabo_10",47.175,-96.104,0,"うよすま",-0.995,-121.157,0,"Dοpi",-49.983,-96.525,0,0,0,0,0,0,"",0,0,0,0,,,,,16,3
46,2,1,6,1,0,2,2,1,0,0,4,255,255,30,3361.707,"Muna_328",R,26,66,119,2,1.5,0.389,2.327,0.856,2.323,-36.685,67.568,74,14,12,4,0,1.794,-200,19.167,0,0,1,3,1,R,"P0TA0",190,95.63,0.525,0,41,W,Y,0,0,0,0,0,0,0,0,0,0,0,0,0,0,0,0,1.607,-37.466,0,"Megu3568",-0.254,-21.442,0,"濃いめのラー油",-18.259,-42.388,0,"Fresh825",-15.925,-62.963,0,"하루（Haru）",18.789,-47.619,0,"schmoneymikey",2.899,-62.704,0,"Sabo_10",47.586,-98.691,0,"うよすま",-2.907,-121.126,0,"Dοpi",-50.409,-97.738,0,0,0,0,0,0,"",0,0,0,0,3362.891,3364.382,,,0,0
47,2,0,6,1,0,0,0,0,0,0,255,255,255,15,3423.888,"白霜らいふ",R,13,83,108,-2.607,-0.939,0.463,1.752,-0.368,1.394,-36.592,40.643,92,8,0,1,0,-410.45,274.287,-15.824,0,0,0,4,0,R,"Muna_328",190,89.724,0.4,0,73,W,Y,0,0,0,0,0,0,0,0,0,0,0,0,0,0,0,0,0.484,-37.117,0,"P0TA0",0.078,-16.862,0,"ʚEveɞ",-21.424,-47.685,0,"Ѕeyeon",-17.695,-63.478,0,"인생최패망자",16.268,-46.281,0,"ibqrqki",9.403,-65.532,0,"あおいぬ",41.004,-111.16,0,"カズティー",-1.8,-123.047,0,"NABIMan",-50.574,-94.696,0,0,0,0,0,0,"",0,0,0,0,3425.435,,,,0,0
48,2,0,6,1,1,0,0,0,0,0,255,255,255,16,3438.909,"白霜らいふ",R,32,84,137,0.788,0.89,0.356,1.646,0.106,2.082,-36.592,26.419,49,51,0,2,0,161.922,-103.204,-15.875,0,0,1,4,0,R,"Muna_328",190,89.724,0.4,3,73,W,Y,3439.983,255,72,125,32,10,145,89,25.117,-23.664,-0.86,0,0.589,559.351,25.282,-80.694,0.154,-36.904,0,"P0TA0",0.05,-17.08,0,"ʚEveɞ",-21.166,-47.677,0,"Ѕeyeon",-18.027,-63.503,0,"인생최패망자",15.744,-46.029,0,"ibqrqki",9.46,-65.681,0,"あおいぬ",41.045,-111.082,108,"カズティー",-1.727,-122.937,0,"NABIMan",-51.426,-94.719,0,3445.062,32.882,-93.548,3445.222,6,"あおいぬ",31.828,-91.074,0,0,,,,,64,1
49,2,0,6,1,0,0,1,0,0,0,255,255,255,17,3466.773,"白霜らいふ",R,10,97,128,0.498,-1.72,0.277,1.704,0.209,0.885,-36.592,23.196,89,11,0,1,0,0,400,19.197,0.069,-18.425,0,5,4,L,"하루（Haru）",190,90.172,0.403,0,73,W,Y,0,0,0,0,0,0,0,0,0,0,0,0,0,0,0,0,0.357,-36.878,0,"P0TA0",0.025,-16.876,0,"ʚEveɞ",-21.02,-48.36,0,"Ѕeyeon",-13.078,-66.517,0,"인생최패망자",19.249,-45.004,0,"ibqrqki",13.267,-64.456,0,"あおいぬ",50.598,-98.972,0,"カズティー",4.788,-121.774,0,"NABIMan",-35.414,-92.721,0,0,0,0,0,0,"",0,0,0,0,3468.247,,,,0,0
50,2,0,6,1,1,0,1,0,0,0,255,255,255,18,3480.631,"白霜らいふ",R,10,97,121,0.457,-1.842,0.355,1.629,0.189,0.902,-36.592,23.693,89,11,0,4,0,0,400,12.747,0.056,-18.755,1,5,4,L,"하루（Haru）",190,90.172,0.403,0,73,W,Y,0,0,0,0,0,0,0,0,0,0,0,0,0,0,0,0,0.532,-36.878,0,"P0TA0",0.075,-17.011,0,"ʚEveɞ",-20.964,-48.365,0,"Ѕeyeon",-13.134,-66.334,0,"인생최패망자",19.293,-45.134,0,"ibqrqki",13.255,-64.297,0,"あおいぬ",49.02,-101.178,0,"カズティー",4.565,-121.802,0,"NABIMan",-34.786,-93.801,0,0,0,0,0,0,"",0,0,0,0,3482.216,,,,0,0
51,2,0,6,1,1,1,1,0,0,0,255,255,255,19,3497.01,"白霜らいふ",R,10,73,103,2.353,0.042,0.568,1.877,1.008,2.214,-36.592,59.936,87,13,0,2,0,0,400,-2.028,0,0,1,5,4,L,"하루（Haru）",190,90.172,0.403,3,73,W,Y,3498.213,126,151,200,162,116,139,111,-17.776,-36.513,0.9,0.143,0.166,-166.657,-227.231,-91.371,0.142,-37.541,0,"P0TA0",0.114,-17.035,0,"ʚEveɞ",-20.974,-48.203,0,"Ѕeyeon",-13.162,-66.541,0,"인생최패망자",18.535,-44.26,120,"ibqrqki",13.158,-64.363,0,"あおいぬ",49.05,-101.176,0,"カズティー",4.555,-121.791,0,"NABIMan",-35.169,-95.359,0,3498.335,2.955,-24.358,3499.501,4,"인생최패망자",15.441,-41.07,1,0,,,,,6,2
52,2,0,6,1,0,0,1,1,0,0,14,255,255,20,3540.761,"白霜らいふ",R,26,83,134,-1.531,-0.145,0.274,1.707,-0.697,1.449,-36.592,25.958,88,12,0,2,0,32.377,-181.442,17.448,0,0,1,6,5,L,"schmoneymikey",175.4,80,0.2,3,73,W,Y,3541.829,218,208,68,72,0,142,85,-71.82,71.655,-0.77,0,0.223,444.379,-184.379,-337.458,0.239,-37.22,0,"P0TA0",-0.117,-17.124,0,"ʚEveɞ",-17.329,-45.011,0,"Ѕeyeon",-10.268,-62.081,0,"인생최패망자",17.173,-43.073,0,"ibqrqki",11.884,-61.105,0,"あおいぬ",49.767,-96.606,0,"カズティー",1.388,-116.268,0,"NABIMan",-41.359,-101.535,0,3542.004,-1.278,-20.612,0,0,"",0,0,0,0,,,,,0,3
53,2,0,6,1,0,1,1,1,0,0,14,255,255,21,3563.241,"白霜らいふ",R,10,82,109,2.444,-0.561,0.587,1.761,1.047,1.855,-36.592,44.132,87,13,0,2,0,0,400,4.728,0,0,1,6,5,L,"schmoneymikey",175.4,80,0.2,3,73,W,Y,3564.426,228,230,146,124,59,145,91,108.24,-77.186,0.96,0,0.312,19.793,262.57,35.568,0.592,-36.908,0,"P0TA0",0.188,-17.123,0,"ʚEveɞ",-19.308,-43.608,0,"Ѕeyeon",-7.642,-62.555,0,"인생최패망자",17.846,-43.661,0,"ibqrqki",12.154,-60.285,0,"あおいぬ",46.771,-96.835,0,"カズティー",0.234,-115.66,0,"NABIMan",-47.869,-100.371,0,3569.293,-68.051,-0.457,0,0,"",0,0,0,0,,,,,0,3
54,2,0,6,1,0,2,1,1,0,0,14,255,255,22,3600.169,"白霜らいふ",R,10,81,122,1.145,-0.397,0.356,1.863,0.488,1.849,-36.592,36.196,91,9,0,2,0,0,400,21.084,0,0,1,6,5,L,"schmoneymikey",175.4,80,0.2,3,72,W,Y,3601.253,172,120,137,98,22,145,113,-30,37.731,0.87,0,0.273,-329.951,35.798,107.088,0.357,-37.196,0,"P0TA0",0.07,-16.994,0,"ʚEveɞ",-18.155,-44.665,93,"Ѕeyeon",-11.739,-61.602,0,"인생최패망자",18.084,-44.338,0,"ibqrqki",10.952,-60.319,98,"あおいぬ",46.591,-98.313,0,"カズティー",0.249,-115.621,0,"NABIMan",-52.733,-94.943,0,3601.408,-0.881,-21.954,3602.875,2,"ʚEveɞ",-15.601,-41.824,1,0,,3605.525,,,258,2
55,2,0,6,1,0,0,2,1,0,0,15,255,255,23,3630.094,"白霜らいふ",R,10,92,128,-1.105,-2.12,0.2,1.593,-0.487,0.624,-36.592,10.338,45,55,0,2,0,0,400,46.337,0,0,1,7,8,R,"Dοpi",176.4,90,0.35,3,72,W,Y,3630.921,121,184,86,82,39,137,99,-30,33.63,0.94,0,0.442,-194.193,12.078,-76.448,0.274,-37.138,0,"P0TA0",-0.222,-17.3,0,"ʚEveɞ",-18.927,-43.95,0,"Ѕeyeon",-14.35,-63.25,0,"인생최패망자",18.477,-47.892,0,"ibqrqki",8.589,-64.417,0,"あおいぬ",41.468,-104.013,0,"カズティー",-1.689,-114.988,0,"NABIMan",-50.433,-91.185,0,3630.929,-0.287,-19.61,3632.477,2,"ʚEveɞ",-14.906,-41.581,0,0,,,,,18,2
56,3,1,6,1,0,0,0,0,0,0,255,255,255,31,3683.816,"Muna_328",R,10,70,100,1.654,-0.948,0.494,2.072,0.911,1.706,-36.685,38.495,88,12,0,1,0,-96.495,400,7.285,0,0,0,4,7,R,"カズティー",175,84.645,0.33,0,45,W,Y,0,0,0,0,0,0,0,0,0,0,0,0,0,0,0,0,0.113,-36.981,0,"Megu3568",0.172,-17.945,0,"濃いめのラー油",-21.616,-47.044,0,"Fresh825",-14.753,-64.358,0,"하루（Haru）",18.91,-50.309,0,"schmoneymikey",8.761,-66.168,0,"Sabo_10",42.028,-97.02,0,"うよすま",-4.468,-117.084,0,"Dοpi",-43.646,-91.815,0,0,0,0,0,0,"",0,0,0,0,3685.297,,,,0,0
57,3,1,6,1,1,0,0,0,0,0,255,255,255,32,3704.561,"Muna_328",R,26,85,137,0.252,0.683,0.265,2.1,0.3,1.828,-36.685,34.364,84,15,1,2,0,-142.585,-154.465,22.419,0,0,0,4,7,R,"カズティー",175,84.645,0.33,3,45,W,Y,3705.571,255,158,101,101,41,145,109,-30,25.219,0.91,0,0.636,-275.788,19.601,5.392,0.224,-36.789,0,"Megu3568",0.154,-17.992,0,"濃いめのラー油",-21.538,-46.975,87,"Fresh825",-14.731,-63.967,90,"하루（Haru）",18.934,-50.386,0,"schmoneymikey",8.605,-66.035,0,"Sabo_10",42.054,-96.998,0,"うよすま",-3.633,-116.874,0,"Dοpi",-44.118,-92.427,0,3705.616,-0.745,-19.528,3707.735,3,"Fresh825",-18.55,-57.256,0,0,,,,,280,2
58,3,1,6,1,0,0,1,0,0,0,255,255,255,33,3728.443,"Muna_328",R,26,82,133,2.411,0.993,0.44,2.166,1.117,2.03,-36.685,46.777,86,9,4,1,0,-55.08,-200,20.58,0,0,0,5,9,R,"sano jpn",190,91.118,0.561,0,72,W,Y,0,0,0,0,0,0,0,0,0,0,0,0,0,0,0,0,0.301,-37.555,0,"Megu3568",0.266,-17.785,0,"濃いめのラー油",-20.718,-45.777,0,"Fresh825",-14.45,-63.897,0,"하루（Haru）",18.054,-50.532,0,"schmoneymikey",8.547,-66.379,0,"Sabo_10",42.703,-97.155,0,"うよすま",-4.881,-118.648,0,"Dοpi",-51.712,-101.808,0,0,0,0,0,0,"",0,0,0,0,3729.856,,,,0,0
59,3,1,6,1,0,1,1,0,0,0,255,255,255,34,3752.065,"Muna_328",R,13,72,100,0.671,-1.033,0.468,2.107,0.832,1.562,-36.685,32.246,84,16,0,2,0,-260.838,400,17.828,0,0,1,5,9,R,"sano jpn",190,91.118,0.561,3,71,W,Y,3753.3,91,81,148,100,81,134,120,-11.169,-9.274,0.75,0.476,0.558,-498.092,231.805,184.116,0.25,-36.873,0,"Megu3568",0.182,-17.859,0,"濃いめのラー油",-20.94,-45.826,81,"Fresh825",-14.388,-63.877,0,"하루（Haru）",19.435,-49.069,0,"schmoneymikey",8.368,-66.313,107,"Sabo_10",42.54,-96.911,0,"うよすま",-5.292,-122.493,0,"Dοpi",-52.161,-100.806,0,3753.341,0.572,-23.324,3755.237,5,"schmoneymikey",6.35,-60.355,0,0,,,,,88,2
60,3,1,6,1,0,0,2,0,0,0,255,255,255,35,3781.222,"Muna_328",R,10,73,115,0.527,-1.43,0.254,2.047,0.251,1.294,-36.685,25.594,91,9,0,1,0,-16.284,400,40.894,0,0,0,6,6,R,"あおいぬ",175.6,90.486,0.43,0,71,W,Y,0,0,0,0,0,0,0,0,0,0,0,0,0,0,0,0,0.262,-37.054,0,"Megu3568",0.12,-17.98,0,"濃いめのラー油",-21.26,-46.351,0,"Fresh825",-14.757,-64.388,0,"하루（Haru）",19.455,-48.895,0,"schmoneymikey",8.728,-66.027,0,"Sabo_10",40.504,-91.383,0,"うよすま",-3.588,-112.283,0,"Dοpi",-45.602,-92.558,0,0,0,0,0,0,"",0,0,0,0,3782.698,,,,0,0
61,3,1,6,1,1,0,2,0,0,0,255,255,255,36,3799.491,"Muna_328",R,27,84,136,0.582,0.653,0.272,2.201,0.333,1.833,-36.685,44.348,84,13,2,2,0,-61.765,-127.12,16.641,0,0,0,6,6,R,"あおいぬ",175.6,90.486,0.43,3,71,W,Y,3800.587,132,97,100,81,31,139,116,107.406,-8.774,0.75,0,0.295,-8.846,194.188,-87.393,0.16,-36.68,0,"Megu3568",0.121,-18.17,0,"濃いめのラー油",-21.255,-46.22,0,"Fresh825",-14.716,-64.152,0,"하루（Haru）",19.459,-48.885,0,"schmoneymikey",8.481,-66.109,0,"Sabo_10",40.459,-91.288,0,"うよすま",-3.385,-117.423,0,"Dοpi",-43.128,-89.82,0,0,0,0,0,0,"",0,0,0,0,,,,,16,3
62,3,1,6,1,1,1,2,0,0,0,255,255,255,37,3819.071,"Muna_328",R,10,84,125,-1.051,-1.778,0.101,1.956,-0.46,0.977,-36.685,23.198,91,9,0,1,0,0,400,56.593,-0.775,-19.416,0,6,6,R,"あおいぬ",175.6,90.486,0.43,0,52,W,Y,0,0,0,0,0,0,0,0,0,0,0,0,0,0,0,0,0.045,-36.96,0,"Megu3568",-0.024,-18.099,0,"濃いめのラー油",-21.484,-46.227,0,"Fresh825",-15.64,-64.976,0,"하루（Haru）",19.932,-49.612,0,"schmoneymikey",8.972,-66.132,0,"Sabo_10",41.625,-93.2,0,"うよすま",-5.687,-116.93,0,"Dοpi",-45.171,-87.925,0,0,0,0,0,0,"",0,0,0,0,3823.304,,,,0,0
63,3,1,6,1,2,1,2,0,0,0,255,255,255,38,3840.363,"Muna_328",R,26,82,134,2.121,0.643,0.414,2.178,0.997,1.754,-36.685,46.289,83,14,3,1,0,-58.834,-200,18.82,0,0,0,6,6,R,"あおいぬ",175.6,90.486,0.43,0,52,W,Y,0,0,0,0,0,0,0,0,0,0,0,0,0,0,0,0,0.359,-37.069,0,"Megu3568",0.178,-17.771,0,"濃いめのラー油",-21.475,-46.187,0,"Fresh825",-15.636,-64.997,0,"하루（Haru）",19.926,-49.641,0,"schmoneymikey",8.444,-66.067,0,"Sabo_10",41.669,-93.163,0,"うよすま",-5.584,-117.746,0,"Dοpi",-45.128,-90.407,0,0,0,0,0,0,"",0,0,0,0,3841.668,,,,0,0
64,3,1,6,1,3,1,2,0,0,0,255,255,255,39,3859.281,"Muna_328",R,26,87,140,1.446,0.925,0.343,2.227,0.664,1.927,-36.685,48.268,80,17,4,2,0,-32.746,-200,21.268,0,0,1,6,6,R,"あおいぬ",175.6,90.486,0.43,3,52,W,Y,3860.33,152,56,45,57,16,129,82,33.149,40.137,-0.47,0,0.406,124.602,394.58,-434.49,0.066,-36.735,0,"Megu3568",0.042,-17.731,0,"濃いめのラー油",-21.453,-46.183,0,"Fresh825",-14.535,-63.312,0,"하루（Haru）",19.932,-49.607,0,"schmoneymikey",8.684,-65.775,0,"Sabo_10",41.554,-93.038,0,"うよすま",-5.752,-115.827,0,"Dοpi",-45.321,-89.309,0,3865.372,-49.802,-70.929,3865.531,8,"Dοpi",-47.598,-69.044,0,0,,,,,128,1
65,3,0,6,1,0,0,0,0,0,0,255,255,255,24,3919.102,"白霜らいふ",R,10,102,127,0.509,-1.715,0.234,1.337,0.219,0.89,-36.592,14.606,50,50,0,1,0,-4.879,400,48.92,0.073,-18.192,0,8,3,L,"Fresh825",173,80,0.2,0,71,W,Y,0,0,0,0,0,0,0,0,0,0,0,0,0,0,0,0,0.333,-37.219,0,"P0TA0",0.026,-16.779,0,"ʚEveɞ",-21.017,-47.906,0,"Ѕeyeon",-14.241,-65.284,0,"인생최패망자",19.077,-44.637,0,"ibqrqki",13.287,-63.608,0,"あおいぬ",44.143,-95.535,0,"カズティー",-0.466,-116.061,0,"NABIMan",-47.805,-93.598,0,0,0,0,0,0,"",0,0,0,0,3920.525,,,,0,0
66,3,0,6,1,1,0,0,0,0,0,255,255,255,25,3931.85,"白霜らいふ",R,39,26,88,-5.462,-2.357,-0.059,1.327,-2.445,-2.875,-36.592,149.232,0,100,0,3,0,47.225,-200,7.128,-0.584,-27.779,0,8,3,L,"Fresh825",173,80,0.2,0,71,W,Y,0,0,0,0,0,0,0,0,0,0,0,0,0,0,0,0,0.361,-37.137,0,"P0TA0",-0.18,-17.014,0,"ʚEveɞ",-21.095,-47.795,0,"Ѕeyeon",-14.254,-65.851,0,"인생최패망자",18.834,-44.868,0,"ibqrqki",13.173,-63.409,0,"あおいぬ",45.666,-93.552,0,"カズティー",-0.462,-116.056,0,"NABIMan",-48.879,-95.768,0,0,0,0,0,0,"",0,0,0,0,3936.097,,,,0,6
67,3,0,6,1,0,0,0,1,0,0,13,255,255,26,3991.01,"白霜らいふ",R,11,78,122,1.604,1.51,0.491,1.889,0.684,2.76,-36.592,55.298,89,11,0,1,0,0,236.621,3.066,0,0,0,0,7,R,"うよすま",175.4,85,0.568,0,50,W,Y,0,0,0,0,0,0,0,0,0,0,0,0,0,0,0,0,0.163,-37.8,0,"P0TA0",-1.011,-18.154,0,"ʚEveɞ",-19.548,-41.938,0,"Ѕeyeon",-16.17,-63.337,0,"인생최패망자",17.902,-47.545,0,"ibqrqki",7.298,-62.392,0,"あおいぬ",41.297,-104.966,0,"カズティー",-0.395,-115.99,0,"NABIMan",-48.8,-93.709,0,0,0,0,0,0,"",0,0,0,0,3992.323,,,,0,0
68,3,0,6,1,1,0,0,1,0,0,13,255,255,27,4011.51,"白霜らいふ",R,10,84,125,-1.167,-2.245,0.141,1.696,-0.512,0.757,-36.592,19.28,94,6,0,4,0,0,400,26.91,-0.235,-19.575,1,0,7,R,"うよすま",175.4,85,0.568,0,50,W,Y,0,0,0,0,0,0,0,0,0,0,0,0,0,0,0,0,3.163,-37.58,0,"P0TA0",0.086,-20.131,0,"ʚEveɞ",-19.557,-42.408,0,"Ѕeyeon",-13.539,-62.121,0,"인생최패망자",18.947,-44.424,0,"ibqrqki",4.931,-61.869,0,"あおいぬ",35.808,-102.632,0,"カズティー",-0.2,-113.561,0,"NABIMan",-48.688,-95.008,0,0,0,0,0,0,"",0,0,0,0,4012.772,4014.142,,,0,0
69,3,0,6,1,1,1,0,0,1,0,255,13,255,28,4036.202,"白霜らいふ",R,26,90,140,0.686,-0.822,0.202,1.458,0.416,0.942,-36.592,7.494,51,49,0,0,0,-119.969,-200,82.662,0,0,0,0,7,R,"うよすま",175.4,85,0.568,0,50,W,Y,0,0,0,0,0,0,0,0,0,0,0,0,0,0,0,0,0.353,-37.177,0,"P0TA0",0.151,-17.009,0,"ʚEveɞ",-21.662,-46.879,0,"Ѕeyeon",-15.582,-62.758,0,"인생최패망자",19.006,-41.542,0,"ibqrqki",8.846,-63.414,0,"あおいぬ",42.686,-106.527,0,"カズティー",-0.649,-117.265,0,"NABIMan",-51.02,-95.969,0,0,0,0,0,0,"",0,0,0,0,4037.485,4038.732,,,0,0
70,3,0,6,1,1,2,0,0,1,0,255,13,255,29,4053.775,"白霜らいふ",R,13,81,106,-2.628,-1.529,0.235,1.511,-0.451,1.225,-36.592,15.144,51,49,0,1,0,-360.259,332.014,-18.837,-0.698,-17.985,0,0,7,R,"うよすま",175.4,85,0.568,0,50,W,Y,0,0,0,0,0,0,0,0,0,0,0,0,0,0,0,0,0.479,-37.117,0,"P0TA0",0.309,-17.884,0,"ʚEveɞ",-21.386,-47.171,0,"Ѕeyeon",-16.187,-63.898,0,"인생최패망자",18.836,-41.471,0,"ibqrqki",7.184,-63.688,0,"あおいぬ",43.3,-108.798,0,"カズティー",-0.594,-117.229,0,"NABIMan",-51.705,-97.229,0,0,0,0,0,0,"",0,0,0,0,4055.177,4056.462,,,0,0
71,3,0,6,1,2,2,0,0,1,0,255,13,255,30,4068.955,"白霜らいふ",R,30,78,128,-3.843,-2.724,0.051,1.049,-1.535,-0.012,-36.592,38.592,46,13,41,1,0,-123.032,-9.577,83.193,-0.657,-21.345,0,0,7,R,"うよすま",175.4,85,0.568,0,50,W,Y,0,0,0,0,0,0,0,0,0,0,0,0,0,0,0,0,0.233,-37.183,0,"P0TA0",-0.368,-17.003,0,"ʚEveɞ",-21.428,-47.223,0,"Ѕeyeon",-15.581,-63.642,0,"인생최패망자",18.769,-41.982,0,"ibqrqki",9.017,-63.936,0,"あおいぬ",43.162,-107.157,0,"カズティー",-0.657,-117.213,0,"NABIMan",-52.723,-97.174,0,0,0,0,0,0,"",0,0,0,0,4070.216,4071.554,,,0,0
72,3,0,6,1,3,2,0,0,1,0,255,13,255,31,4087.688,"白霜らいふ",R,26,83,135,0.493,-0.433,0.235,1.574,0.32,1.156,-36.592,14.102,49,51,0,2,0,-83.915,-200,38.957,0,0,1,0,7,R,"うよすま",175.4,85,0.568,3,50,W,Y,4088.705,255,111,136,72,19,145,111,-30,37.396,0.9,0,0.359,-208.718,-466.662,104.82,0.238,-37.204,111,"P0TA0",0.013,-16.987,0,"ʚEveɞ",-21.109,-47.118,90,"Ѕeyeon",-15.496,-63.734,0,"인생최패망자",16.67,-45.016,78,"ibqrqki",8.127,-64.037,0,"あおいぬ",43.658,-107.353,0,"カズティー",-0.654,-117.179,0,"NABIMan",-52.615,-96.857,0,4088.664,-0.744,-19.595,4090.247,2,"ʚEveɞ",-18.647,-43.217,0,0,,,4092.843,,6,2
73,3,0,6,1,0,0,1,1,0,1,11,255,13,32,4188.243,"白霜らいふ",R,10,85,129,1.772,0.547,0.427,1.831,0.789,2.315,-36.592,42.849,84,16,0,1,0,-19.847,349.862,7.147,0,0,0,2,6,L,"Sabo_10",185.3,88,0.452,0,70,W,Y,0,0,0,0,0,0,0,0,0,0,0,0,0,0,0,0,0.216,-37.196,0,"P0TA0",0.073,-16.914,0,"ʚEveɞ",-19.001,-42.634,0,"Ѕeyeon",-9.98,-62.344,0,"인생최패망자",18.465,-39.397,0,"ibqrqki",11.936,-61.458,0,"あおいぬ",53.111,-99.034,0,"カズティー",0.051,-121.669,0,"NABIMan",-47.065,-101.142,0,0,0,0,0,0,"",0,0,0,0,4189.424,,4190.497,,0,0
74,3,0,6,1,1,0,1,1,0,1,11,255,13,33,4204.082,"白霜らいふ",R,13,85,109,-2.168,-0.308,0.291,1.571,-0.208,1.845,-36.592,26.958,48,52,0,4,0,-395.163,301.609,-23.838,0,0,1,2,6,L,"Sabo_10",185.3,88,0.452,0,70,W,Y,0,0,0,0,0,0,0,0,0,0,0,0,0,0,0,0,0.297,-37.384,0,"P0TA0",-0.906,-17.533,0,"ʚEveɞ",-19.56,-42.001,0,"Ѕeyeon",-8.989,-60.44,0,"인생최패망자",18.433,-39.792,0,"ibqrqki",11.663,-61.551,0,"あおいぬ",52.045,-99.718,0,"カズティー",0.044,-121.676,0,"NABIMan",-49.144,-100.847,0,0,0,0,0,0,"",0,0,0,0,4205.416,,4206.649,,0,0
75,3,0,6,1,1,1,1,1,0,1,11,255,13,34,4262.057,"白霜らいふ",R,10,83,124,0.027,-1.172,0.397,1.85,0,1.329,-36.592,41.256,87,13,0,1,0,0,400,5.909,0,0,0,2,6,L,"Sabo_10",185.3,88,0.452,0,69,W,Y,0,0,0,0,0,0,0,0,0,0,0,0,0,0,0,0,0.207,-37.36,0,"P0TA0",0.689,-19.354,0,"ʚEveɞ",-18.731,-42.811,0,"Ѕeyeon",-8.108,-62.216,0,"인생최패망자",18.001,-40.019,0,"ibqrqki",11.257,-61.589,0,"あおいぬ",52.047,-98.536,0,"カズティー",-0.289,-123.523,0,"NABIMan",-50.527,-102.252,0,0,0,0,0,0,"",0,0,0,0,4263.285,,4264.06,,0,0
76,3,0,6,1,2,1,1,1,0,1,11,255,13,35,4277.712,"白霜らいふ",R,10,85,126,1.674,-0.989,0.4,1.705,0.27,1.411,-36.592,28.768,93,7,0,2,0,0,400,10.546,0,0,1,2,6,L,"Sabo_10",185.3,88,0.452,3,69,W,Y,4278.636,255,80,119,85,30,145,116,0.097,-21.115,0.88,0,0.45,22.335,-477.882,-100.983,0.137,-37.137,0,"P0TA0",0.042,-17.073,0,"ʚEveɞ",-17.938,-43.462,0,"Ѕeyeon",-8.487,-61.44,88,"인생최패망자",16.335,-42.764,0,"ibqrqki",12.638,-61.859,99,"あおいぬ",51.971,-98.518,0,"カズティー",-0.383,-120.195,0,"NABIMan",-49.761,-101.525,0,4279.068,6.287,-35.314,4280.251,5,"ibqrqki",15.987,-56.592,0,0,,4283.941,,4283.468,402,2
77,4,1,6,1,0,0,0,0,0,0,255,255,255,40,4338.928,"Muna_328",R,27,76,127,1.867,0.888,0.358,2.328,0.802,1.933,-36.685,62.845,81,17,2,4,0,0.182,-128.055,9.355,0,0,1,7,3,R,"Ѕeyeon",171.3,85,0.4,0,69,W,Y,0,0,0,0,0,0,0,0,0,0,0,0,0,0,0,0,0.676,-37.094,0,"Megu3568",0.085,-18.086,0,"濃いめのラー油",-21.498,-46.328,0,"Fresh825",-14.848,-64.384,0,"하루（Haru）",18.828,-48.432,0,"schmoneymikey",8.946,-66.516,0,"Sabo_10",39.819,-90.787,0,"うよすま",-4.573,-112.904,0,"Dοpi",-44.453,-89.512,0,0,0,0,0,0,"",0,0,0,0,4340.139,,,,0,0
78,4,1,6,1,0,1,0,0,0,0,255,255,255,41,4362.922,"Muna_328",R,10,81,121,-0.566,-1.211,0.196,1.981,-0.018,1.407,-36.685,21.115,97,3,0,1,0,-141.515,400,17.14,0,0,0,7,3,R,"Ѕeyeon",171.3,85,0.4,0,69,W,Y,0,0,0,0,0,0,0,0,0,0,0,0,0,0,0,0,0.175,-37.059,0,"Megu3568",-0.197,-18.367,0,"濃いめのラー油",-21.885,-46.485,0,"Fresh825",-14.823,-64.338,0,"하루（Haru）",17.953,-48.74,0,"schmoneymikey",8.821,-66.262,0,"Sabo_10",40.049,-91.103,0,"うよすま",-6.34,-116.911,0,"Dοpi",-45.397,-88.422,0,0,0,0,0,0,"",0,0,0,0,4364.191,,,,0,0
79,4,1,6,1,1,1,0,0,0,0,255,255,255,42,4382.514,"Muna_328",R,26,83,134,-0.226,0.668,0.181,2.281,0.017,1.746,-36.685,54.091,81,13,6,0,0,-84.452,-200,21.384,0,0,0,7,3,R,"Ѕeyeon",171.3,85,0.4,0,69,W,Y,0,0,0,0,0,0,0,0,0,0,0,0,0,0,0,0,0.35,-37.446,0,"Megu3568",-0.153,-17.945,0,"濃いめのラー油",-21.838,-46.577,0,"Fresh825",-14.832,-64.27,0,"하루（Haru）",17.359,-48.27,0,"schmoneymikey",8.813,-66.347,0,"Sabo_10",40.107,-91.192,0,"うよすま",-5.437,-115.696,0,"Dοpi",-46.108,-88.172,0,0,0,0,0,0,"",0,0,0,0,4383.75,,,,0,0
80,4,1,6,1,1,2,0,0,0,0,255,255,255,43,4399.343,"Muna_328",R,26,82,133,-1.236,-0.106,0.122,2.154,-0.362,1.308,-36.685,40.935,84,12,4,2,0,-134.25,-200,46.098,0,0,1,7,3,R,"Ѕeyeon",171.3,85,0.4,3,69,W,Y,4400.344,193,65,86,64,31,145,113,109,-50.214,0.78,0,0.71,364.561,67.173,15.007,0.188,-36.924,0,"Megu3568",-0.175,-18.08,0,"濃いめのラー油",-21.271,-46.007,0,"Fresh825",-14.821,-64.047,0,"하루（Haru）",18.891,-49.09,0,"schmoneymikey",8.599,-66.301,0,"Sabo_10",40.124,-91.18,0,"うよすま",-8.392,-114.324,0,"Dοpi",-46.022,-88.085,0,0,0,0,0,0,"",0,0,0,0,,,,,16,3
81,4,1,6,1,1,2,0,0,0,0,255,255,255,44,4423.559,"Muna_328",R,28,75,126,2.773,0.683,0.447,2.292,1.271,1.861,-36.685,57.895,76,19,5,2,0,-48.892,-86.315,6.357,0,0,1,7,3,R,"Ѕeyeon",171.3,85,0.4,3,69,W,Y,4424.6,199,84,87,106,48,145,84,108.979,53.712,-0.8,0,0.524,473.048,-170.813,-82.476,0.607,-37.281,0,"Megu3568",0.252,-18.271,0,"濃いめのラー油",-21.34,-45.96,0,"Fresh825",-15.224,-63.519,0,"하루（Haru）",18.477,-47.179,0,"schmoneymikey",8.242,-66.389,0,"Sabo_10",40.115,-91.187,0,"うよすま",-4.426,-115.214,0,"Dοpi",-45.476,-88.719,0,4430.045,35.331,10.826,0,0,"",0,0,0,0,,,,,16,3
82,4,1,6,1,1,2,0,0,0,0,255,255,255,45,4448.34,"Muna_328",R,10,81,123,1.405,-1.061,0.348,2.177,0.687,1.393,-36.685,35.109,93,7,0,2,0,-52.533,337.075,3.933,0,0,1,7,3,R,"Ѕeyeon",171.3,85,0.4,3,68,W,Y,4449.315,178,88,88,90,36,145,125,25.614,21.163,0.69,0,0.744,247.496,397.081,338.245,0.132,-36.776,0,"Megu3568",0.136,-18.121,0,"濃いめのラー油",-21.337,-45.899,0,"Fresh825",-14.475,-63.888,0,"하루（Haru）",19.33,-48.374,0,"schmoneymikey",7.817,-66.79,73,"Sabo_10",40.382,-91.773,0,"うよすま",-3.843,-114.358,0,"Dοpi",-42.751,-88.324,91,4454.235,-50.887,-118.589,4456.112,8,"Dοpi",-48.459,-111.16,1,0,,4458.713,,,208,2
83,4,1,6,1,0,0,0,0,1,0,255,3,255,46,4487.343,"Muna_328",R,29,78,128,-1.596,-0.17,0.129,2.153,-0.33,1.293,-36.685,39.114,83,13,4,2,0,-246.068,-165.858,28.597,0,0,1,8,5,L,"ibqrqki",164.9,86.676,0.654,3,68,W,Y,4488.447,255,64,74,61,23,143,80,100.449,-64.011,-0.88,0,0.121,380.244,402.772,-51.904,0.151,-37.564,0,"Megu3568",-0.246,-18.109,0,"濃いめのラー油",-20.208,-44.966,0,"Fresh825",-11.974,-62.42,0,"하루（Haru）",20.758,-46.158,0,"schmoneymikey",13.575,-63.26,0,"Sabo_10",49.591,-94.574,0,"うよすま",6.407,-111.099,0,"Dοpi",-40.029,-87.744,0,4494.16,-27.938,0.382,0,0,"",0,0,0,0,,4491.982,,,16,3
84,4,1,6,1,0,1,0,0,1,0,255,3,255,47,4511.904,"Muna_328",R,27,79,129,-0.903,1.225,0.105,2.369,-0.196,2.077,-36.685,54.238,84,11,4,1,0,-132.078,-138.849,15.611,0,0,0,8,5,L,"ibqrqki",164.9,86.676,0.654,0,68,W,Y,0,0,0,0,0,0,0,0,0,0,0,0,0,0,0,0,0.069,-36.991,0,"Megu3568",-0.146,-17.845,0,"濃いめのラー油",-20.062,-45.136,0,"Fresh825",-12.115,-65.166,0,"하루（Haru）",21.754,-43.938,0,"schmoneymikey",13.027,-64.127,0,"Sabo_10",48.997,-93.343,0,"うよすま",4.461,-115.068,0,"Dοpi",-38.495,-85.295,0,0,0,0,0,0,"",0,0,0,0,4513.295,4515.154,,,0,0
85,4,1,6,1,1,1,0,0,1,0,255,3,255,48,4531.868,"Muna_328",R,27,77,128,-0.077,0.206,0.212,2.216,0.057,1.528,-36.685,48.02,81,15,4,2,0,-63.419,-133.893,19.214,0,0,1,8,5,L,"ibqrqki",164.9,86.676,0.654,3,68,W,Y,4533.017,183,58,40,48,14,126,71,35.65,-21.879,-0.83,0,0.119,480.279,-239.067,-81.307,0.033,-37.069,0,"Megu3568",-0.154,-17.831,0,"濃いめのラー油",-20.036,-45.079,0,"Fresh825",-6.279,-63.992,71,"하루（Haru）",21.701,-46.451,0,"schmoneymikey",12.995,-63.845,107,"Sabo_10",49.105,-93.41,0,"うよすま",6.515,-110.884,0,"Dοpi",-39.589,-86.949,0,4538.005,24.486,-70.666,4538.366,5,"schmoneymikey",23.44,-68.649,0,0,,4541.15,,,336,1
86,4,1,6,1,0,0,2,0,0,0,255,255,255,49,4562.538,"Muna_328",R,31,89,140,-1.848,-0.597,0.067,2.113,-0.619,1.173,-36.685,30.878,88,10,3,2,0,-93.858,-55.594,15.606,0,0,1,0,8,L,"NABIMan",175,84.228,0.48,3,68,W,Y,4563.513,255,114,40,134,14,129,111,-30,38.639,0.14,0,0.462,-253.285,-284.85,323.549,0.156,-36.93,0,"Megu3568",-0.325,-18.14,0,"濃いめのラー油",-22.093,-45.511,0,"Fresh825",-12.755,-64.5,0,"하루（Haru）",21.456,-47.053,0,"schmoneymikey",13.346,-64.033,0,"Sabo_10",46.878,-93.488,0,"うよすま",3.176,-112.079,0,"Dοpi",-42.106,-92.789,0,4563.547,-0.991,-21.394,4565.022,2,"濃いめのラー油",-18.215,-43.073,0,0,,,,,8,2
87,4,0,6,1,0,0,0,0,0,0,255,255,255,36,4627.382,"白霜らいふ",R,10,91,128,0.71,-1.8,0.369,1.737,0.299,0.903,-36.592,28.733,89,11,0,2,0,0,400,16.459,0,0,1,3,2,L,"濃いめのラー油",188.5,87.309,0.8,3,68,W,Y,4628.515,255,62,110,102,25,145,125,-30,-32.989,0.75,0,0.233,-150.408,335.1,157.665,0.474,-36.977,0,"P0TA0",0.072,-16.897,0,"ʚEveɞ",-21.07,-48.119,92,"Ѕeyeon",-13.358,-65.954,0,"인생최패망자",16.777,-42.472,111,"ibqrqki",13.724,-63.812,0,"あおいぬ",46.589,-98.354,0,"カズティー",-2.784,-116.058,0,"NABIMan",-44.338,-96.212,0,4628.468,0.345,-20.228,4629.716,4,"인생최패망자",13.591,-40.693,0,0,,,,,6,2
88,4,0,6,1,0,0,1,0,0,0,255,255,255,37,4650.825,"白霜らいふ",R,0,73,124,1.598,1.507,0.501,1.895,0.681,2.548,-36.592,52.217,88,12,0,2,0,0,0,2.092,0,0,1,4,0,R,"Muna_328",190,89.724,0.4,3,68,W,Y,4651.918,255,102,104,26,6,145,89,-31.039,-25.165,-0.86,0,0.639,541.402,-49.548,-50.421,0.384,-36.9,0,"P0TA0",-0.035,-17.03,0,"ʚEveɞ",-20.881,-47.034,94,"Ѕeyeon",-15.636,-64.577,0,"인생최패망자",16.823,-45.939,120,"ibqrqki",10.547,-65.442,0,"あおいぬ",43.573,-107.954,0,"カズティー",-0.354,-123.168,0,"NABIMan",-47.755,-94.185,0,4652.072,1.445,-22.476,4653.701,4,"인생최패망자",13.954,-40.489,0,0,,,,,6,2
89,4,0,6,1,0,0,2,0,0,0,255,255,255,38,4675.932,"白霜らいふ",R,10,89,128,-0.179,-2.529,0.211,1.707,-0.086,0.103,-36.592,18.542,94,6,0,1,0,0,400,21.731,-0.099,-17.978,0,5,4,L,"하루（Haru）",190,90.172,0.403,0,68,W,Y,0,0,0,0,0,0,0,0,0,0,0,0,0,0,0,0,0.295,-37.06,0,"P0TA0",-0.11,-17.399,0,"ʚEveɞ",-20.892,-47.027,0,"Ѕeyeon",-13.28,-65.883,0,"인생최패망자",18.584,-44.979,0,"ibqrqki",13.242,-63.751,0,"あおいぬ",52.34,-101.184,0,"カズティー",1.004,-118.431,0,"NABIMan",-44.314,-95.637,0,0,0,0,0,0,"",0,0,0,0,4678.812,,,,0,0
90,4,0,6,1,1,0,2,0,0,0,255,255,255,39,4692.743,"白霜らいふ",R,0,73,112,0.611,-1.181,0.581,1.844,0.248,0.867,-36.592,58.498,89,11,0,1,0,0,6.55,0.061,-0.064,-18.016,0,5,4,L,"하루（Haru）",190,90.172,0.403,0,68,W,Y,0,0,0,0,0,0,0,0,0,0,0,0,0,0,0,0,0.04,-37.931,0,"P0TA0",0.056,-17.008,0,"ʚEveɞ",-21.126,-47.413,0,"Ѕeyeon",-13.46,-66.479,0,"인생최패망자",18.315,-45.142,0,"ibqrqki",13.217,-63.696,0,"あおいぬ",50.532,-100.207,0,"カズティー",0.991,-118.413,0,"NABIMan",-43.825,-95.415,0,0,0,0,0,0,"",0,0,0,0,4696.31,,,,0,0
91,4,0,6,1,2,0,2,0,0,0,255,255,255,40,4710.463,"白霜らいふ",R,26,97,132,0.886,-0.804,0.24,1.316,0.404,0.928,-36.592,17.263,50,50,0,0,0,-19.476,-200,51.733,0,0,0,5,4,L,"하루（Haru）",190,90.172,0.403,0,68,W,Y,0,0,0,0,0,0,0,0,0,0,0,0,0,0,0,0,0.341,-37.325,0,"P0TA0",0.141,-17.009,0,"ʚEveɞ",-21.206,-47.403,0,"Ѕeyeon",-13.52,-66.46,0,"인생최패망자",18.643,-45.061,0,"ibqrqki",13.144,-63.686,0,"あおいぬ",50.412,-100.279,0,"カズティー",0.629,-118.408,0,"NABIMan",-43.829,-95.424,0,0,0,0,0,0,"",0,0,0,0,4711.933,,,,0,0
92,4,0,6,1,2,1,2,0,0,0,255,255,255,41,4730.493,"白霜らいふ",R,13,89,112,-1.493,-1.075,0.143,1.322,0.04,1.355,-36.592,11.613,57,43,0,1,0,-385.679,318.201,-44.021,-0.63,-16.938,0,5,4,L,"하루（Haru）",190,90.172,0.403,0,68,W,Y,0,0,0,0,0,0,0,0,0,0,0,0,0,0,0,0,0.357,-37.657,0,"P0TA0",-0.089,-16.88,0,"ʚEveɞ",-21.169,-47.307,0,"Ѕeyeon",-13.269,-65.911,0,"인생최패망자",18.939,-44.893,0,"ibqrqki",13.205,-63.726,0,"あおいぬ",50.437,-100.299,0,"カズティー",0.603,-118.331,0,"NABIMan",-42.331,-96.318,0,0,0,0,0,0,"",0,0,0,0,4732.095,,,,0,0
93,4,0,6,1,3,1,2,0,0,0,255,255,255,42,4749.453,"白霜らいふ",R,3,72,102,0.904,1.194,0.545,1.83,1.138,2.379,-36.592,55.532,93,7,0,1,0,-373.251,0.804,-14.254,0,0,0,5,4,L,"하루（Haru）",190,90.172,0.403,0,68,W,Y,0,0,0,0,0,0,0,0,0,0,0,0,0,0,0,0,0.363,-36.947,0,"P0TA0",-0.012,-16.969,0,"ʚEveɞ",-21.058,-47.422,0,"Ѕeyeon",-13.425,-65.371,0,"인생최패망자",18.654,-44.875,0,"ibqrqki",13.596,-63.462,0,"あおいぬ",50.104,-100.516,0,"カズティー",0.537,-118.332,0,"NABIMan",-40.609,-95.175,0,0,0,0,0,0,"",0,0,0,0,4751.104,,,,0,5
94,4,0,6,1,0,0,2,1,0,0,14,255,255,43,4787.45,"白霜らいふ",R,10,77,118,0.338,-0.979,0.415,1.875,0.135,1.538,-36.592,40.631,97,3,0,2,0,0,400,1.205,0,0,1,6,5,L,"schmoneymikey",175.4,80,0.2,3,67,W,Y,4788.599,255,105,147,4,0,145,93,7.01,-55.411,0.95,0,0.34,114.998,80.74,-154.766,0.266,-37.105,0,"P0TA0",-0.007,-17.041,0,"ʚEveɞ",-20.829,-46.423,0,"Ѕeyeon",-13.307,-65.282,0,"인생최패망자",18.049,-43.332,0,"ibqrqki",13.339,-64.081,0,"あおいぬ",49.314,-99.206,0,"カズティー",0.549,-112.622,0,"NABIMan",-44.219,-97.324,0,4789.774,20.631,-35.181,0,0,"",0,0,0,0,,,,,0,3
95,4,0,6,1,0,1,2,1,0,0,14,255,255,44,4809.842,"白霜らいふ",R,10,85,111,0.941,-2.062,0.437,1.645,0.397,0.967,-36.592,34.168,91,9,0,4,0,0,400,12.478,0.154,-19.225,1,6,5,L,"schmoneymikey",175.4,80,0.2,0,67,W,Y,0,0,0,0,0,0,0,0,0,0,0,0,0,0,0,0,0.294,-37.479,0,"P0TA0",0.038,-17.006,0,"ʚEveɞ",-20.311,-43.305,0,"Ѕeyeon",-9.35,-60.606,0,"인생최패망자",17.73,-43.952,0,"ibqrqki",13.369,-64.378,0,"あおいぬ",47.713,-99.311,0,"カズティー",-0.14,-113.492,0,"NABIMan",-45.671,-103.197,0,0,0,0,0,0,"",0,0,0,0,4811.51,,,,0,0
96,4,0,6,1,0,2,2,1,0,0,14,255,255,45,4834.441,"白霜らいふ",R,0,74,125,0.278,-0.746,0.503,1.898,0.105,1.149,-36.592,49.183,88,12,0,2,0,0,1.099,2.313,0,0,1,6,5,L,"schmoneymikey",175.4,80,0.2,3,67,W,Y,4835.538,244,112,119,114,0,145,96,41.941,1.575,-0.29,0,0.223,430.021,-246.385,-273.399,0.339,-36.924,0,"P0TA0",0.026,-17.013,0,"ʚEveɞ",-19.243,-45.872,0,"Ѕeyeon",-11.857,-63.388,0,"인생최패망자",18.027,-43.773,0,"ibqrqki",12.347,-64.321,0,"あおいぬ",47.68,-99.442,0,"カズティー",0.121,-114.482,113,"NABIMan",-44.859,-103.125,0,4841.352,3.959,-93.472,4841.447,7,"カズティー",3.804,-91.601,0,0,,4839.8,4844.797,,16,1
97,5,1,6,1,0,0,0,0,0,0,255,255,255,50,4899.876,"Muna_328",R,14,59,102,-0.204,-0.206,0.02,2.136,-0.837,1.934,-36.685,30.124,98,2,0,2,0,362.039,312.348,18.657,0,0,1,1,2,L,"ʚEveɞ",190,85.27,0.396,3,67,W,Y,4900.935,255,124,100,69,19,145,130,28.221,-26.706,0.66,0,0.569,448.671,-175.449,-235.739,0.144,-37.344,0,"Megu3568",-0.257,-17.977,0,"濃いめのラー油",-22.607,-46.503,0,"Fresh825",-13.618,-65.065,0,"하루（Haru）",21.47,-47.795,0,"schmoneymikey",13.314,-62.822,0,"Sabo_10",44.412,-96.514,0,"うよすま",-1.687,-120.979,0,"Dοpi",-45.593,-91.394,0,4906.403,59.276,-123.671,0,0,"",0,0,0,0,,4915.08,4920.53,,16,4
98,5,1,7,1,0,0,0,0,0,0,255,255,255,51,4950.342,"Muna_328",R,26,83,135,0.981,0.459,0.332,2.178,0.614,1.733,-36.685,43.417,91,7,2,2,0,-140.877,-156.777,29.513,0,0,1,2,4,R,"인생최패망자",190,80,0.399,3,67,W,Y,4951.379,255,121,112,125,50,145,91,54.35,1.299,-0.8,0,0.439,313.528,-72.911,341.594,0.393,-37.388,0,"Megu3568",0.239,-17.898,0,"濃いめのラー油",-21.121,-46.01,0,"Fresh825",-15.273,-63.718,0,"하루（Haru）",18.71,-49.19,0,"schmoneymikey",9.044,-66.231,0,"Sabo_10",46.788,-97.493,0,"うよすま",2.32,-124.512,0,"Dοpi",-49.24,-98.922,0,0,0,0,4957.535,3,"Fresh825",-2.929,-75.061,0,0,,,,,272,1
99,5,1,7,1,0,0,1,0,0,0,255,255,255,52,4988.691,"Muna_328",R,26,78,128,2.518,0.242,0.429,2.127,1.067,1.569,-36.685,42.56,85,10,5,1,0,10.858,-175.089,19.965,0,0,0,3,1,R,"P0TA0",190,95.63,0.525,0,40,W,Y,0,0,0,0,0,0,0,0,0,0,0,0,0,0,0,0,0.429,-37.278,0,"Megu3568",0.354,-17.868,0,"濃いめのラー油",-22.098,-47.252,0,"Fresh825",-16.076,-63.02,0,"하루（Haru）",19.235,-48.957,0,"schmoneymikey",8.736,-65.831,0,"Sabo_10",46.724,-96.425,0,"うよすま",1.348,-117.864,0,"Dοpi",-53.907,-100.665,0,0,0,0,0,0,"",0,0,0,0,4989.901,,,,0,0
100,5,1,7,1,1,0,1,0,0,0,255,255,255,53,5013.242,"Muna_328",R,13,75,113,0.199,-1.088,0.342,2.074,0.663,1.397,-36.685,29.687,90,10,0,2,0,-324.593,380.315,19.834,0,0,0,3,1,R,"P0TA0",190,95.63,0.525,3,40,W,Y,5014.258,238,177,146,121,57,145,87,-30,56.708,1,0,0.24,182.351,-348.156,-231.09,0.149,-36.911,0,"Megu3568",-0.155,-17.698,0,"濃いめのラー油",-22.131,-47.114,0,"Fresh825",-16.33,-62.968,0,"하루（Haru）",19.156,-49.191,0,"schmoneymikey",8.403,-65.869,0,"Sabo_10",46.257,-96.99,0,"うよすま",-5.397,-122.062,0,"Dοpi",-54.879,-99.788,0,5014.337,-1.224,-20.831,0,0,"",0,0,0,0,,,,,16,3
101,5,1,7,1,1,1,1,0,0,0,255,255,255,54,5036.605,"Muna_328",R,13,67,108,1.738,0.121,0.471,2.224,1.262,2.217,-36.685,48.845,89,11,0,2,0,-271.347,400,2.945,0,0,1,3,1,R,"P0TA0",190,95.63,0.525,3,40,W,Y,5037.678,255,69,87,57,23,145,130,26.075,41.244,0.4,0,0.156,293.312,91.055,305.422,0.127,-36.894,0,"Megu3568",0.235,-17.675,0,"濃いめのラー油",-21.98,-45.852,0,"Fresh825",-16.494,-63.75,0,"하루（Haru）",18.958,-49.02,0,"schmoneymikey",8.513,-66.666,0,"Sabo_10",43.466,-93.981,0,"うよすま",3.776,-120.837,0,"Dοpi",-51.767,-100.858,0,5042.376,-78.532,-102.06,0,0,"",0,0,0,0,5122.666,5048.242,5053.456,,30,4
102,5,1,8,1,0,0,1,0,0,0,255,255,255,0,5267.105,"Megu3568",R,26,95,140,-1.151,-0.492,0.057,1.509,-0.666,1.159,-36.591,2.581,57,43,0,0,0,120.006,-171.317,14.897,0,0,0,4,7,R,"カズティー",175,84.645,0.33,0,45,W,Y,0,0,0,0,0,0,0,0,0,0,0,0,0,0,0,0,0.135,-37.369,0,"濃いめのラー油",-0.04,-17.489,0,"Muna_328",-24.896,-48.441,0,"Fresh825",-15.808,-63.247,0,"하루（Haru）",19.496,-49.76,0,"schmoneymikey",8.529,-66.053,0,"Sabo_10",42.74,-91.458,0,"うよすま",-3.33,-115.572,0,"Dοpi",-44.184,-92.158,0,0,0,0,0,0,"",0,0,0,0,5268.343,,,,0,0
103,5,1,8,1,0,1,1,0,0,0,255,255,255,1,5288.304,"Megu3568",R,10,94,118,-0.542,-1.405,0.144,1.502,-0.174,1.307,-36.591,5.268,58,42,0,2,0,-38.88,400,9.202,0,0,1,4,7,R,"カズティー",175,84.645,0.33,3,45,W,Y,5289.288,255,132,118,79,69,145,126,-7.19,-24.931,0.7,0,0.834,-481.531,312.806,-143.477,-0.255,-37.136,0,"濃いめのラー油",-0.032,-17.491,0,"Muna_328",-24.873,-48.427,0,"Fresh825",-15.971,-63.641,76,"하루（Haru）",18.933,-49.677,0,"schmoneymikey",8.617,-65.518,0,"Sabo_10",42.589,-91.378,0,"うよすま",-3.95,-119.4,0,"Dοpi",-44.595,-90.795,0,5289.456,1.357,-23.743,5292.479,6,"Sabo_10",29.259,-89.363,1,0,,,,,262,2
104,5,1,8,1,0,0,1,1,0,0,7,255,255,2,5317.768,"Megu3568",R,13,83,108,0.686,-0.556,0.486,1.705,0.886,1.773,-36.591,22.656,70,30,0,0,0,-319.641,379.487,13.253,0,0,0,5,9,R,"sano jpn",190,91.118,0.561,0,66,W,Y,0,0,0,0,0,0,0,0,0,0,0,0,0,0,0,0,0.238,-37.586,0,"濃いめのラー油",-0.043,-17.504,0,"Muna_328",-20.914,-44.853,0,"Fresh825",-16.126,-62.755,0,"하루（Haru）",18.619,-48.319,0,"schmoneymikey",8.209,-65.601,0,"Sabo_10",46.438,-96.092,0,"うよすま",-5.295,-121.016,0,"Dοpi",-53.519,-98.991,0,0,0,0,0,0,"",0,0,0,0,5319.145,,,,0,0
105,5,1,8,1,0,1,1,1,0,0,7,255,255,3,5464.586,"Megu3568",R,26,81,132,3.016,1.083,0.436,1.79,1.099,2.108,-36.591,34.951,100,0,0,2,0,138.155,-196.199,6.497,0,0,1,5,9,R,"sano jpn",190,91.118,0.561,3,66,W,Y,5465.601,118,48,126,56,24,137,96,62.35,32.419,-0.31,0.19,0.521,235.445,396.826,-149.384,0.248,-37.181,0,"濃いめのラー油",0.045,-17.525,0,"Muna_328",-21.437,-44.666,0,"Fresh825",-15.583,-63.214,74,"하루（Haru）",18.887,-50.381,0,"schmoneymikey",8.149,-65.666,0,"Sabo_10",45.388,-95.052,0,"うよすま",-4.249,-122.417,0,"Dοpi",-53.006,-100.563,0,0,0,0,5472.145,3,"Fresh825",-32.988,-62.303,0,0,,,,,258,1
106,5,1,8,1,0,0,2,1,0,0,7,255,255,4,5499.206,"Megu3568",R,26,81,132,2.72,1.19,0.408,1.777,0.967,2.1,-36.591,31.481,100,0,0,2,0,141.412,-192.648,4.095,0,0,1,6,6,R,"あおいぬ",175.6,90.486,0.43,3,66,W,Y,5500.216,146,48,120,77,34,145,93,-23.963,42.463,-0.44,0,0.257,-84.37,475.644,-168.692,0.346,-37.262,0,"濃いめのラー油",0.123,-17.714,0,"Muna_328",-21.129,-45.569,102,"Fresh825",-17.266,-62.346,0,"하루（Haru）",20.184,-51.545,0,"schmoneymikey",7.608,-64.695,0,"Sabo_10",42.718,-91.852,0,"うよすま",-2.909,-116.852,0,"Dοpi",-46.689,-92.666,0,5500.366,-1.964,-22.5,5501.855,2,"Muna_328",-19.446,-41.184,0,0,,5505.108,,,20,2
107,5,0,8,1,0,0,0,0,0,0,255,255,255,46,5568.296,"白霜らいふ",R,10,89,128,-1.179,-1.607,0.314,1.838,-0.522,1.108,-36.592,32.593,90,10,0,1,0,0,400,13.851,-0.43,-17.935,0,7,8,R,"Dοpi",176.4,90,0.35,0,66,W,Y,0,0,0,0,0,0,0,0,0,0,0,0,0,0,0,0,0.541,-37.1,0,"P0TA0",-0.075,-16.93,0,"ʚEveɞ",-21.566,-47.515,0,"Ѕeyeon",-15.375,-64.242,0,"인생최패망자",18.43,-47.033,0,"ibqrqki",10.108,-64.909,0,"あおいぬ",38.13,-106.812,0,"カズティー",0.276,-111.318,0,"NABIMan",-47.803,-91.797,0,0,0,0,0,0,"",0,0,0,0,5570.831,,,,0,0
108,5,0,8,1,1,0,0,0,0,0,255,255,255,47,5586.102,"白霜らいふ",R,26,90,140,0.623,-0.264,0.184,1.587,0.365,1.263,-36.592,7.987,50,50,0,0,0,-80.672,-200,43.718,0,0,0,7,8,R,"Dοpi",176.4,90,0.35,0,66,W,Y,0,0,0,0,0,0,0,0,0,0,0,0,0,0,0,0,0.573,-37.047,0,"P0TA0",0.076,-16.804,0,"ʚEveɞ",-21.539,-47.54,0,"Ѕeyeon",-15.468,-64.28,0,"인생최패망자",18.252,-47.236,0,"ibqrqki",10.204,-65.125,0,"あおいぬ",39.972,-100.653,0,"カズティー",0.261,-111.284,0,"NABIMan",-47.822,-91.627,0,0,0,0,0,0,"",0,0,0,0,5587.191,,,,0,0
109,5,0,8,1,1,1,0,0,0,0,255,255,255,48,5599.659,"白霜らいふ",R,26,89,140,1.075,0.237,0.414,1.717,0.455,1.552,-36.592,34.317,94,6,0,2,0,-0.049,-200,10.104,0,0,1,7,8,R,"Dοpi",176.4,90,0.35,3,66,W,Y,5600.455,89,113,15,33,11,29,46,-40.694,13.257,0.7,0,0.18,-262.374,491.193,-21.627,0.4,-37.305,0,"P0TA0",0.177,-17.07,0,"ʚEveɞ",-21.48,-47.496,93,"Ѕeyeon",-15.136,-64.801,0,"인생최패망자",18.417,-47.246,0,"ibqrqki",10.283,-65.374,0,"あおいぬ",38.474,-99.026,0,"カズティー",0.257,-111.282,0,"NABIMan",-47.708,-91.599,0,5600.616,-0.058,-20.128,5602.612,0,"白霜らいふ",-3.034,-33.275,0,0,,,,,2,2
110,5,0,8,1,0,0,1,0,0,0,255,255,255,49,5626.108,"白霜らいふ",R,10,85,127,0.944,-1.607,0.392,1.794,0.4,1.141,-36.592,32.97,90,10,0,1,0,0,400,14.324,0,0,0,8,3,L,"Fresh825",173,80,0.2,0,61,W,Y,0,0,0,0,0,0,0,0,0,0,0,0,0,0,0,0,0.303,-37.152,0,"P0TA0",0.099,-16.859,0,"ʚEveɞ",-20.294,-46.373,0,"Ѕeyeon",-13.101,-65.926,0,"인생최패망자",19.259,-44.908,0,"ibqrqki",13.324,-62.11,0,"あおいぬ",48.053,-98.491,0,"カズティー",1.053,-111.378,0,"NABIMan",-40.923,-96.44,0,0,0,0,0,0,"",0,0,0,0,5627.581,,,,0,0
111,5,0,8,1,1,0,1,0,0,0,255,255,255,50,5640.048,"白霜らいふ",R,10,88,128,0.483,-1.117,0.324,1.665,0.201,1.422,-36.592,22.783,91,9,0,1,0,0,400,12.306,0.029,-18.132,0,8,3,L,"Fresh825",173,80,0.2,0,61,W,Y,0,0,0,0,0,0,0,0,0,0,0,0,0,0,0,0,0.395,-36.937,0,"P0TA0",0.077,-17.572,0,"ʚEveɞ",-20.329,-46.32,0,"Ѕeyeon",-13.432,-66.185,0,"인생최패망자",19.057,-45.008,0,"ibqrqki",13.238,-61.968,0,"あおいぬ",48.039,-98.433,0,"カズティー",1.052,-111.374,0,"NABIMan",-41.527,-95.141,0,0,0,0,0,0,"",0,0,0,0,5643.722,,,,0,0
112,5,0,8,1,2,0,1,0,0,0,255,255,255,51,5657.377,"白霜らいふ",R,26,81,118,1.295,-0.923,0.311,1.6,0.541,0.845,-36.592,11.497,55,45,0,0,0,7.96,-200,29.935,0,0,0,8,3,L,"Fresh825",173,80,0.2,0,61,W,Y,0,0,0,0,0,0,0,0,0,0,0,0,0,0,0,0,0.454,-36.821,0,"P0TA0",0.079,-16.937,0,"ʚEveɞ",-20.248,-46.377,0,"Ѕeyeon",-13.226,-65.005,0,"인생최패망자",19.345,-45.164,0,"ibqrqki",13.312,-61.982,0,"あおいぬ",47.422,-98.864,0,"カズティー",1.049,-111.364,0,"NABIMan",-41.213,-94.344,0,0,0,0,0,0,"",0,0,0,0,5658.926,,,,0,0
113,5,0,8,1,2,1,1,0,0,0,255,255,255,52,5673.221,"白霜らいふ",R,10,78,106,2.437,-0.28,0.583,1.779,1.045,2.051,-36.592,54.332,87,13,0,2,0,-0.377,400,0.337,0,0,1,8,3,L,"Fresh825",173,80,0.2,3,61,W,Y,5674.385,255,127,104,100,92,145,126,-30,-34.037,0.54,0,0.142,-128.961,191.941,98.041,0.2,-37.175,0,"P0TA0",0.122,-17.084,0,"ʚEveɞ",-20.111,-46.472,0,"Ѕeyeon",-13.574,-65.947,0,"인생최패망자",18.463,-44.268,0,"ibqrqki",13.327,-62.062,0,"あおいぬ",47.607,-99.213,0,"カズティー",0.999,-111.41,0,"NABIMan",-41.209,-94.35,0,5674.47,1.289,-21.279,5675.687,4,"인생최패망자",15.281,-42.032,0,0,5893.222,,,,47,2
114,5,0,8,1,0,0,2,0,0,0,255,255,255,0,6153.677,"sano jpn",R,32,77,128,1.399,-0.299,0.415,1.296,0.295,1.38,-36.24,21.43,0,100,0,0,0,216.546,-59.361,-25.679,0.445,-17.894,0,0,7,R,"うよすま",175.4,85,0.568,0,49,W,Y,0,0,0,0,0,0,0,0,0,0,0,0,0,0,0,0,0.198,-37.647,0,"P0TA0",0.453,-17.652,0,"ʚEveɞ",-21.473,-47.796,0,"Ѕeyeon",-14.852,-63.158,0,"인생최패망자",18.144,-48.794,0,"ibqrqki",9.468,-65.375,0,"あおいぬ",37.184,-108.876,0,"カズティー",-0.137,-117.13,0,"NABIMan",-49.128,-94.705,0,0,0,0,0,0,"",0,0,0,0,6156.341,,,,0,0
115,5,0,8,1,0,1,2,0,0,0,255,255,255,1,6166.262,"sano jpn",R,13,76,102,-2.125,-1.102,0.402,1.373,-0.194,1.38,-36.24,21.538,31,69,0,1,0,-380.198,259.457,-9.589,0,0,0,0,7,R,"うよすま",175.4,85,0.568,0,49,W,Y,0,0,0,0,0,0,0,0,0,0,0,0,0,0,0,0,0.046,-37.651,0,"P0TA0",-0.033,-16.82,0,"ʚEveɞ",-21.52,-47.716,0,"Ѕeyeon",-14.902,-63.112,0,"인생최패망자",18.029,-48.76,0,"ibqrqki",9.637,-65.24,0,"あおいぬ",37.182,-108.889,0,"カズティー",0.237,-116.769,0,"NABIMan",-48.952,-94.632,0,0,0,0,0,0,"",0,0,0,0,6167.787,,,,0,0
116,5,0,8,1,1,1,2,0,0,0,255,255,255,2,6177.027,"sano jpn",R,33,75,113,-0.711,-0.852,0.388,1.226,-0.577,1.061,-36.24,28.974,24,76,0,2,0,148.977,-61.851,-14.331,0,0,1,0,7,R,"うよすま",175.4,85,0.568,3,49,W,Y,6178.113,255,93,108,146,32,145,109,20.026,3.158,0.85,0,0.389,242.126,463.135,280.179,0.116,-37.139,0,"P0TA0",-0.06,-16.998,0,"ʚEveɞ",-21.297,-47.805,0,"Ѕeyeon",-14.739,-63.164,0,"인생최패망자",16.738,-48.143,0,"ibqrqki",10.017,-65.263,0,"あおいぬ",37.348,-108.918,0,"カズティー",0.113,-116.613,89,"NABIMan",-48.179,-95.414,0,6183.012,-16.777,-117.374,6183.187,7,"カズティー",-16.11,-114.861,0,0,6210.535,,,,26,1
117,6,1,8,1,0,0,0,0,0,0,255,255,255,5,6328.72,"Megu3568",R,27,99,140,-5.633,-1.825,-0.149,1.441,-2.621,0.441,-36.591,20.293,37,63,0,1,0,125.418,-128.206,19.887,0,0,0,7,3,R,"Ѕeyeon",171.3,85,0.4,0,64,W,Y,0,0,0,0,0,0,0,0,0,0,0,0,0,0,0,0,0.168,-37.519,0,"濃いめのラー油",-0.277,-17.825,0,"Muna_328",-23.658,-47.623,0,"Fresh825",-14.724,-62.728,0,"하루（Haru）",18.828,-51.947,0,"schmoneymikey",8.201,-66.259,0,"Sabo_10",39.043,-91.982,0,"うよすま",-5.182,-114.496,0,"Dοpi",-43.92,-92.49,0,0,0,0,0,0,"",0,0,0,0,6329.889,,,,0,0
118,6,1,8,1,1,0,0,0,0,0,255,255,255,6,6349.714,"Megu3568",R,26,87,140,-0.325,0.063,0.136,1.592,-0.298,1.446,-36.591,9.773,56,44,0,0,0,112.072,-200,18.094,0,0,0,7,3,R,"Ѕeyeon",171.3,85,0.4,0,64,W,Y,0,0,0,0,0,0,0,0,0,0,0,0,0,0,0,0,-0.002,-37.069,0,"濃いめのラー油",-0.053,-17.862,0,"Muna_328",-23.81,-47.516,0,"Fresh825",-14.804,-62.581,0,"하루（Haru）",18.787,-52.684,0,"schmoneymikey",8.322,-66.075,0,"Sabo_10",38.999,-91.961,0,"うよすま",-6.685,-115.695,0,"Dοpi",-44.881,-93.695,0,0,0,0,0,0,"",0,0,0,0,6350.922,,,,0,0
119,6,1,8,1,1,1,0,0,0,0,255,255,255,7,6372.96,"Megu3568",R,13,95,126,-3.023,-1.328,0.035,1.543,-0.769,1.27,-36.591,1.562,56,44,0,1,0,-353.891,353.216,19.865,0,0,0,7,3,R,"Ѕeyeon",171.3,85,0.4,0,64,W,Y,0,0,0,0,0,0,0,0,0,0,0,0,0,0,0,0,0.062,-37.06,0,"濃いめのラー油",-0.126,-17.913,0,"Muna_328",-23.875,-47.521,0,"Fresh825",-14.842,-62.592,0,"하루（Haru）",18.653,-53.004,0,"schmoneymikey",8.973,-65.688,0,"Sabo_10",39,-92.018,0,"うよすま",-7.193,-115.117,0,"Dοpi",-45.838,-92.176,0,0,0,0,0,0,"",0,0,0,0,6374.27,,,,0,0
120,6,1,8,1,2,1,0,0,0,0,255,255,255,8,6392.784,"Megu3568",R,26,94,140,-5.284,-1.356,-0.109,1.488,-2.468,0.655,-36.591,10.516,41,59,0,1,0,123.113,-182.622,18.128,0,0,0,7,3,R,"Ѕeyeon",171.3,85,0.4,0,64,W,Y,0,0,0,0,0,0,0,0,0,0,0,0,0,0,0,0,0.028,-37.516,0,"濃いめのラー油",-1.514,-20.358,0,"Muna_328",-23.857,-47.5,0,"Fresh825",-14.848,-62.565,0,"하루（Haru）",18.889,-52.454,0,"schmoneymikey",8.709,-66.207,0,"Sabo_10",39.031,-92.011,0,"うよすま",-5.347,-112.086,0,"Dοpi",-44.821,-90.794,0,0,0,0,0,0,"",0,0,0,0,6394.039,,,,0,0
121,6,1,8,1,3,1,0,0,0,0,255,255,255,9,6412.184,"Megu3568",R,0,74,112,-0.073,0.047,0.174,1.641,-0.082,1.632,-36.591,13.746,16,84,0,0,0,24.408,-1.889,31.366,0,0,1,7,3,R,"Ѕeyeon",171.3,85,0.4,0,64,W,Y,0,0,0,0,0,0,0,0,0,0,0,0,0,0,0,0,0.175,-37.496,0,"濃いめのラー油",-0.167,-17.921,0,"Muna_328",-23.044,-46.32,0,"Fresh825",-14.636,-63.842,0,"하루（Haru）",19.076,-52.419,0,"schmoneymikey",8.815,-66.338,0,"Sabo_10",39.038,-92.002,0,"うよすま",-5.517,-117.692,0,"Dοpi",-44.643,-89.052,0,0,0,0,0,0,"",0,0,0,0,6413.447,,,,0,0
122,6,1,8,1,3,2,0,0,0,0,255,255,255,10,6432.653,"Megu3568",R,29,67,107,-0.689,-0.101,0.218,1.652,0.055,1.658,-36.591,12.469,0,100,0,2,0,-189.218,67.5,12.323,0,0,1,7,3,R,"Ѕeyeon",171.3,85,0.4,3,64,W,Y,6433.684,248,88,120,88,35,145,125,10.389,-29.444,0.63,0,0.739,-364.353,292.307,-252.148,0.195,-37.169,0,"濃いめのラー油",-0.175,-17.996,0,"Muna_328",-23.993,-47.912,0,"Fresh825",-14.531,-63.614,0,"하루（Haru）",19.055,-52.427,85,"schmoneymikey",8.52,-66.242,0,"Sabo_10",39.02,-92.007,0,"うよすま",-6.612,-114.563,0,"Dοpi",-45.27,-90.481,0,0,0,0,6435.16,4,"하루（Haru）",15.974,-50.923,0,0,,,,,34,1
123,6,1,8,1,0,0,1,0,0,0,255,255,255,11,6459.205,"Megu3568",R,4,91,121,-0.524,0.991,0.239,1.84,0.122,2.127,-36.591,18.007,31,69,0,0,0,-220.22,0,12.625,0,0,0,8,5,L,"ibqrqki",164.9,86.676,0.654,0,64,W,Y,0,0,0,0,0,0,0,0,0,0,0,0,0,0,0,0,0.154,-37.72,0,"濃いめのラー油",-0.145,-17.848,0,"Muna_328",-17.887,-48.055,0,"Fresh825",-13.872,-64.343,0,"하루（Haru）",21.687,-48.231,0,"schmoneymikey",11.647,-64.634,0,"Sabo_10",47.803,-93.529,0,"うよすま",6.314,-106.382,0,"Dοpi",-37.91,-84.572,0,0,0,0,0,0,"",0,0,0,0,6460.639,,,,0,0
124,6,1,8,1,0,1,1,0,0,0,255,255,255,12,6494.371,"Megu3568",R,3,88,113,-0.511,0.471,0.377,1.733,0.55,1.859,-36.591,25.275,3,97,0,2,0,-439.959,0,10.559,0,0,1,8,5,L,"ibqrqki",164.9,86.676,0.654,3,64,W,Y,6495.42,228,114,53,77,43,137,122,25.4,11.901,0.5,0,0.143,64.155,28.011,-121.79,0.334,-37.383,0,"濃いめのラー油",0.02,-17.83,0,"Muna_328",-17.967,-48.344,0,"Fresh825",-12.774,-65.635,85,"하루（Haru）",21.512,-48.324,0,"schmoneymikey",11.513,-64.856,0,"Sabo_10",48.032,-93.863,0,"うよすま",8.229,-110.827,0,"Dοpi",-37.766,-85.313,0,6500.381,-22.27,-125.603,6502.431,7,"うよすま",-19.324,-128.478,1,0,,6504.833,,,259,2
125,6,1,8,1,0,0,1,0,1,0,255,5,255,13,6529.668,"Megu3568",R,13,76,104,0.288,0.007,0.453,1.798,0.783,2,-36.591,39.618,100,0,0,2,0,-339.297,251.509,2.328,0,0,0,0,8,L,"NABIMan",175.1,84.228,0.48,3,64,W,Y,6530.742,66,136,0,65,113,31,34,-55.587,-50.976,0.93,0,0.266,-336.244,-130.618,479.457,0.181,-37.216,0,"濃いめのラー油",-0.048,-17.864,0,"Muna_328",-17.961,-47.42,70,"Fresh825",-8.919,-66.609,72,"하루（Haru）",21.249,-46.347,0,"schmoneymikey",14.015,-63.611,0,"Sabo_10",42.808,-96.305,0,"うよすま",-3.22,-117.353,0,"Dοpi",-44.85,-94.417,0,6530.904,0.656,-20.279,6535.093,0,"Megu3568",6.191,-30.81,1,0,,6623.855,6535.872,,274,2
126,6,1,8,1,0,0,1,0,1,1,255,8,5,14,6650.955,"Megu3568",R,34,95,140,-5.14,-0.71,-0.085,1.559,-2.431,1.11,-36.591,7.814,36,64,0,4,0,99.578,-92.074,10.586,-1.049,-21.955,1,1,2,L,"ʚEveɞ",190,85.27,0.396,0,64,W,Y,0,0,0,0,0,0,0,0,0,0,0,0,0,0,0,0,0.096,-37.471,0,"濃いめのラー油",-1.087,-19.264,0,"Muna_328",-19.078,-47.11,0,"Fresh825",-11.372,-66.023,0,"하루（Haru）",19.486,-45.8,0,"schmoneymikey",14.032,-63.508,0,"Sabo_10",49.782,-99.507,0,"うよすま",0.122,-121.191,0,"Dοpi",-40.16,-98.432,0,0,0,0,0,0,"",0,0,0,0,6654.725,6653.292,,,0,0
127,6,1,8,1,0,0,1,1,1,1,255,8,5,15,6686.909,"Megu3568",R,34,89,140,-1.639,-0.038,0.02,1.636,-0.839,1.61,-36.591,9.981,4,96,0,2,0,92.156,25.468,20.51,0,0,1,2,4,R,"인생최패망자",190,80,0.399,3,64,W,Y,6687.89,255,99,136,99,57,145,130,25.602,-9.468,0.31,0,0.478,441.184,112.123,362.824,0.148,-37.166,0,"濃いめのラー油",-0.481,-17.658,0,"Muna_328",-24.228,-47.454,0,"Fresh825",-12.827,-60.866,0,"하루（Haru）",18.624,-48.719,0,"schmoneymikey",8.129,-65.273,0,"Sabo_10",48.919,-99.553,0,"うよすま",-0.709,-123.647,0,"Dοpi",-48.755,-97.312,0,6693.626,15.199,-141.678,0,0,"",0,0,0,0,,6695.101,6690.468,6699.774,2,4
128,6,1,12,1,0,0,1,0,0,0,255,255,255,16,6738.279,"Megu3568",R,26,91,140,-0.38,-0.19,0.124,1.558,-0.356,1.356,-36.591,4.153,46,54,0,0,0,140.307,-156.754,22.743,0,0,0,3,1,R,"P0TA0",190,95.63,0.525,0,64,W,Y,0,0,0,0,0,0,0,0,0,0,0,0,0,0,0,0,0.435,-37.471,0,"濃いめのラー油",0.008,-17.716,0,"Muna_328",-25.029,-48.499,0,"Fresh825",-14.26,-64.412,0,"하루（Haru）",19.831,-48.667,0,"schmoneymikey",7.686,-66.462,0,"Sabo_10",44.935,-94.382,0,"うよすま",-0.884,-123.761,0,"Dοpi",-54.174,-101.407,0,0,0,0,0,0,"",0,0,0,0,6739.376,,,,0,0
129,6,1,12,1,0,1,1,0,0,0,255,255,255,17,6757.174,"Megu3568",R,13,86,125,-0.427,-0.312,0.284,1.687,0.389,1.773,-36.591,20.856,53,47,0,2,0,-373.128,332.83,9.616,0,0,1,3,1,R,"P0TA0",190,95.63,0.525,3,64,W,Y,6758.043,255,172,202,119,56,145,130,-15.344,37.724,0.37,0,0.2,286.871,-493.513,-129.974,-0.02,-37.12,0,"濃いめのラー油",0.059,-17.762,0,"Muna_328",-24.891,-48.563,85,"Fresh825",-14.463,-64.388,0,"하루（Haru）",19.829,-48.715,0,"schmoneymikey",7.712,-66.595,0,"Sabo_10",44.755,-94.603,0,"うよすま",-2.923,-124.06,0,"Dοpi",-54.166,-101.407,0,6758.168,-2.159,-22.095,6759.572,2,"Muna_328",-21.365,-47.245,0,0,,,,,18,2
130,6,1,12,1,0,0,2,0,0,0,255,255,255,18,6785.552,"Megu3568",R,3,86,128,1.863,-0.42,0.502,1.565,1.403,1.355,-36.591,37.751,6,94,0,1,0,-399.919,0,1.774,0,0,0,4,7,R,"カズティー",175,84.645,0.33,0,64,W,Y,0,0,0,0,0,0,0,0,0,0,0,0,0,0,0,0,-0.516,-37.014,0,"濃いめのラー油",0.061,-17.903,0,"Muna_328",-23.734,-48.01,0,"Fresh825",-15.176,-64.113,0,"하루（Haru）",18.558,-49.122,0,"schmoneymikey",8.33,-66.052,0,"Sabo_10",39.685,-93.532,0,"うよすま",-7.568,-115.572,0,"Dοpi",-47.292,-89.144,0,0,0,0,0,0,"",0,0,0,0,6786.791,,,,0,0
131,6,1,12,1,1,0,2,0,0,0,255,255,255,19,6808.879,"Megu3568",R,26,93,140,-1.673,-0.862,0.006,1.453,-0.902,0.961,-36.591,11.156,42,58,0,1,0,127.174,-154.931,15.374,0,0,0,4,7,R,"カズティー",175,84.645,0.33,0,64,W,Y,0,0,0,0,0,0,0,0,0,0,0,0,0,0,0,0,0.066,-37.664,0,"濃いめのラー油",-0.67,-18.356,0,"Muna_328",-23.803,-47.942,0,"Fresh825",-15.173,-64.12,0,"하루（Haru）",18.532,-49.134,0,"schmoneymikey",8.099,-66.126,0,"Sabo_10",39.611,-93.524,0,"うよすま",-6.687,-116.352,0,"Dοpi",-46.978,-89.441,0,0,0,0,0,0,"",0,0,0,0,6810.168,,,,0,0
132,6,1,12,1,2,0,2,0,0,0,255,255,255,20,6840.103,"Megu3568",R,26,91,140,-0.266,-0.308,0.14,1.532,-0.281,1.239,-36.591,6.437,52,48,0,0,0,118.788,-200,13.629,0,0,0,4,7,R,"カズティー",175,84.645,0.33,0,64,W,Y,0,0,0,0,0,0,0,0,0,0,0,0,0,0,0,0,0.128,-37.289,0,"濃いめのラー油",-0.176,-17.889,0,"Muna_328",-23.694,-47.929,0,"Fresh825",-14.681,-63.838,0,"하루（Haru）",18.567,-48.939,0,"schmoneymikey",8.129,-65.668,0,"Sabo_10",36.983,-90.062,0,"うよすま",-4.912,-114.194,0,"Dοpi",-47.859,-92.756,0,0,0,0,0,0,"",0,0,0,0,6841.333,,,,0,0
133,6,1,12,1,2,1,2,0,0,0,255,255,255,21,6859.103,"Megu3568",R,26,87,140,1.246,0.448,0.289,1.656,0.415,1.675,-36.591,21.207,100,0,0,2,0,87.785,-200,11.76,0,0,1,4,7,R,"カズティー",175,84.645,0.33,3,64,W,Y,6860.049,231,164,102,86,24,145,127,27.263,-42.649,0.53,0,0.608,-183.93,87.103,45.032,0.245,-37.471,0,"濃いめのラー油",-0.028,-17.889,0,"Muna_328",-23.507,-47.98,0,"Fresh825",-14.865,-63.795,0,"하루（Haru）",18.778,-49.324,0,"schmoneymikey",7.971,-66.536,0,"Sabo_10",37.041,-90.024,107,"うよすま",-5.786,-118.166,0,"Dοpi",-47.812,-92.659,0,6864.864,67.575,-97.267,6866.385,6,"Sabo_10",61.687,-95.595,1,0,,6870.008,,,262,2
134,6,1,12,1,0,0,2,0,1,0,255,7,255,22,6891.209,"Megu3568",R,13,82,120,1.104,-0.218,0.432,1.717,1.081,1.872,-36.591,30.711,39,61,0,2,0,-364.907,341.823,6.091,0,0,1,5,0,R,"sano jpn",190,91.118,0.561,3,63,W,Y,6892.227,96,68,128,102,58,135,124,-16.534,-3.404,0.27,0.286,0.607,-235.469,536.672,-128.599,0.372,-37.601,0,"濃いめのラー油",-0.035,-17.882,0,"Muna_328",-23.509,-49.153,0,"Fresh825",-15.471,-63.078,0,"하루（Haru）",20.419,-46.661,0,"schmoneymikey",8.841,-64.985,0,"Sabo_10",48.88,-95.853,0,"うよすま",-0.589,-121.591,0,"Dοpi",-52.826,-101.536,0,6892.375,0.207,-23.073,6894.401,5,"schmoneymikey",2.461,-65.477,0,0,,,6896.558,,112,2
135,6,0,12,1,0,0,0,1,0,0,10,255,255,3,6955.064,"sano jpn",R,0,64,105,1.339,0.646,0.503,1.672,0.568,2.021,-36.24,53.076,100,0,0,0,0,0,0,0.022,0,0,0,2,6,L,"Sabo_10",185.3,88,0.452,0,63,W,Y,0,0,0,0,0,0,0,0,0,0,0,0,0,0,0,0,0.025,-37.817,0,"P0TA0",-0.746,-18.293,0,"ʚEveɞ",-19.786,-41.425,0,"Ѕeyeon",-8.413,-61.318,0,"인생최패망자",19.534,-45.276,0,"ibqrqki",12.252,-61.454,0,"あおいぬ",47.517,-98.295,0,"カズティー",0.604,-117.545,0,"NABIMan",-43.361,-94.791,0,0,0,0,0,0,"",0,0,0,0,6956.383,,,,0,0
136,6,0,12,1,0,1,0,1,0,0,10,255,255,4,7076.77,"sano jpn",R,32,76,114,1.05,-0.443,0.457,1.288,0.152,1.285,-36.24,24.215,26,74,0,0,0,172.736,-66.825,-21.806,0,0,0,2,6,L,"Sabo_10",185.3,88,0.452,0,63,W,Y,0,0,0,0,0,0,0,0,0,0,0,0,0,0,0,0,0.112,-37.567,0,"P0TA0",-1.156,-18.535,0,"ʚEveɞ",-19.047,-42.554,0,"Ѕeyeon",-7.575,-60.651,0,"인생최패망자",19.19,-45.07,0,"ibqrqki",11.679,-60.666,0,"あおいぬ",48.432,-98.457,0,"カズティー",0.498,-116.151,0,"NABIMan",-44.152,-94.222,0,0,0,0,0,0,"",0,0,0,0,7078.105,,,,0,0
137,6,0,12,1,0,2,0,1,0,0,10,255,255,5,7100.588,"sano jpn",R,32,81,118,2.03,-0.758,0.483,1.144,0.56,1.052,-36.24,30.817,28,72,0,1,0,192.157,-109.318,-28.098,0,0,0,2,6,L,"Sabo_10",185.3,88,0.452,0,63,W,Y,0,0,0,0,0,0,0,0,0,0,0,0,0,0,0,0,0.165,-37.912,0,"P0TA0",-1.556,-19.219,0,"ʚEveɞ",-19.778,-42.37,0,"Ѕeyeon",-4.808,-60.875,0,"인생최패망자",19.311,-45.335,0,"ibqrqki",11.43,-61.076,0,"あおいぬ",51.637,-100.996,0,"カズティー",-1.01,-117.636,0,"NABIMan",-42.408,-90.834,0,0,0,0,0,0,"",0,0,0,0,7101.972,,,,0,0
138,6,0,12,1,1,2,0,1,0,0,10,255,255,6,7124.395,"sano jpn",R,33,82,119,1.021,-0.365,0.453,1.23,0.206,1.326,-36.24,23.588,21,79,0,0,0,140.811,-72.956,-12.504,0,0,1,2,6,L,"Sabo_10",185.3,88,0.452,0,63,W,Y,0,0,0,0,0,0,0,0,0,0,0,0,0,0,0,0,-0.058,-37.775,0,"P0TA0",-1.117,-18.323,0,"ʚEveɞ",-19.563,-42.318,0,"Ѕeyeon",-3.92,-62.379,0,"인생최패망자",18.538,-44.26,0,"ibqrqki",12.764,-61.293,0,"あおいぬ",50.638,-100.091,0,"カズティー",-0.299,-113.597,0,"NABIMan",-42.875,-95.678,0,0,0,0,0,0,"",0,0,0,0,7125.664,,,,0,0
139,6,0,12,1,0,0,1,1,0,0,10,255,255,7,7185.821,"sano jpn",R,28,70,109,-0.4,0.625,0.211,1.619,-0.27,1.955,-36.24,14.881,53,47,0,0,0,50.708,-55.967,4.202,0,0,0,3,1,L,"濃いめのラー油",188.5,87.309,0.8,0,63,W,Y,0,0,0,0,0,0,0,0,0,0,0,0,0,0,0,0,-0.012,-37.76,0,"P0TA0",-1.756,-18.417,0,"ʚEveɞ",-19.724,-42.426,0,"Ѕeyeon",-13.089,-60.685,0,"인생최패망자",18.543,-44.193,0,"ibqrqki",11.993,-62.201,0,"あおいぬ",45.912,-98.398,0,"カズティー",-0.064,-115.777,0,"NABIMan",-41.098,-94.018,0,0,0,0,0,0,"",0,0,0,0,7187.389,,,,0,0
140,6,0,12,1,0,1,1,1,0,0,10,255,255,8,7214.798,"sano jpn",R,0,60,101,0.971,-0.32,0.437,1.533,0.409,1.432,-36.24,37.069,52,48,0,2,0,0,0,2.549,0,0,1,3,1,L,"濃いめのラー油",188.5,87.309,0.8,3,63,W,Y,7216.028,255,45,109,41,23,145,129,-30,2.413,0.68,0,0.136,-295.879,324.696,408.691,0.418,-37.194,0,"P0TA0",0.11,-16.885,0,"ʚEveɞ",-18.55,-43.773,0,"Ѕeyeon",-12.89,-62.081,0,"인생최패망자",17.726,-43.242,0,"ibqrqki",12.191,-61.345,0,"あおいぬ",49.913,-99.625,0,"カズティー",-0.093,-115.425,113,"NABIMan",-40.85,-92.401,0,7216.07,0.128,-20.634,7219.743,7,"カズティー",-4.332,-99.625,1,0,,7221.034,,,176,2
141,6,0,12,1,0,0,1,1,1,0,11,10,255,9,7289.297,"sano jpn",R,33,75,126,1.195,0.682,0.444,1.471,0.297,1.939,-36.24,22.427,37,63,0,2,0,145.945,-115.855,-23.801,0,0,1,4,2,R,"Muna_328",190,89.724,0.4,3,63,W,Y,7290.434,129,115,151,0,4,137,90,-23.009,0.413,-0.63,0,0.751,-408.784,231.288,46.135,0.005,-36.888,119,"P0TA0",0.135,-16.862,0,"ʚEveɞ",-18.4,-43.764,0,"Ѕeyeon",-13.779,-60.626,0,"인생최패망자",17.19,-43.384,0,"ibqrqki",7.665,-63.658,0,"あおいぬ",44.282,-108.424,0,"カズティー",0.631,-122.797,0,"NABIMan",-52.726,-94.633,0,7290.605,0.194,-22.781,7291.602,0,"sano jpn",-0.075,-35.774,0,0,,,7296.732,,290,2
