id,inn,half,scoreA,scoreB,ball,strk,out,b1,b2,b3,b1Idx,b2Idx,b3Idx,pCnt,pSec,pName,pHand,pType,pPow,spdK,zoneX,zoneY,startX,startY,targetX,targetY,zDist,pitchAngle,call,balk,sH,sV,gyro,plx,plz,bSwing,bIdx,bPos,bZone,bName,bHCm,batLen,batCen,batType,bFps,hSec,rotS,rotL,shS,lgS,prepS,batSpd,ev,ldeg,sdeg,hPos,buntGrip,handDist,angVeloX,angVeloY,angVeloZ,PPosX,PPosY,PThrSpd,CName,CPosX,CPosY,CThrSpd,1BName,1BPosX,1BPosY,1BThrSpd,2BName,2BPosX,2BPosY,2BThrSpd,3BName,3BPosX,3BPosY,3BThrSpd,SSName,SSPosX,SSPosY,SSThrSpd,LFName,LFPosX,LFPosY,LFThrSpd,CFName,CFPosX,CFPosY,CFThrSpd,RFName,RFPosX,RFPosY,RFThrSpd,ltSec,lx,lz,cSec,cPos,cPlr,cx,cz,1BSafe,tag,cpSec,sb2Sec,sb3Sec,sbhSec,ass,result
1,1,1,0,0,0,0,0,0,0,0,255,255,255,0,1283.828,"소솨소솨",R,27,85,139,0.677,-0.295,0.241,1.484,0.192,1.338,-36.472,7.775,0,0,70.932,-105.195,2.42,0,0,0,0,3,R,"coder_",163.6,84.449,0.302,0,61,0,0,0,0,0,0,0,0,0,0,0,0,0,0,0,0,0.15,-38.055,0,"encounter v",-0.022,-17.337,0,"Pring__",-22.487,-48.638,0,"ㆍ데트≺Odette≻ㆍ",-11.693,-65.141,0,"인생최패망자",18.627,-48.634,0,"Muna_328",11.112,-65.138,0,"SFIDA",35.632,-102.224,0,"아침땅_",-6.695,-104.734,0,"Roscosmos",-43.336,-93.943,0,0,0,0,0,0,"",0,0,0,0,1285.349,,,,0,0
2,1,1,0,0,0,1,0,0,0,0,255,255,255,1,1296.748,"소솨소솨",R,28,81,133,0.697,-0.191,0.249,1.502,0.23,1.406,-36.5,8.459,0,0,46.217,-86.733,0.345,0,0,1,0,3,R,"coder_",163.6,84.449,0.302,0,61,0,0,0,0,0,0,0,0,0,0,0,0,0,0,0,0,0.333,-38.008,0,"encounter v",-0.117,-17.415,0,"Pring__",-20.196,-46.237,0,"ㆍ데트≺Odette≻ㆍ",-11.66,-65.1,0,"인생최패망자",18.744,-48.914,0,"Muna_328",11.159,-65.163,0,"SFIDA",35.036,-99.787,0,"아침땅_",-6.728,-104.691,0,"Roscosmos",-43.324,-93.954,0,0,0,0,0,0,"",0,0,0,0,1298.279,,,,0,0
3,1,1,0,0,0,2,0,0,0,0,255,255,255,2,1314.045,"소솨소솨",R,10,76,117,-2.443,-1.382,-0.029,1.505,-1.062,1.418,-36.612,6.815,1,0,0,400,-5.052,0,0,0,0,3,R,"coder_",163.6,84.449,0.302,0,164,0,0,0,0,0,0,0,0,0,0,0,0,0,0,0,0,0.136,-38.112,0,"encounter v",-0.113,-17.345,0,"Pring__",-21.413,-45.341,0,"ㆍ데트≺Odette≻ㆍ",-11.65,-65.128,0,"인생최패망자",18.264,-47.295,0,"Muna_328",11.118,-65.24,0,"SFIDA",35.033,-99.301,0,"아침땅_",-6.723,-104.69,0,"Roscosmos",-43.417,-93.917,0,0,0,0,0,0,"",0,0,0,0,1315.675,,,,0,0
4,1,1,0,0,1,2,0,0,0,0,255,255,255,3,1327.067,"소솨소솨",R,28,78,129,-2.914,-0.944,-0.103,1.39,-1.405,0.985,-36.567,24.28,1,0,92.622,-96.171,5.03,0,0,0,0,3,R,"coder_",163.6,84.449,0.302,0,164,0,0,0,0,0,0,0,0,0,0,0,0,0,0,0,0,0.043,-38.083,0,"encounter v",-0.111,-17.324,0,"Pring__",-20.259,-44.902,0,"ㆍ데트≺Odette≻ㆍ",-11.626,-65.084,0,"인생최패망자",18.58,-48.73,0,"Muna_328",11.17,-65.194,0,"SFIDA",35.957,-98.859,0,"아침땅_",-6.708,-104.709,0,"Roscosmos",-43.422,-93.931,0,0,0,0,0,0,"",0,0,0,0,1328.605,,,,0,0
5,1,1,0,0,2,2,0,0,0,0,255,255,255,4,1338.483,"소솨소솨",R,27,89,140,0.861,0.274,0.26,1.566,0.281,1.647,-36.516,4.422,0,0,64.089,-102.582,4.589,0,0,1,0,3,R,"coder_",163.6,84.449,0.302,0,164,0,0,0,0,0,0,0,0,0,0,0,0,0,0,0,0,0.382,-38.122,0,"encounter v",-0.093,-17.351,0,"Pring__",-21.16,-45.662,0,"ㆍ데트≺Odette≻ㆍ",-11.622,-65.081,0,"인생최패망자",19.455,-49.428,0,"Muna_328",10.832,-65.099,0,"SFIDA",36.268,-99.481,0,"아침땅_",-6.713,-104.718,0,"Roscosmos",-43.422,-93.929,0,0,0,0,0,0,"",0,0,0,0,1339.994,,,,0,0
6,1,1,0,0,0,0,1,0,0,0,255,255,255,5,1355.42,"소솨소솨",R,27,82,134,1.206,0.034,0.291,1.528,0.429,1.512,-36.486,6.449,2,0,71.809,-118.106,-0.372,0,0,1,1,6,R,"낑깡__",174.9,80,0.402,3,163,1356.353,226,169,156,124,47,145,102,100.377,-71.024,0.02,0.095,0.482,137.566,455.927,-15.149,0.446,-37.505,0,"encounter v",-0.13,-17.486,0,"Pring__",-21.712,-47.961,0,"ㆍ데트≺Odette≻ㆍ",-11.846,-64.901,0,"인생최패망자",19.789,-49.202,0,"Muna_328",10.603,-65.547,0,"SFIDA",41.327,-96.837,0,"아침땅_",-7.582,-106.594,0,"Roscosmos",-42.338,-95.686,0,0,0,0,0,0,"",0,0,0,0,,,,,8,3
7,1,1,0,0,0,1,1,0,0,0,255,255,255,6,1370.258,"소솨소솨",R,27,84,137,0.758,0.303,0.256,1.576,0.263,1.681,-36.509,6.823,2,0,42.899,-105.983,2.096,0,0,1,1,6,R,"낑깡__",174.9,80,0.402,3,163,1371.165,200,106,124,67,26,145,93,46.261,41.983,-0.43,0,0.314,158.871,522.602,-245.862,0.364,-37.489,0,"encounter v",-0.107,-17.488,0,"Pring__",-21.734,-47.749,0,"ㆍ데트≺Odette≻ㆍ",-11.039,-65.736,0,"인생최패망자",20.058,-49.897,0,"Muna_328",11.113,-64.918,0,"SFIDA",41.956,-99.623,0,"아침땅_",-7.825,-107.37,0,"Roscosmos",-43.913,-96.87,0,1376.418,-54.535,-67.577,0,0,"",0,0,0,0,,,,,8,3
8,1,1,0,0,0,2,1,0,0,0,255,255,255,7,1392.128,"소솨소솨",R,5,69,121,-1.621,-0.299,0.077,1.505,-0.566,1.432,-36.642,3.898,1,0,-85.544,1.013,-4.893,0,0,0,1,6,R,"낑깡__",174.9,80,0.402,0,162,0,0,0,0,0,0,0,0,0,0,0,0,0,0,0,0,-0.042,-37.953,0,"encounter v",-0.041,-17.364,0,"Pring__",-21.446,-46.509,0,"ㆍ데트≺Odette≻ㆍ",-9.826,-66.056,0,"인생최패망자",17.885,-47.81,0,"Muna_328",10.252,-65.671,0,"SFIDA",36.724,-98.496,0,"아침땅_",-6.151,-106.634,0,"Roscosmos",-41.595,-91.345,0,0,0,0,0,0,"",0,0,0,0,1393.508,,,,0,0
9,1,1,0,0,1,2,1,0,0,0,255,255,255,8,1405.208,"소솨소솨",R,28,76,128,0.078,-1.42,0.199,1.301,0.001,0.714,-36.543,18.403,2,0,18.288,-70.213,1.709,0,0,1,1,6,R,"낑깡__",174.9,80,0.402,3,162,1406.173,185,144,116,134,86,145,108,25.517,37.922,0.11,0,0.178,554.818,122.509,186.48,0.345,-37.703,0,"encounter v",-0.14,-17.482,0,"Pring__",-21.465,-47.449,0,"ㆍ데트≺Odette≻ㆍ",-9.86,-66.079,0,"인생최패망자",18.647,-47.71,0,"Muna_328",10.253,-65.707,0,"SFIDA",35.35,-97.037,0,"아침땅_",-6.53,-106.59,0,"Roscosmos",-42.77,-92.883,107,0,0,0,1411.474,8,"Roscosmos",-61.042,-91.634,0,0,,,,,136,1
10,1,1,0,0,0,0,2,0,0,0,255,255,255,9,1431.486,"소솨소솨",R,28,78,129,-2.383,-0.332,-0.041,1.473,-1.117,1.345,-36.549,9.065,1,0,62.567,-62.924,-0.131,0,0,0,2,1,R,"-라후이-",190,87.311,0.496,0,161,0,0,0,0,0,0,0,0,0,0,0,0,0,0,0,0,-0.006,-38.084,0,"encounter v",-0.072,-17.331,120,"Pring__",-22.585,-47.732,0,"ㆍ데트≺Odette≻ㆍ",-13.438,-63.552,0,"인생최패망자",21.834,-51.827,0,"Muna_328",9.268,-65.775,0,"SFIDA",35.446,-111.928,0,"아침땅_",-8.403,-110.945,0,"Roscosmos",-48.119,-98.295,0,0,0,0,0,0,"",0,0,0,0,1432.807,,,,0,0
11,1,1,0,0,1,0,2,0,0,0,255,255,255,10,1444.272,"소솨소솨",R,34,87,140,-0.305,-0.418,0.142,1.456,-0.264,1.292,-36.535,9.076,2,0,94.545,-71.265,0.431,0,0,0,2,1,R,"-라후이-",190,87.311,0.496,3,161,1445.148,142,115,172,89,36,145,130,30.867,32.38,0.66,0,0.251,-90.422,581.711,-110.624,0.29,-37.52,0,"encounter v",-0.123,-17.496,0,"Pring__",-22.821,-49.238,0,"ㆍ데트≺Odette≻ㆍ",-14.028,-64.14,0,"인생최패망자",23.262,-54.031,0,"Muna_328",9.189,-65.751,0,"SFIDA",35.069,-110.145,0,"아침땅_",-8.392,-110.962,0,"Roscosmos",-48.967,-97.287,0,1450.244,-73.622,-105.943,0,0,"",0,0,0,0,,1455.948,1461.161,,8,4
12,1,1,1,0,0,0,2,0,0,0,255,255,255,11,1482.534,"소솨소솨",R,28,75,127,-2.015,-0.908,0.243,1.508,0.205,1.46,-36.468,8.02,2,0,31.636,-65.503,1.032,0,0,1,3,0,R,"DoYaGee",190,80,0.601,3,159,1483.574,177,150,90,88,25,145,101,-9.268,19.022,-0.29,0,0.17,-245.998,518.601,-167.763,0.323,-37.626,0,"encounter v",-0.092,-17.472,0,"Pring__",-22.092,-47.322,87,"ㆍ데트≺Odette≻ㆍ",-13.614,-64.379,102,"인생최패망자",18.391,-49.991,0,"Muna_328",8.659,-65.863,0,"SFIDA",42.454,-106.57,0,"아침땅_",-8.426,-108.562,0,"Roscosmos",-46.244,-96.845,0,1483.717,-1.591,-23.893,1485.807,3,"ㆍ데트≺Odette≻ㆍ",-11.591,-58.26,0,0,1546.432,,,,61,2
13,1,0,1,0,0,0,0,0,0,0,255,255,255,0,1734.134,"DoYaGee",R,32,77,129,0.173,-0.079,-0.061,1.084,-0.283,1.602,-36.28,9.41,0,0,250,21.605,0,0,0,0,0,4,R,"인생최패망자",190,80,0.299,0,153,0,0,0,0,0,0,0,0,0,0,0,0,0,0,0,0,-0.036,-37.45,0,"-라후이-",0.097,-18.01,0,"Amellaid",-23.524,-49.31,0,"coder_",-13.766,-64.532,0,"_이누_",22.111,-49.303,0,"shimenawa",12.775,-65.307,0,"낑깡__",40.048,-99.025,0,"하루（Haru）",5.789,-116.884,0,"Dοpi",-44.427,-94.223,0,0,0,0,0,0,"",0,0,0,0,1735.612,,,,0,0
14,1,0,1,0,0,1,0,0,0,0,255,255,255,1,1751.751,"DoYaGee",R,32,83,135,0.466,-0.301,-0.029,1.038,-0.133,1.452,-36.205,11.235,0,0,250,8.281,0,0,0,0,0,4,R,"인생최패망자",190,80,0.299,0,153,0,0,0,0,0,0,0,0,0,0,0,0,0,0,0,0,0.013,-37.336,0,"-라후이-",0.164,-18.017,0,"Amellaid",-23.558,-49.275,0,"coder_",-14.092,-64.453,0,"_이누_",22.093,-49.583,0,"shimenawa",12.417,-65.333,0,"낑깡__",39.984,-99.033,0,"하루（Haru）",4.567,-115.299,0,"Dοpi",-44.098,-94.233,0,0,0,0,0,0,"",0,0,0,0,1753.21,,,,0,0
15,1,0,1,0,0,2,0,0,0,0,255,255,255,2,1767.296,"DoYaGee",R,3,71,113,1.063,-0.172,0.293,1.036,1.32,1.53,-36.611,29.504,2,0,-477.726,0,0,0,0,1,0,4,R,"인생최패망자",190,80,0.299,3,153,1768.26,160,82,108,83,53,145,90,-53.334,-58.246,-0.82,0,0.399,81.996,-97.717,102.082,-0.032,-37.124,0,"-라후이-",0.304,-18.113,0,"Amellaid",-23.53,-49.324,0,"coder_",-14.232,-64.525,0,"_이누_",22.141,-49.537,0,"shimenawa",14.533,-63.809,0,"낑깡__",39.952,-99.029,0,"하루（Haru）",4.598,-114.85,0,"Dοpi",-43.397,-95.167,0,1768.279,1.282,-21.298,0,0,"",0,0,0,0,,,,,8,3
16,1,0,1,0,0,2,0,0,0,0,255,255,255,3,1788.011,"DoYaGee",R,3,78,118,-2.12,0.422,-0.05,1.174,-0.231,1.895,-36.323,5.31,2,0,-433.174,0,0,0,0,1,0,4,R,"인생최패망자",190,80,0.299,3,152,1788.99,196,80,126,89,43,145,130,5.767,-16.01,0.47,0,0.267,-534.69,234.235,-134.318,0.007,-37.043,0,"-라후이-",-0.404,-17.928,0,"Amellaid",-23.706,-47.916,87,"coder_",-15.314,-63.006,0,"_이누_",22.432,-49.654,0,"shimenawa",15.313,-63.66,94,"낑깡__",41.876,-98.508,0,"하루（Haru）",3.195,-113.401,0,"Dοpi",-43.75,-94.171,0,1790.196,10.039,-60.134,1790.543,5,"shimenawa",10.306,-61.209,0,0,,,,,88,2
17,1,0,1,0,0,0,1,0,0,0,255,255,255,4,1817.539,"DoYaGee",R,3,71,112,-2.083,0.199,-0.037,1.131,-0.172,1.756,-36.474,7.92,2,0,-494.396,0,0,0,0,1,1,1,L,"encounter v",190,83,0.527,3,151,1818.562,255,196,143,159,88,145,129,-30,-35.028,0.28,0,0.656,290.473,467.064,234.697,-0.075,-37.203,0,"-라후이-",-0.176,-18.021,0,"Amellaid",-22.16,-50.865,88,"coder_",-9.829,-66.374,0,"_이누_",24.185,-50.143,107,"shimenawa",15.398,-63.894,0,"낑깡__",43.141,-98.405,0,"하루（Haru）",7.675,-111.95,0,"Dοpi",-36.101,-95.465,0,1818.64,0.854,-22.331,1820.349,4,"_이누_",19.833,-50.361,0,0,,,,,104,2
18,1,0,1,0,0,0,2,0,0,0,255,255,255,5,1843.314,"DoYaGee",R,3,79,118,-1.281,-0.43,0.01,1.011,0.048,1.365,-36.421,16.449,0,0,-429.91,0,0,0,0,0,2,2,L,"Pring__",190,93.36,0.485,0,150,0,0,0,0,0,0,0,0,0,0,0,0,0,0,0,0,-0.174,-37.712,0,"-라후이-",-0.089,-18.302,120,"Amellaid",-24.801,-50.67,0,"coder_",-9.639,-70.082,0,"_이누_",24.516,-48.821,0,"shimenawa",15.508,-63.772,0,"낑깡__",43.951,-98.304,0,"하루（Haru）",13.313,-117.548,0,"Dοpi",-36.42,-96.812,0,0,0,0,0,0,"",0,0,0,0,1845.057,,,,0,0
19,1,0,1,0,0,1,2,0,0,0,255,255,255,6,1860.404,"DoYaGee",R,32,79,130,-1.495,0.431,-0.199,1.181,-0.924,1.917,-36.345,7.082,1,0,193.68,16.255,0,0,0,0,2,2,L,"Pring__",190,93.36,0.485,0,150,0,0,0,0,0,0,0,0,0,0,0,0,0,0,0,0,-0.028,-37.562,0,"-라후이-",-0.144,-18.254,0,"Amellaid",-24.614,-50.475,0,"coder_",-11.335,-70.701,0,"_이누_",23.811,-48.631,0,"shimenawa",15.529,-64.343,0,"낑깡__",44.124,-98.164,0,"하루（Haru）",9.764,-116.778,0,"Dοpi",-36.653,-96.672,0,0,0,0,0,0,"",0,0,0,0,1862.126,,,,0,0
20,1,0,1,0,1,1,2,0,0,0,255,255,255,7,1878.383,"DoYaGee",R,32,80,131,0.602,-0.508,-0.019,0.998,-0.09,1.323,-36.356,10.829,2,0,250,13.945,0,0,0,1,2,2,L,"Pring__",190,93.36,0.485,3,150,1879.389,255,162,127,123,64,145,125,27.837,-45.285,0.25,0,0.595,291.373,511.104,-112.584,0.103,-37.005,0,"-라후이-",0.323,-18.183,0,"Amellaid",-24.413,-50.269,0,"coder_",-12.84,-65.941,0,"_이누_",23.774,-48.599,0,"shimenawa",15.473,-63.639,0,"낑깡__",44.142,-98.124,0,"하루（Haru）",9.796,-116.804,0,"Dοpi",-36.622,-96.678,0,1884.349,70.97,-107.645,0,0,"",0,0,0,0,,1890.137,1895.301,,8,4
21,1,0,1,1,0,0,2,0,0,0,255,255,255,8,1918.759,"DoYaGee",R,32,77,128,1.511,-0.467,0.073,0.994,0.341,1.311,-36.403,21.143,2,0,218.284,-13.399,0,0,0,1,3,0,R,"소솨소솨",190,80,0.396,3,149,1919.735,255,153,94,0,0,131,81,-17.041,-5.089,-0.88,0,0.604,-132.407,-306.638,112.103,-0.149,-37.06,102,"-라후이-",0.166,-17.785,0,"Amellaid",-23.133,-48.596,0,"coder_",-12.931,-64.891,0,"_이누_",22.416,-49.653,0,"shimenawa",14.06,-64.288,0,"낑깡__",34.551,-99.432,0,"하루（Haru）",-8.702,-115.356,0,"Dοpi",-39.676,-92.174,0,1919.835,0.514,-21.966,1920.974,0,"DoYaGee",0.586,-35.329,0,0,,,,,72,2
22,2,1,1,1,0,0,0,0,0,0,255,255,255,12,1969.211,"소솨소솨",R,28,82,134,-1.198,0.22,0.069,1.567,-0.604,1.649,-36.488,2.258,2,0,65.754,-87.997,2.987,0,0,1,4,5,L,"shimenawa",174.9,95.82,0.296,3,148,1970.231,151,84,86,21,0,136,80,4.463,21.458,-0.81,0,0.277,198.698,-89.776,24.095,0.149,-37.514,0,"encounter v",-0.132,-17.331,0,"Pring__",-22.358,-49.603,85,"ㆍ데트≺Odette≻ㆍ",-11.928,-65.038,0,"인생최패망자",23.418,-49.75,0,"Muna_328",13.819,-64.107,0,"SFIDA",46.604,-101.662,0,"아침땅_",5.788,-109.513,0,"Roscosmos",-37.373,-97.488,98,1971.411,-9.158,-42.896,1974.89,8,"Roscosmos",-25.639,-79.626,1,0,,,,,140,2
23,2,1,1,1,0,0,0,1,0,0,5,255,255,13,1996.593,"소솨소솨",R,28,84,137,0.984,0.28,0.272,1.588,0.338,1.719,-36.544,4.766,2,0,68.723,-79.89,2.588,0,0,1,5,4,R,"_이누_",190,89.898,0.447,3,147,1997.755,209,99,127,73,3,145,106,35.437,48.828,0.91,0,0.021,84.419,512.327,-298.656,0.224,-37.823,0,"encounter v",-0.119,-17.347,0,"Pring__",-19.495,-42.924,0,"ㆍ데트≺Odette≻ㆍ",-14.671,-63.405,0,"인생최패망자",19.803,-50.6,0,"Muna_328",7.666,-64.586,0,"SFIDA",35.995,-105.071,0,"아침땅_",-5.296,-106.302,0,"Roscosmos",-39.809,-93.509,0,2002.682,-75.582,-71.697,0,0,"",0,0,0,0,,,,,12,3
24,2,1,1,1,0,1,0,1,0,0,5,255,255,14,2031.715,"소솨소솨",R,28,83,136,0.945,0.161,0.271,1.571,0.336,1.662,-36.505,4.395,2,0,48.814,-59.289,1.447,0,0,1,5,4,R,"_이누_",190,89.898,0.447,3,147,2032.885,186,100,104,74,49,145,125,110.289,-13.547,0.25,0,0.062,304.803,334.638,-287.611,0.291,-37.828,0,"encounter v",-0.154,-17.407,0,"Pring__",-19.392,-44.241,0,"ㆍ데트≺Odette≻ㆍ",-15.935,-62.41,0,"인생최패망자",20.51,-49.953,0,"Muna_328",7.524,-64.784,0,"SFIDA",30.273,-104.433,0,"아침땅_",-8.771,-107.74,0,"Roscosmos",-44.055,-94.037,0,0,0,0,0,0,"",0,0,0,0,,,,,8,3
25,2,1,1,1,0,2,0,1,0,0,5,255,255,15,2049.303,"소솨소솨",R,28,78,129,1.12,0.849,0.286,1.699,0.403,2.077,-36.528,6.27,0,0,50.822,-70.754,5.922,0,0,0,5,4,R,"_이누_",190,89.898,0.447,0,147,0,0,0,0,0,0,0,0,0,0,0,0,0,0,0,0,0.23,-37.998,0,"encounter v",-0.074,-17.312,0,"Pring__",-19.906,-45.387,0,"ㆍ데트≺Odette≻ㆍ",-16.906,-62.265,0,"인생최패망자",21.268,-51.355,0,"Muna_328",6.178,-64.069,0,"SFIDA",32.464,-103.584,0,"아침땅_",-9.855,-107.428,0,"Roscosmos",-44.809,-94.773,0,0,0,0,0,0,"",0,0,0,0,2050.772,,,,0,0
26,2,1,1,1,0,0,1,1,0,0,5,255,255,16,2070.08,"소솨소솨",R,28,82,134,-1.881,-0.285,0.007,1.487,-0.894,1.376,-36.485,9.713,1,0,61.489,-66.896,0.276,0,0,0,6,2,L,"Amellaid",179.9,86.447,0.439,0,146,0,0,0,0,0,0,0,0,0,0,0,0,0,0,0,0,0.236,-37.887,0,"encounter v",-0.069,-17.333,0,"Pring__",-20.181,-43.93,0,"ㆍ데트≺Odette≻ㆍ",-15.937,-62.649,0,"인생최패망자",21.532,-47.125,0,"Muna_328",13.065,-64.044,0,"SFIDA",46.476,-99.411,0,"아침땅_",3.974,-109.347,0,"Roscosmos",-44.228,-94.493,0,0,0,0,0,0,"",0,0,0,0,2071.751,,,,0,0
27,2,1,1,1,1,0,1,1,0,0,5,255,255,17,2084.794,"소솨소솨",R,28,80,132,0.264,1.014,0.201,1.711,0.009,2.142,-36.496,11.157,2,0,69.041,-69.542,-0.098,0,0,1,6,2,L,"Amellaid",179.9,86.447,0.439,3,146,2085.96,255,154,119,74,15,145,86,50.399,25.072,-0.87,0,0.517,431.31,413.015,-31.573,0.067,-37.775,0,"encounter v",-0.111,-17.382,0,"Pring__",-19.554,-45.479,0,"ㆍ데트≺Odette≻ㆍ",-15.934,-62.615,104,"인생최패망자",22.044,-47.759,0,"Muna_328",13.291,-63.878,0,"SFIDA",44.571,-97.437,0,"아침땅_",3.841,-109.359,0,"Roscosmos",-41.557,-92.613,0,0,0,0,2091.807,3,"ㆍ데트≺Odette≻ㆍ",-29.508,-67.511,0,0,,,,,44,1
28,2,1,1,1,0,0,2,1,0,0,5,255,255,18,2111.251,"소솨소솨",R,27,86,140,2.167,-0.899,0.251,1.469,0.241,1.306,-36.477,10.073,2,0,53.94,-117.02,-0.496,0,0,1,7,8,R,"Dοpi",174.8,85,0.3,3,145,2112.161,139,85,88,59,31,140,90,50.101,48.739,-0.4,0,0.284,375.496,70.504,-242.01,0.421,-37.604,0,"encounter v",-0.082,-17.415,0,"Pring__",-19.239,-40.991,0,"ㆍ데트≺Odette≻ㆍ",-16.75,-61.962,0,"인생최패망자",21.135,-51.019,0,"Muna_328",7.858,-65.231,0,"SFIDA",32.762,-104.205,0,"아침땅_",-6.919,-105.444,0,"Roscosmos",-43.984,-88.268,108,2117.508,-53.809,-64.917,2118.418,8,"Roscosmos",-54.199,-65.244,0,0,,2116.608,,,136,2
29,2,1,1,1,0,1,2,1,0,0,255,255,255,19,2144.023,"소솨소솨",R,28,85,138,0.867,0.355,0.257,1.591,0.27,1.736,-36.434,2.964,2,0,73.954,-80.866,0.842,0,0,1,7,8,R,"Dοpi",174.8,85,0.3,3,45,2144.993,153,129,110,93,52,145,86,64.59,-33.083,-0.79,0,0.262,597.378,-26.446,-6.819,0.445,-37.511,0,"encounter v",-0.14,-17.421,0,"Pring__",-19.074,-41.552,0,"ㆍ데트≺Odette≻ㆍ",-16.257,-62.487,0,"인생최패망자",19.668,-49.339,0,"Muna_328",8.64,-64.727,0,"SFIDA",34.637,-103.037,0,"아침땅_",-7.862,-105.637,0,"Roscosmos",-42.105,-86.554,0,2151.085,26.143,-53.434,2151.251,4,"인생최패망자",25.599,-52.625,0,0,,2149.321,,,9,1
30,2,0,1,1,0,0,0,0,0,0,255,255,255,9,2198.613,"DoYaGee",R,3,71,112,-2.183,-0.183,-0.043,1.061,-0.2,1.528,-36.39,12.741,1,0,-500,0,0,0,0,0,4,6,L,"SFIDA",190,80,0.2,0,144,0,0,0,0,0,0,0,0,0,0,0,0,0,0,0,0,0.098,-37.686,0,"-라후이-",-0.102,-17.682,0,"Amellaid",-22.56,-49.062,0,"coder_",-12.391,-65.527,0,"_이누_",22.821,-48.643,0,"shimenawa",14.177,-64.505,0,"낑깡__",42.284,-92.465,0,"하루（Haru）",6.334,-117.639,0,"Dοpi",-37.061,-92.539,0,0,0,0,0,0,"",0,0,0,0,2200.126,,,,0,0
31,2,0,1,1,1,0,0,0,0,0,255,255,255,10,2211.524,"DoYaGee",R,32,71,124,0.376,0.107,-0.046,1.115,-0.213,1.702,-36.388,9.647,2,0,250,12.394,0,0,0,1,4,6,L,"SFIDA",190,80,0.2,2,144,2212.451,255,166,102,74,46,145,90,108.274,48.234,-0.81,0,0.55,116.555,114.077,-76.607,-0.112,-37.022,0,"-라후이-",-0.127,-17.792,0,"Amellaid",-22.583,-49.071,0,"coder_",-12.205,-65.556,0,"_이누_",22.978,-49.213,0,"shimenawa",14.449,-64.556,0,"낑깡__",41.236,-92.546,0,"하루（Haru）",5.735,-116.905,0,"Dοpi",-36.194,-98.042,0,0,0,0,0,0,"",0,0,0,0,,,,,8,3
32,2,0,1,1,1,1,0,0,0,0,255,255,255,11,2230.862,"DoYaGee",R,32,72,125,-0.506,0.103,-0.114,1.114,-0.529,1.7,-36.449,8.97,2,0,203.051,7.499,0,0,0,1,4,6,L,"SFIDA",190,80,0.2,2,56,2231.803,255,148,130,88,39,145,89,21.193,19.318,-0.87,0,0.674,204.657,563.157,-8.426,-0.097,-37.116,0,"-라후이-",-0.152,-17.979,0,"Amellaid",-23.295,-48.815,0,"coder_",-11.282,-65.948,0,"_이누_",22.226,-48.205,0,"shimenawa",14.618,-64.163,0,"낑깡__",43.483,-92.685,0,"하루（Haru）",6.571,-115.091,0,"Dοpi",-38.148,-95.491,97,2235.89,-31.23,-84.364,2236.092,8,"Dοpi",-30.058,-82.488,0,0,,,,,136,1
33,2,0,1,1,0,0,1,0,0,0,255,255,255,12,2258.002,"DoYaGee",R,32,63,119,-3.645,-0.028,-0.396,1.087,-1.843,1.609,-36.404,28.443,1,0,192.564,-0.667,0,0,0,0,5,3,R,"ㆍ데트≺Odette≻ㆍ",174.5,94.66,0.38,0,143,0,0,0,0,0,0,0,0,0,0,0,0,0,0,0,0,-0.103,-37.775,0,"-라후이-",0.053,-17.874,0,"Amellaid",-23.591,-48.935,0,"coder_",-14.192,-63.876,0,"_이누_",22.613,-49.975,0,"shimenawa",11.567,-65.171,0,"낑깡__",34.325,-92.032,0,"하루（Haru）",-0.164,-110.039,0,"Dοpi",-39.247,-92.083,0,0,0,0,0,0,"",0,0,0,0,2259.814,,,,0,0
34,2,0,1,1,1,0,1,0,0,0,255,255,255,13,2274.81,"DoYaGee",R,32,72,125,1.629,-0.537,0.083,0.999,0.385,1.297,-36.328,21.465,2,0,212.839,-17.902,0,0,0,1,5,3,R,"ㆍ데트≺Odette≻ㆍ",174.5,94.66,0.38,3,143,2276.078,201,120,148,143,61,145,84,-18.907,-13.265,-0.87,0,0.218,375.534,-447.502,-132.354,0.243,-37.112,0,"-라후이-",0.244,-17.908,0,"Amellaid",-23.625,-49,0,"coder_",-14.86,-63.873,0,"_이누_",22.788,-49.794,0,"shimenawa",13.645,-64.311,107,"낑깡__",34.322,-92.472,0,"하루（Haru）",-0.18,-110.179,0,"Dοpi",-39.794,-92.699,0,2276.168,0.779,-21.53,2278.738,5,"shimenawa",14.031,-56.891,0,0,,,,,88,2
35,2,0,1,1,0,0,2,0,0,0,255,255,255,14,2302.948,"DoYaGee",R,32,76,128,-7.634,-0.967,-0.425,1.029,-3.638,1.095,-36.523,35.909,1,0,250,32.359,0,-1.672,-12.683,0,6,5,R,"Muna_328",174.5,89.724,0.42,0,142,0,0,0,0,0,0,0,0,0,0,0,0,0,0,0,0,-0.17,-37.604,0,"-라후이-",-1.268,-17.862,0,"Amellaid",-22.946,-50.03,0,"coder_",-14.281,-62.155,0,"_이누_",22.255,-48.979,0,"shimenawa",13.011,-64.988,0,"낑깡__",33.214,-91.845,0,"하루（Haru）",0.049,-111.551,0,"Dοpi",-38.393,-91.642,0,0,0,0,0,0,"",0,0,0,0,,,,,0,0
36,2,0,1,1,1,0,2,0,0,0,255,255,255,15,2322.606,"DoYaGee",R,32,65,120,2.974,-0.065,0.214,1.085,0.998,1.6,-36.537,24.125,4,0,177.028,9.795,0,0,0,1,6,5,R,"Muna_328",174.5,89.724,0.42,0,142,0,0,0,0,0,0,0,0,0,0,0,0,0,0,0,0,-0.172,-37.15,0,"-라후이-",0.286,-17.769,0,"Amellaid",-22.907,-50.203,0,"coder_",-14.824,-63.733,0,"_이누_",21.998,-48.856,0,"shimenawa",12.057,-65.167,0,"낑깡__",36.706,-90.298,0,"하루（Haru）",-3,-112.494,0,"Dοpi",-38.366,-91.585,0,0,0,0,0,0,"",0,0,0,0,2324.342,,,,0,0
37,2,0,1,1,1,1,2,0,0,0,255,255,255,16,2341.4,"DoYaGee",R,32,71,125,2.67,-0.562,0.174,1.006,0.811,1.324,-36.509,23.637,2,0,224.071,21.185,0,0,0,1,6,5,R,"Muna_328",174.5,89.724,0.42,3,142,2342.492,255,76,126,20,0,145,85,92.666,84.065,-0.81,0,0.612,439.308,-326.881,243.43,-0.071,-37.06,0,"-라후이-",0.256,-17.934,0,"Amellaid",-23.055,-50.318,0,"coder_",-14.864,-64.138,0,"_이누_",22.726,-49.307,0,"shimenawa",13.204,-64.719,0,"낑깡__",36.926,-90.278,0,"하루（Haru）",2.227,-110.608,0,"Dοpi",-37.901,-91.872,0,0,0,0,0,0,"",0,0,0,0,,,,,8,3
38,2,0,1,1,1,2,2,0,0,0,255,255,255,17,2360.265,"DoYaGee",R,3,79,118,-2.353,-0.285,-0.065,1.045,-0.303,1.462,-36.267,15.905,2,0,-453.235,0,0,0,0,1,6,5,R,"Muna_328",174.5,89.724,0.42,3,109,2361.4,192,135,137,82,27,145,130,4.935,-0.88,0.64,0,0.68,-100.851,464.349,15.132,-0.136,-36.983,0,"-라후이-",-0.459,-17.749,0,"Amellaid",-23.169,-50.119,0,"coder_",-15.807,-63.355,93,"_이누_",23.26,-48.859,0,"shimenawa",13.158,-64.855,0,"낑깡__",35.699,-93.144,0,"하루（Haru）",-7.16,-112.278,95,"Dοpi",-39.393,-90.446,0,2362.911,-1.776,-69.072,2364.515,7,"하루（Haru）",-4.159,-100.54,1,0,,,,,265,2
39,2,0,1,1,0,0,2,1,0,0,15,255,255,18,2389.828,"DoYaGee",R,3,77,117,0.642,0.123,0.241,1.071,0.898,1.702,-36.602,21.443,0,0,-425.519,0,0,-0.449,-18.633,0,7,8,R,"Roscosmos",175.2,95.982,0.364,0,141,0,0,0,0,0,0,0,0,0,0,0,0,0,0,0,0,0.142,-37.309,0,"-라후이-",-0.242,-18.521,0,"Amellaid",-19.073,-43.891,0,"coder_",-11.684,-65.445,0,"_이누_",20.868,-48.486,0,"shimenawa",9.969,-63.272,0,"낑깡__",39.019,-98.181,0,"하루（Haru）",-1.117,-113.789,0,"Dοpi",-40.399,-92.097,0,0,0,0,0,0,"",0,0,0,0,2392.293,,,,0,0
40,2,0,1,1,0,1,2,1,0,0,15,255,255,19,2409.276,"DoYaGee",R,33,79,130,-0.144,0.285,-0.056,1.143,-0.261,1.805,-36.396,6.906,0,0,139.242,14.937,0,0,0,0,7,8,R,"Roscosmos",175.2,95.982,0.364,0,141,0,0,0,0,0,0,0,0,0,0,0,0,0,0,0,0,0.023,-37.35,0,"-라후이-",0.215,-17.788,0,"Amellaid",-19.144,-44.165,0,"coder_",-10.987,-65.643,0,"_이누_",21.507,-48.778,0,"shimenawa",10.296,-64.416,0,"낑깡__",38.891,-97.29,0,"하루（Haru）",-2.338,-115.775,0,"Dοpi",-40.357,-92.018,0,0,0,0,0,0,"",0,0,0,0,2410.751,,,,0,0
41,2,0,1,1,0,2,2,1,0,0,15,255,255,20,2428.947,"DoYaGee",R,33,82,134,-6.456,0.708,-0.352,1.197,-2.966,2.028,-36.494,29.731,1,0,115.848,-6.833,0,-1.728,-5.977,0,7,8,R,"Roscosmos",175.2,95.982,0.364,0,141,0,0,0,0,0,0,0,0,0,0,0,0,0,0,0,0,0.129,-37.481,0,"-라후이-",-0.859,-16.391,0,"Amellaid",-20.192,-44.712,0,"coder_",-11.729,-65.875,0,"_이누_",20.677,-47.737,0,"shimenawa",1.33,-57.897,0,"낑깡__",38.812,-97.344,0,"하루（Haru）",-2.167,-112.961,0,"Dοpi",-40.792,-92.581,0,0,0,0,0,0,"",0,0,0,0,2433.126,2432.675,,,0,0
42,2,0,1,1,1,2,2,0,1,0,255,15,255,21,2457.089,"DoYaGee",R,0,0,0,0,0,0,0,0,0,0,0,0,0,0,0,0,0,0,1,7,8,R,"Roscosmos",175.2,95.982,0.364,3,141,2457.969,183,64,91,77,8,145,84,29.908,-19.644,-0.9,0,0.228,97.476,-572.9,-141.033,0.209,-37.144,0,"-라후이-",-0.015,-17.329,0,"Amellaid",-23.962,-49.636,0,"coder_",-13.982,-64.54,0,"_이누_",20.918,-48.448,0,"shimenawa",6.921,-62.785,0,"낑깡__",38.788,-97.292,0,"하루（Haru）",-1.928,-112.578,0,"Dοpi",-42.309,-97.974,0,0,0,0,0,0,"",0,0,0,0,,,,,8,0
43,2,0,1,1,1,2,2,0,1,0,255,15,255,22,2488.468,"DoYaGee",R,3,67,112,-0.447,0.206,0.165,1.089,0.47,1.752,-36.632,23.118,2,0,-371.33,0,0,0,0,1,7,8,R,"Roscosmos",175.2,95.982,0.364,3,49,2489.386,167,76,155,78,83,145,129,-4.311,-43.693,0.65,0,0.197,184.985,410.031,394.032,-0.006,-37.293,0,"-라후이-",0.266,-17.898,0,"Amellaid",-23.464,-49.224,0,"coder_",-14.141,-64.506,92,"_이누_",21.375,-48.442,0,"shimenawa",9.489,-63.784,0,"낑깡__",38.396,-93.942,108,"하루（Haru）",-0.27,-113.956,0,"Dοpi",-39.699,-96.665,0,2489.946,11.518,-33.095,2494.814,6,"낑깡__",61.786,-97.015,1,0,,,2492.051,2496.717,11,2
44,2,0,1,2,0,0,2,1,0,0,18,255,255,23,2521.251,"DoYaGee",R,3,66,111,-0.617,0.368,0.155,1.132,0.352,1.855,-36.68,20.53,2,0,-424.769,0,0,0,0,1,8,7,R,"아침땅_",160,94.757,0.5,2,140,2522.301,119,118,119,90,16,138,107,29.901,40.62,0.77,0.048,0.418,247.864,251.353,50.148,0.558,-37.408,0,"-라후이-",0.198,-17.786,0,"Amellaid",-19.51,-41.535,0,"coder_",-12.821,-63.805,0,"_이누_",21.704,-49.153,0,"shimenawa",13.688,-64.305,67,"낑깡__",36.27,-92.515,0,"하루（Haru）",-0.905,-110.024,0,"Dοpi",-37.992,-90.396,89,2527.036,-65.151,-86.638,2529.967,8,"Dοpi",-68.656,-90.117,1,0,,2527.265,2532.312,,152,2
45,2,0,1,2,0,0,2,0,1,1,255,17,18,24,2561.609,"DoYaGee",R,3,65,110,2.294,-0.688,0.334,0.958,1.871,1.213,-36.896,44.675,1,0,-446.397,0,0,0,0,0,0,4,R,"인생최패망자",190,80,0.299,0,139,0,0,0,0,0,0,0,0,0,0,0,0,0,0,0,0,-0.034,-37.89,0,"-라후이-",0.078,-18.389,0,"Amellaid",-24.353,-49.716,0,"coder_",-15.993,-63.342,0,"_이누_",20.547,-48.704,0,"shimenawa",11.073,-65.721,0,"낑깡__",38.944,-94.029,0,"하루（Haru）",2.802,-112.526,0,"Dοpi",-41.396,-93.325,0,0,0,0,0,0,"",0,0,0,0,2563.286,2564.173,2563.717,,0,0
46,2,0,1,2,1,0,2,0,1,1,255,17,18,25,2579.842,"DoYaGee",R,3,66,111,-2.828,0.433,-0.005,1.131,-0.522,1.913,-36.537,11.135,2,0,-399.603,0,0,0,0,1,0,4,R,"인생최패망자",190,80,0.299,3,139,2580.825,237,100,132,105,54,145,107,-4.635,2.623,0.94,0,0.305,-239.779,523.379,-19.763,0.066,-37.326,0,"-라후이-",0.086,-18.228,0,"Amellaid",-24.411,-49.785,0,"coder_",-15.799,-63.375,0,"_이누_",22.688,-49.986,0,"shimenawa",9.62,-64.314,63,"낑깡__",39.034,-94.136,0,"하루（Haru）",-0.162,-116.574,0,"Dοpi",-41.01,-93.696,0,2581.113,-1.236,-30.454,2584.71,7,"하루（Haru）",-5.298,-98.654,1,0,,,2585.168,2585.517,280,2
47,2,0,1,3,0,0,2,1,0,1,14,255,17,26,2616.013,"DoYaGee",R,32,82,134,0.261,-0.032,-0.047,1.086,-0.217,1.608,-36.509,15.946,2,0,233.854,-3.252,0,0,0,1,1,1,L,"encounter v",190,83,0.527,3,138,2616.984,255,136,182,141,24,145,130,94.146,82.026,0.46,0,0.534,307.458,512.534,-19.608,-0.111,-37.279,0,"-라후이-",-0.201,-17.897,0,"Amellaid",-19.668,-41.08,0,"coder_",-8.823,-65.95,0,"_이누_",22.436,-48.415,0,"shimenawa",14.209,-63.899,0,"낑깡__",42.71,-95.802,0,"하루（Haru）",7.402,-111.463,0,"Dοpi",-35.667,-95.351,0,0,0,0,0,0,"",0,0,0,0,,,2619.259,,8,3
48,2,0,1,3,0,1,2,1,0,1,14,255,17,27,2635.602,"DoYaGee",R,32,75,127,-4.864,0.378,-0.512,1.16,-2.381,1.849,-36.439,19.846,3,0,214.79,-29.288,0,-0.398,-21.756,0,1,1,L,"encounter v",190,83,0.527,0,138,0,0,0,0,0,0,0,0,0,0,0,0,0,0,0,0,-0.381,-37.373,0,"-라후이-",-0.778,-19.545,0,"Amellaid",-20.974,-45.697,0,"coder_",-5.227,-66.372,0,"_이누_",21.712,-48.85,0,"shimenawa",12.859,-65.035,0,"낑깡__",43.148,-95.355,0,"하루（Haru）",6.967,-114.833,0,"Dοpi",-35.763,-94.385,0,0,0,0,0,0,"",0,0,0,0,2640.092,,2638,,0,6
49,2,0,1,3,0,0,2,1,1,1,11,14,17,28,2663.633,"DoYaGee",R,3,84,124,-4.627,-0.491,-0.242,1.008,-1.125,1.357,-36.291,24.026,3,0,-491.166,0,0,0.351,-20.986,0,2,2,L,"Pring__",190,93.36,0.485,0,138,0,0,0,0,0,0,0,0,0,0,0,0,0,0,0,0,-0.168,-37.202,0,"-라후이-",-0.36,-19.958,0,"Amellaid",-24.679,-51.146,0,"coder_",-12.197,-69.365,0,"_이누_",23.247,-49.996,0,"shimenawa",14.032,-64.526,0,"낑깡__",43.963,-96.139,0,"하루（Haru）",12.524,-122.746,0,"Dοpi",-36.272,-99.378,0,0,0,0,0,0,"",0,0,0,0,2666.529,,2666.401,,0,6
50,2,0,1,4,0,0,2,1,1,1,12,11,14,29,2798.137,"DoYaGee",R,32,72,125,-14.474,0.92,0.136,1.054,0.631,1.504,-36.489,19.801,2,0,237.569,13.734,0,0,0,1,3,0,R,"소솨소솨",190,80,0.396,3,136,2799.122,255,155,123,41,0,145,90,-3.335,-29.259,-0.85,0,0.567,234.929,-550.483,-24.033,0.249,-36.976,0,"-라후이-",0.278,-17.913,0,"Amellaid",-24.463,-48.886,0,"coder_",-14.647,-64.158,0,"_이누_",19.407,-46.752,111,"shimenawa",13.898,-64.495,0,"낑깡__",33.052,-98.395,0,"하루（Haru）",-9.442,-119.558,0,"Dοpi",-37.464,-95.607,0,2799.557,5.771,-28.5,2800.883,4,"_이누_",16.841,-45.473,0,0,,2804.261,,,104,2
51,3,1,1,4,0,0,0,0,0,0,255,255,255,20,2851.33,"소솨소솨",R,27,77,128,-1.499,-0.452,0.039,1.455,-0.743,1.218,-36.488,10.923,2,0,70.726,-118.025,1.524,0,0,1,8,7,L,"하루（Haru）",160,90.172,0.503,3,135,2852.511,237,129,110,105,43,145,122,-15.019,-12.25,0.3,0.048,0.392,-560.64,-126.518,165.171,0.095,-37.83,0,"encounter v",-0.124,-17.399,0,"Pring__",-19.173,-45.434,0,"ㆍ데트≺Odette≻ㆍ",-13.074,-64.743,0,"인생최패망자",22.099,-48.679,0,"Muna_328",13.98,-63.922,86,"SFIDA",38.955,-90.219,0,"아침땅_",5.42,-103.479,95,"Roscosmos",-38.311,-88.298,0,2852.557,-0.006,-22.53,2855.758,7,"아침땅_",9.512,-95.943,1,0,2863.988,2865.258,,,330,2
52,3,1,1,4,0,0,0,0,1,0,255,7,255,21,2887.786,"소솨소솨",R,28,81,133,1.451,1.423,0.31,1.733,0.514,2.275,-36.547,15.095,4,0,75.639,-87.317,0.487,0,0,1,0,3,R,"coder_",163.6,84.449,0.302,0,135,0,0,0,0,0,0,0,0,0,0,0,0,0,0,0,0,0.192,-38.014,119,"encounter v",-0.077,-17.396,0,"Pring__",-17.682,-43.269,0,"ㆍ데트≺Odette≻ㆍ",-14.709,-63.534,0,"인생최패망자",17.743,-44.198,87,"Muna_328",6.608,-64.08,91,"SFIDA",30.197,-102.365,0,"아침땅_",-4.579,-102.747,0,"Roscosmos",-37.869,-86.783,0,0,0,0,0,0,"",0,0,0,0,2889.397,2890.54,2906.782,,0,0
53,3,1,1,4,0,1,0,0,0,1,255,255,7,22,2925.712,"소솨소솨",R,28,85,139,-2.69,0.862,-0.067,1.663,-1.237,2.011,-36.564,7.709,4,0,49.488,-54.627,3.909,0,0,1,0,3,R,"coder_",163.6,84.449,0.302,0,55,0,0,0,0,0,0,0,0,0,0,0,0,0,0,0,0,0.105,-38.111,0,"encounter v",-0.136,-17.251,0,"Pring__",-17.945,-43.526,0,"ㆍ데트≺Odette≻ㆍ",-14.898,-63.605,0,"인생최패망자",17.597,-41.841,0,"Muna_328",9.114,-65.595,0,"SFIDA",33.348,-94.62,0,"아침땅_",-5.076,-103.475,0,"Roscosmos",-38.85,-90.387,0,0,0,0,0,0,"",0,0,0,0,2927.168,,,,0,0
54,3,1,1,4,0,2,0,0,0,1,255,255,7,23,2943.372,"소솨소솨",R,28,72,125,-0.679,2.542,0.117,1.899,-0.384,2.9,-36.637,16.815,2,0,53.89,-58.972,4.805,0,0,1,0,3,R,"coder_",163.6,84.449,0.302,3,55,2944.488,130,31,121,118,27,140,108,29.523,34.376,0.78,0,0.377,216.798,510.576,-226.08,0.078,-37.75,0,"encounter v",-0.188,-17.391,0,"Pring__",-18.902,-44.402,0,"ㆍ데트≺Odette≻ㆍ",-14.938,-63.479,0,"인생최패망자",16.1,-41.366,86,"Muna_328",8.556,-66,101,"SFIDA",34.524,-92.675,0,"아침땅_",-5.695,-103.309,0,"Roscosmos",-40.248,-91.299,99,2949.515,-61.572,-90.345,2952.453,8,"Roscosmos",-67.545,-96.377,1,0,,2953.547,2947.291,2954.749,201,2
55,3,1,2,4,0,0,0,0,0,1,255,255,3,24,2976.752,"소솨소솨",R,27,76,128,1.24,-0.446,0.303,1.439,0.484,1.199,-36.501,11.04,2,0,31.481,-147.236,-2.487,0,0,1,1,6,R,"낑깡__",174.9,80,0.402,3,134,2977.735,211,129,139,124,67,145,116,33.511,30.492,0.2,0.095,0.366,-516.821,-273.709,-129.541,0.408,-37.67,0,"encounter v",-0.139,-17.41,0,"Pring__",-20.219,-46.64,0,"ㆍ데트≺Odette≻ㆍ",-15.191,-63.627,0,"인생최패망자",17.1,-43.232,0,"Muna_328",7.887,-65.778,107,"SFIDA",28.331,-95.716,0,"아침땅_",-6.203,-106.281,0,"Roscosmos",-47.078,-96.441,104,2982.154,-40.364,-103.489,2982.599,8,"Roscosmos",-39,-100.318,0,0,2988.168,,2979.712,2987.054,202,1
56,3,1,3,4,0,0,1,0,0,0,255,255,255,25,3007.829,"소솨소솨",R,27,82,134,1.627,0.204,0.332,1.566,0.619,1.646,-36.533,7.022,2,0,56.51,-103,-0.842,0,0,1,2,1,R,"-라후이-",190,87.311,0.496,3,134,3008.729,185,116,158,92,58,145,104,19.253,-21.144,-0.16,0,0.163,-96.94,299.816,-30.308,0.332,-37.631,0,"encounter v",-0.104,-17.369,0,"Pring__",-22.443,-48.416,0,"ㆍ데트≺Odette≻ㆍ",-15.77,-63.049,0,"인생최패망자",17.897,-48.217,0,"Muna_328",8.938,-66.165,0,"SFIDA",33.501,-101.585,0,"아침땅_",-6.386,-107.634,0,"Roscosmos",-40.437,-88.917,0,3012.508,24.272,-95.663,3012.647,6,"SFIDA",23.462,-92.508,0,0,,,,,24,1
57,3,1,3,4,0,0,2,0,0,0,255,255,255,26,3033.167,"소솨소솨",R,28,82,135,0.67,-0.339,0.247,1.468,0.222,1.329,-36.505,9.264,2,0,46.525,-69.282,0.83,0,0,1,3,0,R,"DoYaGee",190,80,0.601,3,134,3034.191,119,93,53,92,67,134,87,28.756,6.145,-0.63,0,0.192,-23.928,92.469,15.225,0.287,-37.771,0,"encounter v",-0.129,-17.395,0,"Pring__",-22.817,-48.844,0,"ㆍ데트≺Odette≻ㆍ",-14.537,-63.87,0,"인생최패망자",21.968,-52.713,0,"Muna_328",9.694,-65.665,0,"SFIDA",36.771,-104.224,0,"아침땅_",-6.484,-108.769,0,"Roscosmos",-40.87,-89.57,0,3039.029,-9.43,-93.629,3039.251,7,"아침땅_",-9.171,-91.933,0,0,,,,,296,1
58,3,0,3,4,0,0,0,0,0,0,255,255,255,30,3093.289,"DoYaGee",R,32,66,107,2.61,-0.578,0.263,0.917,0.768,1.305,-36.596,38.769,4,0,186.122,11.591,0,0,0,1,4,6,L,"SFIDA",190,80,0.2,0,133,0,0,0,0,0,0,0,0,0,0,0,0,0,0,0,0,-0.284,-37.4,0,"-라후이-",0.457,-17.784,0,"Amellaid",-23.671,-49.851,0,"coder_",-13.522,-69.655,0,"_이누_",22.808,-48.318,0,"shimenawa",14.206,-64.497,0,"낑깡__",40.457,-92.45,0,"하루（Haru）",5.941,-112.028,0,"Dοpi",-34.839,-94.018,0,0,0,0,0,0,"",0,0,0,0,3094.869,,,,0,0
59,3,0,3,4,0,1,0,0,0,0,255,255,255,31,3144.38,"DoYaGee",R,46,54,97,0.237,-0.913,0.1,0.816,-0.159,1.154,-36.771,32.278,2,0,118.01,51.04,0,0,0,1,4,6,L,"SFIDA",190,80,0.2,2,55,3145.46,255,197,98,102,73,145,90,29.342,-44.725,-0.81,0,0.692,331.713,494.2,-75.713,-0.014,-37.381,0,"-라후이-",0.05,-17.801,0,"Amellaid",-23.885,-50.02,0,"coder_",-15.284,-64.078,0,"_이누_",22.57,-48.026,85,"shimenawa",14.313,-63.973,107,"낑깡__",40.642,-92.476,96,"하루（Haru）",3.817,-113.077,0,"Dοpi",-35.146,-93.744,92,3149.779,47.654,-79.088,3155.571,6,"낑깡__",62.848,-102.854,1,0,,3155.217,3160.331,3173.502,186,2
60,3,0,3,5,0,0,0,0,0,0,255,255,255,32,3200.549,"DoYaGee",R,32,70,124,1.932,-0.02,0.095,1.113,0.441,1.617,-36.531,19.67,2,0,250,5.62,0,0,0,1,5,3,R,"ㆍ데트≺Odette≻ㆍ",174.5,94.66,0.38,3,88,3201.842,180,129,122,148,72,145,84,8.53,-26.93,-0.85,0,0.118,461.727,-363.025,-117.566,0.019,-37.238,0,"-라후이-",0.121,-17.269,0,"Amellaid",-25.32,-50.332,87,"coder_",-13.594,-64.874,0,"_이누_",21.012,-47.955,120,"shimenawa",13.718,-63.905,0,"낑깡__",35.956,-94.26,0,"하루（Haru）",-2.493,-108.984,0,"Dοpi",-37.245,-89.846,0,0,0,0,3203.793,4,"_이누_",16.763,-48.963,0,0,,,,,104,1
61,3,0,3,5,0,0,1,0,0,0,255,255,255,33,3229.74,"DoYaGee",R,3,68,111,-0.384,-0.661,0.142,0.988,0.659,1.246,-36.521,47.541,2,0,-464.487,0,0,0,0,1,6,5,R,"Muna_328",174.5,89.724,0.42,3,132,3230.903,255,164,180,48,0,145,104,12.501,21.883,0.9,0,0.756,-27.569,290.96,388.663,-0.099,-37.057,0,"-라후이-",-0.303,-17.841,0,"Amellaid",-24.267,-49.36,0,"coder_",-13.998,-65.966,98,"_이누_",22.131,-47.907,0,"shimenawa",13.068,-65.124,0,"낑깡__",36.953,-92.869,0,"하루（Haru）",-3.582,-109.232,0,"Dοpi",-40.352,-91.605,0,0,0,0,3233.356,3,"coder_",-20.448,-66.958,0,0,,,,,9,1
62,3,0,3,5,0,0,2,0,0,0,255,255,255,34,3262.536,"DoYaGee",R,3,74,102,-1.955,-0.408,0.101,1.1,0.092,1.411,-36.725,38.104,1,0,-453.382,0,0,0,0,0,7,8,R,"Roscosmos",175.2,95.982,0.364,0,132,0,0,0,0,0,0,0,0,0,0,0,0,0,0,0,0,-0.146,-37.465,0,"-라후이-",-0.212,-17.533,0,"Amellaid",-24.101,-50.095,0,"coder_",-14.004,-64.645,0,"_이누_",23.732,-50.235,0,"shimenawa",11.733,-65.35,0,"낑깡__",38.12,-99.943,0,"하루（Haru）",-0.925,-113.46,0,"Dοpi",-40.864,-95.792,0,0,0,0,0,0,"",0,0,0,0,3264.231,,,,0,0
63,3,0,3,5,1,0,2,0,0,0,255,255,255,35,3277.582,"DoYaGee",R,33,64,119,-2.806,0.639,-0.19,1.145,-1.388,2.024,-36.547,7.911,1,0,104.295,21,0,0,0,0,7,8,R,"Roscosmos",175.2,95.982,0.364,0,132,0,0,0,0,0,0,0,0,0,0,0,0,0,0,0,0,-0.06,-37.576,0,"-라후이-",-0.13,-17.531,0,"Amellaid",-24.119,-50.192,0,"coder_",-13.961,-64.672,0,"_이누_",23.806,-50.288,0,"shimenawa",12.703,-65.266,0,"낑깡__",38.106,-99.935,0,"하루（Haru）",-0.902,-113.559,0,"Dοpi",-43.2,-96.304,0,0,0,0,0,0,"",0,0,0,0,3279.168,,,,0,0
64,3,0,3,5,2,0,2,0,0,0,255,255,255,36,3294.493,"DoYaGee",R,32,65,106,1.387,-0.172,0.078,1.054,0.242,1.538,-36.514,28.161,2,0,191.656,2.083,0,0,0,1,7,8,R,"Roscosmos",175.2,95.982,0.364,3,132,3295.456,73,109,96,90,68,120,116,114.569,-16.231,0.43,0.048,0.204,32.614,249.959,290.632,-0.187,-37.147,0,"-라후이-",0.207,-17.65,0,"Amellaid",-24.148,-49.927,0,"coder_",-13.953,-64.57,0,"_이누_",23.512,-49.66,0,"shimenawa",13.413,-64.846,0,"낑깡__",39.247,-98.135,0,"하루（Haru）",-0.752,-113.488,0,"Dοpi",-41.57,-95.644,0,0,0,0,0,0,"",0,0,0,0,,,,,8,3
65,3,0,3,5,2,1,2,0,0,0,255,255,255,37,3313.809,"DoYaGee",R,34,85,138,-1.042,0.09,-0.122,1.106,-0.566,1.663,-36.34,7.791,0,0,87.563,-18.014,0,0,0,0,7,8,R,"Roscosmos",175.2,95.982,0.364,0,48,0,0,0,0,0,0,0,0,0,0,0,0,0,0,0,0,0.018,-37.578,0,"-라후이-",0,-17.396,0,"Amellaid",-24.144,-50.369,0,"coder_",-14.461,-64.534,0,"_이누_",23.024,-49.96,0,"shimenawa",11.172,-65.535,0,"낑깡__",38.845,-98.486,0,"하루（Haru）",-1.373,-112.813,0,"Dοpi",-40.484,-95.669,0,0,0,0,0,0,"",0,0,0,0,3315.224,,,,0,0
66,3,0,3,5,2,2,2,0,0,0,255,255,255,38,3331.514,"DoYaGee",R,4,68,117,1.153,-0.336,0.177,1.04,0.825,1.432,-36.48,24.099,2,0,-195.174,0,0,0,0,1,7,8,R,"Roscosmos",175.2,95.982,0.364,3,48,3332.48,138,53,134,94,54,143,127,16.138,-9.504,0.46,0,0.236,147.785,386.815,129.51,0.041,-37.054,0,"-라후이-",-0.016,-17.366,0,"Amellaid",-24.169,-50.36,0,"coder_",-14.348,-64.212,86,"_이누_",22.894,-50.037,0,"shimenawa",12.572,-65.785,0,"낑깡__",38.815,-98.5,0,"하루（Haru）",-1.31,-113.238,0,"Dοpi",-42.454,-96.321,0,3337.175,9.313,-133.342,3338.724,7,"하루（Haru）",8.605,-128.565,1,0,,3342.12,,,265,2
67,3,0,3,5,0,0,2,0,1,0,255,18,255,39,3366.212,"DoYaGee",R,32,81,132,-0.423,0.233,-0.109,1.132,-0.505,1.764,-36.312,10.853,0,0,234.432,19.81,0,0,0,0,8,7,R,"아침땅_",160,94.757,0.5,0,131,0,0,0,0,0,0,0,0,0,0,0,0,0,0,0,0,-0.014,-37.456,0,"-라후이-",-0.02,-17.542,0,"Amellaid",-23.051,-49.359,0,"coder_",-13.26,-63.15,0,"_이누_",20.311,-49.145,0,"shimenawa",7.267,-65.867,0,"낑깡__",33.299,-98.137,0,"하루（Haru）",-0.423,-112.831,0,"Dοpi",-37.836,-89.662,0,0,0,0,0,0,"",0,0,0,0,3367.772,3368.52,,,0,0
68,3,0,3,5,0,1,2,0,1,0,255,18,255,40,3384.672,"DoYaGee",R,33,63,119,4.814,-1.636,0.376,0.887,2.01,0.885,-36.733,56.193,3,0,102.575,46.542,0,1.924,-20.417,0,8,7,R,"아침땅_",160,94.757,0.5,0,131,0,0,0,0,0,0,0,0,0,0,0,0,0,0,0,0,0.294,-37.471,0,"-라후이-",0.308,-18.609,0,"Amellaid",-23.289,-49.187,0,"coder_",-13.396,-63.826,0,"_이누_",20.428,-47.978,0,"shimenawa",10.569,-66.684,0,"낑깡__",33.318,-98.101,0,"하루（Haru）",-3.622,-113.587,0,"Dοpi",-40.311,-89.248,0,0,0,0,0,0,"",0,0,0,0,3387.904,3387.467,,,0,6
69,3,0,3,5,0,0,2,1,1,0,17,18,255,41,3416.555,"DoYaGee",R,32,66,121,3.495,-0.622,0.277,0.947,1.238,1.248,-36.575,30.513,1,0,168.386,5.367,0,0,0,0,0,4,R,"인생최패망자",190,80,0.299,0,131,0,0,0,0,0,0,0,0,0,0,0,0,0,0,0,0,0.051,-37.25,0,"-라후이-",0.215,-17.794,0,"Amellaid",-20.098,-44.456,0,"coder_",-13.784,-64.755,0,"_이누_",20.785,-49.07,0,"shimenawa",8.314,-65.87,0,"낑깡__",42.537,-99.463,0,"하루（Haru）",-1.266,-117.249,0,"Dοpi",-42.007,-94.2,0,0,0,0,0,0,"",0,0,0,0,3418.113,3419.115,,,0,0
70,3,0,3,5,1,0,2,1,1,0,17,18,255,42,3439.401,"DoYaGee",R,3,77,117,-1.348,0.916,0.094,1.049,0.439,1.479,-36.382,15.84,2,0,-465.447,0,0,0,0,1,0,4,R,"인생최패망자",190,80,0.299,3,131,3440.369,154,101,143,101,46,145,130,-30,-18.44,0.6,0,0.349,-330.145,198.567,13.305,0.027,-37.081,0,"-라후이-",0.199,-17.874,0,"Amellaid",-21.476,-47.205,0,"coder_",-13.813,-64.759,0,"_이누_",22.171,-48.93,0,"shimenawa",10.433,-65.072,0,"낑깡__",42.542,-99.447,0,"하루（Haru）",-1.913,-117.532,0,"Dοpi",-42.031,-94.211,0,3440.418,0.34,-21.658,3442.231,5,"shimenawa",13.69,-61.851,0,0,,3444.576,3445.318,,88,2
71,4,1,3,5,0,0,0,0,0,0,255,255,255,27,3495.575,"소솨소솨",R,28,81,133,-0.667,0.528,0.112,1.617,-0.404,1.826,-36.502,4.138,2,0,76.78,-87.179,0.633,0,0,1,4,5,L,"shimenawa",174.9,95.82,0.296,3,130,3496.605,120,99,105,76,0,137,127,112.902,54.813,0.37,0,0.345,444.845,-314.523,-224.746,0.07,-37.6,0,"encounter v",-0.101,-17.372,0,"Pring__",-21.038,-47.309,0,"ㆍ데트≺Odette≻ㆍ",-14.223,-64.355,0,"인생최패망자",22.381,-48.336,0,"Muna_328",13.351,-64.066,0,"SFIDA",48.772,-106.292,0,"아침땅_",6.212,-107.651,0,"Roscosmos",-36.498,-89.015,0,0,0,0,0,0,"",0,0,0,0,,,,,8,3
72,4,1,3,5,0,1,0,0,0,0,255,255,255,28,3511.787,"소솨소솨",R,28,88,140,-11.463,-1.056,0.105,1.594,-0.438,1.746,-36.535,8.435,2,0,80.707,-92.578,0.229,0,0,1,4,5,L,"shimenawa",174.9,95.82,0.296,3,130,3512.788,136,87,91,35,0,138,92,3.239,-10.501,-0.23,0,0.326,-348.877,81.672,-190.685,0.073,-37.644,0,"encounter v",-0.081,-17.381,0,"Pring__",-21.296,-47.092,0,"ㆍ데트≺Odette≻ㆍ",-13.895,-64.68,98,"인생최패망자",22.071,-47.882,0,"Muna_328",14.12,-63.807,0,"SFIDA",52.642,-107.29,0,"아침땅_",6.622,-109.488,0,"Roscosmos",-35.313,-93.965,0,3513.647,3.737,-41.458,3515.043,5,"Muna_328",7.986,-60.293,1,0,,,,,108,2
73,4,1,3,5,0,0,0,1,0,0,5,255,255,29,3569.971,"소솨소솨",R,28,83,136,1.033,0.742,0.27,1.673,0.33,1.994,-36.498,7.858,0,0,80.889,-96.591,-1.137,0,0,1,5,4,R,"_이누_",190,89.898,0.447,0,130,0,0,0,0,0,0,0,0,0,0,0,0,0,0,0,0,0.171,-38.113,0,"encounter v",-0.054,-17.325,0,"Pring__",-18.761,-44.352,0,"ㆍ데트≺Odette≻ㆍ",-15.127,-63.072,0,"인생최패망자",20.761,-51.617,0,"Muna_328",7.716,-65.157,0,"SFIDA",33.594,-111.76,0,"아침땅_",-8.298,-107.552,0,"Roscosmos",-42.871,-95.229,0,0,0,0,0,0,"",0,0,0,0,3571.536,,,,0,0
74,4,1,3,5,0,1,0,1,0,0,5,255,255,30,3585.775,"소솨소솨",R,28,81,133,0.646,-0.712,0.247,1.397,0.222,1.1,-36.517,12.234,2,0,36.025,-75.034,1.69,0,0,1,5,4,R,"_이누_",190,89.898,0.447,3,130,3586.955,255,154,181,64,0,145,112,-30,12.181,0.91,0,0.186,78.869,-571.507,164.801,0.432,-37.803,0,"encounter v",-0.095,-17.604,0,"Pring__",-19.774,-44.826,70,"ㆍ데트≺Odette≻ㆍ",-16.126,-62.878,104,"인생최패망자",21.171,-52.624,0,"Muna_328",7.055,-65.305,0,"SFIDA",28.729,-109.564,0,"아침땅_",-8.248,-107.547,0,"Roscosmos",-42.829,-95.214,0,3586.953,-0.139,-19.563,3589.335,3,"ㆍ데트≺Odette≻ㆍ",-8.521,-58.942,0,0,,3591.288,,,44,2
75,4,1,3,5,0,0,1,0,1,0,255,5,255,31,3618.072,"소솨소솨",R,27,82,134,-1.406,-0.316,0.053,1.472,-0.678,1.325,-36.545,8.359,0,0,45.011,-101.591,1.692,0,0,0,6,2,L,"Amellaid",179.9,86.447,0.439,0,129,0,0,0,0,0,0,0,0,0,0,0,0,0,0,0,0,0.111,-38.175,0,"encounter v",-0.011,-17.301,95,"Pring__",-20.867,-46.07,0,"ㆍ데트≺Odette≻ㆍ",-13.419,-63.011,0,"인생최패망자",18.869,-43.594,0,"Muna_328",13.673,-63.323,0,"SFIDA",44.337,-105.3,0,"아침땅_",4.837,-109.18,0,"Roscosmos",-40.35,-93.388,0,0,0,0,0,0,"",0,0,0,0,3619.751,3621.133,,,0,0
76,4,1,3,5,0,1,1,0,1,0,255,5,255,32,3634.379,"소솨소솨",R,27,73,126,-1.293,-0.818,0.086,1.374,-0.527,0.991,-36.54,14.636,0,0,-24.985,-130.441,0.198,0,0,0,6,2,L,"Amellaid",179.9,86.447,0.439,0,129,0,0,0,0,0,0,0,0,0,0,0,0,0,0,0,0,0.206,-38.047,0,"encounter v",-0.016,-17.281,120,"Pring__",-21.039,-46.889,0,"ㆍ데트≺Odette≻ㆍ",-11.152,-63.316,0,"인생최패망자",19.805,-45.202,0,"Muna_328",13.701,-63.684,0,"SFIDA",41.677,-101.137,0,"아침땅_",4.988,-109.181,0,"Roscosmos",-40.302,-94.404,0,0,0,0,0,0,"",0,0,0,0,3636.168,3637.73,,,0,0
77,4,1,3,5,0,2,1,0,1,0,255,5,255,33,3651.195,"소솨소솨",R,34,88,140,-0.546,0.787,0.125,1.674,-0.345,2.016,-36.536,8.64,2,0,76.896,-65.861,1.913,0,0,1,6,2,L,"Amellaid",179.9,86.447,0.439,3,129,3652.233,239,69,0,13,15,18,46,-48.557,-51.571,-0.61,0,0.366,-322.493,-474.822,167.773,-0.005,-37.709,0,"encounter v",-0.133,-17.361,0,"Pring__",-20.814,-46.954,0,"ㆍ데트≺Odette≻ㆍ",-13.795,-63.856,0,"인생최패망자",20.215,-45.855,92,"Muna_328",13.67,-63.69,0,"SFIDA",44.015,-100.748,0,"아침땅_",4.99,-109.133,0,"Roscosmos",-40.16,-94.582,0,3652.425,1.222,-19.544,3655.967,4,"인생최패망자",18.942,-35.165,0,0,,3661.287,,,9,2
78,4,1,3,5,0,2,1,0,1,0,255,5,255,34,3672.143,"소솨소솨",R,28,76,128,-1.837,-0.353,0.015,1.466,-0.859,1.306,-36.508,9.895,2,0,40.728,-79.224,5.403,0,0,1,6,2,L,"Amellaid",179.9,86.447,0.439,3,45,3673.275,207,189,108,115,93,145,128,19.79,42.153,0.28,0,0.454,230.722,82.028,545.568,0.068,-37.754,0,"encounter v",-0.162,-17.538,0,"Pring__",-20.875,-47.268,0,"ㆍ데트≺Odette≻ㆍ",-10.546,-63.743,0,"인생최패망자",20.21,-45.933,0,"Muna_328",15.587,-62.736,0,"SFIDA",44.396,-101.233,0,"아침땅_",4.664,-109.635,0,"Roscosmos",-41.544,-93.072,108,3676.849,-65.978,-89.354,3679.286,8,"Roscosmos",-63.844,-90.179,1,64,3686.265,,3679.413,3684.141,202,2
79,4,1,4,5,0,0,2,0,0,0,255,255,255,35,3714.574,"소솨소솨",R,28,81,132,1.266,0.85,0.297,1.674,0.453,2.026,-36.477,9.04,2,0,62.051,-70.163,1.285,0,0,1,7,8,R,"Dοpi",174.8,85,0.3,3,128,3715.522,123,61,52,48,19,132,77,5.324,21.682,-0.89,0,0.274,159.455,397.491,-338.175,0.162,-37.6,0,"encounter v",-0.117,-17.437,0,"Pring__",-20.902,-46.558,85,"ㆍ데트≺Odette≻ㆍ",-14.437,-64.072,96,"인생최패망자",21.033,-51.945,0,"Muna_328",9.577,-65.699,0,"SFIDA",37.494,-103.694,0,"아침땅_",-5.45,-103.414,0,"Roscosmos",-43.326,-90.319,0,3716.967,-10.982,-45.016,3718.196,3,"ㆍ데트≺Odette≻ㆍ",-15.359,-55.871,0,0,,,,,44,2
80,4,0,4,5,0,0,0,0,0,0,255,255,255,43,3873.356,"DoYaGee",R,32,71,125,0.571,-0.102,-0.017,1.069,-0.077,1.552,-36.461,21.599,2,0,217.198,-4.341,13.827,0,0,1,1,1,L,"encounter v",190,83,0.527,3,127,3874.259,255,212,160,106,0,145,130,21.303,-4.952,0.33,0,0.69,-92.095,-487.445,-333.948,-0.11,-37.035,0,"-라후이-",-0.127,-17.809,0,"Amellaid",-22.846,-49.871,0,"coder_",-11.75,-65.64,87,"_이누_",21.863,-47.72,0,"shimenawa",14.701,-64.003,0,"낑깡__",42.828,-96.72,0,"하루（Haru）",1.239,-111.972,0,"Dοpi",-36.767,-95.796,0,3878.751,22.902,-129.045,3880.335,7,"하루（Haru）",21.693,-127.375,1,0,,,,,265,2
81,4,0,4,5,0,0,0,1,0,0,11,255,255,44,3907.736,"DoYaGee",R,3,53,101,0.807,-0.098,0.297,1.193,1.175,1.587,-37.022,77.116,0,0,-436.433,0,-3.592,0.198,-19.402,1,2,2,L,"Pring__",190,93.36,0.485,0,127,0,0,0,0,0,0,0,0,0,0,0,0,0,0,0,0,-0.084,-37.517,118,"-라후이-",0.015,-19.361,0,"Amellaid",-20.507,-46.765,86,"coder_",-7.608,-59.662,0,"_이누_",23.701,-47.341,0,"shimenawa",12.675,-64.559,0,"낑깡__",41.546,-99.499,0,"하루（Haru）",8.603,-115.518,0,"Dοpi",-33.602,-98.306,0,0,0,0,0,0,"",0,0,0,0,3911.363,,,,0,0
82,4,0,4,5,0,1,0,1,0,0,11,255,255,45,3950.05,"DoYaGee",R,32,68,123,-0.901,0.036,-0.039,1.077,-0.764,1.645,-36.553,14.504,2,0,239.581,-7.138,19.251,0,0,1,2,2,L,"Pring__",190,93.36,0.485,3,127,3951.156,221,140,105,136,46,145,100,26.956,-57.056,0.94,0,0.398,-78.332,-576.749,145.687,0.003,-37.205,0,"-라후이-",-0.27,-17.771,0,"Amellaid",-19.02,-42.132,0,"coder_",-5.869,-62.756,0,"_이누_",25.359,-48.985,0,"shimenawa",15.525,-63.099,0,"낑깡__",44.015,-97.519,0,"하루（Haru）",10.624,-120.836,0,"Dοpi",-35.782,-100.541,0,3954.696,64.473,-52.372,0,0,"",0,0,0,0,,,,,8,3
83,4,0,4,5,0,2,0,1,0,0,11,255,255,46,3973.824,"DoYaGee",R,32,69,123,3.989,-0.868,0.381,0.978,1.362,0.969,-36.59,41.991,4,0,226.933,-116.536,2.651,0,0,1,2,2,L,"Pring__",190,93.36,0.485,0,127,0,0,0,0,0,0,0,0,0,0,0,0,0,0,0,0,0.123,-37.676,0,"-라후이-",0.042,-19.506,0,"Amellaid",-19.698,-45.725,0,"coder_",-4.02,-61.067,0,"_이누_",24.709,-49.414,0,"shimenawa",14.42,-64.158,0,"낑깡__",44.714,-97.107,0,"하루（Haru）",10.33,-116.171,0,"Dοpi",-36.453,-102.846,0,0,0,0,0,0,"",0,0,0,0,3975.522,3976.981,,,0,0
84,4,0,4,5,0,0,1,0,1,0,255,11,255,47,4005.578,"DoYaGee",R,32,64,119,1.003,-0.224,0.013,1.059,0.058,1.521,-36.484,13.663,2,0,229.516,24.972,13.833,0,0,1,3,0,R,"소솨소솨",190,80,0.396,3,126,4006.606,255,137,163,42,0,145,102,113.459,49.333,-0.25,0.095,0.635,-316.797,-503.681,68.89,0.25,-37.203,0,"-라후이-",0.04,-17.674,0,"Amellaid",-22.327,-48.142,0,"coder_",-13.956,-64.446,0,"_이누_",21.465,-49.001,0,"shimenawa",9.217,-63.719,0,"낑깡__",35.801,-96.608,0,"하루（Haru）",0.315,-116.257,0,"Dοpi",-39.508,-97.128,0,0,0,0,0,0,"",0,0,0,0,,4011.183,,,8,3
85,4,0,4,5,0,1,1,0,1,0,255,11,255,48,4054.877,"DoYaGee",R,3,72,113,-4.567,0.618,-0.086,1.165,-1.105,2.029,-36.618,9.483,2,0,-486.737,0,19.236,0,0,1,3,0,R,"소솨소솨",190,80,0.396,3,126,4055.961,255,172,118,37,0,145,108,29.841,48.752,0.9,0,0.659,521.891,236.443,174.714,-0.067,-37.309,0,"-라후이-",-0.186,-17.653,0,"Amellaid",-23.765,-48.742,0,"coder_",-16.782,-62.75,0,"_이누_",20.7,-47.783,0,"shimenawa",9.414,-64.143,0,"낑깡__",37.62,-96.164,0,"하루（Haru）",-0.244,-118.933,0,"Dοpi",-42.904,-97.11,0,4060.96,-79.51,-78.625,0,0,"",0,0,0,0,,4064.487,,,8,3
86,4,0,4,5,0,2,1,0,1,0,255,11,255,49,4078.038,"DoYaGee",R,34,51,110,2.214,-0.025,0.196,1.033,0.792,1.627,-36.756,34.888,4,0,87.173,-2.526,6.077,0,0,1,3,0,R,"소솨소솨",190,80,0.396,0,126,0,0,0,0,0,0,0,0,0,0,0,0,0,0,0,0,-0.198,-37.488,0,"-라후이-",0.168,-18.389,0,"Amellaid",-24.465,-49.093,0,"coder_",-16.644,-67.29,0,"_이누_",20.847,-48.221,0,"shimenawa",10.438,-64.881,0,"낑깡__",34.064,-97.452,0,"하루（Haru）",4.927,-115.203,0,"Dοpi",-38.76,-99.259,0,0,0,0,0,0,"",0,0,0,0,4079.724,4080.978,,,0,0
87,4,0,4,5,0,0,2,0,1,0,255,11,255,50,4256.538,"_이누_",R,27,80,131,-1.084,-0.572,-0.123,1.7,-0.499,1.12,-36.502,7.644,2,0,22.31,-125.936,7.153,0,0,1,4,6,L,"SFIDA",190,80,0.2,2,125,4257.378,255,202,113,109,65,145,91,38.585,28.732,-0.76,0,0.803,-84.249,-333.298,-491.747,0.046,-36.953,0,"-라후이-",-0.082,-17.94,0,"_송글_",-22.188,-50.391,0,"coder_",-4.203,-66.678,0,"Amellaid",22.57,-49.329,0,"shimenawa",14.577,-63.977,0,"낑깡__",41.826,-93.161,0,"하루（Haru）",5.272,-116.913,0,"Dοpi",-31.811,-96.386,86,0,0,0,4262.467,8,"Dοpi",-27.347,-86.284,0,0,,,4262.731,,136,1
88,5,1,4,5,0,0,0,0,0,0,255,255,255,36,4326.649,"소솨소솨",R,28,81,133,-1.641,-1.088,0.033,1.381,-0.775,0.936,-36.502,14.238,2,0,43.585,-65.875,1.933,0,0,1,8,7,L,"하루（Haru）",160,90.172,0.503,3,124,4327.757,179,147,81,100,48,145,119,22.649,-32.509,0.57,0,0.341,-170.847,-236.958,-77.968,0.068,-37.716,0,"encounter v",-0.153,-17.513,0,"Pring__",-22.878,-48.487,0,"ㆍ데트≺Odette≻ㆍ",-11.751,-64.86,0,"인생최패망자",21.109,-47.244,0,"Muna_328",14.204,-63.575,0,"SFIDA",41.98,-93.287,0,"아침땅_",6.642,-103.165,0,"Roscosmos",-40.284,-90.911,0,0,0,0,4332.321,1,"-라후이-",54.425,-98.083,0,0,,,,,24,1
89,5,1,4,5,0,0,1,0,0,0,255,255,255,37,4359.35,"소솨소솨",R,28,72,125,0.889,-1.446,0.275,1.321,0.353,0.727,-36.467,16.627,1,0,17.039,-81.6,-0.685,0,0,0,0,3,R,"coder_",163.6,84.449,0.302,0,124,0,0,0,0,0,0,0,0,0,0,0,0,0,0,0,0,0.497,-37.929,0,"encounter v",-0.041,-17.327,0,"Pring__",-21.652,-47.75,0,"ㆍ데트≺Odette≻ㆍ",-13.768,-64.526,0,"인생최패망자",18.642,-47.446,0,"Muna_328",8.814,-65.475,0,"SFIDA",36.605,-97.326,0,"아침땅_",-5.773,-102.527,0,"Roscosmos",-40.414,-90.892,0,0,0,0,0,0,"",0,0,0,0,4360.904,,,,0,0
90,5,1,4,5,1,0,1,0,0,0,255,255,255,38,4372.369,"소솨소솨",R,34,84,138,2.314,1.581,0.389,1.746,0.882,2.323,-36.52,16.846,4,0,89.161,-83.408,2.189,0.544,-20.774,1,0,3,R,"coder_",163.6,84.449,0.302,0,124,0,0,0,0,0,0,0,0,0,0,0,0,0,0,0,0,0.356,-36.127,0,"encounter v",-0.096,-17.374,0,"Pring__",-19.705,-45.099,0,"ㆍ데트≺Odette≻ㆍ",-14.603,-62.238,0,"인생최패망자",14.38,-42.61,0,"Muna_328",8.841,-65.42,0,"SFIDA",35.476,-97.452,0,"아침땅_",-6.685,-101.962,0,"Roscosmos",-42.235,-90.117,0,0,0,0,0,0,"",0,0,0,0,,,,,0,0
91,5,1,4,5,1,1,1,0,0,0,255,255,255,39,4405.981,"소솨소솨",R,28,82,135,0.985,0.847,0.271,1.654,0.334,1.977,-36.523,5.25,2,0,61.585,-77.997,1.557,0,0,1,0,3,R,"coder_",163.6,84.449,0.302,3,53,4407.105,128,61,106,37,28,138,92,28.484,42.494,0,0,0.311,-15.412,592.022,-82.934,0.209,-37.741,0,"encounter v",-0.126,-17.387,0,"Pring__",-20.701,-46.42,0,"ㆍ데트≺Odette≻ㆍ",-15.984,-62.895,0,"인생최패망자",18.313,-47.708,0,"Muna_328",8.695,-64.739,0,"SFIDA",38.448,-99.383,0,"아침땅_",-7.949,-103.06,0,"Roscosmos",-42.1,-90.085,0,4411.64,-56.086,-67.253,0,0,"",0,0,0,0,,,,,8,3
92,5,1,4,5,1,2,1,0,0,0,255,255,255,40,4428.006,"소솨소솨",R,0,60,117,1.613,-0.567,0.348,1.473,0.692,1.297,-36.571,12.411,2,0,0,0,-3.167,0,0,1,0,3,R,"coder_",163.6,84.449,0.302,3,53,4429.168,224,101,119,75,41,145,87,39.877,41.873,-0.49,0,0.419,352.938,-450.934,175.767,0.303,-37.791,0,"encounter v",-0.095,-17.408,0,"Pring__",-18.148,-44.906,0,"ㆍ데트≺Odette≻ㆍ",-16.939,-62.17,87,"인생최패망자",19.191,-49.13,0,"Muna_328",8.226,-65.585,0,"SFIDA",39.885,-100.91,0,"아침땅_",-8.798,-102.426,0,"Roscosmos",-42.032,-87.228,85,4434.008,-42.473,-75.631,4434.355,8,"Roscosmos",-41.102,-73.325,0,0,,,,,168,1
93,5,1,4,5,0,0,2,0,0,0,255,255,255,41,4455.959,"소솨소솨",R,0,71,124,-2.12,-0.162,0.068,1.514,-0.609,1.464,-36.61,1.79,2,0,-2.776,0,-0.549,0,0,1,1,6,R,"낑깡__",174.9,80,0.402,3,124,4456.935,213,170,153,131,49,145,88,23.12,15.212,0.97,0.005,0.299,139.539,573.672,101.148,0.168,-37.518,0,"encounter v",-0.122,-17.382,0,"Pring__",-23.11,-49.323,0,"ㆍ데트≺Odette≻ㆍ",-17.543,-61.729,0,"인생최패망자",20.038,-50.743,0,"Muna_328",8.638,-65.459,0,"SFIDA",34.799,-108.268,0,"아침땅_",-7.918,-103.846,0,"Roscosmos",-43.235,-90.459,96,4461.14,-27.528,-85.967,4461.689,8,"Roscosmos",-27.204,-85.383,1,0,,,,,192,0
94,5,0,4,5,0,0,0,0,0,0,255,255,255,1,4552.431,"_이누_",R,27,85,138,0.218,-0.087,0.009,1.826,0.044,1.41,-36.528,17.969,0,0,37.044,-140.395,6.089,0,0,0,5,3,R,"ㆍ데트≺Odette≻ㆍ",174.5,94.66,0.38,0,123,0,0,0,0,0,0,0,0,0,0,0,0,0,0,0,0,-0.177,-37.167,0,"-라후이-",0.246,-17.715,0,"_송글_",-22.361,-49.156,0,"coder_",-15.353,-63.651,0,"Amellaid",21.415,-50.928,0,"shimenawa",13.408,-64.818,0,"낑깡__",35.442,-94.073,0,"하루（Haru）",-1.415,-109.59,0,"Dοpi",-39.161,-91.404,0,0,0,0,0,0,"",0,0,0,0,4554.099,,,,0,0
95,5,0,4,5,0,1,0,0,0,0,255,255,255,2,4567.487,"_이누_",R,27,77,129,1.412,1.089,0.152,1.967,0.519,2.083,-36.748,37.593,4,0,59.155,-130.685,4.899,0,0,1,5,3,R,"ㆍ데트≺Odette≻ㆍ",174.5,94.66,0.38,0,123,0,0,0,0,0,0,0,0,0,0,0,0,0,0,0,0,-0.134,-37.32,0,"-라후이-",0.205,-17.514,0,"_송글_",-22.65,-47.826,0,"coder_",-15.441,-63.78,0,"Amellaid",21.644,-51.078,0,"shimenawa",10.225,-65.604,0,"낑깡__",35.491,-94.006,0,"하루（Haru）",-1.698,-108.779,0,"Dοpi",-39.488,-92.302,0,0,0,0,0,0,"",0,0,0,0,4569.21,,,,0,0
96,5,0,4,5,0,2,0,0,0,0,255,255,255,3,4582.81,"_이누_",R,10,57,107,-1.648,-2.384,-0.057,1.867,-0.715,0.753,-36.61,18.56,1,0,0,358.226,9.36,-0.424,-18.369,0,5,3,R,"ㆍ데트≺Odette≻ㆍ",174.5,94.66,0.38,0,123,0,0,0,0,0,0,0,0,0,0,0,0,0,0,0,0,-0.078,-37.495,0,"-라후이-",-0.244,-18.451,0,"_송글_",-22.083,-47.522,0,"coder_",-15.062,-63.082,0,"Amellaid",21.427,-51.142,0,"shimenawa",9.792,-66.057,0,"낑깡__",35.419,-94.033,0,"하루（Haru）",-1.541,-108.713,0,"Dοpi",-39.5,-92.327,0,0,0,0,0,0,"",0,0,0,0,4585.501,,,,0,0
97,5,0,4,5,1,2,0,0,0,0,255,255,255,4,4600.124,"_이누_",R,13,67,109,-3.23,-1.768,-0.083,1.785,-0.739,1.094,-36.621,11.921,1,0,-352.33,351.533,6.913,0,0,0,5,3,R,"ㆍ데트≺Odette≻ㆍ",174.5,94.66,0.38,0,123,0,0,0,0,0,0,0,0,0,0,0,0,0,0,0,0,0,-37.073,0,"-라후이-",-0.194,-17.737,0,"_송글_",-22.04,-46.413,0,"coder_",-14.942,-63.104,0,"Amellaid",21.402,-51.095,0,"shimenawa",11.651,-65.174,0,"낑깡__",35.406,-94.022,0,"하루（Haru）",-1.872,-108.744,0,"Dοpi",-38.247,-89.988,0,0,0,0,0,0,"",0,0,0,0,4601.904,,,,0,0
98,5,0,4,5,2,2,0,0,0,0,255,255,255,5,4614.771,"_이누_",R,27,90,140,-1.049,-0.168,-0.11,1.623,-0.51,1.4,-36.512,7.615,2,0,42.302,-113.227,3.855,0,0,1,5,3,R,"ㆍ데트≺Odette≻ㆍ",174.5,94.66,0.38,3,123,4615.896,169,97,111,124,45,145,127,9.531,6.794,0.43,0,0.189,-475.777,-157.749,111.53,-0.257,-37.086,0,"-라후이-",-0.103,-17.929,0,"_송글_",-21.791,-48.193,85,"coder_",-15.25,-63.455,0,"Amellaid",21.459,-51.156,0,"shimenawa",13,-65.024,0,"낑깡__",35.511,-94.157,0,"하루（Haru）",-2.813,-109.124,0,"Dοpi",-38.788,-92.538,0,4617.765,-6.01,-77.1,4619.029,7,"하루（Haru）",-7.638,-96.753,1,0,,,,,288,2
99,5,0,4,5,0,0,0,1,0,0,13,255,255,6,4645.232,"_이누_",R,28,81,133,0.778,-0.009,0.062,1.65,0.289,1.495,-36.501,13.783,2,0,33.854,-99.846,5.395,0,0,1,6,5,R,"Muna_328",174.5,89.724,0.42,3,123,4646.254,255,129,120,29,0,145,89,97.87,-74.919,-0.62,0,0.745,314.933,-320.738,396.289,-0.082,-37.188,0,"-라후이-",0.254,-18.21,0,"_송글_",-21.671,-46.849,0,"coder_",-13.633,-64.245,0,"Amellaid",20.965,-50.264,0,"shimenawa",11.364,-65.078,0,"낑깡__",34.083,-94.375,0,"하루（Haru）",-0.016,-110.771,0,"Dοpi",-37.913,-92.107,0,0,0,0,0,0,"",0,0,0,0,,,,,0,3
100,5,0,4,5,0,1,0,1,0,0,13,255,255,7,4662.24,"_이누_",R,28,81,133,1.17,-0.376,0.053,1.646,0.432,1.302,-36.522,10.623,2,0,24.926,-77.307,2.872,0,0,1,6,5,R,"Muna_328",174.5,89.724,0.42,3,109,4663.267,255,95,118,0,0,137,80,13.457,-33.742,-0.82,0,0.66,-1.39,206.232,24.881,-0.289,-37.011,0,"-라후이-",0.252,-17.988,0,"_송글_",-20.611,-46.267,86,"coder_",-13.739,-64.805,0,"Amellaid",21.723,-51.52,109,"shimenawa",10.441,-64.304,0,"낑깡__",34.889,-95.774,0,"하루（Haru）",-1.663,-108.375,0,"Dοpi",-39.577,-91.805,0,0,0,0,4665.529,4,"Amellaid",17.478,-47.867,0,0,,,,,96,1
101,5,0,4,5,0,0,1,1,0,0,13,255,255,8,4692.026,"_이누_",R,27,77,128,3.477,1.744,0.219,2.003,1.304,2.646,-36.735,42.5,3,0,63.87,-105.493,0.914,-0.478,-19.965,0,7,8,R,"Roscosmos",175.2,95.982,0.364,0,122,0,0,0,0,0,0,0,0,0,0,0,0,0,0,0,0,-0.571,-36.404,0,"-라후이-",-0.293,-17.86,0,"_송글_",-21.449,-46.075,0,"coder_",-12.027,-63.759,0,"Amellaid",22.826,-51.344,0,"shimenawa",10.763,-65.844,0,"낑깡__",37.271,-101.57,0,"하루（Haru）",-0.573,-112.561,0,"Dοpi",-41.975,-97.096,0,0,0,0,0,0,"",0,0,0,0,4696.022,4724.06,,,0,6
102,5,0,4,5,0,0,1,1,1,0,18,13,255,9,4728.075,"_이누_",R,27,85,139,0.711,0.112,0.052,1.663,0.244,1.529,-36.447,14.64,2,0,48.078,-120.429,4.279,0,0,1,8,7,R,"아침땅_",160,94.757,0.5,2,122,4728.974,139,65,89,52,7,140,78,-1.956,24.346,-0.74,0,0.307,-50.819,516.134,-301.7,-0.261,-36.986,120,"-라후이-",0.172,-17.507,0,"_송글_",-21.882,-47.114,85,"coder_",-13.023,-62.667,98,"Amellaid",20.932,-49.942,0,"shimenawa",8.598,-64.172,0,"낑깡__",35.493,-98.095,0,"하루（Haru）",-0.378,-107.895,0,"Dοpi",-40.491,-90.251,0,4729.474,-4.249,-28.639,4731.661,3,"coder_",-16.234,-56.258,1,0,,4733.314,4734.371,,49,2
103,5,0,4,5,0,0,2,1,0,1,17,255,13,10,4828.942,"_이누_",R,27,70,124,4.578,1.67,0.305,2.024,1.683,2.589,-36.853,53.432,3,0,116.363,-132.474,0.854,-0.177,-21.538,0,0,4,R,"인생최패망자",190,80,0.299,0,122,0,0,0,0,0,0,0,0,0,0,0,0,0,0,0,0,-0.068,-37.021,0,"-라후이-",0.172,-19.823,0,"_송글_",-21.263,-47.455,0,"coder_",-11.498,-65.228,0,"Amellaid",19.281,-44.276,0,"shimenawa",7.084,-64.678,0,"낑깡__",41.58,-99.294,0,"하루（Haru）",4.157,-117.154,0,"Dοpi",-43.087,-97.184,0,0,0,0,0,0,"",0,0,0,0,4831.383,4858.732,,,0,6
104,5,0,4,5,0,0,2,1,1,1,14,17,13,11,4866.391,"_이누_",R,26,77,129,-0.519,0.415,-0.068,1.714,-0.315,1.714,-36.531,11.118,2,0,61.535,-160.386,6.691,0,0,1,1,1,L,"encounter v",190,83,0.527,3,122,4867.35,255,193,136,172,12,145,121,25.113,7.795,0.18,0,0.645,-44.524,-464.041,-374.553,-0.149,-36.89,0,"-라후이-",-0.118,-17.91,0,"_송글_",-20.386,-46.669,0,"coder_",-8.885,-65.721,0,"Amellaid",23.419,-50.198,0,"shimenawa",14.048,-64.76,0,"낑깡__",45.358,-92.697,0,"하루（Haru）",12.067,-112.866,93,"Dοpi",-35.462,-96.784,0,4872.064,-1.438,-124.471,4872.238,7,"하루（Haru）",-1.742,-120.632,0,0,,4871.248,4871.77,4872.989,284,1
105,6,1,4,5,0,0,0,0,0,0,255,255,255,42,4996.514,"소솨소솨",R,34,78,129,0.642,1.172,0.235,1.769,0.167,2.306,-36.655,20.631,2,0,80.118,-39.885,-0.01,0,0,1,2,1,R,"-라후이-",190,87.311,0.496,3,85,4997.409,199,91,86,65,37,145,104,113.717,-35.225,0.92,0,0.212,484.272,270.528,-226.044,0.084,-37.629,0,"encounter v",-0.132,-17.301,0,"Pring__",-22.29,-48.519,0,"ㆍ데트≺Odette≻ㆍ",-15.069,-62.826,0,"인생최패망자",22.144,-53.772,0,"Muna_328",9.878,-65.556,0,"SFIDA",33.66,-109.318,0,"아침땅_",-6.799,-111.415,0,"Roscosmos",-51.408,-94.158,0,0,0,0,0,0,"",0,0,0,0,,,,,8,3
106,6,1,4,5,0,1,0,0,0,0,255,255,255,43,5012.629,"소솨소솨",R,28,78,129,-4.328,1.075,-0.225,1.744,-1.974,2.223,-36.599,20.289,1,0,64.177,-65.046,5.807,0,0,0,2,1,R,"-라후이-",190,87.311,0.496,0,85,0,0,0,0,0,0,0,0,0,0,0,0,0,0,0,0,0.069,-38.177,0,"encounter v",-0.167,-17.259,0,"Pring__",-22.315,-48.461,0,"ㆍ데트≺Odette≻ㆍ",-15.949,-62.715,0,"인생최패망자",21.558,-54.135,0,"Muna_328",8.826,-66.145,0,"SFIDA",32.653,-108.098,0,"아침땅_",-6.77,-110.962,0,"Roscosmos",-51.17,-94.067,0,0,0,0,0,0,"",0,0,0,0,5014.057,,,,0,0
107,6,1,4,5,1,1,0,0,0,0,255,255,255,44,5026.091,"소솨소솨",R,0,62,118,0.74,-1.417,0.267,1.282,0.315,0.728,-36.576,17.368,1,0,0,0,3.748,0,0,0,2,1,R,"-라후이-",190,87.311,0.496,0,85,0,0,0,0,0,0,0,0,0,0,0,0,0,0,0,0,0.098,-37.966,0,"encounter v",-0.098,-17.279,0,"Pring__",-21.972,-47.428,0,"ㆍ데트≺Odette≻ㆍ",-15.997,-62.78,0,"인생최패망자",22.142,-53.408,0,"Muna_328",8.847,-66.181,0,"SFIDA",32.563,-107.923,0,"아침땅_",-6.825,-110.946,0,"Roscosmos",-51.383,-93.875,0,0,0,0,0,0,"",0,0,0,0,5027.453,,,,0,0
108,6,1,4,5,2,1,0,0,0,0,255,255,255,45,5047.108,"소솨소솨",R,34,79,130,1.524,0.284,0.318,1.59,0.552,1.726,-36.512,2.057,2,0,70.048,-67.795,2.561,0,0,1,2,1,R,"-라후이-",190,87.311,0.496,3,85,5047.965,206,120,178,112,43,145,95,24.951,7.475,-0.61,0,0.211,31.243,254.343,-2.832,0.604,-37.64,0,"encounter v",-0.088,-17.547,0,"Pring__",-22.256,-47.997,0,"ㆍ데트≺Odette≻ㆍ",-16.036,-62.668,0,"인생최패망자",22.307,-53.509,0,"Muna_328",8.861,-66.165,101,"SFIDA",32.289,-108.305,0,"아침땅_",-7.33,-110.902,0,"Roscosmos",-51.338,-93.848,0,5052.828,-15.139,-100.553,5053.071,7,"아침땅_",-14.685,-98.755,0,0,,,,,328,1
109,6,1,4,5,0,0,1,0,0,0,255,255,255,46,5074.549,"소솨소솨",R,34,84,137,2.466,1.364,0.402,1.798,0.945,2.398,-36.596,19.488,2,0,96.513,-77.992,1.098,0,0,0,3,9,R,"DoYaGee",190,80,0.601,3,121,5075.556,63,15,59,48,26,78,50,-17.576,-7.256,0.88,1,0.477,584.676,-125.537,-0.491,0.358,-37.515,0,"encounter v",-0.114,-17.352,0,"Pring__",-22.332,-48.373,0,"ㆍ데트≺Odette≻ㆍ",-16.941,-62.395,0,"인생최패망자",20.526,-51.947,0,"Muna_328",7.622,-66.602,0,"SFIDA",35.277,-110.203,0,"아침땅_",-9.019,-107.182,0,"Roscosmos",-45.387,-91.793,0,5075.849,0.981,-22.61,5077.342,0,"소솨소솨",2.75,-34.926,0,0,,,,,12,2
110,6,1,4,5,0,0,2,0,0,0,255,255,255,47,5098.344,"소솨소솨",R,33,88,140,-1.374,0.174,0.076,1.602,-0.571,1.772,-36.542,4.812,2,0,103.017,-81.749,1.958,0,0,1,4,5,L,"shimenawa",174.9,95.82,0.296,3,121,5099.343,126,96,78,60,11,137,122,25.427,-18.052,0.3,0.048,0.412,358.362,-473.303,81.616,0.133,-37.591,0,"encounter v",-0.106,-17.288,0,"Pring__",-22.371,-48.633,0,"ㆍ데트≺Odette≻ㆍ",-12.861,-64.623,0,"인생최패망자",21.64,-47.501,0,"Muna_328",14.429,-63.447,0,"SFIDA",47.636,-101.628,0,"아침땅_",4.738,-106.614,0,"Roscosmos",-42.286,-93.58,0,5104.585,45.634,-121.687,5108.071,6,"SFIDA",38.297,-112.924,1,0,,5108.91,,,24,2
111,6,1,4,5,0,0,2,0,1,0,255,5,255,48,5134.129,"소솨소솨",R,28,77,129,1.587,1.638,0.274,1.524,0.348,1.501,-36.535,8.946,2,0,34.238,-67.895,2.872,0,0,1,5,2,R,"_송글_",176.1,90.478,0.316,3,120,5135.109,149,25,57,66,7,137,82,-21.027,5.442,-0.74,0,0.429,281.875,-83.734,-18.484,0.339,-37.748,0,"encounter v",-0.132,-17.607,0,"Pring__",-22.894,-48.829,0,"ㆍ데트≺Odette≻ㆍ",-15.501,-63.259,0,"인생최패망자",18.271,-47.882,83,"Muna_328",5.686,-64.252,0,"SFIDA",33.911,-110.904,0,"아침땅_",-8.058,-107.741,91,"Roscosmos",-41.978,-88.294,0,5135.23,-0.036,-22.254,5139.828,7,"아침땅_",-6.05,-83.797,1,0,,,5139.646,,265,2
112,6,1,4,5,0,0,2,1,0,1,2,255,5,49,5166.344,"소솨소솨",R,34,85,139,0.232,1.019,0.19,1.714,-0.04,2.153,-36.53,14.271,0,0,99.707,-65.584,2.283,0,0,1,6,4,L,"Amellaid",179.9,86.447,0.439,0,120,0,0,0,0,0,0,0,0,0,0,0,0,0,0,0,0,0.033,-38.178,0,"encounter v",-0.03,-17.362,107,"Pring__",-20.523,-44.7,0,"ㆍ데트≺Odette≻ㆍ",-13.293,-61.922,0,"인생최패망자",19.065,-42.833,0,"Muna_328",15.07,-61.783,0,"SFIDA",45.3,-100.439,0,"아침땅_",2.009,-104.713,0,"Roscosmos",-45.856,-87.508,0,0,0,0,0,0,"",0,0,0,0,5167.988,,5169.453,,0,0
113,6,1,4,5,0,1,2,1,0,1,2,255,5,50,5183.868,"소솨소솨",R,28,89,140,-1.06,0.162,0.08,1.558,-0.554,1.62,-36.54,6.986,2,0,67.048,-94.791,3.253,0,0,1,6,4,L,"Amellaid",179.9,86.447,0.439,3,120,5184.926,255,181,129,80,41,145,90,38.53,34.419,-0.63,0,0.422,163.471,575.005,-15.892,0.033,-37.648,0,"encounter v",-0.079,-17.418,0,"Pring__",-19.151,-42.1,0,"ㆍ데트≺Odette≻ㆍ",-13.256,-63.872,0,"인생최패망자",19.843,-45.603,0,"Muna_328",13.698,-61.9,0,"SFIDA",43.368,-98.281,0,"아침땅_",2.38,-107.584,0,"Roscosmos",-44.929,-89.236,98,5189.925,-48.948,-72.471,5190.321,8,"Roscosmos",-47.381,-71.128,0,0,,5189.468,,5189.738,128,1
114,6,0,4,5,0,0,0,0,0,0,255,255,255,12,5239.096,"_이누_",R,13,69,111,-1.647,-0.616,0.067,1.965,-0.068,1.679,-36.657,29.381,2,0,-352.817,354.289,14.234,0,0,1,2,2,L,"Pring__",190,93.36,0.485,3,120,5240.076,170,123,110,109,0,145,98,-1.237,4.948,-0.46,0,0.48,-49.034,-281.111,124.663,-0.063,-36.882,0,"-라후이-",-0.166,-17.895,0,"_송글_",-21.579,-47.823,87,"coder_",-10.966,-66.303,0,"Amellaid",22.622,-49.261,0,"shimenawa",14.981,-63.832,0,"낑깡__",43.464,-98.518,0,"하루（Haru）",13.023,-119.028,0,"Dοpi",-38.307,-101.043,0,5240.62,-1.024,-31.499,5242.613,3,"coder_",-5.361,-66.002,0,0,,,,,33,2
115,6,0,4,5,0,0,1,0,0,0,255,255,255,13,5263.326,"_이누_",R,27,76,128,2.807,0.966,0.195,2.044,1.092,2.093,-36.806,44.967,4,0,78.342,-113.552,1.541,0,0,1,3,0,R,"소솨소솨",190,80,0.396,0,120,0,0,0,0,0,0,0,0,0,0,0,0,0,0,0,0,-0.054,-36.879,0,"-라후이-",0.182,-17.924,0,"_송글_",-20.398,-46.115,0,"coder_",-14.538,-65.762,0,"Amellaid",20.523,-51.512,0,"shimenawa",11.788,-65.605,0,"낑깡__",38.125,-96.797,0,"하루（Haru）",-5.752,-117.446,0,"Dοpi",-44.911,-99.183,0,0,0,0,0,0,"",0,0,0,0,5264.939,,,,0,0
116,6,0,4,5,0,1,1,0,0,0,255,255,255,14,5277.426,"_이누_",R,28,81,133,0.82,0.297,0.069,1.908,0.322,1.696,-36.501,32.802,2,0,23.766,-92.735,2.981,0,0,1,3,0,R,"소솨소솨",190,80,0.396,3,120,5278.305,255,120,154,0,7,143,130,7.426,-8.545,0.38,0,0.673,14.468,565.704,196.395,-0.133,-36.785,0,"-라후이-",0.218,-17.932,0,"_송글_",-21.135,-47.4,0,"coder_",-13.737,-64.656,0,"Amellaid",20.517,-51.609,0,"shimenawa",10.923,-66.079,95,"낑깡__",38.134,-96.796,0,"하루（Haru）",3.136,-116.37,0,"Dοpi",-43.853,-98.115,0,0,0,0,5280.126,5,"shimenawa",4.739,-68.291,0,0,,,,,16,1
117,6,0,4,5,0,0,2,0,0,0,255,255,255,15,5302.624,"_이누_",R,26,85,138,-0.949,-0.335,-0.092,1.785,-0.428,1.296,-36.507,17.256,4,0,42.086,-152.886,9.793,0.33,-21.829,1,4,6,L,"SFIDA",190,80,0.2,0,120,0,0,0,0,0,0,0,0,0,0,0,0,0,0,0,0,-0.29,-37.234,0,"-라후이-",-0.015,-18.546,0,"_송글_",-20.503,-46.111,0,"coder_",-12.052,-70.103,0,"Amellaid",22.107,-47.976,0,"shimenawa",13.678,-65.103,0,"낑깡__",43.688,-94.926,0,"하루（Haru）",16.09,-116.205,0,"Dοpi",-34.122,-98.939,0,0,0,0,0,0,"",0,0,0,0,,,,,0,0
118,6,0,4,5,0,1,2,0,0,0,255,255,255,16,5330.092,"_이누_",R,26,79,130,1.131,1.033,0.083,2.026,0.386,2.077,-36.631,41.988,2,0,71.484,-171.452,6.927,0,0,1,4,6,L,"SFIDA",190,80,0.2,2,120,5330.975,255,151,103,61,47,145,100,26.022,5.513,0.94,0,0.721,130.522,-246.241,-531.347,-0.379,-36.999,0,"-라후이-",-0.048,-17.894,0,"_송글_",-21.222,-47.247,0,"coder_",-13.929,-65.056,0,"Amellaid",22.684,-48.916,0,"shimenawa",13.779,-64.507,0,"낑깡__",43.665,-94.955,0,"하루（Haru）",14.691,-117.372,95,"Dοpi",-35.075,-99.961,0,5335.661,-1.508,-105.993,5335.953,7,"하루（Haru）",-1.516,-104.829,0,0,5433.64,,,,350,1
119,7,1,4,5,0,0,0,0,0,0,255,255,255,0,5546.652,"encounter v",R,10,76,117,-1.427,-1.139,0.444,2.173,-0.631,1.383,-36.942,54.646,1,0,0,400,-66.367,0,0,0,7,8,R,"Dοpi",174.8,85,0.3,0,42,0,0,0,0,0,0,0,0,0,0,0,0,0,0,0,0,0.269,-37.245,0,"Pring__",0,-17.347,120,"소솨소솨",-19.35,-44.684,0,"ㆍ데트≺Odette≻ㆍ",-15.914,-62.707,0,"인생최패망자",19.843,-50.838,0,"Muna_328",10.46,-65.727,0,"SFIDA",35.796,-110.088,0,"아침땅_",-7.001,-105.868,0,"Roscosmos",-41.302,-87.073,0,0,0,0,0,0,"",0,0,0,0,5548.279,,,,0,0
120,7,1,4,5,1,0,0,0,0,0,255,255,255,1,5560.528,"encounter v",R,32,101,140,-5.304,-2.733,0.524,2.053,-0.26,0.959,-36.747,41.176,2,0,250,-200,-10.602,0,0,1,7,8,R,"Dοpi",174.8,85,0.3,3,42,5561.489,154,107,55,47,26,135,115,-18.111,8.903,0.18,0,0.264,-374.552,166.132,425.268,0.311,-37.316,0,"Pring__",-0.031,-17.401,0,"소솨소솨",-19.492,-44.368,0,"ㆍ데트≺Odette≻ㆍ",-15.979,-62.803,101,"인생최패망자",19.823,-50.81,0,"Muna_328",10.443,-65.669,0,"SFIDA",36.706,-110.602,0,"아침땅_",-6.981,-105.878,0,"Roscosmos",-41.606,-86.768,0,5561.474,-0.16,-20.141,5563.647,3,"ㆍ데트≺Odette≻ㆍ",-10.615,-60.569,0,0,,,,,42,2
121,7,1,4,5,0,0,1,0,0,0,255,255,255,2,5583.915,"encounter v",R,10,80,121,-1.018,-0.028,0.482,2.364,-0.454,2.093,-37.042,65.519,0,0,0,400,-62.442,-0.249,-17.598,0,8,7,L,"하루（Haru）",160,90.172,0.503,0,119,0,0,0,0,0,0,0,0,0,0,0,0,0,0,0,0,0.335,-37.636,0,"Pring__",-0.066,-18.011,0,"소솨소솨",-18.833,-44.604,0,"ㆍ데트≺Odette≻ㆍ",-16.014,-62.222,0,"인생최패망자",20.921,-46.939,0,"Muna_328",14.319,-63.776,0,"SFIDA",48.832,-107.03,0,"아침땅_",4.88,-103.641,0,"Roscosmos",-40.849,-89.321,0,0,0,0,0,0,"",0,0,0,0,5586.564,,,,0,0
122,7,1,4,5,0,1,1,0,0,0,255,255,255,3,5598.427,"encounter v",R,10,51,101,-152.117,-2.97,0.329,2.131,-13.174,11.315,-37.472,108.068,1,0,77.089,400,-60.694,-12.302,-3.271,0,8,7,L,"하루（Haru）",160,90.172,0.503,0,119,0,0,0,0,0,0,0,0,0,0,0,0,0,0,0,0,-1.907,-37.569,0,"Pring__",-0.238,-17.725,0,"소솨소솨",-18.751,-44.608,0,"ㆍ데트≺Odette≻ㆍ",-13.528,-64.131,0,"인생최패망자",20.967,-46.951,0,"Muna_328",14.298,-63.815,0,"SFIDA",48.081,-105.082,0,"아침땅_",5.74,-104.133,0,"Roscosmos",-41.081,-89.246,0,0,0,0,0,0,"",0,0,0,0,,,,,0,0
123,7,1,4,5,2,1,1,0,0,0,255,255,255,5,5637.315,"encounter v",R,32,97,140,0.11,0.05,0.517,2.179,-0.294,1.379,-36.936,56.558,0,0,250,-200,-29.268,0,0,0,8,7,L,"하루（Haru）",160,90.172,0.503,0,119,0,0,0,0,0,0,0,0,0,0,0,0,0,0,0,0,0.439,-37.51,0,"Pring__",0.037,-17.23,0,"소솨소솨",-19.44,-43.11,0,"ㆍ데트≺Odette≻ㆍ",-13.06,-64.407,0,"인생최패망자",20.256,-46.509,0,"Muna_328",14.798,-63.322,0,"SFIDA",47.017,-103.197,0,"아침땅_",6.356,-105.078,0,"Roscosmos",-39.835,-90.065,0,0,0,0,0,0,"",0,0,0,0,5638.974,,,,0,0
124,7,1,4,5,3,2,1,0,0,0,255,255,255,7,5671.58,"encounter v",R,32,89,140,1.866,0.77,0.671,2.276,0.424,1.753,-37.175,76.954,4,0,250,-200,-12.171,0,0,1,8,7,L,"하루（Haru）",160,90.172,0.503,0,119,0,0,0,0,0,0,0,0,0,0,0,0,0,0,0,0,0.53,-37.406,0,"Pring__",0.023,-17.241,0,"소솨소솨",-19.753,-44.294,0,"ㆍ데트≺Odette≻ㆍ",-9.485,-65.973,0,"인생최패망자",20.667,-46.842,0,"Muna_328",13.788,-62.798,0,"SFIDA",47.628,-103.89,0,"아침땅_",7.759,-105.083,0,"Roscosmos",-41.272,-89.419,0,0,0,0,0,0,"",0,0,0,0,5673.293,,,,0,0
125,7,1,4,5,0,0,2,0,0,0,255,255,255,8,5690.928,"encounter v",R,10,47,98,0.383,-2.907,0.346,2.097,0.16,0.327,-37.404,100.222,1,0,0,400,-73.589,0.086,-21.358,0,0,3,R,"coder_",163.6,84.449,0.302,0,118,0,0,0,0,0,0,0,0,0,0,0,0,0,0,0,0,0.218,-37.661,0,"Pring__",-0.046,-17.57,0,"소솨소솨",-20.249,-45.406,0,"ㆍ데트≺Odette≻ㆍ",-15.03,-62.77,0,"인생최패망자",18.739,-48.837,0,"Muna_328",9.75,-65.875,0,"SFIDA",37.088,-98.216,0,"아침땅_",-6.112,-104.016,0,"Roscosmos",-43.858,-88.851,0,0,0,0,0,0,"",0,0,0,0,5692.828,,,,0,0
126,7,1,4,5,1,0,2,0,0,0,255,255,255,9,5704.938,"encounter v",R,3,71,112,-2.263,-0.732,0.518,1.929,-0.29,1.197,-36.854,46.876,4,0,-500,0,-85.065,0,0,1,0,3,R,"coder_",163.6,84.449,0.302,0,118,0,0,0,0,0,0,0,0,0,0,0,0,0,0,0,0,0.287,-37.675,0,"Pring__",-0.343,-17.777,0,"소솨소솨",-20.243,-43.732,0,"ㆍ데트≺Odette≻ㆍ",-15.06,-62.705,0,"인생최패망자",18.706,-48.816,0,"Muna_328",8.945,-65.608,0,"SFIDA",42.232,-96.676,0,"아침땅_",-6.476,-103.841,0,"Roscosmos",-44.145,-89.018,0,0,0,0,0,0,"",0,0,0,0,5706.751,,,,0,0
127,7,1,4,5,1,1,2,0,0,0,255,255,255,10,5719.791,"encounter v",R,10,77,118,-0.315,0.229,0.548,2.214,-0.15,2.271,-37.002,65.525,0,0,0,400,-47.688,0,0,1,0,3,R,"coder_",163.6,84.449,0.302,0,53,0,0,0,0,0,0,0,0,0,0,0,0,0,0,0,0,0.279,-37.6,0,"Pring__",-0.032,-17.292,0,"소솨소솨",-20.095,-43.536,0,"ㆍ데트≺Odette≻ㆍ",-15.081,-62.807,0,"인생최패망자",18.756,-48.752,0,"Muna_328",8.906,-65.822,0,"SFIDA",42.216,-96.68,0,"아침땅_",-6.772,-103.805,0,"Roscosmos",-44.157,-88.997,0,0,0,0,0,0,"",0,0,0,0,5721.508,,,,0,0
128,7,1,4,5,1,2,2,0,0,0,255,255,255,11,5736.686,"encounter v",R,32,93,140,-0.192,1.003,0.482,2.314,-0.457,1.895,-37.192,78.501,2,0,250,-200,-26.717,0,0,1,0,3,R,"coder_",163.6,84.449,0.302,3,53,5737.782,157,64,153,35,17,145,121,110.351,-63.571,0.5,0,0.346,-279.41,-94.889,24.978,0.318,-37.137,0,"Pring__",-0.042,-17.556,0,"소솨소솨",-19.379,-43.721,0,"ㆍ데트≺Odette≻ㆍ",-14.969,-63.527,0,"인생최패망자",18.702,-48.766,0,"Muna_328",9.176,-65.797,0,"SFIDA",36.983,-101.178,0,"아침땅_",-6.916,-103.764,0,"Roscosmos",-44.173,-88.985,0,0,0,0,0,0,"",0,0,0,0,,,,,2,3
129,7,1,4,5,1,2,2,0,0,0,255,255,255,12,5754.047,"encounter v",R,10,69,113,-1.058,-1.251,0.479,2.207,-0.47,1.494,-36.987,56.042,2,0,0,400,-46.988,0,0,1,0,3,R,"coder_",163.6,84.449,0.302,3,53,5755.269,248,68,114,142,31,145,95,25.7,42.009,0.92,0,0.586,431.281,414.96,-24.622,0.304,-37.284,0,"Pring__",0.104,-17.397,0,"소솨소솨",-18.928,-43.896,0,"ㆍ데트≺Odette≻ㆍ",-15.222,-62.948,0,"인생최패망자",19.028,-48.605,0,"Muna_328",8.184,-66.646,0,"SFIDA",36.196,-98.721,0,"아침땅_",-9.077,-104.869,0,"Roscosmos",-43.85,-89.809,0,5759.703,-58.599,-73.347,0,0,"",0,0,0,0,,,,,2,3
130,7,1,4,5,1,2,2,0,0,0,255,255,255,13,5775.872,"encounter v",R,13,76,115,-0.809,-0.515,0.64,2.3,0.281,1.842,-37.14,73.898,0,0,-349.423,357.637,-48.073,-0.845,-18.352,1,0,3,R,"coder_",163.6,84.449,0.302,0,53,0,0,0,0,0,0,0,0,0,0,0,0,0,0,0,0,1.213,-36.464,0,"Pring__",-0.429,-18.164,0,"소솨소솨",-19.641,-43.716,0,"ㆍ데트≺Odette≻ㆍ",-15.326,-62.89,0,"인생최패망자",19.028,-48.071,0,"Muna_328",7.664,-65.985,0,"SFIDA",32.728,-105.231,0,"아침땅_",-9.759,-104.872,0,"Roscosmos",-46.354,-87.015,0,0,0,0,0,0,"",0,0,0,0,5778.488,,,,0,0
131,7,0,4,5,0,0,0,0,0,0,255,255,255,17,5827.519,"_이누_",R,26,81,133,1.328,0.228,0.157,1.995,0.467,1.538,-36.685,43.578,2,0,71.98,-179.378,7.19,0,0,1,5,3,R,"ㆍ데트≺Odette≻ㆍ",174.5,94.66,0.38,3,118,5828.642,144,119,118,130,51,145,86,36.137,20.429,-0.77,0,0.208,527.403,237.192,-159.955,0.131,-36.939,0,"-라후이-",0.205,-17.596,0,"_송글_",-22.375,-47.868,0,"coder_",-14.399,-64.077,0,"Amellaid",22.682,-50.326,0,"shimenawa",12.519,-64.803,0,"낑깡__",35.423,-94.533,0,"하루（Haru）",-2.333,-109.688,0,"Dοpi",-40.645,-89.779,0,0,0,0,5833.765,3,"coder_",-25.388,-78.587,0,0,,,,,1,1
132,7,0,4,5,0,0,1,0,0,0,255,255,255,18,5854.844,"_이누_",R,26,85,139,1.124,0.931,0.084,1.789,0.39,1.983,-36.524,27.274,0,0,71.418,-166.302,6.414,0,0,0,6,5,R,"Muna_328",174.5,89.724,0.42,0,118,0,0,0,0,0,0,0,0,0,0,0,0,0,0,0,0,-0.049,-37.446,0,"-라후이-",0.054,-17.864,0,"_송글_",-21.303,-44.972,0,"coder_",-14.472,-66.611,0,"Amellaid",21.767,-49.979,0,"shimenawa",9.226,-65.706,0,"낑깡__",33.609,-92.764,0,"하루（Haru）",-0.844,-111.182,0,"Dοpi",-39.054,-89.702,0,0,0,0,0,0,"",0,0,0,0,5856.418,,,,0,0
133,7,0,4,5,0,1,1,0,0,0,255,255,255,19,5869.25,"_이누_",R,26,96,140,-0.895,-0.931,-0.109,1.485,-0.508,0.912,-36.425,4.253,2,0,92.007,-168.823,12.079,0,0,1,6,5,R,"Muna_328",174.5,89.724,0.42,3,118,5870.265,231,138,164,0,0,145,122,93.406,-83.251,0.72,0,0.73,479.418,219.587,284.676,0.242,-36.766,0,"-라후이-",0.044,-18.002,0,"_송글_",-21.636,-47.452,0,"coder_",-13.508,-64.993,0,"Amellaid",22.145,-50.021,0,"shimenawa",12.403,-65.615,0,"낑깡__",33.626,-92.769,0,"하루（Haru）",-0.685,-111.066,0,"Dοpi",-38.962,-90.452,0,0,0,0,0,0,"",0,0,0,0,,,,,0,3
134,7,0,4,5,0,2,1,0,0,0,255,255,255,20,5886.675,"_이누_",R,28,88,140,-0.007,-1.273,-0.005,1.451,-0.024,0.793,-36.387,12.43,4,0,15.77,-84.627,2.198,-0.697,-18.695,1,6,5,R,"Muna_328",174.5,89.724,0.42,0,109,0,0,0,0,0,0,0,0,0,0,0,0,0,0,0,0,-0.272,-37.072,0,"-라후이-",-0.335,-18.761,0,"_송글_",-21.697,-45.583,0,"coder_",-14.398,-64.012,0,"Amellaid",22.032,-49.664,0,"shimenawa",10.016,-65.512,0,"낑깡__",35.513,-93.589,0,"하루（Haru）",-1.448,-112.079,0,"Dοpi",-38.574,-92.3,0,0,0,0,0,0,"",0,0,0,0,5889.224,,,,0,0
135,7,0,4,5,0,0,2,0,0,0,255,255,255,21,5913.631,"_이누_",R,27,84,137,0.101,-0.443,-0.005,1.573,-0.024,1.224,-36.442,11.804,2,0,50.746,-126.93,5.038,0,0,1,7,8,R,"Roscosmos",175.2,95.982,0.364,3,117,5914.428,107,111,106,96,86,137,127,30.614,17.585,0.5,0,0.28,281.338,38.1,527.445,0.05,-36.724,0,"-라후이-",0.162,-17.686,0,"_송글_",-21.537,-46.878,0,"coder_",-13.734,-64.702,0,"Amellaid",22.525,-50.016,0,"shimenawa",13.045,-64.854,61,"낑깡__",36.771,-100.001,0,"하루（Haru）",-0.505,-112.603,0,"Dοpi",-41.081,-95.156,92,5919.918,-37.478,-124.79,5921.245,8,"Dοpi",-34.164,-120.455,1,0,,5924.287,,,144,2
136,7,0,4,5,0,0,2,0,1,0,255,18,255,22,5950.093,"_이누_",R,27,80,132,2.863,-0.424,0.066,1.582,0.306,1.217,-36.435,10.693,2,0,15.949,-106.535,6.006,0,0,1,8,7,R,"아침땅_",160,94.757,0.5,2,117,5951.02,117,84,69,63,7,137,75,1.391,37.148,-0.82,0,0.355,68.78,59.653,-78.354,-0.012,-37.48,0,"-라후이-",0.184,-17.792,0,"_송글_",-21.921,-46.756,0,"coder_",-12.686,-62.613,0,"Amellaid",19.301,-48.305,0,"shimenawa",4.505,-61.996,0,"낑깡__",29.31,-94.769,0,"하루（Haru）",-0.676,-109.003,0,"Dοpi",-38.017,-89.142,0,5951.647,-7.947,-30.622,5952.974,2,"_송글_",-16.845,-42.65,0,0,,,,,34,2
137,8,1,4,5,0,0,0,0,0,0,255,255,255,14,5997.383,"encounter v",R,10,66,111,-1.312,-1.019,0.453,2.024,-0.59,1.562,-36.975,49.955,2,0,5.396,400,-61.907,0,0,1,1,6,R,"낑깡__",174.9,80,0.402,3,117,5998.379,128,132,82,126,101,138,101,-30,-12.767,0.93,0.095,0.273,-486.752,-15.554,-49.689,0.193,-37.308,0,"Pring__",-0.057,-17.295,0,"소솨소솨",-20.526,-45.681,0,"ㆍ데트≺Odette≻ㆍ",-14.772,-62.667,0,"인생최패망자",19.886,-50.303,0,"Muna_328",10.506,-65.426,97,"SFIDA",39.246,-109.545,0,"아침땅_",-6.437,-105.96,0,"Roscosmos",-38.172,-91.51,0,5998.446,-0.069,-21.145,6000.529,5,"Muna_328",8.366,-58.352,0,0,,,,,507,2
138,8,1,4,5,0,0,1,0,0,0,255,255,255,15,6055.137,"encounter v",R,14,67,110,0.776,-0.955,0.49,1.977,-0.419,1.418,-36.88,46.846,2,0,390.434,312.348,-49.956,0,0,1,2,1,R,"-라후이-",190,87.311,0.496,3,117,6056.117,255,119,80,100,42,145,120,32.909,-34.62,0.77,0,0.232,-445.67,226.556,30.431,0.325,-37.219,0,"Pring__",-0.009,-17.15,0,"소솨소솨",-20.294,-45.213,0,"ㆍ데트≺Odette≻ㆍ",-15.15,-62.749,0,"인생최패망자",21.243,-53.391,0,"Muna_328",9.507,-66.228,85,"SFIDA",31.763,-112.076,0,"아침땅_",-7.099,-109.24,0,"Roscosmos",-48.994,-92.152,0,6060.626,49.657,-105.674,6063.154,6,"SFIDA",48.129,-115.277,1,0,,6066.541,,,82,2
139,8,1,4,5,0,0,1,0,1,0,255,1,255,16,6088.919,"encounter v",R,32,102,140,-0.074,-0.474,0.496,2.083,-0.393,1.114,-36.743,44.624,0,0,250,-200,-22.141,0,0,0,3,9,R,"DoYaGee",190,80,0.601,0,117,0,0,0,0,0,0,0,0,0,0,0,0,0,0,0,0,0.36,-37.699,0,"Pring__",-0.021,-17.405,0,"소솨소솨",-19.186,-43.908,0,"ㆍ데트≺Odette≻ㆍ",-15.318,-63.22,0,"인생최패망자",17.129,-45.781,0,"Muna_328",6.217,-63.941,0,"SFIDA",39.404,-106.199,0,"아침땅_",-9.221,-107.618,0,"Roscosmos",-40.6,-89.894,0,0,0,0,0,0,"",0,0,0,0,6090.474,6091.424,,,0,0
140,8,1,4,5,0,1,1,0,1,0,255,1,255,17,6100.573,"encounter v",R,35,90,140,0.405,-0.171,0.554,2.259,-0.122,1.683,-37.006,59.397,0,0,195.301,200,12.458,0,0,0,3,9,R,"DoYaGee",190,80,0.601,0,117,0,0,0,0,0,0,0,0,0,0,0,0,0,0,0,0,0.412,-37.595,0,"Pring__",0.002,-17.433,0,"소솨소솨",-18.979,-43.686,0,"ㆍ데트≺Odette≻ㆍ",-15.496,-63.092,0,"인생최패망자",17.348,-46.079,0,"Muna_328",5.882,-63.43,0,"SFIDA",38.001,-103.539,0,"아침땅_",-8.653,-107.581,0,"Roscosmos",-40.862,-90.645,0,0,0,0,0,0,"",0,0,0,0,6102.133,6103.033,,,0,0
141,8,1,4,5,0,2,1,0,1,0,255,1,255,18,6114.003,"encounter v",R,32,96,140,0.044,0.637,0.505,2.216,-0.35,2.191,-36.973,61.118,2,0,250,200,3.633,0,0,1,3,9,R,"DoYaGee",190,80,0.601,3,117,6115.009,191,143,77,41,30,138,127,-12.435,44.843,0.3,0,0.272,-277.704,527.178,-50.694,0.469,-37.148,0,"Pring__",-0.059,-17.498,0,"소솨소솨",-19.621,-44.486,0,"ㆍ데트≺Odette≻ㆍ",-15.401,-63.145,0,"인생최패망자",17.627,-47.341,0,"Muna_328",5.714,-63.086,0,"SFIDA",39.637,-105.975,0,"아침땅_",-8.656,-107.607,0,"Roscosmos",-41.213,-90.972,0,6115.175,-4.628,-22.969,0,0,"",0,0,0,0,,6119.143,,,2,3
142,8,1,4,5,0,2,1,0,1,0,255,1,255,19,6131.859,"encounter v",R,10,56,91,1.464,-2.529,0.62,1.826,0.619,0.378,-36.805,59.976,4,0,0,400,-9.923,0.289,-21.34,1,3,9,R,"DoYaGee",190,80,0.601,0,39,0,0,0,0,0,0,0,0,0,0,0,0,0,0,0,0,0.241,-37.502,0,"Pring__",0.339,-19.753,0,"소솨소솨",-20.038,-42.759,0,"ㆍ데트≺Odette≻ㆍ",-15.659,-63.268,0,"인생최패망자",18.157,-44.561,0,"Muna_328",5.273,-63.637,0,"SFIDA",34.49,-104.105,0,"아침땅_",-9.96,-109.11,0,"Roscosmos",-43.509,-90.655,0,0,0,0,0,0,"",0,0,0,0,6133.703,6135.011,,,0,0
143,8,1,4,5,0,0,2,0,1,0,255,1,255,21,6155.569,"encounter v",R,1,41,88,-0.296,-2.732,0.526,1.974,-0.168,1.008,-36.617,51.469,1,0,0,0,-8.456,-0.038,-20.766,0,4,5,L,"shimenawa",174.9,95.82,0.296,0,117,0,0,0,0,0,0,0,0,0,0,0,0,0,0,0,0,0.224,-37.327,0,"Pring__",-0.041,-17.761,0,"소솨소솨",-19.23,-42.451,0,"ㆍ데트≺Odette≻ㆍ",-8.437,-65.065,0,"인생최패망자",19.933,-45.727,0,"Muna_328",13.683,-63.642,0,"SFIDA",52.539,-108.46,0,"아침땅_",6.943,-110.967,0,"Roscosmos",-41.116,-89.176,0,0,0,0,0,0,"",0,0,0,0,6157.376,6157.988,,,0,0
144,8,1,4,5,1,0,2,0,1,0,255,1,255,21,6169.203,"encounter v",R,32,104,140,-1.112,-0.641,0.402,2.069,-0.826,1.018,-36.723,46.887,2,0,250,-200,-37.861,0,0,1,4,5,L,"shimenawa",174.9,95.82,0.296,3,117,6170.19,129,96,83,41,0,137,127,11.523,-14.638,0.56,0,0.358,60.772,-277.87,51.565,0.078,-37.072,0,"Pring__",-0.051,-17.491,0,"소솨소솨",-20.455,-44.092,0,"ㆍ데트≺Odette≻ㆍ",-7.072,-63.68,85,"인생최패망자",19.991,-45.444,0,"Muna_328",13.913,-63.684,0,"SFIDA",52.946,-108.536,0,"아침땅_",8.481,-109.609,95,"Roscosmos",-40.901,-89.799,0,6173.37,26.214,-104.621,6176.022,7,"아침땅_",30.171,-121.239,1,0,,6179.702,6174.693,6179.539,290,2
145,8,1,5,5,0,0,2,0,1,0,255,5,255,22,6199.155,"encounter v",R,32,93,140,88.485,-2.715,0.527,2.314,3.259,5.556,-37.064,68.203,1,0,250,-200,-47.31,11.293,-12.663,0,5,2,R,"_송글_",176.1,90.478,0.316,0,117,0,0,0,0,0,0,0,0,0,0,0,0,0,0,0,0,0.58,-33.162,0,"Pring__",7.602,-16.322,0,"소솨소솨",-17.944,-43.873,0,"ㆍ데트≺Odette≻ㆍ",-10.482,-62.82,0,"인생최패망자",18.408,-42.554,0,"Muna_328",13.288,-62.363,0,"SFIDA",39.241,-95.533,0,"아침땅_",-7.774,-111.642,0,"Roscosmos",-44.998,-94.157,0,0,0,0,0,0,"",0,0,0,0,,,6204.537,,0,0
146,8,1,5,5,1,0,2,0,0,1,255,255,255,23,6232.678,"encounter v",R,1,30,85,2.799,-0.784,0.54,2.276,0.626,1.935,-37.195,87.19,2,0,0,0,-3.298,0,0,1,5,2,R,"_송글_",176.1,90.478,0.316,3,117,6233.907,255,111,131,105,86,145,93,-30,59.117,0.95,0,0.566,389.183,-451.645,-8.752,0.177,-37.078,0,"Pring__",-0.039,-17.346,0,"소솨소솨",-19.488,-44.516,0,"ㆍ데트≺Odette≻ㆍ",-15.513,-63.468,0,"인생최패망자",17.278,-45.552,0,"Muna_328",7.824,-66.3,0,"SFIDA",38.583,-101.862,0,"아침땅_",-7.969,-106.968,0,"Roscosmos",-43.488,-91.588,0,6234.05,-1.399,-21.904,0,0,"",0,0,0,0,,,6239.306,,2,3
147,8,1,5,5,1,1,2,0,0,1,255,255,255,24,6249.201,"encounter v",R,1,38,87,0.024,-0.655,0.332,2.195,-0.537,1.629,-36.875,62.234,2,0,0,0,-4.742,0,0,1,5,2,R,"_송글_",176.1,90.478,0.316,3,29,6250.364,129,105,134,127,108,139,107,29.224,34.907,0.85,0,0.509,79.401,-590.187,-29.978,0.138,-37.006,0,"Pring__",-0.163,-17.141,0,"소솨소솨",-19.813,-44.125,0,"ㆍ데트≺Odette≻ㆍ",-15.627,-63.422,0,"인생최패망자",18.113,-48.039,0,"Muna_328",7.139,-66.546,0,"SFIDA",36.385,-99.985,0,"아침땅_",-9.613,-108.14,0,"Roscosmos",-42.621,-91.355,100,6255.168,-42.008,-102.835,6255.508,8,"Roscosmos",-40.67,-99.064,0,0,,,,6254.495,128,1
148,8,0,5,5,0,0,0,0,0,0,255,255,255,23,6306.06,"_이누_",R,26,88,140,1.26,0.379,0.1,1.715,0.463,1.718,-36.566,19.37,0,0,61.943,-150.551,-0.229,0.231,-19.327,0,0,4,R,"인생최패망자",190,80,0.299,0,116,0,0,0,0,0,0,0,0,0,0,0,0,0,0,0,0,-0.249,-37.041,0,"-라후이-",0.184,-18.1,0,"_송글_",-21.891,-47.52,0,"coder_",-12.787,-68.049,0,"Amellaid",20.83,-50.657,0,"shimenawa",9.036,-66.438,0,"낑깡__",41.773,-99.47,0,"하루（Haru）",7.181,-117.034,0,"Dοpi",-43.198,-96.443,0,0,0,0,0,0,"",0,0,0,0,6309.265,,,,0,0
149,8,0,5,5,0,1,0,0,0,0,255,255,255,24,6322.428,"_이누_",R,27,87,140,2.004,1.087,0.181,1.858,0.843,2.182,-36.66,32.619,2,0,55.043,-138.583,4.528,0,0,1,0,4,R,"인생최패망자",190,80,0.299,3,116,6323.304,251,99,147,95,39,145,91,57.681,-57.894,-0.78,0,0.287,313.794,-510.23,0.716,-0.339,-37.008,0,"-라후이-",0.208,-17.814,0,"_송글_",-21.585,-48.673,0,"coder_",-14.843,-64.033,0,"Amellaid",20.818,-50.66,0,"shimenawa",12.488,-65.409,0,"낑깡__",41.865,-99.491,0,"하루（Haru）",7.538,-118.095,0,"Dοpi",-44.064,-96.525,0,6328.515,63.922,-47.992,0,0,"",0,0,0,0,,,,,0,3
150,8,0,5,5,0,2,0,0,0,0,255,255,255,25,6343.801,"_이누_",R,10,68,113,-0.9,-0.492,-0.037,2.013,-0.39,1.806,-36.702,35.327,0,0,0,400,11.231,0,0,1,0,4,R,"인생최패망자",190,80,0.299,0,116,0,0,0,0,0,0,0,0,0,0,0,0,0,0,0,0,0.041,-36.808,0,"-라후이-",-0.238,-17.893,0,"_송글_",-21.623,-45.552,0,"coder_",-15.925,-68.04,0,"Amellaid",21.009,-50.473,0,"shimenawa",11.244,-65.157,0,"낑깡__",43.231,-100.388,0,"하루（Haru）",12.83,-118.104,0,"Dοpi",-43.966,-93.475,0,0,0,0,0,0,"",0,0,0,0,6345.383,,,,0,0
151,8,0,5,5,0,0,1,0,0,0,255,255,255,26,6369.229,"_이누_",R,27,91,140,-2.059,-0.995,-0.195,1.656,-0.905,0.878,-36.458,6.818,2,0,12.676,-108.449,3.886,0,0,1,1,0,L,"encounter v",190,83,0.527,3,116,6370.096,255,195,90,148,56,145,130,-10.553,31.131,0.32,0,0.532,-163.913,-7.851,43.393,-0.121,-36.823,0,"-라후이-",-0.211,-17.935,0,"_송글_",-20.795,-47.658,86,"coder_",-11.902,-66.281,0,"Amellaid",22.301,-49.344,0,"shimenawa",14.085,-64.353,0,"낑깡__",43.576,-96.898,0,"하루（Haru）",14.995,-114.91,0,"Dοpi",-33.341,-97.584,98,6370.224,-2.205,-23.718,6373.12,8,"Dοpi",-36.177,-82.912,1,0,,,,,160,2
152,8,0,5,5,0,0,1,1,0,0,10,255,255,27,6395.825,"_이누_",R,27,86,140,-2.319,-0.501,-0.207,1.732,-0.962,1.125,-36.445,6.613,2,0,24.055,-121.52,7.524,0,0,1,2,1,L,"Pring__",190,93.36,0.485,3,116,6396.85,255,116,141,108,49,145,99,-39.237,16.424,-0.38,0,0.385,-550.192,27.734,2.613,-0.312,-37.131,0,"-라후이-",-0.319,-18.014,0,"_송글_",-19.794,-46.485,89,"coder_",-6.615,-65.487,91,"Amellaid",23.123,-48.783,0,"shimenawa",14.359,-63.98,107,"낑깡__",44.089,-97.519,0,"하루（Haru）",9.925,-119.103,0,"Dοpi",-35.341,-102.426,0,6396.939,-0.575,-20.467,6399.55,3,"coder_",-12.02,-59.194,1,0,,6401.419,6408.896,,49,2
153,8,0,5,5,0,0,2,1,0,0,11,255,255,28,6425.241,"_이누_",R,27,83,136,1.266,-0.145,0.112,1.819,0.522,1.406,-36.473,22.282,0,0,19.121,-118.926,3.932,0,0,0,3,2,R,"소솨소솨",190,80,0.396,0,116,0,0,0,0,0,0,0,0,0,0,0,0,0,0,0,0,0.02,-37.694,0,"-라후이-",0.075,-17.689,0,"_송글_",-20.111,-42.806,0,"coder_",-14.513,-66.1,0,"Amellaid",21.497,-49.265,0,"shimenawa",10.242,-64.73,0,"낑깡__",35.564,-96.518,0,"하루（Haru）",-4.067,-118.244,0,"Dοpi",-42.505,-98.53,0,0,0,0,0,0,"",0,0,0,0,6426.745,,,,0,0
154,8,0,5,5,0,1,2,1,0,0,11,255,255,29,6437.395,"_이누_",R,26,81,133,1.029,-0.067,0.076,1.812,0.351,1.383,-36.471,18.279,2,0,67.959,-190.237,9.632,0,0,1,3,2,R,"소솨소솨",190,80,0.396,3,116,6438.289,255,138,149,66,21,145,115,27.589,9.087,0.15,0,0.706,66.567,-223.527,550.646,0.25,-36.975,0,"-라후이-",0.214,-17.644,0,"_송글_",-20.525,-45.313,0,"coder_",-14.288,-64.609,0,"Amellaid",21.832,-49.088,0,"shimenawa",9.001,-63.712,0,"낑깡__",35.661,-96.666,0,"하루（Haru）",-2.711,-117.624,0,"Dοpi",-42.519,-98.522,0,6443.133,-12.764,-117.949,6443.314,7,"하루（Haru）",-12.596,-114.753,0,0,,6443.685,,,323,1
155,9,1,5,5,0,0,0,0,0,0,255,255,255,25,6506.483,"encounter v",R,10,79,119,-1.006,-0.276,0.495,2.332,-0.394,1.935,-37.042,67.718,2,0,-31.173,400,-51.384,0,0,1,6,4,L,"Amellaid",179.9,86.447,0.439,3,116,6507.714,255,202,180,58,0,145,85,-13.786,25.778,-0.9,0,0.587,-12.616,-60.993,593.747,0.472,-37.402,0,"Pring__",-0.044,-17.135,0,"白霜らいふ",-19.682,-48.002,70,"ㆍ데트≺Odette≻ㆍ",-12.833,-63.506,0,"인생최패망자",21.026,-47.044,0,"Muna_328",14.64,-63.62,0,"SFIDA",48.176,-102.092,0,"아침땅_",2.068,-110.124,0,"Roscosmos",-45.306,-89.035,0,6507.842,-1.596,-22.562,6509.55,2,"白霜らいふ",-14.666,-45.257,0,0,,,,,10,2
156,9,1,5,5,0,0,1,0,0,0,255,255,255,26,6527.659,"encounter v",R,1,42,89,0.754,-1.437,0.493,2.23,0.559,1.775,-37.226,76.707,1,0,0,0,-6.017,0,0,0,7,8,R,"Dοpi",174.8,85,0.3,0,115,0,0,0,0,0,0,0,0,0,0,0,0,0,0,0,0,0.223,-37.463,0,"Pring__",0.001,-17.375,0,"白霜らいふ",-19.181,-49.098,0,"ㆍ데트≺Odette≻ㆍ",-15.161,-62.983,0,"인생최패망자",21.419,-52.595,0,"Muna_328",7.23,-65.389,0,"SFIDA",40.106,-104.845,0,"아침땅_",-6.882,-105.553,0,"Roscosmos",-39.612,-90.397,0,0,0,0,0,0,"",0,0,0,0,6529.46,,,,0,0
157,9,1,5,5,1,0,1,0,0,0,255,255,255,27,6540.735,"encounter v",R,0,54,97,-0.646,0.422,0.485,2.327,-0.295,1.835,-36.943,64.233,2,0,0,0,-17.256,0,0,0,7,8,R,"Dοpi",174.8,85,0.3,3,115,6541.833,167,126,48,52,43,134,122,26.434,9.012,0.66,0,0.398,47.206,281.336,524.44,0.309,-37.177,0,"Pring__",-0.036,-17.352,0,"白霜らいふ",-19.455,-49.087,0,"ㆍ데트≺Odette≻ㆍ",-15.275,-62.837,0,"인생최패망자",21.353,-52.474,0,"Muna_328",8.565,-66.523,74,"SFIDA",40.444,-105.516,0,"아침땅_",-7.262,-105.418,92,"Roscosmos",-39.743,-91.11,0,6546.592,-25.704,-121.496,6548.55,7,"아침땅_",-25.277,-126.773,1,0,,6551.597,,,322,2
158,9,1,5,5,0,0,1,0,1,0,255,8,255,28,6579.727,"encounter v",R,32,91,140,-0.463,0.288,0.463,2.212,-0.545,1.506,-36.848,52.947,0,0,250,-200,-28.055,0,0,1,8,7,L,"하루（Haru）",160,90.172,0.503,0,115,0,0,0,0,0,0,0,0,0,0,0,0,0,0,0,0,0.382,-37.597,0,"Pring__",0.006,-17.168,0,"白霜らいふ",-20.179,-47.852,0,"ㆍ데트≺Odette≻ㆍ",-7.717,-65.249,0,"인생최패망자",19.176,-43.621,0,"Muna_328",14.5,-63.254,0,"SFIDA",51.155,-103.246,0,"아침땅_",7.805,-107.582,0,"Roscosmos",-39.196,-91.615,0,0,0,0,0,0,"",0,0,0,0,6581.453,6582.476,,,0,0
159,9,1,5,5,0,1,1,0,1,0,255,8,255,29,6593.185,"encounter v",R,13,97,126,-1.558,-0.576,0.567,2.145,-0.063,1.686,-36.857,54.239,1,0,-390.434,312.348,-15.066,-0.714,-18.046,0,8,7,L,"하루（Haru）",160,90.172,0.503,0,115,0,0,0,0,0,0,0,0,0,0,0,0,0,0,0,0,0.4,-37.568,0,"Pring__",-0.354,-18.072,0,"白霜らいふ",-19.946,-49.091,0,"ㆍ데트≺Odette≻ㆍ",-10.006,-65.627,0,"인생최패망자",19.851,-45.876,0,"Muna_328",14.724,-63.329,0,"SFIDA",48.526,-103.05,0,"아침땅_",8.955,-107.372,0,"Roscosmos",-40.763,-91.623,0,0,0,0,0,0,"",0,0,0,0,6595.89,6596.114,,,0,0
160,9,1,5,5,1,1,1,0,1,0,255,8,255,30,6604.468,"encounter v",R,32,101,140,-0.283,-0.792,0.484,1.953,-0.448,0.946,-36.71,44.4,2,0,249.885,-200,-43.817,0,0,1,8,7,L,"하루（Haru）",160,90.172,0.503,3,115,6605.576,177,199,123,88,29,145,119,30.323,-47.671,0.51,0.048,0.298,110.513,-587.545,-37.138,0.144,-37.086,0,"Pring__",-0.003,-17.271,0,"白霜らいふ",-19.692,-49.956,0,"ㆍ데트≺Odette≻ㆍ",-9.12,-66.242,0,"인생최패망자",20.192,-45.893,0,"Muna_328",14.719,-63.39,0,"SFIDA",47.364,-103.028,0,"아침땅_",9.29,-106.922,0,"Roscosmos",-40.73,-91.865,0,0,0,0,0,0,"",0,0,0,0,,6612.018,,,2,3
161,9,1,5,5,1,2,1,0,1,0,255,8,255,31,6625.393,"encounter v",R,10,55,90,0.504,-2.59,0.646,2.021,0.204,1.066,-36.767,59.18,4,0,0,400,-21.37,0.078,-19.985,1,8,7,L,"하루（Haru）",160,90.172,0.503,0,115,0,0,0,0,0,0,0,0,0,0,0,0,0,0,0,0,0.288,-37.619,0,"Pring__",0.101,-19.383,0,"白霜らいふ",-19.601,-47.141,0,"ㆍ데트≺Odette≻ㆍ",-3.651,-63.642,0,"인생최패망자",19.674,-43.916,0,"Muna_328",14.413,-62.285,0,"SFIDA",56.257,-101.642,0,"아침땅_",10.447,-106.932,0,"Roscosmos",-38.953,-92.853,0,0,0,0,0,0,"",0,0,0,256,6627.355,6628.987,,,0,0
162,9,1,5,5,0,0,2,0,1,0,255,8,255,32,6645.604,"encounter v",R,11,64,100,-2.004,-0.028,0.297,2.399,-0.878,2.028,-37.05,64.93,4,0,0,238.634,-30.507,0,0,1,0,3,R,"coder_",163.6,84.449,0.302,0,115,0,0,0,0,0,0,0,0,0,0,0,0,0,0,0,0,0.293,-37.427,0,"Pring__",-0.307,-17.567,0,"白霜らいふ",-19.541,-47.659,0,"ㆍ데트≺Odette≻ㆍ",-15.186,-63.072,0,"인생최패망자",16.928,-45.624,0,"Muna_328",6.857,-64.16,0,"SFIDA",35.487,-107.435,0,"아침땅_",-7.152,-105.454,0,"Roscosmos",-41.238,-86.088,0,0,0,0,0,0,"",0,0,0,0,6647.495,6648.899,,,0,0
163,9,1,5,5,0,1,2,0,1,0,255,8,255,33,6658.377,"encounter v",R,11,66,104,0.633,-1.683,0.663,1.966,0.258,0.943,-36.834,62.711,4,0,0,153.805,-22.247,0,0,1,0,3,R,"coder_",163.6,84.449,0.302,0,53,0,0,0,0,0,0,0,0,0,0,0,0,0,0,0,0,0.435,-37.441,0,"Pring__",-0.116,-17.657,0,"白霜らいふ",-19.931,-45.415,0,"ㆍ데트≺Odette≻ㆍ",-15.216,-63.164,0,"인생최패망자",17.087,-43.568,0,"Muna_328",5.624,-63.71,0,"SFIDA",38.333,-109.891,0,"아침땅_",-7.525,-105.138,0,"Roscosmos",-41.17,-85.675,0,0,0,0,0,0,"",0,0,0,0,6660.168,6662.113,,,0,0
164,9,1,5,5,0,2,2,0,1,0,255,8,255,34,6673.49,"encounter v",R,0,0,0,0,0,0,0,0,0,0,0,0,0,0,0,0,0,0,1,0,3,R,"coder_",163.6,84.449,0.302,0,53,0,0,0,0,0,0,0,0,0,0,0,0,0,0,0,0,0,0,0,"",0,0,0,"",0,0,0,"",0,0,0,"",0,0,0,"",0,0,0,"",0,0,0,"",0,0,0,"",0,0,0,0,0,0,0,0,"",0,0,0,0,,,,,0,0
165,9,1,5,5,1,2,2,0,0,1,255,255,8,35,6754.186,"encounter v",R,10,75,105,-0.6,-2.907,0.49,1.507,-0.278,-0.21,-36.607,45.494,4,0,0,400,0.994,-0.02,-22.918,1,0,3,R,"coder_",163.6,84.449,0.302,0,53,0,0,0,0,0,0,0,0,0,0,0,0,0,0,0,0,0.256,-37.34,0,"Pring__",-0.283,-19.222,0,"白霜らいふ",-19.157,-46.733,0,"ㆍ데트≺Odette≻ㆍ",-15.269,-62.945,0,"인생최패망자",17.366,-42.7,0,"Muna_328",7.132,-65.571,0,"SFIDA",37.799,-102.907,0,"아침땅_",-9.551,-103.217,0,"Roscosmos",-41.738,-88.854,0,0,0,0,0,0,"",0,0,0,0,6756.022,,,6760.219,0,0
166,9,0,5,5,0,0,0,0,0,0,255,255,255,30,6805.82,"_이누_",R,27,90,140,-1.792,-0.98,-0.165,1.659,-0.769,0.887,-36.408,6.992,2,0,-5.015,-110.128,6.085,0,0,1,4,6,L,"SFIDA",190,80,0.2,2,115,6806.689,255,198,116,93,51,145,91,51.359,34.886,-0.77,0,0.636,12.732,-68.195,-95.169,-0.536,-36.819,0,"-라후이-",-0.18,-17.516,0,"_송글_",-22.063,-47.452,0,"coder_",-13.377,-64.787,95,"Amellaid",24.215,-50.889,0,"shimenawa",14.391,-64.269,0,"낑깡__",42.266,-92.592,0,"하루（Haru）",8.243,-110.379,0,"Dοpi",-34.09,-98.681,80,6812.085,-36.65,-76.116,6812.23,3,"coder_",-35.754,-74.741,0,0,,,,,33,1
167,9,0,5,5,0,0,1,0,0,0,255,255,255,31,6851.355,"_이누_",R,27,87,140,0.722,-0.299,0.054,1.794,0.253,1.297,-36.484,19.346,2,0,45.519,-133.659,6.53,0,0,1,5,3,R,"ㆍ데트≺Odette≻ㆍ",174.5,94.66,0.38,3,89,6852.427,155,114,118,135,60,145,97,12.194,21.326,-0.2,0,0.164,545.507,9.748,49.815,-0.507,-36.855,0,"-라후이-",0.276,-17.388,0,"_송글_",-22.061,-47.526,0,"coder_",-14.905,-64.21,98,"Amellaid",21.801,-49.763,0,"shimenawa",12.631,-65.731,0,"낑깡__",34.746,-90.531,0,"하루（Haru）",-0.763,-107.111,0,"Dοpi",-38.841,-87.14,0,0,0,0,6855.501,3,"coder_",-21.068,-73.056,0,0,,,,,1,1
168,9,0,5,5,0,0,2,0,0,0,255,255,255,32,6875.632,"_이누_",R,27,87,140,0.927,-0.027,0.07,1.838,0.326,1.451,-36.499,23.668,2,0,56.611,-133.952,6.971,0,0,1,6,5,R,"Muna_328",174.5,89.724,0.42,3,114,6876.627,255,105,114,25,0,145,99,93.884,5.101,-0.1,0,0.76,194.478,-536.203,183.753,-0.253,-36.772,0,"-라후이-",0.266,-17.389,0,"_송글_",-22.065,-46.603,0,"coder_",-15.248,-63.772,0,"Amellaid",21.264,-50.19,0,"shimenawa",12.437,-65.31,0,"낑깡__",34.52,-92.764,0,"하루（Haru）",-1.028,-107.25,0,"Dοpi",-38.376,-89.911,0,6883.724,-3.069,-9.73,6884.071,1,"-라후이-",-3.042,-9.841,0,0,6884.078,,,,6,1
169,10,1,5,5,0,0,0,1,1,0,3,7,255,36,6966.115,"encounter v",R,32,91,140,0.078,-0.224,0.513,2.137,-0.314,1.256,-36.794,44.945,2,0,250,-200,-27.207,0,0,1,1,6,R,"낑깡__",174.9,80,0.402,3,114,6967.052,158,95,88,69,20,145,87,102.217,-44.22,-0.74,0,0.242,145.878,573.383,-93.557,0.236,-37.222,0,"Pring__",-0.01,-17.261,0,"白霜らいふ",-17.155,-44.188,0,"ㆍ데트≺Odette≻ㆍ",-15.547,-63.103,0,"인생최패망자",19.331,-48.508,0,"Muna_328",9.911,-65.809,0,"SFIDA",40.055,-106.634,0,"아침땅_",-6.427,-107.529,0,"Roscosmos",-39.592,-92.881,0,0,0,0,0,0,"",0,0,0,0,,6970.555,,,2,3
170,10,1,5,5,0,1,0,1,1,0,3,7,255,37,6983.114,"encounter v",R,32,89,140,-0.129,0.692,0.487,2.285,-0.431,1.777,-37.158,76.629,0,0,250,-200,-34.355,0,0,0,1,6,R,"낑깡__",174.9,80,0.402,0,114,0,0,0,0,0,0,0,0,0,0,0,0,0,0,0,0,0.004,-37.206,0,"Pring__",-0.14,-17.39,0,"白霜らいふ",-18.27,-42.614,0,"ㆍ데트≺Odette≻ㆍ",-15.466,-62.976,0,"인생최패망자",17.394,-44.888,0,"Muna_328",7.783,-65.989,0,"SFIDA",40.115,-102.991,0,"아침땅_",-7.826,-106.289,0,"Roscosmos",-42.619,-94.196,0,0,0,0,0,0,"",0,0,0,0,6984.599,6985.848,,,0,0
171,10,1,5,5,0,2,0,1,1,0,3,7,255,38,6999.815,"encounter v",R,32,88,140,0.516,1.646,0.548,2.297,-0.148,2.331,-37.229,78.087,4,0,250,-200,-28.184,0,0,1,1,6,R,"낑깡__",174.9,80,0.402,0,114,0,0,0,0,0,0,0,0,0,0,0,0,0,0,0,0,0.359,-37.401,0,"Pring__",-0.377,-18.482,0,"白霜らいふ",-19.064,-41.933,0,"ㆍ데트≺Odette≻ㆍ",-15.343,-62.908,0,"인생최패망자",18.078,-44.213,0,"Muna_328",6.95,-65.701,0,"SFIDA",42.115,-104.277,0,"아침땅_",-8.141,-105.652,0,"Roscosmos",-43.909,-92.628,0,0,0,0,0,0,"",0,0,0,0,7001.286,7002.782,,,0,0
172,10,1,5,5,0,0,1,1,1,0,3,7,255,39,7026.065,"encounter v",R,10,69,100,-0.743,-1.785,0.473,2.018,-0.333,1.153,-36.961,64.156,1,0,0,400,-31.002,-0.183,-19.183,0,2,1,R,"-라후이-",190,87.311,0.496,0,114,0,0,0,0,0,0,0,0,0,0,0,0,0,0,0,0,0.203,-37.377,0,"Pring__",-0.822,-18.961,0,"白霜らいふ",-19.231,-42.405,0,"ㆍ데트≺Odette≻ㆍ",-15.04,-62.279,0,"인생최패망자",18.098,-45.579,0,"Muna_328",6.738,-66.091,0,"SFIDA",44.476,-107.58,0,"아침땅_",-9.354,-108.699,0,"Roscosmos",-49.287,-100.867,0,0,0,0,0,0,"",0,0,0,0,7027.745,7028.62,,,0,0
173,10,1,5,5,0,1,1,1,1,0,3,7,255,40,7041.548,"encounter v",R,0,75,114,-0.5,-1.168,0.505,1.885,-0.232,0.866,-36.852,64.072,1,0,0,0,-21.376,0,0,0,2,1,R,"-라후이-",190,87.311,0.496,0,114,0,0,0,0,0,0,0,0,0,0,0,0,0,0,0,0,0.161,-37.322,0,"Pring__",-0.096,-17.274,0,"白霜らいふ",-18.935,-43.826,0,"ㆍ데트≺Odette≻ㆍ",-15.7,-62.752,0,"인생최패망자",17.906,-45.111,0,"Muna_328",5.508,-65.635,0,"SFIDA",43.151,-104.779,0,"아침땅_",-7.955,-109.743,0,"Roscosmos",-47.87,-100.189,0,0,0,0,0,0,"",0,0,0,0,7043.105,7044.14,,,0,0
174,10,1,5,5,0,2,1,1,1,0,3,7,255,41,7056.594,"encounter v",R,32,99,140,-0.918,0.163,0.429,2.153,-0.705,1.895,-36.952,58.857,0,0,205.233,200,15.381,0,0,0,2,1,R,"-라후이-",190,87.311,0.496,0,114,0,0,0,0,0,0,0,0,0,0,0,0,0,0,0,0,0.214,-37.195,0,"Pring__",-0.533,-17.89,0,"白霜らいふ",-19.084,-43.879,0,"ㆍ데트≺Odette≻ㆍ",-14.799,-62.757,0,"인생최패망자",18.477,-44.827,0,"Muna_328",6.844,-65.589,0,"SFIDA",42.178,-102.609,0,"아침땅_",-8.405,-109.678,0,"Roscosmos",-47.859,-100.175,0,0,0,0,0,0,"",0,0,0,0,7058.147,7059.728,,,0,0
175,10,1,5,5,0,0,2,1,1,0,3,7,255,42,7082.109,"encounter v",R,13,97,126,-4.398,-2.144,0.301,1.923,-1.299,0.594,-36.74,37.439,1,0,-390.434,312.348,-14.748,-0.892,-19.634,0,3,9,R,"DoYaGee",190,80,0.601,0,39,0,0,0,0,0,0,0,0,0,0,0,0,0,0,0,0,0.045,-37.097,0,"Pring__",-0.565,-17.427,0,"白霜らいふ",-19.464,-45.224,0,"ㆍ데트≺Odette≻ㆍ",-11.426,-62.684,0,"인생최패망자",19.28,-44.394,0,"Muna_328",5.223,-66.033,0,"SFIDA",38.709,-103.377,0,"아침땅_",-10.212,-107.876,0,"Roscosmos",-44.64,-93.626,0,0,0,0,0,0,"",0,0,0,0,7083.807,7085.371,,,0,0
176,10,1,5,5,1,0,2,1,1,0,3,7,255,43,7095.21,"encounter v",R,32,88,140,1.162,0.525,0.606,2.274,0.121,1.733,-37.085,76.654,0,0,250,-200,-19.436,0,0,0,3,9,R,"DoYaGee",190,80,0.601,0,39,0,0,0,0,0,0,0,0,0,0,0,0,0,0,0,0,0.268,-37.457,0,"Pring__",-0.061,-17.385,0,"白霜らいふ",-19.549,-42.925,0,"ㆍ데트≺Odette≻ㆍ",-15.248,-62.59,0,"인생최패망자",18.468,-46.047,0,"Muna_328",6.333,-65.586,0,"SFIDA",35.964,-105.439,0,"아침땅_",-10.845,-107.022,0,"Roscosmos",-44.478,-93.781,0,0,0,0,0,0,"",0,0,0,0,7096.828,7097.998,,,0,0
177,10,1,5,5,1,1,2,1,1,0,3,7,255,44,7111.054,"encounter v",R,13,83,122,0.921,-0.256,0.708,2.296,1.061,1.804,-37.149,71.446,0,0,-390.434,312.348,8.082,0,0,0,3,9,R,"DoYaGee",190,80,0.601,0,39,0,0,0,0,0,0,0,0,0,0,0,0,0,0,0,0,0.413,-37.638,0,"Pring__",-0.577,-18.69,0,"白霜らいふ",-19.378,-41.279,0,"ㆍ데트≺Odette≻ㆍ",-15.282,-62.639,0,"인생최패망자",18.952,-44.606,0,"Muna_328",4.457,-64.73,0,"SFIDA",35.31,-104.44,0,"아침땅_",-11.288,-106.671,0,"Roscosmos",-44.153,-93.791,0,0,0,0,0,0,"",0,0,0,0,7112.724,7114.1,,,0,0
178,10,1,5,5,1,2,2,1,1,0,3,7,255,45,7129.585,"encounter v",R,26,98,140,-1.013,-0.6,0.334,1.968,-0.679,1.04,-36.738,32.86,0,0,167.769,-200,-10.527,0,0,1,3,9,R,"DoYaGee",190,80,0.601,0,39,0,0,0,0,0,0,0,0,0,0,0,0,0,0,0,0,0.844,-36.754,0,"Pring__",-0.526,-18.751,0,"白霜らいふ",-18.69,-43.493,0,"ㆍ데트≺Odette≻ㆍ",-14.817,-62.548,0,"인생최패망자",18.609,-45.741,0,"Muna_328",5.17,-65.485,0,"SFIDA",33.663,-98.855,0,"아침땅_",-11.555,-106.697,0,"Roscosmos",-44.259,-94.064,0,0,0,0,0,0,"",0,0,0,0,7131.23,,,,0,0
179,10,0,5,5,0,0,0,1,1,0,15,13,255,33,7185.38,"_이누_",R,27,86,140,-0.826,0.287,-0.085,1.89,-0.396,1.636,-36.466,23.284,0,0,28.725,-133.014,9.739,0,0,0,7,8,R,"Roscosmos",175.2,95.982,0.364,0,114,0,0,0,0,0,0,0,0,0,0,0,0,0,0,0,0,-0.036,-37.047,0,"-라후이-",-0.258,-17.62,0,"_송글_",-21.184,-46.609,0,"coder_",-14.185,-63.757,0,"Amellaid",21.476,-48.839,0,"shimenawa",9.912,-65.449,0,"낑깡__",37.654,-102.017,0,"하루（Haru）",-1.392,-105.703,0,"Dοpi",-40.809,-97.392,0,0,0,0,0,0,"",0,0,0,0,7186.849,,,,0,0
180,10,0,5,5,0,1,0,1,1,0,15,13,255,34,7200.429,"_이누_",R,26,79,130,2.554,2.778,0.09,2.082,0.853,3.161,-36.758,47.232,3,0,73.426,-171.608,2.654,-1.063,-20.226,0,7,8,R,"Roscosmos",175.2,95.982,0.364,0,114,0,0,0,0,0,0,0,0,0,0,0,0,0,0,0,0,-0.088,-37.169,0,"-라후이-",-0.612,-19.115,0,"_송글_",-21.351,-45.007,0,"coder_",-15.18,-63.832,0,"Amellaid",21.69,-47.123,0,"shimenawa",7.063,-63.438,0,"낑깡__",37.489,-99.859,0,"하루（Haru）",2.282,-112.386,0,"Dοpi",-40.463,-100.58,0,0,0,0,0,0,"",0,0,0,0,7203.022,,,,0,6
181,10,0,5,5,0,0,0,1,1,1,18,15,13,35,7234.104,"_이누_",R,28,86,140,-0.732,-0.462,-0.072,1.594,-0.336,1.265,-36.388,2.495,0,0,14.828,-84.024,2.079,0,0,0,8,7,R,"아침땅_",160,94.757,0.5,0,114,0,0,0,0,0,0,0,0,0,0,0,0,0,0,0,0,0.014,-37.067,0,"-라후이-",0.107,-17.794,0,"_송글_",-16.776,-42.252,0,"coder_",-9.527,-57.621,0,"Amellaid",16.983,-45.771,0,"shimenawa",9.164,-66.046,0,"낑깡__",32.506,-88.514,0,"하루（Haru）",-0.184,-101.293,0,"Dοpi",-37.587,-89.031,0,0,0,0,0,0,"",0,0,0,0,7235.515,7236.31,,,0,0
182,10,0,5,5,0,1,0,1,1,1,18,15,13,36,7247.525,"_이누_",R,26,76,128,2.207,1.644,0.149,1.897,0.849,2.234,-36.586,35.116,2,0,69.909,-195.967,3.71,0,0,1,8,7,R,"아침땅_",160,94.757,0.5,2,114,7248.434,65,31,5,7,2,6,48,52.995,49.738,-0.8,0,0.164,19.575,-46.968,-95.172,0.05,-37.047,0,"-라후이-",0.133,-17.802,0,"_송글_",-18.345,-44.22,86,"coder_",-11.373,-57.136,0,"Amellaid",18.848,-47.625,0,"shimenawa",11.433,-65.406,0,"낑깡__",34.079,-88.372,0,"하루（Haru）",0.412,-100.775,0,"Dοpi",-38.209,-90.217,0,0,0,0,7252.383,2,"_송글_",-20.591,-37.699,0,128,,7251.062,7253.203,,32,1
183,10,0,5,5,0,0,2,0,1,1,255,15,13,37,7278.955,"_이누_",R,28,77,129,-0.002,0.87,-0.009,1.827,-0.04,2.08,-36.513,21.317,2,0,26.887,-76.863,6.204,0,0,1,0,4,R,"인생최패망자",190,80,0.299,3,114,7279.865,255,83,146,106,51,145,89,53.972,50.559,-0.87,0,0.341,229.712,-545.376,92.726,-0.238,-36.937,0,"-라후이-",0.218,-17.408,0,"_송글_",-22.079,-47.606,0,"coder_",-15.329,-63.474,0,"Amellaid",21.117,-49.608,0,"shimenawa",12.936,-64.789,0,"낑깡__",41.435,-98.342,0,"하루（Haru）",7.429,-118.072,0,"Dοpi",-44.346,-99.233,92,7285.036,-46.569,-68.052,7286.335,8,"Dοpi",-50.451,-73.525,1,0,7293.55,,7285.249,7286.643,196,2
