id,inn,half,ball,strk,out,b1,b2,b3,b1Idx,b2Idx,b3Idx,pCnt,pSec,pName,pType,spdK,zoneX,zoneY,call,sH,sV,plx,plz,bSwing,bIdx,bPos,bName,bHCm,bFps,hSec,rotS,shS,lgS,batSpd,ev,ldeg,sdeg,hPos,PPosX,PPosY,CPosX,CPosY,1BPosX,1BPosY,2BPosX,2BPosY,3BPosX,3BPosY,SSPosX,SSPosY,LFPosX,LFPosY,CFPosX,CFPosY,RFPosX,RFPosY,ltSec,lx,lz,cSec,cPos,cPlr,cx,cz,1BSafe,result,scoreA,scoreB,hMoveX,hMoveY,tag
1,2,1,0,0,0,0,0,0,255,255,255,0,204.171,_Chun,0,139,-1.012,1.263,1,-80.714,-86.333,0,0,0,4,5,Pugeuk,160,54,0,0,0,0,0,0,0,0,0,0.022,-37.288,0.065,-16.945,-19.649,-48.002,-13.068,-62.887,21.932,-47.67,10.648,-64.3,35.7,-81.8,1.053,-110.291,-50.855,-90.586,0,0,0,0,0,,0,0,0,0,0,0,0,0,0
2,2,1,1,0,0,0,0,0,255,255,255,1,220.08,_Chun,6,89,0.795,0.311,0,-400.028,0,0,0,1,4,5,Pugeuk,160,54,0,0,0,0,0,0,0,0,0,0.195,-37.561,0,-16.823,-19.349,-45.987,-13.033,-62.93,21.315,-46.892,10.747,-64.848,35.7,-81.8,1.027,-110.538,-50.839,-90.59,0,0,0,0,0,,0,0,0,0,0,0,0,0,0
3,2,1,1,1,0,0,0,0,255,255,255,2,236.736,_Chun,3,121,0.375,0.288,2,440.9,0,0,0,1,4,5,Pugeuk,160,54,237.732,68,102,34,80,62,-53.738,37.213,0.001,0.255,-36.548,0.136,-17.185,-19.889,-47.3,-13.023,-62.951,22.088,-47.722,10.728,-64.708,35.7,-81.8,0.946,-110.508,-50.859,-90.646,237.144,-0.398,-20.895,239.835,2,눈꽃,-14.434,-40.168,0,2,0,0,-0.03,-0.123,0
4,2,1,0,0,1,0,0,0,255,255,255,3,266.745,_Chun,6,114,0.131,1.772,4,-442.332,0,0,0,1,5,0,TaeGeuk_,177.3,54,0,0,0,0,0,0,0,0,0,-0.226,-37.504,-0.026,-17.204,-20.145,-49.387,-11.904,-65.282,21.109,-47.582,10.437,-65.473,35.7,-81.8,-9.243,-110.825,-56.391,-95.135,0,0,0,0,0,,0,0,0,0,0,0,0,0,0
5,2,1,0,1,1,0,0,0,255,255,255,4,284.062,_Chun,10,113,0.466,0.636,0,0,400,0,0,0,5,0,TaeGeuk_,177.3,54,0,0,0,0,0,0,0,0,0,0.061,-37.325,0.094,-17.322,-20.066,-49.129,-11.917,-65.293,21.916,-49.831,11.26,-65.106,35.7,-81.8,-9.315,-110.877,-56.297,-95.303,0,0,0,0,0,,0,0,0,0,0,0,0,0,0
6,2,1,0,2,1,0,0,0,255,255,255,5,301.738,_Chun,0,140,-0.763,-2.005,1,-68.051,-82.274,-0.192,-17.585,0,5,0,TaeGeuk_,177.3,41,0,0,0,0,0,0,0,0,0,0.07,-37.208,-0.097,-17.912,-19.741,-48.511,-12.161,-64.67,22.176,-48.384,10.395,-65.343,35.7,-81.8,-9.374,-110.855,-51.343,-89.526,0,0,0,0,0,,0,0,0,0,0,0,0,0,32
7,2,1,1,2,1,0,0,0,255,255,255,6,319.924,_Chun,10,103,1.852,-2.697,2,0,400,0.085,-20.361,1,5,0,TaeGeuk_,177.3,41,320.891,100,175,29,162,95,-11.097,28.261,0.914,0.415,-36.848,0.007,-17.345,-19.142,-48.481,-11.409,-65.784,23.444,-49.762,10.608,-65.309,35.7,-81.8,-9.458,-110.827,-50.878,-89.767,320.31,-0.369,-20.547,321.91,2,눈꽃,-15.948,-45.684,0,2,0,0,-0.174,-0.334,0
8,2,1,0,0,2,0,0,0,255,255,255,7,351.49,_Chun,6,98,-3.033,-0.001,4,-426.34,0,-1.281,-17.088,0,6,8,Multeinn,160,54,0,0,0,0,0,0,0,0,0,0.055,-37.501,-1.219,-17.243,-20.522,-50.547,-11.737,-65.064,20.014,-47.277,9.1,-66.048,35.7,-81.8,-11.359,-114.086,-49.919,-88.086,0,0,0,0,0,,0,0,0,0,0,0,0,0,0
9,2,1,0,1,2,0,0,0,255,255,255,8,376.343,_Chun,14,113,-2.247,-0.237,4,-340.787,365.874,0,0,0,6,8,Multeinn,160,54,0,0,0,0,0,0,0,0,0,0.129,-37.594,-0.418,-17.387,-20.409,-50.002,-11.733,-65.084,20.646,-47.204,8.58,-66.03,35.7,-81.8,-12.305,-114.466,-49.903,-88.103,0,0,0,0,0,,0,0,0,0,0,0,0,0,0
10,2,1,0,2,2,0,0,0,255,255,255,9,414.193,_Chun,13,92,1.903,1.181,2,319.728,322.272,0,0,0,6,8,Multeinn,160,54,415.258,87,51,24,29,32,8.453,23.072,-0.925,0.152,-36.947,-0.022,-17.244,-20.695,-49.775,-11.876,-64.921,21.066,-46.444,11.057,-65.451,35.704,-81.804,-13.584,-117.288,-49.965,-88.178,415.585,-3.23,-28.772,417.202,0,_Chun,-4.871,-35.266,0,2,0,0,-0.044,-0.027,0
11,2,0,0,0,0,0,0,0,255,255,255,0,471.85,TaeGeuk_,0,128,0.137,0.266,2,142.243,-83.635,0,0,1,2,4,encounter v,190,55,473.034,95,102,0,128,82,39.908,-33.032,0.941,0.389,-36.764,-0.008,-16.955,-19.391,-45.036,-12.741,-63.362,17.93,-44.722,14.674,-60.846,63.857,-90.479,-10.982,-113.164,-32.004,-75.995,477.019,38.45,-72.174,478.177,6,CAT tourniquet,42.527,-77.693,1,2,0,0,0.058,-0.202,4
12,2,0,0,0,1,0,0,0,255,255,255,1,524.332,TaeGeuk_,0,132,-0.743,-0.219,2,151.909,-71.866,0,0,1,3,5,Slaris,174.6,54,525.223,113,188,36,167,121,12.202,-14.712,0.897,-0.007,-36.751,-0.02,-17.241,-18.593,-44.278,-9.073,-64.71,22.54,-52.702,10.352,-63.924,34.914,-90.063,-8.978,-110.308,-37.576,-81.364,526.294,10.217,-83.166,531.41,7,coder_,13.521,-126.348,0,2,0,0,-0.07,-0.033,0
13,2,0,0,0,1,0,0,0,255,255,255,2,556.508,TaeGeuk_,0,108,3.725,0.09,1,0,0,0.663,-8.914,0,4,3,ByeolBam,175.3,54,0,0,0,0,0,0,0,0,0,-0.195,-37.043,0.116,-17.021,-19.078,-44.917,-9.953,-62.642,20.892,-47.535,7.731,-60.715,34.074,-94.47,3.849,-104.574,-33.89,-84.484,0,0,0,0,0,,0,0,0,0,0,0,0,0,0
14,2,0,1,0,1,0,1,0,255,14,255,3,585.906,TaeGeuk_,0,129,2.048,-0.259,1,127.158,-110.622,0,0,0,4,3,ByeolBam,175.3,54,0,0,0,0,0,0,0,0,0,0.119,-37.196,0.043,-17.319,-20.351,-42.974,-9.68,-63.95,19.457,-42.509,6.543,-58.968,34.611,-95.682,-5.439,-104.109,-34.413,-81.22,0,0,0,0,0,,0,0,0,0,0,0,0,0,0
15,2,0,2,0,1,0,1,0,255,14,255,4,603.557,TaeGeuk_,5,123,0.34,-0.579,0,-83.187,0,0,0,0,4,3,ByeolBam,175.3,54,0,0,0,0,0,0,0,0,0,0.109,-36.981,0.015,-17.288,-19.887,-46.377,-9.965,-64.877,18.588,-42.886,0.731,-60.634,31.926,-91.136,1.511,-109.608,-34.629,-81.492,0,0,0,0,0,,0,0,0,0,0,0,0,0,0
16,2,0,2,1,1,0,1,0,255,14,255,5,621.387,TaeGeuk_,0,137,0.96,-0.676,2,175.652,28.417,0,0,1,4,3,ByeolBam,175.3,54,622.256,100,175,69,168,76,-20.268,-9.672,-0.434,0.22,-36.712,0.037,-17.251,-19.716,-46.375,-9.663,-64.988,20.107,-45.443,3.908,-61.309,31.882,-91.155,-2.139,-109.836,-36.311,-84.986,621.185,0.441,-22.296,623.644,5,Pugeuk,6.771,-55.757,1,2,0,0,-0.047,-0.149,8
17,2,0,0,0,2,1,0,0,12,255,255,6,665.307,TaeGeuk_,0,124,0.248,0.195,0,40.646,-135.173,0,0,0,5,2,눈꽃,184.7,54,0,0,0,0,0,0,0,0,0,-0.307,-37.17,-0.113,-17.164,-19.514,-41.797,-6.458,-61.649,22.193,-49.501,7.314,-62.419,39.015,-88.187,-7.118,-108.963,-34.271,-88.338,0,0,0,0,0,,0,0,0,0,0,0,0,0,0
18,2,0,0,1,2,1,0,0,12,255,255,7,687.452,TaeGeuk_,3,126,-2.443,-0.011,2,-398.764,0,0,0,1,5,2,눈꽃,184.7,54,688.607,110,168,106,174,66,37.341,26.56,-0.773,0.401,-36.781,0.072,-17.105,-18.455,-39.676,-6.819,-62.614,22.679,-50.16,12.895,-63.046,39.07,-88.236,-4.995,-115.617,-33.994,-90.374,0,0,0,691.885,3,ke ro,-20.779,-63.103,0,1,0,0,0.069,-0.107,0
19,3,1,0,0,0,0,0,0,255,255,255,10,738.739,_Chun,0,137,0.163,-0.157,2,-69.92,-73.725,0,0,1,7,7,coder_,160,55,739.81,107,134,29,159,79,42.638,8.381,1,0.367,-36.637,0.161,-17.052,-18.952,-47.164,-11.283,-65.532,23.784,-49.263,12.08,-63.643,35.704,-81.804,-6.572,-115.001,-46.517,-86.975,0,0,0,743.577,3,ByeolBam,-12.335,-73.209,0,1,0,0,-0.051,-0.117,0
20,3,1,0,0,1,0,0,0,255,255,255,11,772.809,_Chun,3,116,0.635,0.767,0,480.043,0,0,0,1,8,6,CAT tourniquet,175.3,45,0,0,0,0,0,0,0,0,0,-0.076,-37.459,0.021,-16.96,-20.515,-49.507,-10.889,-65.229,24.995,-49.981,14.051,-64.504,35.7,-81.8,-8.796,-112.238,-47.482,-89.018,0,0,0,0,0,,0,0,0,0,0,0,0,0,0
21,3,1,0,1,1,0,0,0,255,255,255,12,793.129,_Chun,3,122,-5.02,-2.726,2,403.177,0,0,0,1,8,6,CAT tourniquet,175.3,45,794.233,98,118,26,144,126,38.129,-24.347,0.685,0.203,-36.684,0.01,-17.134,-20.462,-49.351,-10.964,-65.248,25.258,-50.754,14.789,-64.156,35.7,-81.8,-8.749,-112.247,-48.322,-88.886,799.477,59.159,-116.047,0,0,,0,0,0,4,0,0,0.136,-0.205,0
22,3,1,0,0,1,0,0,0,255,255,255,13,845.581,_Chun,8,125,-1.224,0.044,2,-141.117,0,0,0,1,0,1,IllilliIIIIllil,174.5,54,846.544,132,226,27,171,102,-73.219,-7.236,-0.118,0.383,-36.741,-0.184,-17.273,-20.479,-47.949,-12.742,-64.02,24.434,-49.197,10.707,-65.617,35.7,-81.8,-13.375,-116.528,-48.826,-89.071,844.894,-0.197,-20.528,848.277,0,_Chun,2.452,-40.683,0,2,1,0,0.08,-0.029,0
23,3,1,0,0,2,0,0,0,255,255,255,14,881.432,_Chun,6,117,-0.66,0.952,0,-450.776,0,0,0,0,1,4,Kr_Luna,190,66,0,0,0,0,0,0,0,0,0,0.42,-37.512,-0.171,-17.146,-20.681,-49.004,-12.392,-65.384,25.031,-50.898,12.998,-65.048,35.7,-81.8,-12.05,-125.837,-47.967,-93.494,0,0,0,0,0,,0,0,0,0,1,0,0,0,0
24,3,1,0,1,2,0,0,0,255,255,255,15,900.501,_Chun,10,109,0.752,0.793,0,0,400,0,0,0,1,4,Kr_Luna,190,66,0,0,0,0,0,0,0,0,0,0.063,-36.907,0.136,-17.147,-20.623,-48.605,-12.026,-65.416,24.104,-49.762,13.044,-65.012,35.7,-81.8,13.529,-125.992,-47.818,-93.616,0,0,0,0,0,,0,0,0,0,1,0,0,0,0
25,3,1,0,2,2,0,0,0,255,255,255,16,918.504,_Chun,6,117,-1.042,-0.496,2,-396.005,0,0,0,1,1,4,Kr_Luna,190,66,919.429,115,123,43,161,84,-5.43,26.477,-0.279,0.248,-36.753,0.108,-17.144,-21.049,-48.487,-12.05,-65.426,24.663,-50.236,12.542,-65.244,35.7,-81.8,13.383,-126.005,-47.298,-92.688,917.794,-3.347,-27.091,920.385,3,ByeolBam,-20.484,-61.485,1,2,1,0,0.056,-0.124,2
26,3,0,0,0,0,0,0,0,255,255,255,8,1018.025,TaeGeuk_,0,110,-0.092,-1.529,1,68.846,155.117,0,0,0,6,0,_Chun,190,52,0,0,0,0,0,0,0,0,0,-0.073,-37.131,0.029,-17.112,-20.373,-45.396,-12.33,-64.343,20.17,-49.316,10.785,-63.308,34.153,-85.905,17.809,-116.368,-37.163,-84.779,0,0,0,0,0,,0,0,0,0,1,0,0,0,0
27,3,0,1,0,0,0,0,0,255,255,255,9,1034.162,TaeGeuk_,15,106,-0.644,-0.193,0,-121.241,-400,0,0,1,6,0,_Chun,190,52,0,0,0,0,0,0,0,0,0,-0.164,-37.201,-0.008,-17.21,-20.386,-45.399,-12.324,-63.667,20.247,-49.344,14.429,-61.656,34.186,-85.806,9.764,-114.564,-36.927,-85.314,0,0,0,0,0,,0,0,0,0,1,0,0,0,0
28,3,0,1,1,0,0,0,0,255,255,255,10,1048.363,TaeGeuk_,0,134,0.633,-0.835,2,116.073,200,0,0,1,6,0,_Chun,190,52,1049.298,69,42,0,16,54,-42.541,-23.749,0.967,0.318,-36.759,0.041,-17.184,-20.18,-45.347,-10.276,-64.45,23.513,-50.126,14.541,-61.583,34.161,-85.798,9.839,-114.538,-37.277,-85.599,1047.36,0.47,-20.365,1051.119,5,Pugeuk,10.196,-46.897,0,2,1,0,0.084,-0.049,0
29,3,0,0,0,1,0,0,0,255,255,255,11,1079.01,TaeGeuk_,15,113,-0.558,0.837,0,-16.617,-400,0,0,0,7,7,DoYaGee,160,52,0,0,0,0,0,0,0,0,0,0.014,-37.072,-0.06,-17.177,-20.285,-46.103,-10.911,-64.982,19.465,-48.98,10.952,-62.702,39.444,-88.728,11.034,-98.364,-35.635,-80.996,0,0,0,0,0,,0,0,0,0,1,0,0,0,0
30,3,0,0,1,1,0,0,0,255,255,255,12,1090.909,TaeGeuk_,0,116,-0.234,0.892,2,-0.88,173.317,0,0,1,7,7,DoYaGee,160,52,1091.876,122,67,39,59,59,-13.151,37.249,-0.785,0.339,-36.881,0.041,-17.152,-20.156,-45.976,-10.821,-64.39,19.356,-48.977,10.888,-62.905,38.409,-86.554,11.871,-97.649,-36.409,-83.631,1090.135,-2.744,-22.732,1092.327,2,Oort__Cloud,-14.02,-40.831,0,2,1,0,-0.068,-0.062,0
31,3,0,0,0,2,0,0,0,255,255,255,13,1114.944,TaeGeuk_,3,107,-1.598,-0.492,1,-337.991,0,0,0,0,0,8,아침땅_,169.6,51,0,0,0,0,0,0,0,0,0,0.046,-37.036,-0.126,-17.193,-20.25,-46.505,-11.6,-64.834,17.567,-48.368,10.34,-64.3,40.099,-85.964,-14.042,-96.057,-35.338,-83.21,0,0,0,0,0,,0,0,0,0,1,0,0,0,0
32,3,0,1,0,2,0,0,0,255,255,255,14,1127.98,TaeGeuk_,0,117,-0.198,-0.145,0,185.834,15.765,0.029,-17.567,0,0,8,아침땅_,169.6,51,0,0,0,0,0,0,0,0,0,0.366,-37.171,-0.032,-17.256,-20.21,-46.471,-11.604,-64.842,17.504,-48.458,10.474,-64.285,38.583,-85.014,-14.526,-97.635,-36.087,-85.709,0,0,0,0,0,,0,0,0,0,1,0,0,0,0
33,3,0,1,1,2,0,0,0,255,255,255,15,1143.954,TaeGeuk_,0,131,0.916,-0.528,0,0,0,0,0,0,0,8,아침땅_,169.6,51,0,0,0,0,0,0,0,0,0,0.345,-36.875,0.013,-17.284,-20.202,-46.484,-11.591,-64.828,17.462,-48.308,9.672,-62.481,38.667,-85.26,-13.174,-98.086,-35.934,-85.768,0,0,0,0,0,,0,0,0,0,1,0,0,0,0
34,3,0,1,2,2,0,0,0,255,255,255,16,1162.456,TaeGeuk_,0,140,-0.511,0.334,0,0,0,0,0,0,0,8,아침땅_,169.6,51,0,0,0,0,0,0,0,0,0,0.484,-37.221,-0.142,-17.243,-20.242,-45.758,-11.537,-64.682,18.432,-49.553,9.92,-61.369,38.652,-85.224,-12.844,-97.281,-34.418,-79.785,0,0,0,0,0,,0,0,0,0,1,0,0,0,0
35,4,1,0,0,0,0,0,0,255,255,255,17,1211.562,_Chun,3,118,2.118,0.666,2,432.411,0,0,0,1,2,3,ke ro,160,51,1212.396,78,58,0,43,43,-4.838,2.236,-1,0.341,-36.741,0.023,-17.02,-20.895,-48.086,-10.975,-65.548,20.829,-45.354,10.779,-65.028,35.7,-81.8,0,-100.6,-49.811,-92.027,1210.86,0.228,-25.213,1212.127,0,_Chun,-0.911,-34.678,0,2,1,0,-0.046,-0.065,0
36,4,1,0,0,1,0,0,0,255,255,255,18,1243.427,_Chun,6,98,0.278,0.092,0,-399.983,0,0,0,0,3,2,Oort__Cloud,160,43,0,0,0,0,0,0,0,0,0,0.085,-37.449,0.196,-17.337,-22.08,-51.038,-10.875,-64.961,20.184,-45.8,9.35,-65.596,35.7,-81.8,0,-100.6,-50.255,-91.798,0,0,0,0,0,,0,0,0,0,1,0,0,0,0
37,4,1,0,1,1,0,0,0,255,255,255,19,1262.044,_Chun,0,137,-0.106,1.276,2,-58.442,-61.409,0,0,1,3,2,Oort__Cloud,160,43,1263.218,119,139,73,169,93,102.939,-72.765,-1,0.305,-36.71,0.189,-17.036,-21.863,-49.277,-11.48,-65.107,22.189,-47.633,10.339,-66.494,35.7,-81.8,0,-100.6,-47.815,-88.361,1267.019,-54.983,6.638,0,0,,0,0,0,3,1,0,-0.081,-0.05,0
38,4,1,0,2,1,0,0,0,255,255,255,20,1292.36,_Chun,10,122,-0.47,-2.744,4,0,400,-0.087,-20.096,1,3,2,Oort__Cloud,160,51,0,0,0,0,0,0,0,0,0,-0.127,-37.572,0.073,-17.989,-21.584,-47.817,-12.167,-65.268,23.568,-48.398,6.924,-65.932,35.7,-81.8,0,-100.6,-48.179,-86.557,0,0,0,0,0,,0,0,0,0,1,0,0,0,0
39,4,1,0,0,2,0,0,0,255,255,255,21,1327.564,_Chun,0,131,1.308,0.784,2,-38.734,-51.668,0,0,1,4,5,TaeGeuk_,177.3,51,1328.428,64,17,0,1,40,-84.567,82.79,0.892,0.402,-36.682,0.139,-17.016,-22.651,-51.125,-12.386,-64.468,22.462,-48.752,10.554,-66.354,35.7,-81.8,0,-100.6,-47.272,-86.77,1326.552,-0.464,-18.404,0,0,,0,0,0,3,1,0,-0.045,-0.004,0
40,4,1,0,0,2,0,0,0,255,255,255,22,1378.384,_Chun,3,117,1.036,0.73,2,435.776,0,0,0,1,4,0,Pugeuk,160,51,1379.42,105,129,36,157,61,0.383,33.46,-0.845,0.605,-36.864,0.316,-17.277,-21.387,-47.765,-12.328,-64.357,21.892,-47.674,8.871,-66.142,35.7,-81.8,0,-100.6,-48.216,-86.8,1378.127,-6.959,-30.267,1379.71,2,눈꽃,-15.234,-44.168,0,2,1,0,-0.035,-0.135,0
41,4,0,0,0,0,0,0,0,255,255,255,17,1428.902,Pugeuk,14,109,2.181,-1.834,2,231.912,394.347,0,0,1,1,1,-라후이-,180,51,1429.747,111,171,46,166,130,-53.233,-45.299,0.554,-0.115,-37.321,0.045,-16.893,-19.466,-45.217,-9.198,-63.921,19.561,-48.474,15.043,-59.661,32.466,-86.265,-9.361,-117.765,-37.965,-86.114,1427.752,0.593,-20.199,0,0,,0,0,0,3,1,0,-0.016,-0.123,0
42,4,0,0,1,0,0,0,0,255,255,255,18,1449.203,Pugeuk,0,114,-1.092,0.127,2,0,0,0,0,1,1,1,-라후이-,180,76,1450.008,117,154,25,163,111,-9.129,26.308,0.926,-0.304,-37.328,-0.006,-17.329,-20.212,-46.404,-11.175,-64.506,21.316,-50.061,17.527,-60.438,39.329,-86.359,-8.719,-116.755,-45.222,-93.317,1448.219,-2.911,-26.227,1451.385,8,Multeinn,-33.669,-86.771,1,2,1,0,-0.09,-0.155,0
43,4,0,0,0,0,1,0,0,10,255,255,19,1479.512,Pugeuk,10,110,0.68,-0.673,2,0,400,0,0,1,2,4,encounter v,190,51,1480.631,94,203,3,158,92,-78.421,58.185,0.973,-0.147,-37.414,0.075,-17.18,-19.093,-42.03,-9.938,-59.357,19.568,-51.834,12.18,-59.125,37.546,-91.1,2.791,-110.581,-45.294,-84.816,1478.685,-0.124,-21.118,1482.085,2,Oort__Cloud,-19.387,-32.869,0,3,1,0,-0.063,-0.126,2
44,4,0,0,1,1,0,0,0,255,255,255,20,1535.883,Pugeuk,3,91,0.709,-0.309,0,-344.871,0,-0.274,-17.668,0,2,4,encounter v,190,52,0,0,0,0,0,0,0,0,0,0.213,-37.925,0.03,-17.2,-19.926,-45.622,-10.748,-61.313,18.287,-49.423,10.856,-54.241,48.233,-92.897,4.934,-114.625,-37.884,-81.612,0,0,0,0,0,,0,0,0,0,1,0,0,0,0
45,4,0,0,2,1,0,0,0,255,255,255,21,1552.453,Pugeuk,8,100,0.313,-0.035,2,93.699,15.359,0,0,1,2,4,encounter v,190,52,1553.625,96,184,0,157,98,23.947,-37.533,-0.052,0.037,-37.572,0.024,-17.209,-19.655,-45.534,-10.729,-61.252,18.252,-49.431,12.124,-61.024,42.065,-85.959,-5.056,-115.012,-38.118,-82.551,0,0,0,1555.452,6,CAT tourniquet,32.806,-82.757,0,1,1,0,-0.05,-0.108,0
46,4,0,0,0,2,0,0,0,255,255,255,22,1591.434,Pugeuk,3,94,-2.493,-0.051,4,-388.586,0,0,0,1,3,5,Slaris,174.6,52,0,0,0,0,0,0,0,0,0,-0.098,-37.771,-0.26,-17.163,-20.1,-45.946,-10.052,-65.558,18.359,-49.488,13.042,-58.362,39.614,-91.612,-5.031,-105.84,-35.67,-81.134,0,0,0,0,0,,0,0,0,0,1,0,0,0,0
47,4,0,0,1,2,0,0,0,255,255,255,23,1614.528,Pugeuk,10,115,0.657,-2.183,1,0,400,0.128,-19.172,0,3,5,Slaris,174.6,52,0,0,0,0,0,0,0,0,0,0.021,-37.893,0.117,-17.191,-20.255,-46.128,-10.168,-64.924,18.174,-49.679,9.694,-59.457,39.426,-91.369,10.728,-101.144,-35.873,-83.221,0,0,0,0,0,,0,0,0,0,1,0,0,0,8
48,4,0,1,1,2,0,0,0,255,255,255,24,1633.565,Pugeuk,10,94,0.048,-0.858,0,95.376,292.412,0.148,-17.358,1,3,5,Slaris,174.6,52,0,0,0,0,0,0,0,0,0,-0.003,-38.069,0.14,-17.134,-20.088,-45.448,-10.014,-64.705,18.366,-49.535,10.805,-63.294,39.441,-91.383,7.113,-101.79,-35.918,-83.025,0,0,0,0,0,,0,0,0,0,1,0,0,0,0
49,4,0,1,2,2,0,0,0,255,255,255,25,1652.804,Pugeuk,0,128,0.121,0.2,2,-62.07,-161.244,0,0,1,3,5,Slaris,174.6,52,1653.723,103,159,20,160,96,41.904,42.111,-0.114,-0.151,-37.17,0.201,-17.232,-20.157,-46.866,-9.948,-64.504,18.364,-49.52,13.414,-63.134,39.45,-91.368,13.03,-111.178,-35.905,-83.014,1656.627,-53.741,-74.691,1656.644,8,Multeinn,-52.461,-73.415,0,1,1,0,-0.084,-0.029,0
50,5,1,0,0,0,0,0,0,255,255,255,23,1768.343,-라후이-,0,140,-4.585,-0.236,1,250,-22.829,-1.088,-6.552,0,5,5,TaeGeuk_,177.3,36,0,0,0,0,0,0,0,0,0,-0.341,-36.848,-0.318,-16.68,-20.182,-46.99,-11.504,-64.885,22.61,-48.085,7.165,-66.443,35.7,-81.8,0,-100.6,-49.693,-87.645,0,0,0,0,0,,0,0,0,0,1,0,0,0,0
51,5,1,1,0,0,0,0,0,255,255,255,24,1791.753,-라후이-,3,113,-4.683,0.09,1,-500,0,0,0,0,5,5,TaeGeuk_,177.3,36,0,0,0,0,0,0,0,0,0,-0.145,-36.933,-0.203,-16.976,-20.405,-47.351,-11.492,-64.913,19.655,-45.805,5.544,-65.344,35.7,-81.8,0,-100.6,-49.743,-87.724,0,0,0,0,0,,0,0,0,0,1,0,0,0,0
52,5,1,2,0,0,0,0,0,255,255,255,25,1809.336,-라후이-,0,135,0.506,-0.632,0,250,59.184,0,0,0,5,5,TaeGeuk_,177.3,36,0,0,0,0,0,0,0,0,0,-0.056,-37.005,0.066,-17.179,-20.522,-46.746,-11.505,-64.922,22.579,-47.923,7.609,-65.869,35.7,-81.8,0,-100.6,-49.788,-87.761,0,0,0,0,0,,0,0,0,0,1,0,0,0,0
53,5,1,2,1,0,0,0,0,255,255,255,26,1824.166,-라후이-,3,121,0.254,0.121,0,-500,0,0,0,1,5,5,TaeGeuk_,177.3,36,0,0,0,0,0,0,0,0,0,-0.064,-36.929,-0.418,-17.178,-20.536,-46.747,-10.733,-65.442,19.683,-46.466,6.461,-66.159,35.7,-81.8,0,-100.6,-49.772,-87.748,0,0,0,0,0,,0,0,0,0,1,0,0,0,0
54,5,1,2,2,0,0,0,0,255,255,255,27,1842.312,-라후이-,0,136,-0.781,1.019,0,250,-8.584,0,0,0,5,5,TaeGeuk_,177.3,36,0,0,0,0,0,0,0,0,0,-0.09,-37.032,-0.098,-17.022,-20.69,-47.028,-10.732,-65.46,22.214,-48.003,10.454,-65.023,35.7,-81.8,0,-100.6,-49.767,-87.739,0,0,0,0,0,,0,0,0,0,1,0,0,0,0
55,5,1,0,0,1,0,0,0,255,255,255,28,1933.875,-라후이-,0,135,-1.943,0.388,1,250,64.251,-0.29,-8.212,0,6,8,Multeinn,160,52,0,0,0,0,0,0,0,0,0,-0.007,-37.003,-0.116,-16.895,-21.511,-49.476,-11.86,-65.335,20.751,-46.96,7.546,-65.887,35.7,-81.8,0,-100.6,-51.11,-89.989,0,0,0,0,0,,0,0,0,0,1,0,0,0,0
56,5,1,1,0,1,0,0,0,255,255,255,29,1949.861,-라후이-,2,122,-1.819,0.388,4,-408.967,-287.657,0,0,0,6,8,Multeinn,160,52,0,0,0,0,0,0,0,0,0,-0.06,-36.799,-0.187,-16.9,-21.01,-48.795,-12.037,-64.657,19.915,-46.589,6.465,-66.137,35.7,-81.8,0,-100.6,-52.795,-89.5,0,0,0,0,0,,0,0,0,0,1,0,0,0,0
57,5,1,1,1,1,0,0,0,255,255,255,30,1962.836,-라후이-,0,140,-0.654,-0.364,2,250,4.517,0,0,0,6,8,Multeinn,160,52,1963.728,108,90,25,132,62,-33.657,38.319,-1,0.091,-36.854,-0.074,-16.718,-21.031,-48.822,-12.351,-64.61,22.608,-47.712,9.103,-65.173,35.7,-81.8,0,-100.6,-52.827,-89.65,1961.635,-0.95,-21.38,1964.235,2,눈꽃,-16.721,-42.219,0,2,1,0,-0.1,-0.061,0
58,5,1,0,0,2,0,0,0,255,255,255,31,1995.419,-라후이-,3,114,-1.909,0.06,1,-500,0,0,0,0,7,7,coder_,160,52,0,0,0,0,0,0,0,0,0,-0.247,-36.902,0.021,-17.165,-21.633,-49.888,-11.213,-63.058,21.787,-47.8,6.582,-66.473,35.7,-81.8,0,-100.6,-51.315,-86.641,0,0,0,0,0,,0,0,0,0,1,0,0,0,0
59,5,1,1,0,2,0,0,0,255,255,255,32,2006.697,-라후이-,3,120,-4.126,-0.191,2,-500,0,0,0,1,7,7,coder_,160,52,2007.775,112,164,97,174,130,109.131,-68.926,0.908,0.13,-36.84,-0.002,-17.127,-21.65,-49.909,-11.184,-63.06,22.31,-48.108,7.152,-66.88,35.7,-81.8,0,-100.6,-49.629,-89.035,2012.577,-89.233,38.141,0,0,,0,0,0,3,1,0,-0.189,-0.196,0
60,5,1,1,1,2,0,0,0,255,255,255,33,2035.615,-라후이-,0,136,-1096.026,180.27,2,250,93.494,0,0,1,7,7,coder_,160,52,2036.646,101,152,64,166,81,-56.069,59.775,-0.35,0.435,-36.919,-0.012,-16.907,-22.479,-50.26,-11.414,-63.767,20.627,-45.945,8.935,-66.359,35.7,-81.8,0,-100.6,-49.49,-88.339,2034.727,-0.662,-20.544,0,0,,0,0,0,3,1,0,-0.052,-0.146,0
61,5,1,1,2,2,0,0,0,255,255,255,34,2050.404,-라후이-,3,119,2.663,-0.789,1,-500,0,0,0,0,7,7,coder_,160,52,0,0,0,0,0,0,0,0,0,0.376,-36.976,0.089,-16.955,-21.359,-48.952,-11.456,-65.609,21.359,-47.034,5.851,-65.984,35.7,-81.8,0,-100.6,-51.147,-86.062,0,0,0,0,0,,0,0,0,0,1,0,0,0,0
62,5,1,2,2,2,0,0,0,255,255,255,35,2065.032,-라후이-,13,120,0.323,-2.376,2,-390.434,312.348,0,0,1,7,7,coder_,160,52,2066.072,100,216,7,161,80,-5.153,-21.253,1,0.211,-36.751,-0.061,-17.152,-21.103,-50.038,-11.525,-65.365,22.444,-47.685,11.39,-65.512,35.7,-81.8,0,-100.6,-51.164,-86.113,2064.186,1.061,-23.14,2067.052,5,Slaris,16.488,-61.67,1,2,1,0,-0.095,-0.164,0
63,5,1,0,0,2,1,0,0,255,255,255,36,2101.901,-라후이-,3,122,-0.187,-0.278,0,-500,0,0,0,0,8,0,CAT tourniquet,175.3,52,0,0,0,0,0,0,0,0,0,-0.031,-36.992,-0.137,-17.676,-17.872,-45.819,-5.767,-62.498,23.678,-48.74,8.157,-67.023,35.7,-81.8,0,-100.6,-50.398,-84.723,0,0,0,0,0,,0,0,0,0,1,0,0,0,0
64,5,1,0,1,2,1,0,0,255,255,255,37,2136.71,-라후이-,3,116,0.334,-0.206,0,-500,0,0,0,1,8,0,CAT tourniquet,175.3,52,0,0,0,0,0,0,0,0,0,0.202,-37.409,0.121,-17.363,-19.216,-47.98,-5.813,-64.229,20.084,-43.676,12.666,-64.371,35.7,-81.8,0,-100.604,-50.302,-84.251,0,0,0,0,0,,0,0,0,0,1,0,0,0,0
65,5,1,0,2,2,1,0,0,255,255,255,38,2159.423,-라후이-,13,112,-4.768,-2.186,3,-390.434,312.348,-0.636,-19.979,0,8,0,CAT tourniquet,175.3,42,0,0,0,0,0,0,0,0,0,-0.092,-36.926,-0.055,-17.579,-19.964,-47.018,-4.168,-63.047,19.5,-42.846,12.814,-64.27,35.7,-81.8,0,-100.6,-50.574,-84.142,0,0,0,0,0,,0,0,0,6,1,0,0,0,0
66,5,1,0,0,2,1,1,0,255,255,255,39,2187.801,-라후이-,3,122,0.124,-0.368,2,-500,0,0,0,1,0,1,IllilliIIIIllil,174.5,52,2188.756,119,143,29,163,84,-59.551,-2.528,-0.292,0.079,-36.805,0,-16.637,-19.163,-46.793,-5.461,-64.291,20.812,-44.952,13.279,-64.21,35.7,-81.8,0,-100.6,-49.675,-86.992,2186.744,0.025,-20.589,2190.769,5,Slaris,1.573,-54.222,0,2,1,0,0.022,-0.02,128
67,5,0,1,0,0,0,0,0,255,255,255,26,2352.038,CAT tourniquet,6,99,1.162,0.091,0,-375.258,0,0,0,0,4,3,ByeolBam,175.3,52,0,0,0,0,0,0,0,0,0,0.242,-37.594,-0.056,-17.283,-19.978,-45.601,-12.848,-64.943,19.074,-47.907,12.426,-65.289,32.427,-87.294,8.492,-102.077,-36.357,-79.839,0,0,0,0,0,,0,0,0,0,1,0,0,0,0
68,5,0,2,1,0,0,0,0,255,255,255,27,2397.92,CAT tourniquet,0,134,-1.548,0.527,4,-179.88,-100.277,0,0,1,4,3,ByeolBam,175.3,52,0,0,0,0,0,0,0,0,0,0.118,-37.458,-0.168,-17.065,-19.823,-45.728,-14.48,-63.378,19.711,-49.751,13.252,-60.548,33.654,-88.335,6.915,-101.526,-37.438,-91.377,0,0,0,0,0,,0,0,0,0,1,0,0,0,0
69,5,0,2,2,0,0,0,0,255,255,255,28,2413.544,CAT tourniquet,6,100,1.424,-0.276,0,-388.421,0,0,0,1,4,3,ByeolBam,175.3,52,0,0,0,0,0,0,0,0,0,0.075,-37.678,-0.021,-17.385,-19.939,-44.677,-14.08,-62.893,18.109,-50.986,13.714,-61.003,32.228,-88.867,5.734,-98.249,-33.295,-85.318,0,0,0,0,0,,0,0,0,0,1,0,0,0,0
70,5,0,0,0,1,0,0,0,255,255,255,29,2493.137,CAT tourniquet,4,111,-1.817,-0.61,1,228.878,0,0,0,0,5,2,눈꽃,184.7,52,0,0,0,0,0,0,0,0,0,0.282,-37.741,-0.091,-17.066,-20.211,-45.407,-10.553,-63.942,23.571,-54.403,12.176,-58.136,37.558,-90.18,-3.869,-113.914,-38.638,-92.554,0,0,0,0,0,,0,0,0,0,1,0,0,0,0
71,5,0,1,0,1,0,0,0,255,255,255,30,2511.609,CAT tourniquet,3,108,-4.571,-1.175,3,372.875,0,-0.609,-20.575,0,5,2,눈꽃,184.7,52,0,0,0,0,0,0,0,0,0,0.285,-37.588,0.001,-17.042,-20.179,-45.376,-10.54,-63.935,23.516,-54.125,11.691,-62.047,36.689,-94.597,4.385,-113.887,-38.851,-94.003,0,0,0,0,0,,0,0,0,6,1,0,0,0,0
72,5,0,0,0,1,1,0,0,11,255,255,31,2548.894,CAT tourniquet,3,112,-0.056,0.393,2,312.673,0,0,0,1,6,1,_Chun,190,90,2549.887,97,111,8,136,130,38.583,3.143,0.495,0.475,-37.268,0.008,-17.21,-18.386,-39.84,-6.586,-62.759,23.491,-54.121,14.373,-61.553,36.669,-88.931,16.589,-112.903,-41.617,-90.181,2554.527,10.616,-133.08,2554.71,7,coder_,10.347,-131.34,0,1,1,0,0.061,-0.053,0
73,5,0,0,0,2,1,0,0,11,255,255,32,2590.689,CAT tourniquet,6,107,1.105,-0.331,0,-486.084,16.965,0,0,0,7,6,Chunsik03,174.5,52,0,0,0,0,0,0,0,0,0,0.224,-37.776,0.048,-16.829,-19.961,-40.51,-6.299,-61.627,21.83,-51.222,11.271,-63.199,34.73,-91.929,-6.737,-109.267,-39.416,-88.31,0,0,0,0,0,,0,0,0,0,1,0,0,0,0
74,5,0,0,1,2,1,0,0,11,255,255,33,2612.169,CAT tourniquet,6,102,4.46,0.653,2,-262.166,0,0,0,1,7,6,Chunsik03,174.5,52,2613.378,143,138,25,164,64,35.029,-41.854,-0.746,0.46,-37.356,0.177,-16.768,-19.613,-40.467,-9.229,-61.663,21.748,-51.413,12.462,-62.337,37.59,-94.031,9.178,-105.831,-39.157,-88.658,0,0,0,2614.927,4,Kr_Luna,29.641,-51.014,0,1,1,0,-0.084,-0.052,0