id,inn,half,ball,strk,out,b1,b2,b3,b1Idx,b2Idx,b3Idx,pCnt,pSec,pName,pType,spdK,zoneX,zoneY,call,sH,sV,plx,plz,bSwing,bIdx,bPos,bName,bHCm,bFps,hSec,rotS,shS,lgS,batSpd,ev,ldeg,sdeg,hPos,PPosX,PPosY,CPosX,CPosY,1BPosX,1BPosY,2BPosX,2BPosY,3BPosX,3BPosY,SSPosX,SSPosY,LFPosX,LFPosY,CFPosX,CFPosY,RFPosX,RFPosY,ltSec,lx,lz,cSec,cPos,cPlr,cx,cz,1BSafe,result,scoreA,scoreB,hMoveX,hMoveY,tag
1,1,1,0,0,0,0,0,0,255,255,255,0,729.392,siesta_aves,0,140,0.067,0.262,0,113.44,-11.788,0,0,1,0,8,-라후이-,180.1,59,0,0,0,0,0,0,0,0,0,-0.014,-37.859,-0.195,-17.132,-20.167,-46.124,-13.2,-64.624,19.238,-45.482,13.993,-62.555,43.461,-85.86,-2.504,-111.661,-36.817,-76.21,0,0,0,0,0,,0,0,0,0,0,0,0,0,0
2,1,1,0,1,0,0,0,0,255,255,255,1,774.588,siesta_aves,0,133,0.482,0.247,0,54.295,-26.665,0,0,0,0,8,-라후이-,180.1,59,0,0,0,0,0,0,0,0,0,-0.098,-37.965,-0.124,-17.038,-20.005,-46.36,-13.719,-64.143,19.117,-46.196,13.301,-62.972,43.437,-85.955,-2.482,-110.667,-38.402,-75.769,0,0,0,0,0,,0,0,0,0,0,0,0,0,0
3,1,1,0,2,0,0,0,0,255,255,255,2,786.836,siesta_aves,0,139,-2.003,-0.168,1,130.328,-5.957,0,0,0,0,8,-라후이-,180.1,59,0,0,0,0,0,0,0,0,0,-0.022,-38.156,-0.134,-17.086,-19.949,-45.942,-13.535,-64.394,18.994,-46.283,9.09,-63.326,43.478,-85.921,-0.986,-111.259,-35.935,-74.495,0,0,0,0,0,,0,0,0,0,0,0,0,0,0
4,1,1,1,2,0,0,0,0,255,255,255,3,798.2,siesta_aves,0,130,-0.859,0.653,2,94.396,33.427,0,0,1,0,8,-라후이-,180.1,59,799.073,101,143,82,151,130,9.53,2.528,0.526,0.129,-36.849,-0.01,-17.402,-19.004,-45.775,-13.796,-64.326,19.163,-46.342,14.202,-62.148,43.459,-85.909,-2.315,-110.808,-37.09,-76.474,801.026,-1.798,-79.08,802.242,7,紅さかな,-2.03,-100.996,1,2,0,0,0,0,0
5,1,1,0,0,0,1,0,0,8,255,255,4,865.337,siesta_aves,4,135,3.812,-0.991,1,-155.529,0,0,0,0,1,1,Kr_Luna,190,59,0,0,0,0,0,0,0,0,0,0.093,-38.205,0,-17.32,-19.144,-39.584,-11.118,-62.856,19.653,-46.589,13.003,-62.393,42.847,-86.71,1.809,-112.802,-38.134,-87.35,0,0,0,0,0,,0,0,0,0,0,0,0,0,0
6,1,1,1,0,0,1,0,0,8,255,255,5,880.131,siesta_aves,4,130,-1.272,0.474,1,-225.654,0,0,0,0,1,1,Kr_Luna,190,59,0,0,0,0,0,0,0,0,0,-0.034,-38.157,-0.148,-17.322,-19.047,-39.574,-11.248,-62.967,19.714,-46.593,11.954,-62.138,42.919,-86.679,1.805,-112.825,-39.401,-87.964,0,0,0,0,0,,0,0,0,0,0,0,0,0,0
7,1,1,2,0,0,1,0,0,8,255,255,6,895.012,siesta_aves,0,132,-0.815,0.649,0,143.165,10.86,0,0,0,1,1,Kr_Luna,190,59,0,0,0,0,0,0,0,0,0,-0.082,-38.315,-0.034,-17.376,-19.326,-39.621,-11.291,-63.057,19.891,-46.026,11.21,-61.697,43.895,-86.777,1.874,-113.177,-39.404,-87.947,0,0,0,0,0,,0,0,0,0,0,0,0,0,0
8,1,1,2,1,0,1,0,0,8,255,255,7,909.112,siesta_aves,3,97,5.252,-2.529,1,-375.845,0,1.232,-22.678,0,1,1,Kr_Luna,190,59,0,0,0,0,0,0,0,0,0,-0.189,-38.066,1.401,-17.224,-19.254,-39.346,-9.714,-62.83,19.739,-45.651,10.526,-62.082,43.9,-86.772,1.455,-113.662,-39.278,-87.782,0,0,0,0,0,,0,0,0,0,0,0,0,0,0
9,1,1,3,1,0,1,0,0,8,255,255,8,939.561,siesta_aves,4,130,-1.263,0.741,2,-186.25,0,0,0,1,1,1,Kr_Luna,190,59,940.351,118,132,78,151,67,35.114,1.071,-0.461,0.004,-36.917,-0.035,-17.312,-19.006,-39.394,-9.677,-61.945,20.439,-46.142,15.928,-61.683,43.685,-86.991,1.042,-112.953,-36.188,-85.68,945.092,-1.175,-71.852,945.392,3,甲斐野柊太,-1.16,-71.007,0,1,0,0,0,0,0
10,1,1,0,0,1,1,0,0,8,255,255,9,973.683,siesta_aves,0,138,2.003,0.395,1,152.408,18.653,0,0,0,2,2,ByeolBam,174.8,59,0,0,0,0,0,0,0,0,0,-0.146,-38.151,-0.079,-17.1,-18.92,-39.935,-11.831,-62.078,20.136,-46.235,11.108,-60.825,40.951,-84.985,-2.657,-112.263,-37.59,-78.981,0,0,0,0,0,,0,0,0,0,0,0,0,0,0
11,1,1,1,0,1,1,0,0,8,255,255,10,987.045,siesta_aves,17,119,-1.146,-1.453,1,-22.991,-88.388,0,0,0,2,2,ByeolBam,174.8,59,0,0,0,0,0,0,0,0,0,-0.238,-37.779,-0.096,-17.132,-19.68,-40.715,-11.806,-62.494,19.891,-46.685,11.584,-62.525,41.516,-84.733,-2.368,-111.568,-37.743,-79.208,0,0,0,0,0,,0,0,0,0,0,0,0,0,0
12,1,1,2,0,1,1,0,0,8,255,255,11,1000.836,siesta_aves,0,132,0.84,0.366,0,137.202,38.396,0,0,0,2,2,ByeolBam,174.8,59,0,0,0,0,0,0,0,0,0,-0.06,-38.423,-0.008,-17.224,-18.647,-39.822,-11.875,-62.346,19.905,-46.649,9.907,-62.301,41.243,-84.824,-2.767,-111.655,-37.72,-79.237,0,0,0,0,0,,0,0,0,0,0,0,0,0,0
13,1,1,2,1,1,1,0,0,8,255,255,12,1016.265,siesta_aves,15,110,0.197,0.207,2,0,-400,0,0,1,2,2,ByeolBam,174.8,59,1017.273,99,198,132,156,114,51.96,-2.543,0.782,0.034,-37.293,0.022,-17.411,-19.195,-39.436,-12.017,-62.366,19.961,-46.695,12.695,-61.915,41.082,-85.15,-2.705,-111.673,-37.731,-79.242,1023.642,9.29,-106.847,1023.826,7,紅さかな,9.109,-105.362,0,1,0,0,0,0,0
14,1,1,0,0,2,1,0,0,8,255,255,13,1060.712,siesta_aves,6,87,1.918,0.154,1,330.786,0,0,0,0,3,3,Gonyong,174.8,59,0,0,0,0,0,0,0,0,0,-0.037,-38.499,-0.162,-17.384,-18.79,-39.707,-11.755,-62.385,19.75,-46.459,12.08,-62.254,41.344,-85.948,-1.007,-109.636,-34.738,-75.05,0,0,0,0,0,,0,0,0,0,0,0,0,0,0
15,1,1,1,0,2,1,0,0,8,255,255,14,1074.739,siesta_aves,0,122,-0.203,0.533,0,71.152,94.177,0,0,0,3,3,Gonyong,174.8,59,0,0,0,0,0,0,0,0,0,0.168,-38.252,-0.123,-17.169,-18.027,-40.081,-11.812,-62.494,19.625,-46.623,11.548,-61.655,41.371,-85.976,-1.115,-108.511,-33.989,-76.306,0,0,0,0,0,,0,0,0,0,0,0,0,0,0
16,1,1,1,1,2,1,0,0,8,255,255,15,1088.605,siesta_aves,0,135,0.476,0.512,0,136.586,-32.018,0.069,-17.849,0,3,3,Gonyong,174.8,59,0,0,0,0,0,0,0,0,0,-0.053,-38.256,-0.479,-16.492,-18.302,-39.734,-11.954,-62.575,19.692,-46.725,11.815,-61.615,41.348,-86.021,-1.27,-110.166,-37.317,-77.43,0,0,0,0,0,,0,0,0,0,0,0,0,0,0
17,1,1,1,2,2,1,0,0,8,255,255,16,1111.319,siesta_aves,3,123,-2.687,-0.139,1,-499.237,-27.621,-1.829,-10.622,0,3,3,Gonyong,174.8,59,0,0,0,0,0,0,0,0,0,0.047,-38.165,-0.731,-16.133,-19.023,-40.214,-11.576,-62.839,19.752,-46.154,9.147,-62.413,40.731,-85.555,-1.566,-110.89,-36.983,-76.451,0,0,0,0,0,,0,0,0,0,0,0,0,0,0
18,1,1,2,2,2,0,1,0,255,8,255,17,1139.983,siesta_aves,0,131,0.196,0.144,2,126.287,32.26,0,0,1,3,3,Gonyong,174.8,59,1140.99,90,81,35,108,64,36.361,-40.871,-0.9,0.217,-37.021,-0.015,-17.353,-20.146,-46.044,-12.899,-65.109,18.865,-45.212,11.425,-61.031,40.646,-87.516,-1.732,-110.382,-37.097,-76.667,1144.909,30.282,-54.732,1147.126,6,sano jpn,39.358,-64.18,1,2,0,0,0,0,0
19,1,1,0,0,2,0,1,1,255,3,8,18,1207.681,siesta_aves,4,118,-1.582,0.803,1,-228.893,0,0,0,0,4,7,눈꽃,170.2,59,0,0,0,0,0,0,0,0,0,0.092,-38.077,-0.093,-17.393,-19.907,-45.588,-2.821,-60.439,19.62,-43.096,13.822,-60.154,43.163,-85.492,2.38,-109.516,-36.509,-78.961,0,0,0,0,0,,0,0,0,0,0,0,0,0,0
20,1,1,1,0,2,0,1,1,255,3,8,19,1219.625,siesta_aves,0,133,-0.182,0.523,0,112.243,-28.097,0,0,1,4,7,눈꽃,170.2,59,0,0,0,0,0,0,0,0,0,-0.009,-38.197,-0.052,-17.408,-19.976,-46.158,-7.08,-62.852,19.531,-43.409,15.671,-61.008,46.476,-87.112,2.591,-113.645,-36.344,-79.998,0,0,0,0,0,,0,0,0,0,0,0,0,0,0
21,1,1,1,1,2,0,1,1,255,3,8,20,1235.127,siesta_aves,3,128,-0.417,0.798,2,-420.111,0,0,0,1,4,7,눈꽃,170.2,59,1236.139,82,168,79,143,63,38.521,-40.089,-0.738,-0.061,-36.882,-0.052,-17.413,-19.747,-45.228,-2.867,-61.176,19.684,-43.783,17.58,-60.703,45.82,-83.041,3.004,-114.703,-34.283,-77.188,0,0,0,1240.376,4,P0TA0,27.661,-51.953,0,1,0,0,0,0,0
22,1,0,0,0,0,0,0,0,255,255,255,0,1378.841,인생최패망자,0,140,1.287,-0.362,1,0,0,0,0,0,0,3,甲斐野柊太,174.6,59,0,0,0,0,0,0,0,0,0,0.129,-37.497,0.067,-17.442,-17.249,-40.167,-16.16,-49.388,23.004,-47.88,13.044,-61.772,42.547,-82.746,-0.04,-106.088,-39.202,-89.046,0,0,0,0,0,,0,0,0,0,0,0,0,0,0
23,1,0,1,0,0,0,0,0,255,255,255,1,1398.094,인생최패망자,3,111,0.988,-0.106,0,-409.748,0,0,0,0,0,3,甲斐野柊太,174.6,59,0,0,0,0,0,0,0,0,0,0.287,-37.529,-0.052,-17.265,-18.908,-44.396,-15.392,-55.726,19.54,-45.27,14.984,-62.317,42.394,-82.559,-0.077,-100.317,-38.152,-79.459,0,0,0,0,0,,0,0,0,0,0,0,0,0,0
24,1,0,1,1,0,0,0,0,255,255,255,2,1414.174,인생최패망자,0,136,-0.285,-0.753,2,0,0,0,0,1,0,3,甲斐野柊太,174.6,59,1415.272,90,223,97,155,57,13.486,25.4,-1,-0.158,-36.864,-0.007,-17.356,-18.907,-45.214,-15.722,-55.817,20.433,-45.112,13.568,-62.377,42.492,-82.683,-0.13,-100.309,-38.224,-80.269,1417.142,-10.086,-40.833,1417.759,2,ByeolBam,-12.024,-44.135,0,2,0,0,0,0,0
25,1,0,0,0,1,0,0,0,255,255,255,3,1446.093,인생최패망자,0,140,1.382,-1.157,1,0,0,0,0,0,1,8,Yaksok~,163.4,59,0,0,0,0,0,0,0,0,0,0.022,-37.583,0.176,-17.332,-18.503,-45.632,-15.766,-60.069,22.235,-46.521,14.918,-63.358,39.471,-85.199,-4.984,-108.289,-37.286,-81.283,0,0,0,0,0,,0,0,0,0,0,0,0,0,0
26,1,0,1,0,1,0,0,0,255,255,255,4,1463.137,인생최패망자,0,140,1.18,-0.36,0,0,0,0,0,0,1,8,Yaksok~,163.4,59,0,0,0,0,0,0,0,0,0,-0.047,-37.632,-0.042,-17.231,-18.519,-45.607,-15.389,-61.156,22.265,-46.585,15.122,-63.854,41.465,-86.83,-4.72,-108.233,-40.461,-82.842,0,0,0,0,0,,0,0,0,0,0,0,0,0,0
27,1,0,1,1,1,0,0,0,255,255,255,5,1478.432,인생최패망자,3,109,-2.587,-0.3,4,-495.455,0,0,0,1,1,8,Yaksok~,163.4,59,0,0,0,0,0,0,0,0,0,-0.054,-37.581,-0.339,-17.102,-20.129,-48.454,-15.379,-61.223,22.278,-46.701,14.697,-63.055,41.101,-87.262,-8.106,-110.567,-44.403,-83.221,0,0,0,0,0,,0,0,0,0,0,0,0,0,0
28,1,0,1,2,1,0,0,0,255,255,255,6,1507.363,인생최패망자,10,102,-0.787,-2.21,2,-4.383,400,0,0,1,1,8,Yaksok~,163.4,61,1508.309,107,183,14,144,88,-64.135,-25.647,0.931,-0.15,-36.962,0.027,-17.088,-18.237,-45.387,-15.345,-61.335,22.272,-46.865,15.041,-63.786,41.169,-87.212,-7.989,-105.595,-43.138,-83.508,1508.476,-0.188,-20.606,1512.442,5,coder_,13.679,-49.515,1,2,0,0,0,0,0
29,1,0,0,0,2,0,0,0,255,255,255,7,1593.386,인생최패망자,3,117,0.272,-0.044,0,-433.442,6.27,0,0,0,2,9,にゃんこ3K,190,59,0,0,0,0,0,0,0,0,0,-0.06,-37.622,-0.058,-17.308,-20.14,-47.906,-16.096,-61.484,22.067,-47.72,15.222,-63.471,41.251,-82.626,-3.301,-108.444,-37.991,-81.455,0,0,0,0,0,,0,0,0,0,0,0,0,0,0
30,1,0,0,1,2,0,0,0,255,255,255,8,1610.787,인생최패망자,13,102,-0.133,-1.474,4,-327.687,353.719,0,0,1,2,9,にゃんこ3K,190,59,0,0,0,0,0,0,0,0,0,0.7,-36.422,0.044,-17.304,-20.176,-47.873,-16.023,-61.537,22.032,-47.719,15.473,-62.639,41.201,-82.508,-0.405,-108.877,-38.703,-83.526,0,0,0,0,0,,0,0,0,0,0,0,0,0,0
31,1,0,0,2,2,0,0,0,255,255,255,9,1626.738,인생최패망자,0,133,1.107,0.323,2,0,0,0,0,1,2,9,にゃんこ3K,190,59,1627.801,108,95,0,135,62,35.28,40.442,-1,-0.214,-36.786,0.021,-17.264,-20.618,-48.537,-15.921,-61.594,21.956,-47.659,15.4,-63.673,41.759,-82.603,-5.172,-107.78,-37.886,-78.361,0,0,0,1631.609,2,ByeolBam,-27.513,-50.593,0,1,0,0,0,0,0
32,2,1,0,0,0,0,0,0,255,255,255,21,1732.662,siesta_aves,0,136,0.971,0.492,0,152.269,6.336,0,0,0,5,6,Dοpi,174.9,59,0,0,0,0,0,0,0,0,0,0.018,-38.144,-0.086,-17.089,-19.97,-45.573,-12.603,-64.836,20.445,-45.921,14.936,-59.876,41.49,-85.445,-4.263,-112.08,-34.096,-72.988,0,0,0,0,0,,0,0,0,0,0,0,0,0,0
33,2,1,0,1,0,0,0,0,255,255,255,22,1745.946,siesta_aves,15,105,-0.418,-0.244,0,0,-400,0,0,0,5,6,Dοpi,174.9,59,0,0,0,0,0,0,0,0,0,-0.078,-37.979,-0.111,-17.107,-20.017,-45.541,-12.512,-64.832,20.691,-46.051,14.761,-61.372,45.132,-87.835,0.401,-112.06,-34.042,-73.736,0,0,0,0,0,,0,0,0,0,0,0,0,0,0
34,2,1,0,2,0,0,0,0,255,255,255,23,1757.352,siesta_aves,0,134,1.132,-0.253,2,160.129,29.691,0,0,1,5,6,Dοpi,174.9,59,1758.382,104,164,9,141,64,36.928,22.69,-0.933,0.091,-36.906,-0.006,-17.409,-20.03,-45.445,-13.069,-64.634,20.626,-46.361,15.579,-60.98,42.136,-86.963,-1.055,-112.085,-34.559,-74.069,0,0,0,1763.059,3,甲斐野柊太,-17.49,-61.496,0,1,0,0,0,0,0
35,2,1,0,0,1,0,0,0,255,255,255,24,1788.25,siesta_aves,0,129,-1.586,-0.021,1,158.305,41.91,0,0,0,6,9,소솨소솨,174.7,59,0,0,0,0,0,0,0,0,0,-0.071,-37.867,-0.104,-17.139,-19.715,-45.981,-13.334,-64.245,20.626,-46.361,13.509,-62.282,44.058,-89.641,-3.623,-111.545,-35.956,-76.023,0,0,0,0,0,,0,0,0,0,0,0,0,0,0
36,2,1,1,0,1,0,0,0,255,255,255,25,1799.425,siesta_aves,0,131,0.038,0.337,0,127.441,9.289,0,0,0,6,9,소솨소솨,174.7,59,0,0,0,0,0,0,0,0,0,0.113,-37.692,-0.016,-17.095,-19.798,-45.851,-13.468,-64.381,-9.308,-12.166,13.564,-59.816,40.64,-82.451,-3.795,-111.465,-35.587,-75.295,0,0,0,0,0,,0,0,0,0,0,0,0,0,0
37,2,1,1,1,1,0,0,0,255,255,255,26,1909.603,siesta_aves,15,99,0.494,0.572,2,0,-400,0,0,1,6,9,소솨소솨,174.7,59,1910.591,126,255,0,145,65,51.358,56.272,1,-0.045,-37.047,-0.003,-17.463,-19.615,-45.143,-13.749,-64.295,19.101,-44.857,16.478,-61.304,42.974,-83.206,-0.337,-110.401,-35.735,-73.137,1915.176,-39.621,-48.484,1917.792,8,Yaksok~,-48.712,-55.218,0,2,0,0,0,0,0
38,2,1,1,2,1,0,0,0,255,255,255,27,1934.981,siesta_aves,0,133,0.13,0.019,2,93.6,-68.29,0,0,1,6,9,소솨소솨,174.7,59,1935.836,41,71,5,20,38,-3.24,17.734,-1,0.118,-36.961,-0.004,-17.499,-22.499,-48.859,-13.516,-63.819,18.413,-42.526,16.544,-61.385,44.781,-87.005,-4.668,-112.289,-35.197,-73.876,1936.509,-1.648,-25.439,1938.192,0,siesta_aves,-4.209,-35.468,0,2,0,0,0,0,0
39,2,1,0,0,2,0,0,0,255,255,255,28,1964.303,siesta_aves,0,122,-0.205,0.239,0,72.204,7.612,0,0,0,7,5,coder_,160,59,0,0,0,0,0,0,0,0,0,-0.029,-36.621,-0.125,-17.208,-18.468,-40.739,-11.846,-56.259,17.04,-44.558,15.504,-60.978,45.112,-85.684,-3.616,-111.807,-36.866,-72.406,0,0,0,0,0,,0,0,0,0,0,0,0,0,0
40,2,1,0,1,2,0,0,0,255,255,255,29,1980.347,siesta_aves,3,128,-0.573,-0.33,0,-413.895,0,0,0,0,7,5,coder_,160,59,0,0,0,0,0,0,0,0,0,-0.109,-38.278,-0.149,-17.159,-14.851,-37.536,-14.659,-63.203,18.136,-44.854,15.347,-60.653,45.114,-85.652,-3.567,-111.752,-37.258,-71.78,0,0,0,0,0,,0,0,0,0,0,0,0,0,0
41,2,1,0,2,2,0,0,0,255,255,255,30,1994.406,siesta_aves,0,129,1.191,-0.203,2,95.432,-24.818,0,0,1,7,5,coder_,160,59,1995.392,115,141,23,143,62,0.228,-12.363,-0.684,0.282,-37.059,-0.036,-17.465,-18.34,-41.369,-14.849,-63.349,18.197,-45.238,15.696,-62.233,45.124,-85.66,-3.541,-112.707,-35.807,-73.603,1996.159,2.072,-30.148,1998.576,5,shimenawa,8.29,-54.265,0,2,0,0,0,0,0
42,2,0,0,0,0,0,0,0,255,255,255,10,2087.241,인생최패망자,14,113,1.566,-0.891,1,396.475,304.644,0,0,0,3,5,shimenawa,174.6,94,0,0,0,0,0,0,0,0,0,0.731,-36.849,0.147,-17.383,-20.044,-47.552,-11.598,-59.833,25.327,-49.929,14.077,-64.329,43.063,-79.215,9.793,-111.578,-32.688,-92.796,0,0,0,0,0,,0,0,0,0,0,0,0,0,0
43,2,0,1,0,0,0,0,0,255,255,255,11,2104.142,인생최패망자,0,130,0.973,-0.869,2,0,0,0,0,1,3,5,shimenawa,174.6,59,2105.306,119,101,34,142,127,36.197,-44.173,0.621,0.03,-37.026,0.104,-17.37,-20.163,-47.599,-12.147,-60.111,24.268,-48.79,15.175,-64.732,43.227,-80.049,9.926,-111.614,-32.448,-93.11,2110.076,71.536,-99.402,0,0,,0,0,0,4,0,0,0,0,0
44,2,0,0,0,0,0,0,0,255,255,255,12,2153.656,인생최패망자,0,140,0.823,0.124,0,0,0,0,0,0,4,4,P0TA0,190,59,0,0,0,0,0,0,0,0,0,-0.186,-37.558,-0.058,-17.393,-19.271,-46.82,-13.943,-61.043,21.761,-46.768,14.031,-62.525,47.528,-86.325,0.31,-108.29,-36.778,-78.807,0,0,0,0,0,,0,0,0,0,0,0,0,0,0
45,2,0,0,1,0,0,0,0,255,255,255,13,2171.602,인생최패망자,3,109,0.182,-0.673,2,-470.771,0,0,0,1,4,4,P0TA0,190,59,2172.739,108,142,40,145,67,30.109,20.073,-1,-0.083,-37.002,0.046,-17.365,-19.308,-46.817,-13.744,-61.05,22.044,-46.594,15.57,-63.194,48.988,-84.969,0.268,-108.282,-35.612,-79.408,0,0,0,2176.976,3,Gonyong,-18.043,-64.191,0,1,0,0,0,0,0
46,2,0,0,0,1,0,0,0,255,255,255,14,2208.032,인생최패망자,3,110,-1.241,-0.378,1,-500,0,0,0,0,5,6,sano jpn,164.7,59,0,0,0,0,0,0,0,0,0,-0.083,-37.44,-0.286,-17.23,-19.477,-46.953,-14.644,-61.311,23.199,-48.511,16.044,-62.188,45.467,-82.813,-7.121,-106.453,-36.451,-78.363,0,0,0,0,0,,0,0,0,0,0,0,0,0,0
47,2,0,1,0,1,0,0,0,255,255,255,15,2225.337,인생최패망자,13,109,-1.595,-2.891,1,-213.016,400,-0.401,-20.354,0,5,6,sano jpn,164.7,59,0,0,0,0,0,0,0,0,0,-0.047,-37.784,0.012,-17.15,-19.486,-46.901,-14.801,-61.292,23.137,-48.421,15.078,-63.662,45.757,-83.22,-7.12,-106.461,-35.654,-78.236,0,0,0,0,0,,0,0,0,0,0,0,0,0,0
48,2,0,2,0,1,0,0,0,255,255,255,16,2239.997,인생최패망자,0,131,2.151,0.934,2,0,0,0,0,1,5,6,sano jpn,164.7,59,2241.061,96,84,31,118,62,-14.372,14.969,-0.966,-0.092,-36.992,0.111,-17.273,-19.461,-46.886,-14.766,-61.367,23.281,-48.544,15.711,-63.155,42.596,-85.161,-6.484,-106.031,-36.114,-77.235,2241.359,-0.419,-22.954,2244.109,3,Gonyong,-9.584,-54.305,0,2,0,0,0,0,0
49,2,0,0,0,2,0,0,0,255,255,255,17,2268.965,인생최패망자,2,98,0.59,1.07,0,-347.842,-312.348,0,0,0,6,7,紅さかな,172.8,59,0,0,0,0,0,0,0,0,0,0.195,-37.475,0.099,-17.243,-19.246,-45.977,-14.264,-61.117,23.254,-48.421,14.49,-62.961,42.843,-83.793,-2.77,-108.369,-35.847,-79.506,0,0,0,0,0,,0,0,0,0,0,0,0,0,0
50,2,0,0,1,2,0,0,0,255,255,255,18,2285.758,인생최패망자,3,106,-2.17,-0.379,1,-462.497,140.174,0,0,0,6,7,紅さかな,172.8,59,0,0,0,0,0,0,0,0,0,0.045,-37.486,-0.522,-17.067,-19.219,-46.082,-14.171,-61.279,23.412,-48.173,12.897,-62.784,43.263,-84.333,-2.227,-108.529,-35.359,-79.974,0,0,0,0,0,,0,0,0,0,0,0,0,0,0
51,2,0,1,1,2,0,0,0,255,255,255,19,2302.73,인생최패망자,0,138,1.581,-0.102,2,0,0,0,0,1,6,7,紅さかな,172.8,59,2303.79,94,99,32,135,64,39.196,49.872,-0.624,-0.276,-36.942,0.124,-17.216,-19.233,-46.078,-14.134,-61.309,23.204,-48.159,15.972,-64.05,43.342,-84.28,-2.233,-108.545,-35.752,-80.165,0,0,0,2307.426,2,ByeolBam,-29.858,-45.064,0,1,0,0,0,0,0
52,3,1,0,0,0,0,0,0,255,255,255,31,2358.244,siesta_aves,3,121,-1.957,0.792,2,-404.967,0,0,0,1,8,4,encounter v,190,59,2359.317,99,108,21,138,65,42.578,15.469,-0.837,0.035,-36.798,-0.058,-17.383,-21.553,-47.846,-11.077,-65.277,19.983,-46.157,16.39,-61.472,42.513,-88.114,2.113,-117.081,-35.175,-77.668,0,0,0,2364.242,3,甲斐野柊太,-10.853,-63.26,0,1,0,0,0,0,0
53,3,1,0,0,1,0,0,0,255,255,255,32,2403.615,siesta_aves,3,128,-1.994,0.427,1,-392.864,0,0,0,0,0,8,-라후이-,180.1,59,0,0,0,0,0,0,0,0,0,-0.032,-37.997,-0.119,-17.171,-19.352,-46.463,-13.108,-63.991,20.328,-46.167,14.366,-61.892,41.827,-89.827,-4.909,-112.454,-35.701,-76.902,0,0,0,0,0,,0,0,0,0,0,0,0,0,0
54,3,1,1,0,1,0,0,0,255,255,255,33,2416.306,siesta_aves,0,133,1.19,0.752,2,130.374,-52.528,0,0,1,0,8,-라후이-,180.1,59,2417.146,112,125,73,149,84,-2.02,-10.155,-0.184,-0.078,-36.8,-0.037,-17.421,-19.256,-46.351,-13.246,-64.133,20.343,-46.184,16.291,-62.118,41.839,-89.854,-4.964,-112.412,-35.597,-76.893,2417.826,2.298,-33.261,2419.642,5,shimenawa,5.964,-60.718,0,2,0,0,0,0,0
55,3,1,0,0,2,0,0,0,255,255,255,34,2442.939,siesta_aves,3,115,0.651,-0.207,0,-407.695,-13.027,0,0,0,1,1,Kr_Luna,190,59,0,0,0,0,0,0,0,0,0,-0.001,-38.328,-0.124,-17.073,-18.579,-45.233,-11.416,-65.116,20.166,-45.381,13.944,-61.757,46.116,-93.387,2.921,-112.154,-33.892,-94.409,0,0,0,0,0,,0,0,0,0,0,0,0,0,0
56,3,1,0,1,2,0,0,0,255,255,255,35,2456.702,siesta_aves,3,118,0.042,0.6,2,-330.213,0,0,0,1,1,1,Kr_Luna,190,59,2457.497,117,125,68,149,111,47.304,-41.713,0.084,0.015,-36.822,-0.056,-17.435,-19.336,-45.507,-11.824,-65.146,20.513,-45.866,15.47,-62.197,45.96,-91.897,2.423,-112.727,-36.375,-91.13,0,0,0,2463.226,6,sano jpn,56.084,-89.279,0,1,0,0,0,0,0
57,3,0,0,0,0,0,0,0,255,255,255,20,2516.926,인생최패망자,10,84,0.546,-1.484,1,0,400,0,0,0,7,1,あおいぬ,190,59,0,0,0,0,0,0,0,0,0,-0.029,-37.635,-0.013,-17.262,-20.218,-48.061,-16.039,-61.577,22.725,-47.833,14.491,-63.445,35.282,-94.629,-11.632,-114.572,-36.766,-80.592,0,0,0,0,0,,0,0,0,0,0,0,0,0,0
58,3,0,1,0,0,0,0,0,255,255,255,21,2534.114,인생최패망자,0,140,0.838,-0.539,2,0,0,0,0,1,7,1,あおいぬ,190,59,2535.165,88,162,43,143,67,10.942,-6.119,-0.944,-0.232,-36.992,0.083,-17.297,-20.264,-48.091,-15.646,-59.869,22.63,-47.711,14.48,-63.354,34.754,-93.103,-7.445,-112.936,-36.742,-80.503,0,0,0,2536.559,0,인생최패망자,1.209,-35.711,0,1,0,0,0,0,0
59,3,0,0,0,1,0,0,0,255,255,255,22,2563.25,인생최패망자,0,131,1.377,0.265,1,0,0,0,0,0,8,2,「yune」,160,59,0,0,0,0,0,0,0,0,0,0.103,-37.207,-0.002,-17.209,-19.595,-47.283,-14.083,-60.353,22.368,-47.633,15.553,-64.455,38.955,-87.82,-3.667,-110.047,-35.628,-81.093,0,0,0,0,0,,0,0,0,0,0,0,0,0,0
60,3,0,1,0,1,0,0,0,255,255,255,23,2578.581,인생최패망자,0,131,1.684,0.368,4,0,0,0.271,-20.206,1,8,2,「yune」,160,59,0,0,0,0,0,0,0,0,0,0.129,-37.362,0.164,-18.228,-20.199,-48.032,-14.071,-60.379,22.212,-47.597,14.954,-63.917,39.617,-86.17,-3.972,-110.055,-37.084,-80.925,0,0,0,0,0,,0,0,0,0,0,0,0,0,0
61,3,0,1,1,1,0,0,0,255,255,255,24,2601.084,인생최패망자,10,85,0.749,-0.085,2,0,400,0,0,1,8,2,「yune」,160,36,2602.098,119,120,38,144,62,-65.616,-48.408,-1,-0.241,-36.94,0.081,-17.276,-20.234,-48.083,-14.089,-60.417,23.031,-47.591,14.953,-63.911,39.571,-86.15,-6.301,-110.537,-37.095,-80.98,2602.209,0.61,-20.984,2606.593,4,encounter v,21.417,-39.962,0,2,0,0,0,0,0
62,3,0,1,2,1,0,0,0,255,255,255,25,2651.384,인생최패망자,0,0,0,0,0,0,0,0,0,1,8,2,「yune」,160,36,2652.219,80,59,7,45,45,-69.391,-56.088,-1,0.035,-36.924,0.141,-17.285,-20.337,-47.575,-12.409,-59.343,20.311,-44.334,16.552,-61.771,39.324,-88.007,-4.936,-108.639,-36.428,-79.351,2652.676,0.404,-19.509,2671.709,-1,버블붐_Bubbleboom,0.365,-37.959,0,3,0,0,0,0,0
63,3,0,1,2,1,0,0,0,255,255,255,26,2675.131,인생최패망자,3,80,-2.308,0.301,4,-358.312,85.251,0,0,1,8,2,「yune」,160,36,0,0,0,0,0,0,0,0,0,-0.025,-37.749,-0.495,-16.825,-19.712,-46.319,-13.21,-57.931,20.058,-44.188,12.08,-64.251,39.616,-87.641,-5.452,-106.685,-43.366,-79.392,0,0,0,0,0,,0,0,0,0,0,0,0,0,0
64,3,0,0,0,2,0,0,0,255,255,255,27,2703.188,인생최패망자,0,137,1.28,-0.637,3,0,0,0.063,-20.566,0,0,3,甲斐野柊太,174.6,59,0,0,0,0,0,0,0,0,0,0.024,-37.588,0.272,-17.425,-18.312,-45.483,-15.034,-61.073,20.432,-45.695,14.794,-63.177,40.511,-85.902,-6.078,-105.958,-35.482,-76.065,0,0,0,0,0,,0,0,0,6,0,0,0,0,0
65,3,0,1,0,2,0,0,0,255,255,255,28,3150.899,인생최패망자,3,98,-2.021,0.858,2,-384.768,0,0,0,1,0,3,甲斐野柊太,174.6,32,3152.16,91,123,89,149,79,44.034,34.728,0.989,-0.052,-37.161,-0.508,-17.124,-20.202,-47.52,-15.167,-59.928,19.964,-45.095,14.676,-64.04,40.989,-89.524,-5.377,-104.813,-36.998,-83.544,0,0,0,3157.726,-1,버블붐_Bubbleboom,-34.782,-66.17,0,1,0,0,0,0,0
66,4,1,0,0,0,0,0,0,255,255,255,36,3207.767,siesta_aves,0,139,0.212,0.16,0,129.467,-33.195,0,0,0,2,2,ByeolBam,174.8,73,0,0,0,0,0,0,0,0,0,0.133,-38.323,-0.081,-17.074,-20.647,-47.58,-13.377,-64.567,20.11,-46.092,12.816,-59.969,42.518,-88.05,-2.758,-111.79,-36.713,-77.487,0,0,0,0,0,,0,0,0,0,0,0,0,0,0
67,4,1,0,1,0,0,0,0,255,255,255,37,3220.568,siesta_aves,0,136,1.173,0.557,2,93.289,-7.281,0,0,1,2,2,ByeolBam,174.8,73,3221.436,104,181,69,151,62,-13.159,-36.09,-0.629,0.225,-36.957,-0.008,-17.433,-20.653,-47.597,-13.382,-64.696,20.726,-46.799,15.966,-60.856,42.592,-88.159,-2.744,-111.735,-36.586,-77.16,3221.859,3.076,-24.468,3224.309,-1,버블붐_Bubbleboom,17.698,-43.619,0,2,0,0,0,0,0
68,4,1,0,0,1,0,0,0,255,255,255,38,3250.733,siesta_aves,13,102,-1.125,-1.119,4,-298.93,382.197,-0.527,-17.675,1,3,3,Gonyong,174.8,59,0,0,0,0,0,0,0,0,0,-0.078,-38.269,-0.37,-17.497,-20.488,-48.113,-13.706,-64.794,20.403,-46.461,13.109,-61.35,44.687,-89.734,0.987,-113.865,-35.171,-74.496,0,0,0,0,0,,0,0,0,0,0,0,0,0,0
69,4,1,0,1,1,0,0,0,255,255,255,39,3267.312,siesta_aves,3,124,-0.322,-0.396,2,-346.607,-10.335,0,0,1,3,3,Gonyong,174.8,59,3268.346,107,125,48,145,64,17.091,34.022,-0.959,0.074,-37.041,-0.055,-17.421,-20.483,-48.114,-13.815,-64.925,19.959,-46.208,15.766,-61.918,44.718,-89.759,2.502,-114.926,-35.223,-74.201,0,0,0,3272.426,-1,버블붐_Bubbleboom,-19.289,-39.344,0,1,0,0,0,0,0
70,4,1,0,0,2,0,0,0,255,255,255,40,3294.099,siesta_aves,5,134,3.98,-0.014,1,-111.519,0,0,0,0,4,7,눈꽃,170.2,59,0,0,0,0,0,0,0,0,0,-0.063,-38.095,0.25,-17.499,-19.557,-47.821,-11.635,-65.347,20.525,-46.342,15.93,-61.117,50.366,-94.731,0.984,-108.098,-37.114,-79.066,0,0,0,0,0,,0,0,0,0,0,0,0,0,0
71,4,1,1,0,2,0,0,0,255,255,255,41,3312.536,siesta_aves,0,132,0.917,-0.051,0,-45.728,0,0,0,1,4,7,눈꽃,170.2,88,0,0,0,0,0,0,0,0,0,-0.079,-38.174,0.046,-17.133,-19.556,-47.781,-11.962,-65.368,20.554,-46.845,15.376,-60.77,50.374,-94.752,2.51,-109.893,-35.915,-77.188,0,0,0,0,0,,0,0,0,0,0,0,0,0,0
72,4,1,1,1,2,0,0,0,255,255,255,42,3330.94,siesta_aves,0,113,1.036,0.314,0,0,-2.487,0,0,1,4,7,눈꽃,170.2,88,0,0,0,0,0,0,0,0,0,-0.063,-38.098,0.112,-17.145,-19.566,-47.802,-12.111,-65.277,20.575,-46.729,13.974,-60.249,50.334,-94.717,2.599,-110.469,-35.871,-77.212,0,0,0,0,0,,0,0,0,0,0,0,0,0,0
73,4,1,1,2,2,0,0,0,255,255,255,43,3346.155,siesta_aves,0,140,-0.158,0.726,0,118.301,-38.415,0,0,1,4,7,눈꽃,170.2,88,0,0,0,0,0,0,0,0,0,-0.074,-38.044,-0.261,-17.589,-19.502,-47.31,-11.997,-65.31,20.446,-46.766,15.281,-59.347,49.426,-92.536,3.771,-112.006,-35.918,-76.859,0,0,0,0,0,,0,0,0,0,0,0,0,0,0
74,4,0,0,0,0,0,0,0,255,255,255,29,3409.404,인생최패망자,0,140,-1.895,0.449,1,104.017,-200,0,0,0,1,8,Yaksok~,163.4,59,0,0,0,0,0,0,0,0,0,-0.148,-37.523,-0.518,-17.131,-20.264,-46.869,-15.666,-61.019,20.227,-46.232,15.25,-64.013,36.635,-83.558,-4.332,-107.231,-39.556,-84.017,0,0,0,0,0,,0,0,0,0,0,0,0,0,0
75,4,0,1,0,0,0,0,0,255,255,255,30,3429.311,인생최패망자,10,109,-0.674,-2.295,1,-3.251,400,0,0,0,1,8,Yaksok~,163.4,59,0,0,0,0,0,0,0,0,0,0.028,-37.396,-0.006,-17.199,-20.322,-46.805,-15.535,-60.316,20.996,-46.38,14.259,-64.102,36.625,-83.549,-3.511,-106.885,-40.995,-84.852,0,0,0,0,0,,0,0,0,0,0,0,0,0,0
76,4,0,2,0,0,0,0,0,255,255,255,31,3444.242,인생최패망자,0,130,0.82,0.061,0,0,0,0,0,0,1,8,Yaksok~,163.4,60,0,0,0,0,0,0,0,0,0,0.086,-37.622,-0.019,-17.214,-20.281,-46.969,-15.492,-60.33,21.029,-46.403,16.251,-64.676,36.608,-83.594,-3.235,-106.632,-41.098,-84.404,0,0,0,0,0,,0,0,0,0,0,0,0,0,0
77,4,0,2,1,0,0,0,0,255,255,255,32,3461.36,인생최패망자,13,105,-2.053,-0.953,1,-372.687,312.348,0,0,0,1,8,Yaksok~,163.4,60,0,0,0,0,0,0,0,0,0,0.044,-37.408,-0.492,-17.105,-20.28,-46.912,-15.502,-60.318,20.981,-46.392,11.875,-65.044,36.617,-83.583,-0.635,-105.43,-42.278,-80.942,0,0,0,0,0,,0,0,0,0,0,0,0,0,0
78,4,0,3,1,0,0,0,0,255,255,255,33,3479.877,인생최패망자,0,138,1.812,0.516,4,0,0,0.695,-19.902,1,1,8,Yaksok~,163.4,60,0,0,0,0,0,0,0,0,0,0.199,-37.489,0.288,-17.887,-20.291,-47.016,-15.579,-60.434,21.155,-46.727,15.491,-63.686,36.827,-85.325,0.034,-105.225,-40.247,-83.747,0,0,0,0,0,,0,0,0,0,0,0,0,0,0
79,4,0,3,2,0,0,0,0,255,255,255,34,3503.191,인생최패망자,10,108,0.929,-0.785,2,0,400,0,0,1,1,8,Yaksok~,163.4,60,3504.119,81,185,41,138,76,-87.335,83.052,-0.156,0.004,-37.093,0.106,-17.115,-20.274,-46.872,-15.597,-60.415,21.222,-46.733,15.619,-63.642,37.801,-84.376,-0.097,-105.393,-42.964,-86.621,3504.393,0.022,-20.206,0,0,,0,0,0,3,0,0,0,0,0
80,4,0,3,2,0,0,0,0,255,255,255,35,3521.42,인생최패망자,0,132,1.379,0.475,2,0,0,0,0,1,1,8,Yaksok~,163.4,60,3522.241,66,54,18,27,43,8.372,-23.818,-0.878,0.001,-36.902,0.069,-17.261,-20.532,-46.869,-16.728,-60.671,21.614,-47.31,15.779,-64.188,38.567,-86.863,-0.625,-106.252,-39.921,-80.313,3523.542,5.142,-30.548,3525.426,-1,버블붐_Bubbleboom,7.138,-38.345,0,2,0,0,0,0,0
81,4,0,0,0,1,0,0,0,255,255,255,36,3553.774,인생최패망자,0,135,0.828,-0.282,0,0,0,0,0,0,2,9,にゃんこ3K,190,59,0,0,0,0,0,0,0,0,0,0.076,-37.441,-0.031,-17.278,-20.32,-47.227,-17.173,-58.025,21.933,-46.888,14.785,-64.334,41.671,-86.003,-1.534,-105.314,-41.466,-87.889,0,0,0,0,0,,0,0,0,0,0,0,0,0,0
82,4,0,0,1,1,0,0,0,255,255,255,37,3571.611,인생최패망자,0,135,1.836,0.599,1,0,0,0,0,0,2,9,にゃんこ3K,190,59,0,0,0,0,0,0,0,0,0,0.066,-37.543,-0.028,-17.166,-20.365,-47.224,-17.153,-58.047,21.99,-46.919,14.532,-64.398,40.259,-88.125,-1.55,-105.316,-39.611,-83.614,0,0,0,0,0,,0,0,0,0,0,0,0,0,0
83,4,0,1,1,1,0,0,0,255,255,255,38,3588.667,인생최패망자,0,137,1.021,0.441,2,0,0,0,0,1,2,9,にゃんこ3K,190,59,3589.732,97,92,24,132,65,42.736,41.593,-0.978,-0.194,-36.959,0.048,-17.172,-20.341,-47.217,-14.898,-60.214,21.939,-46.847,14.94,-64.078,40.236,-88.053,-1.494,-105.325,-39.962,-85.026,3594.393,-33.291,-55.348,3596.709,-1,버블붐_Bubbleboom,-42.433,-64.776,1,2,0,0,0,0,0
84,4,0,0,0,1,1,0,0,9,255,255,39,3628.805,인생최패망자,0,137,-0.194,1.142,2,0,0,0,0,0,3,5,shimenawa,174.6,110,3629.929,25,39,23,6,45,35.365,14.538,0.763,-0.002,-36.902,-0.016,-17.066,-20.529,-44.326,-7.262,-60.591,23.642,-46.844,13.306,-62.665,45.13,-87.343,4.726,-108.673,-35.112,-85.786,0,0,0,3633.426,-1,버블붐_Bubbleboom,-6.375,-41.711,0,1,0,0,0,0,0
85,4,0,0,0,2,1,0,0,9,255,255,40,3663.942,인생최패망자,10,110,0.846,-2.038,1,0,400,0.214,-19.431,0,4,4,P0TA0,190,59,0,0,0,0,0,0,0,0,0,-0.004,-37.782,-0.021,-17.311,-20.895,-42.181,-16.112,-59.633,22.169,-46.387,11.39,-63.929,41.502,-84.809,-0.43,-107.275,-39.423,-80.35,0,0,0,0,0,,0,0,0,0,0,0,0,0,0
86,4,0,1,0,2,1,0,0,9,255,255,41,3682.534,인생최패망자,0,129,0.885,0.339,2,0,0,0,0,1,4,4,P0TA0,190,59,3683.421,119,153,36,147,67,36.931,27.903,-0.945,-0.146,-37.091,0.093,-17.191,-20.395,-43.8,-15.531,-58.989,22.233,-46.399,14.331,-64.793,41.632,-86.192,-0.441,-107.293,-37.758,-80.273,3688.059,-21.58,-65.401,3688.759,-1,버블붐_Bubbleboom,-21.065,-64.369,0,1,0,0,0,0,0
87,5,1,0,0,0,0,0,0,255,255,255,44,3732.133,siesta_aves,15,103,-0.28,0.786,2,0,-398.615,0,0,1,5,6,Dοpi,174.9,59,3733.127,116,171,129,157,110,50.025,-25.237,0.917,-0.141,-37.061,0.017,-17.38,-20.542,-47.104,-14.034,-63.073,19.949,-46.101,15.797,-62.703,40.548,-83.916,-0.977,-112.916,-38.892,-80.793,3739.526,40.82,-93.375,3744.476,-1,버블붐_Bubbleboom,47.73,-106.001,1,2,0,0,0,0,0
88,5,1,0,0,0,0,1,0,255,6,255,45,3779.931,siesta_aves,0,138,0.496,0.581,2,134.549,0.638,0,0,1,6,9,소솨소솨,174.7,59,3780.821,120,193,116,159,113,41.314,32.701,0.247,0.212,-37.059,-0.003,-17.349,-19.741,-46.953,-10.478,-61.411,19.466,-43.531,14.278,-61.356,41.064,-84.436,-1.595,-115.957,-35.21,-74.711,3786.476,-47.022,-102.446,3789.143,-1,버블붐_Bubbleboom,-44.797,-102.266,1,2,0,0,0,0,0
89,5,1,0,0,0,0,1,0,255,255,255,46,3871.321,siesta_aves,3,121,-1.472,-0.011,2,-314.896,0,0,0,1,7,5,coder_,160,59,3872.335,114,163,79,153,98,40.094,18.968,0.925,0.036,-37.123,-0.106,-17.496,-19.077,-46.561,-10.105,-58.357,17.506,-42.344,11.893,-62.574,41.294,-88.54,-1.263,-116.681,-36.231,-73.616,3877.993,-30.439,-90.578,3878.342,-1,버블붐_Bubbleboom,-29.75,-89.075,0,1,0,0,0,0,0
90,5,1,0,0,1,0,1,0,255,255,255,47,3904.391,siesta_aves,0,124,-0.244,0.441,0,-16.913,0,0,0,0,8,4,encounter v,190,59,0,0,0,0,0,0,0,0,0,-0.014,-38.542,-0.085,-16.969,-19.217,-47.251,-9.531,-63.36,20.147,-45.049,14.79,-62.212,43.184,-87.426,0.879,-115.742,-36.917,-78.743,0,0,0,0,0,,0,0,0,0,0,0,0,0,0
91,5,1,0,1,1,0,1,0,255,255,255,48,3923.611,siesta_aves,0,98,-0.851,0.106,0,-30.286,-79.905,0,0,0,8,4,encounter v,190,59,0,0,0,0,0,0,0,0,0,-0.133,-38.116,-0.198,-17.166,-19.116,-46.268,-10.532,-64.197,19.54,-44.124,14.867,-60.497,48.358,-88.566,0.328,-115.358,-36.475,-78.605,0,0,0,0,0,,0,0,0,0,0,0,0,0,0
92,5,1,0,2,1,0,1,0,255,255,255,49,3943.907,siesta_aves,3,120,-1.595,0.306,2,-500,0,0,0,1,8,4,encounter v,190,51,3944.984,126,161,0,143,71,9.994,10.856,-0.322,0.028,-36.718,-0.081,-17.293,-17.916,-44.346,-10.043,-62.565,20.514,-44.843,16.303,-60.644,44.511,-90.015,1.524,-117.222,-37.317,-80.237,3946.692,-3.597,-47.448,3948.326,-1,버블붐_Bubbleboom,-4.326,-58.141,1,2,0,0,0,0,0
93,5,1,0,0,1,0,0,1,255,255,4,50,4000.248,siesta_aves,6,89,2.007,0.473,4,350.738,-84.904,0,0,1,0,8,-라후이-,180.1,59,0,0,0,0,0,0,0,0,0,-0.035,-38.541,0.496,-18.521,-16.579,-44.244,-9.319,-58.165,19.893,-44.33,13.235,-59.366,41.222,-88.258,-2.285,-115.243,-35.617,-77.067,0,0,0,0,0,,0,0,0,0,0,0,0,0,0
94,5,1,0,1,1,0,0,1,255,255,4,51,4019.26,siesta_aves,15,109,-0.474,0.636,0,0,-286.379,0,0,1,0,8,-라후이-,180.1,59,0,0,0,0,0,0,0,0,0,-0.118,-38.533,-0.341,-17.214,-16.979,-45.161,-10.435,-59.859,19.665,-44.585,11.027,-60.309,41.235,-88.272,-0.578,-115.846,-34.919,-74.533,0,0,0,0,0,,0,0,0,0,0,0,0,0,0
95,5,1,0,2,1,0,0,1,255,255,4,52,4035.634,siesta_aves,3,118,-3.558,0.374,4,-401.981,0,0,0,1,0,8,-라후이-,180.1,59,0,0,0,0,0,0,0,0,0,0.008,-38.118,0.391,-18.292,-17.038,-44.948,-9.27,-59.768,20.22,-44.277,11.854,-61.487,41.229,-88.259,-1.382,-117.733,-36.111,-75.631,0,0,0,0,0,,0,0,0,0,0,0,0,0,0
96,5,1,0,0,2,1,0,1,1,255,4,53,4102.563,siesta_aves,6,87,2.763,0.105,2,310.183,0,0,0,1,2,2,ByeolBam,174.8,73,4103.577,61,110,255,63,57,-0.803,-36.792,-0.436,0.215,-37.415,0.016,-17.459,-19.062,-39.434,-7.274,-62.319,19.993,-44.525,10.244,-59.927,42.805,-89.111,-2.143,-116.02,-33.852,-75.811,4104.459,6.473,-29.237,4106.609,-1,버블붐_Bubbleboom,16.007,-42.887,0,2,0,0,0,0,0
97,5,0,0,0,0,0,0,0,255,255,255,42,4166.539,인생최패망자,0,90,-1.97,-0.307,4,0,0,0,0,1,5,6,sano jpn,164.7,59,0,0,0,0,0,0,0,0,0,-0.144,-37.801,0.108,-17.233,-20.149,-47.963,-16.871,-60.992,20.295,-45.36,15.512,-63.738,42.683,-85.84,-0.493,-106.255,-39.731,-85.414,0,0,0,0,0,,0,0,0,0,0,0,0,0,0
98,5,0,0,1,0,0,0,0,255,255,255,43,4186.118,인생최패망자,0,133,0.083,1.352,2,0,0,0,0,1,5,6,sano jpn,164.7,59,4187.224,122,109,29,142,88,21.304,13.498,0.959,-0.124,-37.079,0.071,-17.212,-20.143,-47.969,-16.947,-61.156,20.223,-45.242,15.428,-63.793,42.445,-85.994,-0.227,-105.926,-39.722,-84.976,4190.042,-12.943,-68.55,4199.759,-1,버블붐_Bubbleboom,-23.307,-125.325,1,2,0,0,0,0,0
99,5,0,0,0,0,0,0,1,255,255,15,44,4249.066,인생최패망자,0,136,0.3,1.322,1,0,0,0,0,0,6,7,紅さかな,172.8,59,0,0,0,0,0,0,0,0,0,-0.181,-37.768,0.156,-17.313,-19.913,-48.418,-11.647,-54.985,18.822,-41.372,14.566,-59.875,44.376,-84.351,-0.352,-107.789,-34.934,-84.404,0,0,0,0,0,,0,0,0,0,0,0,0,0,0
100,5,0,1,0,0,0,0,1,255,255,15,45,4323.655,인생최패망자,13,109,-1.893,-0.154,1,-377.278,324.096,0,0,0,6,7,紅さかな,172.8,59,0,0,0,0,0,0,0,0,0,-0.426,-37.135,-0.191,-17.055,-18.912,-46.006,-11.68,-55.663,19.411,-40.868,14.461,-59.85,46.135,-85.529,-2.157,-109.231,-35.336,-87.02,0,0,0,0,0,,0,0,0,0,0,0,0,0,0
101,5,0,2,0,0,0,0,1,255,255,15,46,4346.277,인생최패망자,0,140,1.105,0.334,2,0,0,0,0,1,6,7,紅さかな,172.8,59,4347.369,95,85,22,118,86,-40.994,39.166,0.9,-0.079,-36.99,0.05,-17.216,-19.149,-46.825,-11.572,-54.906,18.169,-41.694,15.184,-60.731,45.314,-85.484,-1.475,-109.707,-36.622,-84.572,4347.593,-0.411,-18.617,4351.209,-1,버블붐_Bubbleboom,0.069,-17.715,0,3,0,0,0,0,0
102,5,0,2,1,0,0,0,1,255,255,15,47,4370.963,인생최패망자,0,134,0.212,1.57,2,0,0,0,0,1,6,7,紅さかな,172.8,62,4372.02,105,158,32,145,107,58.073,39.282,0.077,-0.207,-37.163,0.104,-17.344,-18.951,-47.081,-12.523,-55.408,18.468,-41.055,14.901,-61.514,43.63,-83.945,-1.67,-106.768,-36.172,-86.143,4378.692,-51.999,-68.058,0,0,,0,0,0,3,0,0,0,0,0
103,5,0,2,2,0,0,0,1,255,255,15,48,4404.25,인생최패망자,10,112,-0.266,-1.598,2,0,265.057,0,0,1,6,7,紅さかな,172.8,62,4405.348,117,189,30,148,95,-51.943,53.731,0.953,-0.238,-37.208,-0.005,-17.419,-19.071,-45.76,-13.115,-53.794,17.818,-42.341,15.37,-61.41,44.372,-84.013,-0.877,-103.261,-37.158,-78.943,4405.559,-0.465,-20.819,0,0,,0,0,0,3,0,0,0,0,0
104,5,0,2,2,0,0,0,1,255,255,15,49,4423.555,인생최패망자,0,140,0.697,0.385,0,0,0,0,0,1,6,7,紅さかな,172.8,62,0,0,0,0,0,0,0,0,0,0.209,-37.946,0.063,-17.298,-19.499,-43.999,-14.14,-53.718,18.76,-40.916,15.489,-61.176,45.075,-83.807,-0.083,-104.535,-36.864,-75.78,0,0,0,0,0,,0,0,0,0,0,0,0,0,0
105,5,0,0,0,1,0,0,1,255,255,15,50,4489.369,인생최패망자,0,138,0.815,-0.069,0,0,0,0,0,0,7,1,あおいぬ,190,58,0,0,0,0,0,0,0,0,0,-0.012,-37.821,0.155,-17.319,-17.77,-44.849,-12.056,-53.233,18.795,-40.748,15,-58.717,34.512,-92.553,-6.7,-107.232,-32.268,-77.402,0,0,0,0,0,,0,0,0,0,0,0,0,0,0
106,5,0,0,1,1,0,0,1,255,255,15,51,4512.567,인생최패망자,0,135,0.347,1.235,4,0,0,0,0,1,7,1,あおいぬ,190,58,0,0,0,0,0,0,0,0,0,0.037,-37.697,0.263,-17.364,-18.073,-44.806,-11.549,-55.388,18.401,-41.538,15.497,-60.048,35.201,-92.225,-5.719,-107.005,-35.437,-79.027,0,0,0,0,0,,0,0,0,0,0,0,0,0,0
107,5,0,0,2,1,0,0,1,255,255,15,52,4553.791,인생최패망자,0,140,0.885,-0.58,2,0,0,0,0,1,7,1,あおいぬ,190,58,4554.826,75,152,37,113,67,-1.815,14.734,-0.418,-0.043,-37.07,0.09,-17.229,-19.242,-47.143,-11.431,-55.443,17.297,-42.486,16.621,-58.845,35.04,-93.586,-7.093,-107.683,-36.003,-79.907,4555.376,-2.102,-27.945,4557.676,-1,버블붐_Bubbleboom,-7.509,-50.146,0,2,0,0,0,0,0
108,5,0,0,0,2,0,0,1,255,255,15,53,4591.806,인생최패망자,0,132,0.316,1.257,2,0,0,0,0,1,8,2,「yune」,160,59,4592.649,56,28,1,5,43,-74.848,74.059,-0.804,-0.175,-36.971,0.05,-17.289,-19.241,-47.13,-12.805,-54.873,18.109,-41.014,15.936,-61.85,40.924,-87.866,-0.469,-105.844,-35.906,-83.365,4592.859,-0.924,-19.549,0,0,,0,0,0,3,0,0,0,0,0
109,5,0,0,1,2,0,0,1,255,255,15,54,4615.142,인생최패망자,0,131,-0.25,0.249,2,0,0,0,0,1,8,2,「yune」,160,36,4615.962,119,93,9,137,65,-0.926,-11.512,-1,-0.161,-36.862,0.088,-17.211,-19.778,-47.055,-12.688,-54.945,18.4,-40.737,15.784,-60.568,42.853,-86.95,-0.183,-104.883,-35.049,-82.933,4616.593,2.025,-29.05,4619.109,-1,버블붐_Bubbleboom,8.28,-56.541,0,2,0,0,0,0,0
110,6,1,0,0,0,0,0,0,255,255,255,54,4832.31,siesta_aves,3,120,-0.823,-0.26,0,-447.082,-223.871,0,0,0,3,3,Gonyong,174.8,59,0,0,0,0,0,0,0,0,0,-0.096,-38.542,-0.241,-17.131,-19.718,-45.241,-12.64,-64.812,19.42,-45.747,14.086,-61.375,43.907,-88.622,-0.58,-116.049,-35.262,-77.059,0,0,0,0,0,,0,0,0,0,0,0,0,0,0
111,6,1,0,1,0,0,0,0,255,255,255,55,4849.044,siesta_aves,0,125,2.154,-1.258,4,-43.417,0,0.426,-20.421,1,3,3,Gonyong,174.8,59,0,0,0,0,0,0,0,0,0,-0.052,-38.143,0.027,-18.5,-19.477,-44.905,-12.981,-64.745,19.392,-45.811,10.932,-63.018,43.904,-88.629,-0.606,-116.043,-35.023,-76.08,0,0,0,0,0,,0,0,0,0,0,0,0,0,0
112,6,1,0,2,0,0,0,0,255,255,255,56,4880.954,siesta_aves,6,86,1.861,-0.04,2,333.176,0,0,0,1,3,3,Gonyong,174.8,59,4882.145,80,122,117,120,90,49.024,33.486,0.88,0.029,-37.464,-0.017,-17.396,-20,-46.808,-12.8,-64.903,19.457,-45.901,14.741,-62.158,44.028,-88.595,-2.074,-116.709,-36.347,-78.78,4887.076,-35.47,-77.671,4887.809,0,_이누_,-34.376,-75.655,0,1,0,0,0,0,0
113,6,1,0,0,1,0,0,0,255,255,255,57,4914.108,siesta_aves,3,112,-1.408,0.296,2,-496.277,9.288,0,0,1,4,7,눈꽃,170.2,59,4915.282,130,208,99,159,112,-47.6,-20.75,0.918,0.005,-37.189,-0.052,-17.338,-18.303,-46.895,-11.143,-64.858,19.933,-45.409,15.498,-61.681,44.13,-87.206,-0.194,-112.292,-35.195,-78.24,4915.476,0.028,-22.055,4920.226,6,sano jpn,24.87,-87.479,1,2,0,0,0,0,0
114,6,1,0,0,1,1,0,0,7,255,255,58,4949.313,siesta_aves,0,136,-0.227,0.106,2,85.476,29.377,0,0,1,5,6,Dοpi,174.9,59,4950.326,118,181,47,150,127,56.864,35.728,0.43,0.27,-36.933,0.008,-17.38,-18.052,-40.529,-11.513,-60.833,19.652,-45.776,14.734,-61.565,42.816,-86.757,-0.916,-113.68,-35.3,-78.859,4957.859,-64.049,-87.343,4959.759,8,Yaksok~,-68.533,-91.5,1,2,0,0,0,0,0
115,6,1,0,0,1,1,1,0,6,7,255,59,5037.246,siesta_aves,4,124,-2.884,0.649,1,-237.701,0,0,0,0,6,9,소솨소솨,174.7,59,0,0,0,0,0,0,0,0,0,-0.054,-38.178,-0.156,-17.643,-18.13,-40.152,-8.241,-61.011,19.716,-44.529,11.265,-60.317,41.705,-82.113,-2.911,-113.225,-35.923,-76.362,0,0,0,0,0,,0,0,0,0,0,0,0,0,0
116,6,1,1,0,1,1,1,0,6,7,255,60,5052.705,siesta_aves,0,137,0.692,-0.093,2,92.975,-44.379,0,0,1,6,9,소솨소솨,174.7,59,5053.508,121,158,55,150,58,8.705,1.985,-0.764,0.192,-36.838,-0.039,-17.486,-18.527,-39.384,-10.523,-62.898,19.66,-44.129,15.067,-62.6,41.519,-81.587,-2.085,-112.112,-37.535,-78.078,5055.109,-0.546,-41.236,5057.226,3,甲斐野柊太,-0.42,-57.662,0,2,0,0,0,0,0
117,6,0,0,0,0,0,0,0,255,255,255,0,5197.172,_이누_,0,137,-1.138,-0.226,0,0,0,0,0,0,0,3,甲斐野柊太,174.6,59,0,0,0,0,0,0,0,0,0,-0.205,-37.525,-0.043,-17.13,-19.937,-47.811,-15.761,-59.222,17.065,-43.567,15.156,-63.914,35.114,-91.126,-6.671,-107.353,-39.695,-83.518,0,0,0,0,0,,0,0,0,0,0,0,0,0,0
118,6,0,0,1,0,0,0,0,255,255,255,1,5217.817,_이누_,10,117,0.809,-1.112,1,0,400,0,0,0,0,3,甲斐野柊太,174.6,59,0,0,0,0,0,0,0,0,0,-0.141,-37.643,0.063,-17.128,-20.003,-47.616,-16.994,-61.851,17.658,-44.958,15.2,-62.805,35.128,-91.096,-1.932,-105.347,-36.721,-85.025,0,0,0,0,0,,0,0,0,0,0,0,0,0,0
119,6,0,1,1,0,0,0,0,255,255,255,2,5234.499,_이누_,4,99,2.691,1.42,3,-164.402,0,0.126,-20.521,0,0,3,甲斐野柊太,174.6,59,0,0,0,0,0,0,0,0,0,-0.278,-36.838,-0.048,-17.691,-20.181,-47.921,-16.998,-61.804,18.551,-44.243,14.982,-63.188,35.11,-91.08,-1.676,-105.877,-37.746,-87.442,0,0,0,0,0,,0,0,0,6,0,0,0,0,0
120,6,0,0,0,0,0,1,0,255,12,255,3,5303.837,_이누_,0,140,-0.071,-0.223,2,0,0,0,0,1,1,8,Yaksok~,163.4,59,5304.735,102,129,18,140,68,-2.024,16.518,-1,-0.366,-36.853,0.045,-17.295,-20.061,-48.092,-13.733,-61.132,19.922,-43.453,6.909,-62.993,41.591,-87.231,-0.192,-106.671,-35.502,-79.603,5305.476,-2.698,-28.488,5307.659,3,Gonyong,-9.539,-53.326,0,2,0,0,0,0,0
121,6,0,0,0,2,0,0,0,255,255,255,4,5428.256,_이누_,0,136,0.886,0.614,0,0,0,0,0,0,2,9,にゃんこ3K,190,39,0,0,0,0,0,0,0,0,0,-0.357,-37.211,-0.014,-17.264,-19.957,-47.202,-15.838,-62.496,19.176,-44.454,15.695,-61.652,42.499,-85.122,-0.691,-105.641,-39.12,-78.138,0,0,0,0,0,,0,0,0,0,0,0,0,0,0
122,6,0,0,1,2,0,0,0,255,255,255,5,5449.437,_이누_,0,135,1.479,1.23,1,0,0,1.031,-17.559,0,2,9,にゃんこ3K,190,39,0,0,0,0,0,0,0,0,0,-0.443,-37.413,0.067,-17.109,-19.994,-47.054,-15.889,-62.665,19.783,-44.993,17.017,-62.708,42.47,-85.083,-0.488,-105.721,-38.7,-83.167,0,0,0,0,0,,0,0,0,0,0,0,0,0,0
123,6,0,1,1,2,0,0,0,255,255,255,6,5469.269,_이누_,10,101,1.282,-0.296,1,0,387.618,0,0,0,2,9,にゃんこ3K,190,39,0,0,0,0,0,0,0,0,0,-0.27,-37.435,0.114,-17.244,-19.934,-47.021,-15.762,-62.545,20.023,-44.901,16.435,-63.098,44.066,-86.176,-0.444,-105.74,-37.988,-80.63,0,0,0,0,0,,0,0,0,0,0,0,0,0,0
124,6,0,2,1,2,0,0,0,255,255,255,7,5489.746,_이누_,0,140,-1.667,-0.225,1,0,0,0,0,0,2,9,にゃんこ3K,190,39,0,0,0,0,0,0,0,0,0,-0.669,-37.234,0.103,-17.143,-19.971,-47.153,-15.725,-62.549,20.372,-45.315,16.492,-63.1,44.042,-86.221,-1.627,-110.75,-41.777,-85.098,0,0,0,0,0,,0,0,0,0,0,0,0,0,0
125,6,0,3,1,2,0,0,0,255,255,255,8,5510.03,_이누_,0,140,-1.372,-1.525,4,0,0,0,0,1,2,9,にゃんこ3K,190,39,0,0,0,0,0,0,0,0,0,-0.726,-37.276,0.082,-17.384,-19.802,-46.39,-15.719,-62.586,20.314,-45.227,14.842,-63.871,45.741,-84.446,0.231,-109.763,-37.63,-78.405,0,0,0,0,0,,0,0,0,0,0,0,0,0,0
126,6,0,0,0,2,1,0,0,9,255,255,9,5575.747,_이누_,0,106,0.627,1.752,1,0,0,0,0,0,3,5,shimenawa,174.6,59,0,0,0,0,0,0,0,0,0,-0.431,-37.399,-0.536,-17.362,-19.838,-41.09,-11.529,-61.795,25.855,-49.398,13.422,-63.63,50.917,-85.785,4.32,-112.098,-37.865,-81.605,0,0,0,0,0,,0,0,0,0,0,0,0,0,0
127,6,0,1,0,2,1,0,0,9,255,255,10,5597.173,_이누_,0,140,-1.354,-0.691,2,0,0,0,0,1,3,5,shimenawa,174.6,108,5598.211,117,142,16,143,82,-16.92,31.114,-0.157,-0.661,-36.933,-0.006,-17.243,-20.13,-41.397,-11.01,-60.153,25.807,-49.335,14.891,-63.797,50.941,-85.763,4.314,-112.123,-38.777,-79.411,5598.409,-1.525,-21.407,5600.042,2,ByeolBam,-14.895,-43.717,0,2,0,0,0,0,0
128,7,1,0,0,0,0,0,0,255,255,255,0,5811.77,レビノア,10,98,0.593,-1.754,1,107.609,400,0.187,-18.859,0,7,5,coder_,160,59,0,0,0,0,0,0,0,0,0,-0.086,-37.556,-0.093,-17.113,-19.665,-46.315,-12.301,-64.25,19.82,-45.929,14.043,-62.653,43.812,-87.994,-1.784,-111.974,-37.613,-79.462,0,0,0,0,0,,0,0,0,0,0,0,0,0,0
129,7,1,1,0,0,0,0,0,255,255,255,1,5829.688,レビノア,10,102,0.119,-0.911,2,0,400,0,0,1,7,5,coder_,160,59,5830.847,111,142,46,146,122,-42.909,-23.026,0.69,-0.166,-37.139,-0.026,-17.324,-19.637,-46.165,-12.252,-64.252,19.787,-46.116,14.633,-62.499,43.738,-88.052,-1.466,-112.266,-37.298,-74.706,5831.026,0.293,-21.125,5833.459,5,shimenawa,18.496,-63.9,1,2,0,0,0,0,0
130,7,1,0,0,0,1,0,0,5,255,255,2,5953.461,レビノア,0,129,0.156,0.444,0,57.341,-99.279,0,0,0,8,4,encounter v,190,50,0,0,0,0,0,0,0,0,0,-1.29,-37.892,0.164,-17.734,-17.268,-40.976,-10.503,-62.949,20.45,-45.827,12.516,-59.807,44.692,-86.918,2.257,-114.96,-35.138,-76.52,0,0,0,0,0,,0,0,0,0,0,0,0,0,0
131,7,1,0,1,0,1,0,0,5,255,255,3,6115.599,レビノア,0,140,-3.033,0.646,2,21.406,-100.48,0,0,1,8,4,encounter v,190,59,6116.658,77,85,0,89,89,20.92,-19.771,0.529,-0.218,-36.983,-0.046,-17.427,-18.965,-39.583,-11.214,-63.986,19.491,-44.744,16.442,-60.965,43.55,-86.243,1.85,-115.583,-38.743,-81.111,6120.559,32.494,-78.939,6121.076,6,sano jpn,34.039,-81.312,1,2,0,0,0,0,0
132,7,1,0,0,0,1,1,0,4,5,255,4,6158.55,レビノア,0,119,0.378,0.729,0,0,32.313,0,0,0,0,8,-라후이-,180.1,59,0,0,0,0,0,0,0,0,0,-0.207,-37.461,-0.2,-17.251,-17.94,-40.265,-7.788,-58.878,19.462,-42.359,10.876,-61.25,43.233,-85.289,-2.706,-112.337,-37.538,-79.916,0,0,0,0,0,,0,0,0,0,0,0,0,0,0
133,7,1,0,1,0,1,1,0,4,5,255,5,6178.507,レビノア,1,98,0.653,-0.38,2,0,0,0,0,1,0,8,-라후이-,180.1,59,6179.38,126,140,79,153,130,40.76,-27.345,0.677,-0.418,-36.957,-0.002,-17.319,-18.756,-39.363,-6.966,-61.652,19.751,-42.106,7.161,-60.731,42.545,-85.363,-2.118,-112.506,-36.992,-79.924,6184.943,40.143,-123.221,0,0,,0,0,0,4,0,0,0,0,0
134,7,1,0,0,0,0,0,0,255,255,255,6,6230.752,レビノア,0,135,1.023,1.286,1,24.248,-65.544,0,0,0,1,1,Kr_Luna,190,59,0,0,0,0,0,0,0,0,0,-0.201,-37.7,0.281,-17.428,-19.088,-47.262,-10.772,-64.935,19.656,-44.703,14.525,-61.861,46.818,-90.461,1.331,-116.721,-38.46,-92.695,0,0,0,0,0,,0,0,0,0,0,0,0,0,0
135,7,1,1,0,0,0,0,0,255,255,255,7,6248.459,レビノア,10,128,-0.386,-0.607,2,0,400,0,0,1,1,1,Kr_Luna,190,59,6249.188,123,136,36,146,107,-62.563,-39.686,0.892,-0.357,-36.935,-0.023,-17.377,-19.095,-47.268,-10.916,-65.027,19.632,-44.913,16.042,-61.874,46.777,-90.5,1.349,-116.744,-37.37,-90.505,6249.426,0.245,-21.401,6253.909,5,shimenawa,30.99,-60.659,1,2,0,0,0,0,0
136,7,1,0,0,0,1,0,0,1,255,255,8,6288.091,レビノア,6,118,1.469,-0.014,2,462.541,89.567,0,0,1,2,2,ByeolBam,174.8,59,6289.078,110,207,125,158,58,-32.988,-32.742,-0.657,-0.04,-37.184,0.013,-17.42,-18.945,-39.386,-10.583,-61.788,19.845,-46.123,14.482,-61.305,43.363,-86.45,-2.097,-118.005,-35.352,-78.062,6289.359,1.256,-22.164,6291.859,4,P0TA0,13.894,-43.071,1,2,0,0,0,0,0
137,7,1,0,0,1,1,0,0,2,255,255,9,6322.592,レビノア,11,130,-0.275,-1.303,1,0,186.162,0,0,0,3,3,Gonyong,174.8,59,0,0,0,0,0,0,0,0,0,-0.06,-37.669,-0.204,-17.955,-18.988,-40.828,-9.337,-60.025,19.991,-46.489,10.037,-62.993,39.183,-82.453,-0.586,-112.456,-35.282,-76.52,0,0,0,0,0,,0,0,0,0,0,0,0,0,0
138,7,1,1,0,1,1,0,0,2,255,255,10,6349.675,レビノア,10,129,0.06,0.298,2,0,387.423,-0.111,-19.582,1,3,3,Gonyong,174.8,59,6350.672,88,120,38,140,77,-55.986,12.858,-0.221,-0.229,-37.136,-0.059,-17.337,-18.462,-39.594,-11.551,-60.194,19.663,-45.52,13.497,-60.88,39.943,-83.012,-2.084,-114.607,-35.25,-74.635,6353.042,-13.282,-49.182,6353.643,3,甲斐野柊太,-14.314,-51.528,0,2,0,0,0,0,0
139,7,0,0,0,0,0,0,0,255,255,255,11,6472.512,_이누_,0,139,-0.287,-0.682,0,0,0,0,0,0,4,4,P0TA0,190,59,0,0,0,0,0,0,0,0,0,-0.602,-37.457,0.047,-17.288,-20.551,-47.635,-16.088,-61.034,19.783,-43.835,15.943,-62.96,37.086,-87.927,-0.045,-108.73,-36.736,-84.563,0,0,0,0,0,,0,0,0,0,0,0,0,0,0
140,7,0,0,1,0,0,0,0,255,255,255,12,6491.623,_이누_,0,140,0.965,0.201,0,0,0,0,0,0,4,4,P0TA0,190,59,0,0,0,0,0,0,0,0,0,-0.439,-37.116,0.059,-17.226,-20.52,-47.615,-16.073,-61.014,20.523,-44.188,16.335,-63.182,37.062,-87.866,0.099,-108.775,-36.381,-85.473,0,0,0,0,0,,0,0,0,0,0,0,0,0,0
141,7,0,0,2,0,0,0,0,255,255,255,13,6508.625,_이누_,10,120,-0.375,-1.508,2,0,400,0,0,1,4,4,P0TA0,190,59,0,107,114,0,137,85,-54.035,14.752,-0.057,-0.369,-37.029,0.085,-17.231,-20.54,-47.553,-16.156,-60.977,20.514,-44.092,15.888,-63.319,37.88,-87.636,-0.144,-107.435,-37.823,-82.871,6509.709,-0.158,-20.231,6513.009,3,Gonyong,-8.623,-52.537,0,2,0,0,0,0,0
142,7,0,0,0,1,0,0,0,255,255,255,14,6537.011,_이누_,5,123,-0.384,0.574,0,-121.394,81.886,0,0,0,5,6,sano jpn,164.7,59,0,0,0,0,0,0,0,0,0,-0.322,-37.595,-0.255,-17.151,-20.313,-47.521,-17.43,-59.147,20.319,-45.379,14.656,-62.844,40.354,-88.977,-0.134,-104.4,-36.941,-84.214,0,0,0,0,0,,0,0,0,0,0,0,0,0,0
143,7,0,0,1,1,0,0,0,255,255,255,15,6554.793,_이누_,0,140,0.324,0.145,2,0,0,0,0,1,5,6,sano jpn,164.7,59,6555.78,119,114,19,141,62,-66.483,61.817,-0.651,-0.278,-36.958,0.097,-17.165,-20.326,-47.526,-17.415,-59.002,20.842,-45.127,16.09,-62.865,37.057,-91.425,-2.417,-108.136,-36.508,-86.592,6555.959,-0.65,-19.26,6561.993,3,Gonyong,-34.03,-40.858,0,3,0,0,0,0,0
144,7,0,0,2,1,0,0,0,255,255,255,16,6580.436,_이누_,10,119,0.096,-1.512,2,0,400,0,0,1,5,6,sano jpn,164.7,59,6581.517,128,107,15,140,106,24.042,28.728,0.875,-0.549,-36.874,0.039,-17.224,-19.862,-47.96,-16.867,-59.065,21.596,-46.564,14.127,-63.92,39.874,-93.253,-6.663,-108.382,-37.883,-84.428,6586.776,-56.922,-98.77,6588.809,8,-라후이-,-54.627,-95.818,1,2,0,0,0,0,0
145,7,0,0,0,1,0,1,0,255,15,255,17,6617.718,_이누_,0,137,0.243,0.57,0,0,0,0,0,0,6,7,紅さかな,172.8,62,0,0,0,0,0,0,0,0,0,-0.369,-37.439,0.016,-17.277,-19.919,-47.686,-17.136,-60.619,19.698,-43.221,9.305,-62.18,38.773,-82.833,-8.48,-106.479,-39.856,-86.44,0,0,0,0,0,,0,0,0,0,0,0,0,0,0
146,7,0,0,1,1,0,1,0,255,15,255,18,6635.668,_이누_,13,113,-1.923,-0.94,4,-353.544,353.562,0,0,1,6,7,紅さかな,172.8,62,0,0,0,0,0,0,0,0,0,-0.083,-37.733,-0.365,-17.096,-19.925,-47.687,-16.782,-60.642,21.394,-43.612,10.706,-61.346,38.893,-85.575,-9.411,-106.676,-40.572,-88.644,0,0,0,0,0,,0,0,0,0,0,0,0,0,0
147,7,0,0,2,1,0,1,0,255,15,255,19,6652.852,_이누_,0,130,0.478,2.216,1,0,0,0,0,0,6,7,紅さかな,172.8,62,0,0,0,0,0,0,0,0,0,-0.205,-37.662,0.114,-17.487,-19.99,-46.891,-16.693,-60.826,20.431,-43.855,7.596,-61.597,38.612,-85.11,-5.316,-108.146,-39.939,-90.608,0,0,0,0,0,,0,0,0,0,0,0,0,0,0
148,7,0,1,2,1,0,1,0,255,15,255,20,6673.447,_이누_,11,128,-1.407,-2.693,1,0,217.656,-0.351,-20.473,0,6,7,紅さかな,172.8,62,0,0,0,0,0,0,0,0,0,-0.347,-37.785,0.251,-17.449,-19.891,-45.586,-15.617,-61.43,19.244,-40.232,8.047,-58.251,37.606,-85.215,-8.561,-107.587,-41.329,-88.156,0,0,0,0,0,,0,0,0,0,0,0,0,0,0
149,7,0,2,2,1,0,0,1,255,255,15,21,6695.927,_이누_,0,134,-0.287,0.325,2,0,0,0,0,1,6,7,紅さかな,172.8,62,6696.958,91,120,20,138,119,6.092,4.291,0.208,-0.359,-37.001,0.119,-17.236,-20.121,-48.437,-14.809,-61.7,18.11,-40.679,15.212,-58.629,36.463,-91.032,-2.838,-103.132,-36.098,-83.926,6699.076,-0.623,-76.47,6700.292,7,눈꽃,0.448,-95.334,1,2,0,0,0,0,0
150,7,0,0,0,1,1,0,0,16,255,255,22,6747.594,_이누_,0,137,-1.5,0.42,1,0,0,0,0,0,7,1,あおいぬ,190,59,0,0,0,0,0,0,0,0,0,-0.332,-37.443,-0.432,-17.001,-20.408,-42.217,-11.651,-57.265,20.788,-44.689,10.79,-63.197,35.262,-95.931,-5.632,-111.263,-41.158,-84.39,0,0,0,0,0,,0,0,0,0,0,0,0,0,0
151,7,0,1,0,1,1,0,0,16,255,255,23,6766.117,_이누_,0,132,-0.23,-0.297,0,0,0,0,0,0,7,1,あおいぬ,190,59,0,0,0,0,0,0,0,0,0,-0.314,-37.335,-0.039,-17.408,-20.313,-43.282,-11.324,-56.351,20.549,-47.364,5.173,-62.622,35.166,-95.845,-5.533,-111.383,-38.497,-85.205,0,0,0,0,0,,0,0,0,0,0,0,0,0,0
152,7,0,1,1,1,1,0,0,16,255,255,24,6786.526,_이누_,12,125,-0.518,-0.475,2,0,57.709,0,0,1,7,1,あおいぬ,190,59,6787.588,103,151,0,139,99,-13.394,39.002,0.907,-0.594,-37.089,0.02,-17.229,-20.175,-41.964,-11.271,-56.319,20.62,-47.353,10.801,-62.986,34.564,-97.98,-9.121,-112.489,-42.157,-84.801,6787.893,-2.334,-22.053,6791.443,8,-라후이-,-43.011,-72.677,0,2,0,0,0,0,0
153,7,0,0,0,2,0,1,0,255,16,255,25,6820.422,_이누_,0,133,-0.971,1.683,1,0,0,0,0,0,8,2,「yune」,160,59,0,0,0,0,0,0,0,0,0,-0.142,-37.144,0.017,-17.267,-19.819,-46.656,-13.479,-57.343,19.481,-42.406,10.247,-61.09,35.927,-92.191,-0.206,-106.461,-36.844,-84.446,0,0,0,0,0,,0,0,0,0,0,0,0,0,0
154,7,0,1,0,2,0,1,0,255,16,255,26,6836.142,_이누_,0,124,2,3.308,2,0,0,0,0,0,8,2,「yune」,160,59,6836.954,17,9,0,0,40,22.172,-16.397,-0.436,-0.318,-36.987,0.09,-17.214,-19.838,-46.527,-13.523,-57.32,20.644,-44.317,8.961,-61.399,36.366,-91.551,-1.625,-105.463,-36.619,-84.75,0,0,0,6839.292,0,_이누_,5.369,-36.205,0,1,0,0,0,0,0
155,8,1,0,0,0,0,0,0,255,255,255,11,6946.005,レビノア,10,128,-1.762,-2.802,4,-81.376,397.914,0,0,1,4,7,눈꽃,170.2,89,0,0,0,0,0,0,0,0,0,-0.109,-37.783,-0.276,-17.083,-19.4,-45.625,-11.865,-65.226,19.61,-45.535,16.085,-62.204,40.684,-85.571,1.336,-114.34,-34.261,-77.249,0,0,0,0,0,,0,0,0,0,0,0,0,0,0
156,8,1,0,1,0,0,0,0,255,255,255,12,6963.605,レビノア,10,128,0.093,-1.055,2,0,400,0,0,1,4,7,눈꽃,170.2,89,6964.516,111,174,75,153,111,-8.742,-35.666,0.89,-0.145,-37.077,-0.015,-17.403,-19.489,-45.344,-12.169,-65.301,19.72,-45.218,15.934,-62.667,40.623,-85.599,2.437,-114.717,-34.698,-77.359,6964.843,2.474,-24.164,6967.792,6,sano jpn,35.982,-75.906,1,2,0,0,0,0,0
157,8,1,0,0,0,1,0,0,7,255,255,13,6996.265,レビノア,10,112,0.679,1.242,1,0,400,0,0,0,5,6,Dοpi,174.9,59,0,0,0,0,0,0,0,0,0,0.168,-37.5,0.059,-17.936,-18.947,-40.146,-9.767,-61.526,19.435,-46.211,12.49,-60.112,39.826,-82.524,0.777,-115.901,-33.519,-77.242,0,0,0,0,0,,0,0,0,0,0,0,0,0,0
158,8,1,1,0,0,1,0,0,7,255,255,14,7017.588,レビノア,0,140,0.558,0.543,0,71.132,-200,0,0,1,5,6,Dοpi,174.9,59,0,0,0,0,0,0,0,0,0,-0.038,-37.628,0.179,-17.761,-18.356,-39.527,-10.676,-61.67,20.132,-46.13,11.528,-60.516,40.329,-82.342,-1.302,-113.031,-35.383,-77.469,0,0,0,0,0,,0,0,0,0,0,0,0,0,0
159,8,1,1,1,0,1,0,0,7,255,255,15,7060.494,レビノア,0,140,-0.072,0.638,0,53.62,-137.242,0,0,1,5,6,Dοpi,174.9,59,0,0,0,0,0,0,0,0,0,-0.055,-37.746,0.067,-17.655,-17.928,-40.184,-9.692,-61.726,20.031,-46.516,10.077,-59.764,41.466,-84.302,-1.88,-115.987,-38.533,-79.347,0,0,0,0,0,,0,0,0,0,0,0,0,0,0
160,8,1,1,2,0,1,0,0,7,255,255,16,7082.166,レビノア,10,121,-0.253,1.207,1,0,286.215,0,0,0,5,6,Dοpi,174.9,59,0,0,0,0,0,0,0,0,0,0.143,-37.706,0.107,-17.847,-18.091,-39.709,-10.571,-60.841,19.653,-46.31,10.405,-61.126,40.019,-83.393,-0.71,-115.82,-38.283,-78.164,0,0,0,0,0,,0,0,0,0,0,0,0,0,0
161,8,1,2,2,0,1,0,0,7,255,255,17,7100.782,レビノア,14,116,1.249,-0.825,2,423.842,259.12,0,0,1,5,6,Dοpi,174.9,59,7101.681,117,180,129,158,75,-80.49,-18.445,-0.383,-0.22,-36.918,0.01,-17.441,-19.264,-39.426,-10.645,-61.012,19.646,-45.373,15.83,-60.924,40.033,-83.395,-1.352,-116.558,-39.07,-81.114,7101.926,0.371,-20.052,7107.443,4,P0TA0,8.52,-33.822,1,2,0,0,0,0,0
162,8,1,0,0,0,1,1,0,6,7,255,18,7138.77,レビノア,0,130,-0.896,1.539,1,0,0,0,0,0,6,9,소솨소솨,174.7,59,0,0,0,0,0,0,0,0,0,-0.125,-37.508,-0.108,-17.767,-17.684,-40.3,-8.801,-58.988,18.592,-42.863,11.286,-61.366,39.792,-78.572,-2.73,-112.536,-36.437,-77.76,0,0,0,0,0,,0,0,0,0,0,0,0,0,0
163,8,1,1,0,0,1,1,0,6,7,255,19,7155.896,レビノア,0,134,-0.134,0.446,0,0,0,0,0,0,6,9,소솨소솨,174.7,59,0,0,0,0,0,0,0,0,0,-0.078,-37.63,0.096,-17.297,-18.368,-39.712,-8.86,-61.068,19.712,-42.83,10.157,-62.123,40.386,-81.062,-0.89,-109.906,-38.55,-78.559,0,0,0,0,0,,0,0,0,0,0,0,0,0,0
164,8,1,1,1,0,1,1,0,6,7,255,20,7181.386,レビノア,0,140,0.234,0.861,0,44.696,-186.595,0,0,1,6,9,소솨소솨,174.7,59,0,0,0,0,0,0,0,0,0,0.052,-37.344,1.465,-19.647,-18.711,-39.996,-6.954,-56.211,17.852,-41.489,9.493,-59.905,38.517,-79.883,-3.406,-111.346,-37.237,-76.589,0,0,0,0,0,,0,0,0,0,0,0,0,0,0
165,8,1,1,2,0,1,1,0,6,7,255,21,7201.635,レビノア,10,127,0.4,0.308,2,0,400,0,0,1,6,9,소솨소솨,174.7,59,7202.483,111,189,44,149,123,-46.681,30.854,0.319,-0.165,-37.226,-0.003,-17.332,-19.037,-39.41,-10.538,-60.867,18.858,-43.728,15.268,-61.799,39.958,-81.708,-1.479,-111.564,-37.415,-78.683,7202.726,-0.433,-21.079,7206.01,8,Yaksok~,-26.973,-76.092,1,2,0,0,0,0,0
166,8,1,0,0,0,1,1,1,255,6,7,22,7241.566,レビノア,3,121,0.521,0.338,0,-420.978,0,0,0,0,7,5,coder_,160,59,0,0,0,0,0,0,0,0,0,-0.175,-37.743,-0.43,-17.369,-17.903,-39.767,-9.566,-53.476,18.397,-41.406,12.477,-61.479,40.354,-80.683,-1.396,-110.616,-35.055,-74.633,0,0,0,0,0,,0,0,0,0,0,0,0,0,0
167,8,1,0,1,0,1,1,1,255,6,7,23,7258.68,レビノア,0,128,1.451,-2.97,2,67.488,71.5,0.35,-21.188,1,7,5,coder_,160,59,7259.673,96,179,18,142,119,-60.653,-34.952,0.645,-0.472,-37.329,-0.042,-17.356,-16.505,-39.719,-8.966,-54.805,18.97,-40.772,17.779,-60.863,40.348,-80.697,-2.164,-111.19,-37.38,-79.437,7259.926,0.379,-20.134,7263.243,5,shimenawa,26.508,-57.424,1,2,0,0,0,0,0
168,8,1,0,0,0,1,1,1,5,255,6,24,7306.404,レビノア,10,117,1.283,-0.339,4,-43.223,400,0,0,1,8,4,encounter v,190,59,0,0,0,0,0,0,0,0,0,0.011,-37.758,0.211,-17.658,-17.701,-40.551,-4.613,-55.462,19.13,-41.271,13.792,-60.925,41.711,-86.162,0.777,-113.464,-34.059,-78.459,0,0,0,0,0,,0,0,0,0,0,0,0,0,0
169,8,1,0,1,0,1,1,1,5,255,6,25,7325.621,レビノア,12,101,0.258,0.348,2,-7.945,71.406,0,0,1,8,4,encounter v,190,59,7326.806,97,145,0,138,130,35.307,12.818,0.553,-0.425,-37.4,-0.103,-17.453,-17.791,-40.401,-6.985,-57.874,18.792,-41.195,17.274,-61.657,41.689,-86.146,0.733,-113.451,-34.767,-79.574,7333.442,-5.96,-138.331,0,0,,0,0,0,4,0,0,0,0,0
170,8,1,0,0,0,0,0,0,255,255,255,26,7457.916,レビノア,0,129,-1.081,1.949,1,0,0,0,0,0,0,8,-라후이-,180.1,59,0,0,0,0,0,0,0,0,0,-0.225,-37.693,-0.531,-17.188,-19.096,-45.25,-9.625,-51.834,19.613,-44.772,13.36,-61.182,40.853,-89.696,-0.325,-112.504,-35.002,-77.179,0,0,0,0,0,,0,0,0,0,0,0,0,0,0
171,8,1,1,0,0,0,0,0,255,255,255,27,7509.723,レビノア,11,126,-0.268,-0.736,2,0,237.236,0,0,1,0,8,-라후이-,180.1,59,7510.494,103,114,37,142,65,-36.125,12.667,-1,-0.329,-36.78,-0.01,-17.426,-18.279,-44.08,-8.584,-49.987,16.986,-42.033,15.431,-61.75,41.237,-88.104,-0.25,-111.487,-35.116,-75.787,7510.76,-0.308,-21.623,7513.176,3,甲斐野柊太,-6.557,-46.823,0,2,0,0,0,0,0
172,8,1,0,0,1,0,0,0,255,255,255,28,7543.627,レビノア,10,123,3.463,-2.529,1,0,400,0.446,-28.227,0,1,1,Kr_Luna,190,59,0,0,0,0,0,0,0,0,0,0.332,-37.418,0.885,-17.727,-18.887,-45.693,-11.826,-64.698,19.712,-45.651,16.468,-62.35,46.12,-90.338,2.704,-117.879,-41.022,-98.156,0,0,0,0,0,,0,0,0,0,0,0,0,0,0
173,8,1,1,0,1,0,0,0,255,255,255,29,7567.779,レビノア,0,123,0.059,0.288,2,31.981,-131.969,0,0,1,1,1,Kr_Luna,190,59,7568.542,125,154,64,152,76,-25.08,-42.696,1,-0.297,-37.064,-0.021,-17.399,-19.192,-46.931,-11.805,-64.714,19.682,-45.669,17.278,-61.09,46.106,-90.321,2.685,-117.863,-39.26,-93.364,7568.909,2.134,-23.702,7570.76,4,P0TA0,18.891,-41.954,1,2,0,0,0,0,0
174,8,1,0,0,1,1,0,0,1,255,255,30,7602.314,レビノア,0,128,1.509,1.389,1,89.646,-169.53,0,0,0,2,2,DoYaGee,190,39,0,0,0,0,0,0,0,0,0,0.031,-37.919,0.06,-17.956,-18.617,-40.199,-11.043,-60.119,19.554,-45.135,11.126,-60.756,40.783,-86.5,-2.513,-118.214,-38.349,-79.826,0,0,0,0,0,,0,0,0,0,0,0,0,0,0
175,8,1,1,0,1,1,0,0,1,255,255,31,7625.763,レビノア,0,136,0.578,1.04,4,68.122,-146.505,0,0,1,2,2,DoYaGee,190,39,0,0,0,0,0,0,0,0,0,0.063,-37.811,0.104,-17.42,-18.495,-39.591,-11.103,-59.893,19.745,-45.497,9.213,-61.136,39.59,-84.917,-2.462,-118.163,-37.485,-78.313,0,0,0,0,0,,0,0,0,0,0,0,0,0,0
176,8,1,1,1,1,1,0,0,1,255,255,32,7648.788,レビノア,10,120,-0.541,0.394,0,0,312.796,-0.271,-17.672,1,2,2,DoYaGee,190,39,0,0,0,0,0,0,0,0,0,0.206,-37.737,-0.531,-17.67,-18.773,-39.498,-9.788,-59.83,19.914,-45.444,10.751,-61.738,39.583,-84.925,-3.402,-116.993,-38.028,-79.066,0,0,0,0,0,,0,0,0,0,0,0,0,0,0
177,8,1,1,2,1,1,0,0,1,255,255,33,7669.787,レビノア,10,127,0.076,-0.931,2,0,400,0,0,1,2,2,DoYaGee,190,39,7670.744,113,169,49,149,118,29.446,14.475,0.729,-0.158,-37.172,0.005,-17.33,-18.44,-39.561,-9.709,-59.887,19.864,-45.415,12.283,-60.859,39.606,-84.927,-3.194,-118.198,-36.512,-79.355,7676.409,-36.082,-120.379,7680.326,7,紅さかな,-24.469,-113.483,1,2,0,0,0,0,0
178,8,1,0,0,1,0,1,1,255,2,1,34,7720.833,レビノア,0,136,0.39,1.268,1,49.916,-144.139,0,0,0,3,3,Gonyong,174.8,59,0,0,0,0,0,0,0,0,0,-0.294,-37.781,-0.133,-17.149,-19.495,-47.176,-10.43,-58.543,19.468,-41.168,10.989,-61.15,39.027,-82.002,-2.234,-117.619,-39.157,-78.611,0,0,0,0,0,,0,0,0,0,0,0,0,0,0
179,8,1,1,0,1,0,1,1,255,2,1,35,7739.074,レビノア,0,140,-1.16,-1.057,2,101.623,-51.285,0,0,1,3,3,Gonyong,174.8,59,7739.918,100,147,26,142,64,-7.79,16.678,-0.93,-0.165,-37.07,-0.049,-17.374,-18.776,-47.28,-10.252,-58.713,18.999,-41.019,18.074,-59.995,39.029,-82.008,-2.251,-117.599,-37.755,-79.233,7740.326,-1.082,-23.391,7742.859,3,甲斐野柊太,-7.375,-50.005,1,2,0,0,0,0,0
180,8,1,0,0,2,1,1,0,3,2,255,36,7826.79,レビノア,0,140,1.438,1.041,4,84.422,-85.382,0,0,1,4,7,눈꽃,170.2,59,0,0,0,0,0,0,0,0,0,-0.164,-37.567,0.21,-17.374,-18.968,-39.434,-9.701,-62.09,19.629,-44.238,16.46,-61.138,40.259,-82.02,2.422,-117.149,-34.361,-77.033,0,0,0,0,0,,0,0,0,0,0,0,0,0,0
181,8,1,0,1,2,1,1,0,3,2,255,37,7845.604,レビノア,0,140,0.546,0.98,0,-12.017,-200,0,0,1,4,7,눈꽃,170.2,59,0,0,0,0,0,0,0,0,0,-0.111,-37.75,0.167,-17.331,-19.538,-40.129,-10.861,-60.927,19.58,-43.336,16.276,-59.516,40.25,-81.997,2.12,-117.763,-34.331,-77.035,0,0,0,0,0,,0,0,0,0,0,0,0,0,0
182,8,1,0,2,2,1,1,0,3,2,255,38,7870.42,レビノア,0,132,1.627,1.432,2,91.712,-99.433,0,0,1,4,7,눈꽃,170.2,59,7871.394,86,143,77,147,116,38.494,33.374,0.634,-0.148,-37.195,-0.022,-17.37,-19.066,-39.473,-10.755,-60.991,19.811,-44.182,17.364,-61.13,40.246,-82.001,5.647,-111.806,-34.762,-76.986,7876.859,-55.988,-101.683,7878.743,8,Yaksok~,-51.792,-98.404,1,2,0,0,0,0,0
183,8,0,0,0,0,0,0,0,255,255,255,0,8014.887,-Alta-,0,140,0.334,0.317,2,-45.914,-49.449,0,0,1,0,3,甲斐野柊太,174.6,59,8016.017,98,155,75,150,77,41.789,38.759,-0.196,0.329,-36.843,0.052,-17.263,-20.215,-45.642,-16.462,-62.379,21.128,-46.913,13.951,-60.43,41.535,-85.574,-0.222,-108.364,-45.382,-86.619,8020.959,-35.397,-68.69,8021.343,8,-라후이-,-35.853,-69.329,1,2,0,0,0,0,0
184,8,0,0,0,0,0,1,0,255,12,255,1,8093.689,-Alta-,0,125,-0.42,0.979,0,-3.801,-95.215,0,0,0,1,8,Yaksok~,163.4,59,0,0,0,0,0,0,0,0,0,0.061,-36.705,-0.092,-17.31,-20.364,-43.869,-14.421,-59.424,19.811,-42.783,4.827,-61.359,39.11,-86.905,-0.022,-107.911,-36.768,-79.373,0,0,0,0,0,,0,0,0,0,0,0,0,0,0
185,8,0,0,1,0,0,1,0,255,12,255,2,8109.197,-Alta-,0,128,0.199,0.798,0,-4.48,-112.153,0,0,0,1,8,Yaksok~,163.4,59,0,0,0,0,0,0,0,0,0,0.167,-37.075,-0.027,-17.497,-19.968,-42.433,-14.07,-59.522,19.711,-41.035,4.888,-61.742,39.311,-88.304,-0.103,-107.834,-39.991,-83.47,0,0,0,0,0,,0,0,0,0,0,0,0,0,0
186,8,0,0,2,0,0,1,0,255,12,255,3,8130.081,-Alta-,14,106,-3.412,-0.704,4,-376.237,312.348,0,0,1,1,8,Yaksok~,163.4,59,0,0,0,0,0,0,0,0,0,-0.604,-34.594,-0.25,-17.169,-19.817,-42.09,-15.623,-60.846,20.149,-42.868,5.544,-61.384,39.213,-88.027,-0.254,-106.546,-42.817,-82.414,0,0,0,0,0,,0,0,0,0,0,0,0,0,0
187,8,0,0,0,1,0,1,0,255,12,255,4,8165.936,-Alta-,0,119,-5.007,15.616,1,84.37,-103.623,0,0,0,2,9,にゃんこ3K,190,59,0,0,0,0,0,0,0,0,0,-0.822,-38.016,-0.956,-12.683,-19.48,-41.788,-14.603,-61.476,19.675,-41.463,8.041,-60.623,36.115,-91.15,-2.95,-110.721,-41.542,-79.086,0,0,0,0,0,,0,0,0,0,0,0,0,0,0
188,8,0,1,0,1,0,0,1,255,255,255,5,8226.045,-Alta-,0,123,0.11,0.768,2,-10.844,-74.764,0,0,1,2,9,にゃんこ3K,190,59,8227.178,100,98,38,139,66,29.551,36.113,-0.875,0.298,-36.818,0.139,-17.2,-20.299,-43.232,-14.587,-61.59,18.329,-41.39,14.108,-61.245,37.494,-88.848,-1.426,-109.652,-40.177,-86.705,0,0,0,8230.942,3,Gonyong,-27.01,-53.91,0,1,0,0,0,0,0
189,8,0,0,0,2,0,0,1,255,255,255,6,8315.376,-Alta-,0,130,0.019,1.447,1,-1.197,-161.658,0,0,0,3,5,shimenawa,174.6,106,0,0,0,0,0,0,0,0,0,0.289,-38.52,0.283,-17.359,-20.485,-45.386,-14.759,-58.063,19.1,-40.631,16.346,-62.266,50.114,-87.841,16.255,-115.925,-27.499,-94.068,0,0,0,0,0,,0,0,0,0,0,0,0,0,0
190,8,0,1,0,2,0,0,1,255,255,12,7,8408.253,-Alta-,0,128,-0.539,-0.151,2,-18.838,-65.28,0,0,1,3,5,shimenawa,174.6,106,8409.367,107,119,35,143,91,37.47,29.169,-0.026,0.09,-36.685,0.011,-17.252,-20.911,-47.992,-14.775,-60.799,19.3,-41.118,16.334,-61.75,46.558,-86.428,5.831,-112.233,-29.547,-90.993,0,0,0,8414.343,8,-라후이-,-30.243,-83.384,0,1,0,0,0,0,0
191,9,1,0,0,0,0,0,0,255,255,255,0,8709.472,甲斐野柊太,0,126,0.908,-0.889,2,0,0,0.177,-19.567,1,5,6,Dοpi,174.9,59,8710.459,105,123,0,137,72,-53.565,7.32,-0.274,-0.235,-36.966,-0.008,-17.35,-22.182,-47.307,-13.837,-62.035,18.688,-46.224,13.772,-62.529,39.134,-84.705,-2.283,-111.733,-36.667,-82.322,8712.727,-10.278,-47.379,8713.493,3,「yune」,-12.302,-52.986,0,2,0,0,0,0,0
192,9,1,0,0,1,0,0,0,255,255,255,1,8738.06,甲斐野柊太,0,129,-4.779,3.087,1,0,0,-2.832,-7.206,0,6,9,소솨소솨,174.7,59,0,0,0,0,0,0,0,0,0,-0.221,-36.889,-0.318,-17.323,-22.309,-47.867,-13.727,-62.059,19.141,-46.317,15.019,-61.756,40.21,-86.568,-2.455,-113.647,-36.731,-82.157,0,0,0,0,0,,0,0,0,0,0,0,0,0,0
193,9,1,1,0,1,0,0,0,255,255,255,2,8756.024,甲斐野柊太,1,86,1.967,-1.63,1,0,0,0,0,0,6,9,소솨소솨,174.7,59,0,0,0,0,0,0,0,0,0,-0.172,-37.519,-0.01,-17.163,-21.443,-44.46,-14.319,-61.074,19.022,-46.283,14.036,-62.842,40.335,-85.87,-2.351,-114.372,-35.86,-80.453,0,0,0,0,0,,0,0,0,0,0,0,0,0,0
194,9,1,2,0,1,0,0,0,255,255,255,3,8770.113,甲斐野柊太,0,140,2.185,0.614,2,0,0,0,0,1,6,9,소솨소솨,174.7,59,8771.026,71,76,19,71,61,-16.426,32.444,-0.388,-0.323,-37.089,0.004,-17.387,-22.108,-46.515,-13.941,-62.903,19.263,-45.42,15.084,-62.792,40.736,-86.361,-2.247,-114.601,-35.455,-81.986,8771.409,-1.521,-22.609,8773.876,2,レビノア,-14.97,-42.951,0,2,0,0,0,0,0
195,9,1,0,0,2,0,0,0,255,255,255,4,8800.435,甲斐野柊太,0,129,0.242,1.989,2,0,0,0,0,1,7,5,coder_,160,59,8801.523,99,104,45,142,119,52.321,27.769,0.384,-0.295,-37.062,-0.014,-17.442,-24.446,-48.377,-15.15,-58.406,19.284,-46.352,15.244,-62.542,39.787,-86.015,-3.111,-113.713,-39.56,-76.061,8808.56,-50.064,-94.739,8808.709,8,Yaksok~,-49.279,-93.631,0,1,0,0,0,0,0
196,9,0,0,0,0,0,0,0,255,255,255,0,8904.057,Apple_Sherbet,0,140,1.119,0.298,0,52.99,-200,0,0,0,4,4,P0TA0,190,59,0,0,0,0,0,0,0,0,0,0.355,-37.105,-0.026,-17.134,-21.541,-48.736,-15.775,-61.414,21.629,-45.945,15.244,-62.874,34.343,-87.567,-0.211,-127.359,-40.905,-92.259,0,0,0,0,0,,0,0,0,0,0,0,0,0,0
197,9,0,0,1,0,0,0,0,255,255,255,1,8919.732,Apple_Sherbet,10,128,-1.425,-2.211,4,0,400,-0.384,-19.599,1,4,4,P0TA0,190,59,0,0,0,0,0,0,0,0,0,0.262,-37.283,-0.192,-17.096,-21.08,-46.318,-15.026,-60.338,21.435,-46.016,13.229,-62.885,30.42,-90.381,0.127,-110.834,-41.158,-91.227,0,0,0,0,0,,0,0,0,0,0,0,0,0,0
198,9,0,0,2,0,0,0,0,255,255,255,2,8936.919,Apple_Sherbet,10,112,0.376,-0.737,2,0,400,0,0,1,4,4,P0TA0,190,59,8937.901,109,123,0,138,66,-5.795,-7.184,-1,-0.338,-36.847,-0.002,-17.143,-21.735,-47.583,-14.98,-60.379,21.46,-46.043,14.608,-62.544,30.353,-90.22,0.1,-110.85,-40.897,-90.707,8938.343,0.761,-25.398,8942.076,5,coder_,10.595,-66.335,1,2,0,0,0,0,0
199,9,0,0,0,0,0,1,0,255,13,255,3,9156.656,Apple_Sherbet,3,90,0.445,0.379,0,-331.608,162.281,0,0,0,5,6,sano jpn,164.7,59,0,0,0,0,0,0,0,0,0,0.135,-37.259,0.078,-17.254,-19.968,-43.415,-17.838,-60.771,20.391,-41.255,11.712,-62.325,44.503,-87.614,0.033,-114.574,-35.575,-80.777,0,0,0,0,0,,0,0,0,0,0,0,0,0,0
200,9,0,0,1,0,0,1,0,255,13,255,4,9174.117,Apple_Sherbet,10,127,-1.168,-1.611,1,0,400,0,0,0,5,6,sano jpn,164.7,59,0,0,0,0,0,0,0,0,0,0.264,-37.309,-0.179,-17.16,-20.698,-45.455,-15.208,-59.229,20.283,-42.917,7.497,-63.568,34.844,-89.175,0.02,-114.576,-40.167,-82.831,0,0,0,0,0,,0,0,0,0,0,0,0,0,0
201,9,0,1,1,0,0,1,0,255,13,255,5,9196.59,Apple_Sherbet,0,138,-1.472,1.434,4,-94.679,-200,0,0,1,5,6,sano jpn,164.7,59,0,0,0,0,0,0,0,0,0,0.047,-37.004,0.023,-17.186,-21.221,-43.837,-13.297,-59.05,21.036,-43.126,9.131,-62.509,34.095,-87.763,-0.677,-114.296,-43.859,-82.11,0,0,0,0,0,,0,0,0,0,0,0,0,0,0
202,9,0,1,2,0,0,1,0,255,13,255,6,9213.973,Apple_Sherbet,13,98,-1.726,-1.51,4,-309.964,359.1,0,0,1,5,6,sano jpn,164.7,59,0,0,0,0,0,0,0,0,0,0.212,-37.176,-0.232,-17.178,-19.857,-43.092,-12.969,-59.088,20.624,-44.025,6.085,-60.88,35.46,-89.184,-1.14,-114.218,-41.719,-84.43,0,0,0,0,0,,0,0,0,0,0,0,0,0,0
203,9,0,0,0,1,0,1,0,255,13,255,7,9250.555,Apple_Sherbet,14,90,-0.963,-0.797,0,319.446,312.348,0,0,0,6,7,紅さかな,172.8,59,0,0,0,0,0,0,0,0,0,0.031,-37.37,0.058,-17.178,-21.501,-46.427,-13.092,-61.452,20.601,-42.996,6.314,-61.02,33.525,-86.131,-1.127,-108.347,-47.047,-86.41,0,0,0,0,0,,0,0,0,0,0,0,0,0,0
204,9,0,0,1,1,0,1,0,255,13,255,8,9268.458,Apple_Sherbet,0,140,-1.987,-2.763,2,85.819,-200,-0.609,-20.562,1,6,7,紅さかな,172.8,59,9269.492,117,207,47,152,108,-23.812,20.068,0.908,-0.164,-37.161,-0.007,-17.264,-22.268,-46.94,-13.109,-61.741,21.199,-45.808,8.768,-61.959,33.611,-86.495,-1.203,-108.578,-45.262,-88.053,9269.709,-0.959,-21.155,9271.643,3,Gonyong,-14.279,-57.702,0,2,0,0,0,0,0
205,9,0,0,0,2,0,0,1,255,255,13,9,9302.014,Apple_Sherbet,13,126,-2.35,-2.162,4,-347.101,359.89,0,0,1,7,1,あおいぬ,190,59,0,0,0,0,0,0,0,0,0,0.244,-37.274,-0.15,-17.104,-20.157,-46.145,-14.513,-60.805,19.072,-40.973,14.569,-60.627,32.183,-93.848,-11.426,-117.671,-45.963,-84.678,0,0,0,0,0,,0,0,0,0,0,0,0,0,0
206,9,0,0,1,2,0,0,1,255,255,13,10,9318.139,Apple_Sherbet,13,127,-1.979,-1.572,2,-224.126,400,0,0,1,7,1,あおいぬ,190,59,9319.212,95,230,40,148,130,-21.836,32.983,0.73,-0.121,-36.926,-0.265,-17.047,-21.128,-47.476,-14.526,-60.776,18.47,-42.157,14.048,-64.201,27.84,-95.843,-11.424,-117.698,-45.724,-84.827,9319.409,-1.095,-21.528,9322.227,8,-라후이-,-37.863,-79.969,0,2,0,0,0,0,0