id,inn,half,scoreA,scoreB,ball,strk,out,b1,b2,b3,b1Idx,b2Idx,b3Idx,pCnt,pSec,pName,pHand,pType,spdK,zoneX,zoneY,call,sH,sV,plx,plz,bSwing,bIdx,bPos,bZone,bName,bHCm,bFps,hSec,rotS,shS,lgS,batSpd,ev,ldeg,sdeg,hPos,hMoveX,hMoveY,stayCon,PPosX,PPosY,CPosX,CPosY,1BPosX,1BPosY,2BPosX,2BPosY,3BPosX,3BPosY,SSPosX,SSPosY,LFPosX,LFPosY,CFPosX,CFPosY,RFPosX,RFPosY,ltSec,lx,lz,cSec,cPos,cPlr,cx,cz,1BSafe,tag,cpSec,sb2Sec,sb3Sec,sbhSec,ass,result
1,1,1,0,0,0,0,0,0,0,0,255,255,255,0,1000.959,Riyaj,R,0,137,-1.003,-0.056,2,24.581,-150.619,0,0,1,0,7,R,mungjungh,160,77,1001.909,190,102,0,136,100,41.008,27.023,-0.09,-0.063,-0.066,0.177,-0.491,-36.89,0.019,-17.055,-22.096,-47.417,-13.712,-61.235,18.836,-45.985,11.219,-65.351,40.174,-74.58,0,-100.6,-38.994,-84.943,1010.579,-50.557,-104.058,1010.773,8,별이__,-50.529,-104.044,1,0,0,0,0,0,0,0
2,1,1,0,0,0,0,0,0,0,1,255,255,7,1,1170.666,Riyaj,R,10,109,0.251,-0.915,0,0,400,0.09,-17.738,0,1,4,L,-Alta-,179.7,54,0,0,0,0,0,0,0,0,0,0,0,0,-0.099,-37.15,0.049,-17.33,-24,-51.216,-8.166,-64.127,18.476,-41.795,15.123,-63.942,42.79,-77.558,0,-100.6,-44.63,-87.995,0,0,0,0,0,,0,0,0,0,0,0,0,0,0,0
3,1,1,0,0,0,1,0,0,0,1,255,255,7,2,1190.685,Riyaj,R,0,136,-1.268,0.315,2,47.699,-124.375,0,0,1,1,4,L,-Alta-,179.7,54,1191.703,185,175,0,144,95,41.691,20.239,-0.61,0.033,-0.12,0.413,-0.411,-36.848,0.022,-17.114,-24.786,-51.681,-8.357,-64.153,18.53,-44.756,14.848,-63.921,42.855,-77.607,0,-100.6,-44.779,-87.919,1195.303,-17.948,-89.778,1199.15,5,아침땅_,-1.083,-61.167,1,0,0,0,0,0,0,0
4,1,1,1,0,0,0,0,1,0,0,4,255,255,3,1227.372,Riyaj,R,10,111,-1.419,-0.761,0,0,400,0,0,0,2,8,R,Dοpi,180.3,53,0,0,0,0,0,0,0,0,0,0,0,0,-0.257,-37.07,-0.055,-17.265,-22.147,-47.714,-9.874,-62.805,18.811,-43.329,11.948,-65.234,42.19,-74.922,0,-100.6,-40.384,-81.167,0,0,0,0,0,,0,0,0,0,0,0,0,0,0,0
5,1,1,1,0,0,1,0,0,1,0,255,4,255,4,1261.592,Riyaj,R,10,106,-0.96,-0.46,0,0,400,-0.209,-17.649,1,2,8,R,Dοpi,180.3,53,0,0,0,0,0,0,0,0,0,0,0,0,-0.126,-37.07,0.027,-17.246,-21.959,-49.875,-13.423,-61.949,18.544,-45.009,5.54,-63.756,43.221,-74.732,0,-100.6,-41.232,-80.594,0,0,0,0,0,,0,0,0,0,0,0,0,0,0,0
6,1,1,1,0,0,2,0,0,1,0,255,4,255,5,1278.196,Riyaj,R,0,134,-2.631,-0.192,4,27.218,-129.737,-0.925,-17.253,1,2,8,R,Dοpi,180.3,53,0,0,0,0,0,0,0,0,0,0,0,0,-0.422,-36.822,-0.273,-17.134,-22.077,-50.481,-13.408,-61.965,19.351,-43.576,3.67,-63.164,43.203,-74.74,0,-100.6,-41.029,-81.505,0,0,0,0,0,,0,0,0,0,0,0,0,0,0,0
7,1,1,1,0,0,0,1,0,1,0,255,4,255,0,1530.866,ʚEveɞ,R,0,140,0.214,0.873,2,86.517,-136.693,0,0,1,3,3,R,Multeinn,169.7,53,1531.777,94,216,16,139,48,97.635,-76.669,-0.38,-0.127,-0.084,0.517,-0.173,-36.98,0.008,-17.178,-18.961,-47.25,-13.732,-60.924,22.829,-48.608,2.125,-60.802,35.7,-81.8,0,-100.6,-43.927,-75.23,1534.754,-22.354,-14.523,0,0,,0,0,0,0,0,0,0,0,0,0
8,1,1,1,0,0,1,1,0,1,0,255,4,255,1,1554.832,ʚEveɞ,R,0,138,-0.102,0.704,2,108.454,-184.021,0,0,1,3,3,R,Multeinn,169.7,52,1555.719,203,255,0,154,110,42.428,-22.608,-0.11,-0.149,-0.199,0.167,-0.234,-37.112,0.022,-17.168,-20.667,-47.756,-14.487,-61.333,23.264,-48.554,3.268,-62.825,35.7,-81.8,0,-100.6,-44.651,-74.14,1567.64,3.882,-68.447,1567.724,2,Megu3568,5.234,-71.695,1,0,0,0,0,0,0,0
9,1,1,2,0,0,0,1,0,1,0,255,0,255,2,1601.627,ʚEveɞ,R,0,135,0.545,0.921,0,81.787,-190.957,0,0,0,4,2,L,하루（Haru）,179.9,48,0,0,0,0,0,0,0,0,0,0,0,0,-0.166,-37.238,0.014,-17.207,-20.746,-48.348,-5.765,-63.938,23.393,-47.162,14.044,-64.256,35.7,-81.8,0,-100.6,-39.338,-72.692,0,0,0,0,0,,0,0,0,0,0,0,0,0,0,0
10,1,1,2,0,0,1,1,0,1,0,255,0,255,3,1620.3,ʚEveɞ,R,6,91,-1.769,-1.204,1,407.099,-88.542,0,0,0,4,2,L,하루（Haru）,179.9,48,0,0,0,0,0,0,0,0,0,0,0,0,-0.091,-37.343,-0.068,-17.258,-20.666,-48.458,-2.404,-61.736,22.898,-46.303,14.451,-63.992,35.7,-81.8,0,-100.6,-41.755,-70.961,0,0,0,0,0,,0,0,0,0,0,0,0,0,0,0
11,1,1,2,0,1,1,1,0,1,0,255,0,255,4,1643.741,ʚEveɞ,R,6,93,0.141,0.749,0,422.727,0,0,0,0,4,2,L,하루（Haru）,179.9,48,0,0,0,0,0,0,0,0,0,0,0,0,-0.021,-37.545,0.006,-17.269,-20.687,-48.418,-0.762,-59.497,22.356,-48.259,14.735,-63.753,35.7,-81.8,0,-100.6,-40.005,-70.2,0,0,0,0,0,,0,0,0,0,0,0,0,0,0,0
12,1,1,2,0,1,2,1,0,1,0,255,0,255,5,1663.241,ʚEveɞ,R,0,136,-0.781,-0.604,0,118.507,-161.349,0,0,1,4,2,L,하루（Haru）,179.9,48,0,0,0,0,0,0,0,0,0,0,0,0,-0.089,-37.399,-0.005,-17.297,-20.421,-47.247,-1.411,-60.979,22.388,-48.263,14.65,-63.688,35.7,-81.8,0,-100.6,-45.177,-74.05,0,0,0,0,0,,0,0,0,0,0,0,0,0,0,0
13,1,1,2,0,0,0,2,0,1,0,255,3,255,6,1698.344,ʚEveɞ,R,3,112,1.511,0.678,2,-426.176,0,0,0,1,5,0,R,Gonyong,190,52,1699.385,127,161,15,136,101,5.629,-7.685,-0.05,-0.048,-0.009,0.21,-0.082,-37.154,0.027,-17.266,-21.589,-48.85,-13.937,-62.01,23.326,-48.875,4.888,-62.908,35.7,-81.8,0,-100.6,-44.574,-73.613,1698.701,3.642,-48.029,1699.646,5,아침땅_,4.653,-57.186,0,0,0,0,0,0,0,2
14,1,0,2,0,0,0,0,0,0,0,255,255,255,0,1989.987,Gonyong,R,0,124,3.064,0.452,2,119.368,-9.474,0,0,1,0,0,L,ʚEveɞ,175.4,52,1990.802,255,179,9,152,91,95.61,84.012,-1,0.079,-0.089,0.531,-0.198,-37.018,0.16,-16.783,-21.035,-47.306,-13.596,-63.496,20.863,-45.148,13.644,-64.425,38.9,-81.095,0.51,-107.61,-44.238,-86.649,1994.405,65.27,-12.583,0,0,,0,0,0,0,0,0,0,0,0,0
15,1,0,2,0,0,1,0,0,0,0,255,255,255,1,2013.202,Gonyong,R,13,118,-1.647,-0.777,2,-357.651,349.407,0,0,1,0,0,L,ʚEveɞ,175.4,52,2014.086,205,151,20,147,110,-53.49,9.306,-0.01,0.057,-0.047,0.526,-0.255,-37.046,-0.075,-16.866,-21.39,-47.687,-15.07,-61.852,20.509,-45.834,11.177,-66.274,38.549,-77.825,0.038,-106.294,-43.554,-87.167,2012.348,-0.409,-20.082,2015.542,3,Multeinn,-7.178,-61.39,0,0,0,0,0,0,0,2
16,1,0,2,0,0,0,1,0,0,0,255,255,255,2,2048.478,Gonyong,R,0,133,1.031,0.669,0,174.812,-182.471,0,0,0,1,2,R,Megu3568,175.2,52,0,0,0,0,0,0,0,0,0,0,0,0,0.131,-37.848,0.101,-16.769,-20.345,-47.038,-14.453,-62.588,22.867,-49.021,11.711,-65.469,36.626,-76.621,0.531,-105.366,-46.517,-77.873,0,0,0,0,0,,0,0,0,0,0,0,0,0,0,0
17,1,0,2,0,0,1,1,0,0,0,255,255,255,3,2069.16,Gonyong,R,0,123,-0.891,-0.113,0,30.929,-186.901,0,0,0,1,2,R,Megu3568,175.2,52,0,0,0,0,0,0,0,0,0,0,0,0,-0.016,-37.735,-0.209,-16.987,-20.561,-47.225,-14.706,-62.676,22.88,-49.02,11.9,-65.353,35.654,-78.319,0.757,-104.471,-43.398,-82.613,0,0,0,0,0,,0,0,0,0,0,0,0,0,0,0
18,1,0,2,0,0,2,1,0,0,0,255,255,255,4,2088.31,Gonyong,R,10,114,-0.138,-2.728,2,0,400,-0.023,-21.443,1,1,2,R,Megu3568,175.2,52,2089.439,216,153,9,147,118,-5.557,-3.699,0.9,-0.052,-0.063,0.319,-0.088,-37.139,0.098,-17.14,-21.123,-47.537,-15.003,-61.76,22.776,-48.969,11.809,-65.395,35.491,-79.033,0.697,-104.539,-42.744,-80.15,2087.635,0.081,-22.665,2090.843,7,mungjungh,7.689,-97.345,1,0,0,0,0,0,0,2
19,1,0,2,0,0,0,1,1,0,0,11,255,255,5,2121.996,Gonyong,R,0,121,-0.783,-1.16,1,17.821,-200,0,0,0,2,3,R,crani,174.4,52,0,0,0,0,0,0,0,0,0,0,0,0,0.105,-37.39,0.046,-16.872,-17.572,-42.522,-10.905,-62.445,20.585,-45.606,5.086,-61.369,36.29,-82.691,1.719,-104.68,-44.999,-82.497,0,0,0,0,0,,0,0,0,2,0,0,0,0,0,0
20,1,0,2,0,0,0,2,0,0,0,255,255,255,6,2167.213,Gonyong,R,0,120,2.922,1.021,1,112.446,0.995,0,0,0,2,3,R,crani,174.4,52,0,0,0,0,0,0,0,0,0,0,0,0,0.064,-37.599,0.109,-16.731,-20.599,-47.361,-13.605,-62.18,20.739,-47.454,9.537,-65.964,34.612,-80.344,0.6,-103.143,-42.479,-82.246,0,0,0,0,0,,0,0,0,0,0,0,0,0,0,0
21,1,0,2,0,2,0,2,0,0,0,255,255,255,7,2189.022,Gonyong,R,0,104,0.851,-0.198,2,51.849,-160.644,0,0,1,2,3,R,crani,174.4,52,2189.971,172,130,24,139,126,12.006,-37.52,0.57,-0.033,-0.063,0.153,-0.163,-37.056,0.093,-16.717,-20.8,-47.204,-13.666,-62.073,20.83,-47.512,9.567,-66.303,35.101,-83.103,0.685,-103.421,-42.118,-82.057,2190.059,38.443,-64.94,2195.683,6,Roscosmos,59.453,-74.697,1,0,0,0,0,0,0,2
22,1,0,2,0,0,0,2,0,1,0,255,9,255,8,2228.571,Gonyong,R,3,97,-0.541,0.555,0,-376.031,0,0,0,0,3,5,R,아침땅_,174.6,52,0,0,0,0,0,0,0,0,0,0,0,0,-0.048,-37.992,-0.461,-16.756,-19.928,-47.917,-12.205,-60.992,19.201,-40.289,11.084,-66.122,35.203,-81.712,0.037,-102.801,-42.225,-81.425,0,0,0,0,0,,0,0,0,0,0,0,0,0,0,0
23,1,0,2,0,0,1,2,0,1,0,255,9,255,9,2247.327,Gonyong,R,0,107,0.047,-1.097,1,58.501,-200,0,0,0,3,5,R,아침땅_,174.6,52,0,0,0,0,0,0,0,0,0,0,0,0,-0.053,-37.912,0.068,-16.671,-20.03,-47.282,-10.534,-61.807,19.138,-40.183,0.838,-61.132,35.736,-82.178,-0.031,-102.784,-43.368,-81.882,0,0,0,0,0,,0,0,0,0,0,0,0,0,0,0
24,1,0,2,0,1,1,2,0,1,0,255,9,255,10,2266.02,Gonyong,R,0,106,0.762,-0.721,0,92.743,-186.705,0,0,0,3,5,R,아침땅_,174.6,52,0,0,0,0,0,0,0,0,0,0,0,0,0.029,-37.874,0.119,-16.648,-20.013,-47.138,-12.838,-61.199,19.13,-41.049,8.315,-62.608,33.933,-79.973,-0.063,-102.346,-43.72,-81.953,0,0,0,0,0,,0,0,0,0,0,0,0,0,0,0
25,1,0,2,0,1,2,2,0,1,0,255,9,255,11,2284.662,Gonyong,R,3,96,-0.862,1.247,1,-349.032,24.266,0,0,0,3,5,R,아침땅_,174.6,52,0,0,0,0,0,0,0,0,0,0,0,0,-0.076,-37.907,-0.267,-16.639,-20.439,-45.733,-11.956,-61.841,19.309,-41.055,6.82,-61.338,33.841,-79.627,-0.536,-101.792,-43.564,-81.81,0,0,0,0,0,,0,0,0,0,0,0,0,0,0,0
26,1,0,2,0,2,2,2,0,1,0,255,9,255,12,2300.219,Gonyong,R,3,100,-1.922,-0.489,4,-379.765,130.194,0,0,1,3,5,R,아침땅_,174.6,52,0,0,0,0,0,0,0,0,0,0,0,0,0.134,-37.372,-0.322,-16.914,-20.731,-47.683,-12.148,-61.606,19.408,-41.259,10.282,-64.182,33.686,-78.586,-0.247,-101.136,-43.743,-80.724,0,0,0,0,0,,0,0,0,0,0,0,0,0,0,0
27,2,1,2,0,0,0,0,0,0,0,255,255,255,7,2375.764,ʚEveɞ,R,9,97,-1.284,1.323,1,356.021,-294.954,0,0,0,6,5,L,CAT tourniquet,173.7,52,0,0,0,0,0,0,0,0,0,0,0,0,-0.042,-37.426,-0.059,-17.099,-20.877,-51.79,-5.526,-64.135,21.81,-48.711,14.378,-64.19,35.7,-81.8,0,-100.6,-38.704,-82.188,0,0,0,0,0,,0,0,0,0,0,0,0,0,0,0
28,2,1,2,0,1,0,0,0,0,0,255,255,255,8,2398.053,ʚEveɞ,R,6,90,-0.743,-0.134,0,400.028,-104.662,0,0,0,6,5,L,CAT tourniquet,173.7,52,0,0,0,0,0,0,0,0,0,0,0,0,0.009,-37.344,0.127,-17.153,-20.793,-51.868,-5.537,-64.195,21.779,-48.729,15.019,-63.818,35.7,-81.8,0,-100.6,-38.837,-81.913,0,0,0,0,0,,0,0,0,0,0,0,0,0,0,0
29,2,1,2,0,1,1,0,0,0,0,255,255,255,9,2417.75,ʚEveɞ,R,0,133,0.205,0.152,0,61.43,-175.21,0,0,0,6,5,L,CAT tourniquet,173.7,47,0,0,0,0,0,0,0,0,0,0,0,0,-0.063,-37.304,0.112,-17.126,-20.764,-51.845,-5.723,-64.186,21.81,-48.684,15.052,-63.873,35.7,-81.8,0,-100.6,-39.198,-80.316,0,0,0,0,0,,0,0,0,0,0,0,0,0,0,0
30,2,1,2,0,1,2,0,0,0,0,255,255,255,10,2437.463,ʚEveɞ,R,0,132,1.425,2.784,1,91.186,-136.284,0,0,0,6,5,L,CAT tourniquet,173.7,47,0,0,0,0,0,0,0,0,0,0,0,0,0.001,-37.297,0.045,-17.095,-20.85,-51.576,-5.516,-63.832,21.842,-48.753,15.073,-63.916,35.7,-81.8,0,-100.6,-38.324,-77.469,0,0,0,0,0,,0,0,0,0,0,0,0,0,0,0
31,2,1,2,0,2,2,0,0,0,0,255,255,255,11,2455.491,ʚEveɞ,R,3,113,2.224,0.358,1,-413.714,0,0,0,0,6,5,L,CAT tourniquet,173.7,47,0,0,0,0,0,0,0,0,0,0,0,0,0.048,-37.364,0.06,-17.151,-20.825,-51.604,-5.698,-63.881,21.835,-48.738,15.065,-63.856,35.7,-81.8,0,-100.6,-38.738,-76.704,0,0,0,0,0,,0,0,0,0,0,0,0,0,0,0
32,2,1,2,0,3,2,0,0,0,0,255,255,255,12,2472.689,ʚEveɞ,R,6,82,-0.216,-0.45,0,372.727,0,0,0,0,6,5,L,CAT tourniquet,173.7,47,0,0,0,0,0,0,0,0,0,0,0,0,-0.063,-37.352,0.039,-17.112,-20.383,-49.229,-5.729,-63.931,21.836,-48.795,15.052,-63.885,35.7,-81.8,0,-100.6,-38.19,-76.917,0,0,0,0,0,,0,0,0,0,0,0,0,0,0,0
33,2,1,2,0,0,0,1,0,0,0,255,255,255,13,2502.124,ʚEveɞ,R,3,121,1.89,0.35,4,-260.998,0,0.273,-20.892,0,7,6,R,Roscosmos,174.754,52,0,0,0,0,0,0,0,0,0,0,0,0,-0.004,-37.216,0.037,-17.11,-21.504,-48.747,-13.616,-61.671,21.883,-48.776,11.351,-65.506,35.7,-81.8,0,-100.6,-38.846,-77.012,0,0,0,0,0,,0,0,0,0,0,0,0,0,0,0
34,2,1,2,0,0,1,1,0,0,0,255,255,255,14,2530.705,ʚEveɞ,R,0,132,-0.065,0.08,0,43.217,-168.286,0,0,0,7,6,R,Roscosmos,174.754,52,0,0,0,0,0,0,0,0,0,0,0,0,-0.071,-37.278,0.044,-16.926,-22.06,-49.56,-13.667,-61.768,21.849,-48.782,11.375,-65.409,35.7,-81.8,0,-100.6,-38.869,-77.017,0,0,0,0,0,,0,0,0,0,0,0,0,0,0,0
35,2,1,2,0,0,2,1,0,0,0,255,255,255,15,2550.7,ʚEveɞ,R,6,87,-2.109,-0.572,1,395.455,0,0,0,0,7,6,R,Roscosmos,174.754,52,0,0,0,0,0,0,0,0,0,0,0,0,-0.1,-37.268,-0.035,-17.215,-22.037,-49.736,-13.609,-61.701,21.84,-48.777,11.369,-65.402,35.7,-81.8,0,-100.6,-38.879,-77.042,0,0,0,0,0,,0,0,0,0,0,0,0,0,0,0
36,2,1,2,0,1,2,1,0,0,0,255,255,255,16,2569.041,ʚEveɞ,R,9,89,-2.941,-0.927,1,315.897,-312.348,-0.589,-17.27,0,7,6,R,Roscosmos,174.754,52,0,0,0,0,0,0,0,0,0,0,0,0,-0.085,-37.253,-0.194,-17.449,-21.834,-48.472,-13.604,-61.687,21.911,-48.835,11.374,-65.429,35.7,-81.8,0,-100.6,-38.87,-77.029,0,0,0,0,0,,0,0,0,0,0,0,0,0,0,0
37,2,1,2,0,2,2,1,0,0,0,255,255,255,17,2588.035,ʚEveɞ,R,6,88,-0.049,-1.386,4,389.611,-113.215,0,0,0,7,6,R,Roscosmos,174.754,52,0,0,0,0,0,0,0,0,0,0,0,0,-0.068,-37.343,0.01,-17.232,-21.576,-47.672,-13.633,-61.717,21.917,-48.852,11.367,-65.398,35.7,-81.8,0,-100.6,-38.873,-77.049,0,0,0,0,0,,0,0,0,0,0,0,0,0,0,0
38,2,1,2,0,0,0,2,0,0,0,255,255,255,18,2618.003,ʚEveɞ,R,0,139,-0.373,-0.016,0,64.877,-165.76,0,0,1,8,1,L,Pring__,180,52,0,0,0,0,0,0,0,0,0,0,0,0,-0.15,-37.263,0.066,-17.154,-19.014,-48.734,-6.128,-64.395,21.898,-48.828,15.03,-63.553,35.7,-81.8,0,-100.6,-38.905,-77.06,0,0,0,0,0,,0,0,0,0,0,0,0,0,0,0
39,2,1,2,0,0,1,2,0,0,0,255,255,255,19,2652.072,ʚEveɞ,R,0,140,0.291,0.518,0,114.004,-200,0,0,1,8,1,L,Pring__,180,78,0,0,0,0,0,0,0,0,0,0,0,0,-0.036,-37.437,0.059,-17.083,-20.415,-50.006,-6.089,-64.46,21.914,-48.848,15.407,-63.298,35.7,-81.8,0,-100.6,-38.419,-76.109,0,0,0,0,0,,0,0,0,0,0,0,0,0,0,0
40,2,1,2,0,0,2,2,0,0,0,255,255,255,20,2671.152,ʚEveɞ,R,0,130,-0.245,1.176,4,49.826,-169.77,0,0,1,8,1,L,Pring__,180,78,0,0,0,0,0,0,0,0,0,0,0,0,-0.075,-37.467,0.055,-17.177,-20.398,-49.979,-6.079,-64.402,21.921,-48.816,15.275,-63.702,35.7,-81.8,0,-100.6,-38.385,-76.1,0,0,0,0,0,,0,0,0,0,0,0,0,0,0,0
41,2,0,2,0,0,0,0,0,0,0,255,255,255,13,2730.04,Gonyong,R,3,95,-0.071,-0.584,0,-431.818,0,0,0,0,4,4,R,별이__,174.6,52,0,0,0,0,0,0,0,0,0,0,0,0,0.076,-37.933,-0.125,-16.872,-20.93,-47.444,-12.885,-62.577,20.391,-46.677,9.872,-65.999,37.528,-82.592,-0.925,-105.446,-47.606,-76.348,0,0,0,0,0,,0,0,0,0,0,0,0,0,0,0
42,2,0,2,0,0,1,0,0,0,0,255,255,255,14,2747.373,Gonyong,R,0,107,-1.571,0.246,1,53.739,-134.787,0,0,0,4,4,R,별이__,174.6,52,0,0,0,0,0,0,0,0,0,0,0,0,-0.119,-37.997,-0.18,-16.896,-21.602,-47.641,-12.915,-62.701,21.226,-46.85,7.667,-64.453,37.478,-82.595,-0.189,-105.041,-45.794,-78.331,0,0,0,0,0,,0,0,0,0,0,0,0,0,0,0
43,2,0,2,0,1,1,0,0,0,0,255,255,255,15,2764.734,Gonyong,R,0,112,1.907,-1.341,2,97.931,-200,0,0,1,4,4,R,별이__,174.6,52,2765.761,180,208,28,147,66,45.651,48.076,1,-0.001,-0.111,0.447,-0.148,-37.071,0.121,-16.863,-21.608,-47.66,-14.814,-62.003,21.243,-46.902,10.124,-65.087,37.491,-82.581,0.219,-105.425,-40.286,-84.929,2768.591,-37.932,-52.422,2771.327,8,Dοpi,-43.32,-60.862,0,0,0,0,0,0,0,2
44,2,0,2,0,1,2,0,0,0,0,255,255,255,16,2791.873,Gonyong,R,13,107,-0.773,-1.995,1,-356.598,340.011,-0.343,-17.762,0,4,4,R,별이__,174.6,52,0,0,0,0,0,0,0,0,0,0,0,0,0.558,-37.51,-0.115,-17.23,-22.514,-48.391,-14.692,-63.937,20.313,-44.298,10.036,-66.592,33.938,-78.178,-0.057,-104.414,-46.338,-83.251,0,0,0,0,0,,0,0,0,0,0,0,0,0,0,0
45,2,0,2,0,2,2,0,0,0,0,255,255,255,17,2807.897,Gonyong,R,3,105,0.728,-0.07,2,-436.287,0,0,0,1,4,4,R,별이__,174.6,52,2809.044,152,161,26,140,125,31.218,16.796,0.39,-0.018,-0.102,0.202,-0.031,-37.131,0.128,-16.843,-21.327,-47.464,-14.626,-63.951,20.554,-45.985,9.947,-66.534,33.928,-78.155,-0.053,-104.397,-43.406,-81.239,2812.589,-40.53,-113.865,2815.38,7,mungjungh,-31.243,-106.878,1,0,0,0,0,0,0,2
46,2,0,2,0,0,0,0,0,1,0,255,16,255,18,2852.379,Gonyong,R,4,103,-0.674,0.568,0,-236.769,61.577,0,0,0,5,1,R,ʚmingɞ,175.1,29,0,0,0,0,0,0,0,0,0,0,0,0,0.187,-37.555,-0.147,-16.906,-22.481,-49.096,-12.664,-62.772,20.268,-41.956,9.549,-65.282,34.017,-78.517,1.451,-107.687,-44.813,-84.055,0,0,0,0,0,,0,0,0,0,0,0,0,0,0,0
47,2,0,2,0,0,1,0,0,1,0,255,16,255,19,2870.621,Gonyong,R,0,108,2.726,0.154,2,172.284,-103.655,0,0,1,5,1,R,ʚmingɞ,175.1,29,2871.711,122,64,21,81,64,-8.295,-35.492,-1,-0.036,0,0.109,-0.125,-37.144,0.176,-16.903,-22.357,-49.273,-12.649,-62.686,19.245,-43.354,1.832,-61.165,32.619,-79.567,1.467,-107.716,-43.28,-83.818,2870.279,3.449,-23.472,2871.876,4,-Alta-,14.369,-42.043,1,0,0,0,0,0,0,2
48,2,0,2,0,0,0,0,1,1,0,10,16,255,20,2922.149,Gonyong,R,0,104,-0.827,-0.162,0,53.551,-144.616,0,0,1,6,8,R,ʚjingɞ,175.1,52,0,0,0,0,0,0,0,0,0,0,0,0,0.155,-37.725,-0.136,-16.735,-21.269,-47.568,-11.306,-63.894,18.574,-40.13,5.685,-62.564,34.126,-79.773,-0.144,-103.425,-43.703,-81.846,0,0,0,0,0,,0,0,0,0,0,0,0,0,0,0
49,2,0,2,0,0,1,0,1,1,0,10,16,255,21,2936.937,Gonyong,R,3,102,1.162,0.2,2,-372.085,0,0,0,1,6,8,R,ʚjingɞ,175.1,52,2937.963,132,45,0,55,55,-14.458,32.948,-0.96,0.008,-0.021,0.23,-0.121,-37.221,0.098,-16.765,-21.262,-47.958,-12.503,-64.808,19.023,-43.573,8.278,-62.414,34.095,-79.773,-3.303,-103.438,-39.159,-86.309,2936.414,-1.779,-22.892,2938.858,2,하루（Haru）,-14.273,-42.924,1,0,0,0,0,0,0,2
50,2,0,2,0,0,0,0,1,1,1,17,16,13,22,2985.048,Gonyong,R,0,106,0.863,-0.17,0,117.041,-47.718,0,0,1,0,0,L,ʚEveɞ,175.4,52,0,0,0,0,0,0,0,0,0,0,0,0,0.101,-37.468,-0.066,-16.824,-20.205,-45.174,-7.618,-62.382,17.58,-41.894,14.844,-62.275,35.11,-81.117,0.107,-101.571,-42.76,-80.46,0,0,0,0,0,,0,0,0,0,0,0,0,0,0,0
51,2,0,2,0,0,1,0,1,1,1,17,16,13,23,3004.377,Gonyong,R,3,98,-0.003,-0.491,2,-392.627,0,0,0,1,0,0,L,ʚEveɞ,175.4,52,3005.39,237,213,12,154,92,41.735,-52.175,-1,0.109,-0.153,0.529,-0.264,-37.047,-0.254,-16.802,-20.457,-46.617,-8.154,-64.949,18.669,-43.764,14.823,-62.29,35.509,-81.598,2.094,-103.109,-43.187,-82.962,3008.34,52.051,-77.101,3013.655,6,Roscosmos,63,-93.09,1,0,0,0,0,0,0,2
52,2,0,2,2,0,0,0,1,1,0,17,16,255,24,3059.774,Gonyong,R,0,126,-1.511,-1.298,1,69.799,-200,0,0,0,1,2,R,Megu3568,175.2,52,0,0,0,0,0,0,0,0,0,0,0,0,0.335,-37.556,-0.098,-16.604,-21.102,-48.01,-12.763,-62.894,20.764,-44.259,13.786,-64.706,39.968,-82.591,0.916,-108.921,-44.528,-85.67,0,0,0,0,0,,0,0,0,0,0,0,0,0,0,0
53,2,0,2,2,1,0,0,1,1,0,17,16,255,25,3076.149,Gonyong,R,0,128,-0.716,-0.547,2,104.562,-200,0,0,1,1,2,R,Megu3568,175.2,52,3077.272,164,78,13,118,75,-15.382,42.013,-0.78,-0.043,-0.076,0.162,0.009,-36.929,0.005,-16.501,-20.626,-47.983,-10.651,-64.977,20.026,-44.904,13.727,-64.725,39.724,-81.408,0.951,-109.079,-44.983,-84.22,3075.516,-2.233,-20.38,3080.974,0,Gonyong,-11.145,-35.775,1,0,0,0,0,0,0,2
54,2,0,2,2,0,0,0,1,1,1,11,16,15,26,3114.632,Gonyong,R,3,100,-1.912,0.25,1,-454.546,0,0,0,0,2,3,R,crani,174.4,52,0,0,0,0,0,0,0,0,0,0,0,0,0.127,-37.72,-0.304,-16.975,-20.867,-46.029,-12.011,-60.113,19.146,-41.751,11.773,-65.021,38.481,-81.639,2.782,-105.29,-43.407,-87.084,0,0,0,0,0,,0,0,0,0,0,0,0,0,0,0
55,2,0,2,2,1,0,0,1,1,1,11,16,15,27,3131.434,Gonyong,R,0,113,-0.134,0.089,0,61.915,-200,0,0,0,2,3,R,crani,174.4,52,0,0,0,0,0,0,0,0,0,0,0,0,0.279,-37.585,-0.049,-17.651,-20.401,-46.423,-11.953,-59.21,19.294,-41.145,5.829,-64.21,40.288,-81.649,1.298,-104.754,-43.449,-84.303,0,0,0,0,0,,0,0,0,0,0,0,0,0,0,0
56,2,0,2,4,1,1,0,0,1,0,255,11,255,28,3306.477,Gonyong,R,0,134,-1.406,-1.059,1,73.087,-200,0,0,0,2,3,R,crani,174.4,52,0,0,0,0,0,0,0,0,0,0,0,0,0.09,-37.671,-0.06,-16.901,-21.333,-47.628,-13.907,-61.2,19.248,-39.604,4.211,-63.315,35.644,-83.47,-1.709,-106.911,-45.442,-85.101,0,0,0,0,0,,0,0,0,0,0,0,0,0,0,0
57,2,0,2,4,2,1,0,0,0,1,255,255,11,29,3324.835,Gonyong,R,4,92,-0.794,3.463,1,-248.114,0,0,0,0,2,3,R,crani,174.4,52,0,0,0,0,0,0,0,0,0,0,0,0,-0.189,-37.806,-0.308,-16.716,-21.987,-48.395,-14.592,-61.66,19.566,-41.09,6.808,-66.362,37.102,-84.772,-2.539,-107.646,-46.171,-83.266,0,0,0,0,0,,0,0,0,0,0,0,0,0,0,0
58,2,0,2,4,3,1,0,0,0,1,255,255,11,30,3346.097,Gonyong,R,0,114,0.571,-0.926,0,128.71,-200,0,0,0,2,3,R,crani,174.4,52,0,0,0,0,0,0,0,0,0,0,0,0,-0.135,-37.739,0.23,-17.358,-21.334,-46.416,-13.946,-62.59,19.188,-39.766,5.44,-64.612,37.526,-83.416,-2.541,-107.653,-41.881,-86.034,0,0,0,0,0,,0,0,0,0,0,0,0,0,0,0
59,2,0,2,4,3,2,0,0,0,1,255,255,11,31,3363.218,Gonyong,R,13,102,-0.265,-1.066,2,-335.413,345.194,0,0,1,2,3,R,crani,174.4,52,3364.25,179,155,37,145,118,-56.422,-17.753,0.77,0.023,-0.027,0.266,-0.14,-37.048,0.11,-17.077,-21.383,-48.411,-12.285,-62.504,19.6,-45.021,10.585,-65.766,37.654,-83.597,-2.529,-107.647,-42.333,-86.701,3362.442,0.083,-21.171,3365.664,5,CAT tourniquet,13.42,-62.856,1,123,0,0,0,0,0,2
60,2,0,2,5,0,0,0,1,0,0,12,255,255,32,3540.021,Gonyong,R,0,125,2.061,0.7,1,113.372,-61.574,0,0,0,3,5,R,아침땅_,174.6,51,0,0,0,0,0,0,0,0,0,0,0,0,0.225,-37.696,0.003,-16.674,-16.993,-44.58,-16.266,-60.116,20.165,-44.103,8.626,-65.436,39.394,-80.67,0.315,-106.888,-42.855,-78.955,0,0,0,0,0,,0,0,0,0,0,0,0,0,0,0
61,2,0,2,5,1,0,0,1,0,0,12,255,255,33,3559.117,Gonyong,R,10,104,0.879,-1.358,1,0,400,0.113,-17.777,0,3,5,R,아침땅_,174.6,51,0,0,0,0,0,0,0,0,0,0,0,0,0.158,-37.736,-0.079,-16.97,-17.895,-44.163,-14.47,-63.744,19.094,-40.814,6.556,-62.903,40.836,-79.635,0.31,-106.905,-43.718,-81.127,0,0,0,0,0,,0,0,0,0,0,0,0,0,0,0
62,2,0,2,5,2,0,0,1,0,0,12,255,255,34,3578.05,Gonyong,R,0,110,-1.396,0.114,0,41.314,-197.245,0,0,0,3,5,R,아침땅_,174.6,51,0,0,0,0,0,0,0,0,0,0,0,0,0.139,-37.54,-0.185,-16.816,-17.952,-43.435,-15.57,-62.016,19.997,-42.643,8.006,-63.219,42.573,-80.31,0.315,-106.893,-44.199,-82.6,0,0,0,0,0,,0,0,0,0,0,0,0,0,0,0
63,2,0,2,5,2,1,0,1,0,0,12,255,255,35,3596.271,Gonyong,R,13,97,-1.167,-2.404,1,-315.617,349.137,-0.497,-17.39,0,3,5,R,아침땅_,174.6,51,0,0,0,0,0,0,0,0,0,0,0,0,0.246,-37.737,-0.417,-17.131,-17.952,-43.29,-12.701,-63.53,20.179,-43.299,7.503,-63.553,42.568,-80.294,0.312,-106.89,-44.393,-83.512,0,0,0,0,0,,0,0,0,0,0,0,0,0,0,0
64,2,0,2,5,3,1,0,1,0,0,12,255,255,36,3611.578,Gonyong,R,13,103,-0.007,-0.819,2,-305.749,378.655,0,0,1,3,5,R,아침땅_,174.6,51,3612.622,207,226,29,152,68,-86.112,82.925,1,-0.046,-0.008,0.379,-0.092,-37.167,0.044,-16.546,-18.927,-41.701,-12.754,-63.549,19.767,-46.677,13.513,-64.861,41.229,-81.579,0.264,-107.134,-44.527,-83.65,3610.843,-0.35,-20.905,0,0,,0,0,0,0,0,0,0,0,0,0
65,2,0,2,5,3,2,0,1,0,0,12,255,255,37,3634.578,Gonyong,R,0,104,1.047,-0.077,0,112.378,-64.544,0,0,0,3,5,R,아침땅_,174.6,51,0,0,0,0,0,0,0,0,0,0,0,0,0.169,-37.754,-0.039,-16.522,-18.257,-43.889,-12.115,-62.912,19.492,-41.14,12.006,-65.126,39.138,-79.117,0.109,-106.737,-45.927,-81.289,0,0,0,0,0,,0,0,0,0,0,0,0,0,0,0
66,2,0,2,5,0,0,1,1,0,0,12,255,255,38,3658.376,Gonyong,R,13,106,-0.904,-1.099,4,-253.905,388.418,-0.316,-17.314,1,4,4,R,별이__,174.6,51,0,0,0,0,0,0,0,0,0,0,0,0,0.202,-37.637,-0.309,-17.041,-18.543,-42.729,-15.151,-60.083,20.325,-44.708,7.117,-63.518,37.145,-78.104,0.114,-106.745,-45.446,-80.457,0,0,0,0,0,,0,0,0,0,0,0,0,0,0,0
67,2,0,2,5,0,1,1,1,0,0,12,255,255,39,3672.116,Gonyong,R,3,104,-1.809,0.581,2,-472.727,0,0,0,1,4,4,R,별이__,174.6,51,3673.14,155,226,12,147,66,33.719,35.758,1,0.012,-0.067,0.465,-0.072,-37.191,-0.394,-16.576,-19.444,-40.598,-12.206,-59.257,20.135,-45.27,11.522,-65.516,37.692,-80.185,-0.013,-107.884,-46.094,-79.292,0,0,0,3675.047,3,Multeinn,-24.922,-56.592,0,123,0,0,0,0,0,1
68,2,0,2,5,0,0,2,1,0,0,12,255,255,40,3719.983,Gonyong,R,0,106,1.064,0.818,2,149.08,-110.764,0,0,1,5,1,R,ʚmingɞ,175.1,51,3721.059,55,67,40,41,41,42.682,-17.294,0.74,-0.025,0.014,0.043,-0.169,-37.071,0.091,-16.634,-18.609,-42.142,-16.924,-61.444,20.642,-46.496,9.318,-66.052,38.374,-81.918,-0.251,-109.861,-42.559,-78.992,0,0,0,3722.655,0,Gonyong,6.479,-41.346,0,0,0,0,0,0,0,1
69,3,1,2,5,0,0,0,0,0,0,255,255,255,21,3795.11,ʚEveɞ,R,0,132,0.012,0.089,0,104.468,-200,0,0,0,0,7,R,mungjungh,160,51,0,0,0,0,0,0,0,0,0,0,0,0,-0.115,-37.411,0.017,-16.987,-21.518,-49.355,-14.636,-60.935,23.175,-49.239,11.069,-65.049,35.7,-81.8,0,-100.6,-37.855,-81.22,0,0,0,0,0,,0,0,0,0,0,0,0,0,0,0
70,3,1,2,5,0,1,0,0,0,0,255,255,255,22,3813.711,ʚEveɞ,R,0,140,5.509,0.094,2,111.296,-200,0,0,1,0,7,R,mungjungh,160,51,3814.664,216,140,5,145,87,5.296,33.232,-1,-0.119,-0.118,0.149,-0.293,-37.207,0.029,-17.037,-21.442,-49.195,-14.59,-60.996,23.126,-49.248,10.678,-65.159,35.7,-81.8,0,-100.6,-37.895,-81.256,3813.816,-13.473,-37.718,3814.858,2,Megu3568,-21.331,-46.915,0,0,0,0,0,0,0,2
71,3,1,2,5,0,0,1,0,0,0,255,255,255,23,3845.178,ʚEveɞ,R,0,136,-0.196,0.202,0,101.908,-200,0,0,0,1,4,L,-Alta-,179.7,79,0,0,0,0,0,0,0,0,0,0,0,0,-0.132,-37.352,-0.026,-16.987,-20.503,-48.442,-7.56,-62.21,22.166,-48.979,14.85,-63.934,35.7,-81.8,0,-100.6,-38.471,-78.695,0,0,0,0,0,,0,0,0,0,0,0,0,0,0,0
72,3,1,2,5,0,1,1,0,0,0,255,255,255,24,3865.26,ʚEveɞ,R,6,101,1.471,0.442,4,459.091,0,0,0,1,1,4,L,-Alta-,179.7,79,0,0,0,0,0,0,0,0,0,0,0,0,-0.046,-37.259,0.209,-17.055,-20.496,-48.314,-7.51,-62.241,22.205,-48.974,14.857,-63.929,35.7,-81.8,0,-100.6,-38.39,-78.724,0,0,0,0,0,,0,0,0,0,0,0,0,0,0,0
73,3,1,2,5,0,2,1,0,0,0,255,255,255,25,3886.035,ʚEveɞ,R,0,96,2.19,0.719,4,0,0,0,0,1,1,4,L,-Alta-,179.7,79,0,0,0,0,0,0,0,0,0,0,0,0,0.012,-37.259,0.174,-17.106,-20.458,-47.435,-7.472,-62.15,22.206,-48.964,15.093,-63.697,35.7,-81.8,0,-100.6,-38.39,-78.676,0,0,0,0,0,,0,0,0,0,0,0,0,0,0,0
74,3,1,2,5,0,0,2,0,0,0,255,255,255,26,3914.208,ʚEveɞ,R,9,89,-0.431,0.135,0,315.897,-312.348,0,0,0,2,8,R,Dοpi,180.3,51,0,0,0,0,0,0,0,0,0,0,0,0,-0.054,-37.378,0.045,-17.058,-22.218,-49.407,-14.086,-60.942,22.133,-49.026,10.694,-65.688,35.7,-81.8,0,-100.6,-37.902,-77.479,0,0,0,0,0,,0,0,0,0,0,0,0,0,0,0
75,3,1,2,5,0,1,2,0,0,0,255,255,255,27,3932.767,ʚEveɞ,R,3,99,0.398,0.405,0,-385.302,0,-0.551,-17.542,1,2,8,R,Dοpi,180.3,51,0,0,0,0,0,0,0,0,0,0,0,0,-0.042,-37.318,0.036,-17.18,-22.148,-49.355,-14.044,-60.955,22.164,-48.92,10.699,-65.72,35.7,-81.8,0,-100.6,-37.924,-77.455,0,0,0,0,0,,0,0,0,0,0,0,0,0,0,0
76,3,1,2,5,0,2,2,0,0,0,255,255,255,28,3952.611,ʚEveɞ,R,0,135,-0.6,0.932,0,84.234,-133.063,0,0,1,2,8,R,Dοpi,180.3,51,0,0,0,0,0,0,0,0,0,0,0,0,-0.25,-37.193,0.029,-17.125,-21.617,-48.333,-14.083,-60.942,22.17,-48.958,10.693,-65.683,35.7,-81.8,0,-100.6,-37.951,-77.532,0,0,0,0,0,,0,0,0,0,0,0,0,0,0,0
77,3,0,2,5,0,0,0,0,0,0,255,255,255,41,4033.611,Gonyong,R,0,109,0.947,-0.342,0,92.759,-153.123,0,0,1,6,8,R,ʚjingɞ,175.1,51,0,0,0,0,0,0,0,0,0,0,0,0,0.025,-37.843,0.089,-16.779,-19.893,-46.351,-14.678,-60.534,19.247,-42.059,11.344,-65.957,35.305,-78.371,3.305,-112.653,-43.35,-80.494,0,0,0,0,0,,0,0,0,0,0,0,0,0,0,0
78,3,0,2,5,0,1,0,0,0,0,255,255,255,42,4050.138,Gonyong,R,0,109,-1.608,-0.159,2,98.468,-200,0,0,1,6,8,R,ʚjingɞ,175.1,51,4051.103,152,104,1,131,126,21.327,13.161,0.58,-0.006,-0.021,0.293,-0.281,-37.194,-0.421,-16.784,-19.767,-46.565,-14.445,-61.02,19.776,-44.754,11.427,-66.001,35.382,-78.37,-3.492,-111.734,-44.817,-82.423,4054.398,-21.145,-132.431,4058.134,7,mungjungh,-7.926,-132.398,1,0,0,0,0,0,0,2
79,3,0,2,5,0,0,0,1,0,0,15,255,255,43,4099.554,Gonyong,R,0,104,-1.045,0.425,2,68.95,-125.809,0,0,1,0,0,L,ʚEveɞ,175.4,51,4100.536,182,116,0,136,89,43.106,-38.769,-0.65,0.085,-0.042,0.451,-0.253,-37.068,-0.109,-16.634,-19.056,-40.014,-9.237,-65.848,19.881,-44.236,11.55,-66.219,35.99,-80.978,1.485,-116.459,-43.732,-84.958,0,0,0,4103.381,6,Roscosmos,41.246,-72.207,0,0,0,0,0,0,0,1
80,3,0,2,5,0,0,1,1,0,0,15,255,255,44,4141.355,Gonyong,R,0,124,-1.389,-0.477,2,84.54,-200,0,0,1,1,2,R,Megu3568,175.2,51,4142.455,200,173,5,146,112,4.56,22.136,0.93,-0.04,-0.03,0.212,-0.119,-37.026,0.171,-16.341,-20.593,-46.989,-14.913,-62.277,20.78,-45.385,12.087,-63.65,34.905,-77.775,0.243,-107.945,-45.149,-85.076,4141.92,-14.41,-54.254,4142.503,3,Multeinn,-15.857,-57.637,0,0,0,0,0,0,0,2
81,4,1,2,5,0,0,0,0,0,0,255,255,255,29,4217.334,ʚEveɞ,R,0,140,0.008,-0.138,2,119.716,-200,0,0,1,3,3,R,Multeinn,169.7,50,4218.153,229,96,0,141,113,14.102,20.17,0.9,-0.065,-0.083,0,-0.378,-37.001,0.004,-17.161,-21.168,-48.269,-14.43,-60.938,24.056,-49.583,10.847,-65.576,35.7,-81.8,0,-100.6,-38.758,-80.26,4223.804,-33.652,-109.632,4228.289,6,Roscosmos,1.14,-57.375,1,0,0,0,0,0,0,0
82,4,1,2,5,0,0,0,0,1,0,255,3,255,30,4276.442,ʚEveɞ,R,0,138,-0.395,-1.392,1,37.731,-167.617,0,0,0,4,2,L,하루（Haru）,179.9,40,0,0,0,0,0,0,0,0,0,0,0,0,-0.06,-37.398,0.101,-17.387,-21.057,-50.461,-3.316,-62.341,21.934,-48.059,14.163,-64.143,35.7,-81.8,0,-100.6,-36.765,-81.365,0,0,0,0,0,,0,0,0,0,0,0,0,0,0,0
83,4,1,2,5,1,0,0,0,1,0,255,3,255,31,4295.803,ʚEveɞ,R,0,130,-2.58,0.197,2,47.766,-107.267,0,0,1,4,2,L,하루（Haru）,179.9,40,4296.768,117,110,5,130,93,-26.143,-36.427,-0.22,0.091,-0.156,0,-0.349,-37.264,0.014,-17.259,-22.225,-50.295,-2.301,-62.285,21.117,-44.646,14.812,-64.019,35.7,-81.8,0,-100.6,-36.816,-81.051,4294.993,0.955,-20.937,4296.591,4,별이__,15.759,-40.712,1,0,0,0,0,0,0,2
84,4,1,2,5,0,0,0,1,0,1,2,255,3,32,4339.179,ʚEveɞ,R,6,89,0.263,0.008,0,404.546,0,0,0,0,5,0,R,Gonyong,190,42,0,0,0,0,0,0,0,0,0,0,0,0,0.015,-37.256,0.103,-17.244,-19.872,-44.88,-11.828,-61.131,18.908,-39.307,2.413,-61.227,35.7,-81.8,0,-100.6,-36.91,-76.614,0,0,0,0,0,,0,0,0,0,0,0,0,0,0,0
85,4,1,2,5,0,1,0,0,1,1,255,2,3,33,4369.984,ʚEveɞ,R,6,86,-0.727,0.549,2,390.909,0,0,0,1,5,0,R,Gonyong,190,51,4371.263,112,133,33,134,129,35.947,20.895,0.51,-0.008,0.023,0.254,-0.226,-37.154,0.072,-17.2,-21.209,-48.172,-13.255,-61.835,19.008,-40.15,4.907,-62.971,35.7,-81.8,0,-100.6,-35.529,-72.203,4375.252,-54.414,-122.062,0,0,,0,0,0,0,0,0,0,0,0,4
86,4,1,5,5,0,0,0,0,0,0,255,255,255,34,4427.692,ʚEveɞ,R,0,140,-0.004,1.077,2,93.582,-200,0,0,1,6,5,L,CAT tourniquet,173.7,52,4428.648,114,94,14,127,84,109.484,65.474,-0.61,0.073,-0.068,0.18,-0.427,-37.308,0.009,-17.271,-20.508,-46.809,-6.672,-64.948,22.64,-49.007,14.639,-64.175,35.7,-81.8,0,-100.6,-35.33,-76.065,4432.207,47.077,8.456,0,0,,0,0,0,0,0,0,0,0,0,0
87,4,1,5,5,0,1,0,0,0,0,255,255,255,35,4450.572,ʚEveɞ,R,3,102,1.302,0.258,0,-391.42,0,0,0,0,6,5,L,CAT tourniquet,173.7,52,0,0,0,0,0,0,0,0,0,0,0,0,0.21,-37.301,-0.006,-17.224,-20.85,-47.398,-8.153,-63.822,22.346,-49.414,15.49,-63.276,35.7,-81.8,0,-100.6,-33.885,-74.978,0,0,0,0,0,,0,0,0,0,0,0,0,0,0,0
88,4,1,5,5,0,2,0,0,0,0,255,255,255,36,4468.589,ʚEveɞ,R,6,90,-0.256,-0.995,0,409.091,0,0,0,0,6,5,L,CAT tourniquet,173.7,52,0,0,0,0,0,0,0,0,0,0,0,0,-0.005,-37.467,0.006,-17.192,-20.862,-47.438,-8.182,-63.874,22.31,-49.425,15.139,-63.791,35.7,-81.8,0,-100.6,-31.562,-74.693,0,0,0,0,0,,0,0,0,0,0,0,0,0,0,0
89,4,1,5,5,0,0,1,0,0,0,255,255,255,37,4497.377,ʚEveɞ,R,0,138,0.69,0.935,0,83.783,-200,0,0,0,7,6,R,Roscosmos,174.754,52,0,0,0,0,0,0,0,0,0,0,0,0,-0.082,-37.259,0.003,-17.174,-20.991,-47.842,-14.842,-61.195,22.401,-49.363,10.187,-65.462,35.7,-81.8,0,-100.6,-34.04,-75.656,0,0,0,0,0,,0,0,0,0,0,0,0,0,0,0
90,4,1,5,5,0,1,1,0,0,0,255,255,255,38,4515.859,ʚEveɞ,R,0,140,-0.216,-0.154,2,76.1,-170.564,0,0,0,7,6,R,Roscosmos,174.754,52,4516.679,75,146,0,108,66,116.089,3.086,-0.83,-0.106,-0.189,0,-0.39,-37.174,0.002,-17.167,-21.379,-48.717,-14.539,-61.496,22.44,-49.387,10.528,-65.626,35.7,-81.8,0,-100.6,-34.035,-75.7,4519.799,2.522,9.858,0,0,,0,0,0,0,0,0,0,0,0,0
91,4,1,5,5,0,2,1,0,0,0,255,255,255,39,4540.441,ʚEveɞ,R,1,115,3.291,0.293,4,0,0,1.11,-16.784,0,7,6,R,Roscosmos,174.754,52,0,0,0,0,0,0,0,0,0,0,0,0,0.038,-37.267,0.135,-17.253,-21.316,-47.903,-14.805,-62.163,23.01,-49.949,10.648,-65.019,35.7,-81.8,0,-100.6,-35.049,-75.265,0,0,0,0,0,,0,0,0,0,0,0,0,0,0,0
92,4,1,5,5,0,0,2,0,0,0,255,255,255,40,4575.6,ʚEveɞ,R,0,140,0.37,1.196,4,98.939,-176.174,0,0,1,8,1,L,Pring__,180,52,0,0,0,0,0,0,0,0,0,0,0,0,-0.245,-37.237,0.065,-17.08,-20.415,-47.09,-5.999,-64.253,22.334,-49.261,15.414,-63.476,35.7,-81.8,0,-100.6,-36.968,-74.482,0,0,0,0,0,,0,0,0,0,0,0,0,0,0,0
93,4,1,5,5,0,1,2,0,0,0,255,255,255,41,4614.013,ʚEveɞ,R,0,140,1.735,2.381,1,120.607,-100.22,0,0,0,8,1,L,Pring__,180,79,0,0,0,0,0,0,0,0,0,0,0,0,-0.249,-36.973,0.077,-17.11,-20.501,-47.75,-6.13,-64.425,22.375,-49.196,15.594,-63.384,35.7,-81.8,0,-100.6,-34.353,-72.226,0,0,0,0,0,,0,0,0,0,0,0,0,0,0,0
94,4,1,5,5,1,1,2,0,0,0,255,255,255,42,4632.05,ʚEveɞ,R,0,133,-0.792,-0.367,2,138.386,-200,0,0,1,8,1,L,Pring__,180,79,4632.84,153,186,4,142,85,42.506,-17.87,-1,0,-0.09,0.294,-0.394,-37.07,0.015,-17.088,-20.361,-47.871,-6.33,-64.568,22.333,-49.229,15.553,-63.53,35.7,-81.8,0,-100.6,-33.989,-72.514,4635.985,12.45,-80.655,4639.93,3,crani,0.582,-60.595,1,0,0,0,0,0,0,0
95,4,1,5,5,0,0,2,1,0,0,1,255,255,43,4670.427,ʚEveɞ,R,0,137,0.333,0.518,0,102.824,-200,0,0,0,0,7,R,mungjungh,160,55,0,0,0,0,0,0,0,0,0,0,0,0,-0.138,-37.251,0.109,-17.163,-19.853,-45.197,-13.906,-62.09,22.538,-50.04,11.023,-65.042,35.7,-81.8,0,-100.6,-31.526,-71.554,0,0,0,0,0,,0,0,0,0,0,0,0,0,0,0
96,4,1,5,5,0,1,2,0,1,0,255,1,255,44,4720.322,ʚEveɞ,R,0,140,2.849,-0.079,2,123.581,-200,0,0,1,0,7,R,mungjungh,160,55,4721.305,153,117,4,133,84,29.055,5.421,-0.79,-0.116,-0.091,0.172,-0.217,-37.138,0.017,-17.148,-19.578,-47.513,-14.222,-61.731,23.007,-50.935,6.528,-64.022,35.7,-81.8,0,-100.6,-35.202,-72.516,4728.118,-20.841,-112.544,4732.493,6,Roscosmos,0.994,-56.514,1,0,0,0,0,0,0,0
97,4,1,6,5,0,0,2,1,0,0,7,255,255,45,4762.579,ʚEveɞ,R,0,128,0.516,0.625,2,119.165,-200,0,0,1,1,4,L,-Alta-,179.7,52,4763.582,191,205,0,148,110,115.974,41.356,0.95,0.035,-0.181,0.321,-0.374,-37.017,-0.006,-17.124,-19.95,-41.913,-2.894,-64.562,23.051,-52.73,14.884,-64.062,35.7,-81.8,0,-100.6,-30.752,-71.356,4768.088,47.936,40.61,0,0,,0,0,0,0,0,0,0,0,0,0
98,4,1,6,5,0,1,2,1,0,0,7,255,255,46,4787.839,ʚEveɞ,R,6,88,-0.362,-0.184,0,400,0,0,0,0,1,4,L,-Alta-,179.7,78,0,0,0,0,0,0,0,0,0,0,0,0,-0.156,-37.452,0.068,-17.178,-19.332,-44.891,-2.418,-65.457,23.956,-52.129,15.153,-63.618,35.7,-81.8,0,-100.6,-31.325,-70.801,0,0,0,0,0,,0,0,0,0,0,0,0,0,0,0
99,4,1,6,5,0,2,2,1,0,0,7,255,255,47,4835.372,ʚEveɞ,R,6,86,-1.031,0.069,0,390.909,0,0,0,1,1,4,L,-Alta-,179.7,78,0,0,0,0,0,0,0,0,0,0,0,0,-0.03,-37.517,0.039,-17.231,-19.486,-41.98,-4.012,-64.351,24.279,-53.898,15.16,-63.641,35.7,-81.8,0,-100.6,-29.639,-70.221,0,0,0,0,0,,0,0,0,0,0,0,0,0,0,0
100,4,0,6,5,0,0,0,0,0,0,255,255,255,45,4901.964,Gonyong,R,0,123,1.436,0.814,0,98.024,-111.02,0,0,0,2,3,R,crani,174.4,52,0,0,0,0,0,0,0,0,0,0,0,0,0.132,-37.694,0.219,-16.702,-21.342,-48.237,-15.609,-61.783,22.189,-46.963,10.453,-65.682,38.784,-86.202,0.706,-105.317,-43.015,-84.576,0,0,0,0,0,,0,0,0,0,0,0,0,0,0,0
101,4,0,6,5,0,1,0,0,0,0,255,255,255,46,4921.788,Gonyong,R,10,107,0.483,-0.537,2,-134.02,388.746,0,0,1,2,3,R,crani,174.4,52,4922.747,217,112,22,143,106,-59.421,-5.818,-0.09,0.013,-0.055,0.144,-0.121,-37.154,0.148,-17.033,-21.202,-48.674,-14.646,-62.661,22.143,-46.847,10.42,-65.587,39.293,-85.919,0.731,-105.364,-43.1,-84.586,4920.912,0.122,-20.408,4924.231,5,CAT tourniquet,3.734,-55.904,0,0,0,0,0,0,0,2
102,4,0,6,5,0,0,1,0,0,0,255,255,255,47,4957.901,Gonyong,R,0,125,-2.039,-2.035,1,49.73,-200,-0.37,-17.427,0,3,5,R,아침땅_,174.6,52,0,0,0,0,0,0,0,0,0,0,0,0,0.179,-37.321,-0.2,-16.827,-20.92,-49.376,-13.729,-63.065,20.894,-44.295,11.471,-65.042,38.928,-82.832,1.317,-104.566,-45.056,-79.816,0,0,0,0,0,,0,0,0,0,0,0,0,0,0,0
103,4,0,6,5,1,0,1,0,0,0,255,255,255,48,4977.448,Gonyong,R,0,102,0.858,0.567,0,61.593,-9.932,0,0,0,3,5,R,아침땅_,174.6,52,0,0,0,0,0,0,0,0,0,0,0,0,-0.012,-37.825,0.175,-16.611,-20.536,-47.268,-13.656,-63.942,21.164,-45.763,11.334,-65.115,37.619,-83.139,1.315,-104.589,-39.268,-84.144,0,0,0,0,0,,0,0,0,0,0,0,0,0,0,0
104,4,0,6,5,1,1,1,0,0,0,255,255,255,49,4994.507,Gonyong,R,3,102,-1.747,0.033,1,-378.934,0,0,0,0,3,5,R,아침땅_,174.6,52,0,0,0,0,0,0,0,0,0,0,0,0,0.102,-37.524,-0.172,-16.723,-20.212,-47.362,-13.765,-63.761,21.666,-46.416,11.331,-65.071,37.607,-83.155,1.327,-104.699,-42.689,-80.004,0,0,0,0,0,,0,0,0,0,0,0,0,0,0,0
105,4,0,6,5,2,1,1,0,0,0,255,255,255,50,5013.454,Gonyong,R,0,122,-0.502,-0.406,0,64.649,-190.884,0,0,0,3,5,R,아침땅_,174.6,52,0,0,0,0,0,0,0,0,0,0,0,0,0.009,-37.47,0.091,-16.701,-20.113,-46.598,-14.155,-63.986,21.004,-44.365,11.407,-65.113,38.321,-84.449,1.33,-104.708,-40.845,-81.709,0,0,0,0,0,,0,0,0,0,0,0,0,0,0,0
106,4,0,6,5,2,2,1,0,0,0,255,255,255,51,5027.517,Gonyong,R,3,93,1.485,1.846,1,-336.537,0,0,0,0,3,5,R,아침땅_,174.6,52,0,0,0,0,0,0,0,0,0,0,0,0,0.235,-37.81,0.122,-16.654,-20.18,-46.063,-14.113,-64.264,19.599,-43.268,11.384,-65.084,37.22,-83.65,1.324,-104.692,-39.75,-82.044,0,0,0,0,0,,0,0,0,0,0,0,0,0,0,0
107,4,0,6,5,3,2,1,0,0,0,255,255,255,52,5044.064,Gonyong,R,0,105,2.139,-0.254,1,127.689,-122.901,0.849,-17.461,0,3,5,R,아침땅_,174.6,52,0,0,0,0,0,0,0,0,0,0,0,0,0.216,-37.63,0.158,-16.804,-20.657,-46.822,-14.414,-64.049,20.522,-42.312,11.335,-65.121,37.664,-83.015,1.995,-105.269,-40.142,-82.103,0,0,0,0,0,,0,0,0,0,0,0,0,0,0,5
108,4,0,6,5,0,0,1,1,0,0,14,255,255,53,5070.772,Gonyong,R,3,104,-5.448,-1.769,1,-448.553,0,-1.649,-17.407,0,4,4,R,별이__,174.6,52,0,0,0,0,0,0,0,0,0,0,0,0,0.089,-37.477,-1.363,-18.007,-17.853,-42.856,-16.899,-62.091,20.591,-43.243,4.78,-61.829,36.983,-83.653,2.024,-105.219,-41.806,-80.204,0,0,0,0,0,,0,0,0,0,0,0,0,0,0,0
109,4,0,6,5,1,0,1,1,0,0,14,255,255,54,5090.086,Gonyong,R,0,112,1.147,-0.572,2,110.158,-200,0,0,1,4,4,R,별이__,174.6,52,5090.987,129,200,0,141,119,-8.121,7.447,0.58,-0.027,-0.11,0.391,-0.118,-37.05,-0.07,-16.906,-18.72,-41.877,-13.114,-64.511,20.245,-45.618,0.688,-59.624,37.602,-83.862,1.969,-105.275,-40.651,-78.667,5089.373,-0.371,-25.157,5091.192,3,Multeinn,-5.753,-65.317,1,0,0,0,0,0,0,2
110,4,0,6,5,0,0,1,1,1,0,255,14,255,55,5132.561,Gonyong,R,0,108,-0.313,-0.679,0,151.672,-200,0,0,0,5,1,R,ʚmingɞ,175.1,52,0,0,0,0,0,0,0,0,0,0,0,0,-0.213,-38.002,-0.074,-16.717,-21.814,-47.717,-15.237,-62.935,19.248,-39.465,9.557,-63.69,36.345,-80.867,-0.06,-104.159,-42.563,-77.61,0,0,0,0,0,,0,0,0,0,0,0,0,0,0,0
111,4,0,6,5,0,1,1,1,0,1,13,255,14,56,5149.499,Gonyong,R,10,99,1.064,-1.236,4,-1.562,400,0,0,1,5,1,R,ʚmingɞ,175.1,52,0,0,0,0,0,0,0,0,0,0,0,0,0.01,-37.877,0.125,-17.345,-21.016,-45.387,-12.018,-63.758,19.39,-43.293,8.971,-64.784,35.625,-83.387,-0.34,-104.22,-41.124,-80.644,0,0,0,0,0,,0,0,0,0,0,0,0,0,0,0
112,4,0,6,5,0,2,1,1,0,1,13,255,14,57,5167.868,Gonyong,R,10,105,0.638,-1.732,1,-0.391,400,0,0,0,5,1,R,ʚmingɞ,175.1,52,0,0,0,0,0,0,0,0,0,0,0,0,0.186,-37.86,0.501,-18.322,-17.726,-44.374,-11.788,-62.667,19.278,-40.568,7.277,-64.099,35.628,-83.391,0.076,-105.048,-40.775,-80.781,0,0,0,0,0,,0,0,0,0,0,0,0,0,0,0
113,4,0,6,5,1,2,1,1,0,1,13,255,14,58,5185.833,Gonyong,R,0,101,2.594,1.053,4,132.712,-50.236,0,0,1,5,1,R,ʚmingɞ,175.1,52,0,0,0,0,0,0,0,0,0,0,0,0,0.339,-37.41,-0.14,-17.404,-18.102,-44.361,-14.85,-61.798,19.122,-40.533,9.202,-67.179,35.917,-84.53,0.065,-105.088,-39.677,-80.493,0,0,0,0,0,,0,0,0,0,0,0,0,0,0,0
114,4,0,6,5,0,0,2,1,0,1,13,255,14,59,5279.031,Gonyong,R,10,101,-0.111,-0.735,2,-10.453,400,0,0,1,0,0,L,ʚEveɞ,175.4,52,5279.937,168,187,2,144,86,105.526,73.59,-1,0.064,-0.155,0.511,-0.229,-37.132,-0.089,-16.769,-18.475,-47.22,-14.35,-62.913,19.869,-45.005,9.236,-66.291,35.649,-81.489,0.616,-105.842,-40.873,-83.416,0,0,0,0,0,,0,0,0,0,0,0,0,0,0,0
115,4,0,6,5,0,1,2,1,0,1,13,255,14,60,5301.038,Gonyong,R,0,99,0.391,-1.452,1,39.711,-200,0,0,0,0,0,L,ʚEveɞ,175.4,52,0,0,0,0,0,0,0,0,0,0,0,0,0.134,-37.981,0.267,-17.589,-19.409,-45.548,-13.848,-61.004,19.215,-40.19,-0.146,-58.698,41.839,-83.504,0.909,-106.447,-36.434,-82.968,0,0,0,0,0,,0,0,0,0,0,0,0,0,0,0
116,4,0,6,5,1,1,2,0,1,1,255,13,14,61,5326.099,Gonyong,R,0,113,-0.127,0.799,0,63.372,11.818,0,0,1,0,0,L,ʚEveɞ,175.4,52,0,0,0,0,0,0,0,0,0,0,0,0,0.011,-34.771,-0.06,-17.13,-21.748,-45.646,-15.861,-60.259,18.444,-39.501,8.664,-63.888,38.519,-80.164,0.042,-107.245,-38.455,-81.305,0,0,0,0,0,,0,0,0,0,0,0,0,0,0,0
117,4,0,6,5,1,2,2,0,1,1,255,13,14,62,5346.518,Gonyong,R,13,97,-1.296,-1.561,2,-253.461,400,0,0,1,0,0,L,ʚEveɞ,175.4,52,5347.495,255,237,13,158,94,34.407,-48.89,-1,0.086,-0.187,0.47,-0.187,-37.084,0.017,-16.985,-21.22,-48.438,-15.304,-62.322,19.307,-44.975,10.679,-66.28,40.315,-81.972,0.523,-107.38,-37.112,-85.398,0,0,0,5350.62,6,Roscosmos,52.804,-80.087,0,0,0,0,0,0,0,1
118,5,1,6,5,0,0,0,0,0,0,255,255,255,48,5458.108,ʚEveɞ,R,9,96,-1.204,1.274,1,340.743,-312.348,0,0,0,2,8,R,Dοpi,180.3,52,0,0,0,0,0,0,0,0,0,0,0,0,-0.148,-37.111,0.017,-17.091,-21.779,-51.516,-14.046,-61.465,22.775,-49.577,10.456,-66.116,35.7,-81.8,0,-100.6,-35.7,-81.8,0,0,0,0,0,,0,0,0,0,0,0,0,0,0,0
119,5,1,6,5,1,0,0,0,0,0,255,255,255,49,5478.012,ʚEveɞ,R,9,84,-1.471,0.761,0,298.15,-312.348,0,0,1,2,8,R,Dοpi,180.3,52,0,0,0,0,0,0,0,0,0,0,0,0,-0.161,-37.455,0.076,-17.033,-20.581,-48.961,-14.092,-61.344,21.68,-49.724,10.41,-66.055,35.7,-81.8,0,-100.6,-35.7,-81.8,0,0,0,0,0,,0,0,0,0,0,0,0,0,0,0
120,5,1,6,5,1,1,0,0,0,0,255,255,255,50,5496.091,ʚEveɞ,R,3,93,0.24,0.383,2,-400.183,0,0,0,1,2,8,R,Dοpi,180.3,52,5497.179,143,170,50,142,127,37.427,-33.371,0.56,-0.084,-0.055,0.119,-0.17,-36.981,0.016,-17.382,-22.066,-49.753,-14.023,-61.318,21.756,-49.725,10.43,-66.144,35.7,-81.8,0,-100.6,-35.7,-81.8,5501.68,75.402,-108.693,0,0,,0,0,0,0,0,0,0,0,0,4
121,5,1,7,5,0,0,0,0,0,0,255,255,255,51,5541.179,ʚEveɞ,R,0,90,-2.523,0.252,4,0,0,-0.999,-17.253,1,3,3,R,Multeinn,169.7,53,0,0,0,0,0,0,0,0,0,0,0,0,-0.311,-37.581,-0.152,-17.241,-22.4,-51.224,-14.51,-62.705,21.982,-49.906,10.781,-65.349,35.7,-81.8,0,-100.6,-35.7,-81.8,0,0,0,0,0,,0,0,0,0,0,0,0,0,0,0
122,5,1,7,5,0,1,0,0,0,0,255,255,255,52,5563.086,ʚEveɞ,R,0,102,-4.958,0.564,2,-231.818,77.505,0,0,1,3,3,R,Multeinn,169.7,53,5564.099,255,255,14,160,97,28.277,28.708,-0.88,-0.155,-0.079,0.072,-0.27,-37.047,-0.159,-17.106,-22.338,-51.135,-14.383,-62.603,22.175,-49.933,10.764,-65.387,35.7,-81.8,0,-100.6,-35.7,-81.8,5566.301,-46.029,-81.672,5570.759,2,Megu3568,-19.815,-42.065,0,0,0,0,0,0,0,1
123,5,1,7,5,0,0,1,0,0,0,255,255,255,53,5624.267,ʚEveɞ,R,9,83,-0.874,0.666,0,294.601,-312.348,0,0,0,4,2,L,하루（Haru）,179.9,53,0,0,0,0,0,0,0,0,0,0,0,0,-0.282,-37.508,0.021,-17.128,-19.094,-48.624,-6.407,-65.771,22.766,-51.106,15.369,-63.723,35.7,-81.8,0,-100.6,-34.259,-84.7,0,0,0,0,0,,0,0,0,0,0,0,0,0,0,0
124,5,1,7,5,0,1,1,0,0,0,255,255,255,54,5642.685,ʚEveɞ,R,0,103,-3.195,0.916,2,-77.969,-2.341,0,0,1,4,2,L,하루（Haru）,179.9,53,5643.858,135,152,25,137,82,-48,-9.875,-1,0.048,-0.041,0.168,-0.319,-36.883,-0.098,-17.097,-18.972,-48.456,-6.331,-65.693,22.821,-51.174,15.357,-63.716,35.7,-81.8,0,-100.6,-34.378,-84.496,5642.102,-0.389,-22.027,5645.519,6,Roscosmos,6.202,-60.029,1,0,0,0,0,0,0,2
125,5,1,7,5,0,0,1,1,0,0,2,255,255,55,5678.281,ʚEveɞ,R,0,101,2.553,0.284,2,41.869,-19.961,0,0,1,5,0,R,Gonyong,190,53,5679.478,70,166,42,110,76,36.572,23.023,-0.38,-0.019,0.01,0.269,-0.19,-36.831,0.062,-17.184,-19.497,-42.039,-13.806,-62.05,21.54,-49.678,10.292,-66.616,35.7,-81.8,0,-100.6,-34.51,-80.813,5686.029,-34.728,-90.658,5690.043,1,ʚmingɞ,1.603,-58.47,1,0,0,0,0,0,0,0
126,5,1,7,5,0,0,1,1,1,0,0,2,255,56,5755.786,ʚEveɞ,R,9,83,0.269,0.664,0,318.401,-268.208,0,0,0,6,5,L,CAT tourniquet,173.7,53,0,0,0,0,0,0,0,0,0,0,0,0,-0.113,-37.581,0.046,-16.998,-20.525,-44.317,-3.122,-63.677,19.408,-43.268,15.194,-63.484,35.7,-81.8,0,-100.6,-29.718,-77.976,0,0,0,0,0,,0,0,0,0,0,0,0,0,0,0
127,5,1,7,5,0,1,1,1,1,0,0,2,255,57,5778.916,ʚEveɞ,R,0,107,-2.439,0.771,4,-131.82,-12.412,-1.03,-20.343,1,6,5,L,CAT tourniquet,173.7,53,0,0,0,0,0,0,0,0,0,0,0,0,-0.142,-37.386,-0.051,-17.094,-20.447,-43.638,-2.035,-63.317,20.935,-46.779,15.178,-63.543,35.7,-81.8,0,-100.6,-30.644,-79.488,0,0,0,0,0,,0,0,0,0,0,0,0,0,0,0
128,5,1,7,5,0,2,1,1,1,0,0,2,255,58,5805.911,ʚEveɞ,R,6,94,0.141,0.319,0,418.088,-103.112,0,0,0,6,5,L,CAT tourniquet,173.7,53,0,0,0,0,0,0,0,0,0,0,0,0,-0.128,-37.496,0.02,-17.282,-20.751,-43.617,-2.002,-61.331,20.666,-43.781,15.207,-63.495,35.7,-81.8,0,-100.6,-28.904,-78.548,0,0,0,0,0,,0,0,0,0,0,0,0,0,0,0
129,5,1,7,5,0,0,2,1,1,0,0,2,255,59,5839.595,ʚEveɞ,R,0,127,0.475,-0.514,0,64.921,-159.328,0,0,0,7,6,R,Roscosmos,174.754,53,0,0,0,0,0,0,0,0,0,0,0,0,-0.148,-37.126,0.047,-17.235,-19.959,-41.199,-13.555,-62.507,19.95,-45.783,6.317,-63.746,35.7,-81.8,0,-100.6,-29.715,-77.076,0,0,0,0,0,,0,0,0,0,0,0,0,0,0,0
130,5,1,7,5,0,1,2,1,1,0,0,2,255,60,5864.257,ʚEveɞ,R,9,85,0.64,-0.28,0,307.013,-303.552,0,0,0,7,6,R,Roscosmos,174.754,53,0,0,0,0,0,0,0,0,0,0,0,0,-0.091,-37.476,0.069,-17.273,-19.987,-42.225,-13.591,-62.752,21.497,-46.767,6.542,-64.034,35.7,-81.8,0,-100.6,-31.566,-74.61,0,0,0,0,0,,0,0,0,0,0,0,0,0,0,0
131,5,1,7,5,0,2,2,1,1,0,0,2,255,61,5887.292,ʚEveɞ,R,0,137,1.342,0.375,4,91.143,-159.579,-0.581,-19.741,0,7,6,R,Roscosmos,174.754,53,0,0,0,0,0,0,0,0,0,0,0,0,-0.093,-37.268,-0.223,-17.437,-19.997,-43.91,-13.548,-62.756,20.708,-50.084,6.366,-64.096,35.7,-81.8,0,-100.6,-31.6,-74.587,0,0,0,0,0,,0,0,0,0,0,0,0,0,0,0
132,5,0,7,5,0,0,0,0,0,0,255,255,255,63,5970.108,Gonyong,R,0,102,0.597,-1.154,4,12.315,-46.364,0,0,1,6,8,R,ʚjingɞ,175.1,26,0,0,0,0,0,0,0,0,0,0,0,0,0.067,-37.585,0.18,-16.826,-20.013,-44.54,-14.253,-62.612,19.868,-44.893,9.922,-65.801,38.342,-79.496,0.065,-110.403,-42.595,-83.823,0,0,0,0,0,,0,0,0,0,0,0,0,0,0,0
133,5,0,7,5,0,1,0,0,0,0,255,255,255,64,5988.013,Gonyong,R,0,109,-0.56,0.799,2,120.857,-174.481,0,0,1,6,8,R,ʚjingɞ,175.1,26,5989.003,153,37,0,53,53,30.679,46.918,0.6,-0.012,-0.018,0.213,-0.237,-37.073,-0.241,-16.769,-20.426,-46.705,-13.591,-63.193,20.566,-46.051,9.89,-65.849,38.637,-80.396,0.11,-110.085,-43.104,-82.432,5989.83,-22.754,-40.151,0,0,,0,0,0,0,0,0,0,0,0,3
134,5,0,7,5,0,2,0,0,0,0,255,255,255,65,6013.433,Gonyong,R,3,101,0.219,-0.643,0,-392.571,235.963,-0.109,-17.428,1,6,8,R,ʚjingɞ,175.1,27,0,0,0,0,0,0,0,0,0,0,0,0,-0.155,-38.071,-0.157,-17.3,-20.792,-45.105,-14.754,-63.443,19.979,-44.816,11.701,-65.142,36.154,-77.533,-0.41,-106.532,-42.371,-81.824,0,0,0,0,0,,0,0,0,0,0,0,0,0,0,0
135,5,0,7,5,0,0,1,0,0,0,255,255,255,66,6050.903,Gonyong,R,3,97,1.182,0.333,0,-352.699,46.51,0,0,1,1,2,R,Megu3568,175.2,53,0,0,0,0,0,0,0,0,0,0,0,0,0.071,-37.87,0.121,-16.882,-22.48,-48.701,-15.608,-62.963,20.711,-45.912,12.237,-65.063,37.822,-77.133,-0.404,-106.546,-40.994,-83.086,0,0,0,0,0,,0,0,0,0,0,0,0,0,0,0
136,5,0,7,5,0,1,1,0,0,0,255,255,255,67,6070.218,Gonyong,R,0,102,-1.08,-0.944,0,30.492,-108.585,0,0,0,1,2,R,Megu3568,175.2,53,0,0,0,0,0,0,0,0,0,0,0,0,0.231,-37.572,-0.294,-16.843,-22.18,-48.926,-15.612,-62.802,21.058,-44.228,12.18,-65.108,38.469,-80.569,-0.366,-106.534,-41.095,-83.253,0,0,0,0,0,,0,0,0,0,0,0,0,0,0,0
137,5,0,7,5,0,2,1,0,0,0,255,255,255,68,6085.124,Gonyong,R,0,138,-0.505,0.175,0,165.305,-200,0,0,0,1,2,R,Megu3568,175.2,53,0,0,0,0,0,0,0,0,0,0,0,0,0.094,-37.938,-0.215,-17.092,-22.201,-48.863,-15.679,-62.91,20.276,-44.865,12.098,-65.137,38.495,-80.505,-0.367,-106.526,-41.11,-83.246,0,0,0,0,0,,0,0,0,0,0,0,0,0,0,0
138,5,0,7,5,0,0,2,0,0,0,255,255,255,69,6110.523,Gonyong,R,13,113,-1.396,-0.956,0,-330.877,374.861,0,0,0,2,3,R,crani,174.4,53,0,0,0,0,0,0,0,0,0,0,0,0,0.195,-37.623,-0.311,-16.825,-21.274,-46.796,-15.657,-62.839,19.702,-45.53,11.339,-65.979,38.932,-81.508,-0.363,-106.523,-42.215,-82.406,0,0,0,0,0,,0,0,0,0,0,0,0,0,0,0
139,5,0,7,5,0,1,2,0,0,0,255,255,255,70,6128.708,Gonyong,R,0,102,2.556,1.01,1,106.097,-83.438,0,0,0,2,3,R,crani,174.4,53,0,0,0,0,0,0,0,0,0,0,0,0,0.195,-37.66,0.185,-16.754,-21.471,-48.172,-15.336,-63.138,20.847,-43.955,8.434,-65.881,38.929,-81.48,1.435,-107.115,-41.203,-83.366,0,0,0,0,0,,0,0,0,0,0,0,0,0,0,0
140,5,0,7,5,1,1,2,0,0,0,255,255,255,71,6147.416,Gonyong,R,3,99,-0.913,-0.484,2,-428.386,0,0,0,1,2,3,R,crani,174.4,53,6148.365,146,104,25,133,125,40.714,24.968,0.61,0.012,-0.074,0.132,-0.083,-37.12,-0.37,-16.757,-21.33,-47.52,-15.539,-62.744,20.062,-45.649,10.789,-65.717,39.616,-83.24,1.465,-107.185,-42.031,-84.128,6152.639,-50.722,-116.24,0,0,,0,0,0,0,0,0,0,0,0,4
141,5,0,7,6,0,0,2,0,0,0,255,255,255,72,6194.82,Gonyong,R,0,100,1.417,0.868,0,74.546,-98.842,0,0,1,3,5,R,아침땅_,174.6,53,0,0,0,0,0,0,0,0,0,0,0,0,0.218,-37.949,0.101,-16.711,-20.783,-47.413,-14.442,-63.829,20.587,-42.706,3.496,-62.396,39,-84.165,0.626,-111.122,-42.113,-80.872,0,0,0,0,0,,0,0,0,0,0,0,0,0,0,0
142,5,0,7,6,0,1,2,0,0,0,255,255,255,73,6215.169,Gonyong,R,0,107,0.304,0.899,0,126.375,-155.749,0,0,0,3,5,R,아침땅_,174.6,53,0,0,0,0,0,0,0,0,0,0,0,0,0.115,-37.759,-0.143,-16.688,-20.264,-46.816,-14.444,-63.716,19.718,-45.897,8.42,-66.136,39.488,-85.042,0.621,-111.128,-41.424,-81.423,0,0,0,0,0,,0,0,0,0,0,0,0,0,0,0
143,5,0,7,6,0,2,2,0,0,0,255,255,255,74,6232.15,Gonyong,R,13,100,-0.027,-0.61,0,-322.309,352.564,0,0,0,3,5,R,아침땅_,174.6,53,0,0,0,0,0,0,0,0,0,0,0,0,0.158,-37.946,0.037,-16.924,-20.328,-46.574,-15.063,-62.243,19.983,-44.841,5.144,-64.881,39.561,-84.785,0.642,-111.129,-41.363,-81.433,0,0,0,0,0,,0,0,0,0,0,0,0,0,0,0
144,6,1,7,6,0,0,0,0,0,0,255,255,255,62,6307.346,ʚEveɞ,R,0,133,-2.003,-0.044,4,38.917,-169.347,-0.555,-17.415,1,8,1,L,Pring__,180,53,0,0,0,0,0,0,0,0,0,0,0,0,-0.118,-37.399,-0.173,-17.197,-20.26,-47.104,-5.466,-64.341,22.421,-49.997,15.204,-63.479,35.7,-81.8,0,-100.6,-32.349,-84.152,0,0,0,0,0,,0,0,0,0,0,0,0,0,0,0
145,6,1,7,6,0,1,0,0,0,0,255,255,255,63,6330.306,ʚEveɞ,R,0,128,0.082,1.166,1,53.061,98.542,0,0,0,8,1,L,Pring__,180,53,0,0,0,0,0,0,0,0,0,0,0,0,-0.146,-37.205,0.029,-16.907,-20.321,-47.089,-6.498,-64.626,22.387,-49.971,15.189,-63.462,35.7,-81.8,0,-100.6,-29.159,-83.365,0,0,0,0,0,,0,0,0,0,0,0,0,0,0,0
146,6,1,7,6,1,1,0,0,0,0,255,255,255,64,6350.455,ʚEveɞ,R,16,108,2.297,-1.189,1,0,-180.8,0,0,0,8,1,L,Pring__,180,53,0,0,0,0,0,0,0,0,0,0,0,0,-0.08,-37.181,0.101,-17.116,-20.366,-47.074,-6.511,-64.611,22.459,-50.026,15.21,-63.517,35.7,-81.8,0,-100.6,-29.33,-80.213,0,0,0,0,0,,0,0,0,0,0,0,0,0,0,0
147,6,1,7,6,2,1,0,0,0,0,255,255,255,65,6369.703,ʚEveɞ,R,0,133,-0.669,-0.292,2,97.175,-194.582,0,0,1,8,1,L,Pring__,180,53,6370.433,130,173,0,137,99,105.49,69.324,-0.17,-0.019,-0.051,0.289,-0.355,-37.111,0.019,-16.897,-20.29,-47.061,-6.397,-64.517,22.471,-50.068,15.196,-63.532,35.7,-81.8,0,-100.6,-29.347,-80.229,0,0,0,0,0,,0,0,0,0,0,0,0,0,0,0
148,6,1,7,6,2,2,0,0,0,0,255,255,255,66,6392.121,ʚEveɞ,R,9,84,-1.01,0.359,0,298.15,-312.348,0,0,0,8,1,L,Pring__,180,82,0,0,0,0,0,0,0,0,0,0,0,0,-0.065,-37.327,-0.143,-16.981,-20.17,-46.873,-6.61,-66.052,22.464,-49.706,14.774,-64.229,35.7,-81.8,0,-100.6,-29.578,-78.978,0,0,0,0,0,,0,0,0,0,0,0,0,0,0,0
149,6,1,7,6,0,0,1,0,0,0,255,255,255,67,6418.716,ʚEveɞ,R,6,86,2.31,-0.176,4,390.909,0,0,0,1,0,7,R,mungjungh,160,53,0,0,0,0,0,0,0,0,0,0,0,0,-0.139,-37.309,0.336,-17.066,-20.426,-46.862,-13.822,-62.284,21.818,-50.218,11.337,-65.604,35.7,-81.8,0,-100.6,-30.476,-76.876,0,0,0,0,0,,0,0,0,0,0,0,0,0,0,0
150,6,1,7,6,0,1,1,0,0,0,255,255,255,68,6436.464,ʚEveɞ,R,6,98,1.491,0.304,4,380.106,0,1.006,-17.456,1,0,7,R,mungjungh,160,53,0,0,0,0,0,0,0,0,0,0,0,0,0.005,-37.357,0.283,-17.26,-20.931,-47.897,-13.789,-62.295,21.722,-50.28,11.136,-65.08,35.7,-81.8,0,-100.6,-29.507,-77.93,0,0,0,0,0,,0,0,0,0,0,0,0,0,0,0
151,6,1,7,6,0,2,1,0,0,0,255,255,255,69,6457.372,ʚEveɞ,R,6,87,-0.284,0.68,0,395.455,0,0,0,1,0,7,R,mungjungh,160,59,0,0,0,0,0,0,0,0,0,0,0,0,0.069,-37.334,0.105,-17.174,-20.166,-46.005,-13.853,-62.24,21.717,-50.289,11.195,-65.178,35.7,-81.8,0,-100.6,-29.59,-77.983,0,0,0,0,0,,0,0,0,0,0,0,0,0,0,0
152,6,1,7,6,0,0,2,0,0,0,255,255,255,70,6480.504,ʚEveɞ,R,14,94,1.973,-1.695,4,333.644,312.348,0.649,-17.518,1,1,4,L,-Alta-,179.7,78,0,0,0,0,0,0,0,0,0,0,0,0,0.132,-37.494,0.294,-17.421,-20.312,-46.885,-6.968,-65.331,21.221,-48.908,15.137,-63.68,35.7,-81.8,0,-100.6,-29.067,-78.326,0,0,0,0,0,,0,0,0,0,0,0,0,0,0,0
153,6,1,7,6,0,1,2,0,0,0,255,255,255,71,6501.705,ʚEveɞ,R,6,84,-0.097,0.382,0,357.544,-175.436,0,0,0,1,4,L,-Alta-,179.7,78,0,0,0,0,0,0,0,0,0,0,0,0,-0.063,-37.502,0.06,-17.43,-20.201,-46.979,-6.968,-65.336,21.466,-49.509,15.249,-63.498,35.7,-81.8,0,-100.6,-29.962,-77.682,0,0,0,0,0,,0,0,0,0,0,0,0,0,0,0
154,6,1,7,6,0,2,2,0,0,0,255,255,255,72,6522.083,ʚEveɞ,R,0,101,0.394,0.17,2,0,0,0,0,1,1,4,L,-Alta-,179.7,78,6523.326,178,123,1,137,100,40.899,27.571,-0.12,0.022,-0.147,0.32,-0.192,-36.898,0.025,-16.943,-20.053,-46.819,-6.985,-65.286,21.62,-49.753,15.245,-63.493,35.7,-81.8,0,-100.6,-29.946,-77.708,6531.92,-48.24,-108.534,6537.059,5,아침땅_,-3.059,-61.096,1,0,0,0,0,0,0,0
155,6,1,7,6,0,0,2,0,1,0,255,4,255,73,6619.484,ʚEveɞ,R,6,98,2.142,0.718,1,445.455,0,0,0,0,2,8,R,Dοpi,180.3,53,0,0,0,0,0,0,0,0,0,0,0,0,-0.004,-37.545,0.226,-16.967,-21.06,-48.16,-12.943,-63.083,20.533,-45.702,7.364,-64.484,35.7,-81.8,0,-100.6,-34.434,-85.591,0,0,0,0,0,,0,0,0,0,0,0,0,0,0,0
156,6,1,7,6,1,0,2,0,1,0,255,4,255,74,6640.436,ʚEveɞ,R,6,89,0.198,0.234,2,387.641,0,0,0,1,2,8,R,Dοpi,180.3,53,6641.461,148,181,65,145,82,-58.117,-16.005,0.98,-0.056,-0.042,0.129,-0.279,-37.285,-0.137,-16.989,-21.037,-48.105,-12.959,-63.125,20.664,-47.709,3.32,-62.395,35.7,-81.8,0,-100.6,-35.266,-84.996,6639.69,0.19,-21.669,6643.052,4,별이__,8.622,-49.676,1,0,0,0,0,0,0,2
157,6,1,7,6,0,0,2,1,0,1,8,255,4,75,6679.428,ʚEveɞ,R,6,98,2.338,0.496,2,445.455,0,0,0,1,3,3,R,Multeinn,169.7,51,6680.446,151,255,33,150,122,-31.516,-46.128,0.85,-0.111,-0.06,0.173,-0.157,-37.26,0.156,-17.106,-18.777,-43.209,-13.696,-61.887,19.615,-41.863,7.722,-64.468,35.7,-81.8,0,-100.6,-33.795,-85.018,6678.688,2.435,-22.965,0,0,,0,0,0,0,0,0,0,0,0,3
158,6,1,7,6,0,1,2,1,0,1,8,255,4,76,6705.834,ʚEveɞ,R,0,140,-0.248,-0.207,2,38.985,-137.565,0,0,1,3,3,R,Multeinn,169.7,53,6706.737,140,121,14,134,82,-37.519,45.047,-0.91,-0.094,-0.078,0.034,-0.329,-36.832,0.01,-17.09,-20.236,-42.886,-13.446,-62.77,19.115,-41.132,9.138,-64.914,35.7,-81.8,0,-100.6,-30.544,-83.22,6704.923,-0.952,-19.832,6706.881,2,Megu3568,-20.926,-39.994,0,0,0,0,0,0,0,2
159,6,1,7,6,0,2,2,1,0,1,8,255,4,77,6732.293,ʚEveɞ,R,3,114,-2.669,-0.123,2,-425.609,0,0,0,1,3,3,R,Multeinn,169.7,53,6733.299,188,63,4,106,83,40.442,33.817,0.92,-0.035,-0.06,0.015,-0.287,-37.045,-0.508,-17.285,-21.176,-47.801,-14.247,-62.387,19.24,-40.746,10.915,-65.471,35.7,-81.8,0,-100.6,-33.541,-82.065,6740.435,-40.357,-87.371,6741.476,3,crani,-38.665,-88.138,1,0,0,0,0,0,0,0
160,6,1,9,6,0,0,2,0,1,0,255,3,255,78,6852.834,ʚEveɞ,R,0,138,0.176,0.662,0,127.289,-200,0,0,1,4,2,L,하루（Haru）,179.9,53,0,0,0,0,0,0,0,0,0,0,0,0,0.024,-37.429,0.14,-16.924,-19.974,-45.961,-1.111,-61.17,18.987,-39.78,15.742,-63.406,35.701,-81.801,0,-100.601,-35.861,-91.593,0,0,0,0,0,,0,0,0,0,0,0,0,0,0,0
161,6,1,9,6,0,1,2,0,1,0,255,3,255,79,6873.276,ʚEveɞ,R,0,137,-0.474,0.157,0,110.414,-200,0,0,0,4,2,L,하루（Haru）,179.9,53,0,0,0,0,0,0,0,0,0,0,0,0,-0.226,-37.299,0.114,-16.932,-21.247,-47.212,-3.536,-62.965,20.136,-45.401,14.942,-63.593,35.702,-81.801,0,-100.602,-35.691,-92.419,0,0,0,0,0,,0,0,0,0,0,0,0,0,0,0
162,6,1,9,6,0,2,2,0,1,0,255,3,255,80,6937.701,ʚEveɞ,R,0,135,-0.621,-0.114,2,78.575,-200,0,0,1,4,2,L,하루（Haru）,179.9,53,6938.846,142,138,21,137,106,108.801,68.855,0.87,0.115,-0.159,0.044,-0.033,-37.196,0.015,-17.005,-20.582,-48.657,-0.911,-62.187,20.107,-44.585,15.365,-63.462,35.701,-81.801,0,-100.601,-35.78,-92.408,0,0,0,0,0,,0,0,0,0,0,0,0,0,0,0
163,6,1,9,6,0,2,2,0,1,0,255,3,255,81,6962.64,ʚEveɞ,R,0,140,2.42,2.866,1,72.085,-101.697,0,0,0,4,2,L,하루（Haru）,179.9,53,0,0,0,0,0,0,0,0,0,0,0,0,-0.113,-37.324,0.107,-16.635,-20.295,-48.393,-0.077,-60.234,20.319,-44.141,15.625,-63.46,35.701,-81.801,0,-100.601,-33.498,-92.736,0,0,0,0,0,,0,0,0,0,0,0,0,0,0,0
164,6,1,9,6,1,2,2,0,1,0,255,3,255,82,6983.451,ʚEveɞ,R,0,136,0.558,-0.16,0,62.941,-200,0,0,1,4,2,L,하루（Haru）,179.9,53,0,0,0,0,0,0,0,0,0,0,0,0,-0.047,-37.436,0.091,-16.826,-21.167,-47.832,-0.027,-60.048,21.405,-50.055,15.561,-63.238,35.701,-81.801,0,-100.601,-35.924,-91.357,0,0,0,0,0,,0,0,0,0,0,0,0,0,0,0
165,6,0,9,6,0,0,0,0,0,0,255,255,255,75,7175.94,Gonyong,R,0,132,-0.223,-0.31,2,65.216,-200,0,0,1,4,4,R,별이__,174.6,53,7176.862,202,165,26,147,66,46.012,41.933,1,-0.002,-0.083,0.194,-0.308,-36.804,0.021,-16.786,-20.378,-47.421,-13.258,-63.021,20.709,-45.885,12.362,-64.534,41.346,-87.573,0.183,-107.523,-41.03,-86.639,7179.879,-34.642,-55.188,7180.726,3,Multeinn,-37.16,-57.755,1,0,0,0,0,0,0,2
166,6,0,9,6,0,0,0,1,0,0,16,255,255,76,7210.789,Gonyong,R,3,119,0.52,-0.229,2,-401.807,1.017,0,0,1,5,1,R,ʚmingɞ,175.1,53,7211.844,98,76,9,98,98,37.225,40.061,0.43,-0.038,-0.01,0.142,-0.29,-37.051,-0.097,-16.77,-19.58,-39.638,-13.876,-63.542,19.974,-44.658,12.188,-64.65,43.176,-85.04,-0.391,-108.587,-41.732,-81.303,7214.904,-59.206,-74.194,7215.085,8,Dοpi,-57.339,-72.638,0,0,0,0,0,0,0,1
167,6,0,9,6,0,0,1,1,0,0,16,255,255,77,7247.263,Gonyong,R,0,111,1.291,0.799,2,120.17,-139.061,0,0,1,6,8,R,ʚjingɞ,175.1,53,7248.19,126,53,0,65,64,-33.573,25.04,-0.81,0.008,0.009,0.26,-0.144,-37.127,0.113,-16.872,-18.468,-42.113,-14.744,-63.252,19.883,-43.864,11.848,-65.472,41.387,-86.557,0.098,-105.525,-44.491,-83.437,7246.443,-0.489,-21.173,7249.582,3,Multeinn,-13.981,-51.915,1,0,0,0,0,0,0,2
168,6,0,9,6,0,0,2,1,0,0,16,255,255,78,7294.688,Gonyong,R,0,122,-1.896,-2.603,1,71.599,-200,-0.352,-19.936,0,0,0,L,ʚEveɞ,175.4,53,0,0,0,0,0,0,0,0,0,0,0,0,-0.107,-37.58,-0.177,-16.921,-17.592,-43.328,-16.464,-62.219,20.584,-45.324,9.794,-64.348,41.485,-86.341,-0.175,-106.135,-42.828,-88.922,0,0,0,0,0,,0,0,0,0,0,0,0,0,0,0
169,6,0,9,6,1,0,2,1,0,0,16,255,255,79,7311.202,Gonyong,R,0,131,-2.557,-2.194,1,116.218,-200,-0.501,-17.21,0,0,0,L,ʚEveɞ,175.4,53,0,0,0,0,0,0,0,0,0,0,0,0,0.098,-37.31,-0.239,-16.845,-18.222,-43.78,-14.985,-63.517,19.943,-43.211,7.582,-65.044,41.485,-86.33,-0.017,-106.179,-43.311,-88.959,0,0,0,0,0,,0,0,0,0,0,0,0,0,0,0
170,6,0,9,6,2,0,2,1,0,0,16,255,255,80,7331.169,Gonyong,R,3,105,-1.705,-0.214,2,-432.583,135.761,0,0,1,0,0,L,ʚEveɞ,175.4,53,7332.077,255,193,5,153,92,38.94,-25.368,-1,0.062,-0.09,0.586,-0.173,-37.126,-0.129,-16.736,-18.778,-41.08,-14.977,-63.463,21.276,-46.018,8.628,-66.342,41.828,-86.877,-0.011,-106.245,-45.653,-85.648,7335.077,21.404,-89.209,7335.982,6,Roscosmos,23.382,-96.349,1,0,0,0,0,0,0,2
171,6,0,9,6,0,0,2,1,1,0,9,17,255,81,7448.752,Gonyong,R,10,114,3.379,-0.094,2,-31.488,400,0,0,1,1,2,R,Megu3568,175.2,53,7449.969,128,95,15,129,125,16.38,34.36,0.33,-0.015,-0.03,0.194,-0.085,-37.234,0.095,-16.835,-17.398,-43.093,-12.6,-62.356,21.072,-45.713,11.248,-65.763,37.493,-83.868,2.363,-109.78,-38.841,-83.71,7452.889,-58.585,-117.679,0,0,,0,0,0,0,0,0,0,0,0,4
172,6,0,9,9,0,0,2,0,0,0,255,255,255,82,7506.033,Gonyong,R,0,101,1.919,1.562,3,109.954,-48.542,-0.044,-20.273,0,2,3,R,crani,174.4,53,0,0,0,0,0,0,0,0,0,0,0,0,-0.027,-37.446,-0.309,-16.803,-20.712,-47.478,-12.199,-61.733,20.282,-46.081,9.668,-67.222,34.071,-82.678,0.558,-110.452,-43.968,-82.487,0,0,0,0,0,,0,0,0,61,0,0,0,0,0,6
173,7,1,9,9,0,0,0,0,0,0,255,255,255,83,7623.6,ʚEveɞ,R,0,129,1.436,0.446,4,0,0,-0.223,-20.884,1,5,0,R,Gonyong,190,44,0,0,0,0,0,0,0,0,0,0,0,0,-0.125,-37.09,0.026,-17.278,-20.188,-47.07,-9.48,-61.276,21.595,-49.046,12.207,-65.74,35.7,-81.8,0,-100.6,-33.681,-90.339,0,0,0,0,0,,0,0,0,0,0,0,0,0,0,0
174,7,1,9,9,0,1,0,0,0,0,255,255,255,84,7647.474,ʚEveɞ,R,11,123,0.572,-0.575,0,0,161.103,0,0,1,5,0,R,Gonyong,190,53,0,0,0,0,0,0,0,0,0,0,0,0,-0.238,-37.302,0.037,-17.317,-19.814,-46.788,-13.968,-61.617,21.083,-48.432,11.777,-65.298,35.7,-81.8,0,-100.6,-33.109,-89.813,0,0,0,0,0,,0,0,0,0,0,0,0,0,0,0
175,7,1,9,9,0,2,0,0,0,0,255,255,255,85,7669.703,ʚEveɞ,R,9,82,-0.143,0.422,2,291.067,-312.322,0,0,1,5,0,R,Gonyong,190,53,7670.892,41,144,63,74,67,50.089,22.084,0.79,-0.066,0.01,0.151,-0.369,-36.901,-0.008,-17.307,-19.76,-46.786,-14.013,-61.63,21.141,-48.499,11.777,-65.302,35.7,-81.8,0,-100.6,-33.126,-89.803,7646.432,-16.136,-60.43,7646.626,3,crani,-15.68,-59.312,0,0,0,0,0,0,0,1
176,7,1,9,9,0,0,1,0,0,0,255,255,255,86,7704.565,ʚEveɞ,R,9,82,2.913,0.203,4,291.051,-312.348,0,0,1,6,5,L,CAT tourniquet,173.7,53,0,0,0,0,0,0,0,0,0,0,0,0,-0.047,-37.477,0.253,-17.193,-19.885,-46.332,-5.736,-63.063,21.215,-48.265,14.964,-63.916,35.7,-81.8,0,-100.6,-29.161,-87.414,0,0,0,0,0,,0,0,0,0,0,0,0,0,0,0
177,7,1,9,9,0,1,1,0,0,0,255,255,255,87,7725.201,ʚEveɞ,R,0,96,-0.356,-0.356,2,0,0,0,0,1,6,5,L,CAT tourniquet,173.7,53,7726.278,184,124,22,140,125,-9.081,45,0.59,0.125,-0.161,0.364,-0.137,-37.315,0.342,-17.029,-19.779,-46.453,-5.697,-63.091,21.283,-48.547,15.371,-63.638,35.7,-81.8,0,-100.6,-27.883,-88.371,7697.276,-4.969,-26.638,7698.262,2,Megu3568,-19.793,-43.395,0,0,0,0,0,0,0,2
178,7,1,9,9,0,0,2,0,0,0,255,255,255,88,7757.761,ʚEveɞ,R,0,138,-1.055,-0.616,0,60.087,-200,-0.152,-10.226,0,7,6,R,Roscosmos,174.754,54,0,0,0,0,0,0,0,0,0,0,0,0,-0.148,-37.149,-0.065,-17.292,-20.298,-48.375,-13.777,-61.054,22.598,-50.527,10.662,-65.587,35.7,-81.8,0,-100.6,-33.961,-88.726,0,0,0,0,0,,0,0,0,0,0,0,0,0,0,0
179,7,1,9,9,0,1,2,0,0,0,255,255,255,89,7782.293,ʚEveɞ,R,0,130,0.472,0.86,0,60.745,-180.191,0,0,0,7,6,R,Roscosmos,174.754,54,0,0,0,0,0,0,0,0,0,0,0,0,-0.097,-37.284,0.04,-16.982,-20.433,-48.309,-13.935,-61.597,22.521,-50.611,10.075,-65.132,35.7,-81.8,0,-100.6,-33.966,-88.792,0,0,0,0,0,,0,0,0,0,0,0,0,0,0,0
180,7,1,9,9,0,2,2,0,0,0,255,255,255,90,7802.031,ʚEveɞ,R,9,98,-1.405,0.713,0,314.332,-354.284,0,0,0,7,6,R,Roscosmos,174.754,54,0,0,0,0,0,0,0,0,0,0,0,0,-0.21,-37.166,0.012,-16.813,-20.256,-48.069,-13.931,-61.56,22.463,-50.616,10.09,-65.192,35.7,-81.8,0,-100.6,-33.961,-88.766,0,0,0,0,0,,0,0,0,0,0,0,0,0,0,0
181,7,0,9,9,0,0,0,0,0,0,255,255,255,83,7933.639,CAT tourniquet,L,0,125,0.529,1.021,0,-81.882,-129.243,0,0,0,3,5,R,아침땅_,174.6,54,0,0,0,0,0,0,0,0,0,0,0,0,0.104,-37.37,0.116,-16.706,-19.889,-46.329,-14.485,-64.006,21.652,-47.502,14.214,-61.023,40.341,-81.073,0.326,-104.373,-41.024,-81.614,0,0,0,0,0,,0,0,0,0,0,0,0,0,0,0
182,7,0,9,9,0,1,0,0,0,0,255,255,255,84,7950.217,CAT tourniquet,L,0,123,0.604,-1.208,1,0,0,0,0,0,3,5,R,아침땅_,174.6,54,0,0,0,0,0,0,0,0,0,0,0,0,0.132,-37.456,0.139,-16.752,-19.911,-46.359,-14.55,-64.058,21.651,-47.497,14.308,-61.124,40.285,-82.243,0.292,-104.894,-42.357,-85.697,0,0,0,0,0,,0,0,0,0,0,0,0,0,0,0
183,7,0,9,9,1,1,0,0,0,0,255,255,255,85,7969.386,CAT tourniquet,L,0,107,0.054,-1.12,1,-28.401,0,-0.144,-17.586,0,3,5,R,아침땅_,174.6,54,0,0,0,0,0,0,0,0,0,0,0,0,0.186,-37.706,-0.26,-16.723,-19.949,-46.389,-14.649,-63.981,21.672,-47.493,14.232,-61.043,39.937,-81.82,0.554,-105.839,-45.637,-81.216,0,0,0,0,0,,0,0,0,0,0,0,0,0,0,0
184,7,0,9,9,2,1,0,0,0,0,255,255,255,86,7986.315,CAT tourniquet,L,0,123,0.367,0.315,0,-54.467,-139.866,0,0,0,3,5,R,아침땅_,174.6,54,0,0,0,0,0,0,0,0,0,0,0,0,0.206,-37.232,0.099,-16.349,-19.949,-46.387,-14.406,-63.85,20.51,-47.018,15.113,-61.509,41.426,-84.046,0.553,-105.841,-43.849,-83.859,0,0,0,0,0,,0,0,0,0,0,0,0,0,0,0
185,7,0,9,9,2,2,0,0,0,0,255,255,255,87,8005.728,CAT tourniquet,L,0,125,-0.561,-0.353,2,-110.374,-131.662,0,0,1,3,5,R,아침땅_,174.6,54,8006.696,104,214,4,140,79,-41.641,-7.434,0.98,-0.006,-0.022,0.282,0.278,-37.124,0.111,-16.363,-20.121,-46.391,-14.536,-63.9,21.856,-47.294,15.122,-61.495,41.437,-84.047,0.453,-106.33,-44.153,-84.672,7977.494,-0.022,-20.052,7978.98,0,CAT tourniquet,2.024,-35.697,0,0,0,0,0,0,0,2
186,7,0,9,9,0,0,1,0,0,0,255,255,255,88,8039.111,CAT tourniquet,L,0,133,-2.104,1.173,1,-109.068,-73.228,0,0,0,4,4,R,별이__,174.6,54,0,0,0,0,0,0,0,0,0,0,0,0,-0.135,-37.485,-0.273,-16.73,-21.841,-48.521,-13.769,-62.343,21.939,-46.689,12.084,-62.635,37.016,-80.502,0.493,-104.556,-48.267,-78.678,0,0,0,0,0,,0,0,0,0,0,0,0,0,0,0
187,7,0,9,9,1,0,1,0,0,0,255,255,255,89,8056.804,CAT tourniquet,L,0,123,-0.079,0.595,0,-27.932,-106.929,0,0,0,4,4,R,별이__,174.6,28,0,0,0,0,0,0,0,0,0,0,0,0,0.032,-37.444,0.151,-16.715,-21.947,-48.616,-13.869,-62.393,22.17,-47.501,12.132,-62.659,37.03,-80.487,0.488,-104.532,-42.411,-85.07,0,0,0,0,0,,0,0,0,0,0,0,0,0,0,0
188,7,0,9,9,1,1,1,0,0,0,255,255,255,90,8074.221,CAT tourniquet,L,0,132,-3.804,1.759,4,-119.404,-114.206,0,0,1,4,4,R,별이__,174.6,28,0,0,0,0,0,0,0,0,0,0,0,0,-0.15,-37.419,-0.457,-16.634,-21.931,-48.612,-13.838,-62.265,22.19,-47.515,12.079,-62.477,37.348,-80.843,0.491,-104.531,-45.88,-82.658,0,0,0,0,0,,0,0,0,0,0,0,0,0,0,0
189,7,0,9,9,1,2,1,0,0,0,255,255,255,91,8102.251,CAT tourniquet,L,0,124,-1.7,-0.043,2,-110.618,-76.095,0,0,1,4,4,R,별이__,174.6,28,8103.218,160,131,0,135,64,38.469,36.069,1,-0.005,-0.071,0.308,0.277,-37.128,0.107,-16.805,-20.998,-48.336,-14.268,-64.056,20.989,-46.874,12.387,-62.659,37.372,-80.847,1.026,-101.603,-42.239,-85.936,0,0,0,8078.141,2,하루（Haru）,-26.903,-54.045,0,0,0,0,0,0,0,1
190,7,0,9,9,0,0,2,0,0,0,255,255,255,92,8141.015,CAT tourniquet,L,0,138,0.032,-0.213,0,-65.524,-154.647,0,0,0,5,1,R,ʚmingɞ,175.1,27,0,0,0,0,0,0,0,0,0,0,0,0,0.162,-37.444,0.023,-16.7,-21.973,-48.264,-17.195,-62.129,22.229,-48.125,13.111,-61.094,36.695,-78.457,0.272,-102.948,-42.217,-79.549,0,0,0,0,0,,0,0,0,0,0,0,0,0,0,0
191,7,0,9,9,0,1,2,0,0,0,255,255,255,93,8159.168,CAT tourniquet,L,0,130,-0.318,-0.434,0,-59.117,-87.277,0,0,0,5,1,R,ʚmingɞ,175.1,27,0,0,0,0,0,0,0,0,0,0,0,0,0.087,-37.404,0.016,-16.691,-21.764,-48.395,-17.083,-62.36,22.15,-48.168,12.069,-61.034,37.13,-79.186,0.177,-102.977,-41.778,-80.62,0,0,0,0,0,,0,0,0,0,0,0,0,0,0,0
192,7,0,9,9,0,2,2,0,0,0,255,255,255,94,8176.678,CAT tourniquet,L,0,72,0.641,0.544,0,8.641,18.599,0,0,0,5,1,R,ʚmingɞ,175.1,27,0,0,0,0,0,0,0,0,0,0,0,0,-0.069,-37.479,0.087,-16.561,-21.739,-48.539,-17.105,-62.458,21.825,-47.79,10.791,-60.952,37.822,-79.035,0.178,-102.98,-41.091,-82.144,0,0,0,0,0,,0,0,0,0,0,0,0,0,0,0
193,8,1,9,9,0,0,0,0,0,0,255,255,255,91,8232.098,ʚEveɞ,R,0,136,-0.068,0.915,0,136.665,-162.621,0,0,1,8,1,L,Pring__,180,83,0,0,0,0,0,0,0,0,0,0,0,0,-0.389,-37.053,0.049,-17.004,-20.551,-46.719,-4.204,-64.199,22.013,-48.306,15.492,-64.773,35.7,-81.8,0,-100.6,-32.652,-93.415,0,0,0,0,0,,0,0,0,0,0,0,0,0,0,0
194,8,1,9,9,0,1,0,0,0,0,255,255,255,92,8251.366,ʚEveɞ,R,9,107,-2.597,0.17,4,187.573,-400,-0.884,-17.234,1,8,1,L,Pring__,180,83,0,0,0,0,0,0,0,0,0,0,0,0,-0.34,-37.58,-0.01,-17.16,-20.385,-46.987,-6.227,-64.589,21.972,-48.261,15.474,-63.236,35.7,-81.8,0,-100.6,-32.664,-93.35,0,0,0,0,0,,0,0,0,0,0,0,0,0,0,0
195,8,1,9,9,0,2,0,0,0,0,255,255,255,93,8274.091,ʚEveɞ,R,10,116,0.227,-0.242,2,-131.181,400,0,0,1,8,1,L,Pring__,180,83,8274.899,124,165,3,135,110,-51.368,-6.214,0.09,-0.014,-0.043,0.324,-0.339,-37.189,0.006,-17.415,-20.641,-46.691,-6.094,-64.471,22.066,-48.37,15.69,-63.518,35.7,-81.8,0,-100.6,-32.668,-93.49,8245.741,0.107,-20.923,8249.31,3,crani,4.807,-64.582,1,0,0,0,0,0,0,2
196,8,1,9,9,0,0,0,1,0,0,1,255,255,94,8309.716,ʚEveɞ,R,0,134,0.953,1.262,2,55.051,-158.235,0,0,1,0,7,R,mungjungh,160,60,8310.612,201,82,1,132,115,112.549,-51.131,0.16,-0.069,-0.043,0.028,-0.336,-37.102,0.016,-17.328,-19.742,-41.098,-12.996,-62.457,23.056,-49.756,11.606,-65.392,35.7,-81.8,0,-100.6,-33.619,-93.226,0,0,0,0,0,,0,0,0,0,0,0,0,0,0,0
197,8,1,9,9,0,1,0,1,0,0,1,255,255,95,8333.718,ʚEveɞ,R,0,135,0.276,-0.575,2,80.675,-173.916,0,0,1,0,7,R,mungjungh,160,60,8334.556,229,121,0,144,108,-53.664,-15.418,-0.02,-0.107,-0.097,0.245,-0.316,-37.215,-0.009,-17.285,-19.596,-43.267,-13.058,-62.282,23.438,-51.836,9.828,-66.185,35.7,-81.8,0,-100.6,-34.034,-91.883,8310.278,15.79,-77.612,8313.265,0,ʚEveɞ,0.709,-54.72,1,0,0,0,0,0,0,0
198,8,1,9,9,0,0,0,1,1,0,7,1,255,96,8418.64,ʚEveɞ,R,9,84,-1.61,0.994,1,281.736,-337.466,0,0,0,1,4,L,-Alta-,179.7,54,0,0,0,0,0,0,0,0,0,0,0,0,0.026,-37.305,0.032,-17.079,-20.25,-46.269,-7.067,-65.76,19.285,-39.828,14.885,-63.492,35.7,-81.8,0,-100.6,-29.376,-84.308,0,0,0,0,0,,0,0,0,0,0,0,0,0,0,0
199,8,1,9,9,1,0,0,1,1,0,7,1,255,97,8436.403,ʚEveɞ,R,9,81,0.652,0.502,2,314.889,-259.104,0,0,1,1,4,L,-Alta-,179.7,77,8437.705,204,182,0,147,125,48.936,20.608,0.7,0.046,-0.141,0.358,-0.044,-37.002,-0.043,-17.205,-20.189,-46.32,-4.135,-65.418,20.579,-43.484,14.902,-63.929,35.7,-81.8,0,-100.6,-29.18,-87.752,8416.438,-21.505,-113.007,8418.118,8,ʚjingɞ,-20.94,-110.382,0,0,0,0,0,0,0,1
200,8,1,9,9,0,0,1,1,0,1,7,255,1,98,8493.047,ʚEveɞ,R,6,83,-0.757,-0.217,0,377.273,0,0,0,0,2,8,R,Dοpi,180.3,46,0,0,0,0,0,0,0,0,0,0,0,0,0.09,-37.215,0.006,-17.16,-19.682,-45.09,-12.611,-62.568,19.034,-39.903,10.142,-65.647,35.7,-81.8,0,-100.6,-30.102,-89.188,0,0,0,0,0,,0,0,0,0,0,0,0,0,0,0
201,8,1,9,9,0,1,1,1,0,1,7,255,1,99,8583.6,ʚEveɞ,R,2,89,-2.622,0.75,2,-315.897,-312.348,0,0,1,2,8,R,Dοpi,180.3,46,8584.677,136,195,63,143,112,40.513,46.685,0.92,-0.091,-0.049,0.013,-0.117,-37.495,0.393,-17.323,-19.748,-45.689,-13.596,-61.094,19.336,-40.2,9.449,-66.444,35.7,-81.8,0,-100.6,-30.846,-91.131,8560.04,-74.524,-72.804,0,0,,0,0,0,0,0,0,0,0,0,3
202,8,1,9,9,0,2,1,1,0,1,7,255,1,100,8608.555,ʚEveɞ,R,14,90,1.365,-1.177,2,319.446,312.348,0,0,1,2,8,R,Dοpi,180.3,54,8609.657,165,230,71,148,124,-78.788,-8.323,0.33,-0.107,-0.124,0.178,-0.372,-37.165,0.023,-17.348,-20.005,-45.188,-13.826,-61.177,19.261,-40.13,10.536,-66.279,35.7,-81.8,0,-100.6,-34.397,-87.119,8580.428,0.25,-20.979,8584.858,0,ʚEveɞ,3.126,-41.279,1,0,0,0,0,0,0,2
203,8,1,10,9,0,0,1,1,1,0,255,7,255,101,8648.316,ʚEveɞ,R,0,126,1.069,-0.321,0,57.021,-146.761,0,0,1,3,3,R,Multeinn,169.7,54,0,0,0,0,0,0,0,0,0,0,0,0,-0.171,-37.179,0.069,-17.006,-20.879,-45.079,-13.925,-62.298,19.722,-46.959,5.829,-64.119,35.701,-81.801,0,-100.602,-30.008,-82.253,0,0,0,0,0,,0,0,0,0,0,0,0,0,0,0
204,8,1,10,9,0,1,1,1,1,0,255,7,255,102,8698.026,ʚEveɞ,R,0,130,0.92,-0.727,2,76.126,-146.514,0,0,1,3,3,R,Multeinn,169.7,54,8699.019,219,93,14,140,90,111.133,42.01,-0.72,-0.12,-0.146,0.15,-0.338,-37.274,0.027,-17.147,-20.531,-45.739,-13.755,-62.626,20.042,-42.155,4.279,-63.938,35.701,-81.801,0,-100.601,-28.187,-84.466,8675.713,27.746,21.707,0,0,,0,0,0,0,0,0,0,0,0,0
205,8,1,10,9,0,2,1,1,1,0,255,7,255,103,8749.776,ʚEveɞ,R,0,129,1.105,-0.569,4,59.094,-192.399,0.286,-20.48,1,3,3,R,Multeinn,169.7,54,0,0,0,0,0,0,0,0,0,0,0,0,-0.187,-37.301,0.15,-17.782,-18.866,-44.461,-13.957,-62.463,19.576,-46.994,6.6,-63.52,35.7,-81.8,0,-100.6,-30.638,-83.63,0,0,0,0,0,,0,0,0,0,0,0,0,0,0,0
206,8,1,10,9,0,0,2,1,1,0,255,7,255,104,8815.995,ʚEveɞ,R,6,88,-0.004,0.615,0,357.86,-223.384,0,0,0,4,2,L,하루（Haru）,179.9,43,0,0,0,0,0,0,0,0,0,0,0,0,-0.145,-37.605,0.02,-17.283,-19.609,-45.079,-3.573,-64.149,20.92,-49.451,15.253,-63.424,35.701,-81.801,0,-100.601,-29.102,-88.014,0,0,0,0,0,,0,0,0,0,0,0,0,0,0,0
207,8,1,10,9,0,1,2,1,1,0,255,7,255,105,8841.924,ʚEveɞ,R,14,94,2.318,-1.068,1,333.644,312.348,0.79,-17.564,0,4,2,L,하루（Haru）,179.9,43,0,0,0,0,0,0,0,0,0,0,0,0,-0.09,-37.453,0.588,-17.362,-21.182,-43.488,-2.387,-62.776,22.128,-48.638,15.504,-64.067,35.7,-81.8,0,-100.6,-29.053,-87.954,0,0,0,0,0,,0,0,0,0,0,0,0,0,0,0
208,8,1,10,9,1,1,2,1,1,0,255,7,255,106,8863.299,ʚEveɞ,R,6,87,1.268,-0.228,2,395.455,0,0,0,1,4,2,L,하루（Haru）,179.9,43,8864.591,151,168,26,141,65,-52.16,-46.605,1,0.115,-0.097,0.304,-0.039,-37.43,0.021,-17.224,-20.402,-45.742,-2.974,-62.689,20.761,-45.002,15.004,-64.153,35.702,-81.801,0,-100.602,-29.778,-92.554,8835.384,0.895,-21.028,8837.855,4,별이__,20.904,-38.292,0,0,0,0,0,0,0,2
209,8,1,10,9,1,2,2,1,1,0,255,7,255,107,8888.373,ʚEveɞ,R,0,132,-0.686,-1.095,1,76.583,-170.265,0,0,0,4,2,L,하루（Haru）,179.9,54,0,0,0,0,0,0,0,0,0,0,0,0,-0.021,-37.28,0.021,-17.5,-21.807,-45.08,-3.604,-63.098,19.6,-41.243,15.86,-63.261,35.7,-81.8,0,-100.6,-28.137,-93.483,0,0,0,0,0,,0,0,0,0,0,0,0,0,0,0
210,8,1,10,9,2,2,2,1,1,0,255,7,255,108,8914.157,ʚEveɞ,R,0,134,-0.931,-0.236,2,71.169,-173.287,0,0,1,4,2,L,하루（Haru）,179.9,54,8915.311,201,83,0,132,117,19.902,-42.904,0.81,0.108,-0.096,0,-0.484,-37.015,0.013,-17.251,-20.449,-44.671,-3.738,-63.495,22.494,-48.755,15.355,-63.269,35.701,-81.801,0,-100.601,-28.085,-93.499,8889.255,61.762,-70.584,0,0,,0,0,0,0,0,0,0,0,0,3
211,8,1,10,9,2,2,2,1,1,0,255,7,255,109,8942.936,ʚEveɞ,R,6,91,-0.56,0.224,0,329.202,0,0,0,0,4,2,L,하루（Haru）,179.9,54,0,0,0,0,0,0,0,0,0,0,0,0,-0.059,-37.328,-0.014,-17.297,-20.403,-42.294,-1.847,-61.555,23.633,-47.261,15.688,-63.476,35.701,-81.801,0,-100.601,-27.277,-96.55,0,0,0,0,0,,0,0,0,0,0,0,0,0,0,0
212,8,0,10,9,0,0,0,0,0,0,255,255,255,95,9022.51,CAT tourniquet,L,0,108,0.247,-0.485,2,-34.998,-92.451,0,0,1,6,8,R,ʚjingɞ,175.1,54,9023.459,141,60,0,82,64,-72.09,-56.115,-0.39,-0.012,-0.021,0.289,0.218,-37.392,0.112,-16.872,-20.35,-46.967,-14.301,-63.99,20.907,-46.194,11.475,-61.143,37.249,-79.222,0.221,-101.935,-41.193,-80.222,8994.304,0.362,-19.913,8997.456,4,-Alta-,11.412,-38.403,0,0,0,0,0,0,0,2
213,8,0,10,9,0,0,1,0,0,0,255,255,255,96,9068.87,CAT tourniquet,L,0,123,1.141,0.747,0,-18.545,-121.657,0,0,0,0,0,L,ʚEveɞ,175.4,54,0,0,0,0,0,0,0,0,0,0,0,0,-0.069,-37.678,0.172,-16.547,-20.874,-47.537,-12.173,-63.831,20.079,-44.529,16.08,-61.143,39.184,-79.137,1.88,-102.904,-43.972,-86.561,0,0,0,0,0,,0,0,0,0,0,0,0,0,0,0
214,8,0,10,9,1,1,1,0,0,0,255,255,255,97,9091.543,CAT tourniquet,L,0,0,0,0,0,0,0,0,0,0,0,0,L,ʚEveɞ,175.4,54,0,0,0,0,0,0,0,0,0,0,0,0,0,0,0,0,0,0,0,0,0,0,0,0,0,0,0,0,0,0,0,0,0,0,0,,0,0,0,0,0,0,0,0,0,0
215,8,0,10,9,1,1,1,0,0,0,255,255,255,98,9164.231,CAT tourniquet,L,0,133,-0.965,0.572,2,-108.958,-184.198,0,0,1,0,0,L,ʚEveɞ,175.4,54,9165.133,108,105,0,129,79,-47.337,-52.459,-0.91,0.055,-0.086,0.308,0.159,-37.173,0.049,-16.678,-21.118,-48.569,-11.352,-64.195,21.645,-46.891,14.489,-63.029,40.276,-82.968,0.611,-108.018,-38.855,-89.09,9136.072,1.173,-19.825,0,0,,0,0,0,0,0,0,0,0,0,3
216,8,0,10,9,1,2,1,0,0,0,255,255,255,99,9190.914,CAT tourniquet,L,0,72,0.873,-0.539,0,7.397,6.227,0,0,0,0,0,L,ʚEveɞ,175.4,54,0,0,0,0,0,0,0,0,0,0,0,0,-0.169,-37.721,0.203,-16.805,-20.868,-48.415,-13.704,-63.132,19.449,-43.986,13.624,-63.628,38.216,-80.403,1.201,-106.33,-40.425,-87.185,0,0,0,0,0,,0,0,0,0,0,0,0,0,0,0
217,8,0,10,9,0,0,2,0,0,0,255,255,255,100,9221.878,CAT tourniquet,L,0,123,-1.239,1.25,1,-75.122,-97.061,0,0,0,1,2,R,Megu3568,175.2,54,0,0,0,0,0,0,0,0,0,0,0,0,-0.151,-37.627,-0.094,-16.533,-20.988,-46.619,-14.481,-62.725,21.409,-46.459,13.391,-63.276,40.284,-83.264,0.89,-108.323,-46.738,-77.288,0,0,0,0,0,,0,0,0,0,0,0,0,0,0,0
218,8,0,10,9,2,0,2,0,0,0,255,255,255,101,9268.151,CAT tourniquet,L,0,129,-1.481,1.06,1,-84.054,-161.117,0,0,0,1,2,R,Megu3568,175.2,54,0,0,0,0,0,0,0,0,0,0,0,0,-0.029,-37.368,-0.043,-16.454,-20.944,-47.929,-14.169,-64.07,19.651,-43.837,13.138,-63.441,36.083,-78.861,0.859,-108.335,-46.116,-75.322,0,0,0,0,0,,0,0,0,0,0,0,0,0,0,0
219,8,0,10,9,3,0,2,0,0,0,255,255,255,102,9284.955,CAT tourniquet,L,0,127,-0.428,1.445,1,-74.708,-191.647,0,0,0,1,2,R,Megu3568,175.2,54,0,0,0,0,0,0,0,0,0,0,0,0,-0.078,-37.467,-0.032,-16.525,-21.124,-47.966,-13.883,-63.219,20.664,-45.386,12.78,-62.144,36.085,-78.9,0.857,-108.342,-45.028,-76.954,0,0,0,0,0,,0,0,0,0,0,0,0,0,0,5
220,8,0,10,9,0,0,2,1,0,0,11,255,255,103,9316.408,CAT tourniquet,L,0,127,-1.381,-0.285,0,-104.355,-173.446,0,0,0,2,3,R,crani,174.4,54,0,0,0,0,0,0,0,0,0,0,0,0,0.04,-37.638,-0.09,-16.465,-17.973,-44.917,-9.048,-63.872,18.698,-45.623,9.342,-62.444,35.48,-77.483,0.863,-108.313,-44.101,-76.657,0,0,0,0,0,,0,0,0,0,0,0,0,0,0,0
221,8,0,10,9,0,1,2,0,0,1,255,255,11,104,9336.084,CAT tourniquet,L,0,138,0.145,-1.357,1,-69.372,-85.399,0,0,0,2,3,R,crani,174.4,54,0,0,0,0,0,0,0,0,0,0,0,0,0.106,-37.346,-0.086,-16.712,-21.674,-48.674,-13.908,-62.843,19.161,-39.738,13.816,-59.76,35.783,-79.399,0.879,-108.294,-45.301,-73.924,0,0,0,0,0,,0,0,0,0,0,0,0,0,0,0
222,8,0,10,9,1,1,2,0,0,1,255,255,11,105,9355.213,CAT tourniquet,L,0,127,-0.913,1.606,1,-5.302,-77.937,0,0,0,2,3,R,crani,174.4,54,0,0,0,0,0,0,0,0,0,0,0,0,0.087,-37.505,-0.947,-17.225,-20.923,-47.875,-13.853,-63.767,17.709,-41.106,13.377,-59.194,35.796,-79.36,0.876,-108.336,-39.516,-79.134,0,0,0,0,0,,0,0,0,0,0,0,0,0,0,0
223,8,0,10,9,2,1,2,0,0,1,255,255,11,106,9374.671,CAT tourniquet,L,0,120,0.66,0.498,0,15.344,-88.398,0,0,0,2,3,R,crani,174.4,54,0,0,0,0,0,0,0,0,0,0,0,0,0.009,-37.468,0.016,-16.799,-21.061,-47.581,-13.833,-64.349,19.446,-40.07,12.432,-58.074,35.762,-79.384,0.878,-108.313,-39.066,-79.877,0,0,0,0,0,,0,0,0,0,0,0,0,0,0,0
224,8,0,10,9,2,2,2,0,0,1,255,255,11,107,9393.927,CAT tourniquet,L,0,72,-2.02,-1.094,4,-4.144,-8.213,0,0,1,2,3,R,crani,174.4,54,0,0,0,0,0,0,0,0,0,0,0,0,-0.023,-37.544,-0.257,-17.221,-22.314,-48.629,-16.636,-60.256,18.683,-39.381,13.29,-60.259,34.723,-77.87,0.94,-108.245,-40.973,-78.021,0,0,0,0,0,,0,0,0,0,0,0,0,0,0,0
225,9,1,10,9,0,0,0,0,0,0,255,255,255,110,9457.731,ʚEveɞ,R,6,94,2.831,0.024,1,427.232,6.943,1.515,-12.313,0,5,5,R,Gonyong,190,54,0,0,0,0,0,0,0,0,0,0,0,0,-0.154,-37.465,0.268,-17.256,-21.156,-47.563,-13.866,-61.587,20.909,-52.122,10.109,-65.531,35.7,-81.8,0,-100.6,-34.612,-90.599,0,0,0,0,0,,0,0,0,0,0,0,0,0,0,0
226,9,1,10,9,2,0,0,0,0,0,255,255,255,111,9483.819,ʚEveɞ,R,0,0,0,0,0,0,0,0,0,0,5,5,R,Gonyong,190,54,0,0,0,0,0,0,0,0,0,0,0,0,0,0,0,0,0,0,0,0,0,0,0,0,0,0,0,0,0,0,0,0,0,0,0,,0,0,0,0,0,0,0,0,0,0
227,9,1,10,9,2,0,0,0,0,0,255,255,255,112,9504.84,ʚEveɞ,R,9,85,-0.849,0.292,2,301.699,-312.348,0,0,1,5,5,R,Gonyong,190,54,9506.037,88,143,43,131,125,-7.708,-25.404,0.6,-0.09,-0.054,0.112,-0.319,-37.01,0.026,-17.22,-21.717,-47.624,-13.856,-61.585,20.893,-52.136,10.612,-65.863,35.7,-81.8,0,-100.6,-33.27,-88.32,9476.995,2.963,-27.279,9478.343,4,별이__,15.174,-52.541,0,0,0,0,0,0,0,2
228,9,1,10,9,0,0,1,0,0,0,255,255,255,113,9580.629,ʚEveɞ,R,6,93,3.124,-0.067,1,422.727,0,0,0,0,6,0,L,CAT tourniquet,173.7,54,0,0,0,0,0,0,0,0,0,0,0,0,0.221,-37.341,0.309,-17.078,-20.672,-47.184,-6.725,-64.4,23.62,-53.114,15.115,-63.766,35.7,-81.8,0,-100.6,-32.447,-92.608,0,0,0,0,0,,0,0,0,0,0,0,0,0,0,0
229,9,1,10,9,1,0,1,0,0,0,255,255,255,114,9598.766,ʚEveɞ,R,9,89,-0.983,0.721,2,241.477,-400,0,0,1,6,0,L,CAT tourniquet,173.7,54,9599.948,118,112,21,132,87,119.446,48.251,-0.61,0.054,-0.053,0.284,-0.229,-36.873,-0.145,-17.176,-20.578,-47.054,-6.632,-64.398,25.503,-50.696,15.077,-63.718,35.7,-81.8,0,-100.6,-29.928,-91.9,0,0,0,0,0,,0,0,0,0,0,0,0,0,0,0
230,9,1,10,9,1,1,1,0,0,0,255,255,255,115,9621.64,ʚEveɞ,R,0,140,-0.069,0.226,0,52.116,-155.872,0,0,0,6,0,L,CAT tourniquet,173.7,54,0,0,0,0,0,0,0,0,0,0,0,0,-0.078,-37.067,0.08,-16.957,-20.736,-47.126,-7.634,-64.462,26.705,-49.799,15.152,-63.745,35.7,-81.8,0,-100.6,-32.19,-89.712,0,0,0,0,0,,0,0,0,0,0,0,0,0,0,0
231,9,1,10,9,1,2,1,0,0,0,255,255,255,116,9648.127,ʚEveɞ,R,0,134,-0.282,-0.259,0,56.146,-169.389,0,0,1,6,0,L,CAT tourniquet,173.7,54,0,0,0,0,0,0,0,0,0,0,0,0,-0.212,-36.967,0.092,-16.917,-20.825,-46.919,-7.664,-64.473,25.342,-51.014,15.505,-63.477,35.7,-81.8,0,-100.6,-30.997,-89.07,0,0,0,0,0,,0,0,0,0,0,0,0,0,0,0
232,9,1,10,9,0,0,2,0,0,0,255,255,255,117,9676.77,ʚEveɞ,R,0,133,0.903,-0.257,0,25.299,-147.408,0,0,0,7,6,R,Roscosmos,174.754,54,0,0,0,0,0,0,0,0,0,0,0,0,-0.122,-36.946,0.118,-17.03,-20.256,-45.67,-14.037,-63.127,26.464,-50.55,11.626,-65.28,35.7,-81.8,0,-100.6,-33.275,-91.474,0,0,0,0,0,,0,0,0,0,0,0,0,0,0,0
233,9,1,10,9,0,1,2,0,0,0,255,255,255,118,9695.081,ʚEveɞ,R,6,90,-1.19,-0.181,0,334.972,-3.37,0,0,0,7,6,R,Roscosmos,174.754,54,0,0,0,0,0,0,0,0,0,0,0,0,-0.175,-37.074,0.003,-17.007,-20.265,-45.731,-14.125,-63.21,24.759,-49.237,11.553,-65.41,35.7,-81.8,0,-100.6,-34.137,-91.493,0,0,0,0,0,,0,0,0,0,0,0,0,0,0,0
234,9,1,10,9,0,2,2,0,0,0,255,255,255,119,9715.038,ʚEveɞ,R,6,93,0.299,0.465,2,369.01,-243.926,0,0,0,7,6,R,Roscosmos,174.754,54,9716.06,85,201,27,134,120,44.506,-42.015,0.79,-0.039,-0.126,0,-0.186,-37.247,0.02,-17.156,-20.377,-45.479,-14.063,-63.264,25.826,-50.423,11.224,-65.467,35.7,-81.8,0,-100.6,-34.154,-91.457,9692.662,69.057,-98.918,0,0,,0,0,0,0,0,0,0,0,0,4
235,9,1,11,9,0,0,2,0,0,0,255,255,255,120,9763.407,ʚEveɞ,R,0,137,0.326,0.255,0,105.794,-200,0,0,0,8,1,L,Pring__,180,54,0,0,0,0,0,0,0,0,0,0,0,0,-0.292,-37.11,0.076,-16.911,-19.853,-45.65,-5.596,-65.897,24.867,-51.465,15.281,-63.525,35.7,-81.8,0,-100.6,-27.8,-85.78,0,0,0,0,0,,0,0,0,0,0,0,0,0,0,0
236,9,1,11,9,0,1,2,0,0,0,255,255,255,121,9781.718,ʚEveɞ,R,0,135,1.236,0.126,2,80.176,-186.841,0,0,1,8,1,L,Pring__,180,83,9782.392,138,146,0,135,127,102.017,64.065,0.55,-0.018,-0.062,0.298,-0.319,-37.168,0.275,-17.109,-19.78,-45.64,-5.523,-65.887,25.586,-52.286,15.26,-63.551,35.7,-81.8,0,-100.6,-28.747,-85.122,0,0,0,0,0,,0,0,0,0,0,0,0,0,0,0
237,9,1,11,9,0,2,2,0,0,0,255,255,255,122,9802.515,ʚEveɞ,R,0,136,0.114,1.358,2,23.952,-107.662,0,0,1,8,1,L,Pring__,180,83,9803.198,117,121,0,131,126,47.3,24.829,0.43,-0.006,-0.06,0.271,-0.375,-37.087,0.026,-16.935,-19.983,-45.512,-5.512,-65.953,27.629,-53.255,15.604,-63.052,35.7,-81.8,0,-100.6,-28.966,-90.328,9780.268,-26.617,-119.896,9786.795,3,crani,-11.187,-76.375,1,0,0,0,0,0,0,0
238,9,1,11,9,0,0,2,0,1,0,255,1,255,123,9848.138,ʚEveɞ,R,0,140,1.187,-0.363,2,59.81,-146.517,0,0,1,0,7,R,mungjungh,160,54,9848.967,213,100,2,139,84,18.627,27.057,-0.95,-0.076,-0.062,0.125,-0.321,-37.052,0.139,-17.22,-21.026,-47.189,-13.414,-62.096,24.203,-51.417,2.949,-62.256,35.7,-81.8,0,-100.6,-31.226,-88.747,9822.028,-23.447,-57.202,9824.528,8,ʚjingɞ,-38.315,-80.713,1,0,0,0,0,0,0,2
239,9,1,11,9,0,0,2,1,0,1,7,255,1,124,9917.074,ʚEveɞ,R,6,95,0.069,0.456,2,431.818,0,0,0,1,1,4,L,-Alta-,179.7,54,9918.196,196,161,0,144,128,38.839,-6.229,0.47,0.02,-0.073,0.381,-0.331,-37.322,0.001,-17.14,-20.09,-45.221,-3.748,-66.625,22.998,-50.741,15.125,-63.963,35.7,-81.8,0,-100.6,-32.116,-87.71,9895.469,33.919,-126.742,0,0,,0,0,0,0,0,0,0,0,0,4
240,9,1,13,9,0,0,2,0,0,0,255,255,255,125,9968.63,ʚEveɞ,R,0,138,0.852,0.869,0,138.513,-154.834,0,0,1,2,8,R,Dοpi,180.3,54,0,0,0,0,0,0,0,0,0,0,0,0,-0.011,-37.573,0.028,-17.207,-20.88,-45.832,-14.178,-61.917,20.57,-51.254,11.363,-65.803,35.7,-81.8,0,-100.6,-29.335,-80.514,0,0,0,0,0,,0,0,0,0,0,0,0,0,0,0
241,9,1,13,9,0,1,2,0,0,0,255,255,255,126,9982.573,ʚEveɞ,R,0,138,1.81,0.829,4,91.076,-172.018,1.029,-17.026,1,2,8,R,Dοpi,180.3,54,0,0,0,0,0,0,0,0,0,0,0,0,-0.041,-37.481,0.032,-17.207,-20.736,-45.794,-14.105,-61.833,21.902,-52.425,10.96,-65.324,35.7,-81.8,0,-100.6,-29.104,-80.228,0,0,0,0,0,,0,0,0,0,0,0,0,0,0,0
242,9,1,13,9,0,2,2,0,0,0,255,255,255,127,10002.82,ʚEveɞ,R,0,133,1.512,-0.026,4,94.704,-200,0,0,1,2,8,R,Dοpi,180.3,54,0,0,0,0,0,0,0,0,0,0,0,0,0.059,-37.23,0.063,-17.126,-20.321,-43.675,-14.118,-61.897,21.235,-52.013,11.275,-65.496,35.7,-81.8,0,-100.6,-27.557,-84.392,0,0,0,0,0,,0,0,0,0,0,0,0,0,0,0
243,9,0,13,9,0,0,0,0,0,0,255,255,255,108,10115.31,Roscosmos,L,0,135,-1.885,0.816,1,-73.382,-200,0,0,0,3,5,R,아침땅_,174.6,54,0,0,0,0,0,0,0,0,0,0,0,0,-0.181,-37.663,-0.179,-16.739,-21.551,-48.078,-14.488,-63.482,21.128,-46.547,15.089,-62.621,38.145,-88.421,-0.243,-109.49,-45.981,-75.819,0,0,0,0,0,,0,0,0,0,0,0,0,0,0,0
244,9,0,13,9,1,0,0,0,0,0,255,255,255,109,10131.76,Roscosmos,L,0,136,-0.436,1.204,1,-111.151,-200,0,0,0,3,5,R,아침땅_,174.6,54,0,0,0,0,0,0,0,0,0,0,0,0,-0.044,-37.581,0.053,-16.716,-21.325,-47.426,-14.462,-63.389,21.549,-46.254,15.234,-62.708,38.087,-88.477,-0.247,-109.466,-38.693,-79.69,0,0,0,0,0,,0,0,0,0,0,0,0,0,0,0
245,9,0,13,9,2,0,0,0,0,0,255,255,255,110,10150.85,Roscosmos,L,10,111,-0.788,-1.675,1,0,399.555,-0.076,-17.4,0,3,5,R,아침땅_,174.6,54,0,0,0,0,0,0,0,0,0,0,0,0,-0.116,-37.439,-0.048,-17.096,-21.422,-47.204,-14.473,-63.445,19.749,-45.421,15.279,-62.747,38.064,-88.476,-0.263,-109.497,-46.404,-76.176,0,0,0,0,0,,0,0,0,0,0,0,0,0,0,0
246,9,0,13,9,3,0,0,0,0,0,255,255,255,111,10168.67,Roscosmos,L,0,140,-0.128,-0.694,0,-160.582,-181.139,0,0,0,3,5,R,아침땅_,174.6,54,0,0,0,0,0,0,0,0,0,0,0,0,-0.126,-37.809,0.06,-16.693,-20.634,-47.524,-14.429,-63.414,18.286,-44.06,15.294,-63.007,38.141,-88.425,-0.253,-109.526,-41.46,-80.389,0,0,0,0,0,,0,0,0,0,0,0,0,0,0,0
247,9,0,13,9,3,1,0,0,0,0,255,255,255,112,10188.16,Roscosmos,L,7,97,-1.894,0.835,4,-237.573,0,0,0,1,3,5,R,아침땅_,174.6,54,0,0,0,0,0,0,0,0,0,0,0,0,0.133,-37.82,-0.214,-16.552,-20.661,-46.993,-14.386,-63.558,20.309,-45.578,15.325,-63.217,38.128,-88.417,-0.183,-109.553,-44.854,-75.145,0,0,0,0,0,,0,0,0,0,0,0,0,0,0,0
248,9,0,13,9,3,2,0,0,0,0,255,255,255,113,10206.82,Roscosmos,L,3,90,1.97,1.062,1,350.251,0,0,0,0,3,5,R,아침땅_,174.6,54,0,0,0,0,0,0,0,0,0,0,0,0,-0.027,-37.876,0.109,-16.545,-20.602,-46.504,-14.427,-63.484,20.854,-46.524,15.197,-63.021,38.089,-88.461,0.004,-109.795,-39.76,-80.909,0,0,0,0,0,,0,0,0,0,0,0,0,0,0,5
249,9,0,13,9,0,0,0,1,0,0,14,255,255,114,10236.85,Roscosmos,L,0,138,-1.037,0.829,0,93.374,-200,0,0,0,4,4,R,별이__,174.6,54,0,0,0,0,0,0,0,0,0,0,0,0,-0.072,-37.71,-0.065,-16.497,-18.938,-45.197,-12.252,-64.058,18.765,-44.379,4.565,-61.973,37.958,-87.772,0.002,-109.764,-43.09,-79.479,0,0,0,0,0,,0,0,0,0,0,0,0,0,0,0
250,9,0,13,9,0,1,0,1,0,0,14,255,255,115,10261.51,Roscosmos,L,0,0,0,0,0,0,0,0,0,0,4,4,R,별이__,174.6,28,0,0,0,0,0,0,0,0,0,0,0,0,0,0,0,0,0,0,0,0,0,0,0,0,0,0,0,0,0,0,0,0,0,0,0,,0,0,0,0,0,0,0,0,0,0
251,9,0,13,9,1,1,0,1,0,0,14,255,255,116,10439.85,Roscosmos,L,3,100,0.78,0.961,2,307.822,5.992,0,0,1,4,4,R,별이__,174.6,28,10440.87,223,198,19,151,118,19.212,25.65,0.84,0.039,-0.012,0.463,-0.058,-37.464,0.106,-16.564,-17.796,-42.059,-13.881,-63.883,21.567,-48.272,6.893,-62.406,38.163,-86.923,0.233,-106.605,-40.108,-81.037,10414.63,-32.723,-91.771,10419.28,7,mungjungh,-30.383,-109.219,1,0,0,0,0,0,0,2
252,9,0,13,9,0,0,0,1,1,0,255,14,255,117,10484.5,Roscosmos,L,0,140,-0.576,-0.407,0,-152.249,-200,0,0,0,5,1,R,ʚmingɞ,175.1,27,0,0,0,0,0,0,0,0,0,0,0,0,-0.187,-37.823,-0.009,-16.786,-19.589,-46.631,-14.247,-63.752,18.946,-39.655,9.146,-61.282,38.513,-78.701,1.413,-111.718,-43.456,-83.916,0,0,0,0,0,,0,0,0,0,0,0,0,0,0,0
253,9,0,13,9,0,1,0,1,1,0,255,14,255,118,10504.92,Roscosmos,L,0,140,-0.205,0.252,0,-221.295,-200,0.042,-16.879,1,5,1,R,ʚmingɞ,175.1,27,0,0,0,0,0,0,0,0,0,0,0,0,-0.178,-37.507,-0.085,-16.82,-19.551,-45.96,-14.886,-63.112,19.419,-40.176,13.65,-60.816,39.678,-80.185,1.415,-111.711,-43.67,-84.811,0,0,0,0,0,,0,0,0,0,0,0,0,0,0,0
254,9,0,13,9,0,2,0,1,1,0,255,14,255,119,10526.25,Roscosmos,L,0,140,-0.358,0.929,0,-80.373,-200,0,0,1,5,1,R,ʚmingɞ,175.1,27,0,0,0,0,0,0,0,0,0,0,0,0,0.042,-37.433,-0.149,-17.179,-19.571,-43.684,-13.869,-64.047,19.227,-42.192,15.712,-61.62,39.681,-80.194,0.377,-111.995,-44.045,-82.216,0,0,0,0,0,,0,0,0,0,0,0,0,0,0,0
255,9,0,13,9,0,0,1,1,1,0,255,14,255,120,10553.08,Roscosmos,L,0,134,-0.819,-0.443,0,-61.082,-105.628,0,0,1,6,8,R,ʚjingɞ,175.1,55,0,0,0,0,0,0,0,0,0,0,0,0,0.055,-37.725,0,-16.667,-19.919,-46.224,-14.854,-62.614,19.27,-40.054,15.759,-61.611,43.586,-83.781,2.68,-110.648,-43.31,-81.73,0,0,0,0,0,,0,0,0,0,0,0,0,0,0,0
256,9,0,13,9,0,1,1,1,1,0,255,14,255,121,10571.83,Roscosmos,L,0,140,-0.747,-0.37,2,-204.086,-169.128,0,0,1,6,8,R,ʚjingɞ,175.1,55,10572.69,147,72,0,103,103,-61.946,-36.316,0.54,-0.007,-0.025,0.204,0.132,-36.933,0.002,-16.785,-19.923,-46.232,-14.901,-62.755,19.781,-43.021,20.856,-60.08,43.57,-83.787,0.847,-112.666,-47.05,-78.25,10543.51,0.122,-20.126,10546.18,4,-Alta-,18.318,-44.881,0,0,0,0,0,0,0,2
257,9,0,13,10,0,0,2,0,1,0,255,13,255,122,10650.7,Roscosmos,L,0,126,-1.7,-0.473,2,-27.96,-107.403,0,0,1,0,0,L,ʚEveɞ,175.4,55,10651.49,193,178,6,145,89,40.854,-40.829,-0.92,0.095,-0.15,0.551,0.031,-37.357,0.014,-16.752,-20.634,-47.213,-12.508,-63.551,20.324,-45.913,15.121,-58.007,46.36,-84.792,1.673,-103.567,-39.38,-83.199,0,0,0,10627.09,6,CAT tourniquet,36.525,-77.693,0,0,0,0,0,0,0,1