id,inn,half,scoreA,scoreB,ball,strk,out,b1,b2,b3,b1Idx,b2Idx,b3Idx,pCnt,pSec,pName,pHand,pType,pPow,spdK,zoneX,zoneY,startX,startY,targetX,targetY,zDist,pitchAngle,call,balk,sH,sV,gyro,plx,plz,bSwing,bIdx,bPos,bZone,bName,bHCm,batLen,batCen,batType,bFps,bOS,bVR,hSec,rotS,rotL,shS,lgS,prepS,batSpd,ev,ldeg,sdeg,hPos,buntGrip,handDist,angVeloX,angVeloY,angVeloZ,PPosX,PPosY,PThrSpd,CName,CPosX,CPosY,CThrSpd,1BName,1BPosX,1BPosY,1BThrSpd,2BName,2BPosX,2BPosY,2BThrSpd,3BName,3BPosX,3BPosY,3BThrSpd,SSName,SSPosX,SSPosY,SSThrSpd,LFName,LFPosX,LFPosY,LFThrSpd,CFName,CFPosX,CFPosY,CFThrSpd,RFName,RFPosX,RFPosY,RFThrSpd,ltSec,lx,lz,cSec,cPos,cPlr,cx,cz,1BSafe,tag,cpSec,sb2Sec,sb3Sec,sbhSec,ass,result
1,1,1,0,0,0,0,0,0,0,0,255,255,255,0,251.89,"encounter v",R,32,89,140,1.142,0.429,0.442,1.814,0.197,1.703,-36.685,24.994,0,0,250,-200,19.709,0,0,1,0,1,R,"_이누_",190,89.841,0.451,0,73,W,Y,0,0,0,0,0,0,0,0,0,0,0,0,0,0,0,0,0.159,-37.648,0,"Kr_Luna",0.011,-17.803,0,"mochi_2929",-19.775,-46.04,0,"「론구」",-16.204,-63.082,0,"Pring__",23.035,-48.494,0,"_송글_",9.169,-65.282,0,"AI",40.9,-90.65,0,"AI",0,-109.84,0,"Sabo_10",-42.676,-91.511,0,0,0,0,0,0,"",0,0,0,0,253.067,,,,0,0
2,1,1,0,0,0,1,0,0,0,0,255,255,255,1,263.744,"encounter v",R,1,39,98,-1.405,-0.039,0.389,1.82,-0.05,1.723,-36.685,24.279,0,0,-1.217,-2.338,-6.53,0,0,1,0,1,R,"_이누_",190,89.841,0.451,0,73,W,Y,0,0,0,0,0,0,0,0,0,0,0,0,0,0,0,0,0.249,-37.633,0,"Kr_Luna",0.043,-17.615,0,"mochi_2929",-19.704,-46.02,0,"「론구」",-16.21,-63.129,0,"Pring__",21.429,-47.043,0,"_송글_",8.771,-65.304,0,"AI",40.9,-90.65,0,"AI",0,-109.84,0,"Sabo_10",-45.767,-92.541,0,0,0,0,0,0,"",0,0,0,0,265.158,,,,0,0
3,1,1,0,0,0,2,0,0,0,0,255,255,255,2,275.036,"encounter v",R,1,38,98,1.635,0.806,0.417,1.992,0.079,2.28,-36.685,38.632,2,0,-5.58,-0.146,-1.659,0,0,1,0,1,R,"_이누_",190,89.841,0.451,0,73,W,Y,276.281,150,87,75,81,44,145,123,-12.528,31.673,0.13,0,0.134,-8.256,-2.052,6.837,0.2,-37.308,0,"Kr_Luna",0.045,-17.646,0,"mochi_2929",-19.283,-46.258,86,"「론구」",-16.159,-63.034,0,"Pring__",21.726,-47.664,0,"_송글_",9.12,-65.422,0,"AI",40.9,-90.65,0,"AI",0,-109.84,0,"Sabo_10",-46.044,-93.374,0,276.383,-2.895,-24.917,277.65,2,"mochi_2929",-15.45,-45.238,0,0,,,,,17,2
4,1,1,0,0,0,0,1,0,0,0,255,255,255,3,298.028,"encounter v",R,0,50,107,0.056,-0.081,0.403,1.773,0.012,1.562,-36.685,35.227,2,0,0,0,-3.548,0,0,1,1,3,R,"소솨소솨",170.4,80,0.405,3,71,W,Y,299.104,255,217,111,95,44,145,80,96.759,-45.28,1,0,0.619,-6.899,299.037,425.595,0.085,-37.218,0,"Kr_Luna",0.007,-17.548,119,"mochi_2929",-19.537,-47.935,0,"「론구」",-16.95,-62.382,0,"Pring__",21.81,-48.633,0,"_송글_",8.959,-65.896,0,"AI",40.9,-90.65,0,"AI",0,-109.84,0,"Sabo_10",-45.704,-93.962,0,0,0,0,304.933,1,"Kr_Luna",-13.663,-10.755,0,0,304.933,,,,33,1
5,1,1,0,0,0,0,2,0,0,0,255,255,255,4,324.945,"encounter v",R,0,46,104,1.139,0.116,0.503,1.806,0.48,1.68,-36.685,42.848,0,0,0,0,-5.933,0,0,1,2,8,R,"うよすま",175.4,92.834,0.601,0,70,W,Y,0,0,0,0,0,0,0,0,0,0,0,0,0,0,0,0,0.189,-37.481,0,"Kr_Luna",-0.111,-17.543,0,"mochi_2929",-19.055,-45.372,0,"「론구」",-15.666,-63.435,0,"Pring__",21.715,-48.458,0,"_송글_",7.457,-65.669,0,"AI",40.9,-90.65,0,"AI",0,-109.84,0,"Sabo_10",-47.886,-91.978,0,0,0,0,0,0,"",0,0,0,0,326.3,,,,0,0
6,1,1,0,0,0,1,2,0,0,0,255,255,255,5,338.198,"encounter v",R,32,79,129,4.192,-0.64,0.727,1.678,1.52,1.231,-36.685,53.436,4,0,250,-79.657,-13.861,1.815,-20.228,1,2,8,R,"うよすま",175.4,92.834,0.601,0,70,W,Y,0,0,0,0,0,0,0,0,0,0,0,0,0,0,0,0,0.223,-37.383,0,"Kr_Luna",1.279,-18.777,0,"mochi_2929",-19.18,-45.318,0,"「론구」",-15.628,-63.317,0,"Pring__",22.134,-48.796,0,"_송글_",8.035,-65.636,0,"AI",40.9,-90.65,0,"AI",0,-109.84,0,"Sabo_10",-47.536,-92.593,0,0,0,0,0,0,"",0,0,0,0,342.2,,,,0,0
7,1,1,0,0,2,1,2,0,0,0,255,255,255,6,373.024,"encounter v",R,32,86,139,1.993,0.574,0.51,1.824,0.512,1.742,-36.685,35.347,2,0,250,-200,0.4,0,0,1,3,8,R,"うよすま",175.4,92.834,0.601,3,53,W,Y,374.129,99,45,140,48,5,136,115,8.697,30.428,0.74,0.095,0.466,316.066,405.406,-309.433,0.314,-37.372,0,"Kr_Luna",0.089,-17.557,0,"mochi_2929",-18.703,-45.765,77,"「론구」",-15.603,-63.287,0,"Pring__",23.005,-49.299,0,"_송글_",8.21,-65.732,0,"AI",40.9,-90.65,0,"AI",0,-109.84,0,"Sabo_10",-47.644,-90.273,108,376.867,-39.991,-79.726,377.333,8,"Sabo_10",-40.284,-80.116,1,0,,,,,81,2
8,1,1,0,0,0,0,2,1,0,0,8,255,255,7,399.226,"encounter v",R,32,82,134,-0.135,0.092,0.318,1.757,-0.379,1.517,-36.685,14.553,2,0,250,-159.03,-5.743,0,0,1,3,4,R,"Muna_328",190,90.095,0.416,3,67,W,Y,400.34,182,90,131,37,0,145,130,9.847,19.267,0.54,0,0.762,416.926,115.979,-99.159,0.159,-37.247,0,"Kr_Luna",-0.009,-17.565,0,"mochi_2929",-18.389,-45.917,0,"「론구」",-18.086,-61.406,0,"Pring__",23.177,-48.758,0,"_송글_",7.752,-65.551,0,"AI",40.9,-90.65,0,"AI",0,-109.84,0,"Sabo_10",-44.98,-90.249,0,403.917,-34.89,-114.215,406.95,8,"Sabo_10",-33.364,-115.487,1,0,,405.34,410.208,415.529,65,2
9,1,1,1,0,0,0,2,0,1,0,255,4,255,8,435.296,"encounter v",R,32,76,127,-1.727,-1.864,-0.057,1.512,-1.074,0.357,-36.685,90.346,4,0,250,-200,8.404,0,0,1,4,6,R,"아침땅_",160,95.405,0.5,0,66,W,Y,0,0,0,0,0,0,0,0,0,0,0,0,0,0,0,0,0.048,-37.207,0,"Kr_Luna",0.005,-17.538,0,"mochi_2929",-19.321,-46.68,0,"「론구」",-16.623,-62.863,0,"Pring__",21.254,-46.157,0,"_송글_",4.24,-62.958,0,"AI",40.9,-90.65,0,"AI",0,-109.84,0,"Sabo_10",-41.743,-90.278,0,0,0,0,0,0,"",0,0,0,0,436.375,437.788,,,0,0
10,1,1,1,0,0,1,2,0,1,0,255,4,255,9,450.732,"encounter v",R,32,84,136,-0.216,0.37,0.304,1.778,-0.448,1.572,-36.685,20.218,0,0,250,-200,2.766,0,0,0,4,6,R,"아침땅_",160,95.405,0.5,0,36,W,Y,0,0,0,0,0,0,0,0,0,0,0,0,0,0,0,0,0.135,-37.346,0,"Kr_Luna",-0.007,-17.513,0,"mochi_2929",-19.618,-46.763,0,"「론구」",-16.523,-62.91,0,"Pring__",21.016,-46.648,0,"_송글_",6.692,-63.458,0,"AI",40.9,-90.65,0,"AI",0,-109.84,0,"Sabo_10",-43.686,-92.545,0,0,0,0,0,0,"",0,0,0,0,451.725,453.271,,,0,0
11,1,1,1,0,0,2,2,0,1,0,255,4,255,10,462.556,"encounter v",R,13,76,114,1.003,-0.519,-0.241,1.755,-0.189,1.828,-36.523,40.557,0,0,359.669,347.33,-0.781,0.707,-18.271,1,4,6,R,"아침땅_",160,95.405,0.5,2,36,W,Y,463.48,158,98,107,88,42,145,79,53.58,39.152,-0.87,0.095,0.389,-36.383,-270.886,0.294,0.095,-37.138,0,"Kr_Luna",0.006,-17.419,0,"mochi_2929",-19.598,-46.759,0,"「론구」",-15.081,-63.317,89,"Pring__",21.599,-45.707,0,"_송글_",8.052,-62.196,0,"AI",40.9,-90.65,0,"AI",0,-109.84,0,"Sabo_10",-44.179,-94.216,0,0,0,0,468.567,3,"「론구」",-30.034,-61.691,0,0,495.333,,468.658,,151,1
12,1,0,1,0,0,0,0,0,0,0,255,255,255,0,572.789,"_Chun",L,26,78,128,-0.788,0.341,-0.232,1.814,-0.317,1.666,-36.523,56.531,2,0,-14.343,-156.147,-3.16,0,0,1,0,2,R,"mochi_2929",190,92,0.463,5,39,W,Y,573.865,227,110,182,76,71,145,127,92.105,20.624,0.72,0,0.217,123.972,79.978,565.97,-0.034,-37.048,0,"_이누_",-0.072,-17.201,120,"CoalCat",-18.546,-47.203,0,"소솨소솨",-11.444,-65.092,0,"Muna_328",22.329,-48.165,0,"k@ster",8.746,-66.063,0,"아침땅_",36.449,-93.033,0,"AI",0,-109.84,0,"うよすま",-44.848,-85.954,0,582.417,-11.39,-10.886,582.617,1,"_이누_",-11.4,-10.95,0,0,582.617,,,,129,1
13,1,0,1,0,0,0,1,0,0,0,255,255,255,1,600.307,"_Chun",L,26,93,140,0.202,0.146,-0.145,1.725,0.026,1.514,-36.523,27.086,0,0,58.148,-181.742,-11.614,0,0,0,1,3,R,"「론구」",174.2,80,0.2,0,68,W,Y,0,0,0,0,0,0,0,0,0,0,0,0,0,0,0,0,-0.281,-36.931,0,"_이누_",-0.002,-17.097,0,"CoalCat",-18.937,-46.68,0,"소솨소솨",-13.892,-63.947,0,"Muna_328",23.665,-48.113,0,"k@ster",8.652,-64.311,0,"아침땅_",36.373,-91.118,0,"AI",0,-109.84,0,"うよすま",-46.884,-84.875,0,0,0,0,0,0,"",0,0,0,0,601.725,,,,0,0
14,1,0,1,0,0,1,1,0,0,0,255,255,255,2,609.17,"_Chun",L,26,90,140,-1.329,1.349,-0.026,1.723,0.573,1.494,-36.523,21.072,2,0,127.671,-200,-24.848,0,0,1,1,3,R,"「론구」",174.2,80,0.2,0,68,W,Y,610.203,105,83,75,81,48,135,81,-25.034,-31.513,-1,0,0.176,34.269,-531.755,273.611,-0.191,-37.035,0,"_이누_",0.022,-17.12,0,"CoalCat",-18.942,-46.647,0,"소솨소솨",-13.786,-64.412,0,"Muna_328",23.678,-48.21,0,"k@ster",8.674,-64.355,85,"아침땅_",36.444,-91.227,94,"AI",0,-109.84,0,"うよすま",-47.848,-86.93,0,610.242,1.47,-21.644,615.067,6,"아침땅_",30.531,-71.951,1,0,,,,,176,2
15,1,0,1,0,0,0,1,1,0,0,13,255,255,3,640.819,"_Chun",L,26,87,140,-2.244,0.611,-0.37,1.811,-1.051,1.716,-36.523,39.015,1,0,71.576,-200,-6.363,-0.568,-17.613,0,2,5,R,"_송글_",163.5,91.844,0.315,0,69,W,Y,0,0,0,0,0,0,0,0,0,0,0,0,0,0,0,0,-0.113,-37.233,0,"_이누_",-0.335,-17.044,0,"CoalCat",-18.427,-44.544,0,"소솨소솨",-12.697,-64.71,0,"Muna_328",24.397,-49.385,0,"k@ster",6.791,-64.728,0,"아침땅_",32.946,-88.824,0,"AI",0,-109.84,0,"うよすま",-43.632,-81.763,0,0,0,0,0,0,"",0,0,0,0,643.633,,,,0,0
16,1,0,1,0,1,0,1,1,0,0,13,255,255,4,653.591,"_Chun",L,26,88,140,-0.88,-1.871,-0.235,1.404,-0.443,0.376,-36.523,22.819,1,0,49.285,-200,-17.484,-0.134,-17.099,0,2,5,R,"_송글_",163.5,91.844,0.315,0,69,W,Y,0,0,0,0,0,0,0,0,0,0,0,0,0,0,0,0,-0.183,-37.031,120,"_이누_",-0.285,-17.547,0,"CoalCat",-18.564,-43.461,0,"소솨소솨",-12.595,-64.721,0,"Muna_328",24.77,-49.82,0,"k@ster",8.101,-65.609,0,"아침땅_",33.505,-88.998,0,"AI",0,-109.84,0,"うよすま",-45.904,-79.445,0,0,0,0,0,0,"",0,0,0,0,654.867,,,,0,0
17,1,0,1,0,2,0,1,1,0,0,13,255,255,5,681.901,"_Chun",L,14,88,126,1.278,-0.323,0.09,1.815,1.138,1.816,-36.523,22.321,2,0,-379.688,325.326,-25.247,0,0,1,2,5,R,"_송글_",163.5,91.844,0.315,5,69,W,Y,682.869,149,67,122,70,0,145,113,-18.334,5.286,0.16,0,0.374,19.614,444.66,-233.387,0.326,-37.425,0,"_이누_",0.092,-17.134,0,"CoalCat",-18.214,-44.303,0,"소솨소솨",-12.429,-64.712,0,"Muna_328",24.79,-49.772,0,"k@ster",8.134,-65.103,0,"아침땅_",33.494,-88.993,0,"AI",0,-109.84,0,"うよすま",-48.829,-85.348,0,682.867,0.034,-21.817,686.683,7,"AI",-5.483,-95.728,0,0,,687.276,,,160,2
18,1,0,1,0,0,0,1,1,1,0,13,255,255,6,713.488,"_Chun",L,14,87,126,-1.088,-0.826,-0.146,1.687,-0.019,1.391,-36.523,20.299,0,0,-359.328,347.683,0,0,0,0,3,4,L,"Pring__",184.1,92.818,0.485,0,83,W,Y,0,0,0,0,0,0,0,0,0,0,0,0,0,0,0,0,-0.186,-37.382,0,"_이누_",-0.168,-17.138,0,"CoalCat",-17.967,-44.292,0,"소솨소솨",-10.705,-66.089,0,"Muna_328",22.116,-45,0,"k@ster",10.583,-64.752,0,"아침땅_",45.513,-98.651,0,"AI",0,-109.84,0,"うよすま",-47.25,-86.411,0,0,0,0,0,0,"",0,0,0,0,714.842,716.052,,,0,0
19,1,0,1,0,0,1,1,1,1,0,13,255,255,7,729.257,"_Chun",L,10,82,123,3.776,-0.657,0.078,1.788,1.63,1.625,-36.523,22.097,4,0,12.2,400,0,0,0,1,3,4,L,"Pring__",184.1,92.818,0.485,0,83,W,Y,0,0,0,0,0,0,0,0,0,0,0,0,0,0,0,0,0.159,-37.187,0,"_이누_",0.81,-17.624,0,"CoalCat",-18.35,-42.211,0,"소솨소솨",-5.948,-65.94,0,"Muna_328",23.141,-46.393,0,"k@ster",11.431,-63.891,0,"아침땅_",47.426,-97.167,0,"AI",0,-109.84,0,"うよすま",-47.836,-85.424,0,0,0,0,0,0,"",0,0,0,0,730.575,732.268,,,0,0
20,1,0,1,0,0,2,1,1,1,0,13,255,255,8,747.147,"_Chun",L,26,81,131,-1.399,0.271,-0.302,1.78,-0.655,1.591,-36.523,30.519,2,0,41.398,-182.142,0,0,0,1,3,4,L,"Pring__",184.1,92.818,0.485,5,83,W,Y,748.057,217,124,113,130,64,145,86,95.77,10.166,-0.93,0,0.478,528.839,-165.475,227.482,-0.169,-37.059,0,"_이누_",-0.212,-17.269,0,"CoalCat",-18.452,-44.748,0,"소솨소솨",-7.938,-66.274,0,"Muna_328",22.782,-46.403,0,"k@ster",10.861,-63.903,0,"아침땅_",44.988,-98.925,0,"AI",0,-109.84,0,"うよすま",-46.392,-83.438,0,0,0,0,754.442,1,"_이누_",-1.535,-4.562,0,0,754.442,753.631,,,129,1
21,1,0,1,0,0,1,2,1,1,0,13,255,255,9,792.112,"_Chun",L,11,86,131,0.705,-0.501,-0.087,1.662,0.527,1.501,-36.523,17.716,0,0,-164.649,227.461,0,0,0,0,4,1,L,"Kr_Luna",190,95.417,0.501,0,69,W,Y,0,0,0,0,0,0,0,0,0,0,0,0,0,0,0,0,0.307,-37.12,0,"_이누_",0.028,-18.559,0,"CoalCat",-18.291,-42.116,0,"소솨소솨",-8.656,-66.274,0,"Muna_328",22.115,-44.468,0,"k@ster",10.153,-63.418,0,"아침땅_",47.365,-95.123,0,"AI",0,-109.84,0,"うよすま",-49.843,-91.56,0,0,0,0,0,0,"",0,0,0,0,793.35,795.147,,,0,0
22,1,0,1,0,0,2,2,1,1,0,13,255,255,10,807.109,"_Chun",L,29,77,128,2.442,0.793,0.011,1.89,0.804,1.957,-36.523,31.353,4,0,166.91,-146.058,0,0,0,0,4,1,L,"Kr_Luna",190,95.417,0.501,0,69,W,Y,0,0,0,0,0,0,0,0,0,0,0,0,0,0,0,0,-0.07,-37.221,0,"_이누_",0.137,-17.263,0,"CoalCat",-17.803,-44.754,0,"소솨소솨",-6.747,-66.066,0,"Muna_328",21.904,-43.6,0,"k@ster",11.4,-63.868,0,"아침땅_",49.617,-94.829,0,"AI",0,-109.84,0,"うよすま",-50.604,-92.637,0,0,0,0,0,0,"",0,0,0,0,808.642,,,,0,0
23,2,1,1,0,0,0,0,0,0,0,255,255,255,11,844.064,"encounter v",R,32,94,140,3.65,1.056,0.39,1.882,-0.498,1.606,-36.685,24.786,2,0,250,-200,9.251,0,0,1,5,5,R,"k@ster",174.9,80,0.326,2,70,W,Y,845.241,188,71,54,48,14,136,77,26.069,-6.892,-1,0,0.107,419.091,-264.668,-78.525,0.188,-37.328,0,"Kr_Luna",-0.009,-17.559,0,"mochi_2929",-18.657,-45.431,0,"「론구」",-15.553,-63.667,0,"Pring__",23.384,-50.007,0,"_송글_",9.22,-64.476,0,"mungjungh",37.655,-88.637,0,"AI",0,-109.84,0,"AI",-40.8,-90.55,0,849.817,11.125,-82.271,851.592,7,"AI",13.862,-93.666,1,0,,,,,162,2
24,2,1,1,0,0,0,0,1,0,0,5,255,255,12,917.483,"encounter v",R,32,92,140,-1.188,-0.583,0.321,1.73,-0.82,1.068,-36.685,17.851,0,0,250,-200,-10.599,-0.289,-12.652,0,6,2,R,"CoalCat",174.8,86.186,0.503,0,70,W,Y,0,0,0,0,0,0,0,0,0,0,0,0,0,0,0,0,0.142,-37.317,0,"Kr_Luna",-0.363,-16.253,0,"mochi_2929",-19.481,-41.861,0,"「론구」",-13.144,-60.746,0,"Pring__",21.051,-47.511,0,"_송글_",6.579,-62.765,0,"mungjungh",36.943,-86.663,0,"AI",0,-109.84,0,"Sabo_10",-38.259,-86.561,0,0,0,0,0,0,"",0,0,0,0,921.467,925.704,,,0,0
25,2,1,1,0,0,1,0,0,1,0,255,5,255,13,941.469,"encounter v",R,32,87,140,-1.068,0.13,0.323,1.846,-0.813,1.479,-36.685,22.929,0,0,250,-200,-4.242,0,0,1,6,2,R,"CoalCat",174.8,86.186,0.503,0,70,W,Y,0,0,0,0,0,0,0,0,0,0,0,0,0,0,0,0,0.136,-37.391,0,"Kr_Luna",-0.041,-17.67,0,"mochi_2929",-18.673,-43.926,0,"「론구」",-12.427,-59.088,0,"Pring__",22.532,-46.764,0,"_송글_",2.448,-61.52,0,"mungjungh",38.567,-90.91,0,"AI",0,-109.84,0,"Sabo_10",-40.855,-88.692,0,0,0,0,0,0,"",0,0,0,0,942.592,943.817,,,0,0
26,2,1,1,0,0,2,0,0,1,0,255,5,255,14,956.716,"encounter v",R,3,88,126,-1.462,-0.264,0.521,1.848,0.108,1.486,-36.685,37.595,2,0,-498.082,43.758,22.743,0,0,1,6,2,R,"CoalCat",174.8,86.186,0.503,5,38,W,Y,957.959,189,153,119,131,31,145,93,26.264,8.855,0.95,0,0.246,315.855,273.351,222.828,0.24,-37.506,0,"Kr_Luna",-0.249,-17.668,0,"mochi_2929",-19.127,-45.387,0,"「론구」",-12.394,-58.961,91,"Pring__",22.49,-47.629,0,"_송글_",5.727,-63.984,0,"mungjungh",40.464,-91.593,0,"AI",0,-109.84,0,"Sabo_10",-42.343,-90.943,0,962.825,-18.132,-98.845,966.025,7,"AI",-24.862,-119.449,1,0,,969.142,965.961,,130,2
27,2,1,1,0,0,0,0,0,1,1,255,2,5,15,1003.992,"encounter v",R,1,53,109,0.797,-1.609,0.498,1.823,0.001,1.416,-36.685,52.395,4,0,-4.541,4.554,-3.022,0,0,1,7,0,L,"_Chun",190,80,0.445,0,71,W,Y,0,0,0,0,0,0,0,0,0,0,0,0,0,0,0,0,0.047,-37.31,0,"Kr_Luna",0.024,-17.493,0,"mochi_2929",-15.688,-44.199,0,"「론구」",-2.44,-62.634,0,"Pring__",18.567,-41.893,0,"_송글_",10.996,-62.014,0,"mungjungh",39.163,-88.569,0,"AI",0,-109.84,0,"Sabo_10",-16.482,-18.139,0,0,0,0,0,0,"",0,0,0,0,1005.175,,,,0,0
28,2,1,1,0,0,1,0,0,1,1,255,2,5,16,1016.783,"encounter v",R,0,52,108,0.451,-0.428,0.536,1.8,0.18,1.343,-36.685,51.79,2,0,0,0,-2.92,0,0,1,7,0,L,"_Chun",190,80,0.445,3,71,W,Y,1017.843,251,113,110,96,53,145,106,28.885,-36.677,0.91,0,0.286,430.336,-171.23,-228.543,-0.125,-37.124,0,"Kr_Luna",0.015,-17.474,0,"mochi_2929",-18.573,-45,0,"「론구」",-3.187,-63.042,0,"Pring__",18.732,-44.86,70,"_송글_",11.688,-64.205,0,"mungjungh",41.346,-90.592,90,"AI",0,-109.84,0,"Sabo_10",-16.323,-18.169,0,1022.567,59.287,-91.472,1026.283,6,"mungjungh",63.864,-98.63,1,0,,1028.401,1022.751,1025.345,168,2
29,2,1,3,0,0,0,0,0,0,1,255,255,0,17,1054.277,"encounter v",R,32,93,140,1.877,0.542,0.598,1.932,0.467,1.77,-36.685,41.207,4,0,250,-200,7.505,0,0,1,0,1,R,"_이누_",190,89.841,0.451,0,70,W,Y,0,0,0,0,0,0,0,0,0,0,0,0,0,0,0,0,0.159,-37.454,0,"Kr_Luna",0.038,-17.685,0,"mochi_2929",-18.415,-45.419,0,"「론구」",-14.454,-62.127,0,"Pring__",20.236,-43.767,0,"_송글_",5.359,-64.078,0,"mungjungh",53.454,-92.377,0,"AI",0,-109.84,0,"Sabo_10",-16.499,-17.979,0,0,0,0,0,0,"",0,0,0,0,1055.483,,,,0,0
30,2,1,3,0,0,1,0,0,0,1,255,255,0,18,1066,"encounter v",R,32,92,140,-0.733,-0.013,0.355,1.824,-0.664,1.422,-36.685,19.472,0,0,250,-200,4.979,0,0,0,0,1,R,"_이누_",190,89.841,0.451,0,70,W,Y,0,0,0,0,0,0,0,0,0,0,0,0,0,0,0,0,0.099,-37.64,0,"Kr_Luna",0.071,-17.69,0,"mochi_2929",-18.482,-45.338,0,"「론구」",-14.492,-62.338,0,"Pring__",19.436,-42.549,0,"_송글_",5.727,-63.838,0,"mungjungh",53.461,-92.399,0,"AI",0,-109.84,0,"Sabo_10",-16.033,-17.819,0,0,0,0,0,0,"",0,0,0,0,1067.108,,,,0,0
31,2,1,3,0,0,2,0,0,0,1,255,255,0,19,1076.863,"encounter v",R,13,85,124,-5.157,-0.985,0.145,1.793,-1.641,1.32,-36.685,12.817,1,0,-390.434,312.348,6.33,0,0,0,0,1,R,"_이누_",190,89.841,0.451,0,70,W,Y,0,0,0,0,0,0,0,0,0,0,0,0,0,0,0,0,-0.057,-37.252,0,"Kr_Luna",-0.269,-17.566,0,"mochi_2929",-18.508,-45.335,0,"「론구」",-14.463,-62.249,0,"Pring__",19.029,-42.539,0,"_송글_",6.164,-64.109,0,"mungjungh",52.356,-91.445,0,"AI",0,-109.84,0,"Sabo_10",-16.709,-17.906,0,0,0,0,0,0,"",0,0,0,0,1078.033,,,,0,0
32,2,1,3,0,1,2,0,0,0,1,255,255,0,20,1087.814,"encounter v",R,13,83,121,-0.651,-0.877,0.568,1.817,0.327,1.399,-36.685,45.074,2,0,-390.434,312.348,-2.175,0,0,1,0,1,R,"_이누_",190,89.841,0.451,5,70,W,Y,1088.919,193,140,125,122,50,145,104,112.464,-16.097,0.92,0,0.241,454.779,369.624,118.598,0.221,-37.334,0,"Kr_Luna",-0.054,-17.596,0,"mochi_2929",-18.382,-45.357,0,"「론구」",-14.425,-62.057,0,"Pring__",18.7,-44.283,0,"_송글_",8.994,-65.503,0,"mungjungh",50.765,-91.525,0,"AI",0,-109.84,0,"AI",-40.8,-90.55,0,0,0,0,0,0,"",0,0,0,0,,,1091.461,,128,3
33,2,1,3,0,1,2,0,0,0,1,255,255,0,21,1103.693,"encounter v",R,34,95,140,-0.511,0.197,0.43,1.914,-0.312,1.711,-36.685,29.647,2,0,75.844,-12.074,-111.413,0,0,1,0,1,R,"_이누_",190,89.841,0.451,5,70,W,Y,1104.783,164,99,108,68,20,145,95,94.654,-39.08,0.96,0,0.117,302.441,251.342,-436.219,0.221,-37.183,0,"Kr_Luna",0.008,-17.666,0,"mochi_2929",-18.832,-45.62,0,"「론구」",-13.901,-62.261,0,"Pring__",19.888,-44.689,0,"_송글_",8.174,-65.912,0,"mungjungh",50.889,-92.193,0,"AI",0,-109.84,0,"AI",-40.8,-90.55,0,1111.55,-0.894,-5.795,0,0,"",0,0,0,0,,,1106.545,,128,3
34,2,1,3,0,1,2,0,0,0,1,255,255,0,22,1131.625,"encounter v",R,32,95,140,-1.868,-0.056,0.249,1.816,-1.156,1.396,-36.685,18.35,2,0,250,-200,5.753,0,0,1,0,1,R,"_이누_",190,89.841,0.451,5,70,W,Y,1132.704,19,12,27,19,20,9,46,-45.61,4.2,0.63,1,0.438,-258.738,83.74,204.001,0.229,-37.299,120,"Kr_Luna",-0.108,-17.956,84,"mochi_2929",-18.458,-45.192,87,"「론구」",-13.795,-61.364,0,"Pring__",19.258,-40.245,0,"_송글_",7.636,-66.016,0,"mungjungh",49.719,-92.937,0,"AI",0,-109.84,0,"AI",-40.8,-90.55,0,1132.675,-0.409,-21.439,1134.483,0,"encounter v",-1.255,-32.215,0,128,1139.525,,,1139.895,145,2
35,2,1,3,0,0,0,2,0,0,0,255,255,255,23,1157.887,"encounter v",R,1,42,101,0.396,-1.033,0.509,1.837,0.054,1.441,-36.685,45.61,0,0,3.339,3.441,-12.292,0,0,1,1,3,R,"소솨소솨",170.4,80,0.405,0,69,W,Y,0,0,0,0,0,0,0,0,0,0,0,0,0,0,0,0,0.111,-37.4,0,"Kr_Luna",-0.033,-17.669,0,"mochi_2929",-17.941,-45.643,0,"「론구」",-13.672,-60.186,0,"Pring__",22.44,-49.135,0,"_송글_",5.422,-65.431,0,"mungjungh",44.68,-93.33,0,"AI",0,-109.84,0,"AI",-40.8,-90.55,0,0,0,0,0,0,"",0,0,0,0,1159.192,,,,0,0
36,2,1,3,0,0,1,2,0,0,0,255,255,255,24,1170.696,"encounter v",R,1,37,97,0.541,1.359,0.464,2.092,-0.153,2.362,-36.685,61.073,4,0,-3.083,-0.418,-1.114,0,0,1,1,3,R,"소솨소솨",170.4,80,0.405,0,69,W,Y,0,0,0,0,0,0,0,0,0,0,0,0,0,0,0,0,0.102,-37.39,0,"Kr_Luna",0.003,-17.675,0,"mochi_2929",-18.227,-46.101,0,"「론구」",-13.623,-60.057,0,"Pring__",22.444,-49.116,0,"_송글_",7.319,-62.61,0,"mungjungh",44.666,-93.314,0,"AI",0,-109.84,0,"AI",-40.8,-90.55,0,0,0,0,0,0,"",0,0,0,0,1172.025,,,,0,0
37,2,1,3,0,0,2,2,0,0,0,255,255,255,25,1184.533,"encounter v",R,1,42,88,-0.066,-2.8,0.541,1.452,0.134,0.585,-36.685,52.233,4,0,-4.144,-2.171,-3.421,-0.008,-20.873,1,1,3,R,"소솨소솨",170.4,80,0.405,0,69,W,Y,0,0,0,0,0,0,0,0,0,0,0,0,0,0,0,0,0.356,-36.999,0,"Kr_Luna",0.132,-18.99,0,"mochi_2929",-18.401,-45.463,0,"「론구」",-13.666,-60.22,0,"Pring__",22.28,-48.176,0,"_송글_",5.677,-64.299,0,"mungjungh",44.666,-93.314,0,"AI",0,-109.84,0,"AI",-40.8,-90.55,0,0,0,0,0,0,"",0,0,0,0,1185.933,,,,0,0
38,2,0,3,0,0,0,0,0,0,0,255,255,255,11,1232.532,"_Chun",L,1,27,82,0.369,-0.135,-0.133,1.666,0.272,1.409,-36.523,12.906,2,0,-2.387,4.606,-3.313,0,0,1,5,6,R,"mungjungh",160,83,0.395,0,69,A,Y,1233.972,192,87,16,70,75,60,71,-15.164,-23.081,0.25,0.048,0.186,-385.521,-427.541,-148.838,0.086,-37.396,0,"_이누_",-0.035,-16.927,0,"CoalCat",-18.675,-46.59,0,"소솨소솨",-14.471,-62.98,85,"Muna_328",22.978,-48.678,0,"k@ster",8.804,-64.231,0,"아침땅_",37.161,-89.598,86,"AI",0,-109.84,0,"うよすま",-46.47,-84.726,0,1234.35,1.154,-22.804,1239.242,6,"아침땅_",22.818,-73.225,1,0,,,,,146,2
39,2,0,3,0,0,0,0,1,0,0,16,255,255,12,1259.063,"_Chun",L,26,92,140,-1.072,-0.104,-0.281,1.695,-0.568,1.361,-36.523,27.038,0,0,90.557,-200,-13.879,0,0,0,6,8,L,"Sabo_10",185.3,87.575,0.449,0,69,W,Y,0,0,0,0,0,0,0,0,0,0,0,0,0,0,0,0,0.003,-37.395,0,"_이누_",-0.045,-17.048,0,"CoalCat",-18.43,-42.036,0,"소솨소솨",-8.038,-65.669,0,"Muna_328",23.302,-48.648,0,"k@ster",11.256,-63.396,0,"아침땅_",45.152,-96.71,0,"AI",0,-109.84,0,"うよすま",-45.388,-83.834,0,0,0,0,0,0,"",0,0,0,0,1260.192,,,,0,0
40,2,0,3,0,0,1,0,1,0,0,16,255,255,13,1272.236,"_Chun",L,29,82,133,3.484,0.798,0.108,1.875,1.289,1.947,-36.523,28.104,1,0,152.737,-150.433,-14.897,0,0,0,6,8,L,"Sabo_10",185.3,87.575,0.449,0,69,W,Y,0,0,0,0,0,0,0,0,0,0,0,0,0,0,0,0,0.08,-37.491,0,"_이누_",0.187,-16.931,0,"CoalCat",-18.534,-41.699,0,"소솨소솨",-9.561,-65.639,0,"Muna_328",23.321,-48.717,0,"k@ster",10.713,-63.214,0,"아침땅_",49.134,-93.471,0,"AI",0,-109.84,0,"うよすま",-46.673,-83.363,0,0,0,0,0,0,"",0,0,0,0,1273.558,,,,0,0
41,2,0,3,0,1,1,0,1,0,0,16,255,255,14,1287.041,"_Chun",L,14,91,126,-0.988,-1.179,-0.142,1.696,0.031,1.326,-36.523,25.424,4,0,-292.82,400,-28.045,-0.315,-17.272,1,6,8,L,"Sabo_10",185.3,87.575,0.449,0,69,W,Y,0,0,0,0,0,0,0,0,0,0,0,0,0,0,0,0,-0.014,-37.792,0,"_이누_",-0.053,-16.992,0,"CoalCat",-18.201,-42.408,0,"소솨소솨",-9.955,-65.571,0,"Muna_328",23.329,-48.624,0,"k@ster",10.776,-64.309,0,"아침땅_",48.01,-94.364,0,"AI",0,-109.84,0,"うよすま",-49.049,-83.201,0,0,0,0,0,0,"",0,0,0,0,1288.333,,,,0,0
42,2,0,3,0,1,2,0,1,0,0,16,255,255,15,1301.95,"_Chun",L,27,89,140,-0.509,0.608,-0.229,1.845,-0.367,1.86,-36.523,28.432,0,0,109.731,-126.894,-11.266,0,0,0,6,8,L,"Sabo_10",185.3,87.575,0.449,0,69,W,Y,0,0,0,0,0,0,0,0,0,0,0,0,0,0,0,0,-0.106,-37.361,0,"_이누_",0.031,-16.901,0,"CoalCat",-18.428,-41.982,0,"소솨소솨",-10.048,-65.606,0,"Muna_328",23.247,-48.596,0,"k@ster",11.279,-64.4,0,"아침땅_",48.211,-94.222,0,"AI",0,-109.84,0,"うよすま",-48.978,-80.501,0,0,0,0,0,0,"",0,0,0,0,1302.992,,,,0,0
43,2,0,3,0,0,0,1,1,0,0,16,255,255,16,1323.732,"_Chun",L,14,82,120,-1.974,-0.186,-0.208,1.847,-0.254,1.885,-36.523,32.177,2,0,-358.024,349.026,-18.395,0,0,1,7,0,L,"encounter v",190,82.544,0.529,3,68,W,Y,1324.768,255,236,151,124,23,145,130,-30,29.046,0.58,0,0.606,-86.695,-104.544,575.648,-0.105,-36.993,0,"_이누_",-0.26,-16.909,0,"CoalCat",-18.041,-44.803,0,"소솨소솨",-10.044,-65.594,0,"Muna_328",24.6,-48.161,0,"k@ster",12.5,-64.678,72,"아침땅_",46.372,-94.802,0,"AI",0,-109.84,0,"うよすま",-52.44,-93.036,0,1324.683,-1.244,-22.47,1328.058,8,"うよすま",-38.286,-89.347,1,0,,1330.163,,,164,2
44,2,0,3,0,0,0,1,1,1,0,10,16,255,17,1352.764,"_Chun",L,10,79,119,1.035,-0.922,-0.103,1.661,0.453,1.497,-36.523,24.489,0,0,0,400,11.731,0,0,1,0,2,R,"mochi_2929",190,92,0.463,0,68,W,Y,0,0,0,0,0,0,0,0,0,0,0,0,0,0,0,0,-0.024,-37.651,0,"_이누_",0.033,-16.911,0,"CoalCat",-18.367,-42.622,0,"소솨소솨",-10.839,-65.401,0,"Muna_328",21.52,-46.672,0,"k@ster",8,-64.449,0,"아침땅_",39.9,-89.765,0,"AI",0,-109.84,0,"うよすま",-54.7,-96.708,0,0,0,0,0,0,"",0,0,0,0,1354.183,1355.585,,,0,0
45,2,0,3,0,0,1,1,1,1,0,10,16,255,18,1367.945,"_Chun",L,10,85,127,0.369,-0.482,-0.177,1.81,0.153,1.728,-36.523,35.54,0,0,8.197,400,-2.944,0,0,1,0,2,R,"mochi_2929",190,92,0.463,0,68,W,Y,0,0,0,0,0,0,0,0,0,0,0,0,0,0,0,0,-0.388,-37.041,0,"_이누_",0.041,-16.685,0,"CoalCat",-18.601,-42.594,0,"소솨소솨",-10.446,-64.146,0,"Muna_328",21.538,-44.5,0,"k@ster",7.074,-64.209,0,"아침땅_",39.822,-89.611,0,"AI",0,-109.84,0,"うよすま",-54.619,-97.695,0,0,0,0,0,0,"",0,0,0,0,1369.333,1371.632,,,0,0
46,2,0,3,0,0,2,1,1,1,0,10,16,255,19,1383.74,"_Chun",L,10,87,128,-1.773,-0.131,-0.27,1.837,-0.496,1.819,-36.523,34.371,2,0,-92.877,400,-16.538,0,0,1,0,2,R,"mochi_2929",190,92,0.463,0,68,W,Y,1384.83,247,117,91,45,42,145,135,-30,-33.235,0.56,0,0.292,-472.775,-242.11,-276.347,-0.126,-37.041,0,"_이누_",-0.453,-16.786,0,"CoalCat",-17.465,-44.798,0,"소솨소솨",-11.273,-65.316,0,"Muna_328",21.496,-46.285,89,"k@ster",7.751,-65.264,0,"아침땅_",36.285,-91.962,95,"AI",0,-109.84,0,"うよすま",-55.295,-98.369,0,1384.8,0.607,-21.355,1387.933,6,"아침땅_",41.669,-83.761,1,0,,1390.429,1389.452,,152,2
47,2,0,3,0,0,0,1,1,1,1,12,10,16,20,1408.668,"_Chun",L,27,94,140,0.531,0.426,-0.125,1.802,0.171,1.708,-36.523,31.097,2,0,48.479,-143.605,-7.599,0,0,1,1,3,R,"「론구」",174.2,80,0.2,5,68,W,Y,1409.751,182,122,136,95,66,145,83,104.246,4.931,-0.89,0,0.267,412.057,262.672,-324.811,-0.346,-37.025,0,"_이누_",0.028,-16.799,0,"CoalCat",-17.709,-45.861,0,"소솨소솨",-10.477,-65.146,0,"Muna_328",20.557,-45.62,0,"k@ster",7.324,-65.085,0,"아침땅_",37.138,-89.816,0,"AI",0,-109.84,0,"うよすま",-48.495,-84.93,0,1415.675,6.72,6.659,0,0,"",0,0,0,0,,1412.161,1415.131,,128,3
48,2,0,3,0,0,1,1,1,1,1,12,10,16,21,1435.822,"_Chun",L,26,87,140,0.269,0.619,-0.149,1.828,-0.005,1.793,-36.523,33.367,2,0,95.625,-171.625,-10.008,0,0,1,1,3,R,"「론구」",174.2,80,0.2,5,67,W,Y,1436.912,181,78,129,91,54,145,82,111.224,-0.604,-0.98,0,0.266,341.614,128.771,-282.138,-0.422,-37.156,0,"_이누_",0.118,-17.051,0,"CoalCat",-18.376,-45.422,0,"소솨소솨",-10.404,-65.314,0,"Muna_328",20.444,-44.345,0,"k@ster",7.224,-64.384,0,"아침땅_",40.146,-88.662,0,"AI",0,-109.84,0,"うよすま",-50.338,-88.842,0,1442.55,3.232,14.609,0,0,"",0,0,0,0,,1440.194,1438.81,,128,3
49,2,0,3,0,0,2,1,1,1,1,12,10,16,22,1454.257,"_Chun",L,29,93,140,1.091,-0.485,-0.078,1.585,0.272,1.183,-36.523,16.156,2,0,155.986,-149.322,-21.014,0,0,1,1,3,R,"「론구」",174.2,80,0.2,5,67,W,Y,1455.317,135,60,123,88,67,141,96,-69.316,0.045,-0.12,0,0.255,-185.952,-62.876,448.43,-0.101,-37.079,0,"_이누_",0.199,-16.947,0,"CoalCat",-18.43,-44.375,0,"소솨소솨",-10.275,-65.506,0,"Muna_328",21.336,-46.443,0,"k@ster",7.438,-64.923,0,"아침땅_",40.564,-88.086,0,"AI",0,-109.84,0,"うよすま",-51.012,-89.195,0,1455.217,0.217,-20.175,1458.175,0,"_Chun",0.279,-40.276,1,0,1459.575,1460.508,1462.782,1460.974,137,2
50,3,1,3,0,0,0,0,0,0,0,255,255,255,26,1504.228,"encounter v",R,32,91,140,-1.423,-0.125,0.289,1.805,-0.968,1.333,-36.685,18.137,0,0,250,-200,-2.897,0,0,1,2,8,R,"うよすま",175.4,92.834,0.601,0,50,W,Y,0,0,0,0,0,0,0,0,0,0,0,0,0,0,0,0,0.089,-37.467,0,"Kr_Luna",-0.014,-17.497,0,"mochi_2929",-20.051,-46.833,0,"「론구」",-16.757,-60.799,0,"Pring__",21.51,-46.719,0,"_송글_",8.115,-63.14,0,"mungjungh",45.279,-90.176,0,"AI",0,-109.84,0,"Sabo_10",-45.719,-93.226,0,0,0,0,0,0,"",0,0,0,0,1505.283,,,,0,0
51,3,1,3,0,0,1,0,0,0,0,255,255,255,27,1515.517,"encounter v",R,13,83,122,1.264,-1.008,0.758,1.802,1.21,1.326,-36.685,54.988,2,0,-424.43,264.308,-1.711,0,0,1,2,8,R,"うよすま",175.4,92.834,0.601,3,50,W,Y,1516.542,152,81,86,110,20,145,112,26.055,38.649,0.16,0.143,0.46,313.983,443.291,-94.956,0.365,-37.214,0,"Kr_Luna",0.066,-17.481,0,"mochi_2929",-20.116,-47.068,0,"「론구」",-16.657,-60.625,0,"Pring__",21.51,-46.703,0,"_송글_",10.875,-63.072,88,"mungjungh",45.279,-90.176,0,"AI",0,-109.84,0,"Sabo_10",-46.494,-93.859,104,1521.483,-71.664,-92.868,1522.967,8,"Sabo_10",-69.471,-91.078,1,0,,,,,196,2
52,3,1,3,0,0,0,0,1,0,0,8,255,255,28,1547.838,"encounter v",R,35,93,140,2.665,0.291,0.7,1.991,0.945,1.961,-36.685,55.324,2,0,151.424,200,-33.724,0,0,1,3,4,R,"Muna_328",190,90.095,0.416,3,67,W,Y,1548.885,255,84,156,11,0,145,87,3.516,-37.151,-1,0,0.844,85.183,-430.643,77.076,0.297,-37.018,0,"Kr_Luna",0.083,-17.568,0,"mochi_2929",-18.543,-43.098,0,"「론구」",-13.487,-57.728,88,"Pring__",21.473,-47.859,95,"_송글_",8.767,-60.707,0,"mungjungh",46.649,-91.663,0,"AI",0,-109.84,0,"Sabo_10",-47.411,-94.708,0,1549.867,15.522,-38.906,1550.742,4,"Pring__",19.158,-43.194,1,4,,1554.328,,,138,2
53,3,1,3,0,0,0,1,1,0,0,4,255,255,29,1575.521,"encounter v",R,32,96,140,-1.77,-0.762,0.258,1.72,-1.113,0.976,-36.685,22.811,1,0,250,-200,12.252,0,0,0,4,6,R,"아침땅_",160,95.405,0.5,0,67,W,Y,0,0,0,0,0,0,0,0,0,0,0,0,0,0,0,0,0.002,-37.23,0,"Kr_Luna",0.015,-17.627,0,"mochi_2929",-18.266,-43.074,0,"「론구」",-9.556,-60.379,0,"Pring__",22.235,-48.689,0,"_송글_",8.213,-64.803,0,"mungjungh",50.35,-93.061,0,"AI",0,-109.84,0,"Sabo_10",-40.08,-91.182,0,0,0,0,0,0,"",0,0,0,0,1576.508,,,,0,0
54,3,1,3,0,2,0,1,0,1,0,255,255,255,30,1613.038,"encounter v",R,32,92,140,-0.757,0.097,0.352,1.838,-0.674,1.429,-36.685,24.677,2,0,250,-200,8.282,0,0,1,4,6,R,"아침땅_",160,95.405,0.5,2,67,W,Y,1613.978,161,57,89,38,0,140,74,-17.059,-6.786,1,0,0.301,-280.659,76.129,8.223,0.263,-37.217,0,"Kr_Luna",0.115,-17.515,0,"mochi_2929",-18.795,-45.278,60,"「론구」",-7.457,-62.136,0,"Pring__",22.91,-48.611,0,"_송글_",7.324,-65.01,91,"mungjungh",50.345,-93.064,0,"AI",0,-109.84,0,"Sabo_10",-39.898,-92.84,0,1613.942,0.076,-20.272,1616.742,5,"_송글_",4.055,-57.163,1,0,,,1619.927,,133,2
55,3,1,3,0,0,0,1,1,0,1,6,255,4,31,1637.124,"encounter v",R,32,98,140,-1.688,-0.163,0.266,1.799,-1.078,1.312,-36.685,16.437,1,0,250,-200,7.002,0,0,0,5,5,R,"k@ster",174.9,80,0.326,0,67,W,Y,0,0,0,0,0,0,0,0,0,0,0,0,0,0,0,0,0.054,-37.2,0,"Kr_Luna",0.025,-17.541,0,"mochi_2929",-19.418,-42.011,0,"「론구」",-10.8,-58.614,0,"Pring__",19.761,-42.468,0,"_송글_",6.838,-60.554,0,"mungjungh",47.086,-92.63,0,"AI",0,-109.84,0,"Sabo_10",-33.582,-89.59,0,0,0,0,0,0,"",0,0,0,0,1638.492,,1640.093,,0,0
56,3,1,3,0,1,0,1,1,0,1,6,255,4,32,1648.705,"encounter v",R,32,82,134,0.434,0.616,0.442,1.915,-0.255,1.722,-36.685,33.695,2,0,250,-200,2.231,0,0,1,5,5,R,"k@ster",174.9,80,0.326,2,67,W,Y,1649.717,255,112,79,78,47,145,81,29.425,-36.494,-1,0,0.157,91.964,-521.275,250.73,0.144,-37.386,0,"Kr_Luna",0.002,-17.529,102,"mochi_2929",-18.521,-43.943,98,"「론구」",-7.752,-58.409,0,"Pring__",19.7,-42.677,0,"_송글_",6.824,-60.566,0,"mungjungh",46.692,-90.642,93,"AI",0,-109.84,0,"Sabo_10",-36.51,-91.196,0,1654.092,45.42,-69.704,1655.242,6,"mungjungh",47.844,-72.199,1,0,1667.867,1652.098,1657.67,1657.304,177,2
57,3,1,5,0,0,0,1,0,0,1,255,255,5,33,1694.168,"encounter v",R,32,84,136,1.525,0.908,0.561,1.972,0.298,1.921,-36.685,50.8,2,0,250,-200,-12.947,0,0,1,6,2,R,"CoalCat",174.8,86.186,0.503,5,67,W,Y,1695.545,112,69,109,70,34,137,82,112.505,-5.355,-0.76,0,0.309,23.256,-28.921,-328.7,0.323,-37.408,0,"Kr_Luna",0.077,-17.578,0,"mochi_2929",-19.51,-46.446,0,"「론구」",-9.913,-60.018,0,"Pring__",18.855,-44.795,0,"_송글_",8.909,-65.074,0,"mungjungh",45.646,-92.942,0,"AI",0,-109.84,0,"Sabo_10",-44.63,-88.21,0,0,0,0,0,0,"",0,0,0,0,,,1697.865,,128,3
58,3,1,5,0,0,1,1,0,0,1,255,255,5,34,1709.914,"encounter v",R,32,92,140,1.094,0.277,0.524,1.885,0.124,1.616,-36.685,39.951,2,0,250,-143.551,14.011,0,0,1,6,2,R,"CoalCat",174.8,86.186,0.503,1,38,W,Y,1711.126,245,117,142,108,48,145,86,61.014,-1.822,-1,0,0.249,-424.303,269.87,-115.923,0.161,-37.739,0,"Kr_Luna",0.045,-17.472,0,"mochi_2929",-19.275,-47.291,0,"「론구」",-10.588,-60.319,106,"Pring__",20.185,-45.708,88,"_송글_",10.498,-63.178,0,"mungjungh",44.459,-94.057,0,"AI",0,-109.84,0,"Sabo_10",-45.518,-87.995,0,1716.525,-0.868,-67.856,1716.825,3,"「론구」",-0.75,-66.882,0,0,,,1717.856,,138,1
59,3,1,5,0,0,0,2,0,0,1,255,255,5,35,1734.804,"encounter v",R,15,90,128,-0.619,0.61,0.436,1.882,-0.284,1.608,-36.685,32.15,0,0,0,-400,-73.609,0,0,0,7,0,L,"_Chun",190,80,0.445,0,67,W,Y,0,0,0,0,0,0,0,0,0,0,0,0,0,0,0,0,0.049,-37.709,0,"Kr_Luna",0.007,-17.389,0,"mochi_2929",-20.077,-46.701,0,"「론구」",-6.458,-63.304,0,"Pring__",21.395,-46.983,0,"_송글_",9.636,-64.799,0,"mungjungh",46.019,-90.277,0,"AI",0,-109.84,0,"Sabo_10",-44.489,-93.764,0,0,0,0,0,0,"",0,0,0,0,1735.917,,1737.667,,0,0
60,3,1,5,0,0,1,2,0,0,1,255,255,5,36,1748.982,"encounter v",R,3,83,121,1.496,-0.844,0.806,1.715,1.436,1.068,-36.685,60.289,1,0,-500,0,2.948,0,0,0,7,0,L,"_Chun",190,80,0.445,0,67,W,Y,0,0,0,0,0,0,0,0,0,0,0,0,0,0,0,0,0.038,-37.402,0,"Kr_Luna",-0.038,-17.524,0,"mochi_2929",-20.049,-46.783,0,"「론구」",-6.544,-63.268,0,"Pring__",20.141,-43.902,0,"_송글_",10.541,-64.628,0,"mungjungh",46.027,-90.213,0,"AI",0,-109.84,0,"Sabo_10",-37.133,-87.093,0,0,0,0,0,0,"",0,0,0,0,1750.058,,1751.473,,0,0
61,3,1,6,0,2,1,2,0,0,0,255,255,255,37,1783.267,"encounter v",R,13,76,114,-4.685,0.669,0.559,1.928,-1.295,2.401,-36.685,89.245,3,0,-390.434,312.348,17.373,-0.552,-21.283,0,7,0,L,"_Chun",190,80,0.445,0,67,W,Y,0,0,0,0,0,0,0,0,0,0,0,0,0,0,0,0,0.283,-37.596,0,"Kr_Luna",-0.104,-18.492,0,"mochi_2929",-21.523,-50.133,0,"「론구」",-6.938,-63.209,0,"Pring__",22.816,-48.364,0,"_송글_",8.866,-65.725,0,"mungjungh",45.734,-92.619,0,"AI",0,-109.84,0,"Sabo_10",-33.602,-80.703,0,0,0,0,0,0,"",0,0,0,0,1786.758,,,,0,6
62,3,1,6,0,0,0,2,0,1,0,255,255,255,38,1842.067,"encounter v",R,32,94,140,-0.221,-0.76,0.299,2.029,-0.385,0.938,-36.685,36.954,0,0,211.294,-200,-21.209,0,0,0,0,1,R,"_이누_",190,89.841,0.451,0,67,W,Y,0,0,0,0,0,0,0,0,0,0,0,0,0,0,0,0,0.106,-37.266,0,"Kr_Luna",0.012,-17.496,0,"mochi_2929",-19.47,-46.689,0,"「론구」",-11.857,-60.1,0,"Pring__",21.239,-45.626,0,"_송글_",5.668,-64.417,0,"mungjungh",46.851,-91.21,0,"AI",0,-109.84,0,"Sabo_10",-45.545,-88.664,0,0,0,0,0,0,"",0,0,0,0,1843.175,,,,0,0
63,3,1,6,0,0,1,2,0,1,0,255,255,255,39,1857.251,"encounter v",R,26,97,140,-0.43,0.444,0.294,2.262,-0.408,1.692,-36.685,49.237,2,0,158.338,-200,-17.582,0,0,1,0,1,R,"_이누_",190,89.841,0.451,5,67,W,Y,1858.351,205,124,135,115,0,145,130,98.802,-9.403,0.48,0,0.201,491.378,170.218,-216.321,0.321,-37.347,0,"Kr_Luna",0.015,-17.495,0,"mochi_2929",-19.417,-46.449,0,"「론구」",-11.795,-59.915,0,"Pring__",22.319,-47.589,0,"_송글_",7.095,-64.889,0,"mungjungh",46.841,-91.211,0,"AI",0,-109.84,0,"Sabo_10",-45.853,-89.002,0,0,0,0,0,0,"",0,0,0,0,,1864.004,,,128,3
64,3,1,6,0,1,2,2,0,1,0,255,255,255,40,1874.667,"encounter v",R,1,44,102,-2.042,-2.467,0.299,1.933,-0.385,0.629,-36.685,48.196,4,0,-4.723,2.315,-0.54,-0.383,-20.297,1,0,1,R,"_이누_",190,89.841,0.451,0,67,W,Y,0,0,0,0,0,0,0,0,0,0,0,0,0,0,0,0,0.649,-36.883,0,"Kr_Luna",0.077,-17.698,0,"mochi_2929",-19.201,-44.682,0,"「론구」",-14.488,-61.774,0,"Pring__",21.698,-45.768,0,"_송글_",4.961,-64.22,0,"mungjungh",48.584,-93.323,0,"AI",0,-109.84,0,"Sabo_10",-43.17,-88.17,0,0,0,0,0,0,"",0,0,0,1,1875.967,,,,0,0
65,3,0,6,0,0,0,0,0,0,0,255,255,255,23,1904.241,"_Chun",L,14,80,117,-1.307,-0.414,-0.133,1.851,0.078,1.824,-36.523,30.932,0,0,-376.043,329.533,-19.13,-0.476,-15.879,0,2,5,R,"_송글_",163.5,91.844,0.315,0,67,W,Y,0,0,0,0,0,0,0,0,0,0,0,0,0,0,0,0,-0.382,-37.379,0,"_이누_",-0.161,-16.896,0,"CoalCat",-18.904,-45.065,0,"소솨소솨",-17.701,-62.19,0,"Muna_328",22.771,-48.123,0,"k@ster",8.87,-66.277,0,"아침땅_",39.612,-87.928,0,"AI",0,-109.84,0,"うよすま",-47.16,-87.89,0,0,0,0,0,0,"",0,0,0,0,1905.583,,,,0,0
66,3,0,6,0,0,1,0,0,0,0,255,255,255,24,1916.491,"_Chun",L,26,86,140,-1.913,-0.178,-0.359,1.727,-0.953,1.299,-36.523,33.53,4,0,95.351,-191.551,-8.059,0,0,1,2,5,R,"_송글_",163.5,91.844,0.315,0,67,W,Y,0,0,0,0,0,0,0,0,0,0,0,0,0,0,0,0,-0.385,-37.191,0,"_이누_",-0.26,-17.057,0,"CoalCat",-18.465,-45.587,0,"소솨소솨",-16.507,-61.829,0,"Muna_328",22.074,-48.394,0,"k@ster",8.64,-66.241,0,"아침땅_",34.57,-92.051,0,"AI",0,-109.84,0,"うよすま",-47.382,-85.892,0,0,0,0,0,0,"",0,0,0,0,1917.733,,,,0,0
67,3,0,6,0,0,2,0,0,0,0,255,255,255,25,1935.952,"_Chun",L,10,81,122,-1.246,-1.871,-0.315,1.564,-0.533,1.107,-36.523,27.486,1,0,0,400,10.223,0,0,0,2,5,R,"_송글_",163.5,91.844,0.315,0,67,W,Y,0,0,0,0,0,0,0,0,0,0,0,0,0,0,0,0,-0.203,-37.141,0,"_이누_",-0.198,-17.229,0,"CoalCat",-18.93,-45.979,0,"소솨소솨",-16.482,-61.887,0,"Muna_328",22.019,-48.466,0,"k@ster",8.52,-66.305,0,"아침땅_",34.36,-92.327,0,"AI",0,-109.84,0,"うよすま",-47.584,-86.698,0,0,0,0,0,0,"",0,0,0,0,1937.259,,,,0,0
68,3,0,6,0,1,2,0,0,0,0,255,255,255,26,1954.747,"_Chun",L,14,87,126,-3.002,-0.618,-0.283,1.77,-0.705,1.657,-36.523,30.08,1,0,-382.827,321.627,-21.103,0,0,0,2,5,R,"_송글_",163.5,91.844,0.315,0,67,W,Y,0,0,0,0,0,0,0,0,0,0,0,0,0,0,0,0,-0.188,-37.216,0,"_이누_",-0.439,-16.809,0,"CoalCat",-18.861,-46.312,0,"소솨소솨",-16.486,-61.868,0,"Muna_328",22.098,-48.566,0,"k@ster",8.707,-66.216,0,"아침땅_",34.31,-92.283,0,"AI",0,-109.84,0,"うよすま",-46.127,-84.27,0,0,0,0,0,0,"",0,0,0,0,1956.042,,,,0,0
69,3,0,6,0,2,2,0,0,0,0,255,255,255,27,1970.764,"_Chun",L,26,88,140,1.965,-0.238,-0.056,1.606,0.669,1.264,-36.523,12.133,4,0,150.588,-200,-43.231,0,0,1,2,5,R,"_송글_",163.5,91.844,0.315,0,67,W,Y,0,0,0,0,0,0,0,0,0,0,0,0,0,0,0,0,-0.096,-37.267,0,"_이누_",0.152,-17.142,0,"CoalCat",-18.749,-46.344,0,"소솨소솨",-13.648,-63.125,0,"Muna_328",21.783,-46.981,0,"k@ster",8.666,-66.221,0,"아침땅_",38.062,-89.041,0,"AI",0,-109.84,0,"うよすま",-45.001,-84.384,0,0,0,0,0,0,"",0,0,0,0,1971.917,,,,0,0
70,3,0,6,0,0,0,1,0,0,0,255,255,255,28,1994.295,"_Chun",L,26,81,132,2.435,0.141,0.06,1.717,0.925,1.529,-36.523,20.007,4,0,100.295,-160.653,-20.333,0,0,1,3,4,L,"Pring__",184.1,92.818,0.485,0,67,W,Y,0,0,0,0,0,0,0,0,0,0,0,0,0,0,0,0,-0.012,-37.156,0,"_이누_",0.157,-16.777,0,"CoalCat",-18.552,-45.991,0,"소솨소솨",-13.595,-64.059,0,"Muna_328",23.718,-47.416,0,"k@ster",11.702,-63.694,0,"아침땅_",48.172,-95.493,0,"AI",0,-109.84,0,"うよすま",-51.873,-92.639,0,0,0,0,0,0,"",0,0,0,0,1995.575,,,,0,0
71,3,0,6,0,0,1,1,0,0,0,255,255,255,29,2008.707,"_Chun",L,14,90,127,-1.147,-0.227,-0.191,1.845,-0.171,1.869,-36.523,36.051,0,0,-221.944,400,-12.804,0,0,1,3,4,L,"Pring__",184.1,92.818,0.485,0,67,W,Y,0,0,0,0,0,0,0,0,0,0,0,0,0,0,0,0,-0.085,-37.117,0,"_이누_",-0.155,-16.881,0,"CoalCat",-18.463,-45.953,0,"소솨소솨",-13.601,-64.009,0,"Muna_328",23.662,-47.504,0,"k@ster",11.712,-63.662,0,"아침땅_",46.783,-96.492,0,"AI",0,-109.84,0,"うよすま",-51.626,-99.494,0,0,0,0,0,0,"",0,0,0,0,2009.992,,,,0,0
72,3,0,6,0,0,2,1,0,0,0,255,255,255,30,2028.359,"_Chun",L,14,82,119,0.116,-0.264,-0.011,1.811,0.635,1.814,-36.523,27.606,2,0,-369.363,337.003,-18.814,0,0,1,3,4,L,"Pring__",184.1,92.818,0.485,0,67,W,Y,2029.234,242,151,70,111,86,144,109,-78.821,59.436,-0.05,0,0.502,-208.968,312.334,138.05,-0.134,-37.024,0,"_이누_",0.035,-17.093,0,"CoalCat",-18.439,-46.009,93,"소솨소솨",-12.485,-64.994,0,"Muna_328",24.288,-47.747,0,"k@ster",11.707,-63.676,0,"아침땅_",49.538,-94.349,0,"AI",0,-109.84,0,"うよすま",-51.758,-96.401,0,2029.267,-0.246,-20.435,2032.933,2,"CoalCat",-24.229,-34.529,0,0,,,,,192,2
73,3,0,6,0,0,2,1,0,0,0,255,255,255,31,2047.769,"_Chun",L,26,89,140,2.316,-0.199,0.036,1.629,0.838,1.317,-36.523,19.713,2,0,137.531,-171.829,-20.1,0,0,1,3,4,L,"Pring__",184.1,92.818,0.485,5,67,W,Y,2048.698,186,129,75,68,0,145,122,27.375,-6.247,0.75,0,0.608,383.528,-309.311,55.952,-0.183,-37.044,0,"_이누_",0.152,-16.968,0,"CoalCat",-18.047,-45.228,0,"소솨소솨",-11.791,-65.037,0,"Muna_328",23.614,-47.37,0,"k@ster",11.385,-63.488,82,"아침땅_",47.427,-95.202,0,"AI",0,-109.84,0,"うよすま",-50.375,-98.455,0,2054.208,19.98,-128.773,2055.842,7,"AI",18.88,-131.951,1,0,,2059.216,,,160,2
74,3,0,6,0,0,0,1,0,1,0,255,14,255,32,2081.516,"_Chun",L,13,79,116,3.63,-0.35,-0.117,1.758,0.827,1.711,-36.523,34.17,4,0,427.466,259.371,-5.005,0,0,0,4,1,L,"Kr_Luna",190,95.417,0.501,0,68,W,Y,0,0,0,0,0,0,0,0,0,0,0,0,0,0,0,0,-0.042,-37.062,0,"_이누_",0.13,-16.731,0,"CoalCat",-18.538,-45.606,0,"소솨소솨",-8.438,-65.326,0,"Muna_328",23.531,-44.252,0,"k@ster",12.44,-63.529,0,"아침땅_",49.543,-96.107,0,"AI",0,-109.84,0,"うよすま",-53.404,-100.106,0,0,0,0,0,0,"",0,0,0,0,2082.625,2083.91,,,0,0
75,3,0,6,0,0,1,1,0,1,0,255,14,255,33,2096.631,"_Chun",L,14,84,123,-0.935,-0.191,-0.135,1.874,0.105,1.927,-36.523,32.691,2,0,-310.202,392.141,-14.969,0,0,0,4,1,L,"Kr_Luna",190,95.417,0.501,3,68,W,Y,2097.453,255,148,107,64,30,145,100,3.394,-7.18,-0.33,0,0.049,383.528,-309.311,55.952,0.168,-36.944,0,"_이누_",-0.135,-16.414,114,"CoalCat",-18.642,-45.67,0,"소솨소솨",-6.927,-67.289,0,"Muna_328",22.743,-46.491,0,"k@ster",12.352,-63.612,0,"아침땅_",48.932,-95.76,0,"AI",0,-109.84,0,"うよすま",-50.882,-100.5,0,2098.392,3.637,-49.376,2101.6,7,"AI",8.15,-94.517,1,0,2106.683,,2102.668,,129,2
76,3,0,6,0,0,0,1,1,0,1,11,255,14,34,2124.502,"_Chun",L,26,77,128,0.273,0.587,-0.173,1.804,-0.123,1.673,-36.523,31.052,2,0,167.917,-200,-20.571,0,0,1,5,6,R,"mungjungh",160,83,0.395,5,13,A,Y,2125.683,185,155,90,76,47,145,122,93.6,6.434,0.58,0.048,0.299,398.429,417.512,-10.354,-0.262,-37.379,0,"_이누_",0.04,-17.088,0,"CoalCat",-17.931,-43.971,0,"소솨소솨",-12.881,-64.146,0,"Muna_328",18.998,-44.483,0,"k@ster",8.064,-62.507,0,"아침땅_",37.681,-90.665,0,"AI",0,-109.84,0,"うよすま",-44.161,-84.646,0,2135.267,3.116,-2.961,0,0,"",0,0,0,0,,,2128.528,,128,3
77,3,0,6,0,0,1,1,1,0,1,11,255,14,35,2146.799,"_Chun",L,26,88,140,1.064,0.132,-0.08,1.705,0.269,1.467,-36.523,19.831,2,0,152.423,-190.603,-24.526,0,0,0,5,6,R,"mungjungh",160,83,0.395,0,13,A,Y,2147.862,228,109,29,94,77,114,76,51.151,18.466,-0.3,0.048,0.137,274.853,279.972,253.737,-0.067,-37.32,0,"_이누_",-0.005,-17.382,0,"CoalCat",-18.22,-43.271,81,"소솨소솨",-12.68,-64.878,103,"Muna_328",19.12,-45.277,0,"k@ster",9.034,-65.454,0,"아침땅_",37.614,-90.92,0,"AI",0,-109.84,0,"うよすま",-47.383,-86.876,0,2153.134,-19.613,-64.307,2153.267,3,"소솨소솨",-18.976,-62.994,0,0,,,2150.223,,194,1
78,3,0,6,0,0,0,2,1,0,1,11,255,14,36,2178.495,"_Chun",L,14,84,123,-0.842,-0.348,-0.107,1.775,0.124,1.664,-36.523,28.854,2,0,-390.434,312.348,-28.222,0,0,1,6,8,L,"Sabo_10",185.3,87.575,0.449,0,69,W,Y,2179.38,224,107,117,130,47,145,109,-44.249,11.859,-0.08,0,0.567,90.816,72.355,21.43,-0.197,-37.47,0,"_이누_",-0.118,-16.912,0,"CoalCat",-17.8,-44.472,0,"소솨소솨",-10.617,-64.802,0,"Muna_328",21.993,-45.164,0,"k@ster",11.826,-63.269,0,"아침땅_",47.163,-95.316,0,"AI",0,-109.84,0,"うよすま",-49.064,-90.005,0,2179.267,-0.329,-21.415,2181.942,3,"소솨소솨",-8.871,-62.077,0,0,,2184.168,,2184.941,194,2
79,4,1,6,0,0,0,0,0,0,0,255,255,255,41,2230.638,"encounter v",R,0,13,72,0.038,1.497,0.3,2.23,0.007,2.458,-36.685,52.79,4,0,0,0,-3.247,0,0,1,1,3,R,"소솨소솨",170.4,80,0.405,0,69,W,Y,0,0,0,0,0,0,0,0,0,0,0,0,0,0,0,0,0.082,-37.658,0,"Kr_Luna",0.035,-17.666,0,"mochi_2929",-17.466,-44.3,0,"「론구」",-16.211,-62.651,0,"Pring__",22.123,-48.387,0,"_송글_",10.298,-64.36,0,"AI",40.9,-90.65,0,"AI",0,-109.84,0,"Sabo_10",-41.485,-92.2,0,0,0,0,0,0,"",0,0,0,0,2232.2,,,,0,0
80,4,1,6,0,0,1,0,0,0,0,255,255,255,42,2242.886,"encounter v",R,38,7,10,0.636,-2.8,0.383,1.571,0.265,0.872,-36.685,75.841,1,0,0.353,1.65,-1.278,0.339,-33.886,0,1,3,R,"소솨소솨",170.4,80,0.405,0,69,W,Y,0,0,0,0,0,0,0,0,0,0,0,0,0,0,0,0,0.329,-32.988,0,"Kr_Luna",-0.044,-17.684,0,"mochi_2929",-17.811,-44.867,0,"「론구」",-16.226,-62.647,0,"Pring__",21.966,-47.576,0,"_송글_",10.328,-64.463,0,"AI",40.9,-90.65,0,"AI",0,-109.84,0,"Sabo_10",-42.824,-93.627,0,0,0,0,0,0,"",0,0,0,0,,,,,0,0
81,4,1,6,0,1,1,0,0,0,0,255,255,255,43,2257.145,"encounter v",R,0,10,69,0.453,0.797,0.341,2.099,0.187,2.065,-36.685,49.656,2,0,0,0,-0.901,0,0,1,1,3,R,"소솨소솨",170.4,80,0.405,5,69,W,Y,2258.573,255,195,165,102,90,145,125,28.151,-1.897,0.6,0,0.703,129.514,255.867,341.924,0.113,-37.187,0,"Kr_Luna",0.017,-17.713,0,"mochi_2929",-17.933,-44.844,0,"「론구」",-16.223,-62.628,0,"Pring__",21.972,-47.439,0,"_송글_",10.285,-64.381,0,"AI",40.9,-90.65,0,"AI",0,-109.84,0,"Sabo_10",-42.835,-93.623,0,2263.708,-4.877,-131.622,0,0,"",0,0,0,0,,,,,128,1
82,4,1,6,0,0,0,1,0,0,0,255,255,255,44,2279.206,"encounter v",R,1,32,84,-0.919,1.03,0.29,2.137,-0.021,2.218,-36.685,55.886,2,0,-3.935,-1.991,-1.223,0,0,0,2,8,R,"うよすま",175.4,92.834,0.601,3,69,W,Y,2280.496,103,139,124,151,75,136,127,112.712,-34.053,0.6,0.286,0.772,548.302,233.724,-68.839,0.023,-37.074,0,"Kr_Luna",-0.009,-17.677,0,"mochi_2929",-19.058,-43.891,0,"「론구」",-16.134,-63.016,0,"Pring__",21.345,-45.834,0,"_송글_",8.622,-66.58,0,"AI",40.9,-90.65,0,"AI",0,-109.84,0,"Sabo_10",-43.537,-94.184,0,0,0,0,0,0,"",0,0,0,0,,,,,128,3
83,4,1,6,0,0,1,1,0,0,0,255,255,255,45,2293.389,"encounter v",R,26,91,140,-2.128,-1.637,0.048,1.555,-1.16,0.459,-36.685,21.786,4,0,170.735,-200,2.24,0,0,1,2,8,R,"うよすま",175.4,92.834,0.601,0,69,W,Y,0,0,0,0,0,0,0,0,0,0,0,0,0,0,0,0,-0.002,-37.379,0,"Kr_Luna",-0.031,-17.713,0,"mochi_2929",-18.898,-43.933,0,"「론구」",-16.123,-63.009,0,"Pring__",21.431,-46.587,0,"_송글_",9.736,-65.33,0,"AI",40.907,-90.657,0,"AI",0,-109.84,0,"Sabo_10",-44.14,-92.717,0,0,0,0,0,0,"",0,0,0,0,2294.433,,,,0,0
84,4,1,6,0,0,2,1,0,0,0,255,255,255,46,2303.937,"encounter v",R,29,93,140,-2.365,-0.038,0.127,1.819,-0.791,1.385,-36.685,26.334,4,0,-238.599,-200,-83.567,0,0,1,2,8,R,"うよすま",175.4,92.834,0.601,0,69,W,Y,0,0,0,0,0,0,0,0,0,0,0,0,0,0,0,0,-0.017,-37.327,0,"Kr_Luna",-0.003,-17.699,0,"mochi_2929",-19.21,-43.907,0,"「론구」",-16.121,-62.999,0,"Pring__",21.438,-46.583,0,"_송글_",9.174,-65.036,0,"AI",40.9,-90.65,0,"AI",0,-109.84,0,"Sabo_10",-43.182,-92.11,0,0,0,0,0,0,"",0,0,0,0,2304.967,,,,0,0
85,4,1,6,0,0,0,2,0,0,0,255,255,255,47,2321.994,"encounter v",R,33,93,140,-0.34,0.177,0.237,1.916,-0.28,1.718,-36.685,34.488,2,0,120.789,11.262,-102.219,0,0,1,3,4,R,"Muna_328",190,90.095,0.416,3,69,W,Y,2323.025,228,141,80,0,0,120,121,-0.092,-12.183,0.39,0,0.774,114.467,-2.963,25.316,0.118,-37.587,0,"Kr_Luna",-0.006,-17.604,0,"mochi_2929",-18.986,-44.121,0,"「론구」",-16.24,-63.469,0,"Pring__",21.27,-47.337,0,"_송글_",8.865,-64.68,90,"AI",40.9,-90.65,0,"AI",0,-109.84,0,"Sabo_10",-45.305,-92.82,0,2323.65,4.865,-43.641,2324.625,5,"_송글_",8.315,-59.617,0,0,,,,,133,2
86,4,0,6,0,0,0,0,0,0,0,255,255,255,37,2396.759,"_Chun",L,29,87,140,2.831,0.112,0.065,1.728,0.984,1.51,-36.621,19.846,4,0,184.48,-175.321,-21.606,0,0,1,6,0,L,"encounter v",190,82.544,0.529,0,42,W,Y,0,0,0,0,0,0,0,0,0,0,0,0,0,0,0,0,-0.178,-37.101,0,"_이누_",0.241,-16.775,0,"CoalCat",-18.465,-46.236,0,"소솨소솨",-11.24,-64.727,0,"Muna_328",25.318,-48.947,0,"k@ster",11.943,-63.134,0,"아침땅_",50.045,-92.968,0,"AI",0,-109.84,0,"うよすま",-48.73,-97.479,0,0,0,0,0,0,"",0,0,0,0,2398.2,,,,0,0
87,4,0,6,0,0,1,0,0,0,0,255,255,255,38,2411.718,"_Chun",L,14,83,121,0.937,-0.534,0.088,1.734,1.05,1.612,-36.555,18.364,2,0,-390.434,312.348,-26.089,0,0,1,6,0,L,"encounter v",190,82.544,0.529,3,42,W,Y,2412.777,255,164,120,134,0,145,130,-30,21.603,0.35,0,0.525,-350.361,26.549,486.356,0.009,-37.117,0,"_이누_",0.108,-16.784,0,"CoalCat",-18.124,-46.302,85,"소솨소솨",-11.368,-65.59,88,"Muna_328",25.354,-49.016,0,"k@ster",12.626,-63.033,0,"아침땅_",49.645,-93.305,0,"AI",0,-109.84,0,"うよすま",-50.811,-96.748,0,2412.725,-0.324,-21.403,2414.717,3,"소솨소솨",-16.9,-63.331,0,0,,,,2423.31,194,2
88,4,0,6,0,0,0,1,0,0,0,255,255,255,39,2435.915,"_Chun",L,26,76,127,0.603,1.279,-0.13,1.951,0.339,2.21,-36.523,37.572,4,0,-47.076,-200,-2.279,0.943,-18.576,1,0,2,R,"mochi_2929",190,92,0.463,0,38,W,Y,0,0,0,0,0,0,0,0,0,0,0,0,0,0,0,0,-0.061,-37.225,0,"_이누_",-0.118,-16.951,0,"CoalCat",-18.621,-46.41,0,"소솨소솨",-12.955,-63.914,0,"Muna_328",21.636,-47.2,0,"k@ster",8.063,-66.054,0,"아침땅_",41.788,-92.108,0,"AI",0,-109.84,0,"うよすま",-52.86,-97.929,0,0,0,0,0,0,"",0,0,0,0,2440.617,,,,0,0
89,4,0,6,0,0,1,1,0,0,0,255,255,255,40,2452.508,"_Chun",L,6,82,107,0.379,0.167,0.217,1.761,1.094,1.723,-36.523,15.601,0,0,-486.364,0,-20.235,0,0,1,0,2,R,"mochi_2929",190,92,0.463,0,38,W,Y,0,0,0,0,0,0,0,0,0,0,0,0,0,0,0,0,-0.204,-37.328,0,"_이누_",0.028,-17.021,0,"CoalCat",-18.598,-46.42,0,"소솨소솨",-11.84,-64.945,0,"Muna_328",21.746,-47.122,0,"k@ster",8.043,-66.159,0,"아침땅_",42.854,-91.785,0,"AI",0,-109.84,0,"うよすま",-52.547,-98.461,0,0,0,0,0,0,"",0,0,0,0,2453.975,,,,0,0
90,4,0,6,0,0,2,1,0,0,0,255,255,255,41,2471.729,"_Chun",L,26,92,140,-0.842,-0.54,-0.258,1.639,-0.271,1.132,-36.523,28.889,2,0,-64.047,-154.555,2.41,0,0,1,0,2,R,"mochi_2929",190,92,0.463,1,38,W,Y,2472.821,255,73,106,65,44,145,134,-0.408,3.38,0.28,0,0.238,78.157,-589.862,-57.299,-0.163,-36.959,0,"_이누_",-0.209,-16.921,0,"CoalCat",-18.419,-46.589,0,"소솨소솨",-12.619,-64.82,86,"Muna_328",22.241,-47.761,0,"k@ster",7.741,-66.054,85,"아침땅_",39.273,-94.749,0,"AI",0,-109.84,0,"うよすま",-53.3,-100.279,0,2473.192,-0.807,-36.796,2476.142,7,"AI",-3.035,-105.45,1,0,,,,,226,2
91,4,0,6,0,0,0,1,1,0,0,12,255,255,42,2533.895,"_Chun",L,26,83,135,0.349,0.548,-0.157,1.831,0.018,1.745,-36.523,33.936,2,0,100.152,-171.087,-5.854,0,0,1,1,3,R,"「론구」",174.2,80,0.2,5,68,W,Y,2534.981,182,135,137,98,81,145,81,114.162,2.524,-1,0,0.445,509.876,286.838,-118.262,-0.36,-37.019,0,"_이누_",-0.044,-17.053,0,"CoalCat",-18.162,-45.417,0,"소솨소솨",-10.764,-64.876,0,"Muna_328",22.07,-46.506,0,"k@ster",6.497,-63.924,0,"아침땅_",37.249,-89.355,0,"AI",0,-109.84,0,"うよすま",-44.495,-83.898,0,2540.325,5.413,18.018,0,0,"",0,0,0,1,,2549.109,,,194,3
92,4,0,6,0,0,1,2,0,0,0,255,255,255,43,2566.053,"_Chun",L,14,89,126,0.772,-0.615,0.062,1.724,0.934,1.586,-36.523,16.907,2,0,-398.554,301.918,-25.255,0,0,1,1,3,R,"「론구」",174.2,80,0.2,0,65,W,Y,2567.123,142,137,118,93,71,145,100,-26.197,4.15,-0.28,0,0.302,-93.906,-63.24,37.944,0.155,-37.199,0,"_이누_",-0.013,-17.087,0,"CoalCat",-18.633,-45.765,0,"소솨소솨",-12.241,-64.776,0,"Muna_328",21.765,-46.082,0,"k@ster",7.015,-63.894,87,"아침땅_",38.585,-90.806,0,"AI",0,-109.84,0,"うよすま",-44.027,-86.608,0,2567.017,0.044,-21.862,2571.658,7,"AI",-5.473,-90.716,1,0,,,,,160,2
93,4,0,6,0,0,0,2,1,0,0,13,255,255,44,2593.061,"_Chun",L,14,89,126,-1.428,-0.729,-0.211,1.7,-0.051,1.621,-36.523,21.671,0,0,-366.455,340.163,-23.675,0,0,1,2,5,R,"_송글_",163.5,91.844,0.315,0,68,W,Y,0,0,0,0,0,0,0,0,0,0,0,0,0,0,0,0,-0.153,-37.271,0,"_이누_",-0.354,-16.898,0,"CoalCat",-17.756,-42.596,0,"소솨소솨",-9.838,-63.386,0,"Muna_328",20.899,-45.837,0,"k@ster",6.2,-65.55,0,"아침땅_",35.412,-88.122,0,"AI",0,-109.84,0,"うよすま",-45.418,-84.525,0,0,0,0,0,0,"",0,0,0,0,2594.283,,,,0,0
94,4,0,6,0,0,1,2,1,0,0,13,255,255,45,2606.139,"_Chun",L,10,91,128,-1.122,-0.809,-0.311,1.791,-0.48,1.645,-36.523,30.975,2,0,0,400,2.697,0,0,1,2,5,R,"_송글_",163.5,91.844,0.315,5,68,W,Y,2607.121,116,70,112,72,33,137,102,-30,2.447,0.9,0,0.352,-28.386,101.42,-83.681,-0.261,-37.052,0,"_이누_",-0.192,-17.194,0,"CoalCat",-18.445,-44.268,0,"소솨소솨",-9.394,-63.211,0,"Muna_328",21.05,-45.889,0,"k@ster",8.325,-65.259,0,"아침땅_",35.096,-88.361,0,"AI",0,-109.84,0,"うよすま",-45.478,-84.981,0,2607.025,-0.239,-20.517,2612.367,0,"_Chun",1.442,-34.192,1,0,,2611.846,,,128,2
95,4,0,6,0,0,0,2,1,1,0,15,13,255,46,2640.744,"_Chun",L,26,92,140,0.121,-0.706,-0.184,1.515,0.076,1.006,-36.523,13.057,2,0,-7.421,-179.018,-7.859,0,0,1,3,4,L,"Pring__",184.1,92.818,0.485,5,68,W,Y,2641.525,255,147,89,114,75,145,128,94.324,36.305,0.55,0,0.542,402.322,-354.259,-195.145,-0.103,-37.096,0,"_이누_",-0.159,-16.776,0,"CoalCat",-17.685,-44.871,0,"소솨소솨",-6.567,-65.885,0,"Muna_328",23.301,-46.691,0,"k@ster",11.217,-64.168,0,"아침땅_",48.046,-96.958,0,"AI",0,-109.84,0,"うよすま",-52.287,-100.115,0,0,0,0,0,0,"",0,0,0,0,,2644.48,,,128,3
96,4,0,6,0,0,1,2,1,1,0,15,13,255,47,2657.991,"_Chun",L,26,86,139,-1.181,0.385,-0.3,1.756,-0.747,1.658,-36.523,26.553,2,0,188.872,-200,-14.646,0,0,1,3,4,L,"Pring__",184.1,92.818,0.485,1,68,W,Y,2659.026,160,147,105,94,110,145,90,-9.12,2.054,1,0,0.331,146.159,300.718,-92.258,-0.134,-37.625,0,"_이누_",-0.192,-16.775,0,"CoalCat",-17.401,-44.845,0,"소솨소솨",-7.033,-66.39,0,"Muna_328",23.011,-46.526,0,"k@ster",12.306,-64.203,0,"아침땅_",49.248,-95.932,0,"AI",0,-109.84,0,"うよすま",-51.015,-98.956,0,2659.233,-0.467,-27.212,2663.875,7,"AI",1.07,-87.848,1,0,,2663.133,2663.712,,128,2
97,4,0,6,0,0,0,2,1,1,1,14,15,13,48,2687.202,"_Chun",L,14,85,124,0.469,-0.609,0.051,1.712,0.874,1.536,-36.523,18.246,0,0,-414.082,280.243,-15.68,0.521,-18.083,0,4,1,L,"Kr_Luna",190,95.417,0.501,0,68,W,Y,0,0,0,0,0,0,0,0,0,0,0,0,0,0,0,0,0.268,-37.336,0,"_이누_",0.17,-17.29,0,"CoalCat",-18.21,-43.284,0,"소솨소솨",-1.333,-59.189,0,"Muna_328",22.11,-44.101,0,"k@ster",11.707,-63.812,0,"아침땅_",45.348,-97.234,0,"AI",0,-109.84,0,"うよすま",-48.281,-95.902,0,0,0,0,0,0,"",0,0,0,0,2689.884,2690.214,2689.58,,0,0
98,4,0,6,0,0,1,2,1,1,1,14,15,13,49,2703.214,"_Chun",L,29,86,140,2.681,0.843,0.03,1.871,0.819,1.961,-36.523,29.293,1,0,250,-196.375,-18.913,0,0,0,4,1,L,"Kr_Luna",190,95.417,0.501,0,68,W,Y,0,0,0,0,0,0,0,0,0,0,0,0,0,0,0,0,-0.139,-37.131,0,"_이누_",0.025,-17.046,0,"CoalCat",-18.312,-44.492,0,"소솨소솨",-4.901,-59.182,0,"Muna_328",22.463,-43.973,0,"k@ster",11.866,-64.74,0,"아침땅_",47.283,-95.779,0,"AI",0,-109.84,0,"うよすま",-50.582,-100.254,0,0,0,0,0,0,"",0,0,0,0,2704.25,2705.898,2705.963,,0,0
99,4,0,6,0,1,1,2,1,1,1,14,15,13,50,2719.041,"_Chun",L,14,83,121,-1.481,-0.351,-0.133,1.802,0.02,1.766,-36.523,29.675,2,0,-385.484,318.437,-10.253,0,0,0,4,1,L,"Kr_Luna",190,95.417,0.501,3,68,W,Y,2719.896,255,176,122,81,44,145,113,26.496,-25.313,0.12,0,0.05,146.159,300.718,-92.258,0.21,-36.926,0,"_이누_",-0.081,-17.034,0,"CoalCat",-17.815,-43.512,0,"소솨소솨",-3.716,-60.278,0,"Muna_328",22.867,-46.301,0,"k@ster",12.217,-64.595,0,"아침땅_",47.08,-96.243,0,"AI",0,-109.84,0,"うよすま",-50.635,-99.285,0,2724.192,35.753,-108.41,2725.583,6,"아침땅_",34.797,-104.686,1,8,2742.717,2724.87,2723.749,2725.088,88,2
100,5,1,6,2,0,0,0,0,0,0,255,255,255,48,2824.954,"encounter v",R,32,89,140,1.603,1.022,0.575,1.965,0.348,1.917,-36.685,43.938,2,0,250,-200,-9.169,0,0,1,4,6,R,"아침땅_",160,95.405,0.5,2,34,W,Y,2825.847,160,50,74,25,0,136,72,-3.126,10.892,-1,0,0.338,-315.141,475.092,28.541,0.391,-37.305,0,"Kr_Luna",0.037,-17.597,0,"Sabo_10",-20.545,-50.129,91,"「론구」",-11.395,-65.579,104,"Pring__",20.814,-46.702,0,"_송글_",10.579,-63.808,0,"AI",40.9,-90.65,0,"AI",0,-109.84,0,"AI",-40.8,-90.55,0,2826.125,-1.525,-28.065,2828.475,3,"「론구」",-7.281,-57.689,0,0,,,,,98,2
101,5,1,6,2,0,0,1,0,0,0,255,255,255,49,2842.359,"encounter v",R,32,84,137,-0.447,0.162,0.581,1.864,-0.555,1.541,-36.685,39.917,0,0,250,-149.857,-1.105,0,0,0,5,5,R,"k@ster",174.9,80,0.326,0,69,W,Y,0,0,0,0,0,0,0,0,0,0,0,0,0,0,0,0,0.069,-37.669,0,"Kr_Luna",-0.072,-17.542,0,"Sabo_10",-18.905,-46.696,0,"「론구」",-17.207,-62.261,0,"Pring__",20.925,-46.816,0,"_송글_",5.635,-62.602,0,"AI",40.9,-90.65,0,"AI",0,-109.84,0,"AI",-40.8,-90.55,0,0,0,0,0,0,"",0,0,0,0,2843.925,,,,0,0
102,5,1,6,2,0,1,1,0,0,0,255,255,255,50,2874.442,"encounter v",R,32,87,140,-0.368,0.322,0.59,1.884,-0.513,1.611,-36.685,48.391,2,0,250,-179.306,6.684,0,0,1,5,5,R,"k@ster",174.9,80,0.326,2,69,W,Y,2875.465,146,169,67,53,29,137,77,23.5,-41.448,-1,0,0.142,-370.914,-104.128,27.843,0.188,-37.576,0,"Kr_Luna",-0.1,-17.404,119,"Sabo_10",-20.596,-49.403,0,"「론구」",-17.108,-62.03,0,"Pring__",22.495,-48.38,0,"_송글_",8,-65.413,0,"AI",40.9,-90.65,0,"AI",0,-109.84,0,"AI",-40.8,-90.55,0,0,0,0,2878.275,4,"Pring__",27.149,-49.63,0,0,2881.858,,,,88,1
103,5,1,6,2,0,0,2,0,0,0,255,255,255,51,2896.622,"encounter v",R,32,90,140,-2.247,-0.967,0.414,1.678,-1.331,0.887,-36.685,19.872,1,0,250,-155.784,10.202,0,0,0,6,2,R,"CoalCat",174.8,86.186,0.503,0,69,W,Y,0,0,0,0,0,0,0,0,0,0,0,0,0,0,0,0,0.38,-37.865,0,"Kr_Luna",0.034,-17.438,0,"Sabo_10",-20.182,-46.229,0,"「론구」",-16.465,-62.975,0,"Pring__",21.849,-47.698,0,"_송글_",7.488,-66.338,0,"AI",40.9,-90.65,0,"AI",0,-109.84,0,"AI",-40.8,-90.55,0,0,0,0,0,0,"",0,0,0,0,2897.858,,,,0,0
104,5,1,6,2,1,0,2,0,0,0,255,255,255,52,2907.148,"encounter v",R,32,84,136,2.924,0.412,0.893,1.891,0.897,1.635,-36.685,59.924,2,0,250,-200,10.29,0,0,1,6,2,R,"CoalCat",174.8,86.186,0.503,2,69,W,Y,2908.272,255,104,101,102,68,145,81,62.281,-62.139,-1,0,0.268,117.98,-201.629,-16.659,0.501,-37.612,0,"Kr_Luna",0.09,-17.403,0,"Sabo_10",-20.8,-48.986,0,"「론구」",-16.418,-62.799,0,"Pring__",22.832,-48.352,0,"_송글_",7.465,-66.275,0,"AI",40.9,-90.65,0,"AI",0,-109.84,0,"AI",-40.8,-90.55,0,2913.025,54.104,-44.352,0,0,"",0,0,0,0,,,,,64,3
105,5,1,6,2,1,1,2,0,0,0,255,255,255,53,2925.955,"encounter v",R,32,81,132,3.188,0.298,0.915,1.875,0.998,1.578,-36.685,55.348,4,0,250,-183.757,12.555,0,0,1,6,2,R,"CoalCat",174.8,86.186,0.503,0,38,W,Y,0,0,0,0,0,0,0,0,0,0,0,0,0,0,0,0,0.177,-37.809,0,"Kr_Luna",0.044,-17.411,0,"Sabo_10",-21.014,-47.619,0,"「론구」",-15.703,-63.649,0,"Pring__",22.531,-47.47,0,"_송글_",7.155,-64.016,0,"AI",40.9,-90.65,0,"AI",0,-109.84,0,"AI",-40.8,-90.55,0,0,0,0,0,0,"",0,0,0,0,2927.4,,,,0,0
106,5,1,6,2,1,2,2,0,0,0,255,255,255,54,2939.73,"encounter v",R,3,79,120,-2.417,0.027,0.598,1.882,-0.473,1.604,-36.685,57.77,1,0,-364.975,0,-4.906,0,0,0,6,2,R,"CoalCat",174.8,86.186,0.503,0,38,W,Y,0,0,0,0,0,0,0,0,0,0,0,0,0,0,0,0,0.265,-37.832,0,"Kr_Luna",0.021,-17.422,0,"Sabo_10",-21.309,-47.303,0,"「론구」",-15.539,-63.757,0,"Pring__",22.174,-47.467,0,"_송글_",7.721,-65.332,0,"AI",40.9,-90.65,0,"AI",0,-109.84,0,"AI",-40.8,-90.55,0,0,0,0,0,0,"",0,0,0,0,2941.417,,,,0,0
107,5,1,6,2,2,2,2,0,0,0,255,255,255,55,2951.342,"encounter v",R,3,83,124,-3.04,-0.093,0.545,1.866,-0.723,1.549,-36.685,50.022,2,0,-391.694,12.965,0.555,0,0,1,6,2,R,"CoalCat",174.8,86.186,0.503,2,38,W,Y,2952.467,255,141,121,122,16,145,81,-15.157,37.51,1,0,0.257,-335.145,167.078,-468.788,-0.102,-37.184,0,"Kr_Luna",0.026,-17.441,0,"Sabo_10",-21.032,-48.849,0,"「론구」",-15.474,-63.506,0,"Pring__",22.167,-47.484,0,"_송글_",7.592,-65.231,0,"AI",40.9,-90.65,0,"AI",0,-109.84,0,"AI",-40.807,-90.557,0,2952.417,-2.685,-23.349,2954.267,2,"Sabo_10",-18.89,-44.759,0,0,,,,,160,2
108,5,0,6,2,0,0,0,0,0,0,255,255,255,51,3003.183,"_Chun",L,14,80,117,1.314,0.715,0.046,2.022,1.208,2.461,-36.523,40.591,0,0,-366.742,339.853,-18.012,0,0,0,4,2,L,"Sabo_10",184.9,87.575,0.449,0,69,W,Y,0,0,0,0,0,0,0,0,0,0,0,0,0,0,0,0,0.131,-37.354,0,"_이누_",0.047,-17.464,0,"CoalCat",-17.403,-45.71,0,"소솨소솨",-9.639,-64.568,0,"Muna_328",25.472,-49.086,0,"k@ster",13.41,-62.956,0,"아침땅_",47.231,-93.947,0,"AI",0,-109.84,0,"うよすま",-49.26,-89.676,0,0,0,0,0,0,"",0,0,0,0,3004.4,,,,0,0
109,5,0,6,2,0,1,0,0,0,0,255,255,255,52,3017.281,"_Chun",L,26,87,140,-1.671,0.732,-0.343,1.87,-0.776,1.891,-36.523,40.268,4,0,42.456,-175.094,-3.867,0,0,1,4,2,L,"Sabo_10",184.9,87.575,0.449,0,69,W,Y,0,0,0,0,0,0,0,0,0,0,0,0,0,0,0,0,0.324,-37.146,0,"_이누_",-0.166,-17.338,0,"CoalCat",-17.592,-46.148,0,"소솨소솨",-6.289,-66.851,0,"Muna_328",25.146,-48.888,0,"k@ster",13.346,-62.859,0,"아침땅_",46.814,-95.372,0,"AI",0,-109.84,0,"うよすま",-44.896,-91.982,0,0,0,0,0,0,"",0,0,0,0,3018.333,,,,0,0
110,5,0,6,2,0,2,0,0,0,0,255,255,255,53,3034.677,"_Chun",L,10,80,120,-2.378,-0.262,-0.422,1.791,-1.033,1.925,-36.523,35.372,2,0,6.04,400,3.502,0,0,1,4,2,L,"Sabo_10",184.9,87.575,0.449,0,69,W,Y,3035.596,163,102,126,99,41,145,93,23.276,-34.465,-0.86,0,0.513,-288.688,291.362,-129.952,-0.392,-37.039,0,"_이누_",-0.177,-17.344,0,"CoalCat",-17.557,-46.123,0,"소솨소솨",-6.265,-66.784,0,"Muna_328",25.155,-48.817,0,"k@ster",13.455,-63.059,84,"아침땅_",47.25,-95.078,85,"AI",0,-109.84,0,"うよすま",-48.669,-93.171,0,3038.65,32.479,-74.552,3040.375,6,"아침땅_",40.144,-89.209,1,0,,,,,176,2
111,5,0,6,2,0,0,0,1,0,0,12,255,255,54,3062.657,"_Chun",L,26,87,140,-1.44,-0.019,-0.328,1.735,-0.512,1.422,-36.701,38.973,2,0,-79.655,-192.246,4.703,0,0,1,5,4,L,"encounter v",190,82.544,0.529,3,69,W,Y,3063.704,255,178,115,84,0,145,91,10.584,40.099,-0.77,0,0.524,-260.835,64.59,403.497,-0.356,-37.439,0,"_이누_",-0.128,-17.57,0,"CoalCat",-17.653,-44.887,86,"소솨소솨",-5.202,-65.342,0,"Muna_328",24.93,-48.802,0,"k@ster",12.108,-63.972,0,"아침땅_",47.797,-95.443,0,"AI",0,-109.84,0,"うよすま",-49.748,-98.268,0,3065,-21.846,-45.733,3065.15,2,"CoalCat",-17.904,-41.15,0,0,,,,,192,1
112,5,0,6,2,0,0,1,1,0,0,12,255,255,55,3093.182,"_Chun",L,10,84,125,0.94,-0.493,-0.114,1.748,0.4,1.79,-36.51,23.188,2,0,0,400,-3.708,0,0,1,0,3,R,"「론구」",174.2,80,0.2,3,69,W,Y,3094.277,182,90,80,103,53,145,81,-65.454,-51.71,-1,0,0.206,-498.175,-319.208,93.428,-0.285,-37.002,0,"_이누_",0.111,-17.539,0,"CoalCat",-17.986,-44.433,0,"소솨소솨",-8.881,-66.372,0,"Muna_328",21.833,-47.927,85,"k@ster",7.117,-66.094,0,"아침땅_",41.589,-91.574,0,"AI",0,-109.845,0,"うよすま",-46.551,-85.138,0,3094.167,0.604,-20.816,3097.267,4,"Muna_328",24.164,-39.241,0,0,,,,,136,2
113,5,0,6,2,0,1,1,1,0,0,12,255,255,56,3110.649,"_Chun",L,14,73,101,-3.492,-0.304,-0.367,1.899,-0.783,1.925,-36.68,34.917,1,0,-358.49,312.348,-10.662,-1.607,-17.915,0,0,3,R,"「론구」",174.2,80,0.2,0,65,W,Y,0,0,0,0,0,0,0,0,0,0,0,0,0,0,0,0,0.325,-37.465,0,"_이누_",-0.997,-17.651,0,"CoalCat",-18.276,-44.501,0,"소솨소솨",-8.243,-65.177,0,"Muna_328",22.706,-47.019,0,"k@ster",5.858,-66.123,0,"아침땅_",36.04,-95.191,0,"AI",0,-109.84,0,"うよすま",-45.322,-82.906,0,0,0,0,0,0,"",0,0,0,0,3113.783,,,,0,0
114,5,0,6,2,1,1,1,1,0,0,12,255,255,57,3127.692,"_Chun",L,26,86,140,0.253,0.785,-0.17,1.85,-0.036,1.862,-36.625,33.634,0,0,114.03,-200,-10.364,0.143,-18.343,1,0,3,R,"「론구」",174.2,80,0.2,0,65,W,Y,0,0,0,0,0,0,0,0,0,0,0,0,0,0,0,0,-0.17,-37.129,0,"_이누_",0.062,-17.523,0,"CoalCat",-18.106,-45.885,0,"소솨소솨",-6.64,-65.337,0,"Muna_328",22.775,-46.981,0,"k@ster",5.686,-65.614,0,"아침땅_",41.682,-91.282,0,"AI",0,-109.84,0,"うよすま",-47.492,-86.285,0,0,0,0,0,0,"",0,0,0,0,3131.092,,,,0,0
115,5,0,6,2,1,2,1,1,0,0,12,255,255,58,3143.764,"_Chun",L,6,79,105,0.358,0.041,0.194,1.731,1.012,1.638,-36.593,15.22,2,0,-447.888,0,-17.815,0,0,1,0,3,R,"「론구」",174.2,80,0.2,3,65,W,Y,3144.92,192,187,104,116,96,145,81,25.524,52.427,1,0,0.359,16.962,-369.596,-472.346,0.443,-37.327,0,"_이누_",-0.092,-17.432,0,"CoalCat",-18.235,-45.605,0,"소솨소솨",-6.709,-66.273,0,"Muna_328",23.781,-47.386,0,"k@ster",6.854,-65.838,0,"아침땅_",38.483,-93.384,0,"AI",0,-109.845,0,"うよすま",-48.964,-86.648,0,3148.184,-43.46,-59.708,3149.567,8,"うよすま",-52.194,-68.346,0,0,,,,,132,2
116,5,0,6,2,1,2,1,1,0,0,12,255,255,59,3165.188,"_Chun",L,26,79,129,1.064,0.307,-0.089,1.726,0.244,1.571,-36.523,23.252,2,0,151.39,-200,-14.939,0,0,1,0,3,R,"「론구」",174.2,80,0.2,3,66,W,Y,3166.312,243,52,139,59,74,145,126,8.026,37.079,0.53,0,0.275,431.919,337.498,-212.123,-0.052,-37.112,0,"_이누_",0.082,-17.219,120,"CoalCat",-17.75,-45.893,85,"소솨소솨",-8.891,-66.322,0,"Muna_328",23.486,-46.959,0,"k@ster",6.996,-66.065,0,"아침땅_",41.746,-91.411,0,"AI",0,-109.845,0,"うよすま",-46.628,-83.634,0,0,0,0,3168.908,8,"うよすま",-44.391,-73.911,0,0,3172.925,3169.783,,,197,1
117,5,0,6,2,0,0,2,1,0,0,12,255,255,60,3199.764,"_Chun",L,14,80,117,-1.803,-0.004,-0.203,1.893,-0.153,2.061,-36.523,35.286,4,0,-365.851,340.812,-10.546,0,0,1,1,5,R,"_송글_",163.5,91.844,0.315,0,69,W,Y,0,0,0,0,0,0,0,0,0,0,0,0,0,0,0,0,-0.246,-37.654,0,"_이누_",-0.169,-16.985,0,"CoalCat",-17.721,-46.12,0,"소솨소솨",-12.313,-64.131,0,"Muna_328",21.809,-46.899,0,"k@ster",6.429,-65.51,0,"아침땅_",36.135,-94.557,0,"AI",0,-109.843,0,"うよすま",-49.258,-83.252,0,0,0,0,0,0,"",0,0,0,0,3201.067,,,,0,0
118,5,0,6,2,0,1,2,1,0,0,12,255,255,61,3215.664,"_Chun",L,11,78,121,0.552,-0.029,-0.237,1.819,0.049,1.894,-36.523,40.759,2,0,121.25,242.778,-2.116,0,0,1,1,5,R,"_송글_",163.5,91.844,0.315,1,69,W,Y,3216.669,205,100,135,95,71,145,99,-66.402,-4.62,-0.12,0,0.453,433.927,171.313,321.531,-0.358,-37.173,0,"_이누_",0.062,-17.252,0,"CoalCat",-17.682,-45.938,81,"소솨소솨",-11.047,-65.354,0,"Muna_328",21.77,-46.868,0,"k@ster",6.429,-65.357,107,"아침땅_",39.241,-90.898,0,"AI",0,-109.845,0,"うよすま",-47.92,-83.997,0,3216.542,0.102,-20.859,3220.925,5,"k@ster",2.711,-52.459,1,0,,3221.726,,,224,2
119,5,0,6,2,0,0,2,1,1,0,15,12,255,62,3242.006,"_Chun",L,26,89,140,-1.085,-0.712,-0.271,1.567,-0.591,0.987,-36.523,26.009,2,0,100.718,-195.925,-15.448,0,0,1,2,0,L,"Pring__",184.1,92.818,0.485,1,69,W,Y,3242.904,173,202,82,139,79,145,133,-27.757,1.536,0.61,0,0.545,-410.25,143.807,51.049,-0.198,-37.617,0,"_이누_",-0.11,-17.427,0,"CoalCat",-17.8,-44.696,0,"소솨소솨",-6.547,-63.421,0,"Muna_328",24.727,-48.321,0,"k@ster",12.057,-63.471,0,"아침땅_",48.176,-95.654,0,"AI",0,-109.845,0,"うよすま",-51.194,-94.862,0,3242.95,-0.219,-21.927,3245.509,0,"_Chun",-2.421,-35.27,0,0,3288.05,3247.561,,,204,2
120,6,1,6,2,0,0,0,0,0,0,255,255,255,56,3360.572,"Pring__",R,26,85,138,0.224,0.286,0.045,1.506,-0.081,1.622,-36.198,21.36,2,0,131.94,-200,24.76,0,0,1,7,1,L,"_Chun",190,80,0.445,3,87,W,Y,3361.635,165,60,77,51,35,139,83,28.789,-55.915,1,0,0.223,406.599,-198.942,325.114,-0.15,-36.722,0,"Kr_Luna",0.029,-17.535,0,"Sabo_10",-19.874,-48.076,0,"「론구」",-7.028,-67.373,0,"encounter v",18.662,-45.824,0,"_송글_",12.101,-63.575,0,"AI",40.9,-90.65,0,"AI",0,-109.84,0,"AI",-40.8,-90.55,0,3365.325,54.565,-53.71,0,0,"",0,0,0,0,,,,,4,3
121,6,1,6,2,0,1,0,0,0,0,255,255,255,57,3377.615,"Pring__",R,14,74,113,0.453,-0.81,0.078,1.476,-0.44,1.559,-36.198,23.023,2,0,353.552,353.555,-34.159,0,0,1,7,1,L,"_Chun",190,80,0.445,3,87,W,Y,3378.765,248,75,115,63,59,145,121,3.225,-30.782,0.78,0,0.211,154.061,-87.482,11.431,-0.089,-36.832,0,"Kr_Luna",0.039,-17.517,0,"Sabo_10",-20.599,-49.155,103,"「론구」",-7.374,-67.132,0,"encounter v",19.284,-45.651,120,"_송글_",11.785,-63.578,0,"AI",40.9,-90.65,0,"AI",0,-109.84,0,"AI",-40.8,-90.55,0,3379.759,18.472,-50.956,3380,4,"encounter v",15.929,-46.783,0,0,,,,,52,1
122,6,1,6,2,0,0,1,0,0,0,255,255,255,58,3402.285,"Pring__",R,26,87,140,0.209,-1.11,-0.005,1.152,0.111,0.757,-36.198,22.037,1,0,-15.141,-200,17.516,0,0,0,0,0,R,"_이누_",190,89.841,0.451,0,68,W,Y,0,0,0,0,0,0,0,0,0,0,0,0,0,0,0,0,0.014,-37.43,0,"Kr_Luna",0.025,-17.489,0,"Sabo_10",-20.644,-46.435,0,"「론구」",-15.866,-62.723,0,"encounter v",17.921,-45.241,0,"_송글_",7.645,-65.094,0,"AI",40.9,-90.65,0,"AI",0,-109.84,0,"AI",-40.8,-90.55,0,0,0,0,0,0,"",0,0,0,0,3403.467,,,,0,0
123,6,1,6,2,1,0,1,0,0,0,255,255,255,59,3416.392,"Pring__",R,29,77,128,-0.342,-0.254,0.156,1.215,0.218,1.279,-36.198,31.464,2,0,-250,-200,3.939,0,0,0,0,0,R,"_이누_",190,89.841,0.451,2,68,W,Y,3417.671,203,128,143,111,40,145,87,97.876,-83.974,1,0,0.187,-131.206,211.771,-33.863,-0.121,-36.765,0,"Kr_Luna",0.036,-17.52,0,"Sabo_10",-20.229,-47.373,0,"「론구」",-15.754,-62.469,0,"encounter v",16.959,-45.789,0,"_송글_",7.887,-65.256,0,"AI",40.9,-90.65,0,"AI",0,-109.84,0,"AI",-40.8,-90.55,0,0,0,0,0,0,"",0,0,0,0,,,,,4,3
124,6,1,6,2,1,1,1,0,0,0,255,255,255,60,3430.053,"Pring__",R,26,77,128,0.835,1.363,0.129,1.674,0.238,2.284,-36.198,37.263,1,0,81.831,-200,12.528,0,0,0,0,0,R,"_이누_",190,89.841,0.451,0,68,W,Y,0,0,0,0,0,0,0,0,0,0,0,0,0,0,0,0,-0.121,-37.418,0,"Kr_Luna",0.018,-17.541,0,"Sabo_10",-21.411,-46.055,0,"「론구」",-16.011,-63.128,0,"encounter v",19.613,-48.063,0,"_송글_",8.185,-64.82,0,"AI",40.9,-90.65,0,"AI",0,-109.84,0,"AI",-40.8,-90.55,0,0,0,0,0,0,"",0,0,0,0,3431.317,,,,0,0
125,6,1,6,2,1,2,1,0,0,0,255,255,255,61,3452.687,"Pring__",R,10,68,99,0.654,-0.011,0.203,1.757,0.279,2.209,-36.198,48.817,2,0,0,400,-1.472,0,0,1,0,0,R,"_이누_",190,89.841,0.451,2,68,W,Y,3454.063,209,128,125,107,33,145,90,32.834,9.54,-0.85,0,0.125,12.256,-146.291,-96.49,-0.369,-36.838,0,"Kr_Luna",0.105,-17.489,0,"Sabo_10",-21.549,-49.893,0,"「론구」",-16.058,-62.994,0,"encounter v",18.083,-47.846,0,"_송글_",8.471,-65.571,0,"AI",40.9,-90.65,0,"AI",0,-109.84,0,"AI",-40.8,-90.55,0,3458.6,-8.952,-91.423,3459.467,7,"AI",-9.214,-94.051,1,0,,,,,4,2
126,6,1,6,2,0,0,1,1,0,0,0,255,255,62,3484.514,"Pring__",R,26,72,124,0.544,0.57,0.078,1.551,0.081,1.706,-36.198,26.602,0,0,98.194,-200,26.53,0,0,1,1,3,R,"소솨소솨",170.4,80,0.405,0,68,W,Y,0,0,0,0,0,0,0,0,0,0,0,0,0,0,0,0,0.04,-37.44,0,"Kr_Luna",-0.092,-17.718,0,"Sabo_10",-18.776,-43.13,0,"「론구」",-11.61,-58.553,0,"encounter v",19.696,-48.108,0,"_송글_",4.242,-61.79,0,"AI",40.9,-90.65,0,"AI",0,-109.84,0,"AI",-40.8,-90.55,0,0,0,0,0,0,"",0,0,0,0,3485.725,,,,0,0
127,6,1,6,2,0,1,1,1,0,0,0,255,255,63,3501.567,"Pring__",R,26,81,132,-0.698,-0.485,-0.092,1.311,-0.394,1.133,-36.198,19.294,0,0,66.173,-200,37.457,0,0,0,1,3,R,"소솨소솨",170.4,80,0.405,0,68,W,Y,0,0,0,0,0,0,0,0,0,0,0,0,0,0,0,0,0.083,-37.368,0,"Kr_Luna",-0.05,-17.744,0,"Sabo_10",-19.503,-41.913,0,"「론구」",-12.405,-57.948,0,"encounter v",19.063,-47.422,0,"_송글_",3.681,-62.623,0,"AI",40.9,-90.65,0,"AI",0,-109.84,0,"AI",-40.8,-90.55,0,0,0,0,0,0,"",0,0,0,0,3502.725,,,,0,0
128,6,1,6,2,0,2,1,1,0,0,0,255,255,64,3518.013,"Pring__",R,26,71,123,1.379,2.033,0.175,1.751,0.386,2.56,-36.198,52.163,2,0,131.456,-169.666,9.337,0,0,1,1,3,R,"소솨소솨",170.4,80,0.405,3,68,W,Y,3519.21,255,62,112,22,3,145,80,61.134,-56.424,-1,0,0.721,367.233,-403.269,194.523,-0.323,-36.605,0,"Kr_Luna",-0.209,-17.965,0,"Sabo_10",-18.443,-44.336,0,"「론구」",-11.878,-58.144,0,"encounter v",19.422,-46.969,0,"_송글_",2.265,-62.683,0,"AI",40.9,-90.65,0,"AI",0,-109.84,0,"AI",-40.8,-90.55,0,3524.309,49.439,-45.788,0,0,"",0,0,0,0,,,,,4,3
129,6,1,6,2,0,2,1,1,0,0,0,255,255,65,3541.215,"Pring__",R,8,61,99,0.329,0.565,0.061,1.661,-0.125,1.944,-36.198,32.022,2,0,125.867,0,7.294,0,0,1,1,3,R,"소솨소솨",170.4,80,0.405,3,68,W,Y,3542.5,80,161,58,80,79,120,101,112.138,-33.988,0.79,0,0.823,432.751,127.102,10.766,-0.088,-37.135,0,"Kr_Luna",-0.067,-17.665,0,"Sabo_10",-18.928,-44.316,0,"「론구」",-13.085,-56.391,0,"encounter v",18.992,-45.779,0,"_송글_",5.376,-64.79,0,"AI",40.9,-90.65,0,"AI",0,-109.84,0,"AI",-40.8,-90.55,0,0,0,0,0,0,"",0,0,0,0,,,,,4,3
130,6,1,6,2,0,2,1,1,0,0,0,255,255,66,3555.882,"Pring__",R,26,83,135,-0.219,0.015,-0.025,1.423,-0.223,1.417,-36.198,19.938,2,0,94.847,-200,36.649,0,0,1,1,3,R,"소솨소솨",170.4,80,0.405,3,68,W,Y,3557.049,255,111,95,0,16,132,82,61.129,-18.569,-1,0,0.459,558.846,-106.203,161.075,0.084,-37.117,0,"Kr_Luna",-0.097,-17.63,0,"Sabo_10",-18.934,-43.901,0,"「론구」",-12.889,-56.967,0,"encounter v",19.174,-46.879,102,"_송글_",4.549,-64.749,0,"AI",40.9,-90.65,0,"AI",0,-109.84,0,"AI",-40.8,-90.55,0,3562.85,14.122,-58.482,3563.083,4,"encounter v",13.885,-57.861,0,0,,,,,36,1
131,6,1,6,2,0,0,2,1,0,0,0,255,255,67,3583.884,"Pring__",R,26,75,126,-0.195,0.913,0.089,1.721,-0.292,1.922,-36.198,45.017,2,0,132.912,-200,17.71,0,0,1,2,8,R,"うよすま",175.4,92.834,0.601,3,68,W,Y,3585.048,182,136,135,129,38,145,104,26.521,41.128,0.9,0.19,0.656,450.599,362.682,159.443,-0.673,-36.912,0,"Kr_Luna",0.026,-17.557,0,"Sabo_10",-19.603,-44.863,0,"「론구」",-13.423,-57.978,0,"encounter v",20.508,-48.809,0,"_송글_",6.871,-65.361,0,"AI",40.9,-90.65,0,"AI",0,-109.84,0,"AI",-40.8,-90.55,0,3589.733,-67.652,-84.096,3593.059,8,"AI",-76.669,-87.699,0,0,,3590.189,,,4,2
132,6,1,6,2,0,1,2,1,0,0,0,255,255,68,3613.739,"Pring__",R,26,75,126,0.157,-0.531,0.079,1.539,-0.108,1.085,-36.198,33.422,2,0,113.693,-200,21.554,0,0,1,2,8,R,"うよすま",175.4,92.834,0.601,3,50,W,Y,3614.962,181,137,152,128,35,145,106,100.498,-75.646,0.07,0.095,0.514,499.316,329.708,-44.46,-0.129,-37.008,0,"Kr_Luna",0.018,-17.668,0,"Sabo_10",-19.286,-45.559,0,"「론구」",-13.395,-58.459,0,"encounter v",19.228,-47.761,0,"_송글_",5.343,-65.476,0,"AI",40.9,-90.65,0,"AI",0,-109.84,0,"AI",-40.8,-90.55,0,0,0,0,0,0,"",0,0,0,0,,,,,4,3
133,6,1,6,2,0,2,2,1,0,0,0,255,255,69,3630.164,"Pring__",R,13,86,110,-1.405,-0.453,0.176,1.505,0.387,1.516,-36.198,34.178,2,0,-371.544,334.597,14.97,0,0,1,2,8,R,"うよすま",175.4,92.834,0.601,3,50,W,Y,3631.436,167,135,81,146,31,145,114,20.28,7.736,0.79,0.143,0.428,341.506,291.921,53.78,-0.175,-36.981,0,"Kr_Luna",0.004,-17.624,100,"Sabo_10",-20.13,-46.165,0,"「론구」",-12.552,-58.173,101,"encounter v",19.932,-49.599,0,"_송글_",4.218,-64.69,88,"AI",40.9,-90.65,0,"AI",0,-109.84,0,"AI",-40.8,-90.55,0,3636.333,-21.185,-123.503,3638.35,7,"AI",-20.467,-129.613,1,0,3647.6,3636.242,3641.228,,15,2
134,6,1,6,2,0,0,2,0,1,1,255,8,0,70,3669.403,"Pring__",R,26,80,130,0.205,0.081,0.003,1.459,-0.095,1.48,-36.198,22.652,2,0,126.1,-200,25.152,0,0,0,3,4,R,"Muna_328",190,90.095,0.416,3,68,W,Y,3670.631,212,120,168,69,0,145,128,29.26,-28.653,0.7,0,0.859,453.854,-13.067,391.669,-0.26,-36.977,0,"Kr_Luna",0.042,-17.819,0,"Sabo_10",-19.671,-47.539,0,"「론구」",-16.112,-62.713,0,"encounter v",17.647,-42.812,0,"_송글_",9.078,-66.591,0,"AI",40.9,-90.65,0,"AI",0,-109.84,0,"AI",-40.8,-90.55,0,3676.3,57.81,-127.804,0,0,"",0,0,0,0,,3681.767,3677.542,3678.182,4,4
135,6,1,9,2,0,0,2,0,0,0,255,255,255,71,3709.74,"Pring__",R,26,71,123,1.648,1.017,0.196,1.611,0.528,1.901,-36.198,42.954,2,0,117.387,-200,6.528,0,0,1,4,6,R,"아침땅_",160,95.405,0.5,2,68,W,Y,3710.824,160,71,105,50,21,145,76,58.303,-6.552,-1,0,0.337,211.472,46.247,-34.068,-0.084,-36.975,0,"Kr_Luna",0.075,-17.676,0,"Sabo_10",-20.562,-48.578,0,"「론구」",-9.068,-62.1,0,"encounter v",19.747,-48.042,0,"_송글_",10.951,-66.667,0,"AI",40.9,-90.65,0,"AI",0,-109.84,0,"AI",-40.8,-90.55,0,0,0,0,3716.333,5,"_송글_",4.804,-59.012,0,0,,,,,35,1
136,6,0,9,2,0,0,0,0,0,0,255,255,255,63,3760.377,"_이누_",R,0,63,116,-1.277,-0.383,0.235,1.91,-0.496,1.387,-36.438,35.363,2,0,-38.331,23.456,5.813,0,0,0,3,1,L,"Kr_Luna",190,95.417,0.501,3,68,W,Y,3761.237,255,123,125,69,36,145,102,43.711,-30.376,-0.24,0,0.082,211.472,46.247,-34.068,-0.347,-37.018,0,"_Chun",-0.246,-17.305,0,"CoalCat",-18.448,-46.127,0,"소솨소솨",-6.301,-66.178,0,"Muna_328",24.454,-48.877,0,"k@ster",12.808,-64.784,89,"아침땅_",45.255,-96.894,95,"AI",0,-109.84,0,"うよすま",-47.122,-88.822,0,3766.542,43.057,-89.566,3766.892,6,"아침땅_",42.23,-88.077,0,0,,,,,49,1
137,6,0,9,2,0,0,1,0,0,0,255,255,255,64,3789.931,"_이누_",R,27,90,140,-1.185,-0.926,0.083,1.686,-0.546,0.926,-36.438,12.391,0,0,19.174,-119.671,4.685,0,0,0,4,0,L,"Sabo_10",184.9,87.575,0.449,0,68,W,Y,0,0,0,0,0,0,0,0,0,0,0,0,0,0,0,0,0.205,-37.304,0,"_Chun",-0.069,-16.981,0,"CoalCat",-18.655,-45.901,0,"소솨소솨",-5.052,-66.91,0,"Muna_328",24.973,-49.045,0,"k@ster",11.416,-63.896,0,"아침땅_",46.622,-93.098,0,"AI",0,-109.84,0,"うよすま",-44.091,-90.936,0,0,0,0,0,0,"",0,0,0,0,3790.975,,,,0,0
138,6,0,9,2,0,1,1,0,0,0,255,255,255,65,3802.156,"_이누_",R,10,80,120,-1.861,-1.406,0.049,1.577,-0.704,1.23,-36.438,7.734,1,0,-63.802,400,6.057,-0.935,-17.797,0,4,0,L,"Sabo_10",184.9,87.575,0.449,0,68,W,Y,0,0,0,0,0,0,0,0,0,0,0,0,0,0,0,0,0.185,-37.497,0,"_Chun",-0.096,-17.4,0,"CoalCat",-18.705,-45.844,0,"소솨소솨",-4.834,-67.387,0,"Muna_328",24.976,-49.024,0,"k@ster",11.864,-63.73,0,"아침땅_",45.816,-93.863,0,"AI",0,-109.84,0,"うよすま",-46.92,-87.429,0,0,0,0,0,0,"",0,0,0,0,3805.008,,,,0,0
139,6,0,9,2,1,1,1,0,0,0,255,255,255,66,3815.497,"_이누_",R,28,90,140,-2.115,-0.81,-0.005,1.52,-0.956,1.039,-36.438,4.427,1,0,24.571,-82.312,1.711,0,0,0,4,0,L,"Sabo_10",184.9,87.575,0.449,0,68,W,Y,0,0,0,0,0,0,0,0,0,0,0,0,0,0,0,0,-0.18,-37.317,0,"_Chun",-0.056,-17.15,0,"CoalCat",-18.679,-45.861,0,"소솨소솨",-4.808,-67.391,0,"Muna_328",24.974,-49.137,0,"k@ster",11.811,-63.671,0,"아침땅_",46.111,-92.297,0,"AI",0,-109.84,0,"うよすま",-46.851,-91.573,0,0,0,0,0,0,"",0,0,0,0,3816.508,,,,0,0
140,6,0,9,2,2,1,1,0,0,0,255,255,255,67,3830.003,"_이누_",R,26,79,129,-0.462,0.629,0.142,1.838,-0.262,1.811,-36.438,23.966,2,0,36.352,-176.506,4.996,0,0,1,4,0,L,"Sabo_10",184.9,87.575,0.449,5,68,W,Y,3830.9,182,93,144,100,41,145,104,114.253,5.078,-0.06,0,0.533,317.725,-233.205,181.932,-0.23,-37.033,0,"_Chun",-0.011,-17.348,0,"CoalCat",-17.499,-46.323,0,"소솨소솨",-4.823,-67.395,0,"Muna_328",24.957,-49.016,0,"k@ster",11.841,-63.595,0,"아침땅_",46.834,-92.65,0,"AI",0,-109.84,0,"うよすま",-44.63,-91.643,0,0,0,0,0,0,"",0,0,0,0,,,,,1,3
141,6,0,9,2,2,2,1,0,0,0,255,255,255,68,3844.539,"_이누_",R,14,63,105,0.993,-0.995,0.132,1.649,-0.314,1.467,-36.438,18.486,4,0,371.213,314.269,8.876,0,0,1,4,0,L,"Sabo_10",184.9,87.575,0.449,0,68,W,Y,0,0,0,0,0,0,0,0,0,0,0,0,0,0,0,0,0.188,-37.8,0,"_Chun",0.068,-17.072,0,"CoalCat",-18.324,-45.265,0,"소솨소솨",-4.83,-67.407,0,"Muna_328",24.369,-48.768,0,"k@ster",12.386,-64.197,0,"아침땅_",46.256,-92.54,0,"AI",0,-109.84,0,"うよすま",-46.093,-89.517,0,0,0,0,0,0,"",0,0,0,0,3845.742,,,,0,0
142,6,0,9,2,0,0,2,0,0,0,255,255,255,69,3865.837,"_이누_",R,27,90,140,0.306,0.27,0.212,1.704,0.058,1.653,-36.438,18.835,2,0,42.896,-122.374,5.614,0,0,1,5,4,L,"encounter v",190,82.544,0.529,0,68,W,Y,3866.927,255,121,53,120,18,137,105,62.486,-20.458,-0.08,0,0.292,272.815,-65.572,-22.568,0.173,-37.659,0,"_Chun",0.03,-17.318,0,"CoalCat",-18.125,-46.474,0,"소솨소솨",-11.11,-65.257,0,"Muna_328",24.437,-48.846,0,"k@ster",12.141,-64.232,0,"아침땅_",46.832,-94.322,0,"AI",0,-109.84,0,"うよすま",-44.814,-97.974,0,3873.659,22.607,-73.455,3874.125,5,"k@ster",22.313,-72.742,1,0,3916.508,,,,56,0
143,7,1,9,2,0,0,0,0,0,0,255,255,255,72,3937.084,"Sabo_10",L,27,78,129,0.848,0.758,-0.562,1.721,0.476,1.906,-36.292,45.903,0,0,-60.177,-130.608,-14.713,0,0,0,5,5,R,"k@ster",174.9,80,0.326,0,68,W,Y,0,0,0,0,0,0,0,0,0,0,0,0,0,0,0,0,-0.097,-37.109,0,"Kr_Luna",0.014,-17.661,0,"Pring__",-21.362,-47.85,0,"「론구」",-18.106,-61.753,0,"encounter v",20.33,-46.74,0,"_송글_",9.289,-65.27,0,"AI",40.9,-90.65,0,"AI",0,-109.84,0,"AI",-40.8,-90.55,0,0,0,0,0,0,"",0,0,0,0,3938.35,,,,0,0
144,7,1,9,2,0,1,0,0,0,0,255,255,255,73,3948.121,"Sabo_10",L,34,81,131,-0.03,1.351,-0.655,1.769,0.145,2.326,-36.292,54.401,4,0,-94.518,-56.068,-7.721,0,0,1,5,5,R,"k@ster",174.9,80,0.326,0,68,W,Y,0,0,0,0,0,0,0,0,0,0,0,0,0,0,0,0,-0.308,-37.185,0,"Kr_Luna",-0.003,-17.649,0,"Pring__",-21.461,-47.959,0,"「론구」",-18.107,-61.761,0,"encounter v",20.303,-46.834,0,"_송글_",8.747,-65.846,0,"AI",40.9,-90.65,0,"AI",0,-109.84,0,"AI",-40.8,-90.55,0,0,0,0,0,0,"",0,0,0,0,3949.133,,,,0,0
145,7,1,9,2,0,2,0,0,0,0,255,255,255,74,3960.365,"Sabo_10",L,33,88,140,-0.517,0.371,-0.617,1.647,-0.015,1.727,-36.292,47.319,2,0,-143.42,-96.86,-9.507,0,0,1,5,5,R,"k@ster",174.9,80,0.326,2,68,W,Y,3961.755,126,85,70,40,24,136,77,-30,22.812,1,0,0.107,424.069,-411.407,-75.411,-0.154,-36.959,0,"Kr_Luna",0.055,-17.741,0,"Pring__",-21.457,-47.964,90,"「론구」",-18,-61.515,0,"encounter v",19.151,-46.955,0,"_송글_",8.645,-65.746,0,"AI",40.9,-90.65,0,"AI",0,-109.84,0,"AI",-40.8,-90.55,0,3961.692,-0.709,-20.487,3964.434,2,"Pring__",-13.951,-45.861,0,0,,,,,20,2
146,7,1,9,2,0,0,1,0,0,0,255,255,255,75,3983.598,"Sabo_10",L,27,90,140,0.843,0.824,-0.563,1.749,0.382,1.984,-36.292,35.37,2,0,-68.288,-119.332,-17.731,0,0,1,6,2,R,"CoalCat",174.8,86.186,0.503,2,68,W,Y,3984.825,255,64,118,84,41,145,81,-0.474,-11.157,-1,0,0.271,42.811,-7.464,20.212,-0.444,-37.029,0,"Kr_Luna",0.076,-17.728,0,"Pring__",-21.627,-48.084,85,"「론구」",-17.636,-61.782,0,"encounter v",19.412,-47.543,0,"_송글_",6.953,-65.489,92,"AI",40.9,-90.65,0,"AI",0,-109.84,0,"AI",-40.8,-90.55,0,3985.317,3.227,-35.479,3987.092,5,"_송글_",7.397,-57.509,0,0,,,,,22,2
147,7,1,9,2,0,0,2,0,0,0,255,255,255,76,4011.261,"Sabo_10",L,13,90,126,3.054,-0.817,-0.422,1.642,0.844,1.474,-36.292,26.261,4,0,337.088,369.286,-43.269,0,0,1,7,1,L,"_Chun",190,80,0.445,0,68,W,Y,0,0,0,0,0,0,0,0,0,0,0,0,0,0,0,0,-0.195,-36.949,0,"Kr_Luna",0.011,-17.673,0,"Pring__",-20.653,-46.264,0,"「론구」",-7.469,-67.117,0,"encounter v",20.117,-46.676,0,"_송글_",8.483,-61.643,0,"AI",40.9,-90.65,0,"AI",0,-109.84,0,"AI",-40.8,-90.55,0,0,0,0,0,0,"",0,0,0,0,4012.192,,,,0,0
148,7,1,9,2,0,1,2,0,0,0,255,255,255,77,4024.08,"Sabo_10",L,3,86,128,2.422,0.589,-0.559,1.733,0.489,1.976,-36.292,38.949,1,0,386.685,0,-15.442,0,0,0,7,1,L,"_Chun",190,80,0.445,0,68,W,Y,0,0,0,0,0,0,0,0,0,0,0,0,0,0,0,0,-0.348,-37.157,0,"Kr_Luna",-0.011,-17.631,0,"Pring__",-20.654,-46.244,0,"「론구」",-7.597,-67.148,0,"encounter v",21.139,-47.182,0,"_송글_",8.883,-62.924,0,"AI",40.9,-90.65,0,"AI",0,-109.84,0,"AI",-40.8,-90.55,0,0,0,0,0,0,"",0,0,0,0,4025.008,,,,0,0
149,7,1,9,2,1,1,2,0,0,0,255,255,255,78,4036.81,"Sabo_10",L,0,80,129,-5.635,0.852,-0.866,1.678,-2.419,2.158,-36.292,65.697,4,0,33.219,0,-3.676,-0.312,-21.852,1,7,1,L,"_Chun",190,80,0.445,0,68,W,Y,0,0,0,0,0,0,0,0,0,0,0,0,0,0,0,0,-0.386,-37.262,0,"Kr_Luna",-0.049,-18.644,0,"Pring__",-20.633,-45.756,0,"「론구」",-7.592,-67.16,0,"encounter v",21.874,-48.649,0,"_송글_",8.865,-62.882,0,"AI",40.9,-90.65,0,"AI",0,-109.84,0,"AI",-40.8,-90.55,0,0,0,0,0,0,"",0,0,0,0,4041.476,,,,0,0
150,7,1,9,2,1,2,2,0,0,0,255,255,255,79,4090.488,"Sabo_10",L,3,77,107,-0.683,0.427,-0.704,1.727,-0.914,1.89,-36.292,48.853,2,0,336.009,0,-8.216,0,0,1,7,1,L,"_Chun",190,80,0.445,3,87,W,Y,4091.522,229,97,74,82,50,145,130,100.928,61.765,0.39,0,0.275,-532.53,64.799,226.582,-0.218,-36.964,0,"Kr_Luna",-0.008,-17.383,0,"Pring__",-24.102,-50.279,0,"「론구」",-7.56,-67.046,0,"encounter v",18.121,-43.168,0,"_송글_",9.094,-64.314,0,"AI",40.9,-90.65,0,"AI",0,-109.84,0,"AI",-40.8,-90.55,0,0,0,0,0,0,"",0,0,0,0,,,,,16,3
151,7,1,9,2,1,2,2,0,0,0,255,255,255,80,4106.558,"Sabo_10",L,13,86,126,3.011,-1.119,-0.414,1.606,0.953,1.33,-36.292,28.658,2,0,242.272,400,-27.928,0,0,1,7,1,L,"_Chun",190,80,0.445,3,87,W,Y,4107.524,185,108,42,90,39,130,78,-30,-17.098,1,0,0.413,-518.514,-40.165,230.692,-0.248,-37.193,0,"Kr_Luna",0.109,-17.637,0,"Pring__",-22.965,-48.81,76,"「론구」",-7.098,-67.114,0,"encounter v",19.347,-45.107,0,"_송글_",7.739,-63.984,95,"AI",40.9,-90.65,0,"AI",0,-109.84,0,"AI",-40.8,-90.55,0,4107.383,0.842,-21.091,4110.017,5,"_송글_",10.799,-55.654,0,0,,,,,23,2
152,7,0,9,2,0,0,0,0,0,0,255,255,255,70,4167.104,"_이누_",R,27,75,126,1.655,1.587,0.334,1.911,0.622,2.381,-36.438,42.209,2,0,58.779,-121.622,2.331,0,0,1,0,3,R,"「론구」",174.2,80,0.2,3,68,W,Y,4168.226,125,71,85,73,45,137,77,99.291,-36.673,-1,0,0.28,348.755,68.413,-483.415,0.477,-37.029,0,"_Chun",-0.022,-17.588,0,"CoalCat",-18.47,-46.619,0,"소솨소솨",-15.005,-63.274,0,"Muna_328",22.283,-49.071,0,"k@ster",6.517,-65.074,0,"아침땅_",40.816,-89.869,0,"AI",0,-109.84,0,"うよすま",-45.367,-91.194,0,4173.892,-5.13,-3.27,0,0,"",0,0,0,0,,,,,1,3
153,7,0,9,2,0,1,0,0,0,0,255,255,255,71,4192.481,"_이누_",R,27,88,140,-1.284,-0.979,0.074,1.499,-0.584,0.926,-36.438,8.147,0,0,16.3,-120.927,3.711,0,0,0,0,3,R,"「론구」",174.2,80,0.2,0,65,W,Y,0,0,0,0,0,0,0,0,0,0,0,0,0,0,0,0,-0.063,-37.282,0,"_Chun",-0.063,-17.643,0,"CoalCat",-18.537,-46.373,0,"소솨소솨",-12.913,-64.489,0,"Muna_328",21.602,-47.586,0,"k@ster",6.235,-65.792,0,"아침땅_",41.025,-88.491,0,"AI",0,-109.84,0,"うよすま",-43.399,-88.505,0,0,0,0,0,0,"",0,0,0,0,4193.708,,,,0,0
154,7,0,9,2,0,2,0,0,0,0,255,255,255,72,4205.019,"_이누_",R,10,69,112,-1.904,-2.743,0.102,1.768,-0.831,0.46,-36.438,17.953,4,0,0,400,9.788,-0.202,-18.499,1,0,3,R,"「론구」",174.2,80,0.2,0,65,W,Y,0,0,0,0,0,0,0,0,0,0,0,0,0,0,0,0,0.056,-37.823,0,"_Chun",-0.073,-17.817,0,"CoalCat",-18.489,-45.791,0,"소솨소솨",-12.95,-64.487,0,"Muna_328",22.558,-48.697,0,"k@ster",6.532,-65.961,0,"아침땅_",40.913,-88.648,0,"AI",0,-109.84,0,"うよすま",-45.422,-87.825,0,0,0,0,0,0,"",0,0,0,0,4207.875,,,,0,0
155,7,0,9,2,0,0,1,0,0,0,255,255,255,73,4222.824,"_이누_",R,10,74,115,-1.375,-1.444,0.127,1.822,-0.34,1.341,-36.438,16.312,4,0,-149.416,371.418,9.334,-0.391,-18.691,1,1,5,R,"_송글_",163.5,91.844,0.315,0,68,W,Y,0,0,0,0,0,0,0,0,0,0,0,0,0,0,0,0,-0.024,-37.261,0,"_Chun",-0.044,-17.756,0,"CoalCat",-18.814,-46.519,0,"소솨소솨",-12.699,-64.825,0,"Muna_328",22.653,-48.798,0,"k@ster",6.616,-66.415,0,"아침땅_",40.669,-88.396,0,"AI",0,-109.84,0,"うよすま",-46.248,-81.444,0,0,0,0,0,0,"",0,0,0,0,4226.542,,,,0,0
156,7,0,9,2,0,1,1,0,0,0,255,255,255,74,4239.165,"_이누_",R,27,81,132,0.496,0.257,0.228,1.883,0.132,1.572,-36.438,32.775,2,0,52.467,-137.947,1.982,0,0,1,1,5,R,"_송글_",163.5,91.844,0.315,5,68,W,Y,4240.157,74,41,67,52,42,108,97,93.003,-16.137,0.31,0,0.299,322.837,310.79,-335.092,0.261,-36.907,0,"_Chun",-0.032,-17.257,0,"CoalCat",-18.448,-46.606,0,"소솨소솨",-12.706,-64.74,0,"Muna_328",22.718,-48.889,0,"k@ster",6.621,-66.301,0,"아침땅_",38.409,-89.441,0,"AI",0,-109.84,0,"うよすま",-46.967,-83.455,0,4246.917,3.8,-9.124,0,0,"",0,0,0,0,,,,,1,0
157,7,0,9,2,0,2,1,0,0,0,255,255,255,75,4269.045,"_이누_",R,28,94,140,-2.141,-1.981,-0.01,1.583,-0.977,0.443,-36.438,2.767,4,0,32.102,-71.501,2.691,-0.448,-17.957,1,1,5,R,"_송글_",163.5,91.844,0.315,0,68,W,Y,0,0,0,0,0,0,0,0,0,0,0,0,0,0,0,0,0.033,-37.504,0,"_Chun",-0.035,-17.579,0,"CoalCat",-18.277,-44.536,0,"소솨소솨",-12.593,-65.231,0,"Muna_328",23.282,-49.013,0,"k@ster",6.027,-65.857,0,"아침땅_",39.311,-86.835,0,"AI",0,-109.84,0,"うよすま",-44.908,-81.653,0,0,0,0,0,0,"",0,0,0,0,4270.134,,,,0,0
158,7,0,9,2,0,0,2,0,0,0,255,255,255,76,4290.655,"_이누_",R,10,78,120,-0.268,-0.983,0.205,1.801,0.023,1.308,-36.438,23.569,2,0,-97.734,282.764,1.433,0,0,1,2,2,L,"Pring__",184.1,92.818,0.485,5,68,W,Y,4291.607,140,125,60,86,86,137,116,-10.711,0.888,0.13,0,0.542,73.283,-44.014,24.235,-0.033,-37.176,0,"_Chun",0.023,-17.86,0,"CoalCat",-18.757,-46.543,0,"소솨소솨",-11.202,-65.016,82,"Muna_328",24.874,-47.811,0,"k@ster",12.28,-64.361,0,"아침땅_",47.491,-93.983,0,"AI",0,-109.84,0,"うよすま",-44.698,-85.72,0,4291.575,-0.096,-23.148,4295.309,7,"AI",-2.158,-95.379,1,0,,,,,3,2
159,7,0,9,2,0,0,2,1,0,0,12,255,255,77,4317.333,"_이누_",R,14,73,112,1.626,-1.609,0.199,1.709,-0.004,1.019,-36.438,19.626,1,0,381.827,322.814,5.726,0.777,-17.746,0,3,1,L,"Kr_Luna",190,95.417,0.501,0,68,W,Y,0,0,0,0,0,0,0,0,0,0,0,0,0,0,0,0,-0.239,-37.573,0,"_Chun",0.68,-17.195,0,"CoalCat",-17.171,-45.521,0,"소솨소솨",-2.389,-63.511,0,"Muna_328",25.315,-48.324,0,"k@ster",12.034,-63.303,0,"아침땅_",48.219,-93.778,0,"AI",0,-109.84,0,"うよすま",-48.457,-94.287,0,0,0,0,0,0,"",0,0,0,0,4320.65,,,,0,0
160,7,0,9,2,1,0,2,1,0,0,12,255,255,78,4334.529,"_이누_",R,26,83,134,-0.099,-0.015,0.174,1.833,-0.122,1.42,-36.438,29.08,0,0,49.452,-184.609,2.824,0,0,0,3,1,L,"Kr_Luna",190,95.417,0.501,0,68,W,Y,0,0,0,0,0,0,0,0,0,0,0,0,0,0,0,0,0.049,-37.373,0,"_Chun",0.57,-17.132,0,"CoalCat",-17.497,-44.762,0,"소솨소솨",-2.283,-62.585,0,"Muna_328",24.928,-47.372,0,"k@ster",11.513,-63.42,0,"아침땅_",46.461,-95.136,0,"AI",0,-109.84,0,"うよすま",-46.073,-97.619,0,0,0,0,0,0,"",0,0,0,0,4335.5,,,,0,0
161,7,0,9,2,1,1,2,1,0,0,12,255,255,79,4352.871,"_이누_",R,27,90,140,-2.281,-1.046,-0.022,1.658,-1.032,0.856,-36.438,7.036,2,0,27.706,-101.053,4.53,0,0,0,3,1,L,"Kr_Luna",190,95.417,0.501,3,68,W,Y,4353.632,255,100,124,51,21,145,101,-10.836,9.407,-0.31,0,0.102,73.283,-44.014,24.235,-0.254,-36.921,0,"_Chun",-0.024,-17.248,0,"CoalCat",-18.034,-44.381,0,"소솨소솨",-1.392,-62.969,0,"Muna_328",25.134,-48.739,0,"k@ster",11.585,-63.886,85,"아침땅_",46.544,-95.313,0,"AI",0,-109.84,0,"うよすま",-46.671,-84.533,0,4353.467,-0.863,-22.507,4358.792,7,"AI",-15.031,-100.68,1,0,,4356.758,,,33,2
162,7,0,9,2,0,0,2,1,1,0,11,12,255,80,4382.165,"_이누_",R,10,72,114,-1.781,-1.929,0.033,1.677,-0.776,0.896,-36.438,9.997,1,0,0,400,11.482,-0.364,-18.904,0,4,0,L,"Sabo_10",184.9,87.575,0.449,0,77,W,Y,0,0,0,0,0,0,0,0,0,0,0,0,0,0,0,0,0.194,-37.398,0,"_Chun",0.138,-17.637,0,"CoalCat",-18.428,-43.317,0,"소솨소솨",-6.109,-65.871,0,"Muna_328",24.155,-45.667,0,"k@ster",11.997,-63.833,0,"아침땅_",47.239,-94.111,0,"AI",0,-109.84,0,"うよすま",-46.703,-90.989,0,0,0,0,0,0,"",0,0,0,0,4383.275,4384.699,,,0,0
163,7,0,9,2,1,0,2,1,1,0,11,12,255,81,4393.715,"_이누_",R,27,84,137,0.89,-0.956,0.278,1.68,0.363,0.908,-36.438,25.158,0,0,11.8,-121.77,-0.644,0,0,1,4,0,L,"Sabo_10",184.9,87.575,0.449,0,77,W,Y,0,0,0,0,0,0,0,0,0,0,0,0,0,0,0,0,-0.03,-37.412,0,"_Chun",0.128,-18.004,0,"CoalCat",-18.651,-43.213,0,"소솨소솨",-6.264,-66.101,0,"Muna_328",23.33,-44.652,0,"k@ster",11.922,-63.842,0,"아침땅_",47.296,-93.823,0,"AI",0,-109.84,0,"うよすま",-46.607,-90.101,0,0,0,0,0,0,"",0,0,0,0,4394.884,4396.61,,,0,0
164,7,0,9,2,1,1,2,1,1,0,11,12,255,82,4408.537,"_이누_",R,14,74,112,0.901,-0.295,0.138,1.755,-0.29,1.822,-36.438,22.843,0,0,390.434,312.348,10.799,0.707,-18.813,0,4,0,L,"Sabo_10",184.9,87.575,0.449,0,77,W,Y,0,0,0,0,0,0,0,0,0,0,0,0,0,0,0,0,0.156,-37.512,0,"_Chun",0.493,-17.825,0,"CoalCat",-18.059,-43.712,0,"소솨소솨",-4.683,-65.012,0,"Muna_328",21.801,-44.59,0,"k@ster",11.104,-63.417,0,"아침땅_",47.304,-93.82,0,"AI",0,-109.84,0,"うよすま",-45.888,-91.762,0,0,0,0,0,0,"",0,0,0,0,4410.992,4411.419,,,0,0
165,7,0,9,2,1,2,2,1,1,0,11,12,255,83,4421.535,"_이누_",R,26,85,138,1.557,0.839,0.332,1.802,0.614,1.977,-36.438,36.451,4,0,40.636,-162.679,-0.433,0,0,1,4,0,L,"Sabo_10",184.9,87.575,0.449,0,77,W,Y,0,0,0,0,0,0,0,0,0,0,0,0,0,0,0,0,0.341,-37.428,0,"_Chun",0.081,-17.179,0,"CoalCat",-18.809,-44.027,0,"소솨소솨",-6.017,-66.337,0,"Muna_328",23.465,-45.287,0,"k@ster",11.228,-63.962,0,"아침땅_",47.741,-93.445,0,"AI",0,-109.84,0,"うよすま",-45.73,-90.756,0,0,0,0,0,0,"",0,0,0,0,4422.583,4424.187,,,0,0
166,8,1,9,2,0,0,0,0,0,0,255,255,255,81,4469.618,"Sabo_10",L,26,83,135,1.856,0.27,-0.431,1.681,0.804,1.601,-36.292,34.111,4,0,14.426,-200,-37.795,0,0,1,0,0,R,"_이누_",190,89.841,0.451,0,68,W,Y,0,0,0,0,0,0,0,0,0,0,0,0,0,0,0,0,-0.119,-37.224,0,"Kr_Luna",-0.014,-17.559,0,"Pring__",-21.022,-46.326,0,"「론구」",-16.262,-63.207,0,"encounter v",18.135,-45.025,0,"_송글_",7.416,-64.955,0,"AI",40.9,-90.65,0,"AI",0,-109.84,0,"AI",-40.8,-90.55,0,0,0,0,0,0,"",0,0,0,0,4470.708,,,,0,0
167,8,1,9,2,0,1,0,0,0,0,255,255,255,82,4486.242,"Sabo_10",L,10,76,117,0.731,-0.734,-0.552,1.712,0.334,1.616,-36.292,44.995,2,0,-0.005,400,-10.946,0,0,1,0,0,R,"_이누_",190,89.841,0.451,2,68,W,Y,4487.336,188,166,176,115,7,145,113,34.797,41.625,0.12,0,0.125,373.649,423.509,-44.574,0.072,-37.303,0,"Kr_Luna",0.041,-17.57,0,"Pring__",-20.968,-46.373,0,"「론구」",-16.184,-62.956,0,"encounter v",17.907,-44.741,0,"_송글_",6.795,-65.272,0,"AI",40.9,-90.65,0,"AI",0,-109.84,0,"AI",-40.8,-90.55,0,4492.375,-73.555,-87.209,4495.05,8,"AI",-76.007,-87.036,0,0,,,,,16,2
168,8,1,9,2,0,2,0,0,0,0,255,255,255,83,4505.837,"Sabo_10",L,10,80,107,-0.258,-1.704,-0.477,1.594,-0.099,1.085,-36.292,32.295,4,0,0,400,-24.68,0,0,1,0,0,R,"_이누_",190,89.841,0.451,0,68,W,Y,0,0,0,0,0,0,0,0,0,0,0,0,0,0,0,0,-0.17,-37.282,0,"Kr_Luna",0.111,-18.754,0,"Pring__",-21.246,-44.337,0,"「론구」",-16.602,-63.112,0,"encounter v",18.705,-47.267,0,"_송글_",5.299,-64.803,0,"AI",40.9,-90.65,0,"AI",0,-109.84,0,"AI",-40.8,-90.55,0,0,0,0,0,0,"",0,0,0,0,4506.975,,,,0,0
169,8,1,9,2,0,0,1,0,0,0,255,255,255,84,4528.547,"Sabo_10",L,32,77,127,-1.238,0.392,-0.645,1.651,-0.274,1.707,-36.292,45.142,2,0,-160.316,-101.271,-11.853,0,0,1,1,3,L,"소솨소솨",169.5,80,0.405,5,68,W,Y,4529.525,225,150,119,76,57,145,80,-21.387,1.331,-0.97,0,0.205,-165.553,-248.85,142.105,-0.25,-36.937,115,"Kr_Luna",0.023,-17.571,0,"Pring__",-21.817,-47.404,88,"「론구」",-6.362,-67.399,0,"encounter v",19.758,-45.517,0,"_송글_",8.114,-66.134,0,"AI",40.9,-90.65,0,"AI",0,-109.84,0,"AI",-40.8,-90.55,0,4529.483,-0.285,-23.158,4530.925,0,"Sabo_10",-0.886,-36.984,0,0,,,,,20,2
170,8,1,9,2,0,0,2,0,0,0,255,255,255,85,4552.373,"Sabo_10",L,26,84,137,2.942,-0.083,-0.365,1.64,1.109,1.454,-36.292,23.764,3,0,76.17,-200,-49.505,0.448,-21.299,0,2,8,R,"うよすま",175.4,92.834,0.601,0,51,W,Y,0,0,0,0,0,0,0,0,0,0,0,0,0,0,0,0,-0.272,-37.206,0,"Kr_Luna",-0.001,-18.779,0,"Pring__",-22.434,-47.683,0,"「론구」",-16.565,-62.884,0,"encounter v",20.238,-47.819,0,"_송글_",5.743,-65.641,0,"AI",40.9,-90.65,0,"AI",0,-109.84,0,"AI",-40.8,-90.55,0,0,0,0,0,0,"",0,0,0,0,4557.333,,,,0,6
171,8,1,9,2,2,0,2,0,0,0,255,255,255,86,4573.712,"Sabo_10",L,26,85,138,3.054,-0.267,-0.338,1.621,1.233,1.386,-36.292,24.718,3,0,-24.276,-200,-36.106,-0.746,-20.081,0,2,8,R,"うよすま",175.4,92.834,0.601,0,51,W,Y,0,0,0,0,0,0,0,0,0,0,0,0,0,0,0,0,-0.102,-36.85,0,"Kr_Luna",0.016,-17.649,0,"Pring__",-22.668,-47.966,0,"「론구」",-16.505,-62.715,0,"encounter v",19.276,-48.182,0,"_송글_",6.493,-65.343,0,"AI",40.9,-90.65,0,"AI",0,-109.84,0,"AI",-40.8,-90.55,0,0,0,0,0,0,"",0,0,0,0,4580.675,,,,0,6
172,8,1,9,2,0,0,2,1,0,0,8,255,255,87,4611.155,"Sabo_10",L,26,90,140,3.261,-1.546,-0.298,1.331,1.42,0.469,-36.292,15.34,4,0,8.35,-200,-14.537,0,0,1,3,4,L,"Muna_328",190,90.095,0.416,0,68,W,Y,0,0,0,0,0,0,0,0,0,0,0,0,0,0,0,0,-0.439,-37.418,0,"Kr_Luna",0.097,-17.84,0,"Pring__",-20.738,-44.095,0,"「론구」",-5.929,-64.273,0,"encounter v",22.588,-48.67,0,"_송글_",4.592,-64.969,0,"AI",40.901,-90.651,0,"AI",0,-109.84,0,"AI",-40.801,-90.551,0,0,0,0,0,0,"",0,0,0,0,4612.167,,,,0,0
173,8,1,9,2,0,1,2,1,0,0,8,255,255,88,4628.983,"Sabo_10",L,27,79,129,-1.833,-0.741,-0.706,1.555,-0.428,1.104,-36.292,47.033,2,0,-135.05,-137.734,-15.068,0,0,1,3,4,L,"Muna_328",190,90.095,0.416,3,68,W,Y,4630.012,249,65,193,116,54,145,105,25.109,-21.329,-0.12,0,0.495,410.792,-230.403,-366.85,-0.285,-37.201,0,"Kr_Luna",0.014,-17.76,0,"Pring__",-20.547,-45.589,0,"「론구」",-5.923,-64.072,0,"encounter v",22.271,-48.69,0,"_송글_",5.354,-65.721,0,"AI",40.9,-90.65,0,"AI",0,-109.84,0,"AI",-40.8,-90.55,0,4634.692,39.048,-103.318,4638.675,5,"_송글_",13.499,-74.405,0,0,,4634.815,,,3,1
174,8,0,9,2,0,0,0,0,0,0,255,255,255,84,4686.289,"_이누_",R,26,88,140,-0.576,0.198,0.127,1.67,-0.338,1.543,-36.438,17.244,2,0,55.038,-200,5.62,0,0,1,5,4,L,"encounter v",190,82.544,0.529,3,68,W,Y,4687.212,255,193,152,34,0,145,94,44.248,-19.964,-0.64,0,0.577,317.739,-78.831,-456.157,0.092,-36.862,0,"_Chun",0.001,-17.535,0,"CoalCat",-18.084,-47.034,0,"소솨소솨",-10.046,-65.317,0,"Muna_328",24.544,-48.763,0,"k@ster",11.934,-63.929,0,"아침땅_",47.274,-94.682,0,"AI",0,-109.85,0,"うよすま",-45.381,-85.017,0,4692.4,28.476,-84.688,4692.65,6,"아침땅_",27.781,-82.987,0,0,,,,4697.381,17,1
175,8,0,9,2,0,0,1,0,0,0,255,255,255,85,4709.744,"_이누_",R,3,68,100,0.621,-0.84,0.588,1.65,0.918,1.291,-36.438,40.352,0,0,-324.304,97.33,4.507,0,0,0,0,3,R,"「론구」",174.2,80,0.2,0,68,W,Y,0,0,0,0,0,0,0,0,0,0,0,0,0,0,0,0,0.201,-37.5,0,"_Chun",0.093,-17.606,0,"CoalCat",-18.177,-46.214,0,"소솨소솨",-11.683,-64.551,0,"Muna_328",25.57,-50.223,0,"k@ster",5.995,-66.728,0,"아침땅_",40.382,-89.53,0,"AI",0,-109.84,0,"うよすま",-42.361,-82.035,0,0,0,0,0,0,"",0,0,0,0,4711.184,,,,0,0
176,8,0,9,2,0,1,1,0,0,0,255,255,255,86,4720.852,"_이누_",R,26,84,136,-0.227,0.531,0.17,1.728,-0.141,1.736,-36.438,23.786,2,0,26.906,-176.973,3.653,0,0,1,0,3,R,"「론구」",174.2,80,0.2,3,68,W,Y,4721.878,180,45,94,97,60,145,81,25.469,62.472,1,0,0.226,209.882,227.553,-413.608,-0.245,-37.131,0,"_Chun",0.031,-17.422,0,"CoalCat",-18.198,-46.227,0,"소솨소솨",-12.108,-63.936,0,"Muna_328",25.599,-50.212,0,"k@ster",6.003,-66.689,0,"아침땅_",41.696,-89.486,0,"AI",0,-109.84,0,"うよすま",-46.346,-85.569,0,4724.9,-41.299,-41.02,0,0,"",0,0,0,0,,,,,1,3
177,8,0,9,2,0,2,1,0,0,0,255,255,255,87,4736.841,"_이누_",R,10,73,114,-1.251,-2.287,0.082,1.667,-0.547,0.814,-36.438,13.572,2,0,0,400,6.073,0,0,1,0,3,R,"「론구」",174.2,80,0.2,3,65,W,Y,4737.931,255,135,81,104,92,145,81,-30,50.698,1,0,0.328,-343.602,326.497,-1.395,-0.157,-37.105,0,"_Chun",-0.152,-17.821,0,"CoalCat",-18.065,-45.692,0,"소솨소솨",-10.276,-65.628,0,"Muna_328",22.692,-50.025,0,"k@ster",6.264,-66.284,0,"아침땅_",43.892,-89.16,0,"AI",0,-109.84,0,"うよすま",-48.408,-83.414,0,4737.759,-0.329,-20.481,4742.917,8,"うよすま",-45.405,-60.616,0,0,,,,,5,2
178,8,0,9,2,0,2,1,0,0,0,255,255,255,88,4755.02,"_이누_",R,13,70,111,-3.599,-2.728,-0.031,1.608,-1.073,0.605,-36.438,6.316,1,0,-273.438,400,11.904,-0.668,-20.386,0,0,3,R,"「론구」",174.2,80,0.2,0,65,W,Y,0,0,0,0,0,0,0,0,0,0,0,0,0,0,0,0,0.124,-37.46,0,"_Chun",-0.554,-17.475,0,"CoalCat",-18.477,-45.97,0,"소솨소솨",-10.388,-65.821,0,"Muna_328",24.197,-50.245,0,"k@ster",5.743,-67.095,0,"아침땅_",35.958,-94.689,0,"AI",0,-109.84,0,"うよすま",-46.421,-83.078,0,0,0,0,0,0,"",0,0,0,0,4756.4,,,,0,0
179,8,0,9,2,1,2,1,0,0,0,255,255,255,89,4766.418,"_이누_",R,27,71,123,1.62,3.185,0.205,2.105,0.655,3.283,-36.438,51.878,1,0,28.343,-135.141,-0.572,0,0,0,0,3,R,"「론구」",174.2,80,0.2,0,65,W,Y,0,0,0,0,0,0,0,0,0,0,0,0,0,0,0,0,-0.327,-37.411,0,"_Chun",0.2,-17.433,0,"CoalCat",-18.762,-45.947,0,"소솨소솨",-10.522,-65.83,0,"Muna_328",23.998,-49.819,0,"k@ster",5.748,-67.007,0,"아침땅_",40.39,-90.986,0,"AI",0,-109.84,0,"うよすま",-45.947,-83.167,0,0,0,0,0,0,"",0,0,0,0,4767.667,,,,0,0
180,8,0,9,2,2,2,1,0,0,0,255,255,255,90,4777.32,"_이누_",R,28,87,140,-0.31,-0.366,0.168,1.606,-0.149,1.306,-36.438,10.55,0,0,6.157,-89.41,2.32,0,0,1,0,3,R,"「론구」",174.2,80,0.2,0,65,W,Y,0,0,0,0,0,0,0,0,0,0,0,0,0,0,0,0,-0.155,-36.902,0,"_Chun",0.057,-17.194,0,"CoalCat",-18.763,-45.792,0,"소솨소솨",-10.444,-65.827,0,"Muna_328",24.051,-49.914,0,"k@ster",5.74,-67.067,0,"아침땅_",41.92,-90.184,0,"AI",0,-109.84,0,"うよすま",-46.865,-83.959,0,0,0,0,0,0,"",0,0,0,0,4778.592,,,,0,0
181,8,0,9,2,0,0,2,0,0,0,255,255,255,91,4794.085,"_이누_",R,26,93,140,-0.326,-0.259,0.155,1.607,-0.211,1.285,-36.438,17.309,2,0,46.998,-167.425,2.365,0,0,1,1,5,R,"_송글_",163.5,91.844,0.315,0,68,W,Y,4794.993,126,36,28,43,6,68,67,-30,52.965,1,0,0.206,-527.562,181.24,-186.577,-0.23,-37.091,0,"_Chun",-0.044,-17.597,0,"CoalCat",-18.424,-46.702,0,"소솨소솨",-10.581,-65.391,0,"Muna_328",23.55,-49.066,0,"k@ster",5.773,-67.239,0,"아침땅_",41.069,-89.25,0,"AI",0,-109.84,0,"うよすま",-45.579,-82.06,0,4794.85,-1.353,-20.04,0,0,"",0,0,0,0,,,,,1,0
182,8,0,9,2,0,1,2,0,0,0,255,255,255,92,4809.182,"_이누_",R,13,72,112,0.361,-1.389,0.337,1.648,0.636,1.442,-36.438,27.324,4,0,-269.773,400,9.319,-0.055,-17.814,1,1,5,R,"_송글_",163.5,91.844,0.315,0,68,W,Y,0,0,0,0,0,0,0,0,0,0,0,0,0,0,0,0,0.214,-37.28,0,"_Chun",0.04,-17.329,0,"CoalCat",-18.228,-46.017,0,"소솨소솨",-10.618,-64.586,0,"Muna_328",23.045,-48.065,0,"k@ster",6.145,-66.95,0,"아침땅_",37.934,-89.918,0,"AI",0,-109.84,0,"うよすま",-44.227,-80.653,0,0,0,0,0,0,"",0,0,0,0,4810.467,,,,0,0
183,8,0,9,2,0,2,2,0,0,0,255,255,255,93,4820.317,"_이누_",R,10,74,115,-1.749,-2.796,0.063,1.715,-0.762,0.659,-36.438,11.986,1,0,0,400,9.246,-0.601,-18.412,0,1,5,R,"_송글_",163.5,91.844,0.315,0,68,W,Y,0,0,0,0,0,0,0,0,0,0,0,0,0,0,0,0,0.187,-37.206,0,"_Chun",-0.066,-17.502,0,"CoalCat",-18.419,-44.964,0,"소솨소솨",-10.15,-64.41,0,"Muna_328",23.08,-48.035,0,"k@ster",5.239,-66.315,0,"아침땅_",38.485,-89.554,0,"AI",0,-109.84,0,"うよすま",-43.808,-81.866,0,0,0,0,0,0,"",0,0,0,0,4823.909,,,,0,0
184,8,0,9,2,1,2,2,0,0,0,255,255,255,94,4832.498,"_이누_",R,27,80,131,0.554,0.344,0.244,1.893,0.203,1.612,-36.438,37.457,2,0,20.752,-142.157,0.232,0,0,1,1,5,R,"_송글_",163.5,91.844,0.315,5,68,W,Y,4833.473,95,67,78,43,25,130,117,26.196,3.191,0.61,0,0.272,171.143,291.781,-448.842,-0.123,-36.998,0,"_Chun",0.014,-17.136,0,"CoalCat",-18.134,-45.47,0,"소솨소솨",-10.442,-64.744,0,"Muna_328",23.07,-48.037,0,"k@ster",5.753,-66.718,0,"아침땅_",38.06,-89.787,0,"AI",0,-109.85,0,"うよすま",-46.592,-80.227,0,4838.367,-10.206,-122.216,0,0,"",0,0,0,0,,,,,0,1
