id,inn,half,ball,strk,out,b1,b2,b3,b1Idx,b2Idx,b3Idx,pCnt,pSec,pName,pType,spdK,zoneX,zoneY,call,sH,sV,plx,plz,bSwing,bIdx,bPos,bName,bHCm,bFps,hSec,rotS,shS,lgS,batSpd,ev,ldeg,sdeg,hPos,PPosX,PPosY,CPosX,CPosY,1BPosX,1BPosY,2BPosX,2BPosY,3BPosX,3BPosY,SSPosX,SSPosY,LFPosX,LFPosY,CFPosX,CFPosY,RFPosX,RFPosY,ltSec,lx,lz,cSec,cPos,cPlr,cx,cz,1BSafe,result,scoreA,scoreB,hMoveX,hMoveY,tag
1,1,1,0,0,0,0,0,0,255,255,255,0,280.495,Pugeuk,0,130,-0.663,0.417,0,62.812,-91.182,0,0,0,0,2,M_lunatic,190,33,0,0,0,0,0,0,0,0,0,-0.13,-37.728,-0.062,-16.996,-21.325,-46.773,-13.783,-60.64,19.209,-44.323,14.179,-64.181,40.249,-74.522,0.326,-110.487,-39.279,-86.085,0,0,0,0,0,,0,0,0,0,0,0,0,0,0
2,1,1,0,1,0,0,0,0,255,255,255,1,296.383,Pugeuk,0,121,0.751,-0.277,0,-182.077,-167.837,0,0,0,0,2,M_lunatic,190,33,0,0,0,0,0,0,0,0,0,-0.145,-37.716,0.122,-17.05,-21.065,-46.996,-14.411,-61.73,18.52,-43.669,14.108,-63.888,40.487,-74.477,0.913,-112.307,-40.589,-87.813,0,0,0,0,0,,0,0,0,0,0,0,0,0,0
3,1,1,0,2,0,0,0,0,255,255,255,2,312.475,Pugeuk,3,117,-2.284,-0.029,2,-379.678,0,0,0,1,0,2,M_lunatic,190,33,0,101,168,15,133,115,-15.933,4.408,0.226,-0.378,-37.055,0.019,-17.016,-21.085,-47.01,-13.002,-64.399,18.59,-44.793,14.153,-63.964,43.337,-77.345,0.22,-113.886,-43.602,-87.028,313.525,-0.66,-24.696,317.434,7,D_arling,-5.357,-103.486,0,2,0,0,0.097,-0.209,0
4,1,1,0,0,0,1,0,0,2,255,255,3,347.25,Pugeuk,10,119,0.139,-1.672,1,0,400,0.038,-17.365,0,1,3,NABIMan,190,35,0,0,0,0,0,0,0,0,0,-0.078,-37.785,0.047,-17.194,-20.255,-44.501,-9.645,-59.993,18.691,-42.621,13.961,-64.881,43.642,-78.719,0.484,-111.772,-44.372,-89.797,0,0,0,0,0,,0,0,0,0,0,0,0,0,0
5,1,1,1,0,0,1,0,0,2,255,255,4,365.021,Pugeuk,3,117,-1.369,-0.314,0,-393.2,0,-0.733,-17.871,1,1,3,NABIMan,190,35,0,0,0,0,0,0,0,0,0,-0.449,-37.606,-0.091,-17.154,-20.301,-43.742,-9.211,-57.367,18.063,-44.143,11.56,-64.927,42.73,-80.864,0.446,-111.722,-45.78,-90.271,0,0,0,0,0,,0,0,0,0,0,0,0,0,0
6,1,1,1,1,0,1,0,0,2,255,255,5,384.818,Pugeuk,6,81,2.036,0.272,4,294.472,0,0,0,1,1,3,NABIMan,190,34,0,0,0,0,0,0,0,0,0,0.198,-37.969,0.118,-17.638,-20.108,-44.726,-3.251,-61.076,20.041,-41.985,8.731,-66.936,40.742,-77.858,0.536,-111.512,-46.092,-90.655,0,0,0,0,0,,0,0,0,0,0,0,0,0,0
7,1,1,1,2,0,0,1,0,255,2,255,6,408.412,Pugeuk,0,131,-1.103,0.443,0,-20.271,-200,0,0,1,1,3,NABIMan,190,34,0,0,0,0,0,0,0,0,0,-0.146,-37.657,-0.151,-17.095,-21.428,-48.126,-6.897,-60.211,18.982,-41.69,11.141,-65.447,42.534,-75.326,0.346,-111.256,-49.903,-92.604,0,0,0,0,0,,0,0,0,0,0,0,0,0,0
8,1,1,0,0,1,0,1,0,255,2,255,7,432.382,Pugeuk,0,123,-0.683,0.138,0,6.008,0,0,0,0,2,7,Yaksok~,173.4,49,0,0,0,0,0,0,0,0,0,0.109,-37.765,-0.064,-17.184,-21.02,-47.676,-12.856,-61.465,18.858,-43.624,7.043,-66.682,43.708,-79.951,0.331,-112.169,-47.769,-81.967,0,0,0,0,0,,0,0,0,0,0,0,0,0,0
9,1,1,0,1,1,0,1,0,255,2,255,8,450.423,Pugeuk,0,131,0.824,0.759,0,35.711,-163.611,0,0,0,2,7,Yaksok~,173.4,49,0,0,0,0,0,0,0,0,0,0.043,-37.864,0.06,-17.191,-20.978,-47.784,-12.812,-62.939,17.463,-43.932,6.976,-66.898,44.827,-82.254,0.304,-111.537,-44.691,-81.042,0,0,0,0,0,,0,0,0,0,0,0,0,0,0
10,1,1,0,2,1,0,1,0,255,2,255,9,465.401,Pugeuk,3,115,1.471,-0.226,0,-419.834,55.879,0,0,0,2,7,Yaksok~,173.4,49,0,0,0,0,0,0,0,0,0,0.008,-37.891,0.13,-17.227,-21.135,-47.326,-12.334,-63.018,16.759,-44.659,1.871,-65.063,45.074,-77.979,0.251,-111.773,-44.673,-81.058,0,0,0,0,0,,0,0,0,0,0,0,0,0,4
11,1,1,0,0,2,0,1,0,255,2,255,10,487.269,Pugeuk,0,127,0.533,1.624,1,64.107,-126.111,0,0,0,3,1,Pring__,180,50,0,0,0,0,0,0,0,0,0,-0.095,-37.85,0.018,-17.11,-20.985,-47.722,-11.493,-62.699,20.384,-42.788,10.6,-65.612,47.435,-83.396,0.34,-112.766,-44.689,-81.045,0,0,0,0,0,,0,0,0,0,0,0,0,0,0
12,1,1,1,0,2,0,1,0,255,2,255,11,500.995,Pugeuk,0,138,-0.972,-1.146,2,80.385,-169.763,0,0,1,3,1,Pring__,180,50,501.785,106,163,41,138,65,23.075,-0.347,-0.385,-0.328,-36.947,-0.075,-17.113,-21.029,-47.534,-7.059,-62.405,19.116,-47.551,11.109,-66.001,47.448,-83.411,0.282,-112.913,-44.694,-81.069,0,0,0,505.017,5,Slaris,1.613,-61.114,0,1,0,0,0.016,-0.089,0
13,1,0,0,0,0,0,0,0,255,255,255,0,592.115,encounter v,13,104,0.72,0.276,0,-341.551,345.68,0,0,0,0,4,인생최패망자,190,50,0,0,0,0,0,0,0,0,0,0.096,-37.502,0.088,-16.837,-20.207,-45.943,-16.747,-57.228,19.356,-48.665,12.803,-63.929,34.018,-85.005,0.353,-103.706,-39.702,-82.934,0,0,0,0,0,,0,0,0,0,0,0,0,0,0
14,1,0,0,1,0,0,0,0,255,255,255,1,608.609,encounter v,3,119,-2.059,-0.683,1,-261.214,108.305,0,0,0,0,4,인생최패망자,190,50,0,0,0,0,0,0,0,0,0,-0.025,-37.347,-0.308,-16.895,-20.788,-44.959,-16.503,-56.899,21.117,-47.073,10.292,-64.322,34.276,-84.799,1.226,-104.477,-39.723,-82.94,0,0,0,0,0,,0,0,0,0,0,0,0,0,0
15,1,0,1,1,0,0,0,0,255,255,255,2,626.807,encounter v,13,94,-1.392,0.272,0,-273.613,384.033,0,0,0,0,4,인생최패망자,190,50,0,0,0,0,0,0,0,0,0,0.051,-37.566,-0.045,-16.996,-20.992,-45.231,-16.265,-58.185,21.336,-48.656,14.212,-63.196,33.786,-84.381,0.864,-104.867,-40.834,-83.169,0,0,0,0,0,,0,0,0,0,0,0,0,0,0
16,1,0,1,2,0,0,0,0,255,255,255,3,642.561,encounter v,0,132,0.465,1.208,2,42.757,-160.439,0,0,1,0,4,인생최패망자,190,50,643.623,99,193,9,134,130,11.1,-31.931,0.487,-0.322,-37.052,-0.008,-17.234,-19.859,-44.777,-16.861,-58.582,21.748,-53.608,14.231,-63.209,34.434,-85.908,1.064,-105.342,-40.606,-82.059,646.067,46.933,-82.992,649.775,6,Roscosmos,51.969,-87.05,1,2,0,0,-0.039,-0.067,0
17,1,0,0,0,0,0,1,0,255,13,255,4,678.561,encounter v,13,107,-2.892,-1.508,2,-342.125,355.38,0,0,1,1,7,D_arling,160,43,679.493,122,105,5,123,92,6.224,43.17,0.086,-0.28,-37.052,-0.186,-16.942,-19.624,-45.295,-15.606,-60.626,20.06,-46.52,11.026,-61.414,34.266,-80.348,4.309,-105.048,-43.93,-83.43,680.25,-16.168,-34.529,0,0,,0,0,0,3,0,0,-0.029,-0.09,0
18,1,0,0,1,0,0,1,0,255,13,255,5,700.191,encounter v,15,100,-0.163,1.126,2,0,-400,0,0,1,1,7,D_arling,160,43,701.222,15,90,67,10,33,54.885,42.745,-0.272,-0.215,-37.09,0.064,-17.16,-19.766,-44.379,-16.464,-61.148,18.794,-48.08,8.722,-60.264,32.024,-79.441,2.255,-104.586,-44.606,-81.044,704.2,-10.999,-32.076,705.267,2,M_lunatic,-12.686,-33.901,1,2,0,0,-0.129,-0.081,0
19,1,0,0,0,0,0,1,1,255,16,13,6,746.28,encounter v,13,100,-0.631,0.616,0,-337.63,334.764,0,0,0,2,2,ByeolBam,190,50,0,0,0,0,0,0,0,0,0,-0.022,-37.841,1.558,-18.534,-20.286,-45.354,-16.661,-59.642,20.325,-43.779,11.901,-62.226,32.819,-79.359,2.245,-103.998,-45.734,-80.97,0,0,0,0,0,,0,0,0,0,0,0,0,0,0
20,1,0,0,1,0,0,1,1,255,16,13,7,768.381,encounter v,13,102,-1.383,-0.588,0,-346.866,331.769,0,0,1,2,2,ByeolBam,190,50,0,0,0,0,0,0,0,0,0,-0.08,-37.459,0.517,-18.126,-20.732,-44.055,-17.202,-59.973,19.595,-42.098,8.054,-61.591,34.893,-81.155,2.23,-104.006,-47.734,-81.912,0,0,0,0,0,,0,0,0,0,0,0,0,0,0
21,1,0,0,2,0,0,1,1,255,16,13,8,785.151,encounter v,0,140,-0.49,-2.151,1,-19.773,-200,-0.002,-17.352,0,2,2,ByeolBam,190,50,0,0,0,0,0,0,0,0,0,-0.121,-37.168,-0.047,-17.064,-18.975,-44.512,-16.58,-59.35,19.414,-42.75,6.389,-62.164,35.058,-81.051,2.117,-105.223,-45.835,-83.385,0,0,0,0,0,,0,0,0,0,0,0,0,0,0
22,1,0,1,2,0,0,1,1,255,16,13,9,801.09,encounter v,0,115,1.017,2.605,2,0,0,0,0,1,2,2,ByeolBam,190,50,802.052,106,143,42,136,67,107.113,-18.176,-0.968,-0.246,-37.069,0.059,-17.228,-20.123,-44.213,-16.859,-59.595,21.269,-42.765,14.211,-62.781,37.323,-82.952,1.955,-105.251,-46.452,-81.887,811.392,-4.844,3.784,0,0,,0,0,0,3,0,0,-0.036,-0.049,0
23,1,0,1,2,0,0,1,1,255,16,13,10,828.998,encounter v,10,109,0.889,-1.461,4,-115.902,400,-0.059,-17.505,1,2,2,ByeolBam,190,50,0,0,0,0,0,0,0,0,0,-0.039,-37.463,0.228,-17.698,-19.917,-43.649,-16.925,-59.56,19.333,-42.341,10.589,-61.615,36.162,-80.954,1.055,-109.118,-47.107,-88.545,0,0,0,0,0,,0,0,0,0,0,0,0,0,0
24,1,0,0,0,1,0,1,1,255,16,13,11,855.462,encounter v,0,128,0.644,0.243,0,15.249,-159.678,0,0,0,3,3,-라후이-,179.8,50,0,0,0,0,0,0,0,0,0,0.131,-37.234,0.184,-17.185,-19.673,-44.303,-17.149,-58.429,19.652,-40.611,11.784,-60.591,36.902,-84.252,0.866,-104.503,-55.678,-88.75,0,0,0,0,0,,0,0,0,0,0,0,0,0,0
25,1,0,0,1,1,0,1,1,255,16,13,12,871.109,encounter v,13,110,0.951,-0.605,2,-379.808,325.186,0,0,1,3,3,-라후이-,179.8,50,871.989,129,156,23,138,130,37.341,3.9,0.643,-0.405,-37.053,-0.214,-17.018,-18.872,-43.414,-18.494,-60.151,21.078,-46.526,14.954,-62.195,43.579,-88.999,0.861,-104.521,-55.334,-87.395,878.159,-23.355,-130.374,879.934,7,Yaksok~,-16.848,-127.574,1,2,0,0,-0.017,-0.117,0
26,1,0,0,0,1,0,0,0,255,255,255,13,919.899,encounter v,13,111,0.376,-0.172,0,-252.085,400,-0.465,-16.938,1,4,5,Slaris,174.6,50,0,0,0,0,0,0,0,0,0,0.056,-37.267,-0.071,-16.891,-19.199,-43.774,-18.378,-60.263,20.318,-49.278,11.981,-62.6,36.982,-87.689,1.663,-109.826,-42.47,-81.296,0,0,0,0,0,,0,0,0,0,0,3,0,0,0
27,1,0,0,1,1,0,0,0,255,255,255,14,937.831,encounter v,0,136,0.465,1.485,2,74.521,-132.684,0,0,1,4,5,Slaris,174.6,50,938.713,114,175,50,142,127,44.901,-43.608,0.341,-0.342,-36.878,-0.002,-16.97,-20.314,-45.125,-16.572,-60.531,20.17,-49.354,14.768,-63.244,37.207,-88.775,0.911,-108.25,-46.916,-93.007,945.142,74.786,-104.698,0,0,,0,0,0,4,0,3,-0.023,-0.025,0
28,1,0,0,0,1,0,0,0,255,255,255,15,1004.979,encounter v,13,99,-0.062,0.75,2,-265.057,388.614,0,0,0,5,6,Multeinn,160,50,1006.038,101,100,20,112,66,97.925,-62.598,-0.14,-0.226,-36.97,-0.197,-16.997,-19.42,-44.069,-17.542,-60.265,19.684,-46.759,15.966,-62.633,38.233,-86.006,0.037,-111.582,-47.811,-89.135,1011.034,-16.91,-11.097,0,0,,0,0,0,3,0,4,-0.049,-0.067,0
29,1,0,0,1,1,0,0,0,255,255,255,16,1033.498,encounter v,0,137,2.925,1.929,4,104.107,-113.117,-0.253,-20.4,0,5,6,Multeinn,160,51,0,0,0,0,0,0,0,0,0,-0.063,-37.084,-0.326,-17.749,-18.981,-43.575,-16.812,-58.42,20.821,-49.536,12.612,-64.326,38.537,-88.114,1.015,-110.813,-47.196,-85.356,0,0,0,0,0,,0,0,0,0,0,4,0,0,0
30,1,0,0,2,1,0,0,0,255,255,255,17,1054.607,encounter v,11,120,-0.571,1.16,2,0,151.884,0,0,0,5,6,Multeinn,160,51,1055.565,110,95,16,114,62,36.622,42.406,-0.234,-0.489,-36.894,-0.252,-17.246,-20.281,-45.307,-18.449,-59.917,20.76,-49.757,14.289,-63.73,39.795,-88.451,1.628,-112.135,-46.207,-83.949,1059.017,-29.769,-51.51,1059.175,3,NABIMan,-28.036,-49.656,0,1,0,4,-0.07,-0.05,0
31,1,0,0,0,2,0,0,0,255,255,255,18,1087.277,encounter v,10,113,2.904,0.902,1,-6.302,342.75,0,0,0,6,8,_앰프_,171.5,51,0,0,0,0,0,0,0,0,0,0.22,-37.683,0.061,-16.818,-19.465,-45.929,-18.144,-57.325,21.402,-49.523,16.151,-63.157,36.089,-85.033,1.095,-111.171,-45.441,-87.505,0,0,0,0,0,,0,0,0,0,0,4,0,0,0
32,1,0,1,0,2,0,0,0,255,255,255,19,1104.678,encounter v,0,128,-0.746,1.076,0,41.122,-158.593,0,0,0,6,8,_앰프_,171.5,51,0,0,0,0,0,0,0,0,0,0.036,-37.292,-0.047,-16.777,-19.145,-44.066,-17.989,-57.576,21.343,-49.401,15.444,-62.382,36.704,-84.599,1.09,-111.149,-45.231,-86.86,0,0,0,0,0,,0,0,0,0,0,4,0,0,0
33,1,0,1,1,2,0,0,0,255,255,255,20,1121.505,encounter v,15,98,-0.913,1.324,4,0,-400,0,0,1,6,8,_앰프_,171.5,51,0,0,0,0,0,0,0,0,0,-0.019,-37.76,-0.088,-17.092,-19.144,-43.72,-17.658,-57.488,21.313,-49.398,15.435,-62.189,36.721,-84.795,1.085,-111.141,-45.508,-83.596,0,0,0,0,0,,0,0,0,0,0,4,0,0,0
34,1,0,1,2,2,0,0,0,255,255,255,21,1137.123,encounter v,10,123,0.461,-2.783,1,0,400,0.084,-20.247,0,6,8,_앰프_,171.5,51,0,0,0,0,0,0,0,0,0,0.075,-37.192,0.021,-16.975,-19.589,-43.7,-17.573,-56.43,21.435,-49.494,15.538,-62.444,36.742,-84.807,1.085,-111.15,-47.589,-84.638,0,0,0,0,0,,0,0,0,0,0,4,0,0,0
35,1,0,2,2,2,0,0,0,255,255,255,22,1153.213,encounter v,13,115,-2.172,-1.573,1,-298.961,400,0,0,0,6,8,_앰프_,171.5,51,0,0,0,0,0,0,0,0,0,-0.077,-37.609,-0.151,-17.109,-19.709,-42.77,-18.041,-57.713,21.35,-49.512,15.667,-62.033,36.384,-85.062,0.91,-110.016,-49.065,-85.264,0,0,0,0,0,,0,0,0,0,0,4,0,0,0
36,1,0,3,2,2,0,0,0,255,255,255,23,1171.147,encounter v,0,108,0.908,-0.3,2,0,0,0,0,1,6,8,_앰프_,171.5,51,1172.395,105,132,66,137,113,30.649,3.182,0.159,-0.167,-36.978,0.003,-17.226,-19.658,-43.862,-18.625,-58.693,21.253,-49.414,15.663,-62.026,35.252,-84.245,0.911,-110.036,-48.74,-84.89,1177.8,-10.594,-118.985,1177.942,7,Yaksok~,-10.3,-116.637,0,1,0,4,-0.126,-0.099,0
37,2,1,0,0,0,0,0,0,255,255,255,12,1229.318,Pugeuk,3,94,1.027,0.524,0,-376.877,0,0,0,0,4,5,눈꽃,175.4,51,0,0,0,0,0,0,0,0,0,-0.035,-37.72,0.115,-17.147,-21.135,-48.254,-11.011,-61.162,19.953,-46.225,13.959,-63.772,39.448,-89.736,0.043,-112.863,-42.128,-84.163,0,0,0,0,0,,0,0,0,0,0,4,0,0,0
38,2,1,0,1,0,0,0,0,255,255,255,13,1247.192,Pugeuk,0,132,-1.028,-1.479,4,59.802,-200,0,0,1,4,5,눈꽃,175.4,51,0,0,0,0,0,0,0,0,0,-0.145,-37.7,-0.168,-17.178,-21.387,-48.168,-11.782,-63.451,18.893,-43.33,16.256,-64.235,40.138,-89.523,0.373,-112.902,-43.044,-85.688,0,0,0,0,0,,0,0,0,0,0,4,0,0,0
39,2,1,0,2,0,0,0,0,255,255,255,14,1273.239,Pugeuk,14,93,2.246,-1.255,4,307.244,343.418,0.599,-17.914,1,4,5,눈꽃,175.4,90,0,0,0,0,0,0,0,0,0,-0.098,-38.079,0.129,-17.236,-21.326,-48.207,-10.068,-64.68,18.993,-41.13,14.697,-64.133,36.492,-87.025,0.394,-112.974,-44.103,-86.644,0,0,0,0,0,,0,0,1,0,0,4,0,0,0
40,2,1,0,0,0,1,0,0,5,255,255,15,1307.23,Pugeuk,0,126,1.428,0.675,4,-19.674,-179.215,-0.372,-19.338,1,5,6,Roscosmos,175.1,51,0,0,0,0,0,0,0,0,0,-0.055,-37.836,0.049,-17.135,-19.673,-44.294,-10.804,-63.424,15.656,-44.386,5.712,-65.271,40.606,-93.571,0.765,-113.397,-45.883,-86.932,0,0,0,0,0,,0,0,0,0,0,4,0,0,0
41,2,1,0,1,0,1,0,0,5,255,255,16,1326.321,Pugeuk,0,130,0.817,0.251,2,25.463,-126.596,0,0,1,5,6,Roscosmos,175.1,51,1327.188,119,113,1,126,64,41.113,27.488,-0.973,-0.063,-37.103,0.101,-16.885,-20.174,-44.31,-12.581,-63.841,15.743,-46.448,10.841,-65.773,40.757,-93.551,0.867,-113.464,-45.889,-86.945,1331.775,-22.639,-60.886,1331.909,3,-라후이-,-21.724,-59.23,0,1,0,4,-0.04,-0.158,0
42,2,1,0,0,1,1,0,0,5,255,255,17,1359.635,Pugeuk,7,118,1.96,-0.68,4,216.425,25.108,0.863,-17.157,1,6,8,SOM_candy,179.9,51,0,0,0,0,0,0,0,0,0,-0.056,-38.048,0.159,-16.81,-19.769,-42.753,-15.875,-62.646,18.417,-41.157,10.65,-65.13,42.599,-86.705,0.059,-108.725,-43.673,-81.217,0,0,0,0,0,,0,0,0,0,0,4,0,0,0
43,2,1,0,1,1,1,0,0,5,255,255,18,1376.285,Pugeuk,10,118,-0.346,-1.034,1,91.337,400,0.013,-17.628,0,6,8,SOM_candy,179.9,51,0,0,0,0,0,0,0,0,0,-0.03,-37.714,-0.021,-17.329,-19.42,-42.807,-6.392,-61.893,19.218,-41.055,9.732,-64.749,41.884,-86.425,0.097,-108.577,-43.669,-81.205,0,0,0,0,0,,0,0,0,0,0,4,0,0,0
44,2,1,1,1,1,0,1,0,255,5,255,19,1397.098,Pugeuk,0,128,-0.732,0.25,0,32.82,-161.324,0,0,0,6,8,SOM_candy,179.9,51,0,0,0,0,0,0,0,0,0,-0.052,-37.878,-0.08,-17.086,-20.528,-47.875,-5.637,-60.988,19.14,-40.239,13.814,-64.061,43.372,-86.468,-0.323,-108.258,-43.666,-81.245,0,0,0,0,0,,0,0,0,0,0,4,0,0,0
45,2,1,1,2,1,0,1,0,255,5,255,20,1414.612,Pugeuk,0,130,1.519,-0.926,2,19.694,-200,0,0,1,6,8,SOM_candy,179.9,51,1415.659,116,158,55,141,110,115.844,54.926,0.86,-0.183,-37.094,0.139,-16.968,-21.29,-48.009,-9.853,-61.428,18.102,-43.949,12.04,-65.2,43.366,-85.954,-0.777,-112.168,-43.634,-81.114,1421.359,63.096,36.072,0,0,,0,0,0,0,0,4,-0.094,-0.018,0
46,2,1,1,2,1,0,1,0,255,5,255,21,1438.819,Pugeuk,3,96,1.156,0.972,0,-331.133,0,0,0,1,6,8,SOM_candy,179.9,51,0,0,0,0,0,0,0,0,0,-0.014,-37.763,0.126,-17.2,-21.168,-47.746,-9.753,-61.221,19.327,-40.312,12.737,-65.333,46.44,-92.253,0.626,-111.995,-43.026,-81.873,0,0,0,0,0,,0,0,0,0,0,4,0,0,0
47,2,1,0,0,2,0,1,0,255,5,255,22,1470.748,Pugeuk,10,112,0.424,-0.468,0,69.653,391.781,0,0,0,7,4,Kr_Luna,179.6,51,0,0,0,0,0,0,0,0,0,0.008,-37.635,0.085,-17.225,-20.395,-46.724,-3.531,-60.289,19.127,-39.976,12.561,-65.447,41.877,-97.098,0.236,-114.606,-42.944,-81.756,0,0,0,0,0,,0,0,0,0,0,4,0,0,0
48,2,1,0,1,2,0,1,0,255,5,255,23,1488.849,Pugeuk,14,106,2.733,-0.805,1,362.994,328.79,1.054,-16.515,0,7,4,Kr_Luna,179.6,51,0,0,0,0,0,0,0,0,0,0.02,-38.094,0.179,-17.061,-20.418,-46.777,-8.817,-62.352,19.057,-40.919,12.425,-65.02,41.803,-97.329,0.209,-114.625,-42.91,-81.728,0,0,0,0,0,,0,0,0,0,0,4,0,0,0
49,2,1,1,1,2,0,1,0,255,5,255,24,1508.81,Pugeuk,0,131,-0.498,0.768,2,-15.982,-189.839,0,0,1,7,4,Kr_Luna,179.6,51,1509.698,112,126,50,136,112,24.07,-13.962,0.16,-0.294,-37.02,0.024,-17.12,-20.405,-46.784,-14.093,-62.603,18.304,-43.902,12.189,-65.002,40.923,-97.044,0.247,-114.686,-42.928,-81.739,0,0,0,1514.484,6,Multeinn,30.517,-111.541,0,1,0,4,0.007,-0.058,0
50,2,0,0,0,0,0,0,0,255,255,255,24,1575.285,encounter v,13,117,-2.58,-1.584,4,-177.769,400,-0.747,-17.328,1,7,9,TaeGeuk_,177.3,51,0,0,0,0,0,0,0,0,0,0.065,-37.619,-0.609,-17.392,-19.172,-41.204,-18.736,-59.191,19.015,-46.453,14.564,-63.87,33.454,-78.35,0.222,-108.833,-44.212,-88.745,0,0,0,0,0,,0,0,0,0,0,4,0,0,0
51,2,0,0,1,0,0,0,0,255,255,255,25,1593.647,encounter v,0,139,-1.884,-0.824,2,75.582,-108.131,0,0,1,7,9,TaeGeuk_,177.3,51,1594.467,99,72,4,69,68,-39.828,15.632,0.428,-0.395,-36.93,-0.112,-16.961,-19.464,-44.646,-18.712,-59.676,19.055,-46.328,14.501,-63.514,32.961,-78.284,-0.011,-109.033,-44.638,-89.182,1594.384,-0.548,-20.185,1597.567,3,NABIMan,-10.155,-52.449,0,2,0,4,-0.107,-0.026,0
52,2,0,0,0,1,0,0,0,255,255,255,26,1626.096,encounter v,0,140,-0.674,-1.293,4,28.917,-107.552,0,0,1,8,1,소솨소솨,190,51,0,0,0,0,0,0,0,0,0,0.001,-37.022,-0.032,-16.935,-19.833,-43.723,-17.028,-56.688,19.739,-50.133,14.658,-63.02,37.021,-83.046,2.132,-108.052,-51.599,-90.72,0,0,0,0,0,,0,0,0,0,0,4,0,0,0
53,2,0,0,1,1,0,0,0,255,255,255,27,1642.491,encounter v,0,140,0.894,-1.235,2,67.076,-90.093,0,0,1,8,1,소솨소솨,190,51,1643.374,108,204,93,149,115,-37.867,-15.868,0.413,-0.315,-36.832,0.171,-16.863,-19.787,-43.709,-18.091,-58.408,19.783,-50.26,15.599,-63.351,37.378,-82.304,1.852,-108.349,-46.858,-87.439,1643.259,0.338,-20.747,1653.9,7,Yaksok~,21.476,-126.737,1,2,0,4,-0.046,-0.361,0
54,2,0,0,0,1,0,1,0,255,10,255,28,1680.166,encounter v,13,103,-1.403,0.48,0,-310.871,373.868,0,0,0,0,4,인생최패망자,190,51,0,0,0,0,0,0,0,0,0,-0.005,-37.853,-0.273,-16.854,-20.083,-43.519,-16.368,-57.403,19.264,-45.601,10.282,-62.477,32.196,-82.369,3.657,-115.967,-40.842,-83.235,0,0,0,0,0,,0,0,0,0,0,4,0,0,0
55,2,0,0,1,1,0,1,0,255,10,255,29,1695.271,encounter v,0,140,0.248,-1.509,2,92.883,-131.833,0,0,1,0,4,인생최패망자,190,51,1696.312,109,153,0,131,87,16.161,24.738,0.932,-0.17,-36.964,0.173,-16.777,-20.22,-43.586,-16.99,-58.234,20.419,-46.045,14.947,-61.86,31.639,-81.479,2.055,-112.126,-48.558,-86.587,1699.059,-29.807,-66.867,1707.934,8,SOM_candy,-56.775,-98.62,1,2,0,4,-0.099,-0.201,0
56,2,0,0,0,1,0,0,1,255,255,10,30,1744.272,encounter v,0,114,0.905,0.344,2,-37.077,0,0,0,1,1,7,D_arling,160,42,1745.311,115,153,15,135,62,12.617,23.442,-1,-0.316,-36.821,-0.023,-17.086,-20.504,-46.798,-13.307,-50.238,18.875,-45.841,13.502,-60.681,34.484,-84.48,0.995,-104.282,-45.3,-84.104,1746.95,-10.55,-44.121,1747.509,3,NABIMan,-11.797,-46.857,0,2,0,5,-0.011,-0.026,0
57,2,0,0,0,2,0,0,0,255,255,255,31,1775.709,encounter v,13,107,0.815,-0.784,0,-352.434,344.568,-0.183,-17.069,1,2,2,ByeolBam,190,51,0,0,0,0,0,0,0,0,0,0.172,-37.672,0.032,-17.209,-19.556,-42.96,-19.367,-56.977,20.207,-49.697,14.21,-63.364,38.561,-84.005,0.464,-107.22,-47.352,-82.609,0,0,0,0,0,,0,0,0,0,0,6,0,0,0
58,2,0,0,1,2,0,0,0,255,255,255,32,1793.608,encounter v,7,124,0.917,-0.518,2,206.806,0,0,0,1,2,2,ByeolBam,190,51,1794.502,117,176,61,144,66,-67.212,-23.265,-0.949,-0.147,-36.916,0.233,-16.712,-19.324,-43.292,-18.545,-58.843,20.168,-49.715,16.155,-62.417,36.949,-85.533,1.457,-109.746,-50.469,-92.437,1794.442,0.308,-20.531,1796.767,0,encounter v,5.493,-32.523,0,2,0,6,-0.09,-0.153,0
59,3,1,0,0,0,0,0,0,255,255,255,25,1856.444,Pugeuk,0,130,-0.523,1.243,1,71.688,-144.494,-0.028,-18.003,0,8,9,하루（Haru）,190,51,0,0,0,0,0,0,0,0,0,-0.102,-37.294,-0.066,-17.212,-20.544,-47.859,-11.753,-63.416,18.18,-43.57,12.7,-65.292,42.369,-84.741,0.659,-111.623,-42.98,-86.648,0,0,0,0,0,,0,0,0,0,0,6,0,0,0
60,3,1,1,0,0,0,0,0,255,255,255,26,1874.017,Pugeuk,0,140,-0.602,-0.882,2,43.984,-191.626,0,0,1,8,9,하루（Haru）,190,51,1875.1,114,113,57,132,95,-70.879,-67.844,0.902,-0.262,-37.37,-0.039,-17.185,-20.548,-47.848,-11.91,-63.239,18.441,-44.221,12.55,-65.367,42.482,-84.666,0.479,-113.601,-43.859,-87.121,1875.325,0.458,-19.084,0,0,,0,0,0,3,0,6,0.053,-0.067,0
61,3,1,1,1,0,0,0,0,255,255,255,27,1893.403,Pugeuk,3,112,1.936,0.232,1,-440.228,0,0,0,0,8,9,하루（Haru）,190,42,0,0,0,0,0,0,0,0,0,0.109,-37.833,0.182,-17.173,-20.769,-47.602,-13.231,-62.725,20.395,-43.43,14.185,-63.745,44.094,-80.575,0.573,-113.538,-45.917,-86.499,0,0,0,0,0,,0,0,0,0,0,6,0,0,0
62,3,1,2,1,0,0,0,0,255,255,255,28,1910.46,Pugeuk,10,100,0.813,-0.943,2,0,400,0,0,1,8,9,하루（Haru）,190,42,1911.603,128,189,89,151,116,-26.88,16.814,0.459,-0.174,-37.789,0.065,-17.056,-20.803,-47.382,-14.451,-62.468,19.221,-40.821,14.29,-63.755,44.113,-80.545,0.785,-113.656,-45.907,-86.508,1899.059,-0.24,-22.093,1899.059,3,-라후이-,-11.177,-58.249,0,2,0,6,0.085,-0.066,0
63,3,1,0,0,1,0,0,0,255,255,255,29,1939.637,Pugeuk,8,88,-1.236,-0.018,0,118.603,0,0,0,0,0,2,M_lunatic,190,51,0,0,0,0,0,0,0,0,0,-0.075,-37.674,0.006,-17.017,-20.537,-47.95,-12.979,-64.829,18.609,-45.239,10.88,-65.467,39.094,-83.851,-0.975,-111.153,-45.536,-84.081,0,0,0,0,0,,0,0,0,0,0,6,0,0,0
64,3,1,0,1,1,0,0,0,255,255,255,30,1956.984,Pugeuk,3,98,0.661,-0.224,0,-315.634,0,0,0,1,0,2,M_lunatic,190,51,0,0,0,0,0,0,0,0,0,-0.076,-37.565,0.134,-17.042,-20.527,-48.022,-12.897,-65.038,18.64,-44.432,10.966,-65.508,41.971,-84.977,-1.021,-111.127,-46.721,-86.442,0,0,0,0,0,,0,0,0,0,0,6,0,0,0
65,3,1,0,2,1,0,0,0,255,255,255,31,1970.189,Pugeuk,10,113,1.214,-0.394,2,0,400,0,0,1,0,2,M_lunatic,190,51,1971.362,123,210,79,150,77,-29.036,-44.671,-0.272,-0.278,-37.209,0.088,-17.112,-20.523,-48.021,-13.257,-64.396,17.811,-44.181,10.915,-65.501,41.791,-84.975,-0.938,-111.128,-46.698,-86.499,1947.075,1.785,-22.94,1948.634,4,인생최패망자,16.662,-38.15,1,2,0,6,0.124,-0.219,0
66,3,1,0,0,1,0,1,0,255,2,255,32,2008.329,Pugeuk,0,129,-0.894,0.735,2,48.084,-200,0,0,1,1,3,NABIMan,190,40,2009.346,114,140,76,143,130,44.249,-17.531,0.703,-0.188,-37.088,-0.021,-17.089,-20.42,-46.685,-5.518,-59.167,18.8,-44.597,12.679,-65.26,42.044,-81.309,0.922,-110.81,-43.806,-82.937,1991.592,11.209,-128.129,1993.792,7,D_arling,11.41,-131.052,1,2,0,6,-0.022,-0.098,0
67,3,1,0,0,1,0,0,0,255,255,255,33,2079.525,Pugeuk,0,116,4.147,-1.674,4,-0.856,46.209,0.859,-20.109,1,2,7,Yaksok~,173.4,66,0,0,0,0,0,0,0,0,0,0.127,-37.638,0.16,-17.255,-19.903,-47.256,-11.501,-62.233,14.283,-44.726,9.009,-66.534,38.205,-89.012,-0.24,-113,-46.908,-86.853,0,0,0,0,0,,0,0,0,0,2,6,0,0,0
68,3,1,0,1,1,0,0,0,255,255,255,34,2101.302,Pugeuk,3,111,0.877,0.159,2,-414.653,0,0,0,1,2,7,Yaksok~,173.4,66,2102.177,119,199,29,141,68,-55.429,-34.491,-0.363,-0.139,-36.866,0.056,-17.145,-20.18,-47.618,-11.547,-62.397,16.228,-47.454,9.011,-66.536,38.286,-91.843,-0.348,-113.133,-46.915,-86.855,2077.942,0.551,-20.56,2080.325,4,인생최패망자,12.954,-38.771,0,2,2,6,-0.07,-0.141,0
69,3,1,0,0,2,0,0,0,255,255,255,35,2132.289,Pugeuk,5,98,2.308,0.773,1,-122.947,0,0,0,0,3,1,Pring__,180,51,0,0,0,0,0,0,0,0,0,-0.036,-37.578,0.18,-16.896,-19.752,-46.432,-13.717,-64.284,19.364,-44.964,10.799,-64.75,40.13,-89.064,1,-112.875,-46.021,-86.378,0,0,0,0,0,,0,0,0,0,2,6,0,0,0
70,3,1,1,0,2,0,0,0,255,255,255,36,2157.553,Pugeuk,0,127,-0.459,1.231,1,62.395,-158.871,0,0,0,3,1,Pring__,180,51,0,0,0,0,0,0,0,0,0,-0.042,-37.664,-0.105,-16.817,-20.27,-47.466,-13.823,-64.52,19.302,-44.842,11.32,-65.122,39.771,-87.061,0.998,-113.473,-47.245,-86.11,0,0,0,0,0,,0,0,0,0,2,6,0,0,0
71,3,1,2,0,2,0,0,0,255,255,255,37,2175.704,Pugeuk,3,114,1.836,0.371,4,-315.99,0,0,0,1,3,1,Pring__,180,51,0,0,0,0,0,0,0,0,0,0.09,-37.849,0.154,-16.894,-20.303,-47.502,-14.038,-64.945,18.788,-44.191,11.33,-65.266,40.098,-88.702,1.001,-113.498,-47.229,-86.09,0,0,0,0,0,,0,0,0,0,2,6,0,0,0
72,3,1,2,1,2,0,0,0,255,255,255,38,2194.007,Pugeuk,4,114,-1.257,1.229,2,-189.072,0,0,0,1,3,1,Pring__,180,51,2194.881,100,175,110,146,65,30.626,-10.835,-0.968,-0.4,-37.031,0.002,-17.027,-20.529,-49.095,-14.12,-64.279,19.388,-45.993,11.373,-65.545,40.226,-88.877,0.864,-113.578,-47.471,-85.862,0,0,0,2174.617,5,Slaris,6.827,-63.946,0,1,2,6,-0.001,-0.065,0
73,3,0,0,0,0,0,0,0,255,255,255,33,2236.917,encounter v,10,114,-0.159,-0.459,0,134.066,400,-0.218,-17.111,0,3,3,-라후이-,179.8,51,0,0,0,0,0,0,0,0,0,0.182,-37.109,-0.131,-17.205,-19.892,-44.885,-17.217,-55.606,19.381,-50.867,17.086,-61.801,42.879,-91.178,-0.005,-111.473,-55.165,-92.229,0,0,0,0,0,,0,0,0,0,2,6,0,0,0
74,3,0,0,1,0,0,0,0,255,255,255,34,2254.305,encounter v,0,140,0.933,1.428,4,46.441,-89.575,0,0,1,3,3,-라후이-,179.8,51,0,0,0,0,0,0,0,0,0,-0.308,-37.179,0.047,-17.006,-19.047,-44.024,-16.621,-55.614,19.421,-50.723,16.328,-62.415,49.305,-92.692,0.012,-111.465,-53.232,-92.195,0,0,0,0,0,,0,0,0,0,2,6,0,0,0
75,3,0,0,2,0,0,0,0,255,255,255,35,2272.007,encounter v,10,125,0.496,-1.735,2,0,400,0,0,1,3,3,-라후이-,179.8,51,2272.85,111,94,23,114,104,-55.465,-52.028,0.272,-0.273,-36.913,0.072,-17.105,-19.987,-44.935,-17.918,-57.168,19.708,-50.755,15.538,-62.674,49.32,-92.717,0.005,-112.536,-53.308,-91.561,2248.525,0.378,-20.731,0,0,,0,0,0,3,2,6,-0.038,-0.111,0
76,3,0,0,2,0,0,0,0,255,255,255,36,2290.769,encounter v,10,128,-3.674,-2.132,1,-12.564,400,-0.766,-17.515,0,3,3,-라후이-,179.8,51,0,0,0,0,0,0,0,0,0,-0.009,-37.126,-0.613,-17.115,-20.786,-44.022,-16.865,-56.84,22.722,-50.849,15.103,-63.287,44.315,-90.627,0.039,-110.16,-53.093,-92.833,0,0,0,0,0,,0,0,0,0,2,6,0,0,0
77,3,0,1,2,0,0,0,0,255,255,255,37,2305.557,encounter v,0,125,2.051,2.217,1,75.514,-123.079,0,0,0,3,3,-라후이-,179.8,51,0,0,0,0,0,0,0,0,0,0.079,-37.139,0.079,-16.905,-20.138,-44.132,-17.823,-57.887,22.765,-50.869,15.345,-63.135,44.884,-91.477,0.045,-110.16,-53.634,-92.021,0,0,0,0,0,,0,0,0,0,2,6,0,0,0
78,3,0,2,2,0,0,0,0,255,255,255,38,2321.501,encounter v,10,118,1.037,-0.826,0,0,400,0,0,1,3,3,-라후이-,179.8,51,0,0,0,0,0,0,0,0,0,-0.09,-37.164,-0.362,-17.568,-20.113,-43.6,-16.566,-56.179,22.831,-50.615,15.635,-62.599,43.804,-91.187,0.034,-110.145,-52.327,-91.657,0,0,0,0,0,,0,0,0,0,2,6,0,0,0
79,3,0,0,0,1,0,0,0,255,255,255,39,2347.318,encounter v,13,116,-1.522,0.595,2,-353.852,353.255,0,0,1,4,5,Slaris,174.6,51,2348.351,92,86,34,97,94,35.009,25.449,0.65,-0.272,-37.096,-0.565,-16.938,-20.961,-44.558,-18.836,-59.763,22.843,-50.734,13.202,-63.618,44.381,-91.585,0.969,-110.675,-45.383,-89.548,2328.767,-34.931,-86.505,2328.976,8,SOM_candy,-33.871,-84.519,0,1,2,6,0.041,-0.021,0
80,3,0,0,0,2,0,0,0,255,255,255,40,2374.957,encounter v,0,136,1.818,1.074,2,81.475,-85.718,0,0,0,5,6,Multeinn,160,51,2375.89,121,119,21,133,66,14.997,-20.758,-0.341,-0.098,-36.884,0.17,-16.803,-19.64,-44.473,-17.5,-57.365,21.155,-49.456,13.138,-64.542,42.964,-88.678,1.357,-107.487,-42.756,-85.487,2353.575,13.472,-51.657,2354.484,5,눈꽃,14.989,-56.518,0,2,2,6,-0.069,-0.054,0
81,4,1,0,0,0,0,0,0,255,255,255,39,2424.138,Pugeuk,0,133,1.312,-0.49,0,-11.874,-200,0,0,0,4,5,눈꽃,175.4,51,0,0,0,0,0,0,0,0,0,-0.037,-37.556,0.178,-17.045,-20.591,-48.117,-10.266,-61.054,19.53,-45.218,11.296,-65.477,39.93,-92.234,1.228,-114.272,-40.186,-85.707,0,0,0,0,0,,0,0,0,0,2,6,0,0,0
82,4,1,0,1,0,0,0,0,255,255,255,40,2440.785,Pugeuk,10,114,-0.035,-0.163,2,-39.754,400,0,0,1,4,5,눈꽃,175.4,51,2441.932,109,194,27,139,64,-57.353,-54.784,-0.745,-0.244,-37.033,-0.038,-16.904,-20.529,-48.74,-10.346,-61.061,19.305,-45.057,11.573,-65.943,39.945,-91.847,1.147,-114.871,-40.103,-85.614,2417.667,0.676,-20.403,2420.976,4,인생최패망자,25.098,-36.421,0,2,2,6,0.071,-0.065,0
83,4,1,0,2,0,0,0,0,255,255,255,41,2462.278,Pugeuk,10,94,0.714,-1.688,4,0,400,0,0,1,4,5,눈꽃,175.4,51,0,0,0,0,0,0,0,0,0,0.042,-37.472,0.05,-17.181,-20.641,-47.49,-10.631,-61.652,18.217,-43.633,13.224,-65.166,39.371,-84.61,0.576,-114.585,-41.74,-86.276,0,0,0,0,0,,0,0,0,0,2,6,0,0,0
84,4,1,0,0,1,0,0,0,255,255,255,42,2493.614,Pugeuk,5,116,-0.045,1.232,1,-98.918,0,0,0,0,5,6,Roscosmos,175.1,51,0,0,0,0,0,0,0,0,0,-0.005,-37.616,-0.021,-16.98,-20.027,-47.252,-12.773,-60.701,16.752,-47.673,9.383,-67.044,40.153,-92.467,0.282,-111.683,-43.013,-87.275,0,0,0,0,0,,0,0,0,0,2,6,0,0,0
85,4,1,1,0,1,0,0,0,255,255,255,43,2510.375,Pugeuk,0,133,-1.802,-0.151,1,-31.645,-200,0,0,0,5,6,Roscosmos,175.1,51,0,0,0,0,0,0,0,0,0,-0.152,-37.803,-0.132,-17.022,-20.044,-47.256,-16.266,-62.323,16.694,-47.911,9.269,-66.5,38.643,-90.836,0.224,-112.118,-40.73,-80.594,0,0,0,0,0,,0,0,0,0,2,6,0,0,0
86,4,1,2,0,1,0,0,0,255,255,255,44,2528.141,Pugeuk,0,126,1.219,0.715,2,-33.148,-138.341,0,0,1,5,6,Roscosmos,175.1,51,2529.003,110,202,0,135,64,21.623,27.577,-0.925,-0.3,-36.931,0.121,-16.879,-20.052,-47.26,-16.194,-62.408,16.534,-47.777,9.963,-66.573,37.838,-90.868,-0.604,-112.734,-40.127,-80.154,0,0,0,2507.45,2,ByeolBam,-15.572,-49.229,0,1,2,6,-0.034,-0.148,0
87,4,1,0,0,2,0,0,0,255,255,255,45,2555.166,Pugeuk,0,136,-0.728,-0.378,2,59.316,-200,0,0,1,6,8,SOM_candy,179.9,51,2556.193,112,142,92,145,65,15.466,-34.21,-0.785,-0.359,-36.874,-0.067,-17.01,-20.26,-46.754,-13.921,-60.639,17.945,-43.063,14.207,-64.569,42.285,-83.476,0.257,-113.15,-40.028,-77.005,0,0,0,2533.659,4,인생최패망자,13.802,-38.825,0,1,2,6,-0.117,-0.015,0
88,4,0,0,0,0,0,0,0,255,255,255,41,2600.253,encounter v,13,107,1.226,0.444,2,-233.774,400,0,0,1,6,8,_앰프_,171.5,51,2601.435,72,226,71,94,63,-20.133,45.006,-1,-0.069,-37.076,0.139,-16.86,-21.06,-46.014,-18.724,-59.25,18.529,-45.864,15.43,-63.173,38.615,-85.875,1.1,-110.628,-41.19,-84.668,2577.367,-2.349,-23.659,2579.467,2,M_lunatic,-18.333,-40.088,0,2,2,6,-0.033,0.006,0
89,4,0,0,1,1,0,0,0,255,255,255,42,2643.558,encounter v,0,138,-0.509,0.254,2,27.12,-189.98,0,0,1,7,9,TaeGeuk_,177.3,51,2644.383,99,82,1,88,64,43.466,51.56,-0.6,-0.397,-36.99,-0.22,-16.857,-20.42,-44.923,-18.519,-57.339,19.029,-46.396,14.7,-62.634,35.297,-83.202,2.358,-108.603,-42.399,-87.136,2624.025,-37.04,-48.531,0,0,,0,0,0,3,2,6,-0.034,-0.019,0
90,4,0,0,2,1,0,0,0,255,255,255,43,2668.377,encounter v,0,140,0.575,-0.707,2,63.594,-102.172,0,0,1,7,9,TaeGeuk_,177.3,51,2669.229,104,116,0,119,64,-23.613,-29.32,-0.913,-0.335,-36.905,0.201,-16.976,-19.816,-45.067,-18.389,-57.557,18.543,-47.83,15.696,-63.589,37.734,-84.298,2.521,-108.471,-43.882,-84.666,2644.984,0.866,-21.078,2647.325,4,Kr_Luna,14.245,-45.255,0,2,2,6,-0.067,-0.03,0
91,4,0,0,0,2,0,0,0,255,255,255,44,2698.931,encounter v,0,140,2.117,0.709,2,71.055,-77.408,0,0,1,8,1,소솨소솨,190,51,2699.776,97,132,50,129,63,10.869,-4.982,-1,-0.379,-36.918,0.287,-16.769,-20.283,-43.099,-19.039,-58.955,18.972,-48.971,14.639,-60.828,33.999,-80.331,1.829,-108.146,-46.422,-88.044,2677.292,2.824,-47.66,2682.584,6,Roscosmos,8.639,-80.831,1,2,2,6,-0.03,-0.28,0
92,4,0,0,0,2,1,0,0,10,255,255,45,2742.926,encounter v,14,107,1.097,-1.615,2,371.034,323.274,0,0,1,0,4,인생최패망자,190,51,2744.139,109,170,0,133,93,-2.305,18.341,0.915,-0.223,-37.083,0.291,-16.867,-18.911,-42.831,-17.014,-60.244,19.053,-49.924,11.806,-63.035,33.582,-82.109,3.867,-108.427,-43.791,-82.673,2720.034,-1.806,-26.536,2721.792,3,NABIMan,-11.465,-54.394,0,2,2,6,-0.094,-0.153,0
93,5,1,0,0,0,0,0,0,255,255,255,46,2798.967,Pugeuk,3,113,-2.232,0.041,1,-399.408,0,-1.212,-17.015,0,7,4,Kr_Luna,179.6,62,0,0,0,0,0,0,0,0,0,0.118,-37.671,-0.17,-17.136,-20.666,-48.411,-12.655,-61.723,18.677,-43.959,13.352,-63.736,38.383,-93.88,0.6,-117.529,-40.781,-85.719,0,0,0,0,0,,0,0,0,0,2,6,0,0,0
94,5,1,1,0,0,0,0,0,255,255,255,47,2821.923,Pugeuk,0,132,-0.368,1.083,2,101.786,-183.96,0,0,1,7,4,Kr_Luna,179.6,62,2822.852,119,130,45,138,69,107.802,57.118,-0.33,-0.296,-36.898,-0.024,-17.042,-21.065,-48.287,-13.795,-65.448,20.281,-47.048,12.636,-65.482,38.617,-93.781,0.668,-117.556,-47.767,-89.392,2803.659,29.742,-0.84,0,0,,0,0,0,3,2,6,0.009,-0.006,0
95,5,1,1,1,0,0,0,0,255,255,255,48,2846.475,Pugeuk,0,132,-0.433,0.398,0,39.995,-200,0,0,0,7,4,Kr_Luna,179.6,62,0,0,0,0,0,0,0,0,0,-0.019,-37.491,0.012,-17.12,-19.865,-47.655,-11.992,-64.787,19,-43.346,12.776,-65.198,38.613,-90.792,1,-118.721,-43.482,-87.356,0,0,0,0,0,,0,0,0,0,2,6,0,0,0
96,5,1,1,2,0,0,0,0,255,255,255,49,2865.427,Pugeuk,0,129,-1.082,1.165,2,50.057,-152.345,0,0,1,7,4,Kr_Luna,179.6,62,2866.378,96,99,51,114,65,42.046,-18.328,-0.418,-0.469,-36.913,-0.074,-16.992,-19.815,-47.635,-13.057,-63.253,18.474,-44.328,13.55,-64.811,38.116,-91.432,0.371,-117.944,-44.503,-87.311,0,0,0,2846.834,5,Slaris,14.49,-62.486,0,1,2,6,-0.009,-0.057,0
97,5,1,0,0,1,0,0,0,255,255,255,50,2904.984,Pugeuk,10,96,1.955,-1.343,4,-2.759,400,0,0,1,8,9,하루（Haru）,190,51,0,0,0,0,0,0,0,0,0,0.08,-37.86,0.209,-17.134,-20.177,-46.855,-13.172,-62.844,18.385,-43.914,14.935,-62.826,34.564,-81.558,-0.505,-115.246,-44.554,-88.856,0,0,0,0,0,,0,0,0,0,2,6,0,0,0
98,5,1,0,1,1,0,0,0,255,255,255,51,2924.024,Pugeuk,10,95,1.112,-1.226,1,0,400,0,0,0,8,9,하루（Haru）,190,42,0,0,0,0,0,0,0,0,0,0.137,-37.969,0.111,-17.207,-20.691,-47.859,-11.833,-63.974,18.081,-44.194,15.134,-64.801,35.538,-83.44,-0.173,-115.806,-44.61,-88.597,0,0,0,0,0,,0,0,0,0,2,6,0,0,0
99,5,1,1,1,1,0,0,0,255,255,255,52,2942.496,Pugeuk,3,115,0.26,0.478,0,-378.511,198.994,0,0,1,8,9,하루（Haru）,190,42,0,0,0,0,0,0,0,0,0,0.087,-37.861,0.041,-17.061,-20.67,-47.88,-11.175,-64.432,19.141,-44.352,14.161,-64.336,36.257,-84.935,0.234,-115.692,-45.127,-88.145,0,0,0,0,0,,0,0,0,0,2,6,0,0,0
100,5,1,1,2,1,0,0,0,255,255,255,53,2976.826,Pugeuk,0,133,-0.274,-0.296,0,111.718,-200,0,0,0,8,9,하루（Haru）,190,42,0,0,0,0,0,0,0,0,0,0.005,-37.872,-0.022,-17.171,-20.907,-47.843,-11.069,-62.858,19.764,-45.644,14.301,-64.105,37.098,-84.138,0.42,-114.874,-44.953,-87.32,0,0,0,0,0,,0,0,0,0,2,6,0,0,0
101,5,1,0,0,2,0,0,0,255,255,255,54,3003.543,Pugeuk,0,131,-1.159,0.221,0,-55.814,-200,0,0,0,0,2,M_lunatic,190,51,0,0,0,0,0,0,0,0,0,-0.055,-37.492,-0.038,-17.013,-20.402,-47.527,-13.673,-64.351,18.745,-46.25,14.213,-64.48,37.072,-84.179,0.051,-115.13,-44.872,-87.422,0,0,0,0,0,,0,0,0,0,2,6,0,0,0
102,5,1,0,1,2,0,0,0,255,255,255,55,3019.602,Pugeuk,10,107,-1.653,-0.496,1,9.391,364.626,-0.56,-17.488,0,0,2,M_lunatic,190,51,0,0,0,0,0,0,0,0,0,0.036,-37.906,-0.117,-17.035,-20.413,-47.525,-13.897,-64.097,18.289,-45.246,14.491,-64.373,37.249,-84.447,0.078,-115.105,-44.867,-87.422,0,0,0,0,0,,0,0,0,0,2,6,0,0,0
103,5,1,1,1,2,0,0,0,255,255,255,56,3039.186,Pugeuk,3,89,1.479,0.784,2,-320.487,0,0,0,1,0,2,M_lunatic,190,51,3040.461,95,184,154,146,130,40.699,-13.493,0.635,-0.01,-37.124,0.116,-17.116,-20.414,-47.53,-14.257,-63.747,19.379,-45.538,14.196,-64.535,37.143,-84.471,0.66,-115.185,-44.859,-87.42,3023,26.363,-127.599,3026.584,7,D_arling,16.821,-123.147,1,2,2,6,0.126,-0.123,1
104,5,0,0,0,0,0,0,0,255,255,255,46,3103.794,encounter v,13,112,-0.633,0.555,2,-186.986,400,0,0,1,1,7,D_arling,160,51,3104.911,146,194,0,141,62,30.953,44.766,-1,-0.19,-37.078,-0.368,-16.842,-19.446,-42.634,-18.913,-58.35,18.742,-47.856,13.791,-64.479,36.858,-86.863,0.117,-113.727,-44.036,-80.234,0,0,0,3083.284,2,M_lunatic,-22.517,-41.746,0,1,2,6,0,-0.035,0
105,5,0,0,0,1,0,0,0,255,255,255,47,3130.705,encounter v,6,108,4.35,-1.492,3,490.909,0,0.466,-19.961,0,2,2,ByeolBam,190,51,0,0,0,0,0,0,0,0,0,0.071,-37.973,0.303,-16.982,-19.772,-43.813,-18.694,-52.946,20.445,-49.465,13.89,-64.12,35.274,-85.065,2.62,-114.515,-46.903,-84.565,0,0,0,0,0,,0,0,0,6,2,6,0,0,0
106,5,0,0,0,1,1,0,0,11,255,255,48,3158.59,encounter v,10,106,1.082,-0.611,0,-104.87,400,0,0,1,3,3,-라후이-,179.8,51,0,0,0,0,0,0,0,0,0,0.078,-37.582,-0.187,-17.748,-18.847,-40.256,-18.387,-56.626,20.281,-49.497,8.267,-63.506,47.183,-92.464,2.438,-116.436,-44.918,-81.688,0,0,0,0,0,,0,0,0,0,2,6,0,0,0
107,5,0,0,1,1,1,0,0,11,255,255,49,3176.3,encounter v,13,109,0.208,-0.646,0,-301.404,396.839,0,0,1,3,3,-라후이-,179.8,51,0,0,0,0,0,0,0,0,0,0.049,-37.233,-0.652,-18.108,-19.445,-42.296,-18.073,-57.617,19.85,-50.01,10.529,-63.689,46.869,-92.436,2.357,-116.756,-47.605,-86.2,0,0,0,0,0,,0,0,0,0,2,6,0,0,0
108,5,0,0,2,1,1,0,0,11,255,255,50,3192.822,encounter v,0,140,-1.351,0.734,0,72.342,-149.345,0,0,1,3,3,-라후이-,179.8,51,0,0,0,0,0,0,0,0,0,-0.095,-37.003,-0.653,-18.342,-19.557,-42.166,-16.272,-57.128,19.907,-50.011,10.341,-63.807,46.657,-91.977,2.51,-116.59,-45.455,-83.344,0,0,0,0,0,,0,0,0,0,2,6,0,0,0
109,5,0,0,0,2,1,0,0,11,255,255,51,3212.9,encounter v,0,139,0.556,0.575,0,39.81,-104.666,0,0,0,4,5,Slaris,174.6,51,0,0,0,0,0,0,0,0,0,0.051,-37.093,-0.343,-17.72,-18.739,-41.313,-17.836,-59.271,19.889,-50.023,9.839,-64.206,39.271,-100.11,2.558,-116.313,-43.73,-76.651,0,0,0,0,0,,0,0,0,0,2,6,0,0,0
110,5,0,0,1,2,1,0,0,11,255,255,52,3229.593,encounter v,6,105,1.666,0.271,2,456.452,0,0,0,1,4,5,Slaris,174.6,51,3230.665,107,133,33,134,64,27.742,21.81,-0.737,-0.282,-36.99,0.206,-16.8,-18.374,-42.091,-18.085,-59.557,20.073,-50.008,9.976,-63.817,42.103,-99.823,2.366,-115.938,-44.832,-80.457,0,0,0,3209.959,3,NABIMan,-15.659,-58.848,0,1,2,6,-0.037,-0.015,0
111,6,1,0,0,0,0,0,0,255,255,255,57,3397.901,_앰프_,0,140,-0.907,-1.037,2,0,0,0,0,0,1,3,NABIMan,190,51,3398.901,112,133,72,141,89,22.353,-14.915,0.957,-0.298,-36.831,0.044,-17.191,-21.856,-50.918,-12.429,-63.093,20.32,-45.77,12.896,-65.103,39.768,-89.647,0.575,-115.029,-31.617,-90.457,0,0,0,3378.534,6,Multeinn,26.31,-82.719,0,1,2,6,0.023,-0.119,0
112,6,1,0,0,1,0,0,0,255,255,255,58,3421.393,_앰프_,0,135,-0.027,0.321,0,0,0,0,0,1,2,7,Yaksok~,173.4,51,0,0,0,0,0,0,0,0,0,-0.258,-37.191,-0.038,-17.182,-20.032,-47.28,-12.703,-64.508,16.538,-45.114,11.106,-65.69,36.51,-87.439,-0.011,-113.242,-30.886,-79.742,0,0,0,0,0,,0,0,0,0,2,6,0,0,0
113,6,1,0,1,1,0,0,0,255,255,255,59,3434.152,_앰프_,0,124,1.088,0.091,2,0,0,0,0,1,2,7,Yaksok~,173.4,66,3435.06,96,211,0,133,72,107.151,-66.293,-0.228,-0.417,-37.157,0.003,-17.136,-20.117,-47.104,-12.744,-64.889,16.807,-47.566,9.23,-66.095,37.527,-88.714,-0.083,-113.276,-33.807,-80,3415.742,-39.557,-0.328,0,0,,0,0,0,3,2,6,-0.124,-0.138,0
114,6,1,0,2,1,0,0,0,255,255,255,60,3472.365,_앰프_,0,116,-0.553,0.435,0,-24.32,39.453,0,0,1,2,7,Yaksok~,173.4,66,0,0,0,0,0,0,0,0,0,-0.384,-37.404,-0.068,-16.92,-20.589,-47.495,-12.216,-62.362,16.526,-46.244,8.268,-66.589,35.535,-86.606,0.048,-111.948,-38.108,-83.184,0,0,0,0,0,,0,0,0,0,2,6,0,0,0
115,6,1,0,0,2,0,0,0,255,255,255,61,3494.186,_앰프_,6,97,2.294,0.303,2,440.909,0,0,0,1,3,1,Pring__,180,74,3495.215,108,170,87,146,129,38.789,-34.494,0.571,-0.488,-36.855,0.002,-16.852,-19.967,-46.583,-9.534,-60.51,19.605,-45.453,12.307,-65.089,38.418,-89.412,0.086,-111.996,-34.142,-87.583,3477.017,58.254,-123.251,0,0,,0,0,0,4,2,6,0.028,-0.098,0
116,6,1,0,0,2,0,0,0,255,255,255,62,3543.008,_앰프_,0,140,0.991,-0.15,0,0,0,0,0,1,4,5,눈꽃,175.4,51,0,0,0,0,0,0,0,0,0,-0.142,-37.551,0.099,-17.008,-19.989,-48.256,-13.079,-63.042,18.811,-44.238,12.059,-65.728,37.903,-94.959,-0.154,-115.416,-27.361,-92.189,0,0,0,0,0,,0,0,0,0,3,6,0,0,0
117,6,1,0,1,2,0,0,0,255,255,255,63,3558.42,_앰프_,0,122,0.389,0.812,2,0,0,0,0,1,4,5,눈꽃,175.4,51,3559.637,98,165,69,141,64,36.371,6.429,-0.479,-0.191,-37.032,0.051,-16.844,-20.041,-48.314,-13.129,-62.822,18.382,-44.485,12.169,-65.626,37.564,-97.285,-0.322,-115.513,-29.377,-93.406,0,0,0,3539.867,3,-라후이-,-3.879,-65.744,0,1,3,6,0.042,-0.035,0
118,6,0,0,0,0,0,0,0,255,255,255,53,3689.315,하루（Haru）,0,135,0.651,-0.6,2,95.828,-72.522,0,0,0,5,6,Multeinn,160,51,3690.179,107,92,5,108,73,39.975,41.458,0.022,-0.322,-36.621,0.12,-16.817,-19.439,-44.503,-20.442,-59.356,18.631,-49.537,14.507,-63.365,39.171,-96.077,0.139,-112.738,-43.524,-88.598,0,0,0,3670.451,6,Roscosmos,-35.331,-58.538,0,1,3,6,-0.055,-0.069,0
119,6,0,0,0,1,0,0,0,255,255,255,54,3729.224,하루（Haru）,10,70,-0.599,1.08,2,-0.092,400,0,0,1,6,8,Pugeuk,190,72,3730.332,104,174,42,139,107,26.163,21.8,0.111,-0.217,-36.926,-0.166,-16.713,-19.571,-43.8,-21.42,-57.562,19.215,-47.668,15.664,-63.348,38.346,-89.772,2.71,-110.048,-45.822,-90.707,0,0,0,3710.959,8,SOM_candy,-46.367,-97.24,0,1,3,6,0.001,0.031,0
120,6,0,0,0,2,0,0,0,255,255,255,55,3769.337,하루（Haru）,3,119,-1.322,-1.056,4,-495.111,69.75,-0.681,-17.372,1,7,9,TaeGeuk_,177.3,51,0,0,0,0,0,0,0,0,0,-0.066,-37.589,-1.016,-17.047,-20.37,-43.112,-19.512,-57.775,18.962,-47.968,15.035,-62.79,36.975,-91.79,-0.03,-106.055,-44.717,-84.034,0,0,0,0,0,,0,0,0,0,3,6,0,0,0
121,6,0,0,1,2,0,0,0,255,255,255,56,3786.256,하루（Haru）,0,125,0.94,-0.872,2,20.872,-102.955,0,0,1,7,9,TaeGeuk_,177.3,51,3787.078,103,117,0,119,58,11.256,37.596,-1,-0.238,-36.859,0.162,-16.797,-20.574,-43.249,-21.112,-60.396,19.014,-48.023,14.834,-64.002,37.055,-91.336,-0.065,-106.099,-44.478,-91.279,3764.101,-12.256,-35.34,3764.917,2,M_lunatic,-15.141,-39.66,0,2,3,6,-0.206,-0.262,0
122,7,1,0,0,0,0,0,0,255,255,255,64,3833.605,_앰프_,3,122,-4.378,-0.358,4,-411.681,0,-1.568,-12.71,1,5,6,Roscosmos,175.1,51,0,0,0,0,0,0,0,0,0,-0.377,-37.126,-0.227,-17.092,-21.192,-49.183,-11.225,-62.936,17.116,-48.931,10.132,-66.132,32.212,-86.217,0.088,-114.749,-39.727,-84.704,0,0,0,0,0,,0,0,0,0,3,6,0,0,0
123,7,1,0,1,0,0,0,0,255,255,255,65,3853.469,_앰프_,0,129,3.826,-0.167,2,0,0,0,0,1,5,6,Roscosmos,175.1,51,3854.35,95,240,0,134,127,39.486,30.587,0.464,-0.484,-37.106,0.083,-17.103,-21.254,-49.04,-11.531,-61.822,17.438,-49.341,10.819,-65.825,35.639,-87.907,0.003,-114.881,-39.803,-84.953,3835.642,-60.447,-111.893,0,0,,0,0,0,4,3,6,-0.033,-0.125,0
124,7,1,0,0,0,0,0,0,255,255,255,66,3904.087,_앰프_,0,140,1.429,-0.506,2,0,0,0,0,1,6,8,SOM_candy,179.9,51,3905.229,100,100,19,111,85,-33.675,-38.558,0.868,-0.218,-36.906,0.033,-17.101,-19.347,-46.29,-12.186,-62.653,19.392,-45.529,11.904,-62.959,40.273,-88.777,0.311,-114.807,-33.391,-92.617,3880.942,0.976,-19.344,3881.292,1,소솨소솨,0.279,-18.643,0,3,4,6,-0.081,-0.012,0
125,7,1,0,2,0,0,0,0,255,255,255,67,3944.727,_앰프_,10,119,-0.49,-2.254,4,0,400,0,0,1,6,8,SOM_candy,179.9,51,0,0,0,0,0,0,0,0,0,-0.165,-37.223,0.002,-17.26,-20.052,-46.676,-13.289,-62.989,19.798,-41.825,13.662,-60.275,42.472,-91.537,-13.581,-115.306,14.46,-104.201,0,0,0,0,0,,0,0,0,0,4,6,0,0,0
126,7,1,0,0,1,0,0,0,255,255,255,68,3975.932,_앰프_,0,132,-0.959,0.913,0,0,0,0,0,0,7,4,Kr_Luna,179.6,68,0,0,0,0,0,0,0,0,0,-0.077,-37.202,-0.06,-17.104,-20.054,-47.021,-14.51,-63.536,19.781,-45.534,14.636,-61.407,41.923,-94.61,-10.243,-119.104,17.425,-114.033,0,0,0,0,0,,0,0,0,0,4,6,0,0,0
127,7,1,0,1,1,0,0,0,255,255,255,69,3994.959,_앰프_,0,140,0.026,1.128,1,0,0,0,0,0,7,4,Kr_Luna,179.6,68,0,0,0,0,0,0,0,0,0,-0.13,-37.207,-0.038,-17.117,-20.041,-46.964,-12.891,-64.446,19.74,-46.044,17.488,-61.289,37.537,-90.971,-11.484,-119.458,18.164,-114.373,0,0,0,0,0,,0,0,0,0,4,6,0,0,0
128,7,1,1,1,1,0,0,0,255,255,255,70,4010.113,_앰프_,6,100,2.547,0.174,4,454.546,0,0,0,1,7,4,Kr_Luna,179.6,68,0,0,0,0,0,0,0,0,0,-0.226,-37.274,0.087,-17.261,-20.044,-46.968,-12.773,-64.452,19.348,-46.154,12.75,-65.048,39.238,-96.609,-11.48,-119.443,18.104,-114.628,0,0,0,0,0,,0,0,0,0,4,6,0,0,0
129,7,1,1,2,1,0,0,0,255,255,255,71,4028.53,_앰프_,10,116,-0.947,-1.255,4,0,400,-0.225,-17.513,1,7,4,Kr_Luna,179.6,68,0,0,0,0,0,0,0,0,0,-0.235,-37.269,-0.034,-17.203,-20.022,-46.494,-13.071,-64.747,20.028,-43.021,16.65,-63.188,39.961,-95.304,-11.405,-119.448,18.063,-114.609,0,0,0,0,0,,0,0,0,0,4,6,0,0,0
130,7,1,0,0,2,0,0,0,255,255,255,72,4063.332,_앰프_,0,140,-0.438,-0.661,2,0,0,0,0,1,8,9,encounter v,190,51,4064.426,108,87,0,102,92,35.597,-33.276,0.274,-0.256,-36.796,0.063,-17.265,-20.962,-48.901,-21.195,-73.995,21.007,-46.272,13.431,-64.29,48.842,-78.638,37.806,-105.875,11.012,-109.468,0,0,0,4044.659,6,Multeinn,35.135,-84.1,0,1,4,6,0.018,-0.089,0
131,7,0,0,0,0,0,0,0,255,255,255,57,4109.775,하루（Haru）,0,137,1.195,-1.018,2,46.161,-52.559,0,0,1,8,1,소솨소솨,190,51,4110.611,114,223,53,145,86,-76.232,-61.796,-0.035,-0.182,-36.651,0.129,-16.723,-20.41,-44.313,-19.724,-57.225,19.256,-51.979,14.275,-63.87,40.223,-87.026,-0.375,-113.389,-44.305,-88.371,4086.267,0.461,-19.836,0,0,,0,0,0,3,4,6,-0.058,-0.321,0
132,7,0,0,1,0,0,0,0,255,255,255,58,4133.891,하루（Haru）,5,107,-0.706,0.522,0,-131.914,0,-0.537,-10.95,0,8,1,소솨소솨,190,51,0,0,0,0,0,0,0,0,0,0.008,-37.488,0.084,-16.84,-21.274,-45.628,-19.973,-60.683,20.46,-51.753,15.109,-62.865,38.06,-85.505,-0.299,-112.069,-39.976,-85.038,0,0,0,0,0,,0,0,0,0,4,6,0,0,0
133,7,0,0,2,0,0,0,0,255,255,255,59,4151.166,하루（Haru）,0,127,0.754,-0.567,2,52.242,-60.681,0,0,1,8,1,소솨소솨,190,51,4152.057,112,179,57,143,72,-1.395,5.525,-0.247,-0.373,-36.555,0.135,-16.729,-21.187,-45.538,-20.689,-61.824,20.516,-51.747,16.59,-62.855,37.835,-86.062,-0.747,-113.635,-40.69,-84.634,4128.201,-0.852,-29.877,4134.509,7,Yaksok~,-9.791,-95.361,1,2,4,6,-0.075,-0.279,0
134,7,0,0,0,0,1,0,0,10,255,255,60,4188.036,하루（Haru）,0,132,0.091,1.381,1,33.918,-81.175,0,0,0,0,4,인생최패망자,190,51,0,0,0,0,0,0,0,0,0,-0.24,-37.345,-1.221,-19.149,-19.05,-40.917,-18.232,-57.605,18.66,-50.357,6.678,-65.554,35.944,-87.58,0.741,-113.207,-36.402,-78.057,0,0,0,0,0,,0,0,0,0,4,6,0,0,0
135,7,0,1,0,0,1,0,0,10,255,255,61,4210.273,하루（Haru）,4,98,-0.508,-0.763,0,-202.46,0,0,0,0,0,4,인생최패망자,190,51,0,0,0,0,0,0,0,0,0,-0.01,-37.196,-0.527,-18.181,-18.885,-40.021,-18.409,-59.141,18.778,-50.111,7.375,-64.354,37.24,-86.95,-0.04,-115.45,-36.974,-78.531,0,0,0,0,0,,0,0,0,0,4,6,0,0,0
136,7,0,1,1,0,1,0,0,10,255,255,62,4228.273,하루（Haru）,0,136,0.366,1.264,2,30.03,-57.68,0,0,1,0,4,인생최패망자,190,51,4229.32,101,166,0,131,67,37.69,41.744,-0.749,-0.163,-36.619,0.099,-16.841,-17.553,-41.948,-19.063,-60.303,18.618,-50.26,11.149,-63.859,37.644,-87.498,0.559,-116.21,-37.829,-79.466,0,0,0,4209.051,3,NABIMan,-30.35,-54.305,0,1,4,6,-0.1,-0.053,0
137,7,0,0,0,1,1,0,0,10,255,255,63,4263.12,하루（Haru）,0,127,0.623,-1.091,2,50.16,-17.659,0,0,1,1,7,D_arling,160,40,4264.107,0,0,0,0,42,36.406,35.536,0.296,-0.302,-36.665,0.212,-16.8,-19.649,-44.178,-17.433,-57.873,19.34,-50.935,13.247,-63.892,37.94,-86.954,1.43,-110.354,-41.856,-88.475,4242.5,-12.827,-36.895,4242.926,2,M_lunatic,-12.966,-37.212,0,2,4,6,0,0,0
138,7,0,0,0,2,0,1,0,255,10,255,64,4297.422,하루（Haru）,0,97,-0.285,-0.557,0,0,0,0,0,0,2,2,ByeolBam,190,51,0,0,0,0,0,0,0,0,0,-0.156,-37.505,-0.023,-16.767,-20.082,-44.481,-20.302,-57.843,18.62,-48.202,8.889,-63.663,37.366,-86.297,1.073,-111.387,-42.798,-83.669,0,0,0,0,0,,0,0,0,0,4,6,0,0,0
139,7,0,0,1,2,0,1,0,255,10,255,65,4315.501,하루（Haru）,0,140,-0.829,1.778,1,39.989,-92.8,0,0,0,2,2,ByeolBam,190,51,0,0,0,0,0,0,0,0,0,-0.618,-36.852,0.082,-16.756,-20.139,-44.526,-19.377,-57.948,18.511,-45.954,9.428,-63.663,39.473,-86.138,0.59,-108.247,-42.518,-94.444,0,0,0,0,0,,0,0,0,0,4,6,0,0,0
140,7,0,1,1,2,0,1,0,255,10,255,66,4335.77,하루（Haru）,0,125,-0.066,-0.39,2,95.234,-46.675,0,0,1,2,2,ByeolBam,190,51,4336.767,81,167,86,116,71,95.917,-83.286,-0.072,-0.316,-36.827,-0.399,-16.504,-20.156,-44.908,-17.135,-58.727,20.077,-48.987,12.816,-61.465,39.527,-86.235,0.597,-108.266,-42.487,-94.657,4317.326,-45.355,-17.462,0,0,,0,0,0,3,4,6,-0.081,-0.174,0
141,7,0,1,2,2,0,1,0,255,10,255,67,4360.36,하루（Haru）,3,109,-0.322,-0.464,0,-409.218,0,0,0,1,2,2,ByeolBam,190,51,0,0,0,0,0,0,0,0,0,-0.287,-37.517,-0.352,-17.759,-20.256,-42.426,-18.405,-56.479,20.485,-46.046,6.101,-63.774,38.116,-88.179,1.371,-110.91,-49.021,-88.006,0,0,0,0,0,,0,0,0,0,4,6,0,0,0
142,8,1,0,0,0,0,0,0,255,255,255,73,4405.648,-라후이-,0,134,-1.012,1.375,2,-10.54,-139.512,0,0,1,0,2,M_lunatic,190,51,4406.713,95,165,37,135,68,41.803,-17.551,-0.965,-0.193,-36.793,-0.029,-17.058,-19.568,-46.475,-14.295,-59.172,19.852,-45.025,14.911,-62.801,39.011,-86.582,0.348,-111.121,-25.912,-97.353,4386.942,16.5,-65.73,4387.092,5,Slaris,15.874,-64.04,0,1,4,6,0.081,-0.142,0
143,8,1,0,0,1,0,0,0,255,255,255,74,4439.885,-라후이-,0,140,-0.998,-0.599,2,127.776,-191.601,0,0,1,1,3,NABIMan,164.6,41,4440.84,100,77,59,65,69,111.861,57.09,0.12,-0.267,-36.753,0.03,-17.06,-19.633,-46.312,-14.331,-60.649,19.509,-45.162,13.458,-64.683,39.888,-84.856,-0.491,-110.286,-34.33,-91.304,4421.367,32.566,2.85,0,0,,0,0,0,3,4,6,-0.033,-0.066,0
144,8,1,0,1,1,0,0,0,255,255,255,75,4455.784,-라후이-,13,126,1.415,-0.891,2,-388.917,314.235,0,0,1,1,3,NABIMan,164.6,41,4456.742,89,138,45,122,62,-34.741,-29.455,1,0.203,-36.74,0.024,-17.275,-19.636,-46.522,-13.632,-60.414,19.016,-46.31,15.426,-63.663,38.571,-82.386,-0.789,-113.658,-33.11,-87.767,4432.334,0.623,-20.299,4434.551,4,인생최패망자,12.143,-41.414,0,2,4,6,0.01,-0.009,2
145,8,1,0,0,2,0,0,0,255,255,255,76,4475.397,-라후이-,13,116,1.273,0.465,0,-327.157,378.112,0.089,-17.517,0,2,7,Yaksok~,173.4,51,0,0,0,0,0,0,0,0,0,0.029,-36.891,0.053,-16.926,-19.956,-47.822,-14.689,-60.093,15.352,-47.334,7.364,-64.595,37.782,-84.543,-0.864,-112.316,-32.588,-88.274,0,0,0,0,0,,0,0,0,0,4,6,0,0,0
146,8,1,0,1,2,0,0,0,255,255,255,77,4490.588,-라후이-,13,124,0.698,0.914,2,-358.847,348.179,0,0,1,2,7,Yaksok~,173.4,51,4491.515,103,159,41,137,64,96.685,-71.536,-1,-0.134,-36.839,-0.004,-17.274,-19.952,-47.876,-14.744,-60.191,15.368,-47.363,7.116,-64.867,37.865,-84.872,-1.057,-112.389,-39.502,-87.977,4472.309,-20.45,-12.135,0,0,,0,0,0,3,4,6,-0.087,-0.127,0
147,8,1,0,2,2,0,0,0,255,255,255,78,4512.151,-라후이-,0,140,-1.318,-0.763,0,250,-200,0,0,0,2,7,Yaksok~,173.4,65,0,0,0,0,0,0,0,0,0,-0.477,-37.408,-0.216,-17.247,-20.919,-48.167,-15.85,-62.194,17.284,-46.894,3.116,-65.023,32.905,-82.283,-0.306,-110.624,-42.015,-81.44,0,0,0,0,0,,0,0,0,0,4,6,0,0,4
148,8,0,0,0,0,0,0,0,255,255,255,68,4567.366,하루（Haru）,0,129,1.694,1.058,3,-38.238,-102.681,-0.187,-19.586,0,3,5,Slaris,174.6,51,0,0,0,0,0,0,0,0,0,-0.299,-37.042,0.204,-16.984,-20.516,-43.5,-16.477,-56.946,20.895,-52.004,12.125,-65.062,35.961,-85.137,-2.027,-112.022,-42.573,-90.64,0,0,0,0,0,,0,0,0,6,4,6,0,0,0
149,8,0,0,0,0,1,0,0,14,255,255,69,4605.687,하루（Haru）,10,100,1.104,-0.118,2,0,400,0,0,0,4,6,Multeinn,160,51,4606.822,140,133,31,139,70,3.454,13.369,-0.311,-0.275,-36.737,0.115,-17.059,-19.453,-42.561,-18.777,-58.727,20.893,-52.114,12.112,-63.921,37.007,-82.523,-1.679,-112.374,-42.973,-90.155,4583,-3.225,-33.676,4584.976,3,NABIMan,-10.976,-56.336,1,2,4,6,-0.018,-0.079,16
150,8,0,0,0,1,1,0,0,15,255,255,70,4643.79,하루（Haru）,7,101,2.248,1.515,2,180.281,0,0,0,1,5,8,Pugeuk,190,51,4644.74,34,34,17,6,37,-74.112,70.624,-0.806,-0.208,-36.979,0.237,-16.712,-19.703,-42.772,-17.962,-60.771,17.001,-48.623,10.624,-64.424,34.218,-83.452,-2.076,-105.763,-44.802,-91.132,4620.484,-0.682,-20.12,4625.4,2,M_lunatic,-14.308,-30.652,0,2,4,6,-0.055,-0.076,0
151,8,0,0,1,1,1,0,0,15,255,255,71,4665.95,하루（Haru）,0,140,1.453,-0.491,0,104.395,-90.889,0,0,0,5,8,Pugeuk,190,51,0,0,0,0,0,0,0,0,0,-0.007,-37.394,0.01,-18.989,-20.055,-41.686,-17.805,-58.176,18.852,-46.148,4.348,-63.392,33.817,-83.689,-0.067,-105.201,-42.167,-88.954,0,0,0,0,0,,0,0,0,0,4,6,0,0,0
152,8,0,0,2,1,1,0,0,15,255,255,72,4683.364,하루（Haru）,13,113,0.545,-0.913,2,-380.209,324.717,0,0,1,5,8,Pugeuk,190,51,4684.35,103,122,14,123,103,-69.017,-61.262,0.201,-0.283,-36.784,0.045,-16.913,-19.891,-44.89,-17.394,-56.534,18.613,-48.26,12.213,-63.027,35.161,-85.62,-0.055,-105.184,-46.108,-91.532,4659.967,0.509,-20.532,0,0,,0,0,0,3,4,6,-0.134,-0.202,0
153,8,0,0,2,1,1,0,0,15,255,255,73,4705.233,하루（Haru）,0,131,-0.519,1.392,2,12.878,-68.218,0,0,1,5,8,Pugeuk,190,51,4706.21,63,109,4,53,56,-43.157,27.125,0.686,-0.472,-36.56,0.043,-16.43,-20.197,-43.988,-17.797,-58.855,18.417,-48.523,11.392,-63.854,36.803,-86.965,1.045,-104.427,-42.522,-88.145,4681.959,-0.849,-20.865,4684.926,3,NABIMan,-9.498,-49.508,0,2,4,6,-0.064,-0.08,32
154,8,0,0,0,2,0,1,0,255,15,255,74,4739.652,하루（Haru）,3,116,0.069,1.692,1,-400.04,0,0,0,0,6,3,_앰프_,171.5,38,0,0,0,0,0,0,0,0,0,-0.175,-37.674,-0.054,-17.997,-20.173,-43.578,-18.575,-58.441,19.659,-46.899,7.29,-61.047,36.735,-86.26,0.614,-107.858,-41.03,-87.134,0,0,0,0,0,,0,0,0,0,4,6,0,0,0
155,8,0,1,0,2,0,1,0,255,15,255,75,4757.301,하루（Haru）,0,133,1.041,-0.953,2,45.978,-103.935,0,0,1,6,3,_앰프_,171.5,38,4758.403,90,200,44,137,63,-70.378,40.928,-1,-0.198,-36.865,0.111,-16.788,-20.488,-43.848,-18.702,-58.741,19.555,-48.565,10.572,-62.092,36.728,-86.255,0.622,-107.868,-41.582,-85.059,4734.042,0.025,-20.495,4738.926,2,M_lunatic,-14.801,-36.995,1,2,4,6,-0.104,-0.065,0
156,8,0,0,0,2,1,0,1,12,255,15,76,4795.65,하루（Haru）,0,138,0.781,2.245,1,76.893,-143.026,0.383,-17.873,0,7,9,TaeGeuk_,177.3,51,0,0,0,0,0,0,0,0,0,-0.549,-37.454,0.492,-17.894,-19.607,-42.954,-17.835,-56.719,19.978,-42.95,7.346,-63.178,34.72,-81.952,1.018,-107.922,-43.786,-87.018,0,0,0,0,0,,0,0,0,0,4,6,0,0,0
157,8,0,1,0,2,0,1,1,255,12,15,77,4816.192,하루（Haru）,0,136,-0.247,-0.813,2,40.317,-39.077,0,0,1,7,9,TaeGeuk_,177.3,51,4816.978,98,61,2,46,46,-19.097,27.881,-1,-0.24,-36.781,0.004,-16.844,-20.515,-43.396,-18.404,-57.812,18.635,-42.814,12.242,-63.866,35.424,-82.676,0.521,-107.932,-41.63,-83.38,4792.642,-0.83,-20.717,4796.267,3,NABIMan,-12.635,-45.214,0,2,4,6,-0.062,-0.057,0
158,9,1,0,0,0,0,0,0,255,255,255,79,4853.708,-라후이-,0,128,2.866,1.203,2,143.736,-200,0,0,1,3,1,Pring__,180,52,4854.503,96,171,147,145,129,-50.066,-19.461,0.738,0.037,-36.592,-0.012,-17.02,-21.466,-47.329,-14.131,-58.14,20.233,-46.171,12.679,-62.938,36.975,-89.526,0.171,-111.004,-35.351,-88.058,4830.275,0.92,-21.331,4839.159,7,D_arling,34.029,-121.527,1,2,4,6,0.07,-0.103,0
159,9,1,0,0,0,0,1,0,255,1,255,80,4892.401,-라후이-,0,130,-1.013,-0.174,2,-248.986,-117.827,0,0,1,4,5,눈꽃,175.4,86,4893.583,111,122,26,130,64,12.645,-3.527,-1,-0.188,-36.769,-0.032,-17.24,-19.929,-47.658,-4.712,-60.589,19.785,-44.6,14.197,-64.067,41.065,-96.081,0.313,-113.817,-31.44,-86.554,0,0,0,4870.509,0,-라후이-,1.435,-35.492,0,1,4,6,0.151,-0.092,0
160,9,1,0,0,1,0,1,0,255,1,255,81,4929.421,-라후이-,0,77,9.356,-2.73,1,0,0,1.059,-27.482,0,5,6,Roscosmos,175.1,52,0,0,0,0,0,0,0,0,0,0.581,-36.373,0.123,-17.046,-19.581,-46.82,-12.211,-59.288,17.581,-44.39,9.236,-65.636,43.41,-96.512,0.107,-112.731,-38.239,-85.896,0,0,0,0,0,,0,0,0,0,4,6,0,0,0
161,9,1,1,0,1,0,0,1,255,255,1,82,4956.624,-라후이-,14,115,1.379,-0.693,0,390.434,312.348,0.683,-17.7,0,5,6,Roscosmos,175.1,52,0,0,0,0,0,0,0,0,0,0.301,-36.811,0.128,-17.29,-19.878,-47.079,-14.735,-60.118,16.482,-41.783,9.399,-65.472,44.287,-95.928,-0.198,-113.618,-36.713,-81.256,0,0,0,0,0,,0,0,0,0,4,6,0,0,0
162,9,1,1,1,1,0,0,1,255,255,1,83,4970.747,-라후이-,0,139,-0.793,0.012,2,-8.874,-190.876,0,0,1,5,6,Roscosmos,175.1,52,4971.577,117,89,11,111,64,45.44,47.98,-0.959,-0.198,-36.722,-0.011,-16.898,-19.861,-47.073,-15.299,-60.414,18.605,-41.398,10.16,-65.128,39.929,-89.401,-0.063,-113.565,-36.748,-81.411,4951.551,-35.833,-50.207,0,0,,0,0,0,3,4,6,-0.073,-0.106,0
163,9,1,1,2,1,0,0,1,255,255,1,84,4992.002,-라후이-,6,117,1.237,0.773,2,448.519,22.655,0,0,1,5,6,Roscosmos,175.1,52,4992.863,119,216,0,138,68,99.374,-60.491,-0.313,0.098,-36.814,0.059,-17.088,-20.3,-47.62,-13.913,-61.357,17.26,-41.619,10.234,-66.199,34.743,-85.66,-1.047,-114.514,-38.07,-78.299,4973.834,-20.253,-7.678,0,0,,0,0,0,3,4,6,-0.077,-0.203,0
164,9,1,1,2,1,0,0,1,255,255,1,85,5012.965,-라후이-,14,121,1.704,-0.69,2,381.54,323.152,0,0,1,5,6,Roscosmos,175.1,52,5013.817,101,228,46,142,112,35.005,-22.73,0.165,0.025,-36.718,0.158,-16.99,-20.248,-48.384,-15.144,-62.967,18.927,-40.373,10.265,-66.381,34.023,-85.66,-0.43,-113.815,-38.655,-80.569,4994.759,34.825,-109.104,4997.617,6,Multeinn,34.832,-118.51,1,2,4,6,-0.012,-0.238,0
165,9,1,0,0,1,0,1,0,255,6,255,86,5050.366,-라후이-,13,117,-1.791,-0.871,2,-161.035,400,0,0,1,6,8,SOM_candy,179.9,51,5051.288,105,125,0,123,65,-60.509,-15.43,-0.344,-0.262,-36.733,-0.012,-17.14,-19.57,-47.967,-4.045,-59.948,18.608,-44.643,12.824,-64.794,38.151,-91.426,0.674,-114.109,-25.358,-98.762,5026.884,-0.305,-19.624,5028.884,0,-라후이-,3.242,-32.438,0,2,5,6,-0.037,-0.029,0
166,9,1,0,0,2,0,1,0,255,6,255,87,5079.414,-라후이-,13,111,-2.234,-0.411,2,-267.089,400,0,0,1,7,4,Kr_Luna,179.6,51,5080.362,120,148,22,136,75,34.308,18.803,0.982,-0.285,-36.722,0.048,-17.168,-19.876,-47.025,-8.095,-61.009,18.728,-44.48,13.245,-64.72,39.102,-93.447,0.652,-119.941,-34.017,-103.725,5060.709,-20.815,-76.299,5062.051,2,M_lunatic,-22.891,-81.836,1,2,5,6,0.029,-0.022,0
167,9,1,0,0,2,1,0,1,4,255,6,88,5118.601,-라후이-,0,136,-0.941,1.097,2,-24.032,-174.149,0,0,1,8,9,encounter v,190,51,5119.72,92,115,0,111,67,43.265,-16.892,0.979,0.001,-36.911,0.057,-17.207,-19.691,-42.064,-13.796,-61.488,19.794,-44.639,12.7,-65.275,38.122,-86.957,8.809,-106.647,-10.547,-100.618,0,0,0,5100.067,5,Slaris,14.206,-62.261,0,1,5,6,0.052,-0.095,0