id,inn,half,scoreA,scoreB,ball,strk,out,b1,b2,b3,b1Idx,b2Idx,b3Idx,pCnt,pSec,pName,pHand,pType,spdK,zoneX,zoneY,call,sH,sV,plx,plz,bSwing,bIdx,bPos,bZone,bName,bHCm,bFps,hSec,rotS,shS,lgS,batSpd,ev,ldeg,sdeg,hPos,hMoveX,hMoveY,PPosX,PPosY,CPosX,CPosY,1BPosX,1BPosY,2BPosX,2BPosY,3BPosX,3BPosY,SSPosX,SSPosY,LFPosX,LFPosY,CFPosX,CFPosY,RFPosX,RFPosY,ltSec,lx,lz,cSec,cPos,cPlr,cx,cz,1BSafe,tag,result
1,1,1,0,0,0,0,0,0,0,0,255,255,255,0,282.095,bdg06213,R,0,140,0.924,0.796,0,114.559,-96.973,0,0,1,0,5,L,˗ˋˏ 카피 ˎˊ˗,168,94,0,0,0,0,0,0,0,0,0,0,0,0.102,-37.647,0.002,-16.816,-25.451,-47.973,-16.367,-62.144,18.519,-43.174,12.528,-61.384,35.702,-81.802,-2.603,-115.002,-36.457,-94.003,0,0,0,0,0,,0,0,0,0,0
2,1,1,0,0,0,1,0,0,0,0,255,255,255,1,294.414,bdg06213,R,0,139,-0.1,0.964,2,84.472,-121.069,0,0,1,0,5,L,˗ˋˏ 카피 ˎˊ˗,168,94,295.408,195,150,27,146,63,109.874,50.02,-1,0.087,-0.06,-0.473,-37.011,-0.02,-16.876,-24.859,-47.947,-16.436,-61.511,18.719,-43.78,12.677,-61.434,35.702,-81.801,-1.951,-113.56,-41.229,-79.806,300.333,22.551,0.635,0,0,,0,0,0,0,3
3,1,1,0,0,0,2,0,0,0,0,255,255,255,2,318.729,bdg06213,R,0,134,-3.131,-1.248,1,84.692,-110.144,0,0,0,0,5,L,˗ˋˏ 카피 ˎˊ˗,168,92,0,0,0,0,0,0,0,0,0,0,0,-0.121,-37.478,-0.428,-17.284,-24.649,-47.836,-15.175,-63.06,19.081,-41.547,14.396,-62.023,35.7,-81.8,-2.096,-109.544,-39.381,-75.65,0,0,0,0,0,,0,0,0,0,0
4,1,1,0,0,1,2,0,0,0,0,255,255,255,3,331.056,bdg06213,R,0,136,-2.495,-1.182,4,101.714,-110.468,0,0,1,0,5,L,˗ˋˏ 카피 ˎˊ˗,168,52,0,0,0,0,0,0,0,0,0,0,0,-0.08,-37.515,-0.087,-16.829,-23.313,-46.307,-11.066,-57.184,19.994,-41.538,13.239,-61.194,35.702,-81.802,-2.534,-109.673,-39.371,-75.634,0,0,0,0,0,,0,0,0,0,0
5,1,1,0,0,0,0,1,0,0,0,255,255,255,4,356.464,bdg06213,R,0,140,0.102,0.198,0,99.764,-68.626,0,0,0,1,1,L,M_lunatic,190,92,0,0,0,0,0,0,0,0,0,0,0,-0.078,-37.765,0.04,-16.688,-21.714,-45.06,-11.699,-58.859,18.52,-43.578,12.484,-62.036,35.702,-81.802,-3.169,-108.828,-38.758,-80.324,0,0,0,0,0,,0,0,0,0,0
6,1,1,0,0,0,1,1,0,0,0,255,255,255,5,367.04,bdg06213,R,0,138,0.395,0.287,2,84.136,-100.244,0,0,1,1,1,L,M_lunatic,190,92,368.107,140,210,38,144,128,99.474,77.964,0.351,0.079,-0.199,-0.289,-37.146,0.038,-16.844,-21.846,-45.171,-11.782,-58.812,18.508,-43.838,12.478,-62.183,35.702,-81.801,-3.179,-108.819,-40.17,-81.98,0,0,0,0,0,,0,0,0,0,0
7,1,1,0,0,0,2,1,0,0,0,255,255,255,6,383.148,bdg06213,R,0,140,-0.715,0.228,2,63.576,-86.275,0,0,1,1,1,L,M_lunatic,190,91,384.213,167,231,59,148,122,-30.847,-4.793,0.41,0.117,-0.381,-0.244,-37.029,-0.04,-16.995,-22.132,-47.222,-10.85,-59.081,18.568,-44.272,14.157,-61.847,35.702,-81.801,0.476,-111.846,-39.296,-80.881,384.278,0.02,-22.822,388.111,7,Sabo_10,6.959,-98.313,1,0,2
8,1,1,0,0,0,0,1,1,0,0,7,255,255,7,416.129,bdg06213,R,0,137,1.057,0.723,0,96.369,-75.999,0,0,0,2,4,R,_이누_,190,91,0,0,0,0,0,0,0,0,0,0,0,-0.012,-37.509,0.002,-16.785,-18.623,-39.652,-12.877,-61.196,16.028,-46.642,9.376,-62.613,35.702,-81.802,-6.414,-103.145,-37.775,-80.428,0,0,0,0,0,,0,0,0,0,0
9,1,1,0,0,0,1,1,1,0,0,7,255,255,8,429.606,bdg06213,R,0,137,0.806,0.688,0,101.13,-83.316,0,0,0,2,4,R,_이누_,190,91,0,0,0,0,0,0,0,0,0,0,0,-0.037,-37.475,-0.025,-16.771,-18.48,-39.652,-15.652,-62.322,16.181,-46.375,11.4,-60.941,35.702,-81.802,-5.837,-103.658,-37.421,-80.675,0,0,0,0,0,,0,0,0,0,0
10,1,1,0,0,0,2,1,1,0,0,7,255,255,9,446.753,bdg06213,R,0,135,-0.617,0.145,2,62.069,-63.437,0,0,1,2,4,R,_이누_,190,91,447.617,164,164,0,140,128,45.818,23.811,0.285,-0.054,-0.188,-0.473,-37.002,-0.012,-16.864,-18.503,-39.63,-13.261,-56.352,15.269,-46.886,11.579,-62.471,35.701,-81.801,-5.8,-103.664,-37.414,-80.671,453.6,-52.426,-112.417,0,0,,0,0,0,0,4
11,1,1,2,0,0,0,1,0,0,0,255,255,255,10,489.642,bdg06213,R,0,132,-3.583,-1.45,1,65.642,-100.915,-0.831,-16.763,0,3,6,R,소솨소솨,174.5,90,0,0,0,0,0,0,0,0,0,0,0,-0.171,-37.457,-0.493,-17.036,-24.412,-48.237,-14.704,-59.57,16.422,-46.307,13.11,-63.839,35.7,-81.8,-8.855,-109.891,-39.971,-81.61,0,0,0,0,0,,0,0,0,0,0
12,1,1,2,0,1,0,1,0,0,0,255,255,255,11,502.24,bdg06213,R,0,140,-0.29,0.102,2,45.292,-63.457,0,0,1,3,6,R,소솨소솨,174.5,90,503.142,184,248,41,152,65,-10.657,44.691,1,-0.115,-0.261,-0.419,-36.897,-0.008,-16.921,-24.783,-48.119,-14.729,-59.634,16.095,-46.957,12.401,-63.514,35.701,-81.801,-7.822,-110.295,-41.238,-84.115,503.489,-3.956,-25.024,507.256,2,Fresh825,-16.988,-35.512,0,0,2
13,1,1,2,0,0,0,2,0,0,0,255,255,255,12,532.985,bdg06213,R,0,139,-1.213,-0.352,2,70.03,-70.625,0,0,1,4,2,L,IllilliIIIIllil,174.5,90,533.916,205,140,6,144,64,39.213,-13.471,-0.915,0.001,-0.021,-0.258,-37.078,-0.021,-16.797,-20.811,-43.41,-15.92,-59.256,17.72,-45.602,14.875,-64.04,35.701,-81.801,-7.223,-109.728,-35.482,-84.513,0,0,0,538.667,5,NABIMan,10.927,-63.732,0,0,1
14,1,0,2,0,0,0,0,0,0,0,255,255,255,0,756.512,눈꽃,R,0,124,-0.722,0.744,2,17.468,-133.537,0,0,1,0,5,L,NABIMan,190,90,757.8,217,167,27,149,83,13.288,-30.783,-0.374,0.022,-0.041,0.069,-36.974,-0.105,-17.266,-21.495,-49.727,-13.302,-64.126,24.298,-49.182,10.81,-63.508,35.7,-81.8,0,-100.6,-35.7,-81.8,0,0,0,759.622,4,_이누_,18.934,-47.107,0,0,1
15,1,0,2,0,0,0,1,0,0,0,255,255,255,1,824.763,눈꽃,R,0,116,2.197,0.488,1,0,46.781,0,0,0,1,2,L,Fresh825,172.9,42,0,0,0,0,0,0,0,0,0,0,0,0.131,-37.387,0.069,-17.051,-21.822,-47.031,-13.462,-63.369,25.124,-50.909,12.891,-63.116,35.701,-81.801,0,-100.6,-36.922,-86.708,0,0,0,0,0,,0,0,0,0,0
16,1,0,2,0,1,0,1,0,0,0,255,255,255,2,835.578,눈꽃,R,13,106,0.895,-1.019,2,-360.184,332.102,0,0,1,1,2,L,Fresh825,172.9,42,836.678,161,197,21,144,129,-33.682,-17.979,0.768,0.02,-0.111,0.017,-37.278,0.016,-17.336,-21.82,-47.03,-12.928,-63.588,24.555,-50.281,12.937,-63.152,35.7,-81.8,0,-100.6,-37.469,-87.398,844.789,21.607,-120.497,844.789,-1,AI,21.668,-120.516,1,0,0
17,1,0,2,0,0,0,1,0,1,0,255,11,255,3,883.062,눈꽃,R,0,140,1.477,-0.643,1,136.672,-134.548,0,0,0,2,8,R,ke ro,160,90,0,0,0,0,0,0,0,0,0,0,0,0.07,-37.703,-0.018,-17.108,-22.443,-48.399,-10.984,-61.642,19.422,-47.222,13.401,-62.514,35.7,-81.8,0,-100.6,-42.269,-87.198,0,0,0,0,0,,0,0,0,0,0
18,1,0,2,0,1,0,1,0,1,0,255,11,255,4,905.517,눈꽃,R,6,114,-0.353,-1.065,0,450.928,216.019,0.075,-17.517,0,2,8,R,ke ro,160,90,0,0,0,0,0,0,0,0,0,0,0,-0.028,-37.617,0.117,-17.564,-22.023,-47.436,-10.553,-60.284,19.24,-48.207,10.346,-62.877,35.7,-81.8,0,-100.6,-43.275,-87.29,0,0,0,0,0,,0,0,0,0,0
19,1,0,2,0,1,1,1,0,1,0,255,11,255,5,922.964,눈꽃,R,0,140,1.714,1.599,2,82.81,-153.341,0,0,1,2,8,R,ke ro,160,90,923.997,172,154,0,140,86,-48.556,-14.382,-0.274,-0.011,-0.093,0.249,-37.301,0.042,-17.365,-22.152,-47.497,-5.625,-59.803,19.513,-48.342,13.356,-62.217,35.7,-81.8,0,-100.6,-43.296,-87.246,924.033,0.615,-19.51,927.067,5,˗ˋˏ 카피 ˎˊ˗,9.115,-53.663,1,0,2
20,1,0,2,2,0,0,1,0,0,0,255,255,255,6,989.693,눈꽃,R,0,140,-0.06,-0.744,0,59.196,-89.005,0,0,0,3,3,R,Gonyong,176.1,47,0,0,0,0,0,0,0,0,0,0,0,-0.092,-37.226,0.002,-17.248,-22.896,-48.544,-14.2,-61.861,18.003,-49.05,11.49,-62.894,35.7,-81.8,0,-100.6,-50.291,-92.375,0,0,0,0,0,,0,0,0,0,0
21,1,0,2,2,0,1,1,0,0,0,255,255,255,7,1004.339,눈꽃,R,0,139,1.571,-0.54,1,44.146,-66.021,0,0,0,3,3,R,Gonyong,176.1,47,0,0,0,0,0,0,0,0,0,0,0,0.307,-37.376,-0.021,-17.228,-22.858,-48.544,-15.739,-60.972,16.656,-46.331,11.508,-62.919,35.7,-81.8,0,-100.6,-51.066,-93.075,0,0,0,0,0,,0,0,0,0,0
22,1,0,2,2,1,1,1,0,0,0,255,255,255,8,1020.807,눈꽃,R,6,105,1.056,-0.367,0,392.697,0,0,0,1,3,3,R,Gonyong,176.1,47,0,0,0,0,0,0,0,0,0,0,0,0.29,-37.479,-0.022,-17.196,-22.864,-48.507,-14.146,-59.991,18.264,-45.89,10.86,-62.668,35.7,-81.8,0,-100.6,-51.733,-93.766,0,0,0,0,0,,0,0,0,0,0
23,1,0,2,2,1,2,1,0,0,0,255,255,255,9,1037.12,눈꽃,R,0,140,-0.976,0.509,0,22.023,-86.163,0,0,0,3,3,R,Gonyong,176.1,90,0,0,0,0,0,0,0,0,0,0,0,0.24,-37.273,-0.062,-17.187,-22.848,-48.489,-12.93,-59.995,18.217,-46.113,12.078,-62.467,35.7,-81.8,0,-100.6,-51.731,-93.751,0,0,0,0,0,,0,0,0,0,0
24,1,0,2,2,0,0,2,0,0,0,255,255,255,10,1070.299,눈꽃,R,14,116,-0.523,0.221,0,364.651,342.096,0,0,0,4,4,R,인생최패망자,190,90,0,0,0,0,0,0,0,0,0,0,0,-0.257,-37.774,-0.037,-17.16,-22.307,-47.046,-13.229,-60.545,19.762,-49.342,11.78,-62.389,35.7,-81.8,0.376,-109.954,-52.185,-93.814,0,0,0,0,0,,0,0,0,0,0
25,1,0,2,2,0,1,2,0,0,0,255,255,255,11,1088.147,눈꽃,R,0,140,-1.12,-0.314,0,36.946,-50.148,0,0,0,4,4,R,인생최패망자,190,90,0,0,0,0,0,0,0,0,0,0,0,0.192,-37.169,-0.015,-17.169,-22.278,-47.351,-11.257,-60.033,20.028,-48.968,12.019,-62.107,35.7,-81.8,1.036,-111.689,-52.143,-93.83,0,0,0,0,0,,0,0,0,0,0
26,1,0,2,2,0,2,2,0,0,0,255,255,255,12,1100.88,눈꽃,R,0,140,0.247,1.14,4,68.063,-133.454,0,0,1,4,4,R,인생최패망자,190,90,0,0,0,0,0,0,0,0,0,0,0,0.113,-37.465,-0.031,-17.138,-22.343,-47.445,-10.656,-59.703,17.312,-48.617,11.928,-62.084,35.7,-81.8,-0.478,-112.994,-51.469,-93.642,0,0,0,0,0,,0,0,0,0,0
27,2,1,2,2,0,0,0,0,0,0,255,255,255,13,1162.241,bdg06213,R,0,140,1.352,0.8,0,82.077,-57.706,0,0,1,5,3,R,Pugeuk,160,90,0,0,0,0,0,0,0,0,0,0,0,0.043,-37.717,0.02,-16.718,-25.85,-49.374,-9.496,-62.361,16.62,-46.6,10.637,-59.3,35.701,-81.801,-8.141,-107.139,-38.495,-87.116,0,0,0,0,0,,0,0,0,0,0
28,2,1,2,2,0,1,0,0,0,0,255,255,255,14,1175.622,bdg06213,R,0,133,1.671,1.108,2,76.639,-52.928,0,0,1,5,3,R,Pugeuk,160,90,1176.542,62,62,10,34,50,13.935,3.829,-0.964,-0.076,-0.104,-0.373,-36.859,0.007,-16.767,-26.101,-49.382,-12.263,-64.576,15.366,-46.624,12.441,-60.869,35.701,-81.801,-8.369,-106.878,-38.319,-85.546,0,0,0,1177.989,0,bdg06213,-0.743,-34.636,0,0,1
29,2,1,2,2,0,0,1,0,0,0,255,255,255,15,1304.456,bdg06213,R,0,140,1.325,0.601,0,99.829,-64.149,0,0,0,6,0,L,눈꽃,186.797,90,0,0,0,0,0,0,0,0,0,0,0,-0.065,-37.493,0.058,-16.604,-21.56,-45.765,-9.612,-61.069,18.945,-44.91,13.054,-60.446,35.7,-81.8,-3.73,-112.189,-34.669,-92.574,0,0,0,0,0,,0,0,0,0,0
30,2,1,2,2,0,1,1,0,0,0,255,255,255,16,1318.539,bdg06213,R,0,135,0.419,0.344,2,73.551,-62.28,0,0,0,6,0,L,눈꽃,186.797,90,1319.634,154,210,60,146,130,14.404,36.659,0.718,0.067,-0.029,-0.326,-37.056,0.036,-16.706,-21.52,-45.841,-9.615,-61.141,18.205,-45.587,13.104,-60.726,35.7,-81.8,-4.075,-113.455,-34.973,-92.035,1322.089,-43.883,-83.634,1324.789,8,ke ro,-49.439,-97.24,1,0,2
31,2,1,2,2,0,0,1,1,0,0,0,255,255,17,1432.663,bdg06213,R,0,132,-2.685,-0.75,4,92.406,-78.277,-0.666,-17.359,1,7,8,L,CAT tourniquet,160,90,0,0,0,0,0,0,0,0,0,0,0,-0.282,-37.756,-0.572,-17.432,-18.501,-39.63,-9.217,-60.477,14.817,-38.8,10.955,-60.235,35.7,-81.8,-7.336,-107.441,-37.84,-89.848,0,0,0,0,0,,0,0,0,0,0
32,2,1,2,2,0,1,1,1,0,0,0,255,255,18,1449.011,bdg06213,R,0,134,0.586,0.458,0,73.973,-54.868,0,0,0,7,8,L,CAT tourniquet,160,90,0,0,0,0,0,0,0,0,0,0,0,-0.045,-37.586,0.074,-16.525,-18.536,-39.726,-5.355,-61.507,19.055,-43.862,11.575,-59.716,35.7,-81.8,-6.481,-106.297,-40.542,-91.623,0,0,0,0,0,,0,0,0,0,0
33,2,1,2,2,0,2,1,1,0,0,0,255,255,19,1463.002,bdg06213,R,0,138,0.113,0.395,0,70.836,-60.236,0,0,1,7,8,L,CAT tourniquet,160,90,0,0,0,0,0,0,0,0,0,0,0,-0.053,-37.526,-0.048,-17.653,-18.814,-39.948,-3.639,-60.787,9.888,-31.518,9.043,-50.658,35.7,-81.8,-4.639,-107.899,-40.575,-91.645,0,0,0,0,0,,0,0,0,0,0
34,2,1,2,2,0,0,2,1,0,0,0,255,255,20,1491.423,bdg06213,R,0,136,-0.805,-0.094,2,68.092,-67.855,0,0,1,0,5,L,˗ˋˏ 카피 ˎˊ˗,168,90,1492.336,207,153,17,146,63,42.334,-40.909,-0.872,0.08,-0.137,-0.35,-36.982,0.045,-16.759,-18.466,-39.852,-7.001,-62.681,18.634,-44.407,13.401,-61.75,35.7,-81.8,-4.217,-112.742,-37.209,-91.702,0,0,0,1496.645,4,인생최패망자,28.271,-51.527,0,0,1
35,2,0,2,2,0,0,0,0,0,0,255,255,255,13,1535.642,눈꽃,R,10,110,-0.492,0.68,2,-104.947,400,0,0,1,5,1,L,Pring__,179.5,90,1536.543,127,162,21,137,114,1.351,27.341,0.102,-0.055,-0.039,-0.001,-37.146,0.025,-17.388,-22.678,-52.605,-7.597,-65.416,24.25,-49.616,13.785,-63.428,35.7,-81.8,0.986,-106.606,-36.969,-86.49,1537.489,-12.689,-44.997,1539.911,8,CAT tourniquet,-33.79,-85,1,0,2
36,2,0,2,2,0,0,0,1,0,0,10,255,255,14,1574.025,눈꽃,R,6,112,0.33,-0.456,0,500,0,0,0,1,6,7,L,Sabo_10,184.5,90,0,0,0,0,0,0,0,0,0,0,0,-0.218,-37.71,0.118,-17.091,-20.516,-42.691,-7.894,-61.305,23.157,-49.459,11.891,-60.804,35.7,-81.8,5.198,-115.859,-51.598,-87.941,0,0,0,0,0,,0,0,0,0,0
37,2,0,2,2,0,1,0,1,0,0,10,255,255,15,1590.768,눈꽃,R,0,137,0.219,-0.729,2,0,0,0,0,1,6,7,L,Sabo_10,184.5,90,1591.824,127,147,11,135,129,40.624,-43.896,0.581,0.088,-0.152,-0.168,-36.934,0.063,-17.446,-21.445,-42.682,-10.943,-62.196,22.787,-48.61,11.65,-60.454,35.7,-81.8,5.518,-115.942,-51.64,-87.921,1597.378,95.777,-83.789,0,0,,0,0,0,0,3
38,2,0,2,2,0,2,0,1,0,0,10,255,255,16,1688.49,눈꽃,R,0,140,-0.223,2.319,1,96.144,-200,0,0,0,6,7,L,Sabo_10,184.5,49,0,0,0,0,0,0,0,0,0,0,0,-0.146,-37.487,0.025,-17.186,-21.17,-44.689,-7.921,-62.492,22.121,-47.706,13.524,-62.24,35.7,-81.8,6.187,-115.294,-39.503,-84.375,0,0,0,0,0,,0,0,0,0,0
39,2,0,2,2,1,2,0,1,0,0,10,255,255,17,1711.663,눈꽃,R,0,140,1.273,-0.093,0,84.913,-124.978,0,0,1,6,7,L,Sabo_10,184.5,49,0,0,0,0,0,0,0,0,0,0,0,-0.174,-37.349,-0.059,-17.548,-19.688,-40.202,-5.763,-61.349,23.646,-49.355,7.943,-61.579,35.7,-81.8,4.851,-115.573,-40.112,-84.765,0,0,0,0,0,,0,0,0,0,0
40,2,0,2,2,0,0,1,1,0,0,10,255,255,18,1756.975,눈꽃,R,0,140,1.063,0.866,2,187.217,-200,0,0,1,7,0,R,bdg06213,190,90,1758.001,74,55,0,29,60,43.189,36.265,-0.529,-0.035,-0.097,0.119,-37.234,0.121,-17.374,-21.323,-42.652,-13.376,-60.421,21.471,-52.001,13.153,-61.705,35.7,-81.8,-0.102,-120.235,-45.752,-88.127,0,0,0,1762.378,3,Pugeuk,-23.715,-52.051,0,0,1
41,2,0,2,2,0,0,2,1,0,0,10,255,255,19,1786.929,눈꽃,R,0,140,0.497,0.662,2,103.611,-132.333,0,0,1,0,5,L,NABIMan,190,90,1787.847,173,125,16,138,68,38.642,-36.055,-0.75,-0.009,-0.085,0.094,-36.913,-0.102,-17.196,-20.911,-44.841,-12.85,-61.3,25.629,-48.622,13.208,-62.585,35.7,-81.8,0.379,-117.788,-40.661,-77.974,1792.411,32.993,-60.678,1793.622,-1,AI,36.75,-63.685,1,0,0
42,2,0,2,2,0,0,2,1,0,0,10,255,255,20,1838.233,눈꽃,R,8,129,0.496,0.846,2,130.798,0,0,0,1,1,2,L,Fresh825,172.9,45,1839.289,132,127,0,133,114,39.545,-3.518,0.843,0.038,-0.093,0.013,-36.976,0.146,-17.638,-21.91,-43.666,-7.353,-62.739,22.796,-47.525,14.533,-61.08,35.708,-81.807,8.676,-119.467,-40.144,-81.386,1844.967,22.793,-109.829,1849.911,7,IllilliIIIIllil,23.989,-126.075,1,0,2
43,2,0,2,4,0,0,2,0,1,0,255,11,255,21,1879.041,눈꽃,R,0,139,0.786,0.091,0,8.966,-200,0,0,0,2,8,R,ke ro,160,90,0,0,0,0,0,0,0,0,0,0,0,0.039,-37.25,0.125,-17.092,-22.13,-47.596,-9.587,-62.162,20.04,-51.111,12.98,-62.92,35.7,-81.8,0.879,-115.474,-38.711,-91.513,0,0,0,0,0,,0,0,0,0,0
44,2,0,2,4,0,1,2,0,1,0,255,11,255,22,1894.779,눈꽃,R,0,140,1.533,-1.644,4,164.608,-197.765,0,0,1,2,8,R,ke ro,160,90,0,0,0,0,0,0,0,0,0,0,0,0.289,-37.681,0.08,-17.609,-22.005,-47.625,-8.665,-61.051,20.419,-49.073,13.909,-62.58,35.7,-81.8,-0.595,-117.011,-38.633,-91.484,0,0,0,0,0,,0,0,0,0,0
45,2,0,2,4,0,2,2,0,1,0,255,11,255,23,1907.409,눈꽃,R,0,140,0.424,0.04,2,-0.942,-74.393,0,0,1,2,8,R,ke ro,160,90,1908.403,129,112,8,132,70,40.521,8.059,-0.429,-0.079,-0.132,0.102,-36.933,0.143,-17.337,-22.146,-47.623,-3.424,-61.004,22.626,-51.148,14.089,-61.702,35.7,-81.8,-0.458,-117.029,-38.65,-91.531,0,0,0,1913.178,3,Pugeuk,-6.043,-67.801,0,0,1
46,3,1,2,4,0,0,0,0,0,0,255,255,255,21,1960.05,bdg06213,R,0,137,2.103,1.165,4,90.974,-99.561,0,0,1,1,1,L,M_lunatic,190,90,0,0,0,0,0,0,0,0,0,0,0,0.181,-37.494,0.012,-16.746,-20.259,-44.712,-11.164,-62.2,18.045,-44.568,12.353,-58.981,35.702,-81.802,-2.086,-105.841,-40.451,-85.185,0,0,0,0,0,,0,0,0,0,0
47,3,1,2,4,0,1,0,0,0,0,255,255,255,22,1974.252,bdg06213,R,0,137,-0.766,-0.185,2,54.316,-77.135,0,0,1,1,1,L,M_lunatic,190,90,1975.357,146,130,8,135,68,-20.272,-28.586,-0.489,0.093,-0.151,-0.09,-37.136,0.013,-16.809,-20.185,-44.58,-11.184,-62.217,18.592,-45.68,12.777,-59.249,35.702,-81.802,-2.773,-110.422,-39.781,-85.958,1975.489,1.124,-22.734,1977.234,4,인생최패망자,11.784,-41.617,0,0,2
48,3,1,2,4,0,0,1,0,0,0,255,255,255,23,2010.785,bdg06213,R,0,140,-1.823,-0.487,1,56.952,-63.053,0,0,0,2,4,R,_이누_,190,90,0,0,0,0,0,0,0,0,0,0,0,-0.033,-37.414,0,-16.679,-24.956,-48.064,-12.658,-63.695,15.91,-46.249,11.348,-60.127,35.702,-81.802,-14.073,-113.652,-40.312,-88.134,0,0,0,0,0,,0,0,0,0,0
49,3,1,2,4,1,0,1,0,0,0,255,255,255,24,2023.564,bdg06213,R,0,139,-0.01,0.112,2,93.455,-46.28,0,0,1,2,4,R,_이누_,190,90,2024.529,116,75,0,81,67,-1.196,44.146,-0.563,0.009,-0.097,-0.38,-36.931,0.014,-16.871,-24.837,-48.319,-14.549,-63.486,16.244,-45.691,11.189,-60.242,35.702,-81.801,-13.578,-117.703,-43.168,-91.635,2025,-7.188,-26.938,2028.356,2,Fresh825,-14.603,-36.98,0,0,2
50,3,1,2,4,0,0,2,0,0,0,255,255,255,25,2055.944,bdg06213,R,0,140,-0.557,0.077,0,97.755,-76.262,0,0,0,3,2,R,소솨소솨,174.5,90,0,0,0,0,0,0,0,0,0,0,0,-0.279,-37.423,0.031,-16.568,-22,-45.797,-13.446,-60.36,17.346,-44.959,11.409,-60.687,35.702,-81.802,-8.591,-112.737,-39.532,-87.504,0,0,0,0,0,,0,0,0,0,0
51,3,1,2,4,0,1,2,0,0,0,255,255,255,26,2069.575,bdg06213,R,0,138,-0.808,-0.478,2,77.762,-69.881,0,0,1,3,2,R,소솨소솨,174.5,90,2070.451,148,157,23,139,115,-36.137,-28.783,0.491,-0.071,-0.298,-0.401,-36.966,0.045,-16.657,-24.597,-49.052,-13.48,-60.51,14.91,-46.225,11.759,-62.006,35.701,-81.801,-11.002,-113.438,-39.573,-90.194,2070.411,0.357,-20.496,2071.789,4,인생최패망자,12.483,-42.821,0,0,2
52,3,0,2,4,0,0,0,0,0,0,255,255,255,24,2135.467,눈꽃,R,13,112,-1.157,-0.381,0,-237.429,400,-0.424,-16.003,1,3,3,R,Gonyong,176.1,45,0,0,0,0,0,0,0,0,0,0,0,-0.114,-37.61,-0.154,-17.105,-21.112,-47.254,-15.966,-60.86,19.403,-52.021,11.684,-61.408,35.7,-81.8,0.377,-111.116,-35.7,-81.8,0,0,0,0,0,,0,0,0,0,0
53,3,0,2,4,0,1,0,0,0,0,255,255,255,25,2211.229,눈꽃,R,0,140,-1.089,0.187,0,35.693,-45.218,0,0,0,3,3,R,Gonyong,176.1,45,0,0,0,0,0,0,0,0,0,0,0,-0.172,-37.295,0.054,-17.155,-21.921,-48.095,-15.764,-62.028,19.503,-50.008,10.615,-62.368,35.7,-81.8,0.25,-110.782,-36.751,-84.23,0,0,0,0,0,,0,0,0,0,0
54,3,0,2,4,0,2,0,0,0,0,255,255,255,26,2238.511,눈꽃,R,0,138,0.766,1.573,4,2.544,-74.84,0,0,1,3,3,R,Gonyong,176.1,45,0,0,0,0,0,0,0,0,0,0,0,-0.245,-37.375,0.056,-17.346,-21.891,-46.898,-15.387,-60.305,18.331,-47.704,10.588,-62.355,35.7,-81.8,0.477,-111.086,-36.771,-84.207,0,0,0,0,0,,0,0,0,0,0
55,3,0,2,4,0,0,1,0,0,0,255,255,255,27,2264.297,눈꽃,R,14,114,-0.004,-0.132,0,346.092,360.861,0,0,1,4,4,R,인생최패망자,190,90,0,0,0,0,0,0,0,0,0,0,0,0.163,-37.307,0.033,-17.123,-22.697,-48.182,-14.949,-60.712,19.981,-51.697,9.804,-62.569,35.7,-81.8,0.192,-113.019,-36.787,-84.116,0,0,0,0,0,,0,0,0,0,0
56,3,0,2,4,0,1,1,0,0,0,255,255,255,28,2281.666,눈꽃,R,0,140,0.233,-0.839,0,38.035,-51.011,0,0,1,4,4,R,인생최패망자,190,90,0,0,0,0,0,0,0,0,0,0,0,-0.014,-37.437,0.025,-16.981,-22.655,-48.167,-15.072,-60.802,20.991,-50.823,10.039,-62.947,35.7,-81.8,0.173,-113.039,-38.011,-84.753,0,0,0,0,0,,0,0,0,0,0
57,3,0,2,4,0,2,1,0,0,0,255,255,255,29,2300.083,눈꽃,R,13,113,-3.744,0.767,1,-358.715,348.316,-1.409,-12.595,0,4,4,R,인생최패망자,190,90,0,0,0,0,0,0,0,0,0,0,0,-0.007,-37.314,-0.127,-15.927,-22.694,-48.158,-14.934,-60.779,21.085,-51.679,9.92,-63.205,35.7,-81.8,-0.569,-114.186,-37.995,-84.743,0,0,0,0,0,,0,0,0,0,0
58,3,0,2,4,1,2,1,0,0,0,255,255,255,30,2322.909,눈꽃,R,10,116,-2.364,-1.168,2,-103.481,339.124,0,0,1,4,4,R,인생최패망자,190,74,2323.992,49,212,40,81,59,-66.628,-38.068,0.839,-0.334,-0.226,-0.38,-37.192,-0.135,-17.249,-22.513,-49.189,-14.101,-61.19,23.922,-50.451,13.407,-62.148,35.7,-81.8,-0.56,-114.194,-38.075,-84.612,2323.945,-0.277,-20.497,0,0,,0,0,0,0,3
59,3,0,2,4,1,2,1,0,0,0,255,255,255,31,2340.99,눈꽃,R,0,140,-0.607,0.305,2,42.384,-121.372,0,0,1,4,4,R,인생최패망자,190,90,2342.003,107,196,25,137,65,104.586,-66.538,-0.425,-0.286,-0.147,0.119,-36.962,0.081,-17.366,-21.31,-47.614,-14.188,-62.087,21.281,-50.022,12.594,-62.217,35.708,-81.8,0.8,-112.193,-37.858,-83.012,2346.812,-31.921,-5.839,0,0,,0,0,0,0,3
60,3,0,2,4,1,2,1,0,0,0,255,255,255,32,2358.94,눈꽃,R,0,139,-0.299,0.983,2,38.867,-90.235,0,0,1,4,4,R,인생최패망자,190,90,2359.964,118,173,9,135,59,99.923,48.314,-0.92,-0.267,-0.107,0.307,-36.95,-0.003,-17.306,-22.288,-47.201,-14.569,-61.297,23.23,-51.468,11.983,-64.029,35.7,-81.8,-0.763,-109.646,-36.818,-82.259,2364.922,11.045,-10.371,2365.056,1,M_lunatic,10.625,-10.745,0,0,1
61,3,0,2,4,0,0,2,0,0,0,255,255,255,33,2385.75,눈꽃,R,0,140,-0.749,0.615,0,55.507,-200,0,0,0,5,1,L,Pring__,179.5,90,0,0,0,0,0,0,0,0,0,0,0,0.252,-37.449,-0.006,-17.314,-21.536,-48.993,-15.078,-62.151,22.487,-49.206,12.943,-62.649,35.7,-81.8,1.155,-113.863,-37.079,-80.367,0,0,0,0,0,,0,0,0,0,0
62,3,0,2,4,0,1,2,0,0,0,255,255,255,34,2400.022,눈꽃,R,0,140,-0.755,0.718,0,47.866,-108.885,0,0,1,5,1,L,Pring__,179.5,90,0,0,0,0,0,0,0,0,0,0,0,0.053,-37.222,0.017,-17.338,-21.574,-48.968,-14.582,-62.693,23.087,-49.346,12.925,-62.634,35.7,-81.8,0.873,-113.932,-37.117,-80.361,0,0,0,0,0,,0,0,0,0,0
63,3,0,2,4,0,2,2,0,0,0,255,255,255,35,2414.145,눈꽃,R,0,140,-2.045,-1.024,2,32.442,-75.617,0,0,1,5,1,L,Pring__,179.5,90,2414.876,126,100,0,126,65,38.584,-16.294,-0.907,0.026,-0.049,-0.11,-37.062,-0.033,-17.228,-21.532,-49.017,-14.688,-62.774,22.743,-47.191,12.969,-62.723,35.7,-81.8,0.667,-113.949,-37.119,-80.373,0,0,0,2419.711,5,˗ˋˏ 카피 ˎˊ˗,12.886,-64.582,0,0,1
64,4,1,2,4,0,0,0,0,0,0,255,255,255,27,2454.464,bdg06213,R,0,140,-0.094,0.22,2,74.472,-76.044,0,0,1,4,7,L,IllilliIIIIllil,174.5,90,2455.526,157,165,29,141,111,10.687,4.321,0.916,-0.044,-0.047,-0.28,-37.225,-0.008,-16.736,-20.401,-44.983,-12.02,-63.507,18.24,-46.372,13.947,-61.985,35.702,-81.801,-5.693,-110.031,-36.744,-88.906,2457.233,-1.319,-69.17,2458.8,7,Sabo_10,-1.131,-96.132,1,0,2
65,4,1,2,4,0,0,0,1,0,0,7,255,255,28,2486.306,bdg06213,R,0,138,0.577,0.288,0,83.029,-54.35,0,0,1,5,3,R,Pugeuk,160,90,0,0,0,0,0,0,0,0,0,0,0,0.056,-37.289,0.015,-16.757,-18.562,-39.795,-7.63,-58.446,16.206,-45.684,8.558,-58.712,35.702,-81.802,-8.138,-111.33,-38.672,-84.682,0,0,0,0,0,,0,0,0,0,0
66,4,1,2,4,0,1,0,1,0,0,7,255,255,29,2503.379,bdg06213,R,0,140,-0.009,0.53,0,79.457,-90.45,0,0,1,5,3,R,Pugeuk,160,90,0,0,0,0,0,0,0,0,0,0,0,-0.334,-37.503,-0.58,-18.312,-18.635,-39.667,-9.496,-59.242,16.844,-44.245,7.838,-59.221,35.702,-81.802,-12.315,-103.072,-40.016,-82.941,0,0,0,0,0,,0,0,0,0,0
67,4,1,2,4,0,2,0,1,0,0,7,255,255,30,2520.246,bdg06213,R,0,132,0.549,0.484,2,64.329,-33.803,0,0,1,5,3,R,Pugeuk,160,90,2521.146,119,125,12,133,73,0.093,3.301,-0.377,-0.126,-0.188,-0.417,-36.948,0.078,-16.917,-18.623,-39.751,-9.496,-59.186,17.469,-45.937,10.112,-59.428,35.701,-81.801,-12.529,-106.655,-37.95,-82.732,2521.667,-0.948,-32.321,2523.578,3,Gonyong,-1.915,-55.817,1,0,2
68,4,1,2,4,0,0,1,1,0,0,3,255,255,31,2589.942,bdg06213,R,0,137,1.844,0.684,1,99.336,-57.608,0,0,0,6,0,L,눈꽃,186.797,90,0,0,0,0,0,0,0,0,0,0,0,-0.355,-37.705,-0.007,-16.76,-18.616,-39.524,-3.373,-66.557,18.184,-44.028,11.404,-61.472,35.7,-81.8,-11.54,-113.305,-37.284,-89.281,0,0,0,0,0,,0,0,0,0,0
69,4,1,2,4,1,0,1,1,0,0,3,255,255,32,2606.583,bdg06213,R,0,138,0.14,0.656,0,59.424,-71.525,0,0,0,6,0,L,눈꽃,186.797,90,0,0,0,0,0,0,0,0,0,0,0,-0.469,-37.28,0.476,-19.024,-18.557,-39.832,-3.334,-65.146,19.562,-43.957,12.465,-59.543,35.7,-81.8,-11.047,-111.504,-37.256,-89.294,0,0,0,0,0,,0,0,0,0,0
70,4,1,2,4,1,1,1,0,1,0,255,3,255,33,2627.896,bdg06213,R,0,139,0.872,0.516,0,48.293,-38.357,0,0,0,6,0,L,눈꽃,186.797,90,0,0,0,0,0,0,0,0,0,0,0,-0.153,-37.169,0.06,-16.943,-19.52,-44.485,0.511,-58.044,19.563,-40.196,11.905,-57.555,35.7,-81.8,-7.835,-111.3,-36.661,-84.969,0,0,0,0,0,,0,0,0,0,0
71,4,1,2,4,1,2,1,0,0,1,255,255,3,34,2646.851,bdg06213,R,0,132,0.669,0.6,0,62.828,-51.944,0,0,0,6,0,L,눈꽃,186.797,90,0,0,0,0,0,0,0,0,0,0,0,-0.25,-37.742,0.052,-16.864,-19.266,-43.335,-6.526,-62.422,19.121,-40.373,11.276,-57.297,35.7,-81.8,-5.818,-117.019,-36.906,-86.667,0,0,0,0,0,,0,0,0,0,0
72,4,1,2,4,0,0,2,0,0,1,255,255,3,35,2672.386,bdg06213,R,0,135,2.231,1.547,1,65.577,-43.012,0,0,0,7,8,R,ByeolBam,175.1,73,0,0,0,0,0,0,0,0,0,0,0,0.117,-37.649,0.247,-17.281,-25.999,-49.115,-11.562,-65.343,18.532,-40.842,11.369,-60.943,35.7,-81.8,-8.756,-119.373,-34.199,-89.428,0,0,0,0,0,,0,0,0,0,0
73,4,1,2,4,1,0,2,0,0,1,255,255,3,36,2689.311,bdg06213,R,0,140,1.048,0.5,0,83.34,-38.809,0,0,0,7,8,R,ByeolBam,175.1,73,0,0,0,0,0,0,0,0,0,0,0,-0.032,-37.678,1.688,-18.352,-26.165,-49.122,-9.943,-65.252,18.681,-41.006,10.884,-60.516,35.7,-81.8,-8.487,-120.619,-33.898,-87.95,0,0,0,0,0,,0,0,0,0,0
74,4,1,2,4,1,1,2,0,0,1,255,255,3,37,2706.201,bdg06213,R,0,136,1.574,0.807,2,92.223,-44.016,0,0,1,7,8,R,ByeolBam,175.1,73,2707.192,108,140,44,135,64,33.098,-42.346,-0.9,-0.034,-0.135,-0.249,-36.941,-0.005,-16.661,-26.212,-49.144,-8.753,-61.243,15.889,-42.586,11.651,-60.57,35.7,-81.8,-8.33,-114.985,-33.955,-87.968,2714,41.97,-63.231,2714,-1,AI,41.837,-63.117,1,0,0
75,4,1,3,4,0,0,2,0,1,0,255,8,255,38,2741.02,bdg06213,R,0,140,-2.1,-0.256,4,80.017,-84.389,0,0,1,0,5,L,˗ˋˏ 카피 ˎˊ˗,168,90,0,0,0,0,0,0,0,0,0,0,0,0.139,-37.215,0.032,-16.619,-19.481,-45.175,-0.553,-59.165,19.235,-42.112,13.155,-61.799,35.7,-81.8,-0.449,-103.831,-35.86,-85.416,0,0,0,0,0,,0,0,0,0,0
76,4,1,3,4,0,1,2,0,1,0,255,8,255,39,2756.007,bdg06213,R,0,140,0.415,0.362,0,60.246,-35.711,0,0,1,0,5,L,˗ˋˏ 카피 ˎˊ˗,168,90,0,0,0,0,0,0,0,0,0,0,0,-0.154,-37.601,0.032,-16.634,-19.822,-45.082,-2.995,-60.433,19.387,-42.659,14.18,-61.626,35.7,-81.8,-1.058,-105.169,-33.123,-82,0,0,0,0,0,,0,0,0,0,0
77,4,1,3,4,0,2,2,0,1,0,255,8,255,40,2770.443,bdg06213,R,0,139,0.327,0.571,0,50.435,-30.294,0,0,1,0,5,L,˗ˋˏ 카피 ˎˊ˗,168,90,0,0,0,0,0,0,0,0,0,0,0,-0.047,-37.457,0.014,-16.66,-19.311,-43.264,-3.059,-61.682,19.469,-42.75,13.284,-59.992,35.7,-81.8,-1.7,-104.536,-35.899,-86.535,0,0,0,0,0,,0,0,0,0,0
78,4,0,3,4,0,0,0,0,0,0,255,255,255,36,2830.088,눈꽃,R,3,110,-1.839,1.876,1,-380.042,37.531,0,0,0,6,7,L,Sabo_10,184.5,49,0,0,0,0,0,0,0,0,0,0,0,0.03,-37.604,0.008,-17.21,-21.665,-48.449,-13.591,-63.701,22.252,-48.159,11.978,-61.306,35.7,-81.8,10.198,-116.37,-38.361,-81.586,0,0,0,0,0,,0,0,0,0,0
79,4,0,3,4,1,0,0,0,0,0,255,255,255,37,2846.317,눈꽃,R,13,105,1.395,0.101,0,-341.877,348.889,0,0,0,6,7,L,Sabo_10,184.5,49,0,0,0,0,0,0,0,0,0,0,0,-0.14,-37.915,0.088,-17.144,-21.668,-48.448,-13.685,-63.765,20.439,-46.385,12.285,-61.407,35.7,-81.8,9.756,-116.532,-37.674,-83.368,0,0,0,0,0,,0,0,0,0,0
80,4,0,3,4,1,1,0,0,0,0,255,255,255,38,2859.142,눈꽃,R,6,113,3.669,-0.963,4,457.851,200.929,0,0,1,6,7,L,Sabo_10,184.5,49,0,0,0,0,0,0,0,0,0,0,0,-0.13,-37.679,0.163,-17.549,-21.689,-48.437,-10.573,-62.674,20.147,-43.996,12.288,-61.395,35.7,-81.8,9.746,-116.538,-37.856,-85.692,0,0,0,0,0,,0,0,0,0,0
81,4,0,3,4,1,2,0,0,0,0,255,255,255,39,2871.072,눈꽃,R,0,140,-0.869,1.314,1,28.314,-140.422,0,0,0,6,7,L,Sabo_10,184.5,49,0,0,0,0,0,0,0,0,0,0,0,-0.192,-37.419,0.093,-17.187,-21.718,-48.444,-11.499,-61.317,21.473,-46.039,12.319,-61.482,35.7,-81.8,9.699,-116.569,-37.987,-85.747,0,0,0,0,0,,0,0,0,0,0
82,4,0,3,4,2,2,0,0,0,0,255,255,255,40,2883.494,눈꽃,R,0,138,-1.486,1.155,2,19.401,-49.775,0,0,1,6,7,L,Sabo_10,184.5,49,2884.561,77,88,11,78,66,108.778,-57.409,-0.9,0.032,-0.108,-0.305,-37.212,0.088,-17.352,-21.687,-48.483,-11.768,-61.189,20.717,-45.69,12.344,-61.574,35.7,-81.8,9.754,-116.529,-37.948,-85.704,2889.4,-30.376,-1.625,0,0,,0,0,0,0,3
83,4,0,3,4,2,2,0,0,0,0,255,255,255,41,2904.425,눈꽃,R,14,118,0.769,-0.729,2,314.818,388.445,0,0,1,6,7,L,Sabo_10,184.5,49,2905.507,118,186,14,137,106,26.142,-6.867,0.916,0.062,-0.191,0.11,-36.905,0.375,-17.294,-21.773,-47.79,-10.421,-59.877,23.373,-48.95,12.33,-61.966,35.7,-81.8,6.885,-116.66,-38.634,-84.984,2909.867,24.908,-105.076,2913,7,IllilliIIIIllil,30.941,-120.151,1,0,2
84,4,0,3,4,0,0,0,0,1,0,255,16,255,42,2938.741,눈꽃,R,0,140,1.339,0.148,0,64.376,-141.985,0.578,-7.92,0,7,0,R,bdg06213,190,90,0,0,0,0,0,0,0,0,0,0,0,-0.128,-37.942,0.044,-17.626,-20.868,-47.595,-12.908,-61.245,19.903,-50.725,8.389,-62.345,35.7,-81.8,-1.461,-114.814,-37.133,-83.732,0,0,0,0,0,,0,0,0,0,0
85,4,0,3,4,0,1,0,0,1,0,255,16,255,43,2954.759,눈꽃,R,0,140,1.227,0.436,2,106.481,-125.876,0,0,1,7,0,R,bdg06213,190,42,2955.781,117,130,0,131,67,18.419,13.855,-1,-0.048,-0.138,0.056,-37.222,0.01,-17.564,-20.916,-47.572,-6.213,-60.265,22.392,-49.187,10.376,-62.531,35.708,-81.807,-1.693,-116.614,-37.111,-83.725,0,0,0,2958.589,3,Pugeuk,-9.838,-55.528,0,0,1
86,4,0,3,4,0,0,1,0,1,0,255,16,255,44,2982.586,눈꽃,R,0,140,-0.812,0.27,0,127.24,-157.694,0,0,0,0,5,L,NABIMan,190,90,0,0,0,0,0,0,0,0,0,0,0,-0.055,-37.234,-0.042,-17.24,-21.537,-46.54,-10.648,-59.261,23.63,-47.929,13.029,-60.838,35.7,-81.8,5.68,-118.601,-38.849,-84.902,0,0,0,0,0,,0,0,0,0,0
87,4,0,3,4,0,1,1,0,1,0,255,16,255,45,2996.669,눈꽃,R,0,140,-1.361,-2.529,2,101.344,-200,-0.258,-22.303,1,0,5,L,NABIMan,190,39,2997.646,150,197,42,143,117,-10.175,2.985,0.883,0.034,-0.074,-0.263,-37.126,-0.019,-17.325,-21.655,-46.505,-4.206,-61.081,23.895,-47.773,12.901,-61.275,35.7,-81.8,5.659,-118.614,-38.851,-84.967,2998.034,-0.171,-35.902,3001.511,7,IllilliIIIIllil,1.142,-108.954,1,0,2
88,4,0,3,4,0,0,1,0,1,1,255,255,16,46,3039.922,눈꽃,R,0,136,-2.007,-0.838,2,27.68,-37.165,0,0,0,1,2,L,Fresh825,172.9,47,3040.984,125,113,0,131,87,13.417,-38.538,-0.17,0.086,-0.077,-0.05,-36.991,0.003,-17.355,-21.453,-47.142,-4.502,-60.919,23.837,-46.232,14.512,-59.779,35.7,-81.8,8.016,-122.513,-36.528,-83.504,3044.767,30.77,-73.176,3044.767,-1,AI,30.498,-72.56,1,0,0
89,4,0,3,5,0,0,1,1,0,1,11,255,14,47,3075.385,눈꽃,R,0,140,2.867,2.057,4,242.391,-200,0,0,1,2,8,R,ke ro,160,90,0,0,0,0,0,0,0,0,0,0,0,-0.344,-37.259,0.125,-17.482,-21.811,-47.677,-8.478,-60.044,20.383,-48.578,11.888,-62.337,35.7,-81.8,-1.076,-121.385,-35.989,-80.878,0,0,0,0,0,,0,0,0,0,0
90,4,0,3,5,0,1,1,0,1,1,255,11,14,48,3094.42,눈꽃,R,0,140,1.689,0.207,2,146.653,-200,0,0,1,2,8,R,ke ro,160,90,3095.449,131,135,17,135,62,116,-39.206,-0.734,-0.044,-0.099,0.129,-37.245,0.009,-17.302,-21.762,-48.208,-4.155,-60.674,18.802,-42.276,12.83,-60.924,35.7,-81.8,0.015,-116.194,-36.018,-80.819,3101.1,-17.328,-1.007,0,0,,0,0,0,0,3
91,4,0,3,5,0,2,1,0,1,1,255,11,14,49,3133.384,눈꽃,R,0,140,0.185,0.799,2,50.027,-102.782,0,0,1,2,8,R,ke ro,160,90,3134.472,121,104,36,131,95,29.907,-9.43,-0.047,-0.085,-0.125,0.183,-36.983,-0.019,-17.22,-21.386,-46.284,-3.819,-60.951,18.933,-47.829,13.905,-60.459,35.7,-81.8,-0.037,-121.934,-35.287,-80.294,3139.445,13.72,-95.923,3140.667,7,IllilliIIIIllil,15.209,-104.146,1,0,2
92,4,0,3,6,0,0,1,1,0,1,17,255,11,50,3173.28,눈꽃,R,0,124,1.408,2.232,1,0,0,0,0,0,3,3,R,Gonyong,176.1,90,0,0,0,0,0,0,0,0,0,0,0,-0.079,-37.546,0.153,-17.479,-21.339,-46.024,-6.967,-60.825,19.88,-47.33,9.017,-62.51,35.7,-81.8,0.302,-118.699,-35.704,-83.652,0,0,0,0,0,,0,0,0,0,0
93,4,0,3,6,1,0,1,0,1,1,255,17,11,51,3196.187,눈꽃,R,13,114,-2.865,-0.813,4,-390.434,312.348,0,0,1,3,3,R,Gonyong,176.1,45,0,0,0,0,0,0,0,0,0,0,0,0.034,-37.16,-0.006,-17.476,-21.238,-46.801,-11.741,-59.804,22.534,-50.769,14.224,-61.56,35.7,-81.8,-0.325,-121.009,-35.748,-83.876,0,0,0,0,0,,0,0,0,0,0
94,4,0,3,6,1,1,1,0,1,1,255,17,11,52,3214.104,눈꽃,R,6,100,-0.166,0.364,2,444.28,0,0,0,1,3,3,R,Gonyong,176.1,45,3215.249,102,164,17,133,106,20.008,40.646,0.905,-0.083,-0.007,0.209,-37.142,-0.053,-17.611,-21.396,-46.39,-11.759,-60.364,22.077,-50.735,13.432,-61.377,35.7,-81.8,0.046,-121.002,-35.754,-83.822,3218.022,-37.031,-75.792,3218.333,8,ByeolBam,-36.557,-74.891,0,4,1
95,5,1,3,6,0,0,0,0,0,0,255,255,255,41,3269.453,bdg06213,R,0,135,-1.934,-0.258,1,40.27,-106.661,0,0,0,1,1,L,M_lunatic,190,90,0,0,0,0,0,0,0,0,0,0,0,-0.303,-37.634,-0.013,-16.639,-22.723,-46.863,-9.236,-63.545,20.168,-46.66,13.857,-59.335,35.702,-81.802,-4.4,-111.603,-43.101,-86.993,0,0,0,0,0,,0,0,0,0,0
96,5,1,3,6,1,0,0,0,0,0,255,255,255,42,3281.407,bdg06213,R,0,140,0.078,0.17,2,63.326,-69.248,0,0,1,1,1,L,M_lunatic,190,90,3282.421,166,180,19,142,118,-60.311,-16.755,0.111,0.078,-0.189,-0.366,-37.014,-0.004,-16.695,-22.829,-46.777,-9.103,-63.34,19.231,-45.4,13.476,-59.574,35.702,-81.801,-4.308,-114.081,-43.38,-86.763,3282.367,0.192,-21.341,3286.078,5,NABIMan,12.603,-62.624,1,0,2
97,5,1,3,6,0,0,0,1,0,0,1,255,255,43,3315.562,bdg06213,R,0,140,-0.233,0.187,0,79.928,-50.325,0,0,0,2,4,R,_이누_,190,57,0,0,0,0,0,0,0,0,0,0,0,-0.217,-37.231,0.016,-16.661,-18.959,-39.898,-7.887,-56.808,17.387,-42.285,0.519,-60.032,35.702,-81.802,-7.537,-97.985,-37.598,-89.493,0,0,0,0,0,,0,0,0,0,0
98,5,1,3,6,0,1,0,0,1,0,255,1,255,44,3333.738,bdg06213,R,0,139,0.226,0.266,2,29.344,-11.893,0,0,1,2,4,R,_이누_,190,57,3334.622,133,122,13,134,100,40.139,46.69,-0.006,-0.006,-0.085,-0.486,-36.956,0.026,-16.741,-21.344,-45.443,-12.411,-64.35,16.88,-46.237,10.992,-60.784,35.701,-81.801,-8.688,-102.315,-37.038,-84.815,3339.189,-67.762,-65.182,0,0,,0,0,0,0,3
99,5,1,3,6,0,2,0,0,1,0,255,1,255,45,3358.796,bdg06213,R,0,140,0.391,0.37,2,71.154,-30.309,0,0,1,2,4,R,_이누_,190,57,3359.65,70,85,0,61,61,32.358,49.121,-1,-0.025,-0.118,-0.487,-36.989,0.04,-16.739,-22.058,-46.146,-13.172,-62.31,16.352,-45.727,12.674,-62.191,35.701,-81.801,-18.529,-107.905,-43.372,-78.891,0,0,0,3362.445,2,Fresh825,-26.183,-42.128,0,0,1
100,5,1,3,6,0,0,1,0,1,0,255,1,255,46,3385.371,bdg06213,R,0,138,-0.654,-0.208,2,72.077,-49.514,0,0,1,3,2,R,소솨소솨,175,90,3386.18,146,255,64,150,56,-13.373,44.192,-0.985,-0.224,-0.326,-0.389,-36.933,0.035,-16.719,-21.592,-45.559,-15.259,-61.789,15.715,-46.319,11.04,-60.275,35.701,-81.801,-10.204,-110.154,-35.832,-86.877,3386.378,-2.803,-23.131,3389.011,2,Fresh825,-21.512,-39.172,0,0,2
101,5,1,3,6,0,1,1,0,1,0,255,1,255,47,3406.526,bdg06213,R,0,140,0.304,0.455,2,77.682,-30.816,0,0,1,3,2,R,소솨소솨,175,45,3407.408,113,149,37,136,61,34.395,-16.418,-0.968,-0.116,-0.262,-0.481,-36.837,0.027,-16.72,-20.865,-45.608,-14.333,-59.433,18.776,-43.436,7.278,-61.71,35.701,-81.801,-9.408,-110.196,-42.556,-79.167,0,0,0,3411.489,5,NABIMan,11.571,-58.868,0,0,1
102,5,0,3,6,0,0,0,0,0,0,255,255,255,53,3495.457,Pugeuk,R,0,129,0.717,0.049,2,104.054,-200,0,0,1,4,4,R,인생최패망자,190,90,3496.539,129,162,11,136,97,36.649,-9.561,-0.065,-0.112,-0.12,0.072,-37.507,0.047,-17.148,-21.882,-48.8,-14.236,-63.504,21.783,-52.548,13.234,-61.961,35.7,-81.8,0.005,-114.845,-37.516,-84.494,3501.856,11.488,-96.18,3502.289,7,IllilliIIIIllil,11.589,-96.877,1,0,2
103,5,0,3,6,0,0,0,1,0,0,13,255,255,54,3525.304,Pugeuk,R,0,129,0.4,-0.747,0,143.66,-200,0,0,0,5,0,L,Pring__,179.5,90,0,0,0,0,0,0,0,0,0,0,0,-0.116,-38.072,0.132,-17.504,-21.077,-43.417,-7.089,-62.31,21.85,-46.637,5.719,-61.417,35.7,-81.8,1.012,-111.861,-37.367,-83.037,0,0,0,0,0,,0,0,0,0,0
104,5,0,3,6,0,1,0,1,0,0,13,255,255,55,3548.21,Pugeuk,R,3,90,-0.52,-0.181,2,-327.202,0,0,0,0,5,0,L,Pring__,179.5,84,3549.204,21,38,14,3,28,-33.516,-31.997,-0.053,0.043,-0.129,-0.682,-37.342,0.12,-17.365,-21.341,-45.49,-7.57,-62.943,22.999,-46.647,8.342,-62.535,35.7,-81.8,0.909,-112.643,-37.35,-83.041,3549.312,0.601,-21.226,3552.067,0,Pugeuk,4.525,-28.589,0,0,2
105,5,0,3,6,0,0,1,0,1,0,255,13,255,56,3579.143,Pugeuk,R,7,85,1.117,-0.273,0,171.625,0,0,0,1,6,7,L,Sabo_10,184.5,90,0,0,0,0,0,0,0,0,0,0,0,-0.017,-38.08,0.204,-17.543,-21.708,-46.285,-1.345,-61.787,22.457,-46.547,5.028,-60.242,35.7,-81.8,2.134,-110.066,-37.225,-83.204,0,0,0,0,0,,0,0,0,0,0
106,5,0,3,6,0,1,1,0,1,0,255,13,255,57,3597.618,Pugeuk,R,0,127,-1.634,0.177,2,59.059,-200,0,0,1,6,7,L,Sabo_10,184.5,90,3598.691,109,179,31,136,127,43.564,-47.567,0.722,0.012,-0.124,-0.175,-37.602,-0.014,-17.3,-21.851,-46.177,-8.743,-62.663,21.46,-46.375,4.675,-59.488,35.7,-81.8,2.49,-112.958,-38.159,-85.114,3604.534,76.55,-107.253,0,0,,0,0,0,0,4
107,5,0,3,8,0,0,1,0,0,0,255,255,255,58,3640.636,Pugeuk,R,3,109,0.437,0.156,2,-392.333,0,0,0,1,7,5,R,bdg06213,190,42,3641.776,125,174,0,136,69,26.302,10.2,-0.482,-0.048,-0.116,-0.018,-37.649,-0.09,-17.337,-21.014,-47.513,-13.574,-63.516,23.448,-52.013,12.849,-61.328,35.7,-81.8,1.356,-120.282,-35.935,-83.644,0,0,0,3645.323,3,눈꽃,-11.442,-67.134,0,0,1
108,5,0,3,8,0,0,2,0,0,0,255,255,255,59,3676.681,Pugeuk,R,6,94,2.251,-0.2,4,362.401,0,0,0,1,0,1,L,NABIMan,190,39,0,0,0,0,0,0,0,0,0,0,0,-0.054,-38.21,0.124,-17.184,-21.775,-48.074,-13.116,-64.328,24.082,-48.002,12.829,-62.518,35.7,-81.8,0.98,-112.707,-36.975,-80.852,0,0,0,0,0,,0,0,0,0,0
109,5,0,3,8,0,1,2,0,0,0,255,255,255,60,3693.275,Pugeuk,R,3,92,-0.795,0.31,2,-342.613,0,0,0,1,0,1,L,NABIMan,190,39,3694.379,161,182,28,143,130,38.922,-38.562,0.415,0.089,0.008,-0.118,-37.631,0.013,-17.35,-21.294,-47.552,-12.696,-64.668,26.294,-48.634,12.791,-62.362,35.7,-81.8,0.855,-113.583,-37.075,-80.892,3704.456,71.237,-85.208,3704.367,-1,AI,71.232,-85.219,0,0,4
110,5,0,3,9,0,0,2,0,0,0,255,255,255,61,3742.271,Pugeuk,R,0,129,-1.695,0.398,2,88.361,-200,0,0,1,1,2,L,Fresh825,172.9,47,3743.344,111,179,0,135,64,33.094,-13.559,-1,0.003,-0.141,-0.264,-37.455,-0.021,-17.272,-21.452,-47.906,-13.266,-64.308,24.943,-48.927,11.771,-62.203,35.7,-81.8,6.113,-116.897,-36.915,-81.043,3747.412,10.946,-64.176,3747.545,5,˗ˋˏ 카피 ˎˊ˗,10.517,-62.465,0,0,1
111,6,1,3,9,0,0,0,0,0,0,255,255,255,48,3833.992,Pring__,R,14,94,1.515,-0.114,1,304.819,350.375,0,0,0,4,7,L,IllilliIIIIllil,174.5,89,0,0,0,0,0,0,0,0,0,0,0,-0.375,-37.63,0.167,-17.276,-25.744,-50.774,-8.211,-62.931,17.969,-46.551,14.122,-61.596,35.702,-81.802,2.031,-104.877,-42.979,-89.233,0,0,0,0,0,,0,0,0,0,0
112,6,1,3,9,1,0,0,0,0,0,255,255,255,49,3854.813,Pring__,R,0,134,-1.215,-1.476,1,250,-132.436,0,0,0,4,7,L,IllilliIIIIllil,174.5,89,0,0,0,0,0,0,0,0,0,0,0,-0.337,-37.99,-0.128,-17.156,-25.803,-50.963,-4.012,-67.728,18.194,-45.78,12.742,-62.243,35.702,-81.802,-2.683,-107.978,-44.527,-88.902,0,0,0,0,0,,0,0,0,0,0
113,6,1,3,9,2,0,0,0,0,0,255,255,255,50,3871.59,Pring__,R,0,129,-0.151,-0.518,2,240.609,-161.653,0,0,1,4,7,L,IllilliIIIIllil,174.5,89,3872.695,161,224,70,147,112,-32.849,-45.997,0.94,-0.049,-0.037,-0.747,-36.832,-0.041,-17.224,-25.778,-50.842,-2.364,-66.438,17.863,-45.513,12.813,-62.296,35.702,-81.801,-4.005,-112.624,-44.535,-88.898,3872.445,1.143,-22.565,0,0,,0,0,0,0,0
114,6,1,3,9,2,1,0,0,0,0,255,255,255,51,3901.462,Pring__,R,14,92,-1.669,0.914,1,290.884,359.218,0.164,-17.902,0,4,7,L,IllilliIIIIllil,174.5,67,0,0,0,0,0,0,0,0,0,0,0,-0.59,-37.708,-0.037,-17.499,-20.941,-44.469,-5.258,-66.916,18.442,-44.831,14.149,-60.493,35.7,-81.8,-4.371,-111.062,-34.606,-89.924,0,0,0,0,0,,0,0,0,0,0
115,6,1,3,9,3,1,0,0,0,0,255,255,255,52,3920.825,Pring__,R,0,135,-0.647,-0.208,2,250,-200,0,0,1,4,7,L,IllilliIIIIllil,174.5,67,3921.928,122,181,57,140,110,28.738,-47.45,0.914,-0.094,-0.057,-0.292,-36.904,-0.031,-17.358,-21.964,-47.478,-1.643,-67.004,18.342,-45.124,13.047,-59.739,35.702,-81.801,-5.661,-110.015,-31.652,-91.64,3926.223,76.574,-78.102,0,0,,0,0,0,0,3
116,6,1,3,9,3,2,0,0,0,0,255,255,255,53,3946.067,Pring__,R,13,100,0.943,-0.365,0,-354.94,312.348,0,0,1,4,7,L,IllilliIIIIllil,174.5,67,0,0,0,0,0,0,0,0,0,0,0,-0.208,-37.847,0.276,-17.546,-21.267,-44.144,-0.691,-67.223,20.216,-43.464,14.165,-62.056,35.702,-81.802,-6.032,-104.527,-36.715,-89.63,0,0,0,0,0,,0,0,0,0,0
117,6,1,3,9,0,0,1,0,0,0,255,255,255,54,3972.71,Pring__,R,0,129,-1.419,-0.133,2,240.138,-108.141,0,0,1,5,0,R,Pugeuk,160,89,3973.754,126,111,16,132,91,33.746,29.385,0.96,-0.071,-0.162,-0.657,-36.873,-0.426,-17.455,-22.455,-48.334,-11.937,-64.585,14.732,-47.09,14.246,-62.081,35.702,-81.801,-6.856,-108.217,-43.708,-87.904,3978.278,-39.255,-83.123,3978.445,8,ke ro,-38.622,-82.137,0,0,1
118,6,1,3,9,0,0,2,0,0,0,255,255,255,55,4012.366,Pring__,R,10,89,0.012,0.349,2,76.889,400,0,0,0,6,3,L,눈꽃,186.797,89,4013.679,126,196,24,140,130,-60.805,55.158,0.277,0.015,0.022,0.005,-37.063,0.224,-17.405,-20.838,-45.708,-5.552,-65.547,19.381,-46.163,13.281,-61.924,35.7,-81.8,-11.655,-116.673,-40.368,-84.787,4013.333,-0.886,-21.287,0,0,,0,0,0,0,3
119,6,1,3,9,0,1,2,0,0,0,255,255,255,56,4034.36,Pring__,R,6,93,-1.283,0.261,0,338.181,214.803,0,0,0,6,3,L,눈꽃,186.797,89,0,0,0,0,0,0,0,0,0,0,0,-0.449,-37.862,-0.071,-17.529,-22.692,-47.289,-11.713,-63.638,19.489,-45.729,11.842,-59.913,35.7,-81.8,-12.884,-113.482,-42.814,-83.733,0,0,0,0,0,,0,0,0,0,0
120,6,1,3,9,0,2,2,0,0,0,255,255,255,57,4053.375,Pring__,R,0,140,-3.279,0.777,3,0,0,0.041,-19.309,0,6,3,L,눈꽃,186.797,89,0,0,0,0,0,0,0,0,0,0,0,-0.364,-37.624,-0.043,-18.628,-22.593,-47.369,-10.491,-64.899,18.625,-43.828,11.754,-60.219,35.7,-81.8,-12.68,-117.676,-44.992,-84,0,0,0,0,0,,0,0,0,0,6
121,6,1,3,9,0,0,2,1,0,0,3,255,255,58,4081.436,Pring__,R,14,102,1.344,-0.754,0,362.039,312.348,0,0,0,7,8,R,ByeolBam,174.5,89,0,0,0,0,0,0,0,0,0,0,0,0.058,-37.475,-0.236,-17.869,-18.578,-39.75,-11.276,-63.075,16.055,-46.939,12.035,-61.669,35.7,-81.8,-8.132,-115.132,-41.152,-84.187,0,0,0,0,0,,0,0,0,0,0
122,6,1,3,9,0,1,2,1,0,0,3,255,255,59,4102.066,Pring__,R,13,100,0.215,-1.095,4,-313.863,361.667,0,0,1,7,8,R,ByeolBam,174.5,89,0,0,0,0,0,0,0,0,0,0,0,-0.063,-37.656,0.172,-17.49,-18.456,-39.722,-11.079,-62.828,16.007,-46.982,11.508,-61.624,35.7,-81.8,-9.643,-115.28,-42.13,-83.065,0,0,0,0,0,,0,0,0,0,0
123,6,1,3,9,0,2,2,1,0,0,3,255,255,60,4118.03,Pring__,R,0,134,-0.911,1.034,0,194.118,-178.051,-0.045,-18.096,1,7,8,R,ByeolBam,174.5,89,0,0,0,0,0,0,0,0,0,0,0,-0.203,-37.625,-0.09,-17.597,-18.311,-39.738,-10.493,-62.992,16.749,-46.096,11.443,-61.511,35.7,-81.8,-13.999,-120.68,-43.907,-85.746,0,0,0,0,0,,0,0,1,0,0
124,6,1,3,9,0,0,2,1,1,0,8,3,255,61,4164.386,Pring__,R,13,113,2.023,-0.076,2,-158.129,400,0,0,1,0,5,L,˗ˋˏ 카피 ˎˊ˗,168,89,4165.419,221,185,10,149,124,29.486,-31.46,0.41,0.071,-0.064,-0.369,-36.866,-0.001,-17.223,-18.253,-39.438,-11.279,-58.812,18.046,-44.824,12.105,-60.43,35.7,-81.8,-4.292,-115.16,-37.951,-87.183,4169.978,72.666,-99.433,0,0,,0,0,0,0,4
125,6,1,6,9,0,0,2,0,0,0,255,255,255,62,4219.603,Pring__,R,0,131,-0.728,0.67,0,167.421,-185.178,0,0,0,1,1,L,M_lunatic,190,89,0,0,0,0,0,0,0,0,0,0,0,-0.453,-37.773,-0.313,-17.196,-22.151,-46.047,-8.528,-62.347,18.368,-44.979,12.991,-58.877,35.702,-81.802,-6.42,-114.997,-37.449,-89.526,0,0,0,0,0,,0,0,0,0,0
126,6,1,6,9,0,1,2,0,0,0,255,255,255,63,4236.434,Pring__,R,14,95,-0.907,-0.021,0,308.972,349.299,0,0,1,1,1,L,M_lunatic,190,89,0,0,0,0,0,0,0,0,0,0,0,-0.228,-37.964,0.013,-17.287,-21.424,-44.435,-9.606,-63.061,18.287,-45.471,12.761,-58.984,35.702,-81.802,-3.248,-111.024,-37.6,-87.997,0,0,0,0,0,,0,0,0,0,0
127,6,1,6,9,0,2,2,0,0,0,255,255,255,64,4255.105,Pring__,R,14,102,1.468,-0.886,2,347.615,330.856,0,0,1,1,1,L,M_lunatic,190,89,4256.323,140,210,70,145,122,-39.092,-46.568,0.77,0.108,-0.335,-0.374,-36.946,0.064,-17.098,-22.089,-46.985,-6.098,-63.768,18.047,-45.466,12.623,-61.285,35.702,-81.802,2.79,-112.371,-38.819,-88.378,4265.4,67.545,-78.084,4265.393,-1,AI,67.559,-78.109,1,0,0
128,6,1,6,9,0,0,2,0,1,0,255,0,255,65,4297.086,Pring__,R,0,129,0.756,0.828,2,93.089,-178.25,0,0,1,2,4,R,_이누_,190,89,4298.116,187,160,21,145,67,43.229,11.062,-0.761,-0.024,-0.114,-0.556,-36.789,-0.001,-17.043,-25.341,-50.249,-13.053,-63.723,17.612,-45.193,13.436,-62.384,35.702,-81.801,-6.41,-116.301,-38.318,-83.972,0,0,0,4302.545,3,Gonyong,-9.748,-62.637,0,0,1
129,6,0,6,9,0,0,0,0,0,0,255,255,255,62,4356.072,Pugeuk,R,4,110,2.443,1.143,1,-238.165,0,0,0,0,2,8,R,ke ro,160,89,0,0,0,0,0,0,0,0,0,0,0,0.048,-37.911,0.24,-17.529,-25.226,-50.034,-14.143,-63.938,19.447,-47.18,12.398,-61.233,35.7,-81.8,-0.028,-111.439,-37.532,-86.601,0,0,0,0,0,,0,0,0,0,0
130,6,0,6,9,1,0,0,0,0,0,255,255,255,63,4372.107,Pugeuk,R,10,110,0.998,-0.493,0,-117.544,400,0,0,1,2,8,R,ke ro,160,89,0,0,0,0,0,0,0,0,0,0,0,0.002,-38.226,0.151,-17.704,-24.38,-50.984,-14.154,-64.016,18.304,-45.106,12.387,-61.232,35.7,-81.8,0.693,-112.553,-37.521,-86.612,0,0,0,0,0,,0,0,0,0,0
131,6,0,6,9,1,1,0,0,0,0,255,255,255,64,4387.414,Pugeuk,R,0,119,-0.948,-0.083,2,-2.177,0,0,0,1,2,8,R,ke ro,160,89,4388.443,150,147,0,137,119,98.231,24.778,0.638,-0.016,-0.098,-0.316,-37.523,-0.135,-17.309,-24.376,-51.03,-14.584,-63.484,19.91,-49.904,12.368,-61.092,35.708,-81.807,0.577,-112.616,-37.508,-86.608,4398.833,2.694,5.097,0,0,,0,0,0,0,3
132,6,0,6,9,1,2,0,0,0,0,255,255,255,65,4421.342,Pugeuk,R,10,110,-1.412,-1.271,1,0,400,0,0,0,2,8,R,ke ro,160,89,0,0,0,0,0,0,0,0,0,0,0,-0.06,-38.072,-0.515,-17.534,-21.966,-44.779,-16.57,-62.307,17.999,-44.798,12.783,-61.24,35.7,-81.8,0.215,-110.272,-39.076,-87.397,0,0,0,0,0,,0,0,0,0,0
133,6,0,6,9,2,2,0,0,0,0,255,255,255,66,4438.145,Pugeuk,R,0,130,0.842,0.721,2,61.151,-200,0,0,1,2,8,R,ke ro,160,89,4439.198,144,105,0,130,96,31.983,-7.222,-0.022,-0.014,-0.077,-0.187,-37.55,0.196,-16.959,-22.197,-48.857,-16.028,-62.567,19.928,-47.783,12.751,-61.173,35.7,-81.8,0.424,-111.371,-39.113,-87.451,4443.223,3.722,-94.022,4443.645,7,IllilliIIIIllil,3.732,-95.395,1,0,2
134,6,0,6,9,0,0,0,1,0,0,17,255,255,67,4471.524,Pugeuk,R,6,108,3.16,-0.625,4,417.623,20.977,-0.022,-20.222,1,3,3,R,Gonyong,176.1,45,0,0,0,0,0,0,0,0,0,0,0,0.061,-38.041,0.055,-18.331,-22.155,-45.561,-8.583,-62.411,18.005,-48.354,13.558,-61.116,35.7,-81.8,0.106,-107.63,-35.197,-84.897,0,0,0,0,0,,0,0,0,0,0
135,6,0,6,9,0,1,0,1,0,0,17,255,255,68,4492.286,Pugeuk,R,0,127,1.897,0.943,2,78.504,-200,0,0,1,3,3,R,Gonyong,176.1,45,4493.379,117,129,9,132,64,36.618,-13.67,-1,-0.068,-0.023,0.144,-37.728,0.065,-17.166,-22.394,-46.449,-5.278,-61.089,21.384,-49.18,13.595,-61.156,35.7,-81.8,0.445,-108.421,-35.657,-85.526,0,0,0,4497.656,5,˗ˋˏ 카피 ˎˊ˗,9.867,-63.958,0,0,1
136,6,0,6,9,0,0,2,0,0,0,255,255,255,69,4526.979,Pugeuk,R,6,91,-0.765,-0.782,0,269.673,0,0,0,0,4,4,R,인생최패망자,190,89,0,0,0,0,0,0,0,0,0,0,0,0.036,-38.245,0.042,-17.343,-21.276,-46.492,-12.818,-64.518,19.262,-50.844,11.629,-62.262,35.7,-81.8,0.632,-112.394,-33.583,-79.311,0,0,0,0,0,,0,0,0,0,0
137,6,0,6,9,0,1,2,0,0,0,255,255,255,70,4544.052,Pugeuk,R,6,93,-0.409,0.247,0,261.729,0,0,0,1,4,4,R,인생최패망자,190,89,0,0,0,0,0,0,0,0,0,0,0,0.061,-38.321,-0.013,-17.385,-21.174,-46.552,-12.885,-64.3,16.557,-47.712,11.621,-62.212,35.7,-81.8,0.275,-113.666,-33.598,-79.316,0,0,0,0,0,,0,0,0,0,0
138,6,0,6,9,0,2,2,0,0,0,255,255,255,71,4561.69,Pugeuk,R,10,109,1.636,-0.719,2,0,400,0,0,1,4,4,R,인생최패망자,190,89,4562.795,169,211,0,146,112,-59.404,50.714,0.936,-0.054,-0.121,0.068,-37.689,0.04,-17.536,-21.071,-46.567,-13.809,-64.241,23.518,-50.069,11.6,-62.096,35.7,-81.8,0.186,-114.427,-34.89,-82.014,4562.534,-0.24,-21.388,0,0,,0,0,0,0,3
139,6,0,6,9,0,2,2,0,0,0,255,255,255,72,4582.473,Pugeuk,R,0,125,0.239,1.667,2,47.707,-200,0,0,1,4,4,R,인생최패망자,190,89,4583.532,121,164,4,134,67,43.331,13.829,-0.945,-0.095,-0.056,-0.07,-37.686,0.053,-17.387,-21.4,-47.384,-13.826,-63.796,20.416,-45.403,12.314,-62.491,35.7,-81.8,-0.244,-115.586,-35.726,-82.098,0,0,0,4587.734,3,눈꽃,-11.092,-62.099,0,0,1
140,7,1,6,9,0,0,0,0,0,0,255,255,255,66,4624.652,Pring__,R,0,126,-0.617,0.351,2,0,0,0,0,1,3,2,R,소솨소솨,175,89,4625.571,131,223,41,145,61,7.3,-12.441,1,-0.137,-0.277,-0.806,-36.784,-0.041,-17.025,-23.985,-49.975,-15.341,-61.182,15.715,-47.184,12.483,-61.448,35.702,-81.801,-1.785,-115.153,-43.619,-83.942,4626.745,4.673,-41.893,4627.356,4,인생최패망자,5.726,-45.853,0,0,2
141,7,1,6,9,0,0,1,0,0,0,255,255,255,67,4665.428,Pring__,R,0,133,0.895,-0.738,0,201.531,-122.527,0,0,1,4,7,L,IllilliIIIIllil,174.5,89,0,0,0,0,0,0,0,0,0,0,0,-0.479,-37.919,0.258,-17.243,-22.053,-47.053,-1.635,-65.913,20.033,-44.997,13.912,-60.327,35.702,-81.802,-3.221,-110.706,-35.92,-86.381,0,0,0,0,0,,0,0,0,0,0
142,7,1,6,9,0,1,1,0,0,0,255,255,255,68,4683.425,Pring__,R,0,128,-0.663,0.811,2,159.744,-200,0,0,1,4,7,L,IllilliIIIIllil,174.5,89,4684.548,176,127,22,139,64,45.317,9.87,-0.629,0.023,-0.083,-0.411,-36.917,0.097,-17.372,-22.008,-47.112,-0.827,-66.271,20.253,-46.248,14.536,-61.556,35.702,-81.801,-7.199,-112.16,-36.203,-86.221,0,0,0,4688.989,3,Gonyong,-6.741,-59.964,0,0,1
143,7,1,6,9,0,0,2,0,0,0,255,255,255,69,4715.005,Pring__,R,13,102,0.84,-0.867,2,-335.612,344.969,0,0,1,5,0,R,Pugeuk,160,89,4716.078,196,163,14,145,82,-61.499,62.233,0.98,-0.046,-0.09,-0.198,-36.936,0.071,-17.17,-24.777,-48.373,-11.599,-62.909,17.068,-47.044,11.285,-63.792,35.702,-81.801,-5.604,-110.586,-40.211,-86.827,4715.778,-0.465,-21.296,4722.445,3,Gonyong,-32.993,-58.146,1,0,2
144,7,1,6,9,0,0,2,1,0,0,0,255,255,70,4754.697,Pring__,R,0,129,0.956,0.673,0,181.644,-200,0.298,-18.095,0,6,3,L,눈꽃,186.797,89,0,0,0,0,0,0,0,0,0,0,0,-0.345,-37.91,0.96,-17.972,-18.956,-39.617,-4.192,-61.289,19.501,-43.72,13.994,-62.061,35.7,-81.8,-7.56,-119.369,-43.509,-91.764,0,0,0,0,0,,0,0,0,0,0
145,7,1,6,9,0,1,2,1,0,0,0,255,255,71,4788.674,Pring__,R,14,94,1.946,-0.291,1,301.948,353.763,0,0,0,6,3,L,눈꽃,186.797,89,0,0,0,0,0,0,0,0,0,0,0,-0.072,-37.509,0.722,-17.532,-18.942,-39.57,-2.82,-61.006,19.248,-44.376,14.066,-62.018,35.7,-81.8,-7.057,-112.545,-43.104,-91.378,0,0,0,0,0,,0,0,0,0,0
146,7,1,7,9,1,1,2,0,0,0,255,255,255,72,4861.689,Pring__,R,0,128,-0.014,0.598,0,156.087,-200,0,0,0,6,3,L,눈꽃,186.797,89,0,0,0,0,0,0,0,0,0,0,0,-0.274,-37.725,0.084,-16.906,-25.799,-49.618,-8.704,-64.961,20.164,-43.35,12.934,-60.929,35.7,-81.8,-0.391,-118.212,-34.687,-87.03,0,0,0,0,0,,0,0,0,0,0
147,7,1,7,9,1,2,2,0,0,0,255,255,255,73,4881.772,Pring__,R,13,98,-0.046,-0.682,2,-236.708,400,0,0,0,6,3,L,눈꽃,186.797,89,4883.071,162,170,21,142,130,36.109,24.546,0.653,0.035,0.047,-0.315,-37.029,0.218,-16.981,-25.635,-49.599,-7.629,-66.857,19.826,-45.354,14.192,-61.601,35.7,-81.8,-7.301,-115.072,-33.692,-89.871,4888.667,-63.712,-119.122,0,0,,0,0,0,0,4
148,7,1,8,9,0,0,2,0,0,0,255,255,255,74,4927.142,Pring__,R,0,121,1.914,-0.44,2,250,-200,0,0,1,7,8,R,ByeolBam,174.5,89,4928.072,179,151,26,143,64,43.409,-45.568,-1,-0.074,-0.155,-0.617,-36.715,-0.232,-17.259,-23.251,-48.059,-14.577,-62.317,17.178,-48.663,12.301,-63.31,35.7,-81.8,-11.586,-116.73,-41.976,-90.199,4934.656,43.526,-64.093,4934.656,-1,AI,43.421,-63.989,1,0,0
149,7,1,8,9,0,0,2,1,0,0,8,255,255,75,4961.017,Pring__,R,0,133,-1.776,0.245,2,207.467,-200,0,0,1,0,5,L,˗ˋˏ 카피 ˎˊ˗,168,89,4962.012,176,103,6,134,63,44.557,-42.366,-0.939,0.063,-0.088,-0.441,-36.88,-0.353,-17.164,-18.682,-39.674,-4.059,-60.974,19.486,-44.412,15.677,-61.249,35.702,-81.801,-3.568,-110.591,-36.385,-81.579,0,0,0,4966.234,4,인생최패망자,29.018,-51.905,0,0,1
150,7,0,8,9,0,0,0,0,0,0,255,255,255,73,5015.388,Pugeuk,R,6,94,3.348,0.351,4,348.368,0,0,0,1,5,4,L,Pring__,179.5,85,0,0,0,0,0,0,0,0,0,0,0,0.115,-38.137,0.189,-17.397,-21.336,-47.111,-13.714,-63.718,21.694,-46.122,9.732,-61.749,35.7,-81.8,0.032,-112.13,-37.912,-79.427,0,0,0,0,0,,0,0,0,0,0
151,7,0,8,9,0,1,0,0,0,0,255,255,255,74,5027.256,Pugeuk,R,0,125,-0.03,1.42,4,108.034,-166.188,0,0,1,5,4,L,Pring__,179.5,85,0,0,0,0,0,0,0,0,0,0,0,-0.081,-38.011,-0.024,-17.549,-21.408,-47.138,-13.536,-63.74,24.192,-49.909,9.729,-61.794,35.7,-81.8,0.084,-112.184,-38.261,-79.22,0,0,0,0,0,,0,0,0,0,0
152,7,0,8,9,0,2,0,0,0,0,255,255,255,75,5042.844,Pugeuk,R,10,108,0.489,-2.235,2,0,400,0,0,1,5,4,L,Pring__,179.5,85,5043.771,141,157,0,136,100,35.376,-48.971,0.952,0.02,-0.058,-0.131,-37.575,0.081,-17.353,-21.479,-47.12,-14.368,-63.927,24.237,-49.231,9.698,-61.588,35.7,-81.8,-0.016,-109.865,-37.624,-80.877,5048.022,63.27,-75.219,0,0,,0,0,0,0,3
153,7,0,8,9,0,2,0,0,0,0,255,255,255,76,5061.743,Pugeuk,R,7,99,1.734,-0.246,4,193.171,0,0,0,1,5,4,L,Pring__,179.5,85,0,0,0,0,0,0,0,0,0,0,0,0.005,-38.283,0.16,-17.473,-21.261,-45.54,-13.523,-63.9,23.505,-48.799,11.738,-62.906,35.7,-81.8,1.023,-108.889,-33.995,-83.177,0,0,0,0,0,,0,0,0,0,0
154,7,0,8,9,0,0,1,0,0,0,255,255,255,77,5088.989,Pugeuk,R,22,109,-0.821,0.622,2,-199.43,216.406,0,0,0,5,7,L,Sabo_10,184.5,89,5090.178,31,59,58,13,33,-58.719,-50.982,0.792,-0.01,-0.01,-0.202,-37.657,-0.067,-17.204,-21.055,-49.096,-13.863,-63.476,24.999,-50.242,11.767,-62.875,35.7,-81.8,1.043,-108.955,-38.511,-81.793,5090.045,0.605,-20.354,5093.833,0,Pugeuk,11.577,-30.531,0,0,3
155,7,0,8,9,0,1,1,0,0,0,255,255,255,78,5112.261,Pugeuk,R,6,106,2.436,-0.346,4,402.302,0,0,0,1,5,7,L,Sabo_10,184.5,49,0,0,0,0,0,0,0,0,0,0,0,-0.012,-38.226,0.258,-17.493,-20.565,-45.716,-13.903,-63.955,22.352,-47.273,13.337,-60.362,35.7,-81.8,0.946,-104.201,-39.184,-80.164,0,0,0,0,0,,0,0,0,0,0
156,7,0,8,9,0,2,1,0,0,0,255,255,255,79,5126.478,Pugeuk,R,0,122,0.359,1.951,4,100.386,-122.583,0,0,1,5,7,L,Sabo_10,184.5,49,0,0,0,0,0,0,0,0,0,0,0,-0.045,-36.125,0.137,-17.34,-20.818,-42.543,-14.335,-63.513,20.135,-45.544,11.722,-61.395,35.7,-81.8,1.126,-106.386,-39.198,-80.169,0,0,0,0,0,,0,0,0,0,0
157,7,0,8,9,0,0,2,0,0,0,255,255,255,80,5154.212,Pugeuk,R,10,113,-1.211,-1.302,1,0,400,0,0,0,6,5,R,bdg06213,190,42,0,0,0,0,0,0,0,0,0,0,0,-0.083,-38.11,-0.141,-17.366,-21.149,-47.038,-15.778,-63.802,18.502,-47.444,12.533,-61.719,35.7,-81.8,0.613,-109.19,-39.13,-80.026,0,0,0,0,0,,0,0,0,0,0
158,7,0,8,9,1,0,2,0,0,0,255,255,255,81,5168.247,Pugeuk,R,3,114,0.576,0.232,2,-348.108,19.442,0,0,1,6,5,R,bdg06213,190,42,5169.369,131,191,0,140,89,35.371,14.235,-0.227,0.103,-0.136,-0.093,-37.74,0.007,-17.283,-21.084,-47.016,-15.729,-63.615,24.265,-48.98,12.544,-61.66,35.7,-81.8,0.733,-109.162,-39.134,-80.063,5174.022,-23.688,-85.897,5174.167,8,ByeolBam,-23.027,-84.208,0,0,1
159,8,1,8,9,0,0,0,0,0,0,255,255,255,76,5261.153,Gonyong,R,13,93,-1.018,0.696,2,-292.433,336.847,0,0,1,1,1,L,M_lunatic,190,89,5262.404,117,189,68,141,67,35.301,9.254,1,0.06,-0.1,-0.1,-37.382,-0.059,-17.202,-22.408,-47.05,-14.987,-62.439,22.959,-47.764,15.424,-61.584,35.702,-81.802,-3.283,-113.799,-35.702,-81.802,0,0,0,5266.833,3,ke ro,-8.494,-69.908,0,0,1
160,8,1,8,9,0,0,1,0,0,0,255,255,255,77,5289.765,Gonyong,R,0,104,1.874,0.189,1,53.464,-200,0,0,0,2,4,R,_이누_,190,89,0,0,0,0,0,0,0,0,0,0,0,-0.248,-37.945,0.053,-17.364,-25.03,-49.901,-16.197,-63.249,22.287,-47.587,13.156,-61.324,35.702,-81.802,-10.74,-112.566,-35.702,-81.802,0,0,0,0,0,,0,0,0,0,0
161,8,1,8,9,1,0,1,0,0,0,255,255,255,78,5309.574,Gonyong,R,13,101,-0.303,-1.365,1,-340.001,335.976,0,0,0,2,4,R,_이누_,190,89,0,0,0,0,0,0,0,0,0,0,0,0.042,-37.799,-0.03,-17.176,-25.03,-49.67,-16.152,-63.181,22.339,-47.642,13.26,-61.389,35.702,-81.802,-8.497,-112.1,-35.702,-81.802,0,0,0,0,0,,0,0,0,0,0
162,8,1,8,9,2,0,1,0,0,0,255,255,255,79,5326.789,Gonyong,R,10,105,0.355,-1.29,1,0,400,0,0,0,2,4,R,_이누_,190,89,0,0,0,0,0,0,0,0,0,0,0,-0.174,-38.017,0.023,-17.184,-25.197,-49.761,-16.156,-63.18,22.338,-47.636,13.254,-61.35,35.702,-81.802,-5.422,-112.924,-35.702,-81.802,0,0,0,0,0,,0,0,0,0,0
163,8,1,8,9,3,0,1,0,0,0,255,255,255,80,5345.835,Gonyong,R,0,101,0.213,0.439,0,-43.179,-200,0,0,0,2,4,R,_이누_,190,89,0,0,0,0,0,0,0,0,0,0,0,0.05,-37.663,-0.093,-16.948,-25.104,-49.577,-16.136,-63.117,22.332,-47.643,13.271,-61.43,35.702,-81.802,-6.193,-117.968,-35.702,-81.802,0,0,0,0,0,,0,0,0,0,0
164,8,1,8,9,3,1,1,0,0,0,255,255,255,81,5362.847,Gonyong,R,0,128,-1.059,-0.365,0,46.253,-200,0,0,0,2,4,R,_이누_,190,89,0,0,0,0,0,0,0,0,0,0,0,0.008,-38.002,-0.225,-17.072,-25.031,-49.58,-16.128,-63.102,22.335,-47.643,13.02,-61.512,35.702,-81.802,-6.605,-117.365,-35.702,-81.802,0,0,0,0,0,,0,0,0,0,0
165,8,1,8,9,3,2,1,0,0,0,255,255,255,82,5378.577,Gonyong,R,13,97,0.876,0.142,2,-309.164,356.485,0,0,1,2,4,R,_이누_,190,89,5379.654,165,198,25,144,69,-81.114,78.873,-0.539,-0.024,-0.133,0.032,-37.366,-0.125,-17.058,-25.219,-49.745,-16.11,-63.077,22.336,-47.649,13.191,-61.367,35.702,-81.801,-6.577,-117.414,-35.702,-81.801,5379.389,-0.669,-21.176,0,0,,0,0,0,0,3
166,8,1,8,9,3,2,1,0,0,0,255,255,255,83,5397.81,Gonyong,R,13,90,-0.868,1.426,1,-308.391,328.527,-0.483,-17.917,0,2,4,R,_이누_,190,58,0,0,0,0,0,0,0,0,0,0,0,0.338,-38.022,-0.323,-17.101,-24.333,-48.386,-14.764,-63.357,21.067,-47.057,12.19,-62.001,35.7,-81.8,-7.299,-112.507,-35.7,-81.8,0,0,0,0,0,,0,0,0,0,5
167,8,1,8,9,0,0,1,1,0,0,4,255,255,84,5431.456,Gonyong,R,10,101,-0.662,-1.552,4,-58.619,400,0,0,1,3,2,R,소솨소솨,174.8,89,0,0,0,0,0,0,0,0,0,0,0,0,-38.025,-0.457,-17.222,-18.54,-39.724,-13.239,-63.476,21.74,-47.427,14.021,-63.13,35.702,-81.802,-4.696,-104.503,-35.702,-81.802,0,0,0,0,0,,0,0,0,0,0
168,8,1,8,9,0,1,1,1,0,0,4,255,255,85,5448.58,Gonyong,R,13,97,0.308,-0.169,0,-312.618,352.588,-0.316,-17.381,1,3,2,R,소솨소솨,174.8,89,0,0,0,0,0,0,0,0,0,0,0,-0.199,-38.164,-0.086,-17.501,-18.539,-39.711,-13.662,-62.987,21.774,-47.457,13.992,-62.985,35.7,-81.8,-4.221,-104.716,-35.7,-81.8,0,0,0,0,0,,0,0,0,0,0
169,8,1,8,9,0,2,1,1,0,0,4,255,255,86,5464.597,Gonyong,R,0,126,-0.558,0.514,2,81.314,-200,0,0,1,3,2,R,소솨소솨,174.8,89,5465.536,148,205,33,144,110,44.368,-44.758,0.125,-0.185,-0.202,-0.106,-37.118,-0.041,-17.208,-18.514,-39.716,-8.789,-61.376,21.742,-47.429,8.121,-62.627,35.702,-81.801,-4.411,-107.511,-35.702,-81.801,5472.333,58.182,-96.264,5472.327,-1,AI,58.301,-96.328,1,0,0
170,8,1,9,9,0,0,1,0,1,0,255,6,255,87,5517.627,Gonyong,R,0,99,-0.823,0.612,0,74.666,-134.51,0,0,0,4,7,L,IllilliIIIIllil,174.5,89,0,0,0,0,0,0,0,0,0,0,0,-0.019,-38.061,-0.183,-17.05,-19.058,-44.148,-10.664,-64.58,21.367,-44.039,15.082,-61.393,35.702,-81.802,-1.476,-103.246,-35.702,-81.802,0,0,0,0,0,,0,0,0,0,0
171,8,1,9,9,0,1,1,0,1,0,255,6,255,88,5535.366,Gonyong,R,4,91,-1.554,-0.343,4,-189.21,0,0,0,1,4,7,L,IllilliIIIIllil,174.5,89,0,0,0,0,0,0,0,0,0,0,0,-0.071,-37.871,-0.409,-17.039,-19.048,-44.137,-6.784,-62.421,21.366,-44.054,15.332,-61.32,35.702,-81.802,-5.232,-108.219,-35.702,-81.802,0,0,0,0,0,,0,0,0,0,0
172,8,1,9,9,0,2,1,0,1,0,255,6,255,89,5559.696,Gonyong,R,3,99,-1.063,0.035,0,-359.917,0,0,0,1,4,7,L,IllilliIIIIllil,174.5,89,0,0,0,0,0,0,0,0,0,0,0,-0.216,-37.902,-0.082,-17.09,-19.421,-41.599,-8.503,-61.252,20.893,-41.906,14.211,-61.493,35.702,-81.802,-3.507,-105.829,-35.702,-81.802,0,0,0,0,0,,0,0,0,0,0
173,8,1,9,9,0,0,2,0,1,0,255,6,255,90,5589.308,Gonyong,R,3,92,-0.508,1.654,2,-337.377,1.255,0,0,1,5,0,R,Pugeuk,160,89,5590.41,138,132,15,135,113,42.016,-28.014,0.869,-0.048,-0.068,-0.144,-37.443,-0.127,-17.22,-23.182,-48.065,-10.464,-64.147,21.365,-44.188,14.306,-61.559,35.702,-81.801,-5.684,-107.942,-35.702,-81.801,5598.634,37.311,-115.444,5598.63,-1,AI,37.357,-115.487,1,0,0
174,8,1,10,9,0,0,2,0,0,1,255,255,0,91,5679.279,Gonyong,R,0,105,-0.952,0.486,0,100.023,-200,0,0,0,6,3,L,눈꽃,186.797,89,0,0,0,0,0,0,0,0,0,0,0,-0.105,-37.964,0.347,-17.001,-21.623,-44.216,-10.651,-64.289,21.42,-43.961,14.356,-59.942,35.7,-81.8,-1.077,-111.364,-35.7,-81.8,0,0,0,0,0,,0,0,0,0,0
175,8,1,10,9,0,1,2,0,0,1,255,255,0,92,5698.173,Gonyong,R,3,87,-2.335,3.138,1,-316.92,0,-2.506,-5.427,0,6,3,L,눈꽃,186.797,89,0,0,0,0,0,0,0,0,0,0,0,-0.194,-37.86,-0.111,-16.131,-20.688,-43.741,-12.308,-63.133,20.051,-41.115,14.36,-59.966,35.7,-81.8,-4.736,-112.023,-35.7,-81.8,0,0,0,0,0,,0,0,0,0,0
176,8,1,11,9,1,1,2,0,0,0,255,255,255,93,5730.923,Gonyong,R,4,96,-1.305,1.413,2,-191.633,0,0,0,0,6,3,L,눈꽃,186.797,89,5732.198,152,187,25,142,66,99.692,-63.568,-0.663,0.035,0.034,-0.308,-37.265,-0.022,-16.707,-21.375,-45.332,-13.47,-63.32,23.504,-48.096,13.293,-60.865,35.7,-81.8,-0.748,-107.293,-35.7,-81.8,5736.956,-21.583,-10.266,0,0,,0,0,0,0,3
177,8,1,11,9,1,2,2,0,0,0,255,255,255,94,5758.115,Gonyong,R,14,100,1.24,-1.548,4,173.644,400,0,0,0,6,3,L,눈꽃,186.797,89,0,0,0,0,0,0,0,0,0,0,0,0.091,-38.055,0.448,-16.896,-20.992,-43.713,-14.9,-64.043,23.941,-47.325,13.316,-61.238,35.7,-81.8,-1.627,-109.532,-35.7,-81.8,0,0,0,0,0,,0,0,0,0,0
178,8,0,11,9,0,0,0,0,0,0,255,255,255,82,5854.335,_이누_,R,10,109,0.491,-1.39,2,0,400,0,0,1,0,1,L,NABIMan,190,37,5855.353,220,138,44,150,130,15.542,-18.334,0.619,-0.05,-0.022,-0.451,-37.067,0.055,-17.278,-19.555,-46.093,-15.312,-63.444,21.527,-47.923,12.447,-60.739,35.7,-81.8,1.565,-121.277,-40.013,-87.527,5861.012,37.653,-100.649,5861.012,-1,AI,37.864,-100.841,1,0,0
179,8,0,11,9,0,0,0,0,1,0,255,10,255,83,5919.893,_이누_,R,0,115,0.467,0.33,0,-20.154,0,0,0,1,1,2,L,Fresh825,172.9,89,0,0,0,0,0,0,0,0,0,0,0,-0.316,-37.456,0.111,-17.843,-21.115,-45.191,-0.16,-59.065,20.323,-43.045,14.335,-60.055,35.7,-81.8,3.495,-118.939,-33.382,-83.283,0,0,0,0,0,,0,0,0,0,0
180,8,0,11,9,0,1,0,0,1,0,255,10,255,84,5942.702,_이누_,R,0,135,-0.924,-1.048,2,0,0,0,0,1,1,2,L,Fresh825,172.9,89,5943.719,107,90,0,112,87,-60.045,48.81,0.926,0.097,-0.09,-0.409,-36.912,0.053,-17.65,-20.564,-47.361,-2.311,-60.408,21.447,-47.632,14.488,-58.838,35.7,-81.8,3.388,-118.922,-34.911,-83.654,5943.456,-0.462,-19.394,5946.067,2,소솨소솨,-23.122,-39.211,0,0,2
181,8,0,11,9,0,2,0,0,1,0,255,10,255,85,5966.09,_이누_,R,0,133,1.22,2.997,1,0,0,0,0,0,1,2,L,Fresh825,172.9,48,0,0,0,0,0,0,0,0,0,0,0,0.159,-35.2,-0.144,-17.389,-20.359,-46.45,-4.764,-60.298,20.763,-43.828,15.18,-59.654,35.7,-81.8,1.791,-121.022,-35.327,-83.707,0,0,0,0,0,,0,0,0,0,0
182,8,0,11,9,1,2,0,0,1,0,255,10,255,86,5988.117,_이누_,R,10,111,-0.38,-2.762,2,0,400,-0.07,-20.47,1,1,2,L,Fresh825,172.9,48,5989.22,69,187,0,94,87,-42.733,16.391,0.666,0.176,-0.192,-0.517,-36.772,0.04,-17.822,-21.982,-48.252,-2.285,-60.561,21.183,-47.025,15.246,-59.545,35.708,-81.807,2.455,-121.02,-35.305,-83.671,5991.067,-6.736,-45.908,5991.967,3,눈꽃,-8.507,-52.776,0,0,2
183,8,0,11,9,0,0,1,0,0,1,255,255,10,87,6033.035,_이누_,R,0,140,-0.427,-0.335,0,0,0,0,0,0,2,3,R,ke ro,160,90,0,0,0,0,0,0,0,0,0,0,0,-0.221,-37.394,0.103,-18.066,-21.047,-47.943,-10.149,-62.489,20.274,-42.119,15.685,-59.578,35.7,-81.8,-0.038,-110.488,-36.01,-81.829,0,0,0,0,0,,0,0,0,0,0
184,8,0,11,9,0,1,1,0,0,1,255,255,10,88,6054.499,_이누_,R,3,95,2.256,0.469,1,-344.084,0,0,0,0,2,3,R,ke ro,160,90,0,0,0,0,0,0,0,0,0,0,0,0.045,-37.354,0.148,-18.106,-21.065,-48.001,-11.979,-61.87,20.054,-42.451,14.884,-59.06,35.7,-81.8,0.669,-111.937,-36.018,-81.843,0,0,0,0,0,,0,0,0,0,0
185,8,0,11,9,1,1,1,0,0,1,255,255,10,89,6072.116,_이누_,R,0,117,1.075,0.252,2,0,33.719,0,0,1,2,3,R,ke ro,160,90,6073.285,156,174,3,140,119,36.178,40.45,0.269,0.023,-0.035,-0.036,-37.024,0.035,-18.264,-21.104,-47.889,-13.327,-64.664,20.443,-46.03,15.997,-59.895,35.7,-81.8,0.845,-111.955,-36.655,-81.46,6078.234,-74.815,-85.647,0,0,,0,0,0,0,3
186,8,0,11,10,1,2,1,0,0,0,255,255,255,90,6119.694,_이누_,R,0,136,0.194,1.518,1,0,0,0,0,0,2,3,R,ke ro,160,90,0,0,0,0,0,0,0,0,0,0,0,-0.17,-37.356,0.188,-17.131,-20.303,-47.869,-14.504,-63.331,21.491,-47.915,11.775,-62.44,35.7,-81.8,0.163,-114.319,-38.364,-83.169,0,0,0,0,0,,0,0,0,0,0
187,8,0,11,10,2,2,1,0,0,0,255,255,255,91,6155.336,_이누_,R,11,120,-0.235,-0.442,2,-1.146,241.474,0,0,1,2,3,R,ke ro,160,90,6156.421,161,138,0,136,119,-21.77,-31.384,0.458,-0.009,-0.07,-0.63,-36.789,0.06,-17.338,-20.382,-47.868,-14.663,-63.522,21.407,-48.641,13.207,-61.191,35.7,-81.8,0.574,-115.935,-39.924,-85.528,6158.978,33.461,-77.265,6158.978,-1,AI,32.896,-76.222,1,0,0
188,8,0,11,10,0,0,1,1,0,0,12,255,255,92,6194.84,_이누_,R,0,140,-0.313,-0.525,2,0,0,0,0,1,3,0,R,Gonyong,176.1,89,6195.878,154,108,18,133,99,35.527,45.986,-0.005,-0.051,-0.041,-0.231,-36.869,0.01,-17.582,-20.709,-42.89,-11.031,-64.329,18.894,-46.905,11.619,-62,35.7,-81.8,1.93,-115.985,-40.097,-82.317,6200.345,-69.517,-67.649,0,0,,0,0,0,0,0
189,8,0,11,10,0,1,1,1,0,0,12,255,255,93,6224.059,_이누_,R,0,140,-0.836,-0.841,2,0,0,0,0,1,3,0,R,Gonyong,176.1,45,6225.099,139,126,13,134,86,29.245,31.768,-0.211,-0.07,-0.058,-0.192,-36.704,0.048,-17.365,-20.665,-43.128,-12.693,-62,19.724,-48.698,13.037,-61.97,35.7,-81.8,-0.479,-114.589,-37.478,-81.968,0,0,0,6229.567,8,ByeolBam,-42.133,-75.947,0,0,1
190,8,0,11,10,0,0,2,1,0,0,12,255,255,94,6302.713,_이누_,R,14,97,2.508,-2.07,1,323.901,339.239,0.532,-19.373,0,4,4,L,Pring__,179.5,89,0,0,0,0,0,0,0,0,0,0,0,0.04,-37.326,0.272,-17.634,-21.581,-43.857,-10.487,-63.74,20.048,-44.605,13.123,-61.857,35.7,-81.8,1.16,-114.411,-37.055,-81.007,0,0,0,0,0,,0,0,0,0,0
191,8,0,11,10,1,0,2,1,0,0,12,255,255,95,6322.843,_이누_,R,0,133,-0.684,-0.743,2,0,0,0,0,1,4,4,L,Pring__,179.5,89,6323.688,132,119,0,132,65,23.566,32.214,-0.956,-0.018,-0.066,-0.313,-36.824,-0.024,-17.321,-21.477,-48.699,-14.415,-63.574,20.975,-48.442,11.872,-61.79,35.708,-81.807,1.224,-114.406,-37.057,-81.073,0,0,0,6326.289,2,소솨소솨,-20.238,-49.691,0,0,1