id,inn,half,ball,strk,out,b1,b2,b3,b1Idx,b2Idx,b3Idx,pCnt,pSec,pName,pType,spdK,zoneX,zoneY,call,sH,sV,plx,plz,bSwing,bIdx,bPos,bName,bHCm,bFps,hSec,rotS,shS,lgS,batSpd,ev,ldeg,sdeg,hPos,PPosX,PPosY,CPosX,CPosY,1BPosX,1BPosY,2BPosX,2BPosY,3BPosX,3BPosY,SSPosX,SSPosY,LFPosX,LFPosY,CFPosX,CFPosY,RFPosX,RFPosY,ltSec,lx,lz,cSec,cPos,cPlr,cx,cz,1BSafe,result
1,1,1,0,0,0,0,0,0,255,255,255,0,268.157,Pugeuk,3,112,-2.864,0.186,1,-485.117,0,-1.084,-17.629,0,0,5,coder_,160,95,0,0,0,0,0,0,0,0,0,-0.1,-38.045,-0.7,-17.209,-21.09,-52.659,-10.994,-62.984,17.276,-50.918,9.07,-65.318,42.753,-89.377,2.966,-110.342,-12.757,-22.56,0,0,0,0,0,,0,0,0,0
2,1,1,1,0,0,0,0,0,255,255,255,1,288.802,Pugeuk,1,111,-1.939,-0.757,4,0,0,0,0,1,0,5,coder_,160,95,0,0,0,0,0,0,0,0,0,-0.014,-38.069,-0.072,-17.356,-21.284,-51.986,-10.802,-63.81,18.37,-49.592,9.144,-65.475,43.195,-89.712,3.035,-106.8,-12.765,-22.556,0,0,0,0,0,,0,0,0,0
3,1,1,1,1,0,0,0,0,255,255,255,2,308.136,Pugeuk,12,120,0.619,-1.073,2,0,95.411,0,0,1,0,5,coder_,160,93,309.22,88,97,6,124,118,-62.987,-50.134,0.538,-0.188,-37.011,0.102,-17.53,-22.19,-53.059,-10.872,-63.787,19.763,-50.889,9.127,-65.545,43.201,-89.712,1.559,-107.73,-12.337,-21.284,309.092,0.379,-19.946,0,0,,0,0,0,0
4,1,1,1,2,0,0,0,0,255,255,255,3,334.454,Pugeuk,0,126,0.554,0.641,2,17.701,-83.81,0,0,1,0,5,coder_,160,93,335.516,92,125,13,138,61,-21.191,35.744,-0.58,-0.267,-36.983,-0.018,-17.209,-21.475,-49.506,-13.47,-61.394,21.93,-49.853,9.699,-66.616,37.647,-91.2,4.349,-103.831,-12.368,-21.134,335.558,-1.564,-22.679,338.103,2,Yaksok~,-16.99,-42.593,0,2
5,1,1,0,0,1,0,0,0,255,255,255,4,363.683,Pugeuk,14,108,2.543,-0.944,1,380.679,315.7,0,0,0,1,2,IllilliIIIIllil,174.5,93,0,0,0,0,0,0,0,0,0,0.041,-38.103,0.202,-17.328,-19.888,-49.555,-13.802,-61.053,25.163,-48.362,14.57,-63.74,52.865,-74.609,10.142,-101.941,-13.28,-22.183,0,0,0,0,0,,0,0,0,0
6,1,1,1,0,1,0,0,0,255,255,255,5,380.445,Pugeuk,0,123,1.179,-0.256,2,-7.19,0,0,0,1,1,2,IllilliIIIIllil,174.5,93,381.512,96,139,158,152,110,25.361,-46.394,0.901,-0.269,-37.27,0.138,-17.411,-20.472,-49.291,-13.992,-61.006,24.916,-49.173,14.619,-63.751,44.22,-79.792,9.604,-104.126,-12.903,-21.82,385.547,72.551,-74.66,0,0,,0,0,0,3
7,1,1,1,1,1,0,0,0,255,255,255,6,401.973,Pugeuk,14,104,3.325,-1.317,1,369.138,312.348,0.855,-17.565,0,1,2,IllilliIIIIllil,174.5,92,0,0,0,0,0,0,0,0,0,-0.164,-38.104,0.581,-17.367,-21.94,-48.399,-13.494,-61.875,23.997,-47.994,15.611,-63.509,57.658,-78.699,15.849,-107.739,-13.115,-21.585,0,0,0,0,0,,0,0,0,0
8,1,1,2,1,1,0,0,0,255,255,255,7,417.752,Pugeuk,0,130,-1.023,0.754,2,39.506,-124.491,0,0,1,1,2,IllilliIIIIllil,174.5,92,418.833,106,156,90,153,127,-18.247,21.055,0.449,-0.375,-37.099,-0.188,-17.298,-21.914,-48.914,-10.468,-64.084,23.89,-48.246,15.858,-63.335,56.548,-78.25,6.055,-105.4,-13.099,-21.597,418.736,-1.463,-24.022,426.481,7,jdw4469,-21.681,-114.727,1,2
9,1,1,0,0,1,0,1,0,255,2,255,8,457.355,Pugeuk,10,111,-0.838,-1.256,2,0,400,0,0,1,2,3,mochi_2929,184.1,28,458.565,105,214,54,151,100,-37.373,-49.52,0.939,-0.105,-37.466,-0.208,-17.408,-20.519,-47.718,-12.198,-58.868,21.665,-46.397,10.433,-65.491,45.153,-91.345,8.609,-107.99,-11.718,-22.29,458.503,0.492,-20.6,0,0,,0,0,0,3
10,1,1,0,1,1,0,1,0,255,2,255,9,476.314,Pugeuk,3,107,1.47,1.781,1,-398.128,0,0.189,-18.208,0,2,3,mochi_2929,184.1,28,0,0,0,0,0,0,0,0,0,-0.004,-37.67,0.019,-17.186,-20.318,-46.681,-13.879,-61.764,22.051,-45.373,11.229,-65.675,47.091,-85.005,10.839,-106.161,-11.904,-22.257,0,0,0,0,0,,0,0,0,0
11,1,1,1,1,1,0,1,0,255,2,255,10,497.69,Pugeuk,0,126,-1.852,0.663,1,33.178,-170.34,0,0,0,2,3,mochi_2929,184.1,28,0,0,0,0,0,0,0,0,0,-0.278,-37.98,1.09,-18.642,-20.585,-46.695,-14.156,-61.686,21.98,-44.658,14.367,-64.538,46.685,-84.461,8.464,-105.938,-11.711,-21.951,0,0,0,0,0,,0,0,0,0
12,1,1,2,1,1,0,0,1,255,255,2,11,519.217,Pugeuk,0,125,-1.28,0.773,2,60.435,-119.298,0,0,1,2,3,mochi_2929,184.1,28,520.417,102,178,69,151,66,16.603,4.481,-0.679,-0.335,-37.446,-0.187,-17.391,-20.066,-48.528,-13.582,-61.516,23.372,-47.41,12.225,-65.49,46.117,-82.405,8.148,-104.733,-11.793,-22.181,522.88,-1.528,-59.139,525.858,7,jdw4469,-1.31,-82.766,1,2
13,1,1,0,0,1,1,0,0,3,255,255,12,555.908,Pugeuk,10,103,1.025,1.499,1,-0.034,400,0.86,-17.162,0,3,4,_Chun,190,92,0,0,0,0,0,0,0,0,0,-0.085,-37.826,0.313,-17.11,-18.728,-45.74,-7.85,-61.291,22.474,-45.593,14.974,-64.19,42.533,-80.357,7.181,-101.606,-1.185,-20.243,0,0,0,0,0,,0,0,0,0
14,1,1,1,0,1,1,0,0,3,255,255,13,576.611,Pugeuk,0,119,0.094,-0.196,2,0,0,0,0,0,3,4,_Chun,190,92,577.597,118,130,12,141,88,1.834,1.806,0.959,-0.288,-37.19,0.142,-17.384,-19.717,-45.299,-4.871,-62.462,25.255,-47.007,13.83,-63.976,44.058,-84.433,5.937,-101.707,-1.02,-20.287,578.036,-0.565,-38.016,579.469,3,Penguin_iDOL,-1.762,-57.003,0,2
15,1,0,0,0,0,0,0,0,255,255,255,0,749.769,ゆっち一,0,140,-1.958,0.366,2,-65.465,-200,0,0,1,0,1,encounter v,190,48,750.768,96,158,0,139,67,47.731,55.101,-0.37,-0.19,-36.859,-0.083,-16.678,-23.685,-47.997,-10.055,-61,19.739,-49.147,15.763,-63.708,38.753,-92.019,5.927,-104.439,-44.322,-91.325,754.858,-40.176,-51.061,0,0,,0,0,0,3
16,1,0,0,1,0,0,0,0,255,255,255,1,769.745,ゆっち一,6,110,2.636,-0.068,4,448.423,0,0,0,1,0,1,encounter v,190,48,0,0,0,0,0,0,0,0,0,-0.06,-37.509,-0.112,-16.779,-23.441,-47.572,-11.206,-61.524,20.185,-48.563,15.262,-63.393,37.962,-90.853,-0.719,-104.825,-44.801,-86.048,0,0,0,0,0,,0,0,0,0
17,1,0,0,2,0,0,0,0,255,255,255,2,787.276,ゆっち一,0,140,-1.214,-2.529,1,0,0,-0.204,-23.344,0,0,1,encounter v,190,48,0,0,0,0,0,0,0,0,0,-0.077,-37.163,-0.179,-16.802,-23.499,-47.497,-11.471,-61.12,20.16,-48.628,15.058,-63.625,40.425,-92.411,-0.713,-105.945,-45.679,-87.436,0,0,0,0,0,,0,0,0,0
18,1,0,1,2,0,0,0,0,255,255,255,3,802.419,ゆっち一,0,140,-2.104,0.221,2,-17.323,-173.013,0,0,1,0,1,encounter v,190,48,803.464,87,108,0,127,66,42.528,-30.022,-0.792,-0.099,-36.848,-0.044,-16.69,-23.495,-47.579,-10.878,-60.877,19.897,-48.866,15.633,-63.787,40.214,-90.557,-0.787,-105.826,-45.945,-88.422,0,0,0,808.148,5,coder_,23.342,-60.698,0,1
19,1,0,0,0,1,0,0,0,255,255,255,4,868.763,ゆっち一,0,140,0.616,0.49,2,0,0,0,0,1,1,3,Penguin_iDOL,180.3,91,869.783,105,131,33,143,65,30.637,4.739,-0.923,-0.141,-36.836,-0.043,-16.968,-22.27,-45.918,-11.89,-62.079,22.222,-48.974,14.379,-64.003,32.741,-88.649,-3.465,-103.613,-44.391,-87.563,0,0,0,873.925,3,mochi_2929,-3.735,-65.254,0,1
20,1,0,0,0,2,0,0,0,255,255,255,5,901.708,ゆっち一,0,140,0.817,0.667,0,0,0,0,0,0,2,6,소솨소솨,170,91,0,0,0,0,0,0,0,0,0,-0.006,-37.268,0.022,-16.854,-22.785,-47.258,-10.974,-61.328,21.352,-48.018,16.325,-63.041,37.998,-89.249,-5.666,-99.504,-42.123,-84.433,0,0,0,0,0,,0,0,0,0
21,1,0,0,1,2,0,0,0,255,255,255,6,916.474,ゆっち一,0,140,0.274,-0.08,0,0,0,0,0,1,2,6,소솨소솨,170,91,0,0,0,0,0,0,0,0,0,-0.062,-37.106,-0.116,-16.923,-23.794,-47.883,-10.916,-61.399,21.537,-47.747,15.957,-63.21,38.002,-89.359,-6.478,-98.857,-42.709,-83.79,0,0,0,0,0,,0,0,0,0
22,1,0,0,2,2,0,0,0,255,255,255,7,932.019,ゆっち一,13,113,-1.905,-0.196,2,-407.764,289.359,0,0,1,2,6,소솨소솨,170,91,933.046,115,159,37,147,69,-35.404,15.454,1,-0.073,-37.007,-0.1,-16.955,-24.112,-47.908,-10.894,-60.773,21.335,-48.006,15.604,-63.196,37.99,-89.35,-5.948,-99.113,-42.612,-83.901,932.969,-0.662,-21.086,936.058,3,mochi_2929,-10.951,-52.049,0,2
23,2,1,0,0,0,0,0,0,255,255,255,14,978.262,Pugeuk,0,127,-0.336,0.872,2,24.475,-147.169,0,0,1,4,8,Sabo_10,184.7,90,979.334,117,136,15,142,130,56.95,-43.767,0.276,-0.448,-36.903,-0.109,-17.278,-21.1,-49.998,-9.746,-63.111,24.36,-49.603,13.844,-64.353,45.418,-89.257,20.297,-114.678,-12.504,-16.589,986.425,79.473,-81.451,0,0,,0,0,0,3
24,2,1,0,1,0,0,0,0,255,255,255,15,1002.666,Pugeuk,0,127,0.062,1.549,1,36.267,-127.441,0,0,0,4,8,Sabo_10,184.7,90,0,0,0,0,0,0,0,0,0,-0.202,-37.961,-0.061,-17.264,-21.149,-47.987,-8.297,-63.565,23.686,-47.864,16.321,-63.706,56.038,-82.958,25.195,-111.651,-9.565,-13.168,0,0,0,0,0,,0,0,0,0
25,2,1,1,1,0,0,0,0,255,255,255,16,1017.851,Pugeuk,10,116,0.782,-0.592,0,0,400,0,0,1,4,8,Sabo_10,184.7,90,0,0,0,0,0,0,0,0,0,-0.054,-37.843,-0.008,-17.245,-21.27,-49.157,-8.192,-63.56,21.013,-45.325,14.79,-63.789,57.91,-81.466,24.869,-110.364,-9.64,-13.039,0,0,0,0,0,,0,0,0,0
26,2,1,1,2,0,0,0,0,255,255,255,17,1035.888,Pugeuk,6,100,3.475,-0.605,4,446.39,0,0,0,1,4,8,Sabo_10,184.7,90,0,0,0,0,0,0,0,0,0,-0.234,-38.17,0.21,-17.256,-21.025,-45.787,-8.292,-63.582,21.548,-44.867,14.52,-63.985,51.892,-82.862,21.605,-109.14,-9.578,-13.099,0,0,0,0,0,,0,0,0,0
27,2,1,0,0,1,0,0,0,255,255,255,18,1061.551,Pugeuk,10,108,1.902,-0.358,2,0,400,0,0,1,5,1,Multeinn,190,90,1062.392,112,175,17,145,67,-83.872,-74.656,-0.481,-0.202,-37.087,0.087,-17.292,-20.009,-47.939,-13.853,-62.654,20.594,-46.218,13.713,-64.975,46.221,-90.208,-5.804,-107.867,-9.284,-13.99,1062.236,0.675,-20.719,0,0,,0,0,0,3
28,2,1,0,1,1,0,0,0,255,255,255,19,1082.211,Pugeuk,0,119,1.645,0.626,2,-25.949,0,0,0,1,5,1,Multeinn,190,55,1083.107,113,141,11,141,39,2.279,-23.939,-0.602,-0.145,-36.998,0.116,-17.263,-19.586,-47.946,-13.163,-61.406,22.991,-49.806,13.506,-64.897,46.222,-90.204,-5.078,-107.514,-9.287,-13.987,1083.77,4.238,-29.568,1086.559,4,_이누_,10.109,-48.23,0,2
29,2,1,0,0,2,0,0,0,255,255,255,20,1108.618,Pugeuk,6,101,3.776,0.204,1,459.091,0,0,0,0,6,6,눈꽃,174.6,90,0,0,0,0,0,0,0,0,0,0.062,-38.2,0.108,-17.197,-21.059,-46.736,-9.41,-63.43,23.469,-47.241,15.538,-63.169,46.282,-88.833,8.597,-103.803,-9.478,-13.628,0,0,0,0,0,,0,0,0,0
30,2,1,1,0,2,0,0,0,255,255,255,21,1125.851,Pugeuk,6,104,1.36,-0.031,0,341.019,0,0,0,1,6,6,눈꽃,174.6,90,0,0,0,0,0,0,0,0,0,0.04,-38.087,0.054,-17.126,-20.802,-46.552,-9.501,-63.419,23.023,-47.416,15.694,-63.042,47.386,-87.699,7.777,-103.902,-9.312,-13.892,0,0,0,0,0,,0,0,0,0
31,2,1,1,1,2,0,0,0,255,255,255,22,1141.685,Pugeuk,0,127,0.188,0.815,0,29.617,-152.034,0,0,0,6,6,눈꽃,174.6,90,0,0,0,0,0,0,0,0,0,-0.287,-37.801,0.108,-17.253,-20.532,-47.582,-9.91,-64.33,20.43,-46.76,14.733,-63.573,47.368,-87.719,-2.945,-103.638,-9.311,-13.902,0,0,0,0,0,,0,0,0,0
32,2,1,1,2,2,0,0,0,255,255,255,23,1161.415,Pugeuk,0,127,-0.248,0.187,2,77.734,-35.466,0,0,1,6,6,눈꽃,174.6,90,1162.488,87,128,40,140,64,40.813,-9.805,-0.791,-0.411,-37.361,-0.194,-17.228,-20.529,-47.97,-9.981,-64.495,23.427,-50.204,13.996,-64.649,47.381,-87.706,-3.603,-100.683,-9.367,-13.822,1167.036,7.829,-65.049,1167.192,5,Slaris,7.575,-63.584,0,1
33,2,0,0,0,0,0,0,0,255,255,255,8,1202.096,ゆっち一,0,139,-0.378,-0.166,2,-20.64,-200,0,0,1,3,5,Slaris,175.4,90,1203.004,103,237,46,150,78,50.724,45.814,-0.294,-0.005,-36.841,-0.047,-17.114,-24.882,-49.212,-10.795,-60.329,20.012,-45.59,15.1,-63.882,38.601,-84.186,-0.873,-107.5,-37.661,-85.817,0,0,0,1207.647,2,IllilliIIIIllil,-35.703,-59.396,0,1
34,2,0,0,0,1,0,0,0,255,255,255,9,1229.74,ゆっち一,13,118,-0.488,-1.24,1,-384.931,319.106,0,0,0,4,2,Yaksok~,173.1,90,0,0,0,0,0,0,0,0,0,-0.043,-37.213,-0.117,-17.069,-23.02,-47.546,-10.431,-60.394,19.765,-44.829,14.8,-64.183,39.081,-81.821,-2.22,-104.966,-42.929,-80.207,0,0,0,0,0,,0,0,0,0
35,2,0,1,0,1,0,0,0,255,255,255,10,1246.586,ゆっち一,0,140,-0.793,-0.117,2,1.239,-200,0,0,1,4,2,Yaksok~,173.1,90,1247.441,127,132,19,143,64,26.725,44.368,-0.999,-0.302,-36.821,-0.07,-17.042,-23.067,-47.587,-10.593,-61.924,19.84,-44.749,15.278,-64.051,37.524,-83.326,-2.202,-104.737,-45.206,-85.163,1250.125,-27.577,-46.496,1250.192,2,IllilliIIIIllil,-25.674,-44.645,0,1
36,2,0,0,0,2,0,0,0,255,255,255,11,1272.667,ゆっち一,0,140,0.297,0.073,0,-87.124,-109.035,0,0,0,5,4,_이누_,190,90,0,0,0,0,0,0,0,0,0,-0.135,-36.958,0.004,-17.004,-22.969,-47.181,-11.059,-60.965,20.522,-45.184,15.596,-63.622,33.958,-86.936,-3.873,-104.218,-44.397,-84.664,0,0,0,0,0,,0,0,0,0
37,2,0,0,1,2,0,0,0,255,255,255,12,1292.166,ゆっち一,0,140,0.226,0.42,0,-28.481,-200,0,0,1,5,4,_이누_,190,90,0,0,0,0,0,0,0,0,0,-0.072,-37.19,0.078,-17.354,-22.999,-47.159,-11.005,-60.885,20.631,-45.175,14.288,-63.056,36.334,-89.628,-8.008,-103.728,-44.9,-85.629,0,0,0,0,0,,0,0,0,0
38,2,0,0,2,2,0,0,0,255,255,255,13,1307.913,ゆっち一,0,140,-0.512,-2.529,1,0,0,-0.09,-22.002,0,5,4,_이누_,190,90,0,0,0,0,0,0,0,0,0,-0.122,-37.166,-0.042,-16.856,-23.04,-47.191,-11.185,-61.328,20.768,-46.755,15.235,-63.728,37.101,-86.826,-5.312,-102.72,-45.319,-86.172,0,0,0,0,0,,0,0,0,0
39,2,0,1,2,2,0,0,0,255,255,255,14,1323.605,ゆっち一,0,140,2.305,-0.553,2,0,0,0,0,1,5,4,_이누_,190,90,1324.449,104,82,4,112,67,-72.305,11.734,1,-0.169,-36.861,-0.071,-16.882,-23.021,-47.167,-10.854,-60.571,20.536,-47.041,15.705,-63.168,37.087,-86.827,-5.511,-102.508,-45.133,-86.72,1324.281,0.407,-19.131,1327.247,0,ゆっち一,-6.158,-32.489,0,2
40,3,1,0,0,0,0,0,0,255,255,255,24,1361.611,Pugeuk,3,107,0.932,1.057,0,-387.487,0,0,0,0,7,7,인생최패망자,174.7,90,0,0,0,0,0,0,0,0,0,0.014,-37.988,0.052,-17.316,-21.711,-50.651,-12.731,-62.151,24.42,-49.639,11.897,-65.636,40.696,-90.081,-5.926,-103.655,-14.095,-22.781,0,0,0,0,0,,0,0,0,0
41,3,1,0,1,0,0,0,0,255,255,255,25,1380.076,Pugeuk,5,118,-1.726,0.44,2,-101.503,0,0,0,1,7,7,인생최패망자,174.7,90,1381.171,107,151,2,140,126,38.623,20.647,0.451,-0.258,-37.096,-0.537,-17.331,-21.575,-50.956,-12.735,-62.161,24.293,-49.7,11.749,-65.496,40.691,-90.094,-6.499,-101.176,-14.032,-22.845,1387.403,-48.597,-119.326,0,0,,0,0,0,4
42,3,1,0,0,0,0,0,0,255,255,255,26,1428.739,Pugeuk,10,114,-0.767,-0.846,0,0,251.013,0,0,1,8,0,ゆっち一,190,89,0,0,0,0,0,0,0,0,0,-0.084,-37.949,-0.342,-17.412,-21.068,-49.278,-13.964,-61.292,22.646,-49.135,9.027,-66.004,40.392,-89.249,-3.138,-105.382,-16.977,-21.482,0,0,0,0,0,,0,0,0,0
43,3,1,0,1,0,0,0,0,255,255,255,27,1446.247,Pugeuk,3,99,-2.482,0.179,4,-364.16,0,0,0,1,8,0,ゆっち一,190,89,0,0,0,0,0,0,0,0,0,-0.108,-38.106,-0.195,-17.34,-21.091,-48.657,-14.004,-61.379,18.189,-48.91,6.687,-66.115,40.737,-90.185,-4.037,-105.452,-18.274,-21.406,0,0,0,0,0,,0,0,0,0
44,3,1,0,2,0,0,0,0,255,255,255,28,1464.704,Pugeuk,0,122,1.787,0.495,2,93.099,-93.336,0,0,1,8,0,ゆっち一,190,89,1465.783,80,97,48,112,66,42.735,1.182,-0.523,-0.012,-37.09,0.158,-17.316,-21.104,-48.671,-13.935,-61.288,21.783,-49.552,11.742,-65.179,40.76,-90.167,7.584,-105.835,-18.276,-21.432,0,0,0,1470.37,5,Slaris,0.673,-64.071,0,1
45,3,1,0,0,1,0,0,0,255,255,255,29,1491.291,Pugeuk,5,119,-0.737,0.341,2,-131.4,0,0,0,1,0,5,coder_,160,89,1492.383,102,131,61,147,61,9.248,-15.553,-0.541,-0.283,-37.292,-0.41,-17.327,-19.404,-47.238,-11.772,-62.011,23.985,-50.558,10.181,-64.975,40.747,-90.105,-5.771,-96.194,-18.142,-21.291,1493.614,5.398,-40.707,1495.27,5,Slaris,8.545,-57.533,1,2
46,3,1,0,0,1,1,0,0,5,255,255,30,1523.05,Pugeuk,6,105,0.156,0.075,0,364.465,0,0,0,0,1,2,IllilliIIIIllil,174.5,89,0,0,0,0,0,0,0,0,0,-0.099,-38.082,-0.486,-17.288,-18.951,-43.116,-3.293,-61.337,21.888,-47.003,13.862,-64.374,53.648,-79.513,5.011,-98.063,-18.715,-21.607,0,0,0,0,0,,0,0,0,0
47,3,1,0,1,1,1,0,0,5,255,255,31,1539.929,Pugeuk,10,103,-0.762,0.013,0,0,400,0,0,1,1,2,IllilliIIIIllil,174.5,89,0,0,0,0,0,0,0,0,0,-0.146,-38.124,0.261,-18.736,-20.475,-41.938,-1.245,-60.419,20.881,-44.388,8.927,-65.806,54.333,-76.358,4.8,-96.941,-18.667,-21.243,0,0,0,0,0,,0,0,0,0
48,3,1,0,2,1,0,1,0,255,5,255,32,1560.418,Pugeuk,0,131,0.557,0.134,2,75.853,-129.724,0,0,1,1,2,IllilliIIIIllil,174.5,89,1561.463,110,173,117,156,127,52.871,-39.909,0.477,-0.233,-36.928,0.041,-17.472,-19.293,-44.852,-9.863,-62.89,25.012,-48.578,14.253,-64.143,54.272,-76.322,9.535,-102.817,-18.638,-21.32,1568.247,62.685,-101.462,0,0,,0,0,0,4
49,3,1,0,0,1,0,0,0,255,255,255,33,1604.971,Pugeuk,6,107,-0.637,-0.051,0,469.083,67.186,0,0,1,2,3,mochi_2929,184.1,89,0,0,0,0,0,0,0,0,0,-0.063,-38.145,-0.1,-17.17,-19.934,-47.543,-8.974,-63.68,24.667,-48.055,12.198,-65.381,48.289,-87.057,7.105,-105.013,-18.306,-21.594,0,0,0,0,0,,0,0,0,0
50,3,1,0,1,1,0,0,0,255,255,255,34,1621.178,Pugeuk,14,107,1.878,-1.152,1,372.692,321.252,0,0,0,2,3,mochi_2929,184.1,89,0,0,0,0,0,0,0,0,0,0.008,-38.037,0.182,-17.117,-19.852,-48.009,-6.976,-65.007,21.418,-45.156,12.339,-65.35,48.229,-87.081,8.232,-103.612,-18.301,-21.411,0,0,0,0,0,,0,0,0,0
51,3,1,1,1,1,0,0,0,255,255,255,35,1637.6,Pugeuk,6,104,2.398,-0.396,4,413.855,39.447,0,0,1,2,3,mochi_2929,184.1,89,0,0,0,0,0,0,0,0,0,-0.044,-38.103,-0.169,-16.948,-19.859,-47.954,-7.039,-64.936,21.768,-47.71,12.124,-65.399,48.229,-87.088,8.079,-104.056,-18.391,-21.452,0,0,0,0,0,,0,0,0,0
52,3,1,1,2,1,0,0,0,255,255,255,36,1653.577,Pugeuk,0,127,0.453,1.666,2,70.145,-149.133,0,0,1,2,3,mochi_2929,184.1,89,1654.822,111,161,0,141,66,15.99,-0.886,-0.77,-0.026,-37.368,-0.192,-17.258,-19.884,-47.952,-8.066,-65.22,22.956,-47.689,12.059,-65.015,48.222,-87.094,4.585,-104.411,-18.354,-21.427,1657.37,2.41,-60.112,1657.792,5,Slaris,2.46,-60.905,0,2
53,3,1,0,0,2,0,0,0,255,255,255,37,1684.845,Pugeuk,0,88,0.075,-0.081,0,20.738,0,0,0,0,3,4,_Chun,190,89,0,0,0,0,0,0,0,0,0,-0.016,-37.734,0.175,-17.138,-20.979,-48.666,-9.143,-64.101,23.978,-47.736,14.669,-64.358,47.682,-87.39,16.095,-102.067,-1.128,-20.169,0,0,0,0,0,,0,0,0,0
54,3,1,0,1,2,0,0,0,255,255,255,38,1702.886,Pugeuk,0,124,0.034,1.419,4,115.332,-61.01,0,0,0,3,4,_Chun,190,89,0,0,0,0,0,0,0,0,0,-0.093,-37.839,0.486,-17.245,-21.19,-48.811,-9.086,-63.987,22.186,-47.528,13.711,-64.288,47.738,-87.359,4.674,-102.838,-1.262,-20.132,0,0,0,0,0,,0,0,0,0
55,3,1,0,2,2,0,0,0,255,255,255,39,1716.038,Pugeuk,0,125,-0.631,-0.027,2,90.518,-98.367,0,0,0,3,4,_Chun,190,89,1717.008,97,119,0,136,75,12.76,22.233,-0.219,-0.505,-36.904,-0.024,-17.356,-20.969,-48.905,-8.976,-64.073,23.382,-47.766,13.834,-64.77,47.649,-87.409,10.102,-103.73,-1.015,-20.214,1719.147,-12.147,-60.015,1719.38,3,Penguin_iDOL,-11.529,-57.677,0,1
56,3,0,0,0,0,0,0,0,255,255,255,15,1751.339,ゆっち一,0,140,0.233,0.488,0,-50.451,-200,0,0,1,6,7,jdw4469,173.2,89,0,0,0,0,0,0,0,0,0,-0.026,-37.116,-0.063,-16.83,-23.771,-47.509,-11.953,-59.779,22.086,-47.475,15.476,-63.478,36.83,-90.624,0.477,-108.849,-40.066,-83.101,0,0,0,0,0,,0,0,0,0
57,3,0,0,1,0,0,0,0,255,255,255,16,1766.069,ゆっち一,3,129,-3.407,-0.141,4,-383.404,48.159,0,0,1,6,7,jdw4469,173.2,89,0,0,0,0,0,0,0,0,0,-0.151,-37.136,-0.118,-16.787,-23.858,-47.534,-12.108,-60.424,22.026,-47.446,15.607,-63.437,37.032,-92.124,-1.514,-106.489,-39.44,-83.817,0,0,0,0,0,,0,0,0,0
58,3,0,0,2,0,0,0,0,255,255,255,17,1782.433,ゆっち一,10,115,1.576,-1.365,1,-5.412,400,0.301,-17.985,0,6,7,jdw4469,173.2,89,0,0,0,0,0,0,0,0,0,-0.088,-37.095,-0.019,-16.912,-23.841,-47.562,-12.23,-61.089,22.066,-47.352,13.134,-63.348,36.392,-92.815,-1.666,-106.117,-39.304,-83.993,0,0,0,0,0,,0,0,0,0
59,3,0,1,2,0,0,0,0,255,255,255,18,1799.983,ゆっち一,0,140,-0.061,0.837,0,-2.564,-160.833,0,0,0,6,7,jdw4469,173.2,89,0,0,0,0,0,0,0,0,0,-0.098,-37.033,-0.131,-16.797,-23.852,-47.632,-11.886,-60.893,21.899,-47.469,17.134,-61.765,36.889,-91.6,-1.401,-106.934,-41.206,-83.29,0,0,0,0,0,,0,0,0,0
60,3,0,0,0,1,0,0,0,255,255,255,19,1823.057,ゆっち一,0,140,1.911,1.332,4,29.019,-154.967,0,0,1,7,0,Pugeuk,190,89,0,0,0,0,0,0,0,0,0,-0.1,-37.067,-0.09,-16.749,-23.555,-47.202,-11.812,-60.785,21.853,-47.473,16.937,-63,36.455,-91.921,-6.561,-106.511,-41.066,-80.263,0,0,0,0,0,,0,0,0,0
61,3,0,0,1,1,0,0,0,255,255,255,20,1838.551,ゆっち一,13,115,-1.33,-0.537,0,-390.434,312.348,0,0,1,7,0,Pugeuk,190,89,0,0,0,0,0,0,0,0,0,0.013,-37.17,-0.351,-16.813,-23.579,-47.206,-12.037,-61.159,20.617,-47.684,16.005,-63.35,38.638,-89.927,-4.959,-105,-42.593,-81.715,0,0,0,0,0,,0,0,0,0
62,3,0,0,2,1,0,0,0,255,255,255,21,1857.781,ゆっち一,0,140,-0.61,-2.206,1,0,0,-0.116,-19.337,0,7,0,Pugeuk,190,89,0,0,0,0,0,0,0,0,0,-0.202,-37.102,-0.136,-16.877,-23.628,-47.197,-11.585,-61.226,20.686,-47.62,14.195,-63.007,38.613,-90.336,-4.444,-105.372,-40.232,-79.318,0,0,0,0,0,,0,0,0,0
63,3,0,1,2,1,0,0,0,255,255,255,22,1873.99,ゆっち一,0,140,0.317,0.72,0,-53.895,-200,0,0,0,7,0,Pugeuk,190,89,0,0,0,0,0,0,0,0,0,-0.155,-37.133,-0.157,-16.778,-23.395,-46.853,-11.534,-60.346,20.731,-47.559,15.854,-62.374,38.607,-90.345,-4.371,-105.668,-40.679,-80.205,0,0,0,0,0,,0,0,0,0
64,3,0,0,0,2,0,0,0,255,255,255,23,1975.007,ゆっち一,0,140,1.251,1.215,2,19.914,-164.01,0,0,1,8,8,bdg06213,190,89,1976.051,93,97,0,128,75,42.185,-16.157,-0.14,-0.11,-36.854,-0.097,-16.953,-23.355,-47.596,-10.528,-61.137,20.493,-47.764,15.293,-64.096,36.083,-92.887,-0.35,-105.886,-38.034,-87.724,0,0,0,1980.547,5,coder_,11.795,-70.143,0,1
65,4,1,0,0,0,0,0,0,255,255,255,40,2023.738,Pugeuk,6,103,2.823,-0.676,4,367.335,0,1.198,-17.452,1,4,8,Sabo_10,184.7,89,0,0,0,0,0,0,0,0,0,0.049,-37.994,0.612,-16.981,-22.541,-50.758,-9.835,-64.857,23.435,-48.93,12.987,-64.072,51.013,-78.226,-0.828,-108.801,-43.369,-86.154,0,0,0,0,0,,0,0,0,0
66,4,1,0,1,0,0,0,0,255,255,255,41,2041.129,Pugeuk,8,110,0.728,-0.038,0,85.386,0,0.153,-17.563,1,4,8,Sabo_10,184.7,89,0,0,0,0,0,0,0,0,0,0.07,-37.896,0.22,-17.206,-22.867,-50.513,-5.339,-64.88,23.364,-47.934,12.978,-65.359,51.022,-78.2,10.485,-106.464,-41.844,-83.127,0,0,0,0,0,,0,0,0,0
67,4,1,0,2,0,0,0,0,255,255,255,42,2060.396,Pugeuk,0,128,1.306,-0.111,2,-66.175,-141.243,0,0,1,4,8,Sabo_10,184.7,89,2061.436,126,131,53,148,74,41.937,-52.071,1,-0.203,-37.018,0.259,-17.43,-22.872,-50.522,-10.867,-64.068,22.432,-47.346,13.115,-65.255,51.026,-78.219,13.326,-110.478,-48.395,-90.827,2065.781,46.185,-56.634,2066.492,6,소솨소솨,48.201,-58.212,0,3
68,4,1,0,2,0,0,0,0,255,255,255,43,2089.49,Pugeuk,14,108,2.088,-0.881,4,389.24,304.679,0,0,1,4,8,Sabo_10,184.7,89,0,0,0,0,0,0,0,0,0,-0.07,-38.062,-0.082,-17.021,-23.399,-50.16,-9.989,-64.028,19.86,-43.687,14.067,-64.125,53.318,-74.976,22.275,-108.956,-40.616,-84.509,0,0,0,0,0,,0,0,0,0
69,4,1,0,0,1,0,0,0,255,255,255,44,2112.573,Pugeuk,3,102,0.392,0.757,2,-463.636,0,0,0,1,5,1,Multeinn,190,88,2113.498,126,181,46,151,93,38.914,33.818,-0.083,-0.215,-37.076,0.045,-17.344,-21.517,-48.942,-10.813,-64.233,21.212,-49.024,13.132,-64.522,46.131,-87.004,15.556,-114.874,-44.758,-87.051,0,0,0,2118.347,8,bdg06213,-47.909,-73.658,0,1
70,4,1,0,0,2,0,0,0,255,255,255,45,2175.878,Pugeuk,3,113,-0.018,0.229,0,-414.917,0,-0.674,-17.233,1,6,6,눈꽃,174.6,81,0,0,0,0,0,0,0,0,0,0.142,-37.852,-0.224,-16.945,-21.283,-49.981,-11.699,-64.716,21.556,-46.665,13.321,-65.184,45.487,-86.904,7.454,-104.567,-49.43,-92.666,0,0,0,0,0,,0,0,0,0
71,4,1,0,1,2,0,0,0,255,255,255,46,2195.215,Pugeuk,8,116,0.677,0.49,2,142.048,49.447,0,0,1,6,6,눈꽃,174.6,81,2196.249,87,179,41,143,64,39.888,-40.606,-0.731,-0.019,-37.344,0.325,-17.283,-21.347,-49.939,-11.558,-64.794,23.802,-48.492,13.381,-65.08,45.507,-86.916,9.932,-104.289,-48.06,-90.289,0,0,0,2200.281,4,_이누_,29.321,-52.805,0,1
72,4,0,0,0,0,0,0,0,255,255,255,24,2230.727,ゆっち一,14,116,-0.961,-1.068,2,166.792,400,0,0,1,0,1,encounter v,190,88,2231.817,99,174,2,140,130,-61.783,-52.918,0.345,-0.255,-36.714,0.02,-16.893,-24.976,-50.149,-12.418,-61.588,21.928,-47.244,8.307,-60.534,42.419,-88.351,-2.369,-100.977,-30.041,-84.548,2231.669,0.219,-20.835,0,0,,0,0,0,3
73,4,0,0,1,0,0,0,0,255,255,255,25,2253.457,ゆっち一,0,140,-1.414,0.189,2,0,0,0,0,1,0,1,encounter v,190,48,2254.455,117,121,0,138,67,30.329,1.274,-0.993,0.191,-36.837,-0.052,-16.924,-25.121,-49.276,-12.052,-62.404,21.156,-48.481,14.689,-64.343,44.637,-86.361,-2.011,-99.273,-41.707,-88.103,0,0,0,2258.47,3,mochi_2929,1.053,-65.099,0,1
74,4,0,0,0,1,0,0,0,255,255,255,26,2283.363,ゆっち一,0,140,0.099,0.236,0,-148.893,-200,0,0,1,1,3,Penguin_iDOL,180.3,88,0,0,0,0,0,0,0,0,0,-0.09,-36.96,-0.121,-16.785,-23.491,-48.064,-10.727,-61.495,20.683,-48.18,16.202,-63.512,36.151,-85.973,-5.121,-99.579,-38.544,-81.504,0,0,0,0,0,,0,0,0,0
75,4,0,0,1,1,0,0,0,255,255,255,27,2301.831,ゆっち一,13,115,-3.22,-1.344,4,-371.804,334.308,0,0,1,1,3,Penguin_iDOL,180.3,88,0,0,0,0,0,0,0,0,0,-0.085,-37.206,-0.214,-16.793,-23.469,-48.15,-10.44,-61.69,20.368,-48.266,16.198,-63.449,36.16,-85.958,-5.443,-99.716,-39.561,-81.288,0,0,0,0,0,,0,0,0,0
76,4,0,0,2,1,0,0,0,255,255,255,28,2320.758,ゆっち一,13,112,-1.205,-0.026,2,-390.434,312.348,0,0,1,1,3,Penguin_iDOL,180.3,88,2321.904,107,171,103,156,130,-3.327,-19.709,0.325,0.037,-36.963,-0.09,-16.963,-23.335,-47.856,-10.349,-61.956,20.356,-48.295,16.11,-63.495,36.15,-85.978,-2.449,-101.421,-40.223,-82.259,2321.958,3.402,-31.165,2323.292,5,coder_,12.904,-59.775,0,2
77,4,0,0,0,2,0,0,0,255,255,255,29,2350.916,ゆっち一,0,130,0.586,1.187,2,-35.803,-200,0,0,1,2,6,소솨소솨,170,45,2351.73,106,174,45,148,62,28.897,19.114,-0.568,-0.142,-36.861,-0.078,-16.883,-23.635,-48.532,-11.616,-62.752,20.437,-48.719,14.729,-64.146,34.22,-87.312,-3.461,-100.822,-40.405,-85.37,0,0,0,2355.403,2,IllilliIIIIllil,-13.62,-59.06,0,1
78,5,1,0,0,0,0,0,0,255,255,255,47,2393.269,Pugeuk,8,117,-3.663,0.372,1,66.647,0,0,0,0,7,7,인생최패망자,174.7,88,0,0,0,0,0,0,0,0,0,-0.071,-37.984,-0.015,-17.126,-21.535,-49.433,-13.106,-62.934,22.391,-48.079,10.62,-65.48,41.982,-90.359,-0.993,-108.955,-40.368,-85.192,0,0,0,0,0,,0,0,0,0
79,5,1,1,0,0,0,0,0,255,255,255,48,2409.657,Pugeuk,6,106,1.471,-0.255,1,430.875,20.806,0,0,0,7,7,인생최패망자,174.7,88,0,0,0,0,0,0,0,0,0,0.065,-37.652,-0.167,-17.17,-21.535,-49.416,-13.005,-62.957,21.791,-48.759,9.623,-65.976,42.504,-88.628,3.164,-106.583,-42.612,-83.188,0,0,0,0,0,,0,0,0,0
80,5,1,2,0,0,0,0,0,255,255,255,49,2427.887,Pugeuk,0,134,-0.803,-0.785,2,-9.988,-167.879,0,0,1,7,7,인생최패망자,174.7,88,2428.917,106,160,0,140,67,49.03,50.718,-0.288,0.124,-37.232,-0.21,-17.428,-21.643,-49.544,-13.042,-63.026,22.285,-47.386,11.996,-65.823,42.512,-88.633,-7.137,-104.516,-44.314,-86.789,0,0,0,2433.514,2,Yaksok~,-38.263,-50.768,0,1
81,5,1,0,0,1,0,0,0,255,255,255,50,2458.475,Pugeuk,5,117,0.973,0.465,2,-124.35,5.834,0,0,1,8,0,ゆっち一,190,88,2459.614,88,110,31,134,103,25.651,19.421,0.109,-0.098,-37.281,0.215,-17.157,-21.252,-50.378,-23.975,-73.241,22.034,-48.644,2.006,-67.366,40.464,-89.392,-6.16,-104.368,-18.202,-61.541,2464.247,-30.203,-102.983,2468.37,7,jdw4469,-31.115,-119.168,1,2
82,5,1,0,0,1,0,1,0,255,0,255,51,2503.197,Pugeuk,0,123,1.542,1.459,1,111.847,-73.207,0,0,0,0,5,coder_,160,88,0,0,0,0,0,0,0,0,0,-0.06,-37.987,0.011,-17.667,-20.331,-47.902,-12.878,-61.654,18.681,-45.114,9.096,-65.285,40.522,-89.327,0.508,-99.117,-36.621,-85.011,0,0,0,0,0,,0,0,0,0
83,5,1,1,0,1,0,1,0,255,0,255,52,2523.301,Pugeuk,10,113,-1.322,-0.913,0,-1.562,400,0,0,0,0,5,coder_,160,88,0,0,0,0,0,0,0,0,0,-0.201,-38.025,1.188,-19.007,-19.514,-44.732,-12.794,-61.744,19.341,-40.126,5.156,-65.232,40.554,-89.322,-5.741,-95.982,-36.927,-85.403,0,0,0,0,0,,0,0,0,0
84,5,1,1,1,1,0,0,1,255,255,0,53,2574.701,Pugeuk,0,121,1.28,0.199,2,-35.335,-139.254,0,0,1,0,5,coder_,160,88,2575.761,14,28,16,3,30,-18.66,40.994,-1,-0.125,-37.39,0.029,-17.332,-19.343,-46.729,-14.187,-62.224,14.202,-37.725,9.899,-66.018,39.627,-88.605,1.577,-99.093,-45.914,-97.046,2576.003,-1.43,-22.609,2579.458,2,Yaksok~,-11.359,-30.524,0,3
85,5,1,1,2,1,0,0,0,255,255,255,54,2603.197,Pugeuk,10,110,1.949,0.462,4,0,400,-0.007,-21.063,1,0,5,coder_,160,88,0,0,0,0,0,0,0,0,0,0.044,-38.002,0.057,-18.923,-18.729,-45.718,-13.57,-63.247,10.103,-35.245,6.154,-66.669,44.321,-87.181,0.599,-93.029,-42.516,-98.355,0,0,0,0,0,,0,0,0,0
86,5,1,0,0,2,0,0,1,255,255,0,55,2636.382,Pugeuk,14,107,2.181,-0.49,4,343.284,354.197,0,0,1,1,2,IllilliIIIIllil,174.5,88,0,0,0,0,0,0,0,0,0,0.112,-38.232,0.171,-17.203,-20.546,-49.88,-10.697,-62.405,20.536,-42.175,15.875,-63.653,56.71,-78.566,7.293,-94.724,-39.813,-93.013,0,0,0,0,0,,0,0,0,0
87,5,1,0,1,2,0,0,1,255,255,0,56,2653.326,Pugeuk,3,115,2.149,0.069,4,-295.419,0,0,0,1,1,2,IllilliIIIIllil,174.5,88,0,0,0,0,0,0,0,0,0,0.077,-38.148,0.07,-17.093,-20.68,-48.211,-10.722,-62.289,22.028,-44.543,12.993,-65.163,56.725,-78.543,11.967,-100.49,-39.322,-92.792,0,0,0,0,0,,0,0,0,0
88,5,1,0,2,2,0,0,1,255,255,0,57,2676.548,Pugeuk,0,124,0.507,-0.745,2,-37.511,-158.857,0,0,1,1,2,IllilliIIIIllil,174.5,88,2677.597,124,190,71,155,106,14.365,1.661,0.926,-0.212,-37.247,0.007,-17.36,-20.75,-48.437,-10.784,-62.34,20.905,-43.702,12.304,-64.858,56.735,-78.541,8.969,-100.926,-33.136,-90.035,0,0,0,2681.014,7,jdw4469,8.85,-94.374,0,1
89,5,0,0,0,0,0,0,0,255,255,255,30,2713.691,ゆっち一,13,112,-0.785,-0.06,0,-390.434,312.348,0,0,1,3,5,Slaris,175.4,88,0,0,0,0,0,0,0,0,0,-0.04,-37.152,-0.233,-16.741,-23.285,-48.228,-10.632,-60.705,20.698,-46.921,14.856,-64.193,37.804,-87.76,-4.649,-109.359,-46.138,-87.517,0,0,0,0,0,,0,0,0,0
90,5,0,0,1,0,0,0,0,255,255,255,31,2734.605,ゆっち一,10,128,0.062,-2.725,4,6.804,400,0.01,-21.687,1,3,5,Slaris,175.4,88,0,0,0,0,0,0,0,0,0,-0.179,-37.215,-0.2,-16.722,-23.827,-48.409,-10.417,-61.15,20.713,-46.911,14.899,-64.368,34.621,-92.256,-4.951,-109.619,-46.893,-88.136,0,0,0,0,0,,0,0,0,0
91,5,0,0,2,0,0,0,0,255,255,255,32,2751.07,ゆっち一,0,140,-0.153,1.839,2,20.351,-186.723,0,0,1,3,5,Slaris,175.4,88,2751.943,100,183,27,145,119,51.304,20.141,0.167,-0.166,-36.909,-0.446,-16.87,-23.764,-48.236,-10.668,-60.974,20.552,-47.103,14.82,-64.279,34.611,-92.201,-4.913,-109.216,-46.89,-88.117,2758.736,-41.632,-96.931,2758.858,8,Sabo_10,-41.016,-95.88,0,1
92,5,0,0,0,1,0,0,0,255,255,255,33,2779.809,ゆっち一,0,140,1.553,1.116,2,2.583,-200,0,0,1,4,2,Yaksok~,173.1,88,2780.703,112,155,51,148,64,43.991,19.853,-0.978,-0.044,-36.822,-0.091,-16.677,-22.842,-46.95,-10.673,-61.684,20.598,-47.34,14.361,-64.658,39.268,-91.447,-4.212,-108.948,-46.646,-86.031,0,0,0,2785.436,3,mochi_2929,-14.925,-59.321,0,1
93,5,0,0,0,2,0,0,0,255,255,255,34,2813.51,ゆっち一,13,110,-1.659,-0.149,1,-390.434,312.348,0,0,0,5,4,_이누_,190,88,0,0,0,0,0,0,0,0,0,-0.111,-37.154,-0.375,-16.647,-23.953,-48.387,-11.077,-60.977,20.843,-46.355,15.567,-63.683,37.208,-91.994,-7.74,-106.52,-40.773,-81.937,0,0,0,0,0,,0,0,0,0
94,5,0,1,0,2,0,0,0,255,255,255,35,2832.4,ゆっち一,0,140,-0.36,0.387,0,250,-112.296,0.206,-17.333,1,5,4,_이누_,190,88,0,0,0,0,0,0,0,0,0,-0.113,-37.235,0.035,-16.856,-23.685,-48.788,-10.611,-61.145,20.862,-46.395,16.338,-63.27,37.891,-91.669,-7.952,-106.489,-40.841,-81.831,0,0,0,0,0,,0,0,0,0
95,5,0,1,1,2,0,0,0,255,255,255,36,2850.484,ゆっち一,0,140,3.447,1.399,3,250,-23.458,0.086,-20.901,0,5,4,_이누_,190,88,0,0,0,0,0,0,0,0,0,-0.266,-37.069,0.369,-16.605,-23.842,-48.925,-10.714,-60.964,20.757,-46.486,15.632,-63.732,29.755,-100.298,-7.839,-106.379,-40.778,-81.829,0,0,0,0,0,,0,0,0,6
96,5,0,0,0,2,1,0,0,13,255,255,37,2883.987,ゆっち一,0,140,-0.948,0.475,0,-7.866,-200,0,0,1,6,7,jdw4469,173.2,88,0,0,0,0,0,0,0,0,0,-0.219,-37.106,-0.57,-16.777,-19.702,-40.405,-9.684,-59.249,20.877,-46.401,7.634,-61.718,27.923,-103.713,-9.072,-106.097,-42.064,-82.796,0,0,0,0,0,,0,0,0,0
97,5,0,0,1,2,1,0,0,13,255,255,38,2902.545,ゆっち一,0,140,0.416,0.638,0,-2.23,-133.63,0,0,0,6,7,jdw4469,173.2,88,0,0,0,0,0,0,0,0,0,-0.16,-37.399,0.115,-16.486,-22.056,-45.369,-8.66,-60.137,20.818,-46.441,5.69,-61.28,24.601,-105.045,-8.424,-105.296,-40.651,-84.532,0,0,0,0,0,,0,0,0,0
98,6,1,0,0,0,0,0,0,255,255,255,58,2949.672,Pugeuk,6,109,-0.123,-0.03,2,257.333,0,0,0,1,2,3,mochi_2929,184.1,88,2950.961,106,217,0,143,89,45.486,-52.19,-0.057,-0.259,-37.526,-0.22,-17.275,-21.452,-48.655,-13.023,-62.299,24.476,-50.259,11.123,-66.132,36.865,-86.515,9.607,-101.91,-35.345,-78.674,2955.636,50.589,-69.301,0,0,,0,0,0,3
99,6,1,0,1,0,0,0,0,255,255,255,59,2974.897,Pugeuk,6,103,2.477,-0.113,1,394.685,0,0,0,0,2,3,mochi_2929,184.1,88,0,0,0,0,0,0,0,0,0,0.057,-38.146,0.015,-17.239,-20.507,-45.496,-10.578,-63.386,17.499,-41.815,12.42,-62.152,43.723,-83.066,16.713,-107.201,-38.173,-81.325,0,0,0,0,0,,0,0,0,0
100,6,1,1,1,0,0,0,0,255,255,255,60,2995.173,Pugeuk,0,126,-0.417,0.784,0,35.771,-120.107,0,0,1,2,3,mochi_2929,184.1,88,0,0,0,0,0,0,0,0,0,-0.097,-37.823,-0.193,-17.196,-19.978,-46.426,-10.61,-63.447,18.697,-41.738,12.158,-64.427,43.991,-81.862,4.858,-106.804,-37.893,-81.092,0,0,0,0,0,,0,0,0,0
101,6,1,1,2,0,0,0,0,255,255,255,61,3010.705,Pugeuk,0,130,0.678,1.05,2,99,-52.211,0,0,1,2,3,mochi_2929,184.1,88,3011.898,97,129,0,137,65,41.937,-22.256,-0.782,0.207,-37.307,-0.079,-17.239,-20.296,-46.844,-10.408,-63.486,21.933,-46.316,12.007,-65.783,44.499,-82.131,6.924,-106.259,-38.101,-81.134,0,0,0,3016.47,5,Slaris,16.291,-60.168,0,1
102,6,1,0,0,1,0,0,0,255,255,255,62,3052.417,Pugeuk,0,120,-0.939,0.266,2,0,0,0,0,0,3,4,_Chun,190,88,3053.41,93,107,6,135,116,37.131,-8.146,0.186,-0.228,-37.016,-0.012,-17.314,-21.126,-48.71,-9.379,-65.196,23.657,-46.953,14.678,-64.689,46.251,-85.707,6.128,-101.587,-41.342,-85.204,3059.169,27.069,-113.806,3063.336,7,jdw4469,26.114,-121.712,1,2
103,6,1,0,0,1,0,1,0,255,0,255,63,3093.547,Pugeuk,6,105,3.479,-0.248,1,477.049,15.297,0,0,0,4,8,Sabo_10,184.7,88,0,0,0,0,0,0,0,0,0,0.161,-38.183,0.2,-17.14,-20.406,-46.961,-9.085,-61.804,21.956,-44.801,14.916,-64.021,53.747,-79.309,17.979,-109.654,-32.148,-89.585,0,0,0,0,0,,0,0,0,0
104,6,1,1,0,1,0,1,0,255,0,255,64,3110.856,Pugeuk,10,113,0.96,-1.37,4,0,400,0.346,-18.107,1,4,8,Sabo_10,184.7,88,0,0,0,0,0,0,0,0,0,0.008,-38.114,0.247,-17.581,-20.105,-46.283,-9.077,-61.84,22.94,-44.833,14.777,-64.032,54.452,-77.832,17.977,-109.647,-38.939,-98.012,0,0,0,0,0,,0,0,0,0
105,6,1,1,1,1,0,1,0,255,0,255,65,3130.723,Pugeuk,0,125,0.325,1.496,1,98.203,-85.905,0,0,0,4,8,Sabo_10,184.7,88,0,0,0,0,0,0,0,0,0,-0.218,-37.93,0.357,-18.871,-20.156,-47.2,-6.379,-59.972,23.363,-46.119,14.785,-64.096,53.57,-77.416,17.98,-109.695,-39.762,-99.378,0,0,0,0,0,,0,0,0,0
106,6,1,2,1,1,0,1,0,255,0,255,66,3149.829,Pugeuk,0,122,-0.588,0.931,2,-88.194,-194.5,0,0,1,4,8,Sabo_10,184.7,88,3150.911,113,154,46,148,66,44.822,-37.412,-0.77,0.006,-37.399,-0.171,-17.329,-21.127,-48.712,-5.78,-62.231,23.099,-46.544,15.027,-63.253,53.553,-77.458,18.749,-109.49,-42.748,-100.312,3155.48,29.762,-58.185,3155.647,5,Slaris,29.069,-57.304,0,1
107,6,1,0,0,2,0,1,0,255,0,255,67,3189.447,Pugeuk,6,106,-1.49,-0.007,2,387.563,0,0,0,1,5,1,Multeinn,190,53,3190.605,129,254,87,158,38,-3.664,23.66,-0.905,-0.233,-37.639,-0.416,-17.181,-20.863,-49.181,-13.323,-62.882,20.219,-50.389,11.703,-64.87,45.975,-88.204,-4.465,-102.231,-41.277,-97.147,3190.936,-2.258,-23.772,3195.803,3,Penguin_iDOL,-14.168,-43.769,0,2
108,6,0,0,0,0,0,0,0,255,255,255,39,3309.016,coder_,10,79,-0.583,-1.109,1,-24.72,400,-0.145,-18.266,0,6,7,jdw4469,173.2,88,0,0,0,0,0,0,0,0,0,-0.071,-37.544,-0.064,-16.946,-23.996,-49.498,-9.326,-58.646,21.106,-46.108,13.452,-64.259,34.864,-93.838,-0.388,-98.217,-37.395,-82.223,0,0,0,0,0,,0,0,0,0
109,6,0,1,0,0,0,0,0,255,255,255,40,3321.403,coder_,13,78,-1.679,-1.018,4,-251.257,352.768,0,0,1,6,7,jdw4469,173.2,88,0,0,0,0,0,0,0,0,0,0.051,-37.644,-0.171,-17.15,-23.951,-49.465,-10.01,-60.086,21.04,-46.102,13.354,-64.342,34.862,-94.081,-1.22,-99.159,-39.492,-81.586,0,0,0,0,0,,0,0,0,0
110,6,0,1,1,0,0,0,0,255,255,255,41,3334.687,coder_,0,87,-2.266,0.758,2,-131.05,-114.964,0,0,1,6,7,jdw4469,173.2,88,3336.02,97,192,55,149,124,11.434,4.593,0.808,-0.204,-37.212,-0.042,-17.345,-23.972,-49.306,-9.952,-59.815,20.839,-46.282,12.266,-64.54,34.876,-94.08,-1.241,-99.165,-39.573,-82.124,3338.48,-15.925,-94.568,3344.736,7,인생최패망자,-10.902,-121.655,1,2
111,6,0,0,0,0,0,1,0,255,16,255,42,3426.747,coder_,0,92,-2.421,0.305,2,-36.977,0,0,0,1,7,3,Pugeuk,190,88,3427.84,101,127,12,139,92,-2.499,40.951,0.933,-0.35,-37.194,-0.015,-16.78,-23.195,-49.279,-9.9,-60.66,21.165,-44.117,2.476,-61.661,37.405,-89.26,-4.664,-106.514,-40.389,-82.666,3428.136,-9.022,-29.269,3432.081,0,coder_,-9.03,-33.01,1,2
112,6,0,0,0,0,1,0,1,12,255,16,43,3490.125,coder_,13,81,-3.316,-0.45,4,-211.415,320.976,0,0,1,8,8,bdg06213,190,88,0,0,0,0,0,0,0,0,0,-0.284,-37.919,-0.384,-17.077,-22.205,-46.223,-10.621,-59.63,19.962,-41.112,6.935,-63.756,34.572,-89.677,-4.773,-101.234,-38.052,-87.168,0,0,0,0,0,,0,0,0,0
113,6,0,0,1,1,0,0,0,255,255,255,44,3539.815,coder_,0,125,2.281,1.066,2,-10.767,-200,0,0,1,8,8,bdg06213,190,88,3540.919,82,237,0,136,66,48.065,11.926,-1,-0.012,-37.135,-0.035,-16.773,-26.199,-51.094,-9.756,-62.815,20.738,-43.236,7.221,-65.057,35.752,-87.264,-2.244,-90.407,-40.079,-82.936,0,0,0,3545.725,2,IllilliIIIIllil,-7.766,-59.406,0,1
114,6,0,0,0,2,0,0,0,255,255,255,45,3571.952,coder_,0,138,-1.594,-0.512,4,24.344,-24.169,0,0,1,0,1,encounter v,190,88,3573.249,95,140,0,137,97,49.511,-25.954,0.057,-0.142,-37.535,-0.027,-16.765,-24.18,-49.181,-10.637,-59.89,20.801,-46.111,12.287,-63.427,38.987,-87.283,4.831,-101.988,-40.916,-87.712,3578.914,31.67,-80.695,3579.014,6,눈꽃,31.019,-79.452,0,1
115,7,1,0,0,0,0,0,0,255,255,255,68,3643.89,Penguin_iDOL,14,100,3.841,-2.737,4,351.207,317.413,0.676,-21.138,1,6,6,눈꽃,174.6,88,0,0,0,0,0,0,0,0,0,0.408,-37.822,0.306,-17.625,-23.098,-51.73,-12.041,-62.808,20.852,-46.003,11.784,-60.099,40.624,-90.213,-2.084,-109.823,-30.946,-74.272,0,0,0,0,0,,0,0,0,0
116,7,1,0,1,0,0,0,0,255,255,255,69,3678.871,Penguin_iDOL,0,128,0.486,1.598,4,90.001,-124.388,0,0,1,6,6,눈꽃,174.6,77,0,0,0,0,0,0,0,0,0,0.346,-37.447,0.149,-17.16,-22.864,-51.898,-10.981,-62.947,24.036,-49.813,13.969,-64.412,-16.983,-20.731,6.79,-106.286,-36.216,-96.209,0,0,0,0,0,,0,0,0,0
117,7,1,0,2,0,0,0,0,255,255,255,70,3693.902,Penguin_iDOL,14,122,1.931,-1.53,2,386.683,316.98,0,0,1,6,6,눈꽃,174.6,77,3695.045,77,193,99,136,95,15.099,-38.815,0.915,0.067,-36.96,-0.195,-17.504,-23.136,-52.538,-11.154,-63.347,23.454,-50.221,13.092,-64.495,-17.405,-20.541,4.689,-106.665,-33.346,-91.156,3697.436,30.701,-69.174,3698.159,-1,AI,33.013,-74.011,1,0
118,7,1,0,0,0,1,0,0,6,255,255,71,3744.367,Penguin_iDOL,13,88,-3.852,-1.693,1,-305.529,322.713,-0.993,-18.207,0,7,7,인생최패망자,174.7,88,0,0,0,0,0,0,0,0,0,0.009,-37.982,-0.734,-17.532,-19.425,-42.579,-17.25,-59.256,19.067,-51.543,13.093,-63.457,37.023,-87.666,-4.816,-98.667,-38.713,-98.243,0,0,0,0,0,,0,0,0,0
119,7,1,1,0,0,1,0,0,6,255,255,72,3760.614,Penguin_iDOL,6,118,1.967,-0.835,2,475.577,154.358,0,0,1,7,7,인생최패망자,174.7,88,3761.683,103,165,4,141,129,12.383,-25.798,0.414,0.312,-36.882,-0.226,-17.444,-18.861,-45.046,-17.163,-59.345,19.272,-52.913,13.214,-63.242,36.867,-89.932,-4.731,-98.497,-38.517,-96.06,3765.114,51.106,-107.555,3766.581,6,소솨소솨,44.457,-101.68,1,2
120,7,1,0,0,0,1,0,1,2,255,255,73,3848.83,Penguin_iDOL,14,106,2.241,-1.603,1,376.237,312.348,0.524,-18.411,0,8,5,ゆっち一,190,87,0,0,0,0,0,0,0,0,0,-2.393,-37.561,-0.007,-16.875,-18.638,-45.409,-5.375,-61.12,18.089,-45.766,9.286,-66.277,42.05,-90.552,-1.922,-96.802,-15.771,-93.566,0,0,0,0,0,,0,0,0,0
121,7,1,1,0,1,0,0,0,255,255,255,74,3885.576,Penguin_iDOL,0,140,0.454,0.782,0,-4.283,-57.058,0,0,0,8,5,ゆっち一,190,87,0,0,0,0,0,0,0,0,0,-0.054,-37.618,0.096,-17.939,-21.577,-50.148,-10.79,-63.4,19.899,-54.015,9.938,-66.541,41.832,-93.313,-0.733,-94.842,-40.528,-97.031,0,0,0,0,0,,0,0,0,0
122,7,1,1,1,1,0,0,0,255,255,255,75,3899.11,Penguin_iDOL,13,93,-3.08,-1.051,4,-273.503,194.785,0,0,1,8,5,ゆっち一,190,87,0,0,0,0,0,0,0,0,0,0.002,-37.205,-0.755,-17.57,-21.619,-50.158,-12.905,-62.843,20.083,-54.546,11.043,-66.031,41.368,-90.496,-0.127,-94.835,-40.656,-97.717,0,0,0,0,0,,0,0,0,0
123,7,1,1,2,1,0,0,0,255,255,255,76,3914.254,Penguin_iDOL,0,123,0.306,1.533,2,111.015,-151.154,0,0,1,8,5,ゆっち一,190,87,3915.276,84,119,63,132,128,52.958,-15.826,0.314,-0.091,-36.859,-0.067,-17.144,-21.613,-50.14,-12.975,-62.173,19.24,-51.588,11.988,-65.763,41.197,-90.603,3.626,-96.045,-42.809,-101.025,3922.514,21.653,-108.989,3922.736,7,jdw4469,21.382,-107.836,0,1
124,7,1,0,0,2,0,0,0,255,255,255,77,3948.072,Penguin_iDOL,0,0,0,0,0,0,0,0,0,0,0,0,coder_,160,87,0,0,0,0,0,0,0,0,0,0,0,0,0,0,0,0,0,0,0,0,0,0,0,0,0,0,0,0,0,0,0,0,,0,0,0,0
125,7,1,1,0,2,0,0,0,255,255,255,78,3966.437,Penguin_iDOL,3,86,-4.047,-0.79,1,-334.822,2.382,0,0,0,0,0,coder_,160,87,0,0,0,0,0,0,0,0,0,-0.009,-37.963,-0.966,-17.724,-22.184,-49.06,-15.397,-60.993,20.709,-51.086,10.043,-66.29,40.12,-90.028,-3.055,-93.774,-37.715,-89.256,0,0,0,0,0,,0,0,0,0
126,7,1,2,0,2,0,0,0,255,255,255,79,3985.275,Penguin_iDOL,3,95,-4.349,-0.737,4,-431.818,0.005,-1.401,-17.469,1,0,0,coder_,160,87,0,0,0,0,0,0,0,0,0,-0.417,-37.246,-0.6,-17.638,-21.416,-48.735,-15.399,-61.105,16.839,-46.42,10.231,-66.122,40.126,-90.021,-2.301,-95.463,-33.64,-92.78,0,0,0,0,0,,0,0,0,0
127,7,1,2,1,2,0,0,0,255,255,255,80,4005.953,Penguin_iDOL,0,134,-0.159,-1.21,1,17.544,-108.613,0,0,0,0,0,coder_,160,87,0,0,0,0,0,0,0,0,0,0.022,-37.465,-0.045,-17.569,-22.359,-48.722,-14.421,-60.207,18.764,-49,8.137,-66.522,38.522,-90.693,-1.994,-95.439,-33.405,-90.7,0,0,0,0,0,,0,0,0,0
128,7,1,3,1,2,0,0,0,255,255,255,81,4020.371,Penguin_iDOL,0,139,0.583,1.172,0,23.303,-50.751,0,0,1,0,0,coder_,160,87,0,0,0,0,0,0,0,0,0,-0.098,-37.595,0.039,-17.417,-21.574,-49.185,-13.619,-59.287,20.147,-52.709,8.546,-66.956,38.531,-90.688,-3.371,-98.888,-33.49,-96.452,0,0,0,0,0,,0,0,0,0
129,7,1,3,2,2,0,0,0,255,255,255,82,4039.286,Penguin_iDOL,1,94,1.992,-0.572,4,0,0,0,0,1,0,0,coder_,160,87,4040.462,99,113,53,144,61,-6.635,-9.231,-0.557,-0.17,-36.902,-0.016,-17.329,-20.878,-48.281,-13.022,-58.217,20.129,-50.819,9.794,-66.842,38.513,-90.706,-2.397,-99.484,-32.245,-89.907,4040.448,0.878,-24.548,4041.537,0,Penguin_iDOL,1.928,-37.01,0,2
130,7,0,0,0,0,0,0,0,255,255,255,46,4097.779,coder_,0,89,-3.581,0.443,4,-98.419,-128.594,0,0,1,1,0,Penguin_iDOL,180.3,87,0,0,0,0,0,0,0,0,0,-0.207,-37.75,-0.104,-16.822,-24.046,-49.43,-10.777,-61.377,20.532,-46.643,11.962,-64.931,33.017,-90.234,-2.068,-102.711,-39.1,-88.056,0,0,0,0,0,,0,0,0,0
131,7,0,0,1,0,0,0,0,255,255,255,47,4109.629,coder_,10,77,-0.5,0.27,0,0,400,0,0,0,1,0,Penguin_iDOL,180.3,87,0,0,0,0,0,0,0,0,0,-0.095,-37.805,-0.137,-17.104,-24.068,-49.451,-10.87,-61.405,20.553,-46.578,9.448,-66.328,32.233,-92.905,0.006,-103.13,-38.086,-87.402,0,0,0,0,0,,0,0,0,0
132,7,0,0,2,0,0,0,0,255,255,255,48,4121.983,coder_,10,79,-1.382,-1.12,1,-1.279,400,0,0,0,1,0,Penguin_iDOL,180.3,87,0,0,0,0,0,0,0,0,0,-0.325,-37.729,-0.262,-17.088,-23.75,-48.964,-10.797,-61.378,20.536,-46.594,8.109,-66.468,35.387,-90.442,-1.358,-103.585,-37.261,-88.673,0,0,0,0,0,,0,0,0,0
133,7,0,0,0,1,0,0,0,255,255,255,49,4148.466,coder_,13,78,-2.075,-1.568,4,-247.642,357.817,-0.502,-18.8,1,2,6,소솨소솨,170,45,0,0,0,0,0,0,0,0,0,-0.045,-37.666,-0.095,-17.012,-24.261,-48.744,-11.356,-60.62,20.627,-46.555,8.061,-66.39,34.584,-93.319,-2.117,-104.697,-39.245,-86.861,0,0,0,0,0,,0,0,0,0
134,7,0,0,1,1,0,0,0,255,255,255,50,4161.73,coder_,3,79,0.494,0.301,2,-304.883,0,0,0,1,2,6,소솨소솨,170,45,4162.832,110,191,6,144,67,-4.058,5.144,1,0.155,-37.423,-0.041,-17.179,-24.496,-48.951,-10.899,-60.773,20.35,-46.878,8.052,-66.553,36.449,-89.024,-1.226,-104.753,-38.686,-87.879,4162.948,-0.609,-29.122,4163.792,0,coder_,-1.262,-36.387,0,2
135,7,0,0,0,2,0,0,0,255,255,255,51,4191.264,coder_,7,76,1.303,0.768,0,213.164,0,0,0,1,3,5,Slaris,175.4,59,0,0,0,0,0,0,0,0,0,-0.087,-37.711,-0.249,-17.121,-23.109,-48.784,-10.705,-59.957,21.295,-47.554,8.194,-66.312,34.122,-95.648,-1.318,-108.416,-43.234,-88.763,0,0,0,0,0,,0,0,0,0
136,7,0,0,1,2,0,0,0,255,255,255,52,4204.461,coder_,0,87,-2.75,0.252,1,-88.822,-54.044,0,0,0,3,5,Slaris,175.4,59,0,0,0,0,0,0,0,0,0,-0.275,-37.775,-0.1,-16.954,-23.087,-48.533,-10.987,-59.853,21.587,-47.29,6.781,-67.726,35.935,-91.65,-2.699,-107.586,-41.765,-89.542,0,0,0,0,0,,0,0,0,0
137,7,0,1,1,2,0,0,0,255,255,255,53,4218.106,coder_,13,78,1.036,-0.083,2,-170.468,400,0,0,1,3,5,Slaris,175.4,59,4219.369,79,221,31,135,74,37.652,-46.225,0.983,-0.059,-37.242,-0.062,-17.112,-23.088,-48.526,-11.16,-60.59,21.44,-47.309,7.904,-66.458,36.762,-90.084,-1.491,-110.561,-41.852,-88.646,4222.958,36.934,-62.976,4225.281,6,눈꽃,48.211,-76.008,1,2
138,7,0,0,0,2,1,0,0,14,255,255,54,4259.01,coder_,10,84,-0.867,-0.648,0,0,256.329,0,0,0,4,2,Yaksok~,173.1,64,0,0,0,0,0,0,0,0,0,0.003,-37.816,-0.269,-17.016,-20.856,-44.134,-10.475,-60.122,19.939,-44.215,5.624,-64.728,33.886,-88.445,-0.635,-102.816,-40.699,-82.506,0,0,0,0,0,,0,0,0,0
139,7,0,0,1,2,1,0,0,14,255,255,55,4275.417,coder_,5,85,0.99,0.428,0,-149.77,54.307,0,0,0,4,2,Yaksok~,173.1,64,0,0,0,0,0,0,0,0,0,-0.078,-37.96,-0.14,-16.967,-22.042,-45.108,-10.408,-60.128,20.102,-44.726,7.591,-66.101,33.276,-88.371,-3.256,-101.878,-43,-84.228,0,0,0,0,0,,0,0,0,0
140,7,0,0,2,2,1,0,0,14,255,255,56,4290.317,coder_,0,76,-0.986,-0.626,2,-6.039,5.259,0,0,1,4,2,Yaksok~,173.1,64,4291.543,114,66,255,66,63,-6.949,15.293,0.977,-0.231,-37.392,-0.082,-16.95,-20.488,-45.347,-10.535,-60.197,19.875,-45.013,7.461,-66.029,37.069,-89.067,-1.082,-106.36,-42.527,-84.572,4291.537,-1.391,-25.596,4293.914,3,mochi_2929,-8.018,-53.317,0,2
141,8,1,0,0,0,0,0,0,255,255,255,83,4350.861,Penguin_iDOL,14,121,1.442,-1.954,4,388.634,314.585,0.383,-18.008,1,1,0,IllilliIIIIllil,174.5,88,0,0,0,0,0,0,0,0,0,0.068,-37.347,0.164,-17.555,-21.201,-48.717,-9.702,-64.483,22.852,-48.1,14.087,-64.523,53.207,-75.731,-0.342,-109.538,-38.146,-97.603,0,0,0,0,0,,0,0,0,0
142,8,1,0,1,0,0,0,0,255,255,255,84,4373.159,Penguin_iDOL,0,140,-1.859,0.377,1,-3.033,-20.194,0,0,0,1,0,IllilliIIIIllil,174.5,88,0,0,0,0,0,0,0,0,0,0.009,-37.494,0.086,-17.311,-20.059,-48.921,-9.355,-64.648,23.439,-48.465,13.249,-65.267,53.162,-75.778,-0.458,-109.461,-34.879,-87.824,0,0,0,0,0,,0,0,0,0
143,8,1,1,1,0,0,0,0,255,255,255,85,4391.245,Penguin_iDOL,7,114,1.385,-0.121,0,248.371,0,0,0,1,1,0,IllilliIIIIllil,174.5,88,0,0,0,0,0,0,0,0,0,-0.032,-37.309,0.161,-17.124,-20.866,-49.373,-9.34,-64.666,21.601,-47.582,13.319,-65.232,53.189,-75.741,-0.436,-109.492,-42.206,-95.857,0,0,0,0,0,,0,0,0,0
144,8,1,1,2,0,0,0,0,255,255,255,86,4411.378,Penguin_iDOL,0,128,-0.868,1.508,1,-26.873,-71.558,0,0,0,1,0,IllilliIIIIllil,174.5,88,0,0,0,0,0,0,0,0,0,-0.012,-37.852,-0.062,-17.171,-20.884,-49.398,-9.423,-62.567,20.878,-46.824,13.122,-65.255,53.221,-75.787,6.225,-109.94,-39.01,-94.79,0,0,0,0,0,,0,0,0,0
145,8,1,2,2,0,0,0,0,255,255,255,87,4436.308,Penguin_iDOL,0,140,-0.236,-1.185,4,60.766,-200,0,0,1,1,0,IllilliIIIIllil,174.5,88,0,0,0,0,0,0,0,0,0,-0.183,-37.157,-0.081,-17.519,-21.138,-48.707,-8.203,-62.337,21.915,-48.09,13.202,-65.263,53.207,-75.792,7.396,-109.128,-37.959,-91.642,0,0,0,0,0,,0,0,0,0
146,8,1,0,0,1,0,0,0,255,255,255,88,4465.315,Penguin_iDOL,0,117,0.649,-0.476,0,0,35.528,0.442,-17.508,1,2,3,mochi_2929,184.1,24,0,0,0,0,0,0,0,0,0,-0.186,-37.649,0.226,-17.091,-21.428,-50.322,-14.357,-62.286,22.743,-53.276,8.574,-66.781,45.413,-84.859,-7.994,-110.078,-43.923,-102.364,0,0,0,0,0,,0,0,0,0
147,8,1,0,1,1,0,0,0,255,255,255,89,4483.484,Penguin_iDOL,0,133,1.279,0.667,0,12.736,-91.28,0,0,0,2,3,mochi_2929,184.1,24,0,0,0,0,0,0,0,0,0,-0.327,-37.167,0.018,-17.296,-21.754,-49.409,-14.339,-62.306,19.913,-50.287,9.703,-66.339,45.461,-84.809,-7.89,-109.953,-41.013,-96.256,0,0,0,0,0,,0,0,0,0
148,8,1,0,2,1,0,0,0,255,255,255,90,4499.516,Penguin_iDOL,0,140,0.057,-0.105,0,85.832,-97.275,-0.002,-10.83,1,2,3,mochi_2929,184.1,24,0,0,0,0,0,0,0,0,0,-0.127,-37.725,-0.041,-17.003,-22.793,-48.558,-14.367,-62.262,19.217,-48.83,9.017,-66.34,45.52,-84.801,-7.422,-109.204,-41.365,-94.715,0,0,0,0,0,,0,0,0,0
149,8,1,0,0,2,0,0,0,255,255,255,92,4527.597,Penguin_iDOL,14,117,3.451,-0.177,1,383.452,320.881,0,0,0,3,4,_Chun,190,88,0,0,0,0,0,0,0,0,0,0.002,-37.541,0.079,-17.189,-21.244,-49.338,-11.379,-64.208,24.812,-48.774,13.072,-64.694,43.683,-85.802,10.182,-108.323,-47.342,-101.564,0,0,0,0,0,,0,0,0,0
150,8,1,1,0,2,0,0,0,255,255,255,93,4542.262,Penguin_iDOL,14,116,0.864,0.022,2,406.466,291.179,0,0,0,3,4,_Chun,190,88,4543.206,106,128,7,139,84,-46.775,-7.758,0.965,-0.119,-36.883,0.246,-17.425,-21.233,-49.339,-11.435,-64.39,24.843,-48.769,13.121,-64.722,43.619,-85.833,10.08,-108.257,-54.326,-103.431,4542.847,0.285,-21.947,4544.292,0,Penguin_iDOL,2.259,-36.222,0,2
151,8,0,0,0,0,0,0,0,255,255,255,57,4734.319,IllilliIIIIllil,3,121,3.589,-0.042,3,391.913,0,0.164,-20.824,0,4,4,_이누_,190,88,0,0,0,0,0,0,0,0,0,-0.016,-37.206,0.066,-17.13,-21.353,-53.143,-13.528,-62.432,19.817,-45.364,6.716,-66.508,27.685,-89.131,-13.528,-62.432,-37.06,-81.147,0,0,0,0,0,,0,0,0,6
152,8,0,2,0,0,0,0,0,255,255,255,58,4763.138,IllilliIIIIllil,0,131,0.943,0.114,0,-64.115,-162.124,0,0,0,4,4,_이누_,190,88,0,0,0,0,0,0,0,0,0,0,-37.282,-0.01,-16.792,-23.67,-55.293,-14.534,-64.422,19.883,-45.324,6.706,-66.587,31.688,-92.045,-14.534,-64.422,-40.942,-83.184,0,0,0,0,0,,0,0,0,0
153,8,0,2,1,0,0,0,0,255,255,255,59,4779.393,IllilliIIIIllil,10,122,2.143,-2.109,3,0,400,0.006,-20.358,0,4,4,_이누_,190,88,0,0,0,0,0,0,0,0,0,-0.07,-37.442,-0.005,-16.879,-23.655,-55.308,-13.761,-64.337,19.801,-45.393,6.661,-66.612,27.347,-90.652,-13.761,-64.337,-41.23,-80.394,0,0,0,0,0,,0,0,0,6
154,8,0,0,0,0,1,0,0,13,255,255,60,4815.996,IllilliIIIIllil,0,130,0.616,-0.158,0,-86.983,-183.483,0,0,1,5,7,jdw4469,173.2,88,0,0,0,0,0,0,0,0,0,-0.113,-37.825,-0.116,-16.677,-20.698,-46.99,-12.902,-63.114,19.61,-45.698,6.713,-66.556,28.156,-92.637,-12.902,-63.114,-38.056,-79.168,0,0,0,0,0,,0,0,0,0
155,8,0,0,1,0,1,0,0,13,255,255,61,4866.574,IllilliIIIIllil,6,99,0.203,0.426,2,-450,0,0,0,1,5,7,jdw4469,173.2,88,4867.756,119,207,37,150,127,35.825,16.52,0.38,-0.103,-37.287,-0.154,-16.705,-20.865,-46.4,-13.303,-61.162,19.651,-45.661,6.961,-62.021,30.223,-93.653,-13.303,-61.162,-38.869,-78.494,4873.403,-55.301,-117.963,0,0,,0,0,0,4
156,8,0,0,0,0,0,0,0,255,255,255,62,4917.578,IllilliIIIIllil,0,128,-0.131,0.074,0,-103.151,-116.134,0,0,1,6,3,Pugeuk,190,88,0,0,0,0,0,0,0,0,0,-0.127,-37.24,-0.109,-16.893,-22.591,-52.657,-12.772,-61.678,19.819,-45.387,7.972,-66.644,38.895,-90.897,-12.772,-61.678,-38.931,-84.731,0,0,0,0,0,,0,0,0,0
157,8,0,0,1,0,0,0,0,255,255,255,63,4934.695,IllilliIIIIllil,10,107,0.423,-1.276,2,0,400,0,0,1,6,3,Pugeuk,190,88,4935.739,95,214,64,151,90,25.019,-19.88,-0.061,-0.255,-37.154,-0.133,-16.88,-22.837,-55.241,-13.4,-61.821,19.794,-45.471,7.886,-66.223,38.893,-90.891,-13.4,-61.821,-39.942,-84.223,4947.603,22.652,-131.839,4947.603,-1,AI,22.663,-131.842,1,2
158,8,0,0,0,0,0,0,0,255,255,255,64,4985.47,IllilliIIIIllil,0,128,-1.856,0.413,2,-66.394,-165.33,0,0,1,7,2,bdg06213,190,88,4986.54,86,150,0,135,130,33.808,22.29,0.409,-0.025,-37.245,-0.146,-16.836,-21.838,-51.327,-11.937,-63.94,21.588,-46.961,7.786,-66.642,32.904,-90.583,-11.937,-63.94,-39.308,-88.156,4992.114,-65.743,-118.59,0,0,,0,0,0,4
159,8,0,0,0,0,0,0,0,255,255,255,65,5030.789,IllilliIIIIllil,0,135,0.884,-0.913,0,-85.884,-104.443,0,0,0,0,1,encounter v,190,48,0,0,0,0,0,0,0,0,0,0.043,-37.426,0.134,-16.832,-22,-50.303,-3.475,-67.242,20.648,-46.605,12.118,-65.883,42.33,-93.364,-3.475,-67.242,-37.353,-84.942,0,0,0,0,0,,0,0,0,0
160,8,0,0,1,0,0,0,0,255,255,255,66,5045.978,IllilliIIIIllil,5,126,1.673,-0.711,2,118.296,16.118,0,0,1,0,1,encounter v,190,48,5047.014,90,109,0,133,89,29.375,-37.181,0.935,-0.079,-37.202,0.063,-17.139,-21.643,-51.949,-4.038,-67.95,20.54,-46.214,10.125,-65.154,41.856,-93.442,-4.038,-67.95,-37.829,-85.765,5051.314,52.328,-74.475,5052.214,6,눈꽃,56.887,-78.794,1,2
161,8,0,0,0,0,1,0,0,10,255,255,67,5088.227,IllilliIIIIllil,0,126,-0.8,0.557,0,-20.506,-148.053,0,0,1,1,0,Penguin_iDOL,180.3,88,0,0,0,0,0,0,0,0,0,-0.204,-37.376,-0.309,-16.986,-19.758,-43.532,-12.922,-61.718,21.42,-43.721,5.205,-60.05,29.891,-90.631,-12.922,-61.718,-43.126,-85.753,0,0,0,0,0,,0,0,0,0
162,8,0,0,1,0,1,0,0,10,255,255,68,5111.424,IllilliIIIIllil,10,114,-0.604,-1.674,4,-21.901,400,0,0,1,1,0,Penguin_iDOL,180.3,88,0,0,0,0,0,0,0,0,0,-0.078,-37.792,-0.295,-16.993,-19.93,-42.141,-12.671,-60.485,21.18,-46.048,8.666,-63.652,32.807,-92.829,-12.671,-60.485,-41.485,-85.054,0,0,0,0,0,,0,0,0,0
163,8,0,0,2,0,1,0,0,10,255,255,69,5152.288,IllilliIIIIllil,0,91,-0.748,0.327,2,0,0,0,0,1,1,0,Penguin_iDOL,180.3,88,5153.523,104,183,60,150,107,52.657,-0.834,0.052,-0.086,-37.488,-0.065,-16.878,-20.767,-46.118,-13.065,-63.204,21.263,-46.468,7.327,-61.829,28.353,-91.508,-13.065,-63.204,-40.423,-81.798,5159.458,-8.486,-95.805,5163.314,5,ゆっち一,0.082,-60.755,0,1
164,8,0,0,0,1,1,0,0,10,255,255,70,5218.118,IllilliIIIIllil,0,128,-0.277,-1.326,1,-59.819,-146.657,0,0,0,2,6,소솨소솨,170,45,0,0,0,0,0,0,0,0,0,-0.207,-38.081,-0.27,-17.147,-18.947,-44.976,-12.746,-58.29,20.815,-44.694,5.867,-66.646,32.751,-85.306,-12.746,-58.29,-42.463,-86.336,0,0,0,0,0,,0,0,0,0
165,8,0,1,0,1,1,0,0,10,255,255,71,5234.169,IllilliIIIIllil,3,116,0.258,0.266,2,414.761,0,0,0,1,2,6,소솨소솨,170,45,5235.068,123,122,7,140,66,-51.875,39.895,-0.9,0.047,-37.137,-0.2,-17.103,-19.963,-44.185,-12.688,-58.316,20.53,-45.192,7.023,-66.861,32.09,-85.873,-12.688,-58.316,-43.362,-86.742,5234.814,-0.611,-20.661,5237.281,2,coder_,-15.56,-38.355,0,2