id,inn,half,ball,strk,out,b1,b2,b3,b1Idx,b2Idx,b3Idx,pCnt,pSec,pName,pType,spdK,zoneX,zoneY,call,sH,sV,plx,plz,bSwing,bIdx,bPos,bName,bHCm,bFps,hSec,rotS,shS,lgS,batSpd,ev,ldeg,sdeg,hPos,PPosX,PPosY,CPosX,CPosY,1BPosX,1BPosY,2BPosX,2BPosY,3BPosX,3BPosY,SSPosX,SSPosY,LFPosX,LFPosY,CFPosX,CFPosY,RFPosX,RFPosY,ltSec,lx,lz,cSec,cPos,cPlr,cx,cz,1BSafe,result
1,1,1,0,0,0,0,0,0,255,255,255,0,276.997,_Chun,13,112,1.59,-0.879,2,229.158,400,0,0,1,0,4,인생최패망자,190,59,278.108,104,166,52,148,106,-79.803,-60.539,0.904,0.148,-36.656,0.13,-16.997,-21.599,-54.547,-13.384,-64.381,21.975,-48.96,14.382,-62.317,37.567,-86.609,0.257,-114.448,-11.118,-19.571,278.168,0.601,-20.973,0,0,,0,0,0,3
2,1,1,0,1,0,0,0,0,255,255,255,1,299.645,_Chun,0,140,1.203,-0.326,0,-29.822,-91.371,0.343,-11.019,0,0,4,인생최패망자,190,58,0,0,0,0,0,0,0,0,0,-0.004,-37.58,0.025,-16.801,-20.36,-52.09,-13,-64.382,24.69,-49.466,13.929,-60.459,41.633,-86.119,-0.101,-109.95,-12.315,-20.803,0,0,0,0,0,,0,0,0,0
3,1,1,0,2,0,0,0,0,255,255,255,2,315.456,_Chun,3,117,0.871,-1.277,4,500,0,0,0,1,0,4,인생최패망자,190,58,0,0,0,0,0,0,0,0,0,-0.163,-37.825,-0.348,-18.745,-19.581,-46.847,-13.169,-64.353,24.623,-49.402,13.344,-61.229,42.25,-87.222,-0.05,-109.922,0.031,-10.703,0,0,0,0,0,,0,0,0,0
4,1,1,0,0,1,0,0,0,255,255,255,3,347.915,_Chun,13,112,0.867,-0.234,2,226.968,399.453,0,0,1,1,1,Kr_Luna,190,57,348.795,121,128,25,143,71,-85.522,-83.995,1,0.32,-36.735,0.361,-16.846,-19.979,-49.834,-13.797,-64.768,24.897,-50.464,11.691,-61.186,41.2,-85.937,0.511,-116.162,7.029,-11.033,348.902,0.893,-21.074,0,0,,0,0,0,3
5,1,1,0,1,1,0,0,0,255,255,255,4,395.167,_Chun,13,106,1.874,-0.419,1,282.104,400,0,0,0,1,1,Kr_Luna,190,77,0,0,0,0,0,0,0,0,0,-0.089,-37.431,0.321,-16.682,-19.794,-49.401,-12.953,-64.086,24.607,-50.816,11.564,-63.776,41.499,-86.007,0.218,-114.48,10.815,-15.922,0,0,0,0,0,,0,0,0,0
6,1,1,1,1,1,0,0,0,255,255,255,5,412.644,_Chun,0,140,-0.635,0.458,2,-112.339,-99.927,0,0,1,1,1,Kr_Luna,190,77,413.42,113,112,23,141,67,40.265,-39.596,-0.469,0.195,-36.733,-0.284,-16.609,-19.946,-49.365,-12.986,-64.141,24.564,-50.778,11.657,-63.747,41.498,-86.013,0.197,-114.591,10.892,-16.398,0,0,0,417.902,4,ke ro,30.087,-57.532,0,1
7,1,1,0,0,2,0,0,0,255,255,255,6,442.35,_Chun,0,140,0.338,1.322,1,-56.033,-73.755,0,0,0,2,3,Riyaj,174.7,40,0,0,0,0,0,0,0,0,0,-0.122,-37.526,0.15,-16.609,-19.602,-48.437,-14.011,-64.08,24.16,-50.801,14.066,-64.382,37.78,-89.129,0.966,-107.118,-15.01,-21.011,0,0,0,0,0,,0,0,0,0
8,1,1,1,0,2,0,0,0,255,255,255,7,457.802,_Chun,0,134,1.056,0.35,2,-29.902,-125.647,0,0,1,2,3,Riyaj,174.7,40,458.717,123,215,83,157,64,5.721,29.394,-0.973,0.361,-36.57,0.063,-16.615,-19.342,-50.459,-13.874,-63.979,23.579,-48.871,14.114,-64.356,37.771,-89.118,0.698,-108.102,-18.054,-22.022,460.002,-9.065,-36.847,461.168,2,recorder1,-14.222,-45.221,0,2
9,1,0,0,0,0,0,0,0,255,255,255,0,564.072,Pugeuk,10,113,1.925,-0.239,2,0,400,0,0,1,0,2,recorder1,190,55,565.182,105,176,62,150,63,-18.089,24.502,-0.545,0.048,-37.751,-0.019,-17.424,-23.519,-49.076,-11.978,-65.341,16.276,-44.827,11.811,-60.013,43.713,-82.049,1.145,-106.321,-42.666,-90.137,565.385,-0.782,-23.96,568.535,3,Riyaj,-14.864,-55.064,1,2
10,1,0,0,0,0,0,0,0,255,255,255,1,608.918,Pugeuk,13,113,-0.474,-0.595,0,-310.249,392.104,0,0,0,1,1,Pring__,179.6,55,0,0,0,0,0,0,0,0,0,0.009,-38.108,0.144,-17.387,-15.381,-44.083,-11.528,-64.893,22.732,-49.126,10.047,-65.499,39.452,-74.609,1.95,-108.53,-49.386,-89.852,0,0,0,0,0,,0,0,0,0
11,1,0,0,1,0,0,0,0,255,255,255,2,625.068,Pugeuk,0,128,1.582,0.937,1,7.519,-200,0,0,0,1,1,Pring__,179.6,55,0,0,0,0,0,0,0,0,0,0.158,-37.973,0.066,-17.35,-15.378,-44.044,-11.542,-64.876,22.211,-50.237,12.435,-64.257,44.304,-81.681,-9.487,-110.265,-48.679,-88.432,0,0,0,0,0,,0,0,0,0
12,1,0,1,1,1,0,0,0,255,255,255,3,639.997,Pugeuk,13,112,-0.507,0.045,0,-405.109,293.064,-0.589,-14.426,1,1,1,Pring__,179.6,55,0,0,0,0,0,0,0,0,0,0.125,-37.982,0.052,-17.343,-15.374,-44.047,-11.71,-65.202,22.306,-49.48,12.774,-65.308,45.052,-88.173,-9.267,-110.283,-48.365,-86.972,0,0,0,0,0,,0,0,0,0
13,1,0,1,2,1,0,0,0,255,255,255,4,653.977,Pugeuk,12,103,0.05,-0.107,2,0,139.003,0,0,1,1,1,Pring__,179.6,55,654.924,101,166,157,155,129,-40.222,-26.884,0.425,-0.142,-37.357,0.031,-17.363,-15.185,-44.065,-10.445,-65.848,22.893,-49.981,13.026,-65.237,45.666,-88.325,-9.266,-110.274,-47.517,-85.727,655.018,0.546,-21.679,658.852,6,SOM_candy,34.97,-90.061,1,2
14,1,0,0,0,1,1,0,0,10,255,255,5,689.389,Pugeuk,10,115,1.019,-0.356,0,0,333.728,0,0,1,2,3,장덕춘_,169.9,55,0,0,0,0,0,0,0,0,0,0.14,-37.923,0.057,-17.449,-18.203,-41.797,-10.057,-64.227,16.047,-48.422,10.449,-65.661,44.568,-84.659,-4.945,-109.335,-45.033,-85.217,0,0,0,0,0,,0,0,0,0
15,1,0,0,1,1,1,0,0,10,255,255,6,706.367,Pugeuk,3,116,-0.23,0.699,2,-399.806,0,0,0,1,2,3,장덕춘_,169.9,55,707.236,91,186,17,142,95,15.068,24.754,0.017,-0.169,-37.282,-0.228,-17.264,-17.343,-42.844,-10.515,-64.27,15.495,-48.959,11.699,-65.307,44.687,-84.409,-1.418,-108.829,-44.341,-85.308,710.368,-28.177,-77.362,711.202,8,Sabo_10,-31.134,-82.994,1,2
16,1,0,0,0,1,1,1,0,12,10,255,7,737.451,Pugeuk,3,107,0.875,1.495,1,-430.831,0,0,0,0,3,4,ke ro,160,55,0,0,0,0,0,0,0,0,0,0.019,-37.755,-0.156,-17.4,-18.945,-41.38,-10.728,-64.25,19.106,-44.994,10.416,-65.692,40.616,-79.1,-0.079,-104.891,-41.826,-78.861,0,0,0,0,0,,0,0,0,0
17,1,0,1,0,1,1,1,0,12,10,255,8,755.902,Pugeuk,3,111,0.203,1.57,1,-361.882,0,0,0,0,3,4,ke ro,160,55,0,0,0,0,0,0,0,0,0,-0.025,-37.824,0.05,-17.361,-19.828,-40.987,-11.114,-64.853,20.533,-47.853,7.692,-66.444,40.637,-79.091,-0.139,-104.877,-40.862,-76.052,0,0,0,0,0,,0,0,0,0
18,1,0,2,0,1,1,1,0,12,10,255,9,777.677,Pugeuk,13,115,-0.1,-1.112,2,-369.788,336.537,0,0,1,3,4,ke ro,160,55,778.678,95,117,0,136,94,26.743,3.035,0.887,-0.149,-37.28,0.051,-17.343,-19.132,-42.276,-11.131,-64.933,20.369,-50.469,11.402,-65.743,41.496,-78.259,-0.409,-104.837,-41.388,-76.575,0,0,0,783.618,7,눈꽃,-13.674,-94.262,0,1
19,1,0,0,0,2,1,1,0,12,10,255,10,808.734,Pugeuk,0,124,0.187,0.996,0,-6.925,-200,0,0,0,4,5,Yaksok~,173.3,54,0,0,0,0,0,0,0,0,0,0.044,-37.798,-0.045,-17.395,-19.676,-41.875,-11.739,-65.362,18.169,-45.999,11.597,-65.669,35.061,-79.206,-9.095,-105.103,-37.599,-78.327,0,0,0,0,0,,0,0,0,0
20,1,0,0,1,2,1,1,0,12,10,255,11,844.538,Pugeuk,3,110,-1.138,0.731,2,-460.543,0,0,0,1,4,5,Yaksok~,173.3,54,845.413,117,178,0,143,77,18.345,5.29,-0.143,-0.351,-37.287,-0.295,-17.377,-19.29,-43.486,-11.807,-65.574,14.349,-48.473,11.369,-65.624,36.692,-76.708,-8.462,-106.338,-38.162,-78.468,0,0,0,848.819,3,Riyaj,-10.073,-69.274,0,1
21,2,1,0,0,0,0,0,0,255,255,255,8,897.049,_Chun,6,96,-2.2,0.335,2,-389.437,0.182,0,0,1,3,5,Slaris,175,54,898.137,88,89,51,125,113,37.556,-7.235,0.757,0.184,-36.8,-0.38,-16.825,-23.267,-51.802,-13.894,-64.425,23.554,-48.929,15.569,-61.841,37.587,-86.875,-0.278,-113.021,-8.254,-13.839,903.885,14.993,-113.549,904.069,7,D_arling,14.652,-111.639,0,1
22,2,1,0,0,1,0,0,0,255,255,255,9,929.4,_Chun,0,140,-1.692,-0.02,2,-67.777,-67.194,0,0,1,4,2,encounter v,190,54,930.419,105,144,14,141,81,-30.321,29.774,-0.094,0.159,-36.774,-0.211,-16.852,-21.637,-50.155,-13.422,-64.583,23.808,-48.679,13.002,-63.695,40.97,-89.083,0.669,-114.585,-8.196,-12.473,930.602,-1.349,-22.707,933.702,3,장덕춘_,-21.952,-60.673,0,2
23,2,1,0,0,2,0,0,0,255,255,255,10,963.953,_Chun,6,103,-1.579,-0.661,1,-468.182,0,-0.976,-17.302,0,5,7,눈꽃,163.4,54,0,0,0,0,0,0,0,0,0,-0.022,-37.488,-0.562,-17.138,-19.468,-49.011,-14.222,-64.165,24.847,-50.184,14.859,-62.801,38.774,-89.719,-0.774,-113.477,-8.133,-12.707,0,0,0,0,0,,0,0,0,0
24,2,1,1,0,2,0,0,0,255,255,255,11,999.446,_Chun,0,117,-0.148,0.256,0,73.605,-54.095,0.04,-12.286,0,5,7,눈꽃,163.4,54,0,0,0,0,0,0,0,0,0,-0.137,-37.831,0.038,-16.536,-20.132,-48.456,-14.165,-63.467,24.641,-50.726,14.827,-62.828,38.502,-89.248,-0.755,-113.533,-8.04,-12.863,0,0,0,0,0,,0,0,0,0
25,2,1,1,1,2,0,0,0,255,255,255,12,1020.19,_Chun,10,112,-0.334,-2.567,1,0,400,-0.085,-19.917,0,5,7,눈꽃,163.4,54,0,0,0,0,0,0,0,0,0,-0.14,-37.855,0.04,-16.781,-15.824,-44.645,-14.187,-63.501,24.584,-50.724,14.845,-62.79,38.499,-89.248,-0.752,-113.512,-8.213,-12.594,0,0,0,0,0,,0,0,0,0
26,2,1,2,1,2,0,0,0,255,255,255,13,1035.924,_Chun,0,128,-0.915,-0.478,2,26.409,-83.608,0,0,1,5,7,눈꽃,163.4,54,1037.053,114,173,44,149,57,3.904,-41.729,-0.827,0.278,-36.696,-0.104,-16.706,-19.115,-48.855,-14.171,-63.704,24.468,-50.627,14.85,-62.812,38.503,-89.254,-0.834,-113.615,-8.104,-12.493,1037.852,7.409,-28.636,1039.918,4,ke ro,19.282,-43.887,0,2
27,2,0,0,0,0,0,0,0,255,255,255,12,1102.418,Pugeuk,0,128,0.505,0.78,0,103.82,-200,0,0,0,5,6,-Alta-,174.5,54,0,0,0,0,0,0,0,0,0,0.036,-38.014,-0.02,-17.396,-16.521,-44.281,-13.086,-64.661,23.967,-49.955,13.399,-64.927,42.183,-80.477,10.07,-105.713,-33.603,-83.218,0,0,0,0,0,,0,0,0,0
28,2,0,0,1,0,0,0,0,255,255,255,13,1122.21,Pugeuk,8,123,-0.267,-0.128,2,50.477,0,0,0,1,5,6,-Alta-,174.5,54,1123.279,101,151,9,140,64,3.457,-24.992,-0.573,0.077,-37.649,0.334,-17.375,-16.467,-44.324,-13.15,-64.654,25.207,-48.912,13.275,-64.95,42.435,-81.589,8.47,-105.37,-39.363,-84.301,1124.235,7.026,-33.6,1126.618,5,Slaris,16.689,-55.759,0,2
29,2,0,0,0,1,0,0,0,255,255,255,14,1159.151,Pugeuk,0,124,1.04,-0.007,0,-11.083,-200,0.314,-11.511,0,6,7,D_arling,160,54,0,0,0,0,0,0,0,0,0,0.002,-37.926,0.097,-17.4,-23.843,-50.208,-11.903,-65.815,16.659,-43.866,12.083,-65.442,39.286,-80.524,-3.273,-108.937,-45.432,-79.088,0,0,0,0,0,,0,0,0,0
30,2,0,0,1,1,0,0,0,255,255,255,15,1179.249,Pugeuk,0,117,-0.589,-0.281,0,-29.779,0,-0.215,-13.572,1,6,7,D_arling,160,54,0,0,0,0,0,0,0,0,0,-0.027,-37.81,-0.313,-17,-24.413,-49.876,-11.967,-65.497,13.855,-47.389,10.264,-65.502,41.037,-79.35,-5.111,-104.959,-43.648,-79.301,0,0,0,0,0,,0,0,0,0
31,2,0,0,2,1,0,0,0,255,255,255,16,1206.899,Pugeuk,0,126,1.497,0.864,4,97.682,-200,0,0,1,6,7,D_arling,160,54,0,0,0,0,0,0,0,0,0,0.109,-38.1,0.066,-17.302,-22.936,-46.961,-11.925,-65.076,18.228,-50.783,9.442,-65.974,41.828,-76.072,-5.11,-104.96,-41.676,-76.601,0,0,0,0,0,,0,0,0,0
32,2,0,0,0,2,0,0,0,255,255,255,17,1237.831,Pugeuk,10,111,1.611,0.196,1,0,400,0.484,-14.297,0,7,0,_Chun,190,54,0,0,0,0,0,0,0,0,0,0.076,-37.916,0.204,-17.35,-20.192,-43.962,-8.77,-61.084,20.319,-46.304,10.707,-65.463,42.031,-81.436,9.933,-113.318,-37.661,-82.751,0,0,0,0,0,,0,0,0,0
33,2,0,1,0,2,0,0,0,255,255,255,18,1258.508,Pugeuk,10,113,1.259,-0.251,1,0,400,0,0,0,7,0,_Chun,190,54,0,0,0,0,0,0,0,0,0,0.04,-38.042,0.141,-17.33,-15.709,-45.142,-9.961,-63.431,20.424,-46.159,11.024,-65.647,44.065,-83.728,9.75,-113.31,-36.706,-89.82,0,0,0,0,0,,0,0,0,0
34,2,0,2,0,2,0,0,0,255,255,255,19,1277.005,Pugeuk,10,113,0.099,-1.744,4,0,400,0.026,-18.569,1,7,0,_Chun,190,54,0,0,0,0,0,0,0,0,0,-0.028,-37.666,0.047,-17.286,-19.977,-44.546,-9.955,-63.453,19.465,-41.681,10.861,-65.768,44.073,-83.367,9.927,-113.306,-37.196,-90.315,0,0,0,0,0,,0,0,0,0
35,2,0,2,1,2,0,0,0,255,255,255,20,1298.588,Pugeuk,0,123,1.635,2.125,1,179.255,-200,0,0,0,7,0,_Chun,190,54,0,0,0,0,0,0,0,0,0,0.016,-37.87,-0.109,-17.255,-17.745,-44.692,-9.982,-63.521,21.011,-47.498,10.933,-65.775,42.094,-82.329,9.871,-113.415,-36.424,-90.024,0,0,0,0,0,,0,0,0,0
36,2,0,3,1,2,0,0,0,255,255,255,21,1318.055,Pugeuk,0,122,0.303,0.353,0,-3.549,-178.603,0,0,1,7,0,_Chun,190,54,0,0,0,0,0,0,0,0,0,0.055,-38.073,0.026,-17.268,-17.811,-44.038,-10.093,-63.857,20.701,-45.259,11.939,-65.764,42.258,-81.681,9.871,-113.411,-35.108,-88.884,0,0,0,0,0,,0,0,0,0
37,2,0,3,2,2,0,0,0,255,255,255,22,1334.418,Pugeuk,0,118,2.356,0.579,4,-2.953,0,0,0,1,7,0,_Chun,190,54,0,0,0,0,0,0,0,0,0,0.056,-38.012,0.189,-17.351,-17.043,-43.182,-10.569,-64.192,21.911,-48.39,11.948,-65.692,41.706,-81.216,9.864,-113.429,-32.425,-91.167,0,0,0,0,0,,0,0,0,0
38,3,1,0,0,0,0,0,0,255,255,255,14,1394.323,_Chun,0,139,0.296,-0.354,2,-77.704,-75.304,0,0,1,6,8,Sabo_10,185.1,54,1395.375,102,141,34,143,121,-15.654,-33.599,0.321,0.367,-36.653,0.001,-16.913,-17.861,-48.545,-13.863,-64.203,25.419,-50.956,14.82,-62.772,37.695,-86.822,0.655,-110.076,-8.397,-14.97,1395.485,1.841,-22.493,1396.985,4,ke ro,21.28,-48.02,0,2
39,3,1,0,0,1,0,0,0,255,255,255,15,1425.21,_Chun,6,108,-1.087,-0.427,0,-478.41,0,-0.911,-14.102,0,7,6,SOM_candy,180.1,54,0,0,0,0,0,0,0,0,0,0.145,-37.421,-0.593,-17.037,-19.999,-48.727,-13.795,-64.254,25.1,-51.099,16.435,-60.844,43.376,-91.538,3.238,-109.633,6.264,-20.889,0,0,0,0,0,,0,0,0,0
40,3,1,0,1,1,0,0,0,255,255,255,16,1445.034,_Chun,0,137,-2.449,-0.19,4,-38.226,-74.131,0,0,1,7,6,SOM_candy,180.1,54,0,0,0,0,0,0,0,0,0,-0.059,-37.729,-0.194,-16.704,-19.234,-47.171,-14.007,-63.647,25.03,-51.079,15.844,-61.206,43.712,-92.291,3.18,-109.666,6.375,-20.854,0,0,0,0,0,,0,0,0,0
41,3,1,0,2,1,0,0,0,255,255,255,17,1473.744,_Chun,10,112,-0.959,-1.548,2,0,400,0,0,1,7,6,SOM_candy,180.1,54,1474.704,112,122,0,138,69,-28.072,30.429,1,0.198,-36.844,-0.111,-16.825,-18.683,-49.265,-14.21,-64.277,25.339,-51.307,15.512,-62.366,42.865,-90.692,-0.162,-109.286,6.346,-20.71,1474.768,-0.708,-21.697,1476.952,2,recorder1,-14.248,-44.176,0,2
42,3,1,0,0,2,0,0,0,255,255,255,18,1506.118,_Chun,0,137,0.278,0.809,0,-49.125,-78.722,-0.105,-16.954,0,8,0,Pugeuk,190,54,0,0,0,0,0,0,0,0,0,-0.156,-37.522,0.11,-16.537,-17.079,-46.499,-13.998,-64.37,23.978,-51.721,12.932,-61.39,42.347,-91.557,0.284,-106.654,1.099,-20.101,0,0,0,0,0,,0,0,0,0
43,3,1,0,1,2,0,0,0,255,255,255,19,1527.898,_Chun,3,121,0.349,0.228,2,389.291,0,-0.105,-16.954,1,8,0,Pugeuk,190,54,1528.939,75,97,29,96,62,16.005,12.325,-0.477,-0.116,-36.722,0.147,-16.707,-18.448,-50.003,-13.936,-64.219,23.472,-47.925,13.694,-62.015,42.324,-91.548,-0.058,-107.125,0.974,-20.162,1531.302,-6.701,-52.562,1532.469,3,장덕춘_,-8.474,-61.165,0,2
44,3,0,0,0,0,0,0,0,255,255,255,23,1593.346,Pugeuk,0,128,0.148,0.308,2,37.093,-200,-0.105,-16.954,1,0,2,recorder1,190,54,1594.335,107,151,9,141,60,20.118,35.581,-0.99,-0.226,-37.511,0.048,-17.254,-24.227,-50.035,-12.416,-64.38,18.034,-45.066,10.958,-65.89,41.654,-82.433,-7.407,-111.915,-40.27,-82.572,1596.785,-18.58,-45.577,1597.052,2,encounter v,-17.766,-44.443,0,1
45,3,0,0,0,1,0,0,0,255,255,255,24,1624.164,Pugeuk,0,128,0.97,0.344,2,-32.688,-200,0,0,1,1,1,Pring__,179.6,54,1625.006,112,143,44,146,130,44.031,5.764,0.327,-0.038,-37.33,0.063,-17.246,-12.342,-47.282,-11.438,-64.431,23.999,-50.087,12.535,-65.322,43.51,-89.21,-9.71,-113.135,-38.734,-90.548,1631.802,-12.658,-128.48,1631.968,7,눈꽃,-12.453,-126.842,0,1
46,3,0,0,0,2,0,0,0,255,255,255,25,1702.624,Pugeuk,0,126,1.086,-0.07,0,-15.661,-200,0.325,-10.762,0,2,3,장덕춘_,169.9,54,0,0,0,0,0,0,0,0,0,0.124,-37.893,0.03,-17.251,-21.062,-47.874,-11.436,-64.262,16.63,-50.488,10.352,-65.789,40.402,-94.593,-9.026,-113.009,-36.808,-82.26,0,0,0,0,0,,0,0,0,0
47,3,0,0,1,2,0,0,0,255,255,255,26,1723.145,Pugeuk,10,114,-0.083,-1.948,4,0,400,-0.022,-18.815,1,2,3,장덕춘_,169.9,54,0,0,0,0,0,0,0,0,0,0.024,-38.015,0.045,-17.324,-22.655,-48.217,-11.411,-64.42,17.331,-49.183,8.925,-66.488,40.434,-94.594,-10.116,-113.726,-38.258,-79.134,0,0,0,0,0,,0,0,0,0
48,3,0,0,2,2,0,0,0,255,255,255,27,1743.156,Pugeuk,3,112,0.708,1.092,2,-420.536,0,0,0,1,2,3,장덕춘_,169.9,54,1744.047,79,75,1,78,63,-49.054,40.298,-0.182,-0.094,-37.351,0.061,-17.325,-23.72,-49.118,-11.756,-65.194,22.24,-54.083,10.892,-65.69,44.267,-89.894,-10.11,-113.742,-39.581,-85.655,1744.218,-0.754,-20.769,1747.318,2,encounter v,-18.697,-41.5,0,2
49,4,1,0,0,0,0,0,0,255,255,255,20,1784.451,_Chun,6,111,1.158,-0.491,0,-490.576,0,0,0,0,0,4,인생최패망자,190,54,0,0,0,0,0,0,0,0,0,0.18,-37.725,0.038,-16.943,-18.449,-48.023,-13.895,-64.061,22.223,-47.59,16.058,-61.597,36.867,-86.417,0.028,-110.644,-8.72,-12.555,0,0,0,0,0,,0,0,0,0
50,4,1,0,1,0,0,0,0,255,255,255,21,1802.341,_Chun,10,105,0.743,-1.937,4,0,327.539,0.189,-19.158,1,0,4,인생최패망자,190,54,0,0,0,0,0,0,0,0,0,-0.055,-37.767,0.178,-17,-18.455,-47.087,-14.058,-64,22.308,-47.458,13.99,-61.485,36.867,-86.413,0.193,-110.755,-8.654,-12.9,0,0,0,0,0,,0,0,0,0
51,4,1,0,2,0,0,0,0,255,255,255,22,1823.29,_Chun,0,140,0.373,1.603,4,-30.72,-76.098,0,0,1,0,4,인생최패망자,190,54,0,0,0,0,0,0,0,0,0,-0.061,-37.616,0.099,-18.636,-18.174,-46.249,-14.06,-64.054,22.449,-47.657,12.77,-61.177,36.875,-86.408,0.134,-110.741,-7.682,-11.515,0,0,0,0,0,,0,0,0,0
52,4,1,0,0,1,0,0,0,255,255,255,23,1857.233,_Chun,6,116,-1.67,-0.309,2,-492.294,0,0,0,1,1,1,Kr_Luna,190,54,1858.077,118,131,59,148,103,4.203,35.289,0.919,0.221,-36.831,-0.248,-16.759,-18.118,-46.61,-14.294,-64.155,24.836,-50.108,14.926,-61.532,38.837,-88.047,0.125,-111.586,-7.737,-11.493,1859.252,-18.233,-46.506,1859.535,2,recorder1,-17.168,-45.022,0,1
53,4,1,0,0,2,0,0,0,255,255,255,24,1883.629,_Chun,0,131,0.875,0.133,0,-0.832,-80.045,0.271,-11.2,0,2,3,Riyaj,174.7,54,0,0,0,0,0,0,0,0,0,-0.237,-37.442,0.161,-16.838,-18.103,-47.234,-13.776,-62.621,21.909,-46.904,15.249,-61.678,39.434,-88.401,-0.072,-106.573,-7.228,-11.255,0,0,0,0,0,,0,0,0,0
54,4,1,0,1,2,0,0,0,255,255,255,25,1900,_Chun,10,109,0.985,-0.895,0,0,400,0,0,1,2,3,Riyaj,174.7,54,0,0,0,0,0,0,0,0,0,-0.043,-37.391,-0.105,-16.729,-16.867,-46.688,-13.728,-62.785,21.903,-46.896,14.132,-61.145,39.512,-88.304,-0.052,-106.649,-7.451,-11.31,0,0,0,0,0,,0,0,0,0
55,4,1,0,2,2,0,0,0,255,255,255,26,1919.819,_Chun,0,139,1.056,1.569,4,-19.963,-80.903,0,0,1,2,3,Riyaj,174.7,54,0,0,0,0,0,0,0,0,0,0.019,-37.365,0.042,-16.619,-19.029,-46.759,-13.864,-63.742,21.959,-46.945,14.872,-61.605,39.374,-88.628,-0.142,-106.664,-7.186,-11.326,0,0,0,0,0,,0,0,0,0
56,4,0,0,0,0,0,0,0,255,255,255,28,1971.334,Pugeuk,10,113,-0.241,-0.528,0,0,400,0,0,0,3,4,ke ro,160,54,0,0,0,0,0,0,0,0,0,-0.036,-38.002,0.025,-17.239,-22.249,-48.425,-11.975,-64.356,16.592,-47.197,10.791,-66.145,39.674,-82.724,-3.168,-111.197,-40.793,-78.792,0,0,0,0,0,,0,0,0,0
57,4,0,0,1,0,0,0,0,255,255,255,29,1992.838,Pugeuk,0,126,0.932,0.911,0,122.015,-200,0,0,0,3,4,ke ro,160,54,0,0,0,0,0,0,0,0,0,0.088,-37.665,0.114,-17.186,-24.277,-50.214,-12.208,-64.394,18.547,-49.108,9.573,-66.588,39.795,-82.375,-3.855,-105.697,-41.271,-83.443,0,0,0,0,0,,0,0,0,0
58,4,0,0,2,0,0,0,0,255,255,255,30,2010.992,Pugeuk,3,109,0.482,-0.159,0,-426.683,0,-0.385,-13.878,0,3,4,ke ro,160,54,0,0,0,0,0,0,0,0,0,0.02,-38.153,0.041,-17.237,-23.873,-51.224,-12.181,-64.345,16.168,-48.087,10.039,-65.765,39.665,-82.338,-1.255,-105.916,-40.063,-81.749,0,0,0,0,0,,0,0,0,0
59,4,0,0,0,1,0,0,0,255,255,255,31,2039.48,Pugeuk,10,118,-0.783,-1.014,0,0,318.488,0,0,1,4,5,Yaksok~,173.3,54,0,0,0,0,0,0,0,0,0,-0.036,-38.105,0.027,-17.203,-23.768,-50.252,-12.491,-64.538,16.653,-45.765,11.886,-65.79,39.414,-82.422,-2.305,-109.153,-40.028,-79.314,0,0,0,0,0,,0,0,0,0
60,4,0,0,1,1,0,0,0,255,255,255,32,2061.537,Pugeuk,0,128,1.345,0.738,4,174.805,-200,0.092,-21.127,1,4,5,Yaksok~,173.3,54,0,0,0,0,0,0,0,0,0,-0.022,-37.732,0.089,-17.494,-23.792,-50.182,-12.536,-64.553,17.076,-51.614,10.196,-65.941,40.224,-83.693,-3.953,-109.586,-41.439,-82.027,0,0,0,0,0,,0,0,0,0
61,4,0,0,2,1,0,0,0,255,255,255,33,2098.398,Pugeuk,0,128,0.76,0.616,4,181.691,-181.099,-0.15,-20.263,1,4,5,Yaksok~,173.3,54,0,0,0,0,0,0,0,0,0,-0.007,-37.894,0.095,-17.523,-23.492,-49.196,-12.427,-64.716,16.561,-48.89,9.415,-65.28,38.562,-85.137,-1.236,-107.331,-37.694,-83.963,0,0,0,0,0,,0,0,0,0
62,4,0,0,0,2,0,0,0,255,255,255,34,2138.718,Pugeuk,13,111,0.352,0.638,0,-409.831,286.023,-0.454,-13.38,1,5,6,-Alta-,174.5,54,0,0,0,0,0,0,0,0,0,0.072,-37.855,-0.429,-17.078,-11.023,-48.027,-12.507,-65.038,21.389,-46.748,12.154,-65.429,51.089,-89.973,13.365,-105.155,-37.895,-89.489,0,0,0,0,0,,0,0,0,0
63,4,0,0,1,2,0,0,0,255,255,255,35,2164.348,Pugeuk,0,129,2.417,0.715,1,177.213,-200,1.384,-6.661,0,5,6,-Alta-,174.5,54,0,0,0,0,0,0,0,0,0,0.011,-37.85,0.15,-17.203,-11.026,-47.981,-6.767,-66.93,23.212,-48.636,12.099,-65.499,51.916,-82.939,13.367,-104.38,-36.871,-97.641,0,0,0,0,0,,0,0,0,0
64,4,0,1,1,2,0,0,0,255,255,255,36,2190.658,Pugeuk,0,133,0.448,0.649,2,165.159,-200,1.384,-6.661,1,5,6,-Alta-,174.5,54,2191.713,71,74,1,64,64,14.302,-36.367,-0.996,-0.245,-37.166,0.051,-17.217,-11.136,-47.337,-6.694,-66.943,22.634,-51.564,12.16,-65.488,49.476,-82.317,13.316,-104.392,-36.705,-96.508,2193.552,16.85,-41.802,2194.202,4,인생최패망자,18.808,-44.417,0,2
65,5,1,0,0,0,0,0,0,255,255,255,27,2253.88,_Chun,10,111,0.896,-0.942,2,0,400,0,0,1,3,5,Slaris,175,54,2254.859,113,215,26,148,118,-2.617,-6.5,0.783,0.213,-36.759,0.106,-17.046,-18.908,-47.828,-13.88,-64.064,23.025,-49.031,14.37,-63.183,36.958,-88.289,0.015,-110.682,-10.951,-16.167,2255.185,1.183,-30.657,2258.835,7,D_arling,10.213,-102.177,1,2
66,5,1,0,0,0,1,0,0,5,255,255,28,2291.793,_Chun,6,112,-1.616,0.355,1,-441.454,0,0,0,0,4,2,encounter v,190,54,0,0,0,0,0,0,0,0,0,-0.143,-37.772,0.16,-17.183,-18.987,-43.265,-9.684,-61.05,24.308,-48.964,9.331,-64.046,37.693,-90.822,0.395,-109.621,-12.75,-17.172,0,0,0,0,0,,0,0,0,0
67,5,1,1,0,0,0,0,1,255,255,5,29,2353.068,_Chun,0,130,-0.879,1.874,2,-55.634,-56.616,0,0,1,4,2,encounter v,190,55,2354.085,27,33,0,3,44,13.269,-18.969,-0.401,0.391,-36.7,-0.058,-17.14,-11.47,-36.191,-12.532,-63.932,15.827,-36.615,13.363,-63.534,34.769,-84.273,0.911,-109.072,-14.077,-22.163,2355.868,5.705,-37.235,2358.302,5,Yaksok~,12.137,-48.766,1,2
68,5,1,0,0,1,0,0,0,255,255,255,30,2431.682,_Chun,3,123,1.406,0.986,4,416.398,0,0,0,1,5,7,눈꽃,163.4,54,0,0,0,0,0,0,0,0,0,-0.119,-37.722,0.033,-16.565,-18.353,-46.209,-11.745,-63.59,22.692,-47.149,12.838,-61.409,37.516,-91.097,0.399,-108.846,-14.351,-22.286,0,0,0,0,0,,0,0,0,0
69,5,1,0,1,1,0,0,0,255,255,255,31,2451.632,_Chun,6,105,-1.59,-0.054,4,-477.273,0,0,0,1,5,7,눈꽃,163.4,54,0,0,0,0,0,0,0,0,0,-0.064,-37.708,-0.023,-16.513,-18.056,-46.042,-12.013,-65.442,23.259,-47.195,13,-61.177,37.514,-91.1,0.329,-109.481,-14.698,-24.299,0,0,0,0,0,,0,0,0,0
70,5,1,0,2,1,0,0,0,255,255,255,32,2472.886,_Chun,10,104,-0.023,-2.268,4,0,400,-0.006,-19.447,1,5,7,눈꽃,163.4,54,0,0,0,0,0,0,0,0,0,-0.102,-37.669,-0.165,-17.125,-19.051,-44.646,-13.529,-64.228,23.392,-47.47,12.365,-60.509,37.465,-91.033,0.285,-109.584,-13.005,-21.445,0,0,0,0,0,,0,0,0,0
71,5,1,0,0,2,0,0,0,255,255,255,33,2511.698,_Chun,0,135,0.408,0.605,0,-13.459,-114.145,0.545,-16.736,1,6,8,Sabo_10,185.1,54,0,0,0,0,0,0,0,0,0,-0.386,-37.593,0.108,-16.414,-18.386,-43.824,-12.72,-63.52,24.379,-49.319,13.644,-62.612,38.597,-91.354,0.227,-109.507,-34.543,-82.031,0,0,0,0,0,,0,0,0,0
72,5,1,0,1,2,0,0,0,255,255,255,34,2535.463,_Chun,6,99,0.781,-0.864,0,-375.635,0,-0.014,-17.036,0,6,8,Sabo_10,185.1,54,0,0,0,0,0,0,0,0,0,-0.105,-37.856,0.108,-16.708,-17.822,-45.92,-13.642,-64.111,24.365,-49.319,13.759,-62.804,38.583,-91.346,0.366,-109.767,-36.573,-85.302,0,0,0,0,0,,0,0,0,0
73,5,1,0,2,2,0,0,0,255,255,255,35,2557.632,_Chun,3,107,2.245,-0.042,2,392.525,0,0,0,1,6,8,Sabo_10,185.1,54,2558.81,100,156,66,149,102,38.171,-9.812,0.929,0.357,-36.863,0.794,-16.712,-17.909,-47.795,-13.579,-64.078,24.281,-49.22,13.846,-62.696,38.584,-91.349,0.341,-109.708,-37.24,-87.318,2563.902,27.414,-97.263,2564.085,6,-Alta-,26.724,-95.599,0,1
74,5,0,0,0,0,0,0,0,255,255,255,37,2608.887,Pugeuk,0,128,0.025,0.499,2,105.295,-200,0,0,1,6,7,D_arling,160,54,2609.878,129,173,50,152,94,43.462,23.284,-0.069,-0.353,-37.271,0.04,-17.09,-25.044,-51.856,-12.837,-64.576,15.781,-50.5,10.567,-62.657,44.564,-87.548,0.769,-111.103,-48.634,-79.425,2615.302,-35.67,-81.131,2615.435,8,Sabo_10,-34.875,-79.846,0,1
75,5,0,0,0,1,0,0,0,255,255,255,38,2647.062,Pugeuk,0,124,0.715,0.853,0,89.209,-190.462,0,0,1,7,0,_Chun,190,54,0,0,0,0,0,0,0,0,0,0.012,-37.76,0.049,-17.343,-10.336,-35.258,-11.376,-64.097,21.196,-46.084,12.278,-65.265,42.208,-84.593,8.787,-112.756,-41.002,-93.302,0,0,0,0,0,,0,0,0,0
76,5,0,1,1,1,0,0,0,255,255,255,39,2668.89,Pugeuk,0,0,0,0,0,0,0,0,0,0,7,0,_Chun,190,54,0,0,0,0,0,0,0,0,0,0,0,0,0,0,0,0,0,0,0,0,0,0,0,0,0,0,0,0,0,0,0,0,,0,0,0,0
77,5,0,1,1,1,0,0,0,255,255,255,40,2688.519,Pugeuk,0,126,0.132,0.074,0,87.017,-157.968,0,0,1,7,0,_Chun,190,54,0,0,0,0,0,0,0,0,0,0.029,-37.85,0.059,-17.261,-10.857,-49.317,-11.674,-64.141,21.605,-47.063,12.177,-65.441,42.632,-84.186,9.338,-112.683,-36.067,-95.358,0,0,0,0,0,,0,0,0,0
78,5,0,1,2,1,0,0,0,255,255,255,41,2707.069,Pugeuk,0,126,-0.449,0.287,0,-37.713,-191.93,0,0,0,7,0,_Chun,190,54,0,0,0,0,0,0,0,0,0,0.092,-38.077,0.038,-17.29,-16.143,-45.207,-11.335,-64.218,19.55,-45.337,12.497,-65.388,42.512,-84.363,7.953,-111.655,-41.082,-92.313,0,0,0,0,0,,0,0,0,0
79,5,0,0,0,2,0,0,0,255,255,255,42,2730.25,Pugeuk,10,115,-0.67,0.638,0,-0.104,306.797,-0.244,-13.386,0,8,8,_이누_,174.6,54,0,0,0,0,0,0,0,0,0,0.076,-37.628,0.069,-17.311,-22.578,-47.79,-11.898,-64.742,17.271,-50.086,11.996,-65.403,42.494,-84.35,-5.391,-110.833,-41.586,-84.463,0,0,0,0,0,,0,0,0,0
80,5,0,0,1,2,0,0,0,255,255,255,43,2749.98,Pugeuk,0,126,-0.564,-0.021,0,99.793,-200,0.012,-10.071,0,8,8,_이누_,174.6,54,0,0,0,0,0,0,0,0,0,0.049,-38.086,0.03,-17.273,-21.634,-47.136,-12.568,-64.935,17.324,-49.792,10.272,-66.084,42.653,-83.277,-7.935,-105.203,-42.38,-84.162,0,0,0,0,0,,0,0,0,0
81,5,0,0,2,2,0,0,0,255,255,255,44,2764.622,Pugeuk,3,111,-1.102,0.011,2,-399.098,0,0.012,-10.071,1,8,8,_이누_,174.6,54,2765.7,103,194,0,142,69,-7.584,33.236,0.985,-0.148,-37.506,0.022,-17.293,-22.829,-47.925,-12.645,-64.94,17.575,-51.277,11.836,-65.76,42.694,-83.23,-7.958,-105.23,-42.374,-84.134,2766.052,-3.553,-25.142,2767.918,2,encounter v,-16.754,-43.781,0,2
82,6,1,0,0,0,0,0,0,255,255,255,36,2815.319,_Chun,0,128,0.496,-0.26,0,-61.61,-51.483,0,0,0,7,6,SOM_candy,180.1,54,0,0,0,0,0,0,0,0,0,-0.115,-37.111,0.119,-16.836,-9.845,-34.38,-12.781,-64.542,17.693,-42.714,12.367,-64.268,36.872,-86.321,-0.253,-110.69,-36.978,-88.465,0,0,0,0,0,,0,0,0,0
83,6,1,0,2,0,0,0,0,255,255,255,37,2850.541,_Chun,10,103,-0.187,-1.879,4,0,400,-0.048,-19.061,1,7,6,SOM_candy,180.1,54,0,0,0,0,0,0,0,0,0,-0.15,-37.536,-0.079,-16.889,-19.38,-44.98,-13.708,-64.551,18.816,-43.001,11.722,-62.235,36.67,-85.839,-0.132,-110.786,-33.343,-92.144,0,0,0,0,0,,0,0,0,0
84,6,1,0,0,1,0,0,0,255,255,255,38,2880.412,_Chun,6,96,-1.986,0.091,4,-436.364,0,-1.372,-13.154,1,8,0,Pugeuk,190,54,0,0,0,0,0,0,0,0,0,-0.302,-37.675,-0.329,-16.585,-17.994,-46.904,-14.19,-64.206,24.17,-48.562,12.265,-64.447,39.662,-88.735,-0.279,-110.784,-42.42,-91.522,0,0,0,0,0,,0,0,0,0
85,6,1,0,1,1,0,0,0,255,255,255,39,2895.671,_Chun,6,103,-1.931,-0.494,2,-367.735,0,0,0,1,8,0,Pugeuk,190,54,2896.768,87,234,33,144,91,-11.037,11.291,0.913,0.278,-36.797,-0.392,-16.59,-18.645,-46.729,-14.098,-64.29,24.096,-48.523,12.746,-64.241,39.542,-88.886,-0.31,-110.843,-42.261,-88.157,2896.902,-1.285,-24.202,2899.102,3,장덕춘_,-8.374,-60.263,0,2
86,6,1,0,0,2,0,0,0,255,255,255,40,2929.274,_Chun,0,140,0.651,1.664,2,-23.8,-131.557,0,0,1,0,4,인생최패망자,190,54,2930.358,91,133,0,136,67,42.002,37.502,-0.513,0.463,-36.796,0.1,-16.436,-19.178,-48.9,-13.633,-64.551,24.444,-49.524,10.811,-63.706,40.16,-91.279,0.703,-111.358,-45.149,-97.317,0,0,0,2935.269,2,recorder1,-31.155,-56.638,0,1
87,6,0,0,0,0,0,0,0,255,255,255,45,3027.385,encounter v,0,136,0.767,1.754,4,35.57,-118.288,0,0,1,0,0,recorder1,190,54,0,0,0,0,0,0,0,0,0,-0.092,-36.923,0,-17.258,-22.575,-52.161,-11.992,-64.916,17.796,-50.998,12.415,-65.687,34.704,-80.367,-5.623,-110.429,-37.729,-85.958,0,0,0,0,0,,0,0,0,0
88,6,0,0,1,0,0,0,0,255,255,255,1,3044.912,encounter v,0,140,0.415,0.402,2,23.033,-124.259,0,0,1,0,0,recorder1,190,53,3045.931,94,154,0,138,104,-22.26,44.712,0.806,-0.221,-36.814,0.026,-17.263,-22.736,-51.422,-12.09,-64.858,17.696,-49.422,12.182,-65.789,36.197,-79.55,-5.978,-110.291,-39.302,-81.618,3046.019,-3.129,-21.523,0,0,,0,0,0,3
89,6,0,0,2,0,0,0,0,255,255,255,2,3080.952,encounter v,0,140,-0.449,-0.062,2,0,0,0,0,1,0,0,recorder1,190,53,3081.953,100,187,28,145,72,-8.305,17.499,-0.208,-0.401,-37.035,0.035,-17.353,-22.69,-51.622,-13.34,-63.574,15.775,-48.631,11.174,-64.768,34.945,-76.598,-5.931,-107.857,-42.446,-79.605,3082.219,-1.793,-25.242,3084.785,3,Riyaj,-10.331,-57.145,0,2
90,6,0,0,0,1,0,0,0,255,255,255,3,3109.17,encounter v,11,128,0.077,-0.922,0,86.547,178.098,0,0,1,1,1,Pring__,179.6,53,0,0,0,0,0,0,0,0,0,-0.228,-37.163,0.036,-17.329,-20.568,-49.261,-12.18,-62.164,21.651,-47.942,14.743,-64.5,43.987,-90.042,-4.552,-112.807,-39.222,-86.482,0,0,0,0,0,,0,0,0,0
91,6,0,0,1,1,0,0,0,255,255,255,4,3123.537,encounter v,0,140,-0.261,0.132,0,36.781,-90.4,0,0,1,1,1,Pring__,179.6,53,0,0,0,0,0,0,0,0,0,-0.222,-36.9,0.018,-17.291,-19.432,-48.857,-11.744,-64.556,20.692,-46.634,14.173,-65.037,42.325,-88.174,-4.557,-112.806,-40.024,-85.033,0,0,0,0,0,,0,0,0,0
92,6,0,0,2,1,0,0,0,255,255,255,5,3138.096,encounter v,15,89,-0.258,1.851,1,0,-400,0,0,0,1,1,Pring__,179.6,53,0,0,0,0,0,0,0,0,0,-0.223,-36.786,-0.093,-17.319,-19.839,-47.503,-11.779,-64.525,21.505,-48.788,8.393,-66.895,42.535,-88.112,-4.559,-112.802,-39.687,-83.918,0,0,0,0,0,,0,0,0,0
93,6,0,1,2,1,0,0,0,255,255,255,6,3152.514,encounter v,5,111,-0.303,0.546,0,-148.992,0,0,0,1,1,1,Pring__,179.6,53,0,0,0,0,0,0,0,0,0,-0.275,-37.244,0.017,-17.324,-20.418,-50.002,-12.006,-65.062,20.578,-45.637,11.743,-65.854,42.537,-88.135,-4.548,-112.804,-39.777,-82.295,0,0,0,0,0,,0,0,0,0
94,6,0,0,0,2,0,0,0,255,255,255,7,3184.664,encounter v,0,88,1.835,11.429,1,-24.092,21.536,1.525,-6.939,0,2,3,장덕춘_,169.9,53,0,0,0,0,0,0,0,0,0,-0.393,-38.81,0.042,-17.343,-18.452,-43.49,-8.271,-60.569,18.033,-43.188,12.121,-65.843,38.121,-81.186,-4.37,-112.839,-33.946,-74.722,0,0,0,0,0,,0,0,0,0
95,6,0,1,0,2,0,0,0,255,255,255,8,3205.892,encounter v,0,140,0.677,0.618,0,61.195,-89.286,0,0,0,2,3,장덕춘_,169.9,53,0,0,0,0,0,0,0,0,0,0.035,-36.983,0.079,-17.302,-21.309,-50.162,-11.306,-64.719,17.191,-50.122,12.107,-65.773,40.8,-83.914,-4.358,-112.85,-35.369,-74.505,0,0,0,0,0,,0,0,0,0
96,6,0,1,1,2,0,0,0,255,255,255,9,3220.589,encounter v,6,105,1.03,-0.741,0,380.583,0,0,0,1,2,3,장덕춘_,169.9,53,0,0,0,0,0,0,0,0,0,0.185,-37.17,0.231,-17.238,-21.34,-49.477,-11.445,-64.741,16.605,-49.745,9.527,-66.229,40.17,-83.157,-4.572,-112.903,-35.059,-74.619,0,0,0,0,0,,0,0,0,0
97,6,0,1,2,2,0,0,0,255,255,255,10,3236.048,encounter v,15,102,-0.149,1.519,4,14.026,-400,0,0,1,2,3,장덕춘_,169.9,53,0,0,0,0,0,0,0,0,0,-0.14,-36.858,0.068,-17.283,-21.746,-50.83,-11.263,-64.786,17.3,-48.057,11.331,-65.745,40.186,-83.157,-4.713,-112.898,-34.042,-74.24,0,0,0,0,0,,0,0,0,0
98,7,1,0,0,0,0,0,0,255,255,255,41,3286.468,recorder1,0,125,0.826,-0.269,2,241.665,131.304,0,0,1,1,1,Kr_Luna,190,53,3287.3,120,126,10,141,70,-11.426,-38.689,1,-0.038,-36.959,0.239,-16.859,-20.976,-44.218,-13.467,-64.221,24.216,-50.895,12.788,-64.907,38.53,-89.303,0.021,-110.958,-36.173,-85.134,3287.552,3.18,-24.523,3289.585,4,ke ro,18.783,-44.041,0,2
99,7,1,0,0,1,0,0,0,255,255,255,1,3316.449,recorder1,0,132,3.383,2.236,2,104.431,24.865,0,0,1,2,3,Riyaj,174.7,53,3317.406,117,209,18,147,64,37.01,-27.748,-0.961,-0.256,-36.991,0.031,-16.789,-23.178,-48.05,-13.397,-64.735,23.5,-49.665,12.255,-63.69,36.575,-87.132,0.666,-107.556,-31.449,-81.376,0,0,0,3321.835,4,ke ro,23.003,-60.623,0,1
100,7,1,0,0,2,0,0,0,255,255,255,2,3342.405,recorder1,0,137,-0.584,0.885,0,235.263,73.897,0,0,0,3,5,Slaris,175,53,0,0,0,0,0,0,0,0,0,-0.131,-37.652,-0.011,-16.642,-22.972,-46.517,-14.219,-64.536,23.025,-54.05,12.714,-64.781,33.101,-87.251,0.641,-108.879,-39.094,-87.715,0,0,0,0,0,,0,0,0,0
101,7,1,0,1,2,0,0,0,255,255,255,3,3362.355,recorder1,5,126,0.514,-0.203,2,-62.719,0,0,0,1,3,5,Slaris,175,53,3363.323,112,178,27,146,86,39.823,-42.95,0.97,-0.359,-37.086,0.012,-16.956,-23.987,-48.78,-14.152,-64.731,23.022,-53.965,12.734,-64.771,34.159,-90.071,0.712,-109.015,-39.063,-87.698,3367.969,41.176,-80.329,3368.135,6,-Alta-,39.859,-78.338,0,1
102,7,0,0,0,0,0,0,0,255,255,255,11,3408.282,encounter v,0,83,0.17,0.537,2,0,0,0,0,1,3,4,ke ro,160,53,3409.351,107,172,21,144,100,35.726,45.796,0.921,-0.158,-36.927,0.081,-17.033,-20.467,-52.757,-12.014,-65.521,16.573,-50.633,12.179,-65.714,39.884,-76.372,-0.223,-110.609,-40.894,-81.415,3413.918,-67.501,-69.187,0,0,,0,0,0,0
103,7,0,0,1,0,0,0,0,255,255,255,12,3428.814,encounter v,0,140,-0.262,-0.376,0,39.488,-90.984,-0.034,-12.377,0,3,4,ke ro,160,53,0,0,0,0,0,0,0,0,0,-0.104,-36.819,0.033,-17.317,-21.074,-49.443,-12.731,-64.968,18.093,-50.129,11.885,-66.272,39.416,-76.722,-12.888,-112.002,-46.813,-84.169,0,0,0,0,0,,0,0,0,0
104,7,0,0,2,0,0,0,0,255,255,255,13,3444.956,encounter v,0,140,0.036,1.586,4,56.535,-186.978,0,0,1,3,4,ke ro,160,53,0,0,0,0,0,0,0,0,0,-0.073,-37.165,0.057,-17.297,-21.145,-49.572,-12.748,-64.954,19.16,-52.429,12.677,-65.38,42.454,-87.786,-12.871,-112.012,-46.849,-84.184,0,0,0,0,0,,0,0,0,0
105,7,0,0,0,1,0,0,0,255,255,255,14,3466.769,encounter v,14,112,1.283,-1.77,1,353.628,353.479,0.439,-18.448,0,4,5,Yaksok~,173.3,53,0,0,0,0,0,0,0,0,0,0.026,-37.051,0.053,-17.292,-20.977,-49.872,-11.295,-64.684,16.96,-50.184,12.709,-65.395,42.307,-87.513,-12.78,-112.146,-43.127,-83.383,0,0,0,0,0,,0,0,0,0
106,7,0,1,0,1,0,0,0,255,255,255,15,3480.148,encounter v,10,119,-1.032,0.167,2,0,400,0,0,1,4,5,Yaksok~,173.3,53,3480.983,101,128,12,139,117,35.157,-4.07,0.581,-0.392,-36.934,0.027,-17.372,-21.084,-50.033,-11.342,-64.769,16.39,-49.918,12.561,-65.33,42.327,-87.524,-12.912,-112.024,-44.357,-84.462,3485.719,2.416,-113.485,3489.418,-1,Multeinn,1.801,-129.415,1,2
107,7,0,0,0,1,0,1,0,255,14,255,16,3512.88,encounter v,0,140,-1.359,1.058,2,53.556,-75.382,0,0,1,5,6,-Alta-,174.5,53,3513.752,64,92,0,66,64,-33.298,-11.464,-0.636,-0.369,-36.924,0.08,-17.329,-18.979,-50.672,-10.467,-65.33,21.393,-46.477,10.423,-65.127,38.889,-80.467,9.292,-109.559,-41.299,-93.337,3513.735,-0.006,-21.015,3517.185,-1,Multeinn,6.241,-55.213,0,2
108,7,0,0,0,2,0,1,0,255,14,255,17,3538.262,encounter v,0,136,1.043,1.451,4,57.58,-65.957,0,0,1,6,7,D_arling,160,53,0,0,0,0,0,0,0,0,0,0.037,-37.048,0.083,-17.266,-20.712,-49.465,-11.887,-65.183,18.424,-44.193,9.392,-65.129,38.833,-81.346,-2.722,-106.539,-46.051,-82.717,0,0,0,0,0,,0,0,0,0
109,7,0,0,1,2,0,1,0,255,14,255,18,3551.742,encounter v,15,109,-0.23,2.055,4,0,-400,0,0,1,6,7,D_arling,160,53,0,0,0,0,0,0,0,0,0,-0.028,-37.034,0.062,-17.376,-22.317,-52.681,-12.026,-65.108,17.953,-43.512,6.197,-61.137,38.54,-74.702,-2.84,-106.996,-44.3,-80.291,0,0,0,0,0,,0,0,0,0
110,7,0,0,2,2,0,1,0,255,14,255,19,3566.275,encounter v,0,131,1.117,-0.635,0,250,106.747,0.707,-17.548,1,6,7,D_arling,160,53,3567.254,0,0,0,0,36,3.669,-19.803,-0.018,-0.068,-36.824,0.026,-17.216,-22.399,-52.92,-11.955,-65.335,16.838,-48.624,11.413,-64.935,38.106,-75.845,-3.495,-106.715,-46.614,-80.582,3567.835,2.712,-26.14,3570.685,-1,Multeinn,8.888,-40.89,0,2
111,8,1,0,0,0,0,0,0,255,255,255,4,3621.935,recorder1,0,81,-1.547,-1.245,1,-1.912,14.016,-0.693,-17.812,0,4,0,encounter v,190,53,0,0,0,0,0,0,0,0,0,-0.444,-37.163,-0.512,-17.43,-22.307,-46.403,-14.189,-64.564,23.655,-49.52,13.824,-62.779,38.429,-87.175,0.044,-106.13,-34.104,-92.347,0,0,0,0,0,,0,0,0,0
112,8,1,0,1,0,0,0,0,255,255,255,5,3639.596,recorder1,0,140,1.165,-0.381,0,99.831,28.066,0.628,-8.153,0,4,0,encounter v,190,53,0,0,0,0,0,0,0,0,0,-0.211,-36.809,-0.027,-16.694,-21.537,-46.979,-14.076,-64.294,23.739,-49.611,12.976,-62.872,38.284,-87.422,-0.069,-106.153,-32.303,-87.47,0,0,0,0,0,,0,0,0,0
113,8,1,0,2,0,0,0,0,255,255,255,6,3655.402,recorder1,3,126,0.119,0.111,2,-499.994,-2.529,0.628,-8.153,1,4,0,encounter v,190,53,3656.495,81,94,0,105,66,35.289,-26.325,-0.285,-0.064,-37.276,-0.021,-16.587,-21.612,-46.642,-13.907,-64.398,23.61,-49.508,12.973,-62.813,38.372,-87.248,0.037,-106.161,-32.393,-87.484,0,0,0,3661.435,-1,Multeinn,22.513,-62.875,0,1
114,8,1,0,0,1,0,0,0,255,255,255,7,3680.342,recorder1,0,124,-0.749,-0.208,2,129.64,74.464,0,0,1,5,7,눈꽃,163.4,53,3681.276,53,99,23,46,55,17.159,-40.436,-0.997,-0.235,-36.956,-0.206,-16.558,-22.159,-47.082,-13.757,-64.6,25.085,-52.764,13.665,-63.464,37.518,-84.281,-0.029,-109.028,-42.822,-88.3,3682.985,14.897,-37.176,3684.402,-1,Multeinn,22.277,-45.545,1,2
115,8,1,0,0,1,1,0,0,7,255,255,8,3711.769,recorder1,0,124,0.624,-1.105,4,103.84,45.77,0,0,1,6,8,Sabo_10,185.1,53,0,0,0,0,0,0,0,0,0,-0.423,-37.292,0.661,-18.901,-19.765,-43.484,-0.427,-58.981,23.02,-47.278,11.731,-62.847,37.746,-91.489,0.096,-106.77,-34.8,-87.434,0,0,0,0,0,,0,0,0,0
116,8,1,0,1,1,0,1,0,255,7,255,9,3732.752,recorder1,0,129,0.709,0.276,0,181.13,100.358,0.382,-16.737,1,6,8,Sabo_10,185.1,53,0,0,0,0,0,0,0,0,0,-0.023,-36.952,0.279,-16.751,-19.678,-41.339,-3.267,-60.049,23.462,-48.556,13.036,-61.541,39.253,-92.86,-0.363,-111.23,-34.52,-94.475,0,0,0,0,0,,0,0,0,0
117,8,1,0,2,2,0,0,0,255,255,255,10,3767.742,recorder1,0,128,0.016,0.435,0,155.405,5.375,0.058,-17.227,1,6,8,Sabo_10,185.1,53,0,0,0,0,0,0,0,0,0,-0.308,-37.74,-0.083,-16.517,-20.465,-44.39,-12.299,-64.42,23.636,-48.224,12.973,-62.099,38.528,-89.342,-0.573,-111.315,-39.105,-98.683,0,0,0,0,0,,0,0,0,0
118,8,0,0,0,0,0,0,0,255,255,255,0,3834.394,인생최패망자,0,135,-1.18,1.269,1,59.33,-161.742,0,0,0,7,2,_Chun,190,53,0,0,0,0,0,0,0,0,0,-0.006,-37.205,-0.013,-17.417,-20.387,-53.196,-10.192,-65.908,20.866,-45.531,13.56,-63.416,37.201,-79.304,3.809,-105.47,-40.974,-87.22,0,0,0,0,0,,0,0,0,0
119,8,0,1,0,0,0,0,0,255,255,255,1,3848.928,인생최패망자,10,112,-1.722,0.611,2,0,400,0,0,1,7,2,_Chun,190,53,3849.935,114,174,55,150,67,-11.893,32.679,-0.648,-0.46,-37.04,0.042,-17.346,-20.643,-53.166,-10.072,-65.933,20.17,-45.155,15.461,-63.776,37.045,-79.467,3.833,-105.494,-41.51,-87.483,3850.185,-3.492,-25.82,3857.902,-1,Multeinn,-19.217,-40.47,0,2
120,8,0,0,0,1,0,0,0,255,255,255,2,3887.461,인생최패망자,0,140,1.382,-0.175,1,86.204,-200,0.613,-9.846,0,8,8,_이누_,174.6,53,0,0,0,0,0,0,0,0,0,0.165,-37.58,0.13,-17.33,-20.935,-52.408,-11.417,-64.555,19.461,-44.513,11.698,-64.845,36.686,-74.752,-7.803,-107.607,-42.012,-79.306,0,0,0,0,0,,0,0,0,0
121,8,0,1,0,1,0,0,0,255,255,255,3,3903.489,인생최패망자,0,140,-0.954,0.839,0,0,0,0,0,1,8,8,_이누_,174.6,53,0,0,0,0,0,0,0,0,0,-0.018,-37.715,0.017,-17.26,-20.78,-52.022,-11.395,-64.522,18.257,-43.2,9.83,-66.187,42.965,-82.356,-7.963,-107.68,-39.398,-79.234,0,0,0,0,0,,0,0,0,0
122,8,0,1,1,1,0,0,0,255,255,255,4,3919.084,인생최패망자,4,84,-1.545,-0.255,2,-195.849,0,0,0,1,8,8,_이누_,174.6,53,3920.276,39,54,227,25,34,-14.436,39.296,0.924,-0.197,-37.173,0.014,-17.265,-20.311,-52.276,-11.491,-64.803,17.58,-43.891,12.057,-65.629,42.44,-84.945,-10.643,-107.866,-42.176,-79.169,3920.502,-2.047,-21.545,3924.035,-1,Multeinn,-10.103,-35.683,0,2
123,8,0,0,0,2,0,0,0,255,255,255,5,3950.039,인생최패망자,13,86,-1.692,-0.813,4,-293.708,329.955,0,0,1,0,6,recorder1,190,53,0,0,0,0,0,0,0,0,0,0.171,-37.852,-0.085,-17.3,-21.974,-52.917,-12.096,-61.564,17.746,-42.897,8.15,-64.92,41.951,-88.633,-7.039,-107.638,-39.177,-75.56,0,0,0,0,0,,0,0,0,0
124,8,0,0,1,2,0,0,0,255,255,255,6,3967.639,인생최패망자,0,130,-1.054,1.345,2,0,0,0,0,1,0,6,recorder1,190,53,3968.741,93,140,67,147,62,39.088,50.929,-0.982,-0.274,-37.099,-0.071,-17.211,-22.103,-53.223,-11.968,-62.131,15.91,-44.686,12.587,-65.304,40.974,-86.731,-7.258,-107.63,-43.452,-80.392,3972.302,-33.59,-46.054,0,0,,0,0,0,3
125,8,0,0,2,2,0,0,0,255,255,255,7,3992.27,인생최패망자,11,91,0.731,-0.934,2,0,160.481,0,0,1,0,6,recorder1,190,53,3993.509,97,185,221,155,80,33.083,15.635,0.975,0.152,-37.219,0.022,-17.236,-21.354,-52.43,-12.292,-63.59,15.797,-44.153,12.294,-65.249,41.074,-84.84,-9.299,-108.604,-41.989,-76.856,3998.252,-14.123,-85.816,3998.985,-1,Multeinn,-14.408,-89.005,1,2
126,8,0,0,0,2,1,0,0,9,255,255,8,4020.76,인생최패망자,0,128,-1.772,-0.349,2,0,0,0,0,1,1,1,Pring__,179.6,53,4021.587,115,144,0,140,65,-2.29,36.952,-0.939,-0.446,-36.985,0.029,-17.374,-19.755,-43.675,-4.266,-62.265,20.899,-45.552,10.75,-65.517,37.955,-81.956,-10.144,-108.753,-37.741,-81.632,4022.119,-5.663,-27.148,4023.935,-1,Multeinn,-16.561,-41.222,1,2
127,9,1,0,0,0,0,0,0,255,255,255,0,4108.906,-Alta-,0,126,-0.6,-0.748,2,-9.074,-38.003,0,0,1,7,6,SOM_candy,180.1,53,4109.992,94,77,0,95,65,-28.592,-32.358,-0.068,0.423,-36.634,-0.186,-16.65,-21.691,-44.982,-13.436,-64.496,24.173,-50.004,11.56,-61.577,37.63,-75.471,-0.075,-110.511,-30.871,-90.278,4109.968,0.522,-20.39,4112.902,-1,Multeinn,17.975,-46.727,0,2
128,9,1,0,0,1,0,0,0,255,255,255,1,4177.836,-Alta-,3,111,2.66,-0.849,2,476.745,150.712,0,0,1,8,2,Pugeuk,190,53,4178.897,99,137,57,146,60,-36.521,-46.485,-0.901,0.799,-36.769,0.166,-16.72,-21.016,-44.509,-14.01,-64.231,21.316,-47.283,13.426,-63.936,39.389,-83.712,-0.302,-108.851,-46.475,-91.498,4178.935,1.538,-20.841,4186.535,-1,Multeinn,39.468,-65.326,1,2
129,9,1,0,1,1,0,0,0,255,255,255,2,4219.787,-Alta-,6,109,-3.275,0.061,1,-420.511,0,-1.886,-11.429,0,8,2,Pugeuk,190,67,0,0,0,0,0,0,0,0,0,0.434,-37.28,-0.616,-16.829,-20.747,-43.571,-13.331,-64.67,21.002,-46.042,13.533,-63.253,40.13,-85.904,-0.37,-111.086,-36.58,-82.726,0,0,0,0,0,,0,0,0,0
130,9,1,1,1,1,0,0,0,255,255,255,3,4233.123,-Alta-,6,105,-1.228,-0.491,4,-404.663,237.454,0,0,1,8,2,Pugeuk,190,67,0,0,0,0,0,0,0,0,0,0.09,-37.214,-0.356,-16.804,-20.79,-44.366,-13.391,-64.581,20.936,-45.994,13.35,-63.439,39.763,-85.785,-0.296,-110.983,-39.318,-85.946,0,0,0,0,0,,0,0,0,0
131,9,1,1,2,1,0,0,0,255,255,255,4,4251.264,-Alta-,10,119,1.07,-2.416,2,0,400,0,0,1,8,2,Pugeuk,190,67,4252.251,120,158,31,147,80,22.393,29.12,0.965,0.64,-36.704,0.098,-17.005,-20.656,-44.288,-13.394,-64.624,21.336,-46.647,13.724,-63.858,39.775,-85.779,-0.209,-111.121,-38.704,-85.418,4255.985,-30.771,-71.618,4265.035,-1,Multeinn,-48.258,-106.02,1,2
132,9,1,0,0,1,0,0,1,255,255,0,5,4292.727,-Alta-,0,119,0.621,1.55,2,21.578,-108.015,0,0,1,0,0,인생최패망자,190,53,4293.823,11,17,44,6,39,13.153,35.13,-0.986,0.387,-36.782,0.07,-16.51,-20.683,-45.774,-13.345,-64.735,18.495,-39.8,10.762,-57.241,34.292,-76.968,-1.054,-114.702,-41.089,-90.73,4295.252,-8.152,-32.731,4297.335,-1,Multeinn,-13.624,-39.181,0,2
133,9,1,0,0,2,0,0,1,255,255,0,6,4325.428,-Alta-,4,117,0.652,0.959,0,155.815,0,0,0,0,1,1,Kr_Luna,190,53,0,0,0,0,0,0,0,0,0,0.293,-36.885,0.38,-16.319,-20.867,-45.76,-13.38,-64.451,18.926,-44.287,11.487,-65.512,47.859,-96.615,-0.499,-115.147,-43.473,-93.772,0,0,0,0,0,,0,0,0,0
134,9,1,0,1,2,0,0,1,255,255,0,7,4341.216,-Alta-,6,107,-0.721,-0.469,0,-376.062,0,-0.674,-13.193,0,1,1,Kr_Luna,190,53,0,0,0,0,0,0,0,0,0,0.239,-37.512,-0.004,-17.015,-21.373,-45.288,-13.206,-64.647,20.978,-48.604,11.528,-65.494,43.523,-98.855,-0.542,-115.157,-38.194,-87.565,0,0,0,0,0,,0,0,0,0
135,9,1,0,2,2,0,0,1,255,255,0,8,4355.851,-Alta-,3,119,1.555,0.227,4,349.323,5.175,0,0,1,1,1,Kr_Luna,190,53,0,0,0,0,0,0,0,0,0,0.346,-36.778,0.105,-18.691,-21.231,-45.528,-13.293,-64.53,18.566,-41.816,10.652,-64.882,50.774,-97.927,-0.502,-115.151,-42.065,-81.916,0,0,0,0,0,,0,0,0,0
136,9,0,0,0,0,0,0,0,255,255,255,9,4417.812,인생최패망자,10,90,1.413,-0.89,1,0,400,0.363,-17.742,0,2,3,장덕춘_,169.9,53,0,0,0,0,0,0,0,0,0,0.07,-37.588,0.167,-17.426,-20.014,-52.333,-12.925,-64.954,19.382,-45.955,12.56,-65.131,40.336,-81.409,-10.105,-112.238,-45.524,-83.446,0,0,0,0,0,,0,0,0,0
137,9,0,1,0,0,0,0,0,255,255,255,10,4435.113,인생최패망자,0,87,1.816,0.138,2,-37.188,0,0,0,1,2,3,장덕춘_,169.9,53,4436.186,126,199,87,158,83,-72.067,69.624,0.991,-0.15,-37.044,0.074,-17.399,-20.132,-52.556,-12.897,-64.955,17.98,-43.409,12.549,-65.262,40.282,-81.581,-6.104,-109.47,-45.615,-81.869,4436.202,-0.381,-21.432,0,0,,0,0,0,3
138,9,0,1,1,0,0,0,0,255,255,255,11,4453.378,인생최패망자,7,82,3.061,0.91,4,245.9,0,0.105,-20.901,1,2,3,장덕춘_,169.9,53,0,0,0,0,0,0,0,0,0,0.085,-37.677,0.307,-17.386,-21.259,-52.872,-12.237,-65.078,17.24,-46.748,9.308,-66.336,40.507,-81.205,-2.302,-110.478,-42.077,-83.413,0,0,0,0,0,,0,0,0,0
139,9,0,1,2,0,0,0,0,255,255,255,12,4474.6,인생최패망자,10,84,0.114,1.764,2,0,400,0,0,1,2,3,장덕춘_,169.9,53,4475.741,102,197,35,147,92,-25.671,-3.326,-0.042,-0.155,-37.182,0.057,-17.406,-21.503,-53.873,-12.299,-65.414,21.068,-46.859,12.044,-65.819,44.736,-85.559,-2.407,-110.573,-43.192,-73.792,4475.835,0.211,-24.257,4478.535,-1,Multeinn,7.666,-60.702,0,2
140,9,0,0,0,1,0,0,0,255,255,255,13,4503.316,인생최패망자,0,89,2.269,0.757,2,-12.392,0,0,0,1,3,4,ke ro,160,53,4504.469,110,163,7,142,81,32.545,38.307,-0.181,-0.218,-36.913,0.049,-17.368,-20.843,-53.059,-11.658,-66.343,15.028,-46.63,11.54,-65.656,42.007,-82.312,-4.181,-107.434,-38.969,-70.921,0,0,0,4509.435,-1,Multeinn,-42.413,-65.642,0,1
141,9,0,0,0,2,0,0,0,255,255,255,14,4534.82,인생최패망자,0,89,0.721,-0.35,0,0,0,0,0,0,4,5,Yaksok~,173.3,53,0,0,0,0,0,0,0,0,0,0.202,-37.438,0.119,-17.34,-20.276,-50.23,-11.859,-65.041,14.617,-44.846,9.771,-66.282,41.513,-78.836,-6.277,-112.371,-37.644,-79.531,0,0,0,0,0,,0,0,0,0
142,9,0,0,1,2,0,0,0,255,255,255,15,4551.733,인생최패망자,3,89,-2.067,0.65,4,-316.271,0,-1.232,-12.841,1,4,5,Yaksok~,173.3,53,0,0,0,0,0,0,0,0,0,0.036,-37.514,-0.159,-17.462,-21.016,-50.279,-12.254,-65.431,16.09,-43.677,10.461,-65.113,40.561,-79.605,-6.286,-112.385,-36.073,-77.293,0,0,0,0,0,,0,0,0,0
143,9,0,0,2,2,0,0,0,255,255,255,16,4566.77,인생최패망자,11,92,-1.318,-1.37,2,-130.855,197.292,0,0,1,4,5,Yaksok~,173.3,53,4567.797,108,133,12,140,104,7.263,39.8,0.857,0.081,-37.041,0.028,-17.388,-22.345,-53.144,-12.238,-65.454,14.849,-44.653,13.227,-64.923,42.135,-78.388,-6.433,-112.357,-38.255,-83.222,4569.252,-24.946,-48.116,4576.285,-1,Multeinn,-61.105,-84.956,1,2
144,9,0,0,0,2,0,1,0,255,14,255,17,4604.162,인생최패망자,9,88,-0.433,0.885,2,312.348,-312.348,0,0,1,5,0,-Alta-,174.5,53,4605.395,108,179,16,144,101,32.937,41.371,0.917,-0.074,-37.314,0.079,-17.422,-21.683,-50.831,-11.893,-65.165,18.76,-45.138,12.37,-64.617,44.252,-81.696,10.237,-107.801,-36.811,-88.341,0,0,0,4611.835,-1,Multeinn,-40.18,-87.948,0,1