id,inn,half,scoreA,scoreB,ball,strk,out,b1,b2,b3,b1Idx,b2Idx,b3Idx,pCnt,pSec,pName,pHand,pType,spdK,zoneX,zoneY,call,sH,sV,plx,plz,bSwing,bIdx,bPos,bZone,bName,bHCm,batLen,batCen,bFps,hSec,rotS,shS,lgS,batSpd,ev,ldeg,sdeg,hPos,hMoveX,hMoveY,stayCon,PPosX,PPosY,CPosX,CPosY,1BPosX,1BPosY,2BPosX,2BPosY,3BPosX,3BPosY,SSPosX,SSPosY,LFPosX,LFPosY,CFPosX,CFPosY,RFPosX,RFPosY,ltSec,lx,lz,cSec,cPos,cPlr,cx,cz,1BSafe,tag,cpSec,sb2Sec,sb3Sec,sbhSec,ass,result
1,1,1,0,0,0,0,0,0,0,0,255,255,255,0,219.516,IllilliIIIIllil,R,0,140,-0.803,-0.443,0,11.667,-75.089,0,0,0,1,4,R,Eaglebuter,169.5,95,0.5,110,0,0,0,0,0,0,0,0,0,0,0,0,-0.099,-37.459,-0.049,-17.069,-22.636,-49.114,-15.222,-63.888,22.646,-49.869,12.857,-62.487,35.7,-81.8,-2.314,-110.536,-35.7,-81.8,0,0,0,0,0,,0,0,0,0,0,0,0,0,0,0
2,1,1,0,0,0,1,0,0,0,0,255,255,255,1,232.795,IllilliIIIIllil,R,0,136,0.139,0.572,0,23.823,-192.957,0,0,1,1,4,R,Eaglebuter,169.5,95,0.5,110,0,0,0,0,0,0,0,0,0,0,0,0,-0.07,-37.858,-0.062,-16.941,-22.708,-49.153,-15.224,-63.889,22.78,-49.934,13.039,-62.805,35.7,-81.8,-3.31,-109.555,-35.7,-81.8,0,0,0,0,0,,0,0,0,0,0,0,0,0,0,0
3,1,1,0,0,0,2,0,0,0,0,255,255,255,2,246.643,IllilliIIIIllil,R,0,132,0.976,1.151,2,32.414,-135.933,0,0,1,0,4,R,Eaglebuter,169.5,95,0.5,110,247.559,95,73,3,127,74,-57.329,52.382,-0.34,-0.071,-0.07,0.305,-0.033,-37.038,0,-16.887,-20.884,-46.74,-15.222,-63.905,22.577,-49.809,13.032,-62.445,35.7,-81.8,-3.455,-109.338,-35.7,-81.8,247.483,-0.749,-19.221,0,0,,0,0,0,0,0,0,0,0,0,3
4,1,1,0,0,0,2,0,0,0,0,255,255,255,3,262.907,IllilliIIIIllil,R,0,131,0.082,0.348,2,44.782,-103.79,0,0,1,0,4,R,Eaglebuter,169.5,95,0.5,73,263.965,124,55,10,109,98,-52.518,-14.729,0.33,-0.098,-0.125,0.281,0.065,-37.281,-0.004,-17.126,-21.602,-47.443,-14.873,-63.717,24.12,-51.537,11.286,-63.227,35.7,-81.8,-2.674,-109.504,-39.387,-84.28,263.837,0.192,-19.184,266.636,5,_Chun,9.145,-53.357,0,1,0,0,0,0,0,2
5,1,1,0,0,0,0,1,0,0,0,255,255,255,4,297.836,IllilliIIIIllil,R,10,128,0.243,-0.017,0,0,400,-0.152,-17.663,1,1,2,R,甲斐野柊太,190,86,0.2,101,0,0,0,0,0,0,0,0,0,0,0,0,-0.155,-38.006,0.06,-17.292,-19.459,-44.697,-12.003,-64.651,23.423,-51.635,11.898,-63.25,35.7,-81.8,-1.71,-110.014,-36.541,-80.38,0,0,0,0,0,,0,0,0,0,0,0,0,0,0,0
6,1,1,0,0,0,1,1,0,0,0,255,255,255,5,313.74,IllilliIIIIllil,R,10,128,0.288,-1.468,2,0,400,0,0,1,1,2,R,甲斐野柊太,190,86,0.2,29,314.765,190,155,61,148,78,-36.039,-7.982,0.98,0.021,-0.144,0.353,-0.168,-37.468,0.052,-17.159,-19.488,-44.803,-11.996,-64.646,23.457,-51.45,11.84,-63.365,35.7,-81.8,-1.35,-109.681,-36.598,-80.338,314.573,0.135,-21.31,317.365,5,_Chun,6.057,-57.896,0,2,0,0,0,0,0,2
7,1,1,0,0,0,0,2,0,0,0,255,255,255,6,345.26,IllilliIIIIllil,R,14,121,0.974,-0.62,0,284.482,394.479,0.388,-17.385,1,2,3,L,눈꽃,175.5,100.309,0.5,97,0,0,0,0,0,0,0,0,0,0,0,0,-0.143,-37.952,0.464,-17.01,-22.547,-47.511,-12.503,-64.764,23.18,-51.134,9.851,-63.471,35.7,-81.8,0.856,-120.459,-37.6,-80.034,0,0,0,0,0,,0,0,0,0,0,0,0,0,0,0
8,1,1,0,0,0,1,2,0,0,0,255,255,255,7,362.791,IllilliIIIIllil,R,14,119,2.053,-1.378,2,376.508,329.001,0,0,1,2,3,L,눈꽃,175.5,100.309,0.5,97,363.796,98,140,83,134,93,-48.938,-39.704,0.9,0.091,-0.049,0.055,-0.11,-37.051,0.033,-16.916,-22.56,-47.53,-12.535,-64.753,23.174,-51.13,10.238,-63.243,35.7,-81.8,1.368,-120.726,-37.666,-79.598,363.594,0.702,-20.94,366.053,4,schmoneymikey,20.142,-44.528,0,0,0,0,0,0,0,2
9,1,0,0,0,0,0,0,0,0,0,255,255,255,0,482.596,소솨소솨,R,0,134,0,0.924,2,0,0,0,0,1,0,2,L,Pring__,179.7,90.045,0.475,91,483.39,141,114,30,139,83,38.207,-1.443,-0.45,-0.034,-0.052,0.268,-0.382,-37.42,-0.144,-16.281,-17.75,-43.246,-15.068,-63.452,19.087,-43.859,13.021,-64.293,35.7,-81.8,5.755,-107.039,-35.7,-81.8,488.184,1.973,-81.981,489.157,7,Gonyong,2.14,-86.972,1,0,0,0,0,0,0,2
10,1,0,0,0,0,0,0,1,0,0,15,255,255,1,522.947,소솨소솨,R,3,103,-0.226,-0.174,0,-405.304,0,0,0,0,1,7,R,인생최패망자,174.5,90,0.45,85,0,0,0,0,0,0,0,0,0,0,0,0,0.034,-37.953,-0.296,-16.368,-18.023,-39.373,-10.337,-60.927,18.844,-43.361,6.935,-64.88,35.7,-81.8,-4.616,-101.564,-35.7,-81.8,0,0,0,0,0,,0,0,0,0,0,0,0,0,0,0
11,1,0,0,0,0,1,0,1,0,0,15,255,255,2,542.035,소솨소솨,R,0,134,0.47,1.334,1,0,0,0,0,0,1,7,R,인생최패망자,174.5,90,0.45,85,0,0,0,0,0,0,0,0,0,0,0,0,-0.005,-38.153,-0.301,-16.421,-17.479,-41.467,-11.137,-60.429,18.827,-43.338,7.307,-64.895,35.7,-81.8,-4.666,-101.637,-35.7,-81.8,0,0,0,0,0,,0,0,0,0,0,0,0,0,0,0
12,1,0,0,0,1,1,0,1,0,0,15,255,255,3,559.477,소솨소솨,R,4,110,-0.944,-0.155,2,-201.7,0,0,0,1,1,7,R,인생최패망자,174.5,90,0.45,85,560.668,119,106,32,135,127,35.07,-17.57,0.51,-0.048,-0.083,0.253,-0.064,-37.832,-0.269,-16.246,-16.565,-41.419,-11.142,-59.704,18.852,-43.346,9.044,-65.518,35.7,-81.8,-4.773,-101.471,-35.7,-81.8,566.9,21.588,-132.811,569.372,7,Gonyong,15.944,-129.958,1,0,0,0,0,0,0,2
13,1,0,0,0,0,0,0,0,1,0,255,16,255,4,629.697,소솨소솨,R,0,140,-0.639,0.059,0,0,0,0.147,-16.896,1,2,4,L,schmoneymikey,190,100,0.6,81,0,0,0,0,0,0,0,0,0,0,0,0,-0.364,-38.14,-0.151,-16.758,-16.982,-43.528,-7.882,-61.271,19.579,-41.792,13.138,-62.97,35.7,-81.8,11.128,-111.743,-35.7,-81.8,0,0,0,0,0,,0,0,0,0,0,0,0,0,0,0
14,1,0,0,0,0,1,0,0,1,0,255,16,255,5,657.098,소솨소솨,R,6,88,2.888,0.145,2,385.97,0,0,0,1,2,4,L,schmoneymikey,190,100,0.6,81,658.188,125,120,84,138,87,43.01,-45.904,-0.46,0.103,-0.147,0.104,0.155,-37.709,-0.019,-16.714,-17.089,-43.493,-1.385,-59.262,19.744,-42.328,11.571,-63.041,35.703,-81.803,10.998,-107.218,-35.703,-81.803,667.171,64.758,-89.542,672.108,4,Eaglebuter,19.634,-41.201,1,0,0,0,0,0,0,0
15,1,0,0,2,0,0,0,0,1,0,255,13,255,6,701.087,소솨소솨,R,0,137,0.292,0.317,2,0,0,0,0,1,3,1,L,Sabo_10,184.7,92,0.6,49,702.067,164,116,73,144,129,97.594,76.478,0.71,0.076,-0.135,0.346,-0.043,-37.43,0.164,-16.536,-17.761,-43.442,-10.395,-63.267,19.441,-42.449,11.537,-64.832,35.7,-81.8,12.142,-121.822,-35.7,-81.8,0,0,0,0,0,,0,0,0,0,0,0,0,0,0,0
16,1,0,0,2,0,1,0,0,1,0,255,13,255,7,723.424,소솨소솨,R,4,113,3.719,-0.065,1,-183.634,0,0,0,0,3,1,L,Sabo_10,184.7,92,0.6,49,0,0,0,0,0,0,0,0,0,0,0,0,-0.277,-38.315,0.346,-16.204,-17.681,-43.495,-11.669,-62.794,19.474,-42.43,14.457,-62.322,35.7,-81.8,12.058,-123.075,-35.7,-81.8,0,0,0,0,0,,0,0,0,0,0,0,0,0,0,0
17,1,0,0,2,1,1,0,0,1,0,255,13,255,8,742.73,소솨소솨,R,0,140,1.756,0.991,4,0,0,0,0,1,3,1,L,Sabo_10,184.7,92,0.6,49,0,0,0,0,0,0,0,0,0,0,0,0,-0.114,-37.981,0.223,-16.049,-17.693,-43.545,-11.58,-62.802,19.238,-42.142,13.604,-63.37,35.7,-81.8,12.196,-123.133,-35.7,-81.8,0,0,0,0,0,,0,0,0,0,0,0,0,0,0,0
18,1,0,0,2,1,2,0,0,1,0,255,13,255,9,762.535,소솨소솨,R,0,97,0.102,1.089,4,0,0,0,0,1,3,1,L,Sabo_10,184.7,92,0.6,49,0,0,0,0,0,0,0,0,0,0,0,0,-0.038,-37.996,-0.034,-16.02,-17.737,-43.466,-9.741,-62.228,19.237,-42.2,12.251,-61.408,35.7,-81.8,12.22,-123.215,-35.7,-81.8,0,0,0,0,0,,0,0,0,0,0,0,0,0,0,0
19,1,0,0,2,0,0,1,0,1,0,255,13,255,10,793.78,소솨소솨,R,0,140,1.377,-0.087,0,0,0,0.603,-15.886,1,4,5,L,_Chun,160,95.143,0.502,75,0,0,0,0,0,0,0,0,0,0,0,0,-0.047,-37.895,0.298,-16.081,-17.598,-42.873,-13.165,-63.86,19.679,-42.144,13.277,-62.909,35.7,-81.8,13.362,-104.941,-35.7,-81.8,0,0,0,0,0,,0,0,0,0,0,0,0,0,0,0
20,1,0,0,2,0,1,1,0,1,0,255,13,255,11,811.391,소솨소솨,R,0,140,1.033,0.019,0,0,0,-0.223,-15.649,1,4,5,L,_Chun,160,95.143,0.502,75,0,0,0,0,0,0,0,0,0,0,0,0,-0.124,-37.86,0.159,-15.691,-17.551,-42.953,-13.507,-63.809,19.218,-43.171,13.213,-62.574,35.7,-81.8,13.346,-105.028,-35.7,-81.8,0,0,0,0,0,,0,0,0,0,0,0,0,0,0,0
21,1,0,0,2,1,2,1,0,1,0,255,13,255,12,929.851,소솨소솨,R,0,132,0.225,1.605,1,0,0,0,0,0,4,5,L,_Chun,160,95.143,0.502,73,0,0,0,0,0,0,0,0,0,0,0,0,-0.091,-38.141,-0.1,-16.269,-17.547,-43.445,-6.437,-68.141,19.246,-42.548,13.479,-62.867,35.7,-81.8,0,-100.6,-35.7,-81.8,0,0,0,0,0,,0,0,0,0,0,0,0,0,0,0
22,1,0,0,2,2,2,1,0,1,0,255,13,255,13,948.935,소솨소솨,R,0,107,-0.103,1.306,2,0,0,0,0,1,4,5,L,_Chun,160,95.143,0.502,73,950.031,127,57,15,120,66,54.575,-10.702,-0.5,0.097,-0.041,0.149,-0.163,-37.48,-0.054,-16.276,-17.55,-43.387,-4.233,-66.36,19.22,-42.587,12.422,-64.451,35.7,-81.8,0,-100.6,-35.7,-81.8,0,0,0,954.816,5,즉석카레,7.023,-54.571,0,0,0,0,0,0,0,1
23,1,0,0,2,0,0,2,0,1,0,255,13,255,14,981.165,소솨소솨,R,0,140,-0.454,-0.348,0,0,0,0,0,0,5,3,R,mungjungh,160,107,0.551,71,0,0,0,0,0,0,0,0,0,0,0,0,-0.261,-38.315,-0.056,-16.316,-17.733,-42.885,-15.173,-62.801,19.681,-43.016,8.894,-62.705,35.7,-81.8,0,-100.6,-35.7,-81.8,0,0,0,0,0,,0,0,0,0,0,0,0,0,0,0
24,1,0,0,2,0,1,2,0,1,0,255,13,255,15,1000.959,소솨소솨,R,3,97,-3.242,0.52,2,-275.335,0,0,0,1,5,3,R,mungjungh,160,107,0.551,71,1002.203,104,103,43,133,81,35.811,40.11,0.93,-0.07,-0.105,0.336,0.072,-37.703,-0.237,-16.329,-17.603,-42.795,-15.085,-62.712,19.606,-42.555,7.455,-63.81,35.7,-81.8,0,-100.6,-35.7,-81.8,1006.761,-49.352,-66.027,0,0,,0,0,0,0,0,0,0,0,0,3
25,1,0,0,2,0,2,2,0,1,0,255,13,255,16,1023.64,소솨소솨,R,11,113,-0.411,0.249,0,0,185.418,-0.457,-16.556,0,5,3,R,mungjungh,160,107,0.551,70,0,0,0,0,0,0,0,0,0,0,0,0,-0.186,-38.006,-0.167,-16.547,-18.432,-43.451,-15.449,-60.612,19.859,-43.609,10.981,-62.347,35.696,-81.809,0,-100.6,-35.7,-81.8,0,0,0,0,0,,0,0,0,0,0,0,0,0,0,0
26,2,1,0,2,0,0,0,0,0,0,255,255,255,8,1080.298,IllilliIIIIllil,R,0,130,0.802,0.51,0,104.646,-126.401,0,0,0,3,7,R,Gonyong,190,86,0.2,69,0,0,0,0,0,0,0,0,0,0,0,0,-0.315,-37.668,0.033,-16.898,-23.909,-50.062,-16.034,-63.12,23.607,-51.792,11.725,-64.014,35.7,-81.8,-0.444,-111.063,-36.497,-83.22,0,0,0,0,0,,0,0,0,0,0,0,0,0,0,0
27,2,1,0,2,0,1,0,0,0,0,255,255,255,9,1095.672,IllilliIIIIllil,R,14,126,1.372,-1.917,2,359.058,347.961,0.309,-19.518,1,3,7,R,Gonyong,190,86,0.2,69,1096.609,164,98,18,138,89,-60.397,-8.257,0.95,-0.051,-0.05,0.127,-0.005,-37.329,0.017,-16.978,-23.696,-49.76,-16.028,-63.133,23.593,-51.775,11.314,-63.405,35.7,-81.8,-0.307,-111.362,-35.621,-81.473,1096.414,0.364,-19.286,1100.184,5,_Chun,5.083,-51.802,0,8,0,0,0,0,0,2
28,2,1,0,2,0,0,1,0,0,0,255,255,255,10,1159.282,IllilliIIIIllil,R,4,134,-2.028,0.097,1,-166.701,0,0,0,0,4,1,R,Pugeuk,190,97.373,0.596,75,0,0,0,0,0,0,0,0,0,0,0,0,-0.142,-37.89,-0.163,-17.044,-23.108,-48.773,-14.265,-63.475,22.351,-50.311,10.57,-62.726,35.7,-81.8,1.857,-103.375,-36.553,-80.075,0,0,0,0,0,,0,0,0,0,0,0,0,0,0,0
29,2,1,0,2,1,0,1,0,0,0,255,255,255,11,1174.391,IllilliIIIIllil,R,14,122,1.627,-0.463,2,312.899,389.992,0,0,1,4,1,R,Pugeuk,190,97.373,0.596,75,1175.441,165,163,55,144,130,40.537,25.071,0.69,-0.023,-0.088,0.475,-0.113,-37.095,0.009,-17.027,-23.106,-48.796,-14.268,-63.486,23.111,-50.88,10.961,-63.407,35.7,-81.8,1.219,-107.778,-37.073,-79.916,1181.587,-29.761,-130.418,0,0,,0,0,0,0,0,0,0,0,0,4
30,2,1,1,2,0,0,1,0,0,0,255,255,255,12,1215.797,IllilliIIIIllil,R,0,138,-0.137,0.398,0,108.217,-106.876,0,0,0,5,5,R,즉석카레,170.2,100.353,0.404,68,0,0,0,0,0,0,0,0,0,0,0,0,-0.123,-37.801,-0.084,-17.435,-21.48,-47.545,-13.384,-64.431,22.35,-48.92,9.438,-64.506,35.7,-81.8,0.027,-108.152,-42.246,-89.017,0,0,0,0,0,,0,0,0,0,0,0,0,0,0,0
31,2,1,1,2,0,1,1,0,0,0,255,255,255,13,1229.589,IllilliIIIIllil,R,0,131,-0.369,-1.121,2,-250,-200,0,0,1,5,5,R,즉석카레,170.2,100.353,0.404,68,1230.408,204,112,70,148,103,43.913,13.423,0.09,-0.148,-0.139,0.245,-0.068,-37.154,0.025,-17.138,-21.479,-47.574,-13.371,-64.44,22.485,-49.356,9.765,-66.393,35.7,-81.8,0.037,-108.182,-42.191,-89.046,1235.962,-23.808,-96.242,1236.122,8,Yaksok~,-23.284,-94.669,0,0,0,0,0,0,0,1
32,2,1,1,2,0,0,2,0,0,0,255,255,255,14,1256.461,IllilliIIIIllil,R,0,138,1.815,0.43,1,0,0,0,0,0,6,0,R,소솨소솨,190,89.643,0.4,67,0,0,0,0,0,0,0,0,0,0,0,0,-0.031,-37.909,0.253,-17.092,-22.547,-47.954,-13.064,-64.878,23.032,-50.273,9.186,-62.463,35.7,-81.8,0.095,-109.679,-38.736,-84.057,0,0,0,0,0,,0,0,0,0,0,0,0,0,0,0
33,2,1,1,2,1,0,2,0,0,0,255,255,255,15,1270.33,IllilliIIIIllil,R,12,138,0.43,-0.733,0,0,54.082,0,0,0,6,0,R,소솨소솨,190,89.643,0.4,67,0,0,0,0,0,0,0,0,0,0,0,0,0.037,-37.753,-0.015,-16.944,-22.539,-47.982,-13.055,-64.892,23.092,-50.3,9.302,-62.675,35.7,-81.8,-0.015,-109.279,-38.987,-82.989,0,0,0,0,0,,0,0,0,0,0,0,0,0,0,0
34,2,1,1,2,1,1,2,0,0,0,255,255,255,16,1284.215,IllilliIIIIllil,R,23,95,0.695,0.081,0,-110.851,110.131,0,0,1,6,0,R,소솨소솨,190,89.643,0.4,67,0,0,0,0,0,0,0,0,0,0,0,0,-0.081,-37.813,-0.053,-16.893,-22.547,-48,-13.059,-64.87,23.107,-50.309,9.329,-62.684,35.7,-81.8,0.619,-108.975,-38.532,-82.661,0,0,0,0,0,,0,0,0,0,0,0,0,0,0,0
35,2,1,1,2,1,2,2,0,0,0,255,255,255,17,1298.806,IllilliIIIIllil,R,0,140,0.086,-0.689,2,-221.213,-200,0,0,1,6,0,R,소솨소솨,190,89.643,0.4,67,1299.825,221,133,35,148,87,-12.576,-3.041,-0.51,-0.155,-0.234,0.407,-0.114,-37.041,-0.003,-16.986,-22.554,-48.018,-13.064,-64.882,23.155,-50.403,9.291,-62.7,35.7,-81.8,0.454,-109.777,-38.461,-81.983,1299.761,0.144,-22.694,1301.719,5,_Chun,4.627,-59.102,0,0,0,0,0,0,0,2
36,2,0,1,2,0,0,0,0,0,0,255,255,255,17,1342.768,소솨소솨,R,0,130,1.528,0.68,1,0,0,0,0,0,6,8,R,Yaksok~,166.4,93.281,0.397,67,0,0,0,0,0,0,0,0,0,0,0,0,-0.065,-38.209,0.305,-16.603,-18.027,-42.838,-14.984,-63.544,24.209,-51.629,11.151,-64.38,35.7,-81.8,-9.809,-103.921,-35.7,-81.8,0,0,0,0,0,,0,0,0,0,0,0,0,0,0,0
37,2,0,1,2,1,0,0,0,0,0,255,255,255,18,1361.031,소솨소솨,R,0,137,-0.148,0.134,2,0,0,0,0,1,6,8,R,Yaksok~,166.4,93.281,0.397,67,1361.793,175,155,0,145,84,32.179,-40.893,-0.23,-0.055,-0.155,0.354,-0.313,-37.295,0.169,-16.493,-18.057,-42.814,-14.993,-63.545,24.241,-51.652,10.805,-64.912,35.7,-81.8,-9.371,-104.562,-35.7,-81.8,1365.775,36.062,-76.478,1369.358,5,즉석카레,10.71,-64.211,0,0,0,0,0,0,0,1
38,2,0,1,2,0,0,1,0,0,0,255,255,255,19,1395.389,소솨소솨,R,3,105,-1.168,0.28,0,-421.315,0,-1.006,-16.081,0,7,0,L,IllilliIIIIllil,174.5,95.213,0.497,66,0,0,0,0,0,0,0,0,0,0,0,0,-0.183,-38.307,-1.214,-16.683,-17.864,-42.985,-12.875,-64.067,24.879,-51.385,13.651,-63.47,35.7,-81.8,2.941,-108.507,-35.7,-81.8,0,0,0,0,0,,0,0,0,0,0,0,0,0,0,0
39,2,0,1,2,0,1,1,0,0,0,255,255,255,20,1413.813,소솨소솨,R,0,130,4.181,0.325,2,0,0,0,0,1,7,0,L,IllilliIIIIllil,174.5,95.213,0.497,66,1414.825,180,137,44,147,99,15.911,-18.788,0.91,0.016,-0.025,0.208,-0.241,-37.515,0.101,-16.35,-17.814,-42.664,-12.905,-64.138,24.866,-51.445,11.824,-64.945,35.7,-81.8,2.932,-108.675,-35.7,-81.8,1417.351,27.362,-75.679,1421.254,3,눈꽃,0.828,-59.648,1,0,0,0,0,0,0,0
40,2,0,1,2,0,0,1,1,0,0,9,255,255,21,1476.527,소솨소솨,R,0,129,-0.191,-0.202,2,0,0,0,0,1,0,2,L,Pring__,179.7,90.045,0.475,66,1477.248,183,159,39,147,128,38.482,-40.01,0.66,0.023,-0.076,0.434,-0.222,-37.445,-0.098,-16.649,-17.411,-41.022,-9.82,-61.054,21.318,-45.958,11.382,-64.372,35.7,-81.8,4.724,-107.95,-35.7,-81.8,1482.191,61.437,-111.05,0,0,,0,0,0,0,0,0,0,0,0,4
41,2,0,1,4,0,0,1,0,0,0,255,255,255,22,1519.701,소솨소솨,R,0,113,1.216,1.327,1,0,0,0,0,0,1,7,R,인생최패망자,174.5,90,0.45,65,0,0,0,0,0,0,0,0,0,0,0,0,-0.249,-38.364,0.113,-16.641,-18.127,-42.555,-12.503,-64.863,23.97,-52.552,9.923,-65.886,35.7,-81.8,-5.394,-117.028,-35.7,-81.8,0,0,0,0,0,,0,0,0,0,0,0,0,0,0,0
42,2,0,1,4,1,0,1,0,0,0,255,255,255,23,1536.751,소솨소솨,R,3,104,-6.834,0.227,1,-472.727,0,-2.808,-11.646,0,1,7,R,인생최패망자,174.5,90,0.45,65,0,0,0,0,0,0,0,0,0,0,0,0,-0.713,-38.959,-1.469,-15.754,-18.335,-42.446,-12.68,-64.454,23.983,-52.557,9.26,-65.989,35.7,-81.8,-5.409,-116.99,-35.7,-81.8,0,0,0,0,0,,0,0,0,0,0,0,0,0,0,0
43,2,0,1,4,2,0,1,0,0,0,255,255,255,24,1561.371,소솨소솨,R,0,137,0.482,-1.214,2,0,0,0,0,1,1,7,R,인생최패망자,174.5,90,0.45,65,1562.471,138,136,67,140,85,46.512,54.576,-0.12,-0.122,-0.105,0.19,-0.234,-37.287,0.401,-16.726,-18.29,-42.406,-12.696,-64.448,24.009,-52.518,9.261,-65.974,35.7,-81.8,-5.508,-116.998,-35.7,-81.8,1567.025,-50.036,-66.585,0,0,,0,0,0,0,0,0,0,0,0,3
44,2,0,1,4,2,1,1,0,0,0,255,255,255,25,1585.1,소솨소솨,R,3,101,-1.321,-0.731,2,-378.141,0,0,0,1,1,7,R,인생최패망자,174.5,90,0.45,69,1586.354,120,110,53,136,84,27.874,23.416,0.95,-0.113,-0.085,0.196,-0.193,-37.478,-0.35,-16.479,-18.567,-43.45,-15.486,-62.863,22.941,-50.059,9.864,-65.375,35.7,-81.8,-7.571,-114.787,-35.7,-81.8,1590.65,-32.319,-81.099,1594.608,5,즉석카레,-1.715,-60.264,0,0,0,0,0,0,0,1
45,2,0,1,4,0,0,2,0,0,0,255,255,255,26,1617.951,소솨소솨,R,6,88,3.244,-0.049,2,379.396,0,0,0,1,2,4,L,schmoneymikey,190,100,0.6,64,1619.192,176,146,45,146,129,103.423,60.362,0.29,0.127,-0.154,0.18,-0.095,-37.632,0.352,-16.611,-17.865,-42.88,-16.147,-62.496,21.612,-48.17,10.335,-65.52,35.7,-81.8,11.672,-106.522,-35.7,-81.8,0,0,0,0,0,,0,0,0,0,0,0,0,0,0,0
46,2,0,1,4,0,1,2,0,0,0,255,255,255,27,1635.698,소솨소솨,R,0,130,0.638,0.42,0,0,0,0,0,1,2,4,L,schmoneymikey,190,100,0.6,64,0,0,0,0,0,0,0,0,0,0,0,0,-0.207,-38.341,0.156,-16.597,-17.547,-42.932,-13.39,-64.401,21.81,-47.96,12.558,-64.808,35.7,-81.8,10.614,-107.488,-35.7,-81.8,0,0,0,0,0,,0,0,0,0,0,0,0,0,0,0
47,2,0,1,4,0,2,2,0,0,0,255,255,255,28,1651.425,소솨소솨,R,0,138,0.463,-0.893,2,0,0,0,0,1,2,4,L,schmoneymikey,190,100,0.6,64,1652.293,197,89,11,137,85,-16.986,-16.664,-0.4,0.154,-0.167,0.311,-0.224,-37.394,-0.014,-16.373,-17.571,-42.886,-13.393,-64.407,21.824,-47.98,10.876,-64.671,35.7,-81.8,10.603,-107.548,-35.7,-81.8,1652.295,0.646,-21.927,1654.615,5,즉석카레,11.025,-56.845,0,0,0,0,0,0,0,2
48,3,1,1,4,0,0,0,0,0,0,255,255,255,18,1678.363,IllilliIIIIllil,R,0,118,2.519,0.744,1,23.338,-80.284,0.741,-17.23,0,0,4,R,Eaglebuter,169.5,95,0.5,64,0,0,0,0,0,0,0,0,0,0,0,0,-0.217,-37.511,0.352,-16.936,-23.851,-50.507,-14.071,-63.918,20.672,-48.49,7.535,-65.611,35.704,-81.804,-0.235,-86.209,-37.17,-82.596,0,0,0,0,0,,0,0,0,0,0,0,0,0,0,0
49,3,1,1,4,0,0,0,0,0,0,255,255,255,19,1699.36,IllilliIIIIllil,R,0,139,0.102,0.39,2,32.348,-151.193,0,0,1,0,4,R,Eaglebuter,169.5,95,0.5,64,1700.335,135,66,7,126,82,-32.918,11.752,0.92,-0.08,-0.088,0.262,-0.086,-37.072,0.038,-16.9,-24.348,-50.137,-14.066,-63.958,21.193,-49.212,8.198,-64.087,35.7,-81.8,-0.584,-102.276,-37.452,-83.568,1700.177,-0.229,-19.083,1700.365,1,Sabo_10,0.018,-20.958,0,0,0,0,0,0,0,2
50,3,1,1,4,0,1,0,0,0,0,255,255,255,20,1713.715,IllilliIIIIllil,R,0,132,0.58,0.472,2,59.473,-153.904,0,0,1,0,4,R,Eaglebuter,169.5,95,0.5,63,1714.632,176,74,0,132,75,-63.851,-8.663,-0.54,-0.035,-0.023,0.342,-0.117,-37.346,0.05,-16.916,-24.076,-49.724,-12.533,-64.427,22.411,-49.93,8.258,-62.993,35.7,-81.8,-0.949,-101.695,-37.632,-83.221,1714.448,0.185,-19.788,1716.719,0,IllilliIIIIllil,2.55,-35.442,0,0,0,0,0,0,0,2
51,3,1,1,4,0,0,1,0,0,0,255,255,255,21,1736.191,IllilliIIIIllil,R,0,129,1.503,0.559,1,90.148,-155.877,0,0,0,1,2,R,甲斐野柊太,190,86,0.2,63,0,0,0,0,0,0,0,0,0,0,0,0,0.023,-38.125,0.13,-16.888,-19.246,-44,-12.262,-64.304,22.376,-49.819,8.419,-64.67,35.7,-81.8,-0.225,-105.385,-35.645,-82.907,0,0,0,0,0,,0,0,0,0,0,0,0,0,0,0
52,3,1,1,4,1,0,1,0,0,0,255,255,255,22,1748.144,IllilliIIIIllil,R,0,136,-0.113,-0.394,2,30.575,-200,0,0,1,1,2,R,甲斐野柊太,190,86,0.2,63,1749.316,161,151,69,144,89,23.146,21.079,-0.45,-0.007,-0.196,0.285,-0.07,-37.078,0.042,-16.836,-21.62,-46.879,-12.237,-64.337,23.782,-52.722,8.476,-64.365,35.7,-81.8,-0.026,-105.375,-36.073,-82.629,0,0,0,1753.164,8,Yaksok~,-20.691,-83.06,0,0,0,0,0,0,0,1
53,3,1,1,4,0,0,2,0,0,0,255,255,255,23,1772.796,IllilliIIIIllil,R,0,123,-0.015,0.533,2,-52.323,-200,0,0,1,2,3,L,눈꽃,175.5,100.309,0.5,63,1773.756,191,134,54,148,90,38.922,24.047,-0.09,0.049,0.019,0.106,-0.187,-36.747,0.02,-16.942,-23.302,-49.246,-12.856,-65.496,23.824,-52.719,8.693,-63.482,35.7,-81.8,1.358,-118.899,-37.47,-80.852,0,0,0,1778.608,8,Yaksok~,-26.942,-82.074,0,0,0,0,0,0,0,1
54,3,0,1,4,0,0,0,0,0,0,255,255,255,29,1817.756,소솨소솨,R,0,133,1.496,0.418,1,0,0,0,0,0,3,1,L,Sabo_10,184.7,92,0.6,63,0,0,0,0,0,0,0,0,0,0,0,0,-0.167,-38.17,0.242,-16.747,-17.412,-44.789,-15.7,-63.432,23.794,-50.034,12.44,-64.507,35.7,-81.8,14.132,-119.977,-35.7,-81.8,0,0,0,0,0,,0,0,0,0,0,0,0,0,0,0
55,3,0,1,4,1,0,0,0,0,0,255,255,255,30,1838.56,소솨소솨,R,3,107,1.185,-0.179,0,-428.633,0,0,0,1,3,1,L,Sabo_10,184.7,92,0.6,63,0,0,0,0,0,0,0,0,0,0,0,0,-0.417,-38.303,-0.358,-17.016,-17.009,-44.377,-15.694,-63.431,24.001,-49.907,12.548,-64.243,35.7,-81.8,13.887,-119.589,-35.7,-81.8,0,0,0,0,0,,0,0,0,0,0,0,0,0,0,0
56,3,0,1,4,1,1,0,0,0,0,255,255,255,31,1857.59,소솨소솨,R,0,118,-0.199,0.827,0,0,0,0,0,1,3,1,L,Sabo_10,184.7,92,0.6,63,0,0,0,0,0,0,0,0,0,0,0,0,-0.219,-37.683,-0.066,-16.717,-17.745,-43.744,-15.568,-63.406,23.757,-49.983,12.256,-64.25,35.7,-81.8,13.859,-119.625,-35.7,-81.8,0,0,0,0,0,,0,0,0,0,0,0,0,0,0,0
57,3,0,1,4,1,2,0,0,0,0,255,255,255,32,1877.512,소솨소솨,R,0,129,-0.232,-0.974,2,0,0,0,0,1,3,1,L,Sabo_10,184.7,92,0.6,63,1878.489,150,116,58,141,127,35.808,-8.316,0.45,0.119,-0.205,0.297,-0.355,-37.469,-0.107,-16.587,-17.432,-44.139,-15.293,-63.688,23.929,-49.927,10.84,-64.916,35.7,-81.8,13.884,-119.808,-35.7,-81.8,1883.976,40.345,-123.329,0,0,,0,0,0,0,0,0,0,0,0,4
58,3,0,1,5,0,0,0,0,0,0,255,255,255,33,1918.132,소솨소솨,R,0,136,-0.559,0.348,2,0,0,0,0,1,4,5,L,_Chun,160,95.143,0.502,62,1919.124,145,87,10,134,74,4.514,38.855,-0.51,0.114,-0.044,0.32,-0.257,-37.605,-0.373,-16.669,-16.929,-43.323,-15.117,-63.358,21.451,-46.237,10.703,-64.363,35.7,-81.8,7.836,-115.427,-35.7,-81.8,1923.282,-36.586,-65.373,1926.323,2,甲斐野柊太,-20.259,-41.868,1,0,0,0,0,0,0,0
59,3,0,1,5,0,0,0,1,0,0,14,255,255,34,1984.31,소솨소솨,R,0,138,-1.468,-0.174,2,0,0,0,0,1,5,3,R,mungjungh,160,107,0.551,62,1985.403,37,54,47,54,54,100.86,-73.515,0.52,-0.063,-0.045,0.075,-0.098,-37.811,-0.023,-16.635,-17.395,-41.562,-8.15,-60.228,21.051,-46.278,6.494,-63.788,35.7,-81.8,-8.455,-111.485,-35.7,-81.8,1989.809,-27.879,-11.021,0,0,,0,0,0,0,0,0,0,0,0,0
60,3,0,1,5,0,1,0,1,0,0,255,255,255,35,2034.288,소솨소솨,R,0,139,-0.424,-0.353,0,0,0,0,0,1,5,3,R,mungjungh,160,107,0.551,62,0,0,0,0,0,0,0,0,0,0,0,0,-0.496,-38.03,-0.32,-16.422,-18.396,-39.186,-10.077,-60.578,20.135,-45.17,6.534,-63.202,35.7,-81.8,-8.256,-111.923,-35.7,-81.8,0,0,0,0,0,,0,0,0,0,0,0,0,0,0,0
61,3,0,1,5,0,2,0,1,0,0,255,255,255,36,2107.821,소솨소솨,R,0,140,-0.757,0.083,0,0,0,0,0,1,5,3,R,mungjungh,160,107,0.551,61,0,0,0,0,0,0,0,0,0,0,0,0,-0.237,-38.497,-0.368,-16.53,-18.735,-39.689,-12.285,-60.947,20.261,-45.5,6.963,-63.732,35.7,-81.8,-13.268,-110.655,-35.7,-81.8,0,0,0,0,0,,0,0,0,0,0,0,0,0,0,0
62,3,0,1,5,0,0,1,1,0,0,255,255,255,37,2136.65,소솨소솨,R,0,138,0.44,-0.591,0,0,0,0,0,1,6,8,R,Yaksok~,166.4,93.281,0.397,61,0,0,0,0,0,0,0,0,0,0,0,0,-0.323,-38.17,0.009,-16.47,-18.666,-39.596,-12.73,-59.882,19.921,-44.782,5.623,-64.22,35.7,-81.8,-13.251,-110.667,-35.7,-81.8,0,0,0,0,0,,0,0,0,0,0,0,0,0,0,0
63,3,0,1,5,0,1,1,1,0,0,255,255,255,38,2162.784,소솨소솨,R,0,137,-1.256,0.872,0,0,0,0,0,1,6,8,R,Yaksok~,166.4,93.281,0.397,62,0,0,0,0,0,0,0,0,0,0,0,0,-0.218,-38.044,-0.775,-16.319,-17.876,-40.098,-4.235,-60.374,20.497,-44.94,1.644,-61.416,35.7,-81.8,-14.651,-110.917,-35.7,-81.8,0,0,0,0,0,,0,0,0,0,0,0,0,0,0,0
64,3,0,1,5,0,2,1,0,1,0,255,14,255,39,2186.623,소솨소솨,R,0,139,1.682,4.293,2,0,0,0,0,1,6,8,R,Yaksok~,166.4,93.281,0.397,62,2187.448,142,74,0,130,76,-34.652,19.54,-0.05,-0.047,-0.102,0.411,-0.257,-37.528,-0.143,-16.712,-17.905,-42.209,-13.347,-62.453,18.796,-42.272,6.31,-63.668,35.7,-81.8,-14.324,-110.915,-35.7,-81.8,2187.275,-0.889,-21.351,2189.997,3,눈꽃,-12.559,-53.043,0,0,0,0,0,0,0,2
65,3,0,1,5,0,0,2,0,0,1,255,255,14,40,2219.502,소솨소솨,R,0,118,2.497,1.457,1,0,0,1.004,-16.851,0,7,0,L,IllilliIIIIllil,174.5,95.213,0.497,61,0,0,0,0,0,0,0,0,0,0,0,0,-0.401,-38.48,0.245,-16.56,-17.146,-43.053,-15.059,-63.483,18.829,-41.37,11.577,-64.23,35.7,-81.8,-0.182,-110.997,-35.7,-81.8,0,0,0,0,0,,0,0,0,0,0,0,0,0,0,0
66,3,0,1,5,1,0,2,0,0,1,255,255,14,41,2238.375,소솨소솨,R,0,120,3.577,0.413,1,0,0,0,0,0,7,0,L,IllilliIIIIllil,174.5,95.213,0.497,61,0,0,0,0,0,0,0,0,0,0,0,0,-0.133,-38.612,0.478,-16.624,-17.01,-42.813,-15.168,-63.54,19.092,-40.844,9.022,-65.42,35.7,-81.8,-0.24,-110.93,-35.7,-81.8,0,0,0,0,0,,0,0,0,0,0,0,0,0,0,0
67,3,0,1,5,2,0,2,0,0,1,255,255,14,42,2254.271,소솨소솨,R,0,130,-1.844,0.065,2,0,0,0,0,1,7,0,L,IllilliIIIIllil,174.5,95.213,0.497,61,2255.334,158,169,88,143,84,6.302,15.012,-0.55,0.08,-0.073,0.243,-0.192,-37.72,-0.277,-16.533,-17.038,-42.864,-15.039,-63.538,19.476,-41.314,9.135,-64.973,35.7,-81.8,-0.196,-110.983,-35.7,-81.8,2256.976,-12.436,-57.353,2257.24,3,눈꽃,-12.327,-57.034,0,0,0,0,0,0,0,2
68,4,1,1,5,0,0,0,0,0,0,255,255,255,24,2305.996,IllilliIIIIllil,R,10,91,0.461,-0.564,2,-95.073,400,0,0,1,3,7,R,Gonyong,190,86,0.2,61,2307.235,38,112,87,91,67,-57.092,55.225,1,-0.054,-0.002,0.145,-0.199,-37.368,0.009,-17.108,-21.717,-48.141,-14.045,-64.805,21.361,-48.198,9.737,-63.885,35.7,-81.8,0.136,-110.285,-37.966,-85.409,2307.066,-0.64,-21.269,0,0,,0,0,0,0,0,0,0,0,0,3
69,4,1,1,5,0,1,0,0,0,0,255,255,255,25,2324.165,IllilliIIIIllil,R,0,135,1.256,0.768,2,75.992,-200,0,0,1,3,7,R,Gonyong,190,86,0.2,61,2325.275,115,99,49,135,84,48.077,-26.263,-0.48,-0.101,-0.024,0.159,0.086,-36.821,0.032,-17.159,-21.971,-47.487,-14.258,-63.753,22.038,-48.747,8.814,-64.022,35.7,-81.8,-0.134,-112.898,-38.881,-83.077,2330.275,26.129,-71.145,2330.42,5,_Chun,25.509,-69.922,0,0,0,0,0,0,0,1
70,4,1,1,5,0,0,1,0,0,0,255,255,255,26,2353.867,IllilliIIIIllil,R,0,138,1.471,0.163,4,0,0,0,0,1,4,1,R,Pugeuk,190,97.373,0.596,61,0,0,0,0,0,0,0,0,0,0,0,0,-0.06,-37.812,0.048,-16.946,-22.51,-47.172,-12.209,-65.217,22.679,-50.592,10.928,-63.377,35.7,-81.8,-1.087,-116.297,-38.169,-82.138,0,0,0,0,0,,0,0,0,0,0,0,0,0,0,0
71,4,1,1,5,0,1,1,0,0,0,255,255,255,27,2367.475,IllilliIIIIllil,R,13,124,0.002,-0.317,2,-299.992,230.2,0,0,1,4,1,R,Pugeuk,190,97.373,0.596,61,2368.619,149,121,39,141,130,-34.702,5.028,0.66,-0.016,-0.141,0.357,-0.182,-37.209,0.056,-17.099,-22.513,-47.155,-12.204,-65.187,24.843,-51.695,10.901,-63.457,35.7,-81.8,-1.947,-121.071,-38.213,-82.131,2368.344,-0.111,-21.508,2372.594,7,인생최패망자,-7.61,-106.194,1,16,0,0,0,0,0,2
72,4,1,1,5,0,0,2,0,0,0,255,255,255,28,2432.56,IllilliIIIIllil,R,10,128,-3.078,-2.804,1,0,400,-0.521,-23.116,0,5,5,R,즉석카레,170.2,95.353,0.404,60,0,0,0,0,0,0,0,0,0,0,0,0,0.014,-37.746,-0.188,-17.12,-21.925,-47.448,-11.662,-64.727,23.18,-51.057,8.468,-64.785,35.7,-81.8,-0.567,-110.629,-39.246,-82.881,0,0,0,0,0,,0,0,0,0,0,0,0,0,0,0
73,4,1,1,5,1,0,2,0,0,0,255,255,255,29,2445.861,IllilliIIIIllil,R,13,125,-1.847,-2.117,1,-352.956,354.15,-0.672,-16.855,0,5,5,R,즉석카레,170.2,95.353,0.404,60,0,0,0,0,0,0,0,0,0,0,0,0,-0.15,-37.845,-0.181,-17.141,-21.918,-47.392,-11.652,-64.733,22.78,-50.327,8.372,-64.696,35.7,-81.8,-0.582,-110.562,-39.232,-83.343,0,0,0,0,0,,0,0,0,0,0,0,0,0,0,0
74,4,1,1,5,2,0,2,0,0,0,255,255,255,30,2460.123,IllilliIIIIllil,R,0,140,0.765,0.418,0,164.467,-162.894,0,0,0,5,5,R,즉석카레,170.2,95.353,0.404,60,0,0,0,0,0,0,0,0,0,0,0,0,-0.125,-37.395,-0.025,-17.088,-21.919,-47.403,-11.661,-64.754,23.364,-50.99,8.347,-64.206,35.7,-81.8,-0.664,-110.878,-39.262,-83.383,0,0,0,0,0,,0,0,0,0,0,0,0,0,0,0
75,4,1,1,5,2,1,2,0,0,0,255,255,255,31,2471.762,IllilliIIIIllil,R,0,126,-1.508,1.397,1,-33.039,-111.146,0,0,0,5,5,R,즉석카레,170.2,95.353,0.404,60,0,0,0,0,0,0,0,0,0,0,0,0,-0.124,-37.781,-0.093,-17.132,-21.876,-47.352,-11.651,-64.739,23.492,-51.101,8.204,-64.271,35.7,-81.8,-0.607,-111.119,-38.459,-83.926,0,0,0,0,0,,0,0,0,0,0,0,0,0,0,0
76,4,1,1,5,3,1,2,0,0,0,255,255,255,32,2484.845,IllilliIIIIllil,R,0,138,4.279,0.412,4,99.38,-101.765,0.509,-21.168,1,5,5,R,즉석카레,170.2,95.353,0.404,60,0,0,0,0,0,0,0,0,0,0,0,0,-0.036,-37.435,0.229,-18.011,-21.84,-46.996,-11.653,-64.739,23.934,-50.723,8.192,-64,35.7,-81.8,-0.447,-111.408,-38.44,-83.963,0,0,0,0,0,,0,0,0,0,0,0,0,0,0,0
77,4,1,1,5,3,2,2,0,0,0,255,255,255,33,2501.242,IllilliIIIIllil,R,0,103,-0.431,-0.283,0,0,0,0,0,1,5,5,R,즉석카레,170.2,95.353,0.404,38,0,0,0,0,0,0,0,0,0,0,0,0,0.159,-36.687,-0.015,-16.952,-21.45,-44.209,-11.642,-64.696,23.738,-52.209,8.059,-64.294,35.7,-81.8,-0.677,-111.596,-38.498,-83.873,0,0,0,0,0,,0,0,0,0,0,0,0,0,0,0
78,4,0,1,5,0,0,0,0,0,0,255,255,255,43,2541.039,소솨소솨,R,0,137,-0.102,0.873,0,0,0,0,0,0,0,2,L,Pring__,179.7,90.045,0.475,60,0,0,0,0,0,0,0,0,0,0,0,0,-0.215,-38.064,-0.103,-16.547,-17.435,-44.191,-15.013,-64.007,21.873,-49.562,12.666,-63.53,35.7,-81.8,8.405,-104.787,-35.7,-81.8,0,0,0,0,0,,0,0,0,0,0,0,0,0,0,0
79,4,0,1,5,0,1,0,0,0,0,255,255,255,44,2556.914,소솨소솨,R,0,110,-1.295,0.677,2,0,0,0,0,1,0,2,L,Pring__,179.7,90.045,0.475,60,2557.782,157,154,53,143,50,35.098,-36.951,-0.01,-0.024,-0.068,0.359,-0.393,-37.395,-0.311,-16.498,-17.667,-44.182,-15.026,-64.019,22.141,-49.628,11.197,-64.397,35.7,-81.8,10.591,-104.186,-35.7,-81.8,2560.664,18.082,-44.841,2562.226,5,즉석카레,22.801,-51.34,1,0,0,0,0,0,0,2
80,4,0,1,5,0,0,0,1,0,0,15,255,255,45,2590.283,소솨소솨,R,0,132,1.507,0.715,2,0,0,0,0,1,1,7,R,인생최패망자,174.5,90,0.45,60,2591.37,169,136,40,145,89,42.253,-16.77,0.95,0.014,-0.035,0.347,-0.202,-37.63,0.242,-16.393,-17.325,-40.461,-10.921,-61.18,21.267,-47.229,9.456,-65.416,35.7,-81.8,0.873,-124.942,-35.7,-81.8,2599.414,17.883,-99.863,2599.372,7,Gonyong,17.886,-99.546,1,0,0,0,0,0,0,2
81,4,0,1,5,0,0,0,1,1,0,16,11,255,46,2633.711,소솨소솨,R,0,93,-2.397,-1.17,2,19.129,0,0,0,1,2,4,L,schmoneymikey,190,100,0.6,60,2634.789,174,120,34,144,86,5.54,36.826,-0.5,0.186,-0.183,0.287,0.036,-37.909,-0.261,-16.58,-16.936,-41.667,-12.001,-61.191,19.891,-42.51,11.822,-64.837,35.7,-81.8,12.813,-107.368,-35.7,-81.8,2635.657,-16.177,-39.232,2636.039,2,甲斐野柊太,-15.943,-38.986,0,0,0,0,0,0,0,2
82,4,0,1,5,0,0,1,0,1,1,255,16,11,47,2673.189,소솨소솨,R,6,90,2.492,-0.469,1,281.543,0,0,0,0,3,1,L,Sabo_10,184.7,92,0.6,51,0,0,0,0,0,0,0,0,0,0,0,0,-0.184,-38.438,0.435,-16.479,-15.743,-42.974,-15.091,-61.194,19.37,-40.097,11.06,-63.4,35.7,-81.8,17.199,-119.991,-35.7,-81.8,0,0,0,0,0,,0,0,0,0,0,0,0,0,0,0
83,4,0,1,5,1,0,1,0,1,1,255,16,11,48,2694.307,소솨소솨,R,7,92,-0.201,-1.062,4,155.931,0,0.13,-16.956,1,3,1,L,Sabo_10,184.7,92,0.6,51,0,0,0,0,0,0,0,0,0,0,0,0,-0.195,-38.162,0.126,-16.733,-16.999,-43.276,-15.013,-62.652,19.372,-40.107,12.129,-62.632,35.7,-81.8,17.087,-120.027,-35.7,-81.8,0,0,0,0,0,,0,0,0,0,0,0,0,0,0,0
84,4,0,1,5,1,1,1,0,1,1,255,16,11,49,2711.918,소솨소솨,R,0,128,3.545,1.3,1,0,0,0,0,0,3,1,L,Sabo_10,184.7,92,0.6,51,0,0,0,0,0,0,0,0,0,0,0,0,-0.166,-38.091,0.268,-16.737,-16.496,-42.76,-15.008,-62.66,19.129,-39.821,12.375,-63.232,35.7,-81.8,17.049,-119.924,-35.7,-81.8,0,0,0,0,0,,0,0,0,0,0,0,0,0,0,0
85,4,0,1,5,2,1,1,0,1,1,255,16,11,50,2729.462,소솨소솨,R,0,140,2.735,0.525,4,0,0,0,0,1,3,1,L,Sabo_10,184.7,92,0.6,51,0,0,0,0,0,0,0,0,0,0,0,0,-0.107,-37.565,0.211,-16.641,-16.528,-42.7,-14.895,-62.862,19.319,-41.19,8.709,-64.613,35.7,-81.8,16.97,-120.013,-35.7,-81.8,0,0,0,0,0,,0,0,0,0,0,0,0,0,0,0
86,4,0,1,5,2,2,1,0,1,1,255,16,11,51,2745.284,소솨소솨,R,0,126,-0.878,-2.597,1,0,0,-0.15,-21.038,0,3,1,L,Sabo_10,184.7,92,0.6,51,0,0,0,0,0,0,0,0,0,0,0,0,-0.081,-38.308,-0.233,-17.025,-16.707,-42.603,-14.847,-62.826,19.624,-42.381,9.81,-64.735,35.7,-81.8,17.103,-119.785,-35.7,-81.8,0,0,0,0,0,,0,0,0,0,0,0,0,0,0,0
87,4,0,1,5,0,0,2,0,1,1,255,16,11,52,2784.102,소솨소솨,R,0,124,1.955,-1.058,4,0,0,0,0,1,4,5,L,_Chun,160,95.143,0.502,60,0,0,0,0,0,0,0,0,0,0,0,0,-0.409,-38.152,0.349,-16.756,-17.218,-43.296,-15.507,-63.098,19.377,-43.894,11.326,-63.222,35.701,-81.801,8.705,-118.491,-35.701,-81.801,0,0,0,0,0,,0,0,0,0,0,0,0,0,0,0
88,4,0,1,5,0,1,2,0,1,1,255,16,11,53,2798.862,소솨소솨,R,0,139,0.128,-2.406,4,0,0,-0.073,-16.546,1,4,5,L,_Chun,160,95.143,0.502,60,0,0,0,0,0,0,0,0,0,0,0,0,-0.275,-38.093,-0.186,-17.023,-17.42,-43.26,-15.474,-63.021,19.183,-42.677,10.581,-63.589,35.7,-81.8,8.683,-118.524,-35.7,-81.8,0,0,0,0,0,,0,0,0,0,0,0,0,0,0,0
89,4,0,1,5,0,2,2,0,1,1,255,16,11,54,2817.019,소솨소솨,R,0,134,0.611,0.853,2,0,0,0,0,1,4,5,L,_Chun,160,95.143,0.502,60,2818.007,20,14,23,3,36,-57.079,12.468,-0.05,0.13,-0.033,0,-0.21,-37.408,0.015,-16.651,-17.099,-42.906,-14.949,-63.094,19.882,-44.607,10.939,-64.659,35.7,-81.8,8.725,-118.386,-35.7,-81.8,2817.816,-0.028,-20.893,2820.316,0,소솨소솨,-1.653,-31.362,0,0,0,0,0,0,0,2
90,5,1,1,5,0,0,0,0,0,0,255,255,255,34,2875.737,IllilliIIIIllil,R,0,0,0,0,0,0,0,0,0,1,6,0,R,소솨소솨,190,89.643,0.4,59,2876.726,156,115,43,142,86,13.588,-40.726,-0.53,-0.167,-0.156,0.294,-0.16,-36.8,0.028,-16.964,-22.909,-48.245,-13.909,-64.585,21.704,-49.44,9.393,-63.648,35.7,-81.8,-1.408,-108.516,-39.666,-83.444,2877.205,-0.271,-20.722,2886.504,4,schmoneymikey,-0.348,-38.079,0,0,0,0,0,0,0,3
91,5,1,1,5,0,1,0,0,0,0,255,255,255,35,2894.345,IllilliIIIIllil,R,10,128,-0.412,-1.554,2,-29.685,400,0,0,1,6,0,R,소솨소솨,190,89.643,0.4,59,2895.327,174,139,58,146,70,-0.396,18.923,0.98,-0.219,-0.208,0.382,-0.121,-36.919,0.017,-16.725,-21.989,-45.985,-13.918,-64.589,22.256,-49.002,10.401,-64.92,35.7,-81.8,-1.378,-108.524,-38.128,-81.59,2895.539,-2.717,-28.921,2897.914,3,mungjungh,-12.211,-55.602,0,0,0,0,0,0,0,2
92,5,1,1,5,0,0,1,0,0,0,255,255,255,36,2917.938,IllilliIIIIllil,R,0,135,0.978,0.394,2,54.775,-112.481,0,0,1,0,4,R,Eaglebuter,169.5,95,0.5,59,2918.914,95,51,0,77,63,-54.987,39.807,-0.55,-0.078,-0.064,0.17,-0.134,-36.963,0.018,-17.227,-20.687,-46.401,-14.623,-63.619,22.74,-48.991,11.01,-64.008,35.7,-81.8,-2.714,-105.701,-37.105,-82.247,2918.636,-0.321,-19.343,2921.33,2,Pring__,-15.297,-37.832,0,0,0,0,0,0,0,2
93,5,1,1,5,0,0,2,0,0,0,255,255,255,37,2944.785,IllilliIIIIllil,R,10,119,1.954,0.302,2,0,400,0,0,1,1,2,R,甲斐野柊太,190,86,0.2,59,2945.944,143,130,108,141,88,-71.086,48.211,-0.43,0.026,-0.002,0.192,-0.062,-37.061,0.029,-16.974,-18.35,-42.682,-13.742,-63.79,23.198,-50.35,9.531,-64.168,35.7,-81.8,0.765,-105.654,-35.487,-80.076,2945.684,-0.048,-20.912,2948.247,2,Pring__,-16.305,-35.53,0,0,0,0,0,0,0,2
94,5,1,1,5,0,1,2,0,0,0,255,255,255,38,2965.589,IllilliIIIIllil,R,10,126,0.49,-1.112,4,0,400,0.152,-16.653,1,1,2,R,甲斐野柊太,190,86,0.2,59,0,0,0,0,0,0,0,0,0,0,0,0,0.05,-37.895,0.022,-16.835,-19.223,-40.697,-14.018,-64.046,21.525,-49.749,9.282,-64.86,35.7,-81.8,0.123,-103.071,-36.852,-82.526,0,0,0,0,0,,0,0,0,0,0,0,0,0,0,0
95,5,1,1,5,0,2,2,0,0,0,255,255,255,39,2981.72,IllilliIIIIllil,R,0,128,0.233,1.33,2,117.383,-149.894,0,0,1,1,2,R,甲斐野柊太,190,86,0.2,28,2982.805,92,102,64,132,83,46.565,-50.192,-0.4,0.012,-0.059,0.165,-0.263,-36.812,-0.019,-16.847,-21.508,-46.359,-13.918,-63.689,23.309,-49.711,9.413,-64.628,35.7,-81.8,0.326,-102.761,-37.535,-82.884,2987.261,50.364,-60.488,0,0,,0,0,0,0,0,0,0,0,0,3
96,5,1,1,5,0,2,2,0,0,0,255,255,255,40,3003.459,IllilliIIIIllil,R,3,89,-1.255,0.296,0,-279.757,0,0,0,1,1,2,R,甲斐野柊太,190,86,0.2,59,0,0,0,0,0,0,0,0,0,0,0,0,0.369,-35.321,-0.117,-17.036,-21.165,-44.834,-12.341,-65.229,23.234,-50.619,8.171,-64.176,35.7,-81.8,0.042,-106.632,-36.854,-83.231,0,0,0,0,0,,0,0,0,0,0,0,0,0,0,0
97,5,0,1,5,0,0,0,0,0,0,255,255,255,55,3040.34,소솨소솨,R,0,107,0.089,-0.376,0,0,0,0,0,0,5,3,R,mungjungh,160,107,0.551,59,0,0,0,0,0,0,0,0,0,0,0,0,0.149,-37.845,0.074,-16.604,-19.668,-44.94,-14.879,-64.418,20.111,-49.463,13.792,-64.435,35.7,-81.8,-9.318,-105.699,-35.7,-81.8,0,0,0,0,0,,0,0,0,0,0,0,0,0,0,0
98,5,0,1,5,0,1,0,0,0,0,255,255,255,56,3058.044,소솨소솨,R,3,111,-0.027,-0.132,2,-486.997,0,0,0,1,5,3,R,mungjungh,160,107,0.551,59,3059.127,238,100,16,140,119,35.246,-40.673,0.4,-0.059,-0.053,0.374,-0.004,-37.646,0.216,-16.534,-19.167,-44.242,-14.996,-63.697,20.313,-49.393,11.573,-64.434,35.7,-81.8,-9.289,-106.575,-35.7,-81.8,3064.066,62.019,-106.09,0,0,,0,0,0,0,0,0,0,0,0,4
99,5,0,1,6,0,0,0,0,0,0,255,255,255,57,3096.895,소솨소솨,R,0,140,-1.26,-2.24,1,0,0,-0.341,-16.566,0,6,8,R,Yaksok~,166.4,93.281,0.397,59,0,0,0,0,0,0,0,0,0,0,0,0,-0.237,-38.195,-0.189,-16.786,-18.24,-42.582,-14.281,-63.964,21.981,-49.552,10.285,-65.126,35.7,-81.8,-9.548,-106.793,-35.7,-81.8,0,0,0,0,0,,0,0,0,0,0,0,0,0,0,0
100,5,0,1,6,1,0,0,0,0,0,255,255,255,58,3112.744,소솨소솨,R,0,124,-2.354,0.474,4,0,0,0,0,1,6,8,R,Yaksok~,166.4,93.281,0.397,59,0,0,0,0,0,0,0,0,0,0,0,0,-0.201,-38.172,-0.509,-16.503,-18.448,-43.091,-14.395,-63.918,21.116,-49,10.682,-64.353,35.7,-81.8,-10.659,-107.088,-35.7,-81.8,0,0,0,0,0,,0,0,0,0,0,0,0,0,0,0
101,5,0,1,6,1,1,0,0,0,0,255,255,255,59,3128.775,소솨소솨,R,0,140,-3.74,-0.367,4,0,0,0,0,1,6,8,R,Yaksok~,166.4,93.281,0.397,59,0,0,0,0,0,0,0,0,0,0,0,0,-0.254,-38.129,-0.519,-16.566,-18.191,-43.191,-14.218,-64.035,21.418,-48.838,11.202,-64.111,35.7,-81.8,-10.668,-107.124,-35.7,-81.8,0,0,0,0,0,,0,0,0,0,0,0,0,0,0,0
102,5,0,1,6,1,2,0,0,0,0,255,255,255,60,3145.091,소솨소솨,R,0,132,0.197,0.504,0,0,0,0,0,0,6,8,R,Yaksok~,166.4,93.281,0.397,63,0,0,0,0,0,0,0,0,0,0,0,0,-0.214,-38.131,-0.193,-16.531,-18.104,-43.087,-14.221,-64.032,21.423,-48.826,10.827,-64.448,35.7,-81.8,-3.142,-107.489,-35.7,-81.8,0,0,0,0,0,,0,0,0,0,0,0,0,0,0,0
103,5,0,1,6,0,0,1,0,0,0,255,255,255,61,3168.891,소솨소솨,R,0,133,0.278,0.586,2,0,0,0,0,1,7,0,L,IllilliIIIIllil,174.5,95.213,0.497,59,3170.018,166,132,61,145,88,39.291,9.849,-0.02,-0.012,-0.015,0.113,-0.288,-37.42,-0.244,-16.367,-17.726,-42.786,-14.24,-64.027,21.359,-48.649,11.722,-65.045,35.7,-81.8,-6.748,-109.168,-35.7,-81.8,3174.9,-9.017,-85.65,3175.164,7,Gonyong,-8.958,-85.204,1,0,0,0,0,0,0,2
104,5,0,1,6,0,0,1,1,0,0,9,255,255,62,3201.543,소솨소솨,R,8,92,-1.471,-0.418,1,93.168,0,0,0,0,0,2,L,Pring__,179.7,90.045,0.475,59,0,0,0,0,0,0,0,0,0,0,0,0,-0.024,-38.332,-0.146,-16.189,-17.745,-41.117,-5.341,-61.108,19.654,-47.449,9.811,-63.54,35.7,-81.8,4.494,-108.169,-35.7,-81.8,0,0,0,0,0,,0,0,0,0,0,0,0,0,0,0
105,5,0,1,6,1,0,1,1,0,0,9,255,255,63,3219.081,소솨소솨,R,6,89,-0.767,-0.325,2,322.811,0,0,0,1,0,2,L,Pring__,179.7,90.045,0.475,59,3220.035,135,129,64,140,94,37.298,-5.369,0.92,0.006,-0.086,0.286,-0.187,-37.748,-0.1,-16.537,-16.578,-41.41,-11.417,-62.692,19.667,-47.47,10.344,-65.348,35.7,-81.8,4.49,-108.205,-35.7,-81.8,0,0,0,3225.08,7,Gonyong,9.068,-91.321,0,0,0,0,0,0,0,1
106,5,0,1,6,0,0,2,1,0,0,9,255,255,64,3251.09,소솨소솨,R,0,140,-3.97,0.188,4,0,0,-1.441,-16.347,1,1,7,R,인생최패망자,174.5,90,0.45,59,0,0,0,0,0,0,0,0,0,0,0,0,-0.157,-38.368,-2.039,-16.378,-17.641,-41.003,-13.402,-63.969,20.312,-47.031,6.927,-65.435,35.7,-81.8,0.274,-110.74,-35.7,-81.8,0,0,0,0,0,,0,0,0,0,0,0,0,0,0,0
107,5,0,1,6,0,1,2,1,0,0,9,255,255,65,3271.44,소솨소솨,R,0,129,1.745,0.003,2,0,0,0,0,1,1,7,R,인생최패망자,174.5,90,0.45,59,3272.538,126,90,18,134,79,21.901,-6.816,-0.54,0.008,-0.06,0.32,-0.165,-37.475,0.15,-16.554,-16.377,-42.044,-13.376,-63.974,20.304,-47.03,8.25,-65.703,35.7,-81.8,0.272,-110.755,-35.7,-81.8,0,0,0,3275.469,5,즉석카레,6.659,-67.866,0,0,0,0,0,0,0,1
108,6,1,1,6,0,0,0,0,0,0,255,255,255,41,3331.009,IllilliIIIIllil,R,6,98,3.46,0.307,4,361.777,0,0,0,1,2,3,L,눈꽃,175.5,100.309,0.5,59,0,0,0,0,0,0,0,0,0,0,0,0,0.023,-37.969,0.277,-17.065,-24.789,-50.047,-15.425,-63.249,22.345,-49.845,8.973,-64.727,35.7,-81.8,0.948,-119.122,-34.293,-83.592,0,0,0,0,0,,0,0,0,0,0,0,0,0,0,0
109,6,1,1,6,0,1,0,0,0,0,255,255,255,42,3345.774,IllilliIIIIllil,R,0,123,-0.122,-0.045,2,-250,-114.222,0,0,1,2,3,L,눈꽃,175.5,100.309,0.5,59,3346.98,123,134,46,138,81,41.939,23.982,-0.54,0.028,-0.007,0,-0.091,-37.046,0.058,-16.984,-24.922,-49.925,-14.813,-63.29,22.358,-49.863,9.098,-64.717,35.7,-81.8,0.841,-119.087,-34.759,-83.146,0,0,0,3351.414,3,mungjungh,-25.391,-69.981,0,0,0,0,0,0,0,1
110,6,1,1,6,0,0,1,0,0,0,255,255,255,43,3373.491,IllilliIIIIllil,R,10,118,-0.164,-0.294,0,0,400,0,0,1,3,7,R,Gonyong,190,86,0.2,58,0,0,0,0,0,0,0,0,0,0,0,0,-0.024,-37.869,-0.025,-16.78,-22.411,-47.511,-13.9,-64.186,22.952,-51.221,7.969,-64.483,35.7,-81.8,1.696,-120.663,-36.34,-83.516,0,0,0,0,0,,0,0,0,0,0,0,0,0,0,0
111,6,1,1,6,0,1,1,0,0,0,255,255,255,44,3388.439,IllilliIIIIllil,R,0,125,3.012,0.925,3,91.675,-152.478,0.001,-20.17,0,3,7,R,Gonyong,190,86,0.2,58,0,0,0,0,0,0,0,0,0,0,0,0,-0.066,-37.231,0.145,-17.536,-22.595,-47.531,-13.903,-64.173,22.979,-51.214,10.331,-62.998,35.7,-81.8,0.933,-121.709,-36.357,-83.494,0,0,0,0,0,,0,0,0,0,0,0,0,0,0,6
112,6,1,1,6,2,1,1,0,0,0,255,255,255,45,3409.812,IllilliIIIIllil,R,0,140,-1.123,-0.414,2,68.198,-155.878,0,0,1,3,7,R,Gonyong,190,86,0.2,58,3410.851,154,111,40,141,113,41.263,26.422,0.59,-0.115,-0.066,0.144,-0.196,-36.86,-0.019,-16.785,-21.977,-48.215,-13.669,-64.281,22.988,-51.194,9.571,-63.565,35.7,-81.8,0.959,-121.713,-36.513,-83.407,3416.539,-53.868,-97.307,3416.664,8,Yaksok~,-52.605,-95.656,0,0,0,0,0,0,0,1
113,6,1,1,6,0,0,2,0,0,0,255,255,255,46,3440.268,IllilliIIIIllil,R,3,117,-0.132,0.177,2,-461.447,76.034,0,0,1,4,0,R,Pugeuk,190,97.373,0.596,58,3441.198,151,173,22,142,103,16.317,5.919,0.9,-0.113,-0.142,0.448,-0.267,-37.252,0.031,-17.06,-23.219,-48.968,-12.555,-65.408,22.976,-51.197,7.035,-64.492,35.706,-81.805,0.443,-120.982,-37.688,-83.783,3445.414,-21.504,-107.364,3448.802,7,인생최패망자,-24.762,-126.137,1,0,0,0,0,0,0,2
114,6,1,1,6,0,0,2,0,1,0,255,0,255,47,3490.344,IllilliIIIIllil,R,0,132,0.492,0.747,0,131.98,-147.423,0,0,1,5,5,R,즉석카레,170.2,95.353,0.404,58,0,0,0,0,0,0,0,0,0,0,0,0,-0.135,-37.758,0.125,-16.905,-21.655,-46.491,-12.028,-65.331,21.519,-47.724,1.911,-61.396,35.7,-81.8,-0.208,-120.874,-37.213,-82.004,0,0,0,0,0,,0,0,0,0,0,0,0,0,0,0
115,6,1,1,6,0,1,2,0,1,0,255,0,255,48,3527.82,IllilliIIIIllil,R,10,128,-0.556,-2.804,4,0,400,-0.038,-16.838,1,5,5,R,즉석카레,170.2,95.353,0.404,58,0,0,0,0,0,0,0,0,0,0,0,0,0.113,-37.877,0.155,-16.935,-21.509,-45.572,-12.328,-65.195,21.745,-46.718,1.021,-60.694,35.7,-81.8,-0.696,-109.173,-38.792,-82.588,0,0,0,0,0,,0,0,0,0,0,0,0,0,0,0
116,6,1,1,6,0,2,2,0,1,0,255,0,255,49,3548.253,IllilliIIIIllil,R,10,88,-0.825,-1.045,2,-112.989,400,0,0,1,5,5,R,즉석카레,170.2,95.353,0.404,58,3549.237,151,99,64,141,117,21.634,-17.255,0.77,-0.089,-0.072,0.211,-0.209,-37.514,0.016,-16.926,-22.173,-47.346,-13.58,-64.149,22.862,-46.919,0.9,-61.27,35.7,-81.8,-0.43,-113.072,-38.133,-81.472,3552.83,14.627,-111.894,3553.198,7,인생최패망자,14.649,-112.466,1,0,0,0,0,0,0,2
117,6,1,2,6,0,0,2,0,1,0,255,5,255,50,3589.616,IllilliIIIIllil,R,3,93,-1.331,0.251,0,-364.613,53.895,0,0,1,6,1,R,소솨소솨,190,89.643,0.4,58,0,0,0,0,0,0,0,0,0,0,0,0,-0.051,-37.868,-0.028,-17.224,-20.141,-44.077,-11.566,-64.324,22.891,-47.215,3.911,-61.347,35.7,-81.8,0.421,-117.861,-37.849,-83.199,0,0,0,0,0,,0,0,0,0,0,0,0,0,0,0
118,6,1,2,6,0,1,2,0,1,0,255,5,255,51,3606.631,IllilliIIIIllil,R,10,96,-0.622,-0.636,0,-3.331,265.409,-0.102,-17.13,1,6,1,R,소솨소솨,190,89.643,0.4,58,0,0,0,0,0,0,0,0,0,0,0,0,-0.043,-37.913,0.042,-17.009,-20.743,-45.282,-11.57,-64.325,23.016,-47.292,2.88,-61.842,35.7,-81.8,0.111,-115.039,-38.113,-83.438,0,0,0,0,0,,0,0,0,0,0,0,0,0,0,0
119,6,1,2,6,0,2,2,0,1,0,255,5,255,52,3622.72,IllilliIIIIllil,R,13,82,-4.529,-1.241,4,-267.23,348.558,-1.038,-18.249,1,6,1,R,소솨소솨,190,89.643,0.4,58,0,0,0,0,0,0,0,0,0,0,0,0,-0.018,-37.949,-1.123,-17.589,-20.126,-43.968,-11.577,-64.196,22.616,-47.583,6.317,-63.374,35.7,-81.8,-1.328,-116.707,-39.051,-83.832,0,0,0,0,0,,0,0,0,0,0,0,0,0,0,0
120,6,0,2,6,0,0,0,0,0,0,255,255,255,66,3709.123,Pugeuk,R,0,140,-1.214,-1.811,1,160.526,-150.762,-0.21,-17.98,0,2,4,L,schmoneymikey,190,100,0.6,58,0,0,0,0,0,0,0,0,0,0,0,0,-0.036,-38.06,-0.038,-17.612,-18.424,-44.656,-13.245,-64.167,24.866,-53.311,9.647,-65.253,35.7,-81.8,-2.645,-109.701,-35.7,-81.8,0,0,0,0,0,,0,0,0,0,0,0,0,0,0,0
121,6,0,2,6,1,0,0,0,0,0,255,255,255,67,3727.346,Pugeuk,R,14,114,1.083,-0.347,2,390.434,312.348,0,0,1,2,4,L,schmoneymikey,190,100,0.6,58,3728.322,159,106,5,137,130,-11.903,-34.992,0.42,0.024,-0.076,0.318,-0.015,-37.346,0.274,-17.482,-18.423,-44.625,-13.234,-64.171,25.1,-53.14,9.79,-65.137,35.7,-81.8,-2.912,-109.711,-35.7,-81.8,3728.254,2.625,-22.908,3729.587,4,Eaglebuter,22.372,-50.724,0,0,0,0,0,0,0,2
122,6,0,2,6,0,0,1,0,0,0,255,255,255,68,3759.105,Pugeuk,R,6,83,-0.571,0.309,0,305.202,0,0,0,1,3,1,L,Sabo_10,184.7,92,0.6,58,0,0,0,0,0,0,0,0,0,0,0,0,0.149,-38.253,0.045,-17.316,-17.761,-43.089,-11.727,-65.403,24.741,-53.295,12.675,-63.955,35.7,-81.8,-2.867,-109.722,-35.7,-81.8,0,0,0,0,0,,0,0,0,0,0,0,0,0,0,0
123,6,0,2,6,0,1,1,0,0,0,255,255,255,69,3776.415,Pugeuk,R,14,100,2.218,-1.294,4,333.911,339.248,0.699,-17.712,1,3,1,L,Sabo_10,184.7,92,0.6,58,0,0,0,0,0,0,0,0,0,0,0,0,0.072,-37.57,0.399,-17.533,-17.656,-43.192,-11.893,-65.407,24.629,-53.596,12.065,-64.05,35.7,-81.8,14.576,-121.965,-35.7,-81.8,0,0,0,0,0,,0,0,0,0,0,0,0,0,0,0
124,6,0,2,6,0,2,1,0,0,0,255,255,255,70,3792.869,Pugeuk,R,0,131,-1.001,1.411,1,24.118,-164.376,0,0,0,3,1,L,Sabo_10,184.7,92,0.6,58,0,0,0,0,0,0,0,0,0,0,0,0,-0.294,-37.895,-0.14,-17.72,-17.84,-43.084,-11.801,-65.035,25.049,-53.37,12.342,-63.979,35.7,-81.8,14.523,-121.842,-35.7,-81.8,0,0,0,0,0,,0,0,0,0,0,0,0,0,0,0
125,6,0,2,6,1,2,1,0,0,0,255,255,255,71,3811.98,Pugeuk,R,10,103,-1.188,-1.621,4,0,400,0,0,1,3,1,L,Sabo_10,184.7,92,0.6,58,0,0,0,0,0,0,0,0,0,0,0,0,0.049,-37.478,-0.232,-17.445,-19.025,-41.762,-11.839,-65.114,25.048,-53.335,11.692,-63.652,35.7,-81.8,14.556,-121.843,-35.7,-81.8,0,0,0,0,0,,0,0,0,0,0,0,0,0,0,0
126,6,0,2,6,1,0,2,0,0,0,255,255,255,72,3850.158,Pugeuk,R,0,0,0,0,0,0,0,0,0,0,4,5,L,_Chun,160,95.143,0.502,58,0,0,0,0,0,0,0,0,0,0,0,0,0,0,0,0,0,0,0,0,0,0,0,0,0,0,0,0,0,0,0,0,0,0,0,,0,0,0,0,0,0,0,0,0,0
127,6,0,2,6,1,0,2,0,0,0,255,255,255,73,3869.658,Pugeuk,R,0,132,-1.134,-1.715,1,81.775,-150.858,0,0,0,4,5,L,_Chun,160,95.143,0.502,58,0,0,0,0,0,0,0,0,0,0,0,0,-0.303,-37.453,0.013,-17.767,-17.411,-43.38,-10.284,-66.118,24.848,-53.303,10.88,-64.863,35.7,-81.8,20.699,-115.802,-35.7,-81.8,0,0,0,0,0,,0,0,0,0,0,0,0,0,0,0
128,6,0,2,6,2,0,2,0,0,0,255,255,255,74,3888.251,Pugeuk,R,11,92,-1.084,0.48,2,0,249.292,0,0,1,4,5,L,_Chun,160,95.143,0.502,58,3889.369,182,106,34,142,109,0.077,33.288,0.19,0.06,-0.061,0.253,-0.25,-37.381,-0.104,-17.398,-17.304,-43.245,-10.188,-66.233,24.863,-53.341,11.872,-64.297,35.7,-81.8,20.645,-115.79,-35.7,-81.8,3889.664,-10.458,-36.354,3890.302,2,甲斐野柊太,-14.143,-41.892,0,0,0,0,0,0,0,2
129,7,1,2,6,1,0,0,0,0,0,255,255,255,53,3987.1,mungjungh,R,0,126,2.166,0.852,1,70.036,-111.053,0,0,0,0,4,R,Eaglebuter,169.5,95,0.5,53,0,0,0,0,0,0,0,0,0,0,0,0,-0.022,-37.433,-0.002,-16.975,-23.244,-48.626,-11.26,-64.223,23.849,-50.807,8.918,-64.629,35.7,-81.8,-0.157,-118.587,-35.973,-79.957,0,0,0,0,0,,0,0,0,0,0,0,0,0,0,0
130,7,1,2,6,2,0,0,0,0,0,255,255,255,54,3997.001,mungjungh,R,0,117,0.51,0.958,0,57.215,-87.685,0,0,0,0,4,R,Eaglebuter,169.5,95,0.5,53,0,0,0,0,0,0,0,0,0,0,0,0,0.093,-37.551,0.02,-17.089,-23.272,-48.651,-11.288,-64.404,23.891,-50.835,8.9,-64.635,35.7,-81.8,-0.021,-118.448,-36.686,-81.396,0,0,0,0,0,,0,0,0,0,0,0,0,0,0,0
131,7,1,2,6,2,1,0,0,0,0,255,255,255,55,4006.273,mungjungh,R,0,105,-0.749,0.073,2,21.974,-72.613,0,0,1,0,4,R,Eaglebuter,169.5,95,0.5,53,4007.306,105,63,40,131,110,-82.061,39.503,0.24,-0.077,-0.059,0.256,-0.022,-37.478,0.012,-17.223,-23.221,-48.598,-11.587,-64.347,23.866,-50.885,9.042,-64.635,35.7,-81.8,0.054,-118.75,-36.571,-81.341,4007.018,-0.248,-19.234,4011.469,0,mungjungh,-10.878,-31.939,1,0,0,0,0,0,0,2
132,7,1,2,6,0,0,0,1,0,0,6,255,255,56,4038.198,mungjungh,R,0,124,0.298,0.858,2,91.004,-136.225,0,0,1,1,2,R,甲斐野柊太,190,86,0.2,28,4039.237,159,105,36,141,99,4.29,16.62,0.05,0.101,-0.08,0.392,-0.151,-37.049,-0.021,-16.894,-20.11,-41.297,-13.453,-63.533,23.648,-49.993,1.843,-62.945,35.7,-81.8,-0.919,-120.106,-34.662,-78.967,4040.268,-10.414,-50.207,4040.906,3,IllilliIIIIllil,-13.285,-57.585,0,0,0,0,0,0,0,2
133,7,1,2,6,0,0,2,0,0,0,255,255,255,57,4071.601,mungjungh,R,13,109,-1.167,-0.954,2,-206.965,400,0,0,1,2,3,L,눈꽃,175.5,100.309,0.5,57,4072.796,159,121,51,143,71,-79.378,72.515,0.98,0.036,0.016,0.071,0.156,-36.897,0.023,-16.963,-21.15,-46.533,-12.817,-64.166,23.811,-51.293,9.938,-62.651,35.7,-81.8,-0.095,-122.638,-38.094,-83.563,4072.462,-0.573,-21.068,0,0,,0,0,0,0,0,0,0,0,0,0
134,7,1,2,6,0,1,2,0,0,0,255,255,255,58,4088.324,mungjungh,R,10,112,0.269,-1.786,1,0,400,0.045,-18.4,0,2,3,L,눈꽃,175.5,100.309,0.5,57,0,0,0,0,0,0,0,0,0,0,0,0,0.158,-37.756,0.015,-17.048,-21.566,-45.955,-12.194,-64.409,23.545,-50.635,10.214,-61.633,35.7,-81.8,-2.736,-117.667,-38.675,-83.533,0,0,0,0,0,,0,0,0,0,0,0,0,0,0,0
135,7,1,2,6,1,1,2,0,0,0,255,255,255,59,4126.401,mungjungh,R,13,109,-2.722,-1.279,4,-356.279,347.456,-0.84,-17.289,1,2,3,L,눈꽃,175.5,100.309,0.5,57,0,0,0,0,0,0,0,0,0,0,0,0,0.165,-37.655,-0.671,-17.191,-21.949,-46.241,-11.854,-64.497,24.07,-51.128,10.274,-63.142,35.7,-81.8,-2.733,-118.591,-39.546,-83.05,0,0,0,0,0,,0,0,0,0,0,0,0,0,0,0
136,7,1,2,6,1,2,2,0,0,0,255,255,255,60,4140.582,mungjungh,R,0,128,1.272,2.652,1,250,-200,0,0,0,2,3,L,눈꽃,175.5,100.309,0.5,57,0,0,0,0,0,0,0,0,0,0,0,0,0.2,-37.377,0.536,-15.858,-21.586,-46.555,-12.194,-64.431,24.131,-51.226,10.412,-63.067,35.7,-81.8,-2.538,-117.7,-39.518,-83.066,0,0,0,0,0,,0,0,0,0,0,0,0,0,0,0
137,7,1,2,6,2,2,2,0,0,0,255,255,255,61,4156.356,mungjungh,R,0,120,1.472,1.797,1,109.031,-200,0,0,0,2,3,L,눈꽃,175.5,100.309,0.5,57,0,0,0,0,0,0,0,0,0,0,0,0,0.234,-37.71,0.115,-16.873,-21.502,-46.895,-12.166,-64.436,24.221,-51.212,10.327,-63.056,35.7,-81.8,-2.539,-117.837,-39.527,-82.843,0,0,0,0,0,,0,0,0,0,0,0,0,0,0,0
138,7,1,2,6,3,2,2,0,0,0,255,255,255,62,4170.905,mungjungh,R,13,107,0.465,1.005,2,-326.943,370.176,0,0,1,2,3,L,눈꽃,175.5,100.309,0.5,57,4172.113,164,61,8,125,73,37.797,2.217,-0.53,0.057,0.011,0.214,0.311,-36.879,-0.007,-16.937,-21.68,-47.11,-12.189,-64.426,24.106,-51.141,10.242,-63.109,35.7,-81.8,-2.523,-117.817,-38.948,-83.284,0,0,0,4176.546,3,IllilliIIIIllil,-4.045,-71.252,0,0,0,0,0,0,0,1
139,7,0,2,6,0,0,0,0,0,0,255,255,255,75,4220.518,Pugeuk,R,13,92,-0.563,-0.395,2,-309.539,336.192,0,0,1,5,0,R,mungjungh,160,107,0.551,57,4221.658,65,23,69,34,34,12.227,24.077,0.91,-0.061,-0.022,0,-0.093,-37.361,0.126,-17.578,-18.084,-43.282,-15.1,-63.658,24.528,-51.867,9.192,-65.645,35.7,-81.8,0.312,-116.004,-35.7,-81.8,4222.469,-4.193,-29.918,4225.122,2,甲斐野柊太,-10.175,-42.184,0,0,0,0,0,0,0,2
140,7,0,2,6,0,0,1,0,0,0,255,255,255,76,4256.769,Pugeuk,R,0,101,1.406,0.591,0,-0.104,0,0,0,1,6,8,R,Yaksok~,166.4,93.281,0.397,57,0,0,0,0,0,0,0,0,0,0,0,0,0.088,-37.789,0.054,-17.491,-17.516,-42.878,-13.389,-64.351,25.346,-52.738,8.414,-65.586,35.7,-81.8,0.278,-116.15,-35.7,-81.8,0,0,0,0,0,,0,0,0,0,0,0,0,0,0,0
141,7,0,2,6,0,1,1,0,0,0,255,255,255,77,4274.124,Pugeuk,R,0,125,-2.706,0.776,2,162.302,-32.095,0,0,1,6,8,R,Yaksok~,166.4,93.281,0.397,57,4274.914,155,123,13,141,127,102.374,-65.409,0.57,-0.075,-0.127,0.295,-0.427,-37.11,-0.509,-17.366,-17.709,-42.773,-14.054,-63.688,25.186,-52.876,8.409,-65.573,35.7,-81.8,0.235,-116.147,-35.7,-81.8,4282.212,-67.833,29.972,0,0,,0,0,0,0,0,0,0,0,0,0
142,7,0,2,6,0,2,1,0,0,0,255,255,255,78,4296.167,Pugeuk,R,14,107,2.085,-1.269,4,367.007,328.096,0.801,-17.529,1,6,8,R,Yaksok~,166.4,93.281,0.397,62,0,0,0,0,0,0,0,0,0,0,0,0,-0.501,-37.996,-0.098,-17.068,-17.954,-42.384,-11.82,-65.243,25.168,-52.973,9.613,-64.854,35.7,-81.8,-0.516,-117.209,-35.7,-81.8,0,0,0,0,0,,0,0,0,0,0,0,0,0,0,0
143,7,0,2,6,0,0,2,0,0,0,255,255,255,79,4324.697,Pugeuk,R,0,130,-1.498,0.818,2,124.999,-65.521,0,0,0,7,3,L,IllilliIIIIllil,174.5,95.213,0.497,57,4325.614,138,71,11,131,76,91.161,87.696,-0.54,0.06,-0.036,0,-0.487,-37.036,-0.152,-17.329,-17.04,-42.945,-12.779,-65.062,25.203,-52.827,9.641,-64.912,35.7,-81.8,1.206,-106.519,-35.7,-81.8,4330.872,34.299,-17.272,0,0,,0,0,0,0,0,0,0,0,0,0
144,7,0,2,6,0,1,2,0,0,0,255,255,255,80,4350.245,Pugeuk,R,6,106,3.219,0.757,4,481.818,0,0,0,1,7,3,L,IllilliIIIIllil,174.5,95.213,0.497,57,0,0,0,0,0,0,0,0,0,0,0,0,0.197,-37.559,0.345,-17.416,-16.553,-43.162,-13.59,-64.341,25.558,-52.8,11.26,-64.967,35.7,-81.8,0.163,-105.426,-35.7,-81.8,0,0,0,0,0,,0,0,0,0,0,0,0,0,0,0
145,7,0,2,6,0,2,2,0,0,0,255,255,255,81,4371.379,Pugeuk,R,0,137,1.383,-0.688,2,158.368,-133.971,0,0,1,7,3,L,IllilliIIIIllil,174.5,95.213,0.497,57,4372.43,211,140,55,150,127,22.557,13.591,0.37,0.044,-0.056,0.194,-0.417,-37.004,0.364,-17.61,-17.009,-42.791,-13.025,-64.644,25.7,-52.847,10.973,-64.646,35.7,-81.8,4.082,-106.068,-35.7,-81.8,4376.524,-12.92,-127.148,4379.441,7,Gonyong,-12.648,-123.654,1,0,0,0,0,0,0,2
146,7,0,2,6,0,0,2,0,1,0,255,12,255,82,4413.286,Pugeuk,R,6,88,0.167,0.446,0,400,0,0,0,1,0,2,L,Pring__,179.7,90.045,0.475,57,0,0,0,0,0,0,0,0,0,0,0,0,-0.025,-38.3,0.134,-17.788,-17.246,-43.897,-3.76,-61.921,19.3,-40.159,5.255,-62.803,35.7,-81.8,5.857,-110.088,-35.7,-81.8,0,0,0,0,0,,0,0,0,0,0,0,0,0,0,0
147,7,0,2,6,0,1,2,0,0,1,255,255,12,83,4440.308,Pugeuk,R,0,105,1.1,-1.171,2,-8.321,0,0,0,1,0,2,L,Pring__,179.7,90.045,0.475,57,4441.196,115,145,59,137,34,21.162,-18.939,0.94,0.076,-0.094,0.231,-0.406,-37.043,-0.064,-17.649,-15.866,-42.146,-11.653,-65.561,19.964,-42.597,10.798,-65.167,35.7,-81.8,5.771,-110.028,-35.7,-81.8,4442.511,4.551,-32.966,4444.539,4,Eaglebuter,8.498,-39.55,0,0,0,0,0,0,0,2
148,8,1,2,6,0,0,0,0,0,0,255,255,255,63,4495.237,mungjungh,R,0,96,1.925,1.259,2,0,0,0,0,1,3,7,R,Gonyong,190,86,0.2,57,4496.408,200,112,37,144,90,18.031,-15.504,-0.5,-0.015,-0.014,0.162,0.092,-37.227,0,-16.85,-23.302,-49.392,-11.487,-64.765,23.47,-49.037,8.303,-63.515,35.7,-81.8,-0.061,-114.899,-35.682,-82.358,4504.399,38.052,-110.893,4508.955,3,IllilliIIIIllil,1.044,-60.572,1,0,0,0,0,0,0,0
149,8,1,2,6,0,0,0,0,1,0,255,7,255,64,4556.014,mungjungh,R,0,129,0.848,0.828,2,31.325,-98.136,0,0,1,4,0,R,Pugeuk,190,97.373,0.596,56,4557.121,197,166,36,149,130,44.212,53.487,0.7,-0.03,-0.102,0.47,0.253,-37.17,0.019,-16.945,-21.406,-47.54,-12.062,-64.624,22.927,-49.17,1.226,-62,35.7,-81.8,-4.749,-121.875,-34.018,-78.866,4562.164,-99.187,-79.667,0,0,,0,0,0,0,0,0,0,0,0,0
150,8,1,2,6,0,1,0,0,1,0,255,7,255,65,4576.995,mungjungh,R,0,119,3.401,0.036,2,250,-200,0,0,1,4,0,R,Pugeuk,190,97.373,0.596,73,4578.221,139,100,25,138,85,-51.054,6.299,-0.55,-0.02,-0.12,0.092,-0.129,-36.845,-0.01,-16.819,-22.377,-47.807,-12.151,-64.691,22.77,-48.582,2.131,-62.31,35.7,-81.8,-2.475,-120.498,-39.854,-83.271,4577.921,0.571,-20.438,4579.303,0,mungjungh,-1.063,-35.146,0,0,0,0,0,0,0,2
151,8,1,2,6,0,0,1,0,0,1,255,255,7,66,4665.646,mungjungh,R,0,121,0.321,0.764,0,31.729,-103.312,0,0,0,5,5,R,즉석카레,170.2,95.353,0.404,56,0,0,0,0,0,0,0,0,0,0,0,0,0.069,-37.685,0.191,-17.176,-23.86,-48.736,-12.551,-64.471,19.435,-41.583,4.13,-64.732,35.7,-81.8,-0.774,-119.607,-38.541,-82.408,0,0,0,0,0,,0,0,0,0,0,0,0,0,0,0
152,8,1,2,6,0,1,1,0,0,1,255,255,7,67,4678.418,mungjungh,R,0,108,2.319,2.14,4,0,0,0.18,-21.409,1,5,5,R,즉석카레,170.2,95.353,0.404,56,0,0,0,0,0,0,0,0,0,0,0,0,0.115,-37.272,0.332,-19.774,-23.825,-48.787,-12.278,-64.542,19.548,-40.613,4.383,-64.664,35.7,-81.8,-0.764,-119.597,-37.261,-83.032,0,0,0,0,0,,0,0,0,0,0,0,0,0,0,0
153,8,1,2,6,0,2,1,0,0,1,255,255,7,68,4713.282,mungjungh,R,0,120,0.392,-0.418,0,86.296,-98.529,0,0,1,5,5,R,즉석카레,170.2,95.353,0.404,56,0,0,0,0,0,0,0,0,0,0,0,0,0.23,-37.677,0.167,-17.087,-23.763,-48.219,-12.405,-64.523,18.35,-43.765,3.564,-63.71,35.7,-81.8,-0.78,-119.546,-37.228,-81.986,0,0,0,0,0,,0,0,0,0,0,0,0,0,0,0
154,8,1,2,6,0,0,2,0,0,1,255,255,7,69,4738.89,mungjungh,R,0,121,1.106,0.936,0,61.106,-119.918,0.401,-17.648,0,6,1,R,소솨소솨,190,89.643,0.4,56,0,0,0,0,0,0,0,0,0,0,0,0,0.01,-37.583,0.051,-16.909,-21.975,-47.484,-12.563,-64.334,18.982,-43.265,2.07,-63.473,35.7,-81.8,-0.856,-119.288,-36.345,-81.457,0,0,0,0,0,,0,0,0,0,0,0,0,0,0,0
155,8,1,2,6,0,1,2,0,0,1,255,255,7,70,4755.466,mungjungh,R,13,115,-2.244,-1.05,1,-348.473,358.562,-0.851,-17.045,0,6,1,R,소솨소솨,190,89.643,0.4,56,0,0,0,0,0,0,0,0,0,0,0,0,0.063,-37.762,-0.804,-17.118,-22.082,-47.404,-12.614,-64.417,19.269,-40.826,2.872,-64.505,35.7,-81.8,-0.79,-119.462,-37.659,-83.08,0,0,0,0,0,,0,0,0,0,0,0,0,0,0,0
156,8,1,2,6,1,1,2,0,0,1,255,255,7,71,4771.729,mungjungh,R,13,106,-0.728,-0.171,2,-326.324,367.865,0,0,1,6,1,R,소솨소솨,190,89.643,0.4,56,4772.839,129,67,23,131,84,-44.409,-28.07,-0.05,-0.079,-0.169,0.093,0.134,-36.991,-0.009,-16.816,-21.882,-47.597,-12.4,-64.464,19.538,-40.269,3.38,-63.621,35.7,-81.8,-0.952,-119.254,-37.548,-83.01,4772.602,0.32,-21.137,4776.518,5,_Chun,14.595,-55.611,0,0,0,0,0,0,0,2
157,8,0,2,6,0,0,0,0,0,0,255,255,255,84,4817.892,Pugeuk,R,0,132,-2.154,0.872,2,89.063,-89.73,0,0,1,1,7,R,인생최패망자,174.5,90,0.45,56,4818.962,131,116,57,139,126,96.777,-78.544,0.69,-0.129,-0.064,0.195,-0.048,-37.357,-0.363,-17.268,-18.295,-43.301,-13.686,-64.769,24.387,-52.925,10.414,-65.032,35.7,-81.8,-9.747,-114.746,-35.7,-81.8,0,0,0,0,0,,0,0,0,0,0,0,0,0,0,0
158,8,0,2,6,0,1,0,0,0,0,255,255,255,85,4838.984,Pugeuk,R,14,100,1.916,-1.156,1,336.883,335.674,0.661,-17.653,0,1,7,R,인생최패망자,174.5,90,0.45,70,0,0,0,0,0,0,0,0,0,0,0,0,0.082,-37.996,0.198,-17.64,-18.003,-43.279,-13.722,-64.764,24.585,-52.869,10.815,-64.714,35.7,-81.8,1.718,-111.639,-35.7,-81.8,0,0,0,0,0,,0,0,0,0,0,0,0,0,0,0
159,8,0,2,6,1,1,0,0,0,0,255,255,255,86,4862.613,Pugeuk,R,3,96,0.368,0.099,2,-360.402,0,0,0,1,1,7,R,인생최패망자,174.5,90,0.45,70,4863.795,149,116,56,141,93,20.783,35.724,0.92,-0.049,-0.072,0.247,0.043,-37.423,0.104,-17.353,-18.166,-43.396,-14.044,-64.246,24.583,-52.847,11.17,-64.361,35.7,-81.8,2.537,-111.251,-35.7,-81.8,4872.108,-65.798,-88.988,4875.983,2,甲斐野柊太,-25.717,-62.514,1,0,0,0,0,0,0,0
160,8,0,2,6,0,0,0,0,0,1,255,255,16,87,4948.434,Pugeuk,R,0,128,-0.576,0.335,0,98.456,-41.321,0,0,1,2,4,L,schmoneymikey,190,100,0.6,56,0,0,0,0,0,0,0,0,0,0,0,0,0.094,-38.298,0.035,-17.641,-15.822,-42.28,-13.916,-63.22,19.471,-40.035,13.526,-62.765,35.7,-81.8,1.242,-107.308,-35.7,-81.8,0,0,0,0,0,,0,0,0,0,0,0,0,0,0,0
161,8,0,2,6,0,1,0,0,0,1,255,255,16,88,4968.396,Pugeuk,R,15,79,0.461,1.248,2,137.683,-400,0,0,1,2,4,L,schmoneymikey,190,100,0.6,56,4969.52,154,107,46,141,103,50.742,52.67,0.07,0.045,-0.026,0.22,0.156,-37.503,-0.05,-17.418,-15.787,-42.274,-13.433,-63.811,19.15,-41.353,15.143,-63.192,35.7,-81.8,1.381,-107.227,-35.7,-81.8,4974.477,-67.775,-69.195,0,0,,0,0,0,0,0,0,0,0,0,3
162,8,0,2,6,0,2,0,0,0,1,255,255,16,89,4992.793,Pugeuk,R,6,81,-0.161,-0.735,0,342.101,0,0,0,1,2,4,L,schmoneymikey,190,100,0.6,56,0,0,0,0,0,0,0,0,0,0,0,0,-0.078,-38.16,-0.051,-17.527,-16.174,-40.636,-12.076,-64.244,18.727,-40.769,14.587,-62.905,35.7,-81.8,1.336,-107.227,-35.7,-81.8,0,0,0,0,0,,0,0,0,0,0,0,0,0,0,0
163,8,0,2,6,0,0,1,0,0,1,255,255,16,90,5023.259,Pugeuk,R,6,113,3.464,-0.458,2,403.381,25.616,0,0,1,3,1,L,Sabo_10,184.7,92,0.6,56,5024.29,159,124,55,143,106,35.06,-49.341,0.88,0.05,-0.179,0.312,0.107,-37.585,0.284,-17.419,-16.028,-41.035,-11.602,-65.142,19.221,-41.862,13.678,-63.907,35.7,-81.8,1.339,-107.201,-35.7,-81.8,5028.643,77.162,-68.697,0,0,,0,0,0,0,0,0,0,0,0,3
164,8,0,2,6,0,1,1,0,0,1,255,255,16,91,5044.879,Pugeuk,R,6,111,2.454,-1.038,4,448.64,220.731,0.968,-17.564,1,3,1,L,Sabo_10,184.7,92,0.6,50,0,0,0,0,0,0,0,0,0,0,0,0,-0.265,-38.008,0.428,-16.34,-16.11,-41.824,-11.327,-65.069,19.634,-40.777,14.29,-63.582,35.701,-81.8,16.109,-117.164,-35.7,-81.8,0,0,0,0,0,,0,0,0,0,0,0,0,0,0,0
165,8,0,2,6,0,2,1,0,0,1,255,255,16,92,5064.284,Pugeuk,R,10,94,-1.194,-1.281,4,0,400,0,0,1,3,1,L,Sabo_10,184.7,92,0.6,50,0,0,0,0,0,0,0,0,0,0,0,0,0.388,-38.024,-0.232,-17.543,-17.749,-41.117,-10.183,-65.504,19.477,-42.293,13.691,-63.186,35.7,-81.8,16.163,-116.895,-35.7,-81.8,0,0,0,0,0,,0,0,0,0,0,0,0,0,0,0
166,8,0,2,6,0,0,2,0,0,1,255,255,16,93,5112.076,Pugeuk,R,0,132,0.717,-0.852,0,132.622,-58.483,0,0,0,4,5,L,_Chun,160,95.143,0.502,56,0,0,0,0,0,0,0,0,0,0,0,0,-0.108,-38.082,0.25,-17.362,-18.76,-44.908,-10.929,-65.498,19.402,-41.698,14.729,-62.269,35.7,-81.8,16.402,-116.923,-35.7,-81.8,0,0,0,0,0,,0,0,0,0,0,0,0,0,0,0
167,8,0,2,7,0,1,2,0,0,0,255,255,255,94,5163.004,Pugeuk,R,3,115,-0.05,-0.593,2,-346.007,0,0,0,1,4,5,L,_Chun,160,95.143,0.502,56,5163.969,114,85,66,134,85,-40.92,44.736,0.05,0.124,-0.087,0.17,-0.216,-36.994,0.031,-17.351,-17.143,-43.019,-12.467,-65.137,25.669,-51.037,9.332,-64.364,35.7,-81.8,9.839,-115.684,-35.7,-81.8,5163.671,-0.821,-21.589,5165.219,2,甲斐野柊太,-19.432,-39.129,0,0,0,0,0,0,0,2
168,8,0,2,7,0,2,2,0,0,0,255,255,255,95,5184.978,Pugeuk,R,10,106,-4.037,0.633,4,1.855,329.545,-0.142,-19.993,1,4,5,L,_Chun,160,95.143,0.502,56,0,0,0,0,0,0,0,0,0,0,0,0,-0.18,-37.611,-0.047,-17.185,-17.993,-42.12,-12.535,-64.752,25.21,-51.181,11.896,-63.906,35.7,-81.8,9.193,-114.287,-35.7,-81.8,0,0,0,0,0,,0,0,0,0,0,0,0,0,0,0
169,9,1,2,7,0,0,0,0,0,0,255,255,255,72,5242.509,Pring__,R,3,100,-1.875,-0.673,4,-450.128,0,0,0,1,0,4,R,Eaglebuter,169.5,95,0.5,56,0,0,0,0,0,0,0,0,0,0,0,0,-0.283,-37.844,-0.101,-17.137,-18.195,-42.771,-12.035,-63.999,21.305,-47.993,8.469,-63.026,35.7,-81.8,-1.292,-112.986,-36.551,-80.402,0,0,0,0,0,,0,0,0,0,0,0,0,0,0,0
170,9,1,2,7,0,1,0,0,0,0,255,255,255,73,5258.291,Pring__,R,3,102,-1.181,0.328,2,-377.24,0,0,0,0,0,4,R,Eaglebuter,169.5,95,0.5,52,5259.462,255,159,53,150,73,2.13,44.517,0.98,-0.057,-0.006,0.241,-0.433,-37.028,-0.051,-17.073,-18.223,-42.783,-12.426,-64.037,21.311,-48.047,8.585,-64.868,35.7,-81.8,-3.23,-118.822,-36.57,-80.419,5259.858,-9.703,-29.376,5260.914,2,mungjungh,-17.398,-37.709,0,0,0,0,0,0,0,2
171,9,1,2,7,0,0,1,0,0,0,255,255,255,74,5289.672,Pring__,R,10,102,-0.146,0.541,0,0,400,-0.03,-14.001,1,1,2,R,甲斐野柊太,190,86,0.2,56,0,0,0,0,0,0,0,0,0,0,0,0,-0.213,-37.858,-0.002,-17.199,-18.56,-43.354,-12.853,-64.385,21.371,-49.392,7.145,-64.799,35.7,-81.8,-3.281,-118.814,-36.349,-82.623,0,0,0,0,0,,0,0,0,0,0,0,0,0,0,0
172,9,1,2,7,0,1,1,0,0,0,255,255,255,75,5306.718,Pring__,R,0,125,2.105,0.842,4,123.282,-33.228,0,0,1,1,2,R,甲斐野柊太,190,86,0.2,28,0,0,0,0,0,0,0,0,0,0,0,0,-0.283,-37.379,0.408,-17.37,-19.353,-41.578,-13.202,-64.286,22.769,-48.765,6.888,-64.587,35.7,-81.8,-3.259,-118.821,-36.327,-82.64,0,0,0,0,0,,0,0,0,0,0,0,0,0,0,0
173,9,1,2,7,0,2,1,0,0,0,255,255,255,76,5323.962,Pring__,R,10,90,-3.746,1.103,4,0,297.849,0,0,1,1,2,R,甲斐野柊太,190,86,0.2,56,0,0,0,0,0,0,0,0,0,0,0,0,-0.382,-37.79,-0.344,-17.147,-19.109,-40.802,-13.245,-64.232,22.98,-48.795,6.826,-64.514,35.7,-81.8,-3.253,-118.829,-37.714,-83.091,0,0,0,0,0,,0,0,0,0,0,0,0,0,0,0
174,9,1,2,7,0,0,2,0,0,0,255,255,255,77,5354.707,Pring__,R,14,93,1.271,-0.62,2,305.36,345.76,0,0,1,2,3,L,눈꽃,175.5,100.309,0.5,56,5356.067,121,130,78,138,93,-16.937,-38.444,0.91,-0.005,0.05,0.094,0.07,-37.118,0.673,-17.021,-18.615,-43.733,-12.772,-64.517,23.787,-49.801,10.676,-63.59,35.7,-81.8,-3.261,-118.832,-38.282,-83.66,5355.789,1.918,-22.466,5357.886,4,schmoneymikey,20.765,-45.872,1,0,0,0,0,0,0,2
175,9,1,2,7,0,0,2,1,0,0,3,255,255,78,5388.425,Pring__,R,3,91,3.204,-0.497,1,-309.778,0,0.192,-13.761,0,3,7,R,Gonyong,190,86,0.2,55,0,0,0,0,0,0,0,0,0,0,0,0,-0.17,-37.418,1.103,-17.121,-18.551,-40.806,-18.391,-75.784,21.421,-47.61,8.286,-64,35.7,-81.8,-2.298,-121.514,-41.664,-76.314,0,0,0,0,0,,0,0,0,0,0,0,0,0,0,0
176,9,1,2,7,1,0,2,1,0,0,3,255,255,79,5403.854,Pring__,R,3,100,-0.341,-0.562,0,-408.189,0,0,0,1,3,7,R,Gonyong,190,86,0.2,55,0,0,0,0,0,0,0,0,0,0,0,0,-0.068,-37.601,-0.005,-17.072,-19.001,-40.703,-17.625,-78.976,22.919,-48.717,9.04,-62.324,35.7,-81.8,-2.292,-121.492,-46.04,-83.466,0,0,0,0,0,,0,0,0,0,0,0,0,0,0,0
177,9,1,2,7,1,1,2,1,0,0,3,255,255,80,5419.598,Pring__,R,14,99,-1.749,-1.072,1,317.242,354.612,0,0,0,3,7,R,Gonyong,190,86,0.2,55,0,0,0,0,0,0,0,0,0,0,0,0,-0.121,-37.623,-0.029,-16.938,-19.919,-40.06,-18.447,-79.124,23.237,-49.124,9.656,-63.321,35.7,-81.8,-2.309,-121.497,-45.679,-83.946,0,0,0,0,0,,0,0,0,0,0,0,0,0,0,0
178,9,1,2,7,2,1,2,1,0,0,3,255,255,81,5433.78,Pring__,R,14,97,1.656,-0.867,4,343.004,314.165,0.637,-17.423,1,3,7,R,Gonyong,190,86,0.2,55,0,0,0,0,0,0,0,0,0,0,0,0,-0.255,-37.658,0.671,-17.363,-19.448,-40.621,-18.215,-76.255,23.194,-49.126,8.595,-62.974,35.7,-81.8,-2.309,-121.499,-46.597,-84.915,0,0,0,0,0,,0,0,0,0,0,0,0,0,0,0
179,9,1,2,7,2,2,2,1,0,0,3,255,255,82,5448.672,Pring__,R,0,127,-0.272,-0.767,0,151.517,-58.084,0,0,0,3,7,R,Gonyong,190,86,0.2,55,0,0,0,0,0,0,0,0,0,0,0,0,-0.127,-37.466,0.068,-17.194,-19.065,-41.825,-18.485,-80.373,23.142,-48.98,7.99,-64.138,35.7,-81.8,-2.32,-121.499,-46.292,-84.548,0,0,0,0,0,,0,0,0,0,0,0,0,0,0,0