id,inn,half,scoreA,scoreB,ball,strk,out,b1,b2,b3,b1Idx,b2Idx,b3Idx,pCnt,pSec,pName,pHand,pType,spdK,zoneX,zoneY,call,sH,sV,plx,plz,bSwing,bIdx,bPos,bZone,bName,bHCm,batLen,batCen,bFps,hSec,rotS,shS,lgS,batSpd,ev,ldeg,sdeg,hPos,hMoveX,hMoveY,stayCon,PPosX,PPosY,CPosX,CPosY,1BPosX,1BPosY,2BPosX,2BPosY,3BPosX,3BPosY,SSPosX,SSPosY,LFPosX,LFPosY,CFPosX,CFPosY,RFPosX,RFPosY,ltSec,lx,lz,cSec,cPos,cPlr,cx,cz,1BSafe,tag,cpSec,sb2Sec,sb3Sec,sbhSec,ass,result
1,5,1,1,6,1,0,0,0,0,0,255,255,255,46,3215.019,_Chun,L,0,95,2.028,-0.427,1,-6.34,-147.138,0.851,-17.251,0,6,3,L,encounter v,179.5,100.135,0.454,91,0,0,0,0,0,0,0,0,0,0,0,0,0.129,-38.167,0.282,-16.593,-19.506,-44.893,-13.205,-64.851,23.941,-49.814,15.03,-63.428,46.239,-86.83,-0.224,-107.454,-45.983,-83.597,0,0,0,0,0,,0,0,0,0,0,0,0,0,0,0
2,5,1,1,6,1,0,0,0,0,0,255,255,255,47,3234.597,_Chun,L,0,130,2.286,0.495,2,192.637,-43.51,0,0,1,6,3,L,encounter v,179.5,100.135,0.454,89,3235.673,114,125,13,135,126,6.205,12.471,0.54,0.163,-0.116,0.413,0.216,-37.13,0.279,-17.331,-20.138,-44.397,-12.691,-65.128,23.734,-50.037,15.148,-63.302,44.611,-87.057,0.71,-108.687,-44.885,-85.024,3237.124,-6.373,-66.335,3242.78,7,Yaksok~,-13.293,-123.718,1,0,0,0,0,0,0,2
3,5,1,1,6,0,0,0,0,1,0,255,7,255,48,3272.54,_Chun,L,6,118,1.536,0.376,2,-427.716,0,0,0,1,7,0,L,NABIMan,190,99,0.55,89,3273.541,128,108,52,137,105,39.398,-27.633,0.11,-0.002,-0.171,0.36,0.536,-37.056,0.026,-17.303,-20.88,-46.708,0.042,-59.293,22.151,-45.678,14.765,-60.144,45.514,-89.211,-0.515,-113.061,-44.529,-87.275,3279.102,49.788,-90.234,3279.58,6,schmoneymikey,48.572,-88.641,0,0,0,0,0,0,0,1
4,5,1,1,6,0,0,1,0,0,1,255,255,3,49,3309.255,_Chun,L,0,136,0.749,0.416,2,-62.465,-61.076,0,0,1,0,4,R,magimari,190,90,0.502,90,3310.302,130,82,32,135,84,46.616,-39.704,-0.5,-0.054,-0.083,0.191,0.417,-36.823,-0.061,-17.406,-20.535,-45.678,-12.983,-65.191,19.231,-43.68,11.147,-57.431,49.085,-92.226,0.086,-107.336,-45.6,-85.621,3314.891,35.942,-72.682,3315.613,6,schmoneymikey,36.915,-74.181,1,0,0,0,0,0,0,2
5,5,1,2,6,0,0,1,1,0,0,4,255,255,50,3344.382,_Chun,L,0,135,-0.907,1.603,4,-71.215,-63.575,0,0,1,1,2,R,Roslynn,190,107,0.719,90,0,0,0,0,0,0,0,0,0,0,0,0,0.242,-37.731,-0.137,-16.799,-19.58,-41.56,-12.756,-65.013,21.212,-46.335,9.156,-62.902,47.272,-90.193,0.032,-110.401,-44.579,-87.097,0,0,0,0,0,,0,0,0,0,0,0,0,0,0,0
6,5,1,2,6,0,1,1,1,0,0,4,255,255,51,3384.969,_Chun,L,6,122,1.601,-0.28,1,-388.691,0,-1.032,-10.681,0,1,2,R,Roslynn,190,107,0.719,61,0,0,0,0,0,0,0,0,0,0,0,0,0.243,-37.925,0.288,-15.984,-20.059,-41.932,-12.781,-64.951,21.196,-46.337,8.253,-62.141,50.799,-93.272,0.02,-110.42,-47.437,-84.835,0,0,0,0,0,,0,0,0,0,0,0,0,0,0,0
7,5,1,2,6,1,1,1,1,0,0,4,255,255,52,3402.511,_Chun,L,14,114,1.173,0.879,2,-222.802,400,0,0,1,1,2,R,Roslynn,190,107,0.719,61,3403.619,151,88,22,136,123,-81.572,42.139,0.26,0.038,-0.056,0.054,0.326,-36.921,0.028,-17.459,-18.85,-44.685,-12.913,-65.062,21.203,-46.335,9.492,-63.516,52.209,-93.8,-0.172,-110.456,-47.751,-85.204,3403.724,0.032,-19.115,3404.035,1,소솨소솨,0.216,-20.363,0,0,0,0,0,0,0,2
8,5,1,2,6,1,2,1,1,0,0,4,255,255,53,3421.494,_Chun,L,6,118,-3.608,1.333,2,-396.503,0,0,0,1,1,2,R,Roslynn,190,107,0.719,90,3422.526,187,71,0,130,125,99.587,-71.857,0.36,-0.046,-0.141,0.302,0.198,-37.206,-0.515,-17.252,-19.714,-45.072,-12.763,-64.795,21.908,-46.291,9.189,-64.087,53.275,-94.851,0.216,-111.905,-48.073,-84.871,0,0,0,0,0,,0,0,0,0,0,0,0,0,0,0
9,5,1,2,6,1,2,1,1,0,0,4,255,255,54,3443.713,_Chun,L,0,130,-0.319,-2.163,4,-59.439,-69.768,0,0,1,1,2,R,Roslynn,190,107,0.719,90,0,0,0,0,0,0,0,0,0,0,0,0,0.288,-37.658,0.037,-17.649,-19.518,-41.628,-13.217,-64.936,21.888,-46.346,10.673,-63.736,47.175,-87.326,0.198,-112.216,-45.543,-85.999,0,0,0,0,0,,0,0,0,2,0,0,0,0,0,0
10,5,1,2,6,0,0,2,1,0,0,4,255,255,55,3474.677,_Chun,L,0,103,0.491,-0.038,2,-5.599,-46.308,0,0,1,2,6,R,Eaglebuter,169.5,95,0.5,89,3475.63,199,113,23,143,124,43.771,19.27,0.6,-0.057,-0.083,0.581,0.403,-36.904,0.015,-17.315,-19.952,-43.848,-12.435,-65.064,21.779,-46.296,7.868,-64.556,49.809,-89.267,-0.975,-111.495,-45.253,-82.148,3481.824,-28.958,-120.156,3484.202,7,Yaksok~,-25.065,-124.274,1,0,0,0,0,0,0,2
11,5,1,2,6,0,0,2,0,1,1,255,7,4,56,3513.181,_Chun,L,6,111,1.195,0.492,0,-500,0,0,0,0,3,8,R,Saƅer,190,95.294,0.498,89,0,0,0,0,0,0,0,0,0,0,0,0,0.171,-37.731,0.059,-17.26,-19.863,-45.319,-12.878,-64.911,20.657,-45.555,11.822,-62.444,46.532,-85.682,0.612,-115.543,-43.607,-83.366,0,0,0,0,0,,0,0,0,0,0,0,0,0,0,0
12,5,1,2,6,0,1,2,0,1,1,255,7,4,57,3533.24,_Chun,L,0,126,1.541,-0.72,1,189.407,-36.325,0,0,0,3,8,R,Saƅer,190,95.294,0.498,89,0,0,0,0,0,0,0,0,0,0,0,0,-0.039,-37.5,0.263,-16.878,-20.295,-45.623,-12.861,-64.935,20.606,-42.373,11.488,-63.251,47.647,-86.901,0.665,-115.525,-44.747,-85.176,0,0,0,0,0,,0,0,0,0,0,0,0,0,0,0
13,5,1,2,6,1,1,2,0,1,1,255,7,4,58,3553.13,_Chun,L,6,114,-2.749,0.021,4,-500,0,0,0,1,3,8,R,Saƅer,190,95.294,0.498,45,0,0,0,0,0,0,0,0,0,0,0,0,0.067,-37.525,-0.224,-16.972,-21.215,-45.279,-12.843,-64.898,20.892,-43.703,10.516,-61.403,48.718,-87.955,0.698,-115.521,-44.27,-86.797,0,0,0,0,0,,0,0,0,0,0,0,0,0,0,0
14,5,1,2,6,1,2,2,0,1,1,255,7,4,59,3589.591,_Chun,L,0,139,1.124,-2.122,1,-53.209,-71.163,0.209,-19.076,0,3,8,R,Saƅer,190,95.294,0.498,45,0,0,0,0,0,0,0,0,0,0,0,0,-0.125,-37.653,0.083,-17.065,-19.767,-44.236,-12.783,-64.44,19.507,-43.486,11.96,-62.482,50.053,-89.376,0.103,-116.39,-44.819,-86.925,0,0,0,0,0,,0,0,0,0,0,0,0,0,0,0
15,5,1,2,6,2,2,2,0,1,1,255,7,4,60,3607.063,_Chun,L,10,91,0.615,0.596,2,0,400,0,0,1,3,8,R,Saƅer,190,95.294,0.498,45,3608.088,155,123,36,142,89,31.859,-23.054,-0.44,0.101,-0.136,0.021,0.277,-36.987,0.008,-16.899,-19.918,-45.358,-13.003,-64.599,19.511,-39.847,9.103,-59.826,50.355,-88.517,-0.13,-114.424,-45.167,-86.383,3612.902,35.412,-82.93,3613.402,6,schmoneymikey,34.143,-80.834,0,0,0,0,0,0,0,1
16,5,0,2,6,0,0,0,0,0,0,255,255,255,56,3644.188,NABIMan,R,0,138,-1.728,-1.485,1,0,0,-0.366,-17.244,0,0,5,R,sano jpn,170.3,95.023,0.326,89,0,0,0,0,0,0,0,0,0,0,0,0,-0.321,-37.887,0.015,-17.046,-19.467,-52.663,-12.108,-63.92,22.178,-48.093,10.941,-65.489,37.2,-85.91,0,-100.6,-42.059,-81.499,0,0,0,0,0,,0,0,0,0,0,0,0,0,0,0
17,5,0,2,6,1,0,0,0,0,0,255,255,255,57,3656.251,NABIMan,R,3,102,-0.5,0.478,0,-373.705,0,0,0,1,0,5,R,sano jpn,170.3,95.023,0.326,89,0,0,0,0,0,0,0,0,0,0,0,0,-0.125,-37.845,0.001,-17.293,-19.839,-52.247,-12.521,-63.981,21.857,-47.796,10.93,-65.43,37.035,-86.046,0,-100.6,-40.966,-83.056,0,0,0,0,0,,0,0,0,0,0,0,0,0,0,0
18,5,0,2,6,1,1,0,0,0,0,255,255,255,58,3666.725,NABIMan,R,1,87,0.979,0.107,2,0,0,0,0,1,0,5,R,sano jpn,170.3,95.023,0.326,89,3668.023,172,67,38,135,87,21.078,41.504,0.04,-0.042,-0.017,0.164,-0.552,-37.135,0.035,-17.287,-19.818,-52.181,-12.424,-63.929,22.523,-48.283,10.898,-65.359,37.164,-85.942,0,-100.6,-40.951,-83.033,3671.224,-37.644,-66.8,3672.391,8,Saƅer,-41.677,-72.047,1,0,0,0,0,0,0,2
19,5,0,2,6,0,0,0,1,0,0,14,255,255,59,3690.247,NABIMan,R,0,136,0.6,-0.617,2,173.705,-104.534,0,0,1,1,7,R,Yaksok~,165.6,93.281,0.397,89,3690.97,204,172,36,150,86,-7.807,-10.294,-0.09,-0.118,-0.188,0.346,-0.629,-36.763,0.042,-17.23,-19.664,-40.716,-14.615,-63.183,21.994,-49.516,1.474,-59.85,40.373,-89.852,0,-100.61,-38.112,-81.578,3695.591,11.793,-90.409,3698.702,3,encounter v,0.717,-61.13,1,1,0,0,0,0,0,0
20,5,0,2,6,0,0,1,1,0,0,16,255,255,60,3736.33,NABIMan,R,0,124,2.278,0.106,4,102.609,-69.663,0,0,1,2,0,L,Pring__,180.4,90.045,0.475,84,0,0,0,0,0,0,0,0,0,0,0,0,-0.281,-37.482,0.022,-17.405,-19.297,-40.707,-6.47,-63.375,22.536,-45.461,13.975,-60.329,39.788,-88.236,0,-100.6,-39.883,-77.022,0,0,0,0,0,,0,0,0,0,0,0,0,0,0,0
21,5,0,2,6,0,1,1,1,0,0,16,255,255,61,3757.838,NABIMan,R,0,124,-1.522,-0.464,2,141.162,-141.701,0,0,1,2,0,L,Pring__,180.4,90.045,0.475,84,3758.571,127,135,42,138,84,39.752,-24.799,-0.42,0.023,-0.069,0.264,-0.602,-36.766,0.028,-17.237,-19.367,-40.744,-1.52,-63.854,22.002,-47.055,12.878,-61.509,39.747,-88.339,0,-100.6,-40.243,-76.832,3767.969,37.221,-94.602,3772.357,4,magimari,20.263,-41.587,1,0,0,0,0,0,0,0
22,5,0,2,6,0,0,1,0,1,1,255,9,16,62,3794.453,NABIMan,R,13,107,-2.026,-1.944,4,-341.236,356.283,0,0,1,3,2,R,인생최패망자,190,90,0.45,88,0,0,0,0,0,0,0,0,0,0,0,0,0.167,-37.955,0.042,-17.34,-21.49,-48.915,-6.423,-63.445,19.482,-40.844,15.969,-62.184,41.193,-92.2,0,-100.6,-35.962,-81.427,0,0,0,0,0,,0,0,0,0,0,0,0,0,0,0
23,5,0,2,6,0,1,1,0,1,1,255,9,16,63,3806.645,NABIMan,R,0,140,4.753,-1.284,2,117.851,-117.445,0,0,1,3,2,R,인생최패망자,190,90,0.45,88,3807.718,118,117,40,136,88,19.811,15.091,-0.02,-0.059,-0.145,0.25,-0.381,-36.786,0.006,-17.354,-21.459,-48.701,-7.543,-62.569,18.364,-39.863,15.955,-62.148,41.172,-92.299,0,-100.6,-36.101,-81.381,3811.546,-21.538,-83.596,3811.835,8,Saƅer,-20.346,-80.391,0,0,0,0,0,0,0,1
24,6,1,2,6,0,0,0,0,0,0,255,255,255,61,3918.369,Pring__,R,14,98,-0.808,0.162,2,344.334,317.206,0,0,1,4,1,L,Kr_Luna,190,96.958,0.505,54,3919.384,184,105,44,143,76,20.636,-4.265,0.98,-0.071,0.015,0.333,-0.163,-36.95,-0.079,-17.324,-20.046,-45.864,-12.897,-64.997,24.851,-50.181,14.25,-64.606,42.351,-82.803,0.027,-109.083,-35.707,-81.806,0,0,0,3922.735,5,sano jpn,4.149,-70.476,0,0,0,0,0,0,0,1
25,6,1,2,6,0,0,1,0,0,0,255,255,255,62,3946.615,Pring__,R,0,139,-4.292,-1.843,1,250,-124.847,-0.861,-17.689,0,5,5,R,ke ro,160,101.049,0.411,88,0,0,0,0,0,0,0,0,0,0,0,0,-0.077,-37.596,-0.368,-17.225,-20.765,-45.611,-12.836,-64.584,23.033,-48.324,13.8,-62.955,43.01,-84.141,0.865,-107.535,-35.7,-81.8,0,0,0,0,0,,0,0,0,0,0,0,0,0,0,0
26,6,1,2,6,1,0,1,0,0,0,255,255,255,63,3964.23,Pring__,R,0,129,-2.92,1.172,2,250,-121.273,0,0,1,5,5,R,ke ro,160,101.049,0.411,88,3965.273,104,92,41,132,76,27.937,12.771,-0.03,-0.038,-0.106,0,-0.203,-37.015,-0.591,-17.21,-20.835,-46.113,-12.889,-64.765,23.416,-48.17,10.5,-64.054,42.822,-83.73,0.295,-108.374,-35.7,-81.8,0,0,0,3969.458,3,Oort__Cloud,-12.296,-73.65,0,0,0,0,0,0,0,1
27,6,1,2,6,0,0,2,0,0,0,255,255,255,64,3995.91,Pring__,R,10,96,-0.619,0.561,2,0,400,0,0,1,6,3,L,encounter v,179.5,100.135,0.454,88,3997.211,195,134,17,146,87,-17.939,34.534,-0.52,-0.032,-0.157,0.58,0.097,-37.231,0.43,-17.337,-21.15,-47.146,-12.73,-65.052,23.373,-50.667,14.862,-64.846,44.921,-85.169,-0.463,-108.462,-35.7,-81.8,4000.913,-32.295,-70.792,4004.035,5,sano jpn,-2.059,-59.918,1,0,0,0,0,0,0,0
28,6,1,2,6,0,0,2,1,0,0,3,255,255,65,4026.317,Pring__,R,0,134,-1.69,0.685,2,250,-149.654,0,0,1,7,0,L,NABIMan,190,99,0.55,40,4027.201,196,152,34,149,93,50.688,27.749,-0.55,0.023,-0.133,0.473,-0.542,-36.958,0.035,-17.607,-19.17,-45.802,-9.723,-65.488,23.053,-47.88,14.585,-62.965,45.284,-87.199,0.221,-111.306,-35.7,-81.8,4034.835,-32.836,-74.362,0,0,,0,0,0,0,0,0,0,0,0,1
29,6,0,2,6,0,0,0,0,0,0,255,255,255,64,4079.524,NABIMan,R,0,130,-0.888,-1.36,2,110.964,-114.679,0,0,1,4,6,L,schmoneymikey,190,100,0.6,88,4080.529,161,118,58,143,89,94.3,84.59,-0.5,0.127,-0.161,0.274,-0.622,-36.966,0.043,-17.205,-20.964,-53.491,-13.212,-62.965,21.767,-47.449,14.504,-64.423,38.444,-88.138,0,-100.6,-37.582,-84.721,0,0,0,0,0,,0,0,0,0,0,0,0,0,0,0
30,6,0,2,6,0,1,0,0,0,0,255,255,255,65,4094.849,NABIMan,R,0,124,0.902,-0.196,2,91.397,-72.215,0,0,1,4,6,L,schmoneymikey,190,100,0.6,49,4095.795,179,123,19,143,89,93.835,80.937,-0.47,0.144,-0.154,0.309,-0.343,-37.001,0.039,-17.213,-21.953,-51.77,-14.11,-63.542,21.306,-48.048,14.513,-64.33,37.846,-86.964,0,-100.6,-36.887,-83.615,0,0,0,0,0,,0,0,0,0,0,0,0,0,0,0
31,6,0,2,6,0,2,0,0,0,0,255,255,255,66,4111.657,NABIMan,R,0,81,0.406,0.42,2,0,0,0,0,1,4,6,L,schmoneymikey,190,100,0.6,49,4112.865,207,111,0,140,89,24.838,35.385,-0.24,0.026,-0.089,0.344,-0.257,-36.892,0.035,-17.223,-23.34,-52.808,-12.636,-63.182,21.584,-48.662,13.541,-64.721,37.434,-88.822,0,-100.6,-36.086,-82.196,4117.002,-49.374,-71.736,4124.769,8,Saƅer,-70.377,-87.791,1,0,0,0,0,0,0,2
32,6,0,2,6,0,0,0,0,0,1,255,255,15,67,4196.972,NABIMan,R,0,140,-1.713,-1.988,1,133.741,-127.188,-0.335,-18.76,0,5,1,R,소솨소솨,190,89.643,0.4,88,0,0,0,0,0,0,0,0,0,0,0,0,-0.102,-37.855,0.046,-17.276,-22.766,-52.548,-13.749,-63.086,19.853,-43.26,11.563,-60.174,37.103,-86.667,0,-100.6,-43.595,-86.86,0,0,0,0,0,,0,0,0,0,0,0,0,0,0,0
33,6,0,2,6,1,0,0,0,0,1,255,255,15,68,4208.919,NABIMan,R,13,105,-2.287,-0.213,1,-297.786,390.739,0,0,0,5,1,R,소솨소솨,190,89.643,0.4,88,0,0,0,0,0,0,0,0,0,0,0,0,-0.266,-38.132,0.071,-17.254,-23.112,-52.396,-13.769,-63.079,19.641,-41.772,12.899,-64.263,36.979,-86.745,0,-100.6,-42.398,-86.697,0,0,0,0,0,,0,0,0,0,0,0,0,0,0,0
34,6,0,2,6,2,0,0,0,0,1,255,255,15,69,4221.897,NABIMan,R,0,121,1.65,0.385,1,245.539,-200,0,0,0,5,1,R,소솨소솨,190,89.643,0.4,88,0,0,0,0,0,0,0,0,0,0,0,0,-0.067,-37.693,0.173,-17.242,-22.702,-52.15,-13.727,-62.999,20.054,-42.021,12.913,-64.312,36.792,-86.453,0,-100.6,-42.229,-86.755,0,0,0,0,0,,0,0,0,0,0,0,0,0,0,0
35,6,0,2,6,3,0,0,0,0,1,255,255,15,70,4236.159,NABIMan,R,0,123,-0.001,-0.044,0,98.312,-141.978,0,0,0,5,1,R,소솨소솨,190,89.643,0.4,88,0,0,0,0,0,0,0,0,0,0,0,0,-0.171,-37.691,0.049,-17.235,-22.72,-49.657,-13.907,-63.29,20.416,-43.286,12.475,-64.316,37.483,-87.358,0,-100.6,-43.753,-86.545,0,0,0,0,0,,0,0,0,0,0,0,0,0,0,0
36,6,0,2,6,3,1,0,0,0,1,255,255,15,71,4247.886,NABIMan,R,0,140,0.497,-0.225,2,48.351,-77.235,0,0,1,5,1,R,소솨소솨,190,89.643,0.4,88,4248.91,108,97,86,135,108,-4.1,-28.95,0.16,-0.114,-0.208,0.159,-0.381,-36.743,0.054,-17.27,-19.617,-48.335,-13.791,-63.287,19.306,-43.504,12.433,-64.214,37.471,-87.337,0,-100.6,-43.641,-86.565,4249.235,5,-29.865,4252.213,6,Eaglebuter,32.771,-79.607,1,0,0,0,0,0,0,2
37,6,0,2,7,0,0,0,1,0,0,10,255,255,72,4273.119,NABIMan,R,11,109,1.171,-2.419,4,-52.049,216.043,0.208,-19.587,1,6,3,R,Oort__Cloud,160,90,0.3,88,0,0,0,0,0,0,0,0,0,0,0,0,0.16,-37.614,0.102,-17.291,-18.857,-43.192,-13.819,-63.292,20.567,-46.32,11.558,-62.934,41.216,-90.313,0,-100.6,-43.772,-86.653,0,0,0,0,0,,0,0,0,0,0,0,0,0,0,0
38,6,0,2,7,0,1,0,1,0,0,10,255,255,73,4286.075,NABIMan,R,13,109,-0.033,-0.637,2,-386.885,312.348,0,0,1,6,3,R,Oort__Cloud,160,90,0.3,88,4287.251,157,108,8,138,116,-18.43,32.287,0.72,-0.069,-0.074,0.528,-0.221,-37.041,0.061,-17.278,-19.449,-41.307,-13.912,-62.846,21.57,-47.02,11.719,-64.453,41.511,-90.4,0,-100.6,-43.759,-86.685,4287.18,-1.106,-21.527,4290.624,8,Saƅer,-35.826,-77.808,1,0,0,0,0,0,0,2
39,6,0,2,7,0,0,0,1,1,0,12,10,255,74,4318.568,NABIMan,R,0,140,-0.836,-0.676,0,111.88,-93.413,0,0,0,7,4,L,_Chun,190,95.143,0.502,88,0,0,0,0,0,0,0,0,0,0,0,0,-0.277,-37.877,0.089,-17.271,-19.56,-43.354,-7.855,-62.432,20.754,-46.377,13.379,-64.076,41.901,-87.742,0,-100.6,-39.525,-83.213,0,0,0,0,0,,0,0,0,0,0,0,0,0,0,0
40,6,0,2,7,0,1,0,1,1,0,12,10,255,75,4329.959,NABIMan,R,0,137,-0.505,-1.225,2,76.56,-81.675,0,0,0,7,4,L,_Chun,190,95.143,0.502,88,4330.867,180,102,18,139,129,-1.369,13.529,0.42,0.128,-0.115,0.335,-0.699,-36.793,0.033,-17.263,-19.324,-40.464,-5.556,-62.943,20.398,-47.658,13.36,-64.036,41.675,-87.837,0,-100.6,-39.904,-83.525,4331.035,-3.031,-32.689,4332.491,3,encounter v,-10.18,-59.868,1,0,0,0,0,0,0,2
41,6,0,2,7,0,0,1,1,1,0,13,10,255,76,4353.331,NABIMan,R,0,140,0.979,-0.486,0,110.434,-141.332,0,0,0,0,5,R,sano jpn,170.3,95.023,0.326,88,0,0,0,0,0,0,0,0,0,0,0,0,-0.338,-37.992,-0.073,-17.361,-18.492,-44.015,-12.681,-63.898,20.904,-46.536,12.857,-62.531,40.386,-89.601,0,-100.6,-40.875,-83.244,0,0,0,0,0,,0,0,0,0,0,0,0,0,0,0
42,6,0,2,7,0,1,1,1,1,0,13,10,255,77,4363.185,NABIMan,R,13,110,-2.318,-0.854,4,-252.231,270.245,0,0,1,0,5,R,sano jpn,170.3,95.023,0.326,88,0,0,0,0,0,0,0,0,0,0,0,0,-0.049,-37.648,-0.062,-17.359,-19.091,-41.891,-11.353,-63.8,20.936,-46.843,13.59,-63.799,40.333,-89.632,0,-100.6,-41.213,-83.175,0,0,0,0,0,,0,0,0,0,0,0,0,0,0,0
43,6,0,2,7,0,2,1,1,1,0,13,10,255,78,4375.191,NABIMan,R,3,102,-0.12,0.559,2,-463.636,0,0,0,1,0,5,R,sano jpn,170.3,95.023,0.326,88,4376.378,137,44,17,100,87,98.528,-69.823,0.27,-0.065,-0.056,0.104,-0.055,-37.001,0.075,-17.359,-19.006,-41.762,-12.379,-63.156,18.714,-46.929,12.3,-64.654,40.334,-89.627,0,-100.6,-41.014,-83.338,0,0,0,0,0,,0,0,0,0,0,0,0,0,0,0
44,6,0,2,7,0,2,1,1,1,0,13,10,255,79,4389.932,NABIMan,R,0,140,-0.873,-2.365,1,53.919,-153.978,-0.157,-19.367,0,0,5,R,sano jpn,170.3,95.023,0.326,88,0,0,0,0,0,0,0,0,0,0,0,0,-0.14,-37.88,0.067,-17.285,-19.094,-41.956,-10.839,-61.588,20.084,-45.004,14.4,-63.858,42.252,-89.231,0,-100.6,-37.836,-84.562,0,0,0,0,0,,0,0,0,0,0,0,0,0,0,0
45,6,0,2,7,1,2,1,1,1,0,13,10,255,80,4400.989,NABIMan,R,10,108,0.237,-1.089,2,-115.928,334.445,0,0,1,0,5,R,sano jpn,170.3,95.023,0.326,88,4402.136,130,52,21,119,111,19.176,17.352,0.62,-0.037,-0.078,0.23,-0.343,-36.804,0.068,-17.259,-18.949,-43.877,-7.998,-63.32,19.251,-45.469,13.455,-63.693,42.535,-89.994,0,-100.6,-37.568,-84.657,4409.891,-29.416,-114.138,4410.302,8,Saƅer,-29.154,-113.973,1,0,0,0,0,0,0,0
46,6,0,2,8,0,0,1,0,1,1,255,14,255,81,4433.467,NABIMan,R,3,101,-0.194,0.66,0,-459.091,0,0,0,0,1,7,R,Yaksok~,165.6,93.281,0.397,89,0,0,0,0,0,0,0,0,0,0,0,0,-0.134,-37.829,0.02,-17.387,-20.984,-49.662,-13.672,-63.546,19.518,-42.644,5.855,-61.972,41.745,-90.29,0,-100.6,-39.547,-85.134,0,0,0,0,0,,0,0,0,128,0,0,0,0,0,0
47,6,0,2,8,0,1,2,0,0,1,255,255,14,82,4472.412,NABIMan,R,0,140,-1.84,-2.849,2,98.358,-118.481,-0.316,-20.381,1,1,7,R,Yaksok~,165.6,93.281,0.397,64,4473.155,147,130,17,140,121,-5.408,12.899,0.65,-0.086,-0.178,0.304,-0.609,-36.955,0.042,-17.197,-21.206,-51.921,-12.433,-63.12,20.335,-46.334,12.857,-64.406,42.549,-90.18,0,-100.6,-37.956,-84.747,4473.491,-2.682,-31.51,4474.958,3,encounter v,-8.736,-60.501,0,0,0,0,0,0,0,2
48,7,1,2,8,0,0,0,0,0,0,255,255,255,66,4524.615,Pring__,R,14,98,1.472,-0.522,2,315.128,353.392,0,0,1,0,4,R,magimari,190,90,0.502,45,4525.803,182,120,32,144,119,36.048,-20.611,0.82,-0.039,-0.061,0.284,0.055,-37.125,-0.026,-17.435,-20.668,-46.583,-13.28,-64.669,22.566,-48.152,12.986,-64.876,40.681,-85.463,-0.265,-103.057,-35.7,-81.8,4531.369,38.081,-116.88,4535.157,6,schmoneymikey,29.093,-113.429,1,0,0,0,0,0,0,2
49,7,1,2,8,0,0,0,0,1,0,255,4,255,67,4564.674,Pring__,R,13,103,0.976,-0.852,0,-301.982,382.087,0.065,-18.025,0,1,2,R,Roslynn,190,107,0.719,89,0,0,0,0,0,0,0,0,0,0,0,0,-0.253,-37.925,0.157,-17.249,-19.239,-44.961,-12.565,-64.977,21.901,-48.692,7.864,-61.676,45.527,-87.729,1.654,-107.763,-35.7,-81.8,0,0,0,0,0,,0,0,0,0,0,0,0,0,0,0
50,7,1,2,8,0,1,0,0,1,0,255,4,255,68,4584.305,Pring__,R,3,99,-1.178,-0.108,0,-399.54,0,0,0,1,1,2,R,Roslynn,190,107,0.719,89,0,0,0,0,0,0,0,0,0,0,0,0,-0.345,-37.9,-0.438,-17.139,-19.799,-41.641,-12.595,-64.93,21.834,-48.763,5.511,-61.482,47.266,-89.544,1.639,-108.096,-35.7,-81.8,0,0,0,0,0,,0,0,0,0,0,0,0,0,0,0
51,7,1,2,8,0,2,0,0,1,0,255,4,255,69,4602.296,Pring__,R,0,129,0.708,-0.795,2,217.027,-90.638,0,0,1,1,2,R,Roslynn,190,107,0.719,61,4603.297,241,149,10,148,86,91.992,87.243,-0.54,-0.131,-0.31,0.349,-0.496,-36.989,0.142,-17.356,-19.865,-45.994,-12.773,-65.046,21.699,-48.599,10.473,-61.001,47.152,-89.314,1.606,-108.09,-35.7,-81.8,0,0,0,0,0,,0,0,0,0,0,0,0,0,0,0
52,7,1,2,8,0,2,0,0,1,0,255,4,255,70,4624.028,Pring__,R,14,100,-0.82,-0.462,2,319.939,355.167,0,0,1,1,2,R,Roslynn,190,107,0.719,89,4625.237,192,138,49,148,94,8.957,17.71,-0.3,-0.045,-0.066,0.245,-0.206,-37.139,-0.114,-17.299,-19.935,-45.172,-13.118,-64.746,22.834,-49.433,11.374,-60.841,46.763,-87.895,1.212,-108.806,-35.7,-81.8,4626.891,-12.752,-57.552,4627.302,3,Oort__Cloud,-12.934,-58.057,0,0,0,0,0,0,0,2
53,7,1,2,8,0,0,1,0,1,0,255,4,255,71,4654.816,Pring__,R,14,95,-1.406,-0.895,0,318.731,337.338,0.04,-17.34,0,2,6,R,Eaglebuter,169.5,95,0.5,89,0,0,0,0,0,0,0,0,0,0,0,0,-0.194,-37.646,-0.151,-16.923,-20.23,-44.943,-12.81,-65.148,21.506,-47.431,4.769,-61.674,48.664,-88.72,-0.922,-111.844,-35.7,-81.8,0,0,0,0,0,,0,0,0,0,0,0,0,0,0,0
54,7,1,2,8,0,1,1,0,1,0,255,4,255,72,4672.913,Pring__,R,0,126,1.02,0.433,2,192.436,-109.206,0,0,1,2,6,R,Eaglebuter,169.5,95,0.5,89,4673.907,105,24,0,51,51,-58.518,20.142,-0.55,-0.073,-0.023,0.137,-0.538,-36.965,0.011,-17.304,-20.283,-44.959,-13.003,-65.144,21.351,-48.124,5.314,-61.096,48.438,-88.612,-0.971,-111.557,-35.7,-81.8,4673.813,0.032,-19.374,4676.213,0,Pring__,-5.019,-32.227,0,0,0,0,0,0,0,2
55,7,1,2,8,0,0,2,0,0,1,255,255,4,73,4708.124,Pring__,R,14,96,0.779,-0.306,0,234.197,400,0,0,0,3,8,R,Saƅer,190,95.294,0.498,89,0,0,0,0,0,0,0,0,0,0,0,0,-0.195,-37.996,0.162,-17.396,-20.091,-45.284,-13.278,-64.842,20.011,-40.626,12.573,-63.703,47.428,-87.987,-0.798,-106.941,-35.7,-81.8,0,0,0,0,0,,0,0,0,0,0,0,0,0,0,0
56,7,1,2,8,0,1,2,0,0,1,255,255,4,74,4728.267,Pring__,R,13,105,-2.636,-0.863,2,-335.355,355.769,0,0,1,3,8,R,Saƅer,190,95.294,0.498,89,4729.319,187,156,57,148,92,-72.611,66.481,-0.5,0.031,-0.177,0,-0.314,-36.877,-0.356,-17.149,-21.784,-45.042,-13.376,-64.86,20.792,-44.83,12.561,-63.694,46.096,-86.984,-0.466,-106.97,-35.7,-81.8,4729.346,-0.929,-20.221,0,0,,0,0,0,0,0,0,0,0,0,3
57,7,1,2,8,0,2,2,0,0,1,255,255,4,75,4750.219,Pring__,R,0,138,-2.621,0.409,4,235.002,-187.906,0,0,1,3,8,R,Saƅer,190,95.294,0.498,45,0,0,0,0,0,0,0,0,0,0,0,0,-0.396,-37.619,-0.101,-17.079,-20.18,-42.327,-12.859,-64.56,19.972,-40.381,11.982,-64.655,46.381,-86.282,0.294,-104.182,-35.7,-81.8,0,0,0,0,0,,0,0,0,0,0,0,0,0,0,0
58,7,0,2,8,0,0,0,0,0,0,255,255,255,83,4796.107,NABIMan,R,0,139,-0.981,-1.437,2,100.502,-115.183,0,0,1,2,1,L,Pring__,180.4,90.045,0.475,85,4796.828,118,127,36,136,84,-20.687,11.277,-0.23,0.004,-0.068,0.284,-0.591,-36.62,0.053,-17.242,-24.123,-51.657,-11.966,-64.558,20.915,-47.57,14.787,-64.372,37.098,-86.241,0,-100.6,-38.723,-86.63,4796.813,-0.366,-21.016,4799.224,3,encounter v,-4.845,-62.752,0,0,0,0,0,0,0,2
59,7,0,2,8,0,0,1,0,0,0,255,255,255,84,4818.226,NABIMan,R,3,109,0.934,0.794,0,-396.049,0,0,0,0,3,2,R,인생최패망자,190,90,0.45,89,0,0,0,0,0,0,0,0,0,0,0,0,-0.271,-37.855,0.116,-17.29,-23.095,-52.225,-12.529,-62.998,19.684,-46.633,13.622,-64.494,38.391,-87.547,0,-100.6,-37.272,-84.3,0,0,0,0,0,,0,0,0,0,0,0,0,0,0,0
60,7,0,2,8,0,1,1,0,0,0,255,255,255,85,4828.806,NABIMan,R,13,107,-2.889,-0.531,4,-348.533,348.738,0,0,1,3,2,R,인생최패망자,190,90,0.45,89,0,0,0,0,0,0,0,0,0,0,0,0,-0.184,-37.872,-0.061,-17.36,-22.652,-52.986,-12.462,-62.895,19.7,-46.617,13.61,-64.454,38.363,-87.518,0,-100.6,-37.409,-84.648,0,0,0,0,0,,0,0,0,0,0,0,0,0,0,0
61,7,0,2,8,0,2,1,0,0,0,255,255,255,86,4839.975,NABIMan,R,0,123,0.934,0.238,2,118.795,-55.122,0,0,1,3,2,R,인생최패망자,190,90,0.45,89,4841.039,158,134,34,143,114,37.409,-43.16,0.84,-0.034,-0.08,0.312,-0.442,-36.73,0.054,-17.291,-23.325,-52.692,-12.441,-62.876,20.018,-47.462,13.74,-64.208,38.371,-87.557,0,-100.6,-37.263,-84.541,4845.946,61.109,-96.812,4847.18,6,Eaglebuter,58.938,-95.471,1,0,0,0,0,0,0,2
62,7,0,2,8,0,0,1,0,1,0,255,11,255,87,4876.03,NABIMan,R,13,103,-2.3,-0.516,4,-366.504,311.121,0,0,1,4,6,L,schmoneymikey,190,100,0.6,89,0,0,0,0,0,0,0,0,0,0,0,0,-0.524,-37.779,0.125,-17.293,-22.315,-51.158,-4.809,-61.83,20.419,-46.97,14.601,-63.913,37.693,-88.78,0,-100.6,-37.538,-84.014,0,0,0,0,0,,0,0,0,0,0,0,0,0,0,0
63,7,0,2,8,0,1,1,0,1,0,255,11,255,88,4888.052,NABIMan,R,5,117,-1.992,-0.829,4,-144.724,0,0,0,1,4,6,L,schmoneymikey,190,100,0.6,89,0,0,0,0,0,0,0,0,0,0,0,0,0.026,-37.622,0.071,-17.279,-23.456,-52.797,-8.232,-63.477,20.126,-44.962,14.593,-63.888,42.965,-88.361,0,-100.6,-37.159,-83.809,0,0,0,0,0,,0,0,0,0,0,0,0,0,0,0
64,7,0,2,8,0,2,1,0,1,0,255,11,255,89,4900.183,NABIMan,R,0,133,0.412,-1.161,4,95.117,-66.932,0,0,1,4,6,L,schmoneymikey,190,100,0.6,89,0,0,0,0,0,0,0,0,0,0,0,0,0.026,-37.456,0.109,-17.275,-23.433,-53.023,-6.556,-65.459,19.177,-45.414,14.097,-63.865,42.966,-88.406,0,-100.6,-37.158,-83.724,0,0,0,0,0,,0,0,0,0,0,0,0,0,0,0
65,7,0,2,8,0,0,2,0,1,0,255,11,255,90,4921.802,NABIMan,R,0,132,1.994,0.102,1,117.038,-58.695,0,0,0,5,0,R,소솨소솨,190,89.643,0.4,89,0,0,0,0,0,0,0,0,0,0,0,0,-0.115,-37.905,0.195,-17.237,-23.522,-51.853,-11.732,-63.965,20.527,-44.253,13.72,-63.744,42.979,-88.276,0,-100.6,-37.72,-84.401,0,0,0,0,0,,0,0,0,0,0,0,0,0,0,0
66,7,0,2,8,1,0,2,0,1,0,255,11,255,91,4932.868,NABIMan,R,0,138,0.446,-0.497,0,93.175,-138.345,0,0,0,5,0,R,소솨소솨,190,89.643,0.4,89,0,0,0,0,0,0,0,0,0,0,0,0,-0.326,-37.61,0.127,-17.337,-16.042,-53.574,-4.699,-64.535,19.215,-40.253,12.198,-63.806,43.3,-88.558,0,-100.6,-43.051,-75.545,0,0,0,0,0,,0,0,0,0,0,0,0,0,0,0
67,7,0,2,8,1,1,2,0,0,1,255,255,11,92,4950.285,NABIMan,R,3,107,0.995,0.796,2,-386.846,0,0,0,1,5,0,R,소솨소솨,190,89.643,0.4,89,4951.205,196,161,46,149,93,39.556,20.285,-0.45,-0.082,-0.179,0.467,-0.226,-36.739,0.031,-17.295,-16.54,-52.809,-9.418,-65.857,19.482,-42.733,13.671,-64.106,42.994,-88.797,0,-100.6,-43.448,-75.411,4956.213,-17.195,-91.004,4962.724,5,ke ro,-0.826,-61.041,1,0,0,0,0,0,0,0
68,7,0,2,8,0,0,2,1,0,0,9,255,255,93,4986.147,NABIMan,R,3,108,-1.235,-0.891,0,-416.796,195.936,0,0,0,6,3,R,Oort__Cloud,160,90,0.3,89,0,0,0,0,0,0,0,0,0,0,0,0,-0.277,-37.789,0.102,-17.244,-18.716,-48.08,-12.584,-63.122,21.349,-48.145,11.49,-64.453,32.585,-78.912,0,-100.6,-37.199,-81.007,0,0,0,0,0,,0,0,0,0,0,0,0,0,0,0
69,7,0,2,8,0,1,2,1,0,0,9,255,255,94,4997.876,NABIMan,R,5,121,-0.257,1.202,2,-58.64,0,0,0,1,6,3,R,Oort__Cloud,160,90,0.3,89,4999.016,79,62,15,105,61,36.158,43.77,-0.45,-0.125,-0.125,0.367,-0.4,-36.632,0.07,-17.261,-19.509,-42.872,-12.573,-63.049,20.544,-47.984,11.589,-64.79,38.04,-86.805,0,-100.6,-36.98,-81.055,5002.446,-29.156,-48.909,5005.224,8,Saƅer,-39.72,-60.885,0,0,0,0,0,0,0,2
70,7,0,2,8,0,2,2,1,0,0,9,255,255,95,5022.016,NABIMan,R,0,140,0.163,-1.469,2,88.514,-130.564,0,0,0,6,3,R,Oort__Cloud,160,90,0.3,89,5023.112,106,88,9,131,73,-20.479,19.829,-0.04,-0.167,-0.113,0.239,-0.425,-36.622,0.073,-17.261,-19.166,-45.743,-14.418,-63.054,20.484,-47.401,14.037,-63.4,36.551,-88.54,0,-100.6,-36.363,-78.251,5023.024,-0.251,-20.411,5025.68,2,Roslynn,-10.521,-47.455,0,32,0,0,0,0,0,2
71,8,1,2,8,0,0,0,0,0,0,255,255,255,76,5062.479,소솨소솨,R,0,133,-0.262,1.723,1,0,0,0,0,0,4,1,L,Kr_Luna,190,96.958,0.505,89,0,0,0,0,0,0,0,0,0,0,0,0,-0.102,-38.257,-0.008,-16.896,-19.585,-46.776,-12.542,-65,21.38,-44.341,14.863,-63.249,37.227,-85.896,-0.68,-108.407,-35.7,-81.8,0,0,0,0,0,,0,0,0,0,0,0,0,0,0,0
72,8,1,2,8,1,0,0,0,0,0,255,255,255,77,5075.967,소솨소솨,R,0,140,1.668,0.872,1,0,0,0,0,0,4,1,L,Kr_Luna,190,96.958,0.505,89,0,0,0,0,0,0,0,0,0,0,0,0,-0.07,-37.762,0.002,-17.12,-19.579,-46.102,-12.509,-65.045,22.504,-45.65,14.857,-63.283,39.567,-85.222,-1.185,-109.962,-35.7,-81.8,0,0,0,0,0,,0,0,0,0,0,0,0,0,0,0
73,8,1,2,8,2,0,0,0,0,0,255,255,255,78,5089.405,소솨소솨,R,0,137,-0.146,0.034,2,0,0,0,0,1,4,1,L,Kr_Luna,190,96.958,0.505,89,5090.235,161,84,43,138,89,24.054,-6.527,0,-0.033,-0.014,0.286,-0.22,-37.465,-0.152,-17.175,-19.317,-46.469,-12.716,-65.064,23.029,-46.064,15.467,-63.249,39.566,-85.214,-0.826,-109.9,-35.7,-81.8,5094.302,10.298,-89.625,5095.402,7,Yaksok~,11.349,-96.76,1,0,0,0,0,0,0,2
74,8,1,2,8,0,0,0,1,0,0,1,255,255,79,5141.141,소솨소솨,R,0,139,-0.987,-0.17,0,0,0,0,0,0,5,5,R,ke ro,160,97.675,0.411,89,0,0,0,0,0,0,0,0,0,0,0,0,-0.279,-38.367,-0.003,-16.901,-19.049,-39.541,-13.127,-64.549,22.106,-45.56,6.963,-63.895,42.746,-82.475,-0.334,-110.263,-35.7,-81.8,0,0,0,0,0,,0,0,0,0,0,0,0,0,0,0
75,8,1,2,8,0,1,0,1,0,0,1,255,255,80,5161.492,소솨소솨,R,0,139,0.773,0.394,0,0,0,0,0,0,5,5,R,ke ro,160,97.675,0.411,89,0,0,0,0,0,0,0,0,0,0,0,0,-0.063,-38.264,-0.257,-17.685,-19.387,-40.339,-13.035,-64.641,22.12,-46.162,5.591,-64.734,42.795,-82.456,-0.18,-107.831,-35.7,-81.8,0,0,0,0,0,,0,0,0,0,0,0,0,0,0,0
76,8,1,2,8,0,2,0,1,0,0,1,255,255,81,5181.397,소솨소솨,R,5,112,-1.039,0.321,0,-129.382,0,0,0,0,5,5,R,ke ro,160,97.675,0.411,89,0,0,0,0,0,0,0,0,0,0,0,0,-0.296,-38.119,0.793,-20.116,-19.432,-40.568,-11.983,-64.988,21.268,-44.602,-1.149,-58.37,42.646,-82.318,-0.032,-107.972,-35.7,-81.8,0,0,0,0,0,,0,0,0,16,0,0,0,0,0,0
77,8,1,2,8,0,0,2,0,0,0,255,255,255,82,5229.133,소솨소솨,R,7,94,0.814,-0.413,2,196.506,0,0,0,1,6,3,L,encounter v,179.5,100.135,0.454,89,5230.465,196,142,15,147,99,-30.687,-21.104,0.92,0.074,-0.08,0.474,-0.077,-38.1,0.262,-16.866,-18.875,-46.916,-12.896,-65.061,22.268,-47.072,11.488,-65.501,46.317,-83.542,0.666,-108.051,-35.702,-81.802,5230.402,0.614,-20.703,5232.746,5,sano jpn,15.025,-58.579,0,0,0,0,0,0,0,2