id,inn,half,scoreA,scoreB,ball,strk,out,b1,b2,b3,b1Idx,b2Idx,b3Idx,pCnt,pSec,pName,pHand,pType,spdK,zoneX,zoneY,startX,startY,zDist,call,balk,sH,sV,gyro,plx,plz,bSwing,bIdx,bPos,bZone,bName,bHCm,batLen,batCen,batType,bFps,hSec,rotS,rotL,shS,lgS,prepS,impMv,batSpd,ev,ldeg,sdeg,hPos,hMoveX,hMoveY,stayCon,buntGrip,PPosX,PPosY,CName,CPosX,CPosY,1BName,1BPosX,1BPosY,2BName,2BPosX,2BPosY,3BName,3BPosX,3BPosY,SSName,SSPosX,SSPosY,LFName,LFPosX,LFPosY,CFName,CFPosX,CFPosY,RFName,RFPosX,RFPosY,ltSec,lx,lz,cSec,cPos,cPlr,cx,cz,1BSafe,tag,cpSec,sb2Sec,sb3Sec,sbhSec,ass,result
1,1,1,0,0,0,0,0,0,0,0,255,255,255,0,531.9,Kr_Luna,L,6,92,-0.355,0.778,0.231,1.943,-36.698,0,0,-367.971,0,2,0,0,0,0,2,L,Pring__,179.5,95,0.401,0,83,0,0,0,0,0,0,0,0,0,0,0,0,0,0,0,0,0.245,-37.547,Sabo_10,-0.415,-17.093,WhiteMountain,-22.739,-49.461,Penguin_iDOL,-13.314,-60.893,bdg06213,23.035,-47.375,Yaksok~,13.976,-64.008,coder_,36.837,-86.956,AI,0,-100.6,AI,-35.7,-81.8,0,0,0,0,0,,0,0,0,0,0,0,0,0,0,0
2,1,1,0,0,0,1,0,0,0,0,255,255,255,1,546.956,Kr_Luna,L,14,90,-2.109,-0.461,0.015,1.985,-36.559,2,0,-303.935,334.673,-14.669,0,0,1,0,2,L,Pring__,179.5,95,0.401,3,83,547.956,151,17,109,86,57,121,150,130,102.209,7.43,0.48,-0.021,-0.036,0.072,0,-0.018,-37.638,Sabo_10,-0.026,-17.142,WhiteMountain,-22.662,-49.413,Penguin_iDOL,-14.425,-63.6,bdg06213,22.927,-47.489,Yaksok~,13.963,-63.989,coder_,36.194,-87.177,AI,0,-100.6,AI,-35.7,-81.8,556.694,6.744,15.569,0,0,,0,0,0,0,0,0,0,0,0,3
3,1,1,0,0,0,2,0,0,0,0,255,255,255,2,565.915,Kr_Luna,L,0,136,-0.317,0.85,-0.03,1.883,-36.536,2,0,0,0,0,0,0,1,0,2,L,Pring__,179.5,95,0.401,3,84,566.7,132,21,124,109,54,140,150,129,29.642,14.044,0.56,0.027,-0.025,0.182,0,-0.12,-37.269,Sabo_10,0.016,-17.152,WhiteMountain,-23.12,-50.415,Penguin_iDOL,-13.069,-63.378,bdg06213,22.859,-48.318,Yaksok~,14.448,-62.977,coder_,37.918,-90.735,AI,0,-100.6,AI,-35.7,-81.8,574.627,-31.325,-148.7,0,0,,0,0,0,0,0,0,0,0,0,4
4,1,1,1,0,0,0,0,0,0,0,255,255,255,3,614.682,Kr_Luna,L,10,86,-1.442,-0.045,-0.201,1.999,-36.424,0,0,0,400,11.552,0,0,0,1,3,L,ʚEveɞ,175,95,0.401,0,58,0,0,0,0,0,0,0,0,0,0,0,0,0,0,0,0,0.252,-37.961,Sabo_10,-0.122,-17.058,WhiteMountain,-22.647,-48.839,Penguin_iDOL,-12.945,-62.054,bdg06213,23.96,-49.477,Yaksok~,13.321,-63.46,coder_,40.543,-87.051,AI,0,-100.6,AI,-35.7,-81.8,0,0,0,0,0,,0,0,0,0,0,0,0,0,0,0
5,1,1,1,0,0,1,0,0,0,0,255,255,255,4,630.27,Kr_Luna,L,6,82,-0.241,-0.501,0.182,1.624,-36.419,0,0,-264.771,0,29.303,0,0,1,1,3,L,ʚEveɞ,175,95,0.401,0,58,0,0,0,0,0,0,0,0,0,0,0,0,0,0,0,0,0.33,-37.986,Sabo_10,-0.173,-17.029,WhiteMountain,-22.523,-48.83,Penguin_iDOL,-12.94,-61.9,bdg06213,23.604,-49.06,Yaksok~,13.299,-63.451,coder_,40.594,-86.923,AI,0,-100.6,AI,-35.7,-81.8,0,0,0,0,0,,0,0,0,0,0,0,0,0,0,0
6,1,1,1,0,0,2,0,0,0,0,255,255,255,5,647.435,Kr_Luna,L,13,105,-0.912,0.194,-0.211,1.937,-36.497,2,0,302.467,386.773,-9.928,0,0,1,1,3,L,ʚEveɞ,175,95,0.401,3,58,648.646,224,31,128,71,5,255,150,111,-30,-3.584,0.94,0.079,-0.022,0.294,0,-0.275,-37.548,Sabo_10,-0.081,-16.959,WhiteMountain,-22.561,-48.796,Penguin_iDOL,-12.83,-62.182,bdg06213,22.692,-48.208,Yaksok~,13.307,-63.459,coder_,40.951,-86.748,AI,0,-100.6,AI,-35.7,-81.8,652.621,4.889,-90.404,656.772,0,Kr_Luna,-3.01,-38.593,1,0,0,0,0,0,0,2
7,1,1,1,0,0,0,0,1,0,0,3,255,255,6,708.945,Kr_Luna,L,3,95,1.103,0.617,-0.081,1.92,-36.469,2,0,386.686,0,-12.415,0,0,1,2,1,R,ゆっち一,190,95.602,0.404,3,67,710.256,34,9,63,48,29,63,81,67,1.456,23.497,-0.44,-0.041,-0.009,0,0,0.251,-37.62,Sabo_10,-0.007,-17.096,WhiteMountain,-19.403,-43.15,Penguin_iDOL,-14.332,-60.883,bdg06213,23.508,-50.216,Yaksok~,11.963,-64.978,coder_,37.79,-89.758,AI,0,-100.6,AI,-35.7,-81.8,711.16,-6.19,-33.487,713.057,3,Penguin_iDOL,-13.579,-52.985,0,0,0,0,0,0,0,2
8,1,1,1,0,0,0,1,0,0,1,255,255,3,7,746.84,Kr_Luna,L,0,129,0.805,1.359,0.075,1.921,-36.62,4,0,0,0,0,0,0,1,3,8,R,아침땅_,160,95,0.5,0,58,0,0,0,0,0,0,0,0,0,0,0,0,0,0,0,0,0.653,-37.762,Sabo_10,0.015,-16.722,WhiteMountain,-21.912,-48.179,Penguin_iDOL,-15.639,-61.233,bdg06213,18.998,-39.915,Yaksok~,11.216,-64.241,coder_,39.434,-83.067,AI,0,-100.6,AI,-35.7,-81.8,0,0,0,0,0,,0,0,0,0,0,0,0,0,0,0
9,1,1,1,0,0,1,1,0,0,1,255,255,3,8,764.673,Kr_Luna,L,14,106,0.183,-1.021,0.296,1.822,-36.669,0,0,-371.067,318.938,-0.503,-0.156,-17.334,0,3,8,R,아침땅_,160,95,0.5,0,58,0,0,0,0,0,0,0,0,0,0,0,0,0,0,0,0,0.424,-37.617,Sabo_10,0.399,-17.828,WhiteMountain,-21.946,-48.193,Penguin_iDOL,-15.488,-61.589,bdg06213,18.684,-40.387,Yaksok~,11.192,-64.232,coder_,39.245,-83.408,AI,0,-100.6,Apple_Sherbet,-37.493,-83.997,0,0,0,0,0,,0,0,0,0,0,0,0,0,0,0
10,1,1,1,0,0,2,1,0,0,1,255,255,3,9,782.841,Kr_Luna,L,6,106,0.098,0.189,0.308,1.799,-36.62,0,0,-440.786,0,0.18,0,0,0,3,8,R,아침땅_,160,95,0.5,0,58,0,0,0,0,0,0,0,0,0,0,0,0,0,0,0,0,0.417,-37.827,Sabo_10,0.065,-16.819,WhiteMountain,-21.035,-46.02,Penguin_iDOL,-13.814,-61.897,bdg06213,19.575,-43.637,Yaksok~,9.983,-64.271,coder_,36.877,-83.015,AI,0,-100.6,Apple_Sherbet,-38.895,-83.293,0,0,0,0,0,,0,0,0,0,0,0,0,0,0,0
11,1,1,1,0,0,0,2,0,0,1,255,255,3,10,855.968,Kr_Luna,L,0,140,1.573,-0.065,0.146,1.726,-36.41,2,0,0,0,0,0,0,1,4,4,R,소솨소솨,190,95.643,0.5,2,58,856.832,235,9,125,17,4,255,137,92,-24.089,-6.95,-0.5,-0.014,-0.105,0.239,0,0.037,-37.398,Sabo_10,0.093,-16.905,WhiteMountain,-21.965,-48.759,Penguin_iDOL,-13.441,-62.224,bdg06213,19.178,-40.232,Yaksok~,12.568,-64.053,coder_,39.145,-85.079,AI,0,-100.6,Apple_Sherbet,-40.726,-80.863,857.039,0.525,-21.122,859.954,0,それいゆ るな,5.393,-69.586,0,16,0,0,0,0,0,2
12,1,0,1,0,0,0,0,0,0,0,255,255,255,0,1027.948,それいゆ るな,R,35,109,-0.614,-0.351,-0.046,1.002,-37.289,0,0,-25.337,187.132,-14.558,0,0,0,0,2,R,WhiteMountain,190,107,0.403,0,58,0,0,0,0,0,0,0,0,0,0,0,0,0,0,0,0,-0.343,-38.134,ゆっち一,-0.053,-16.839,Pring__,-22.207,-47.229,ʚEveɞ,-13.75,-64.85,소솨소솨,19.317,-49.972,じゃがー,12.565,-66.224,AI,35.7,-81.8,눈꽃,-0.007,-111.047,아침땅_,-40.11,-85.16,0,0,0,0,0,,0,0,0,0,0,0,0,0,0,0
13,1,0,1,0,0,1,0,0,0,0,255,255,255,1,1043.778,それいゆ るな,R,40,94,1.13,0.485,0.007,1.26,-37.152,2,0,33.971,-104.81,-3.517,0,0,1,0,2,R,WhiteMountain,190,107,0.403,2,58,1045.057,255,12,183,67,51,255,150,96,40.827,26.966,-0.5,-0.094,-0.015,0.183,0,-0.044,-37.916,ゆっち一,0.021,-16.793,Pring__,-22.278,-47.377,ʚEveɞ,-12.931,-64.794,소솨소솨,19.346,-49.97,じゃがー,12.178,-66.319,AI,35.7,-81.8,눈꽃,0.134,-106.657,아침땅_,-40.097,-85.484,1050.281,-25.812,-91.329,1056.791,8,아침땅_,-36.786,-120.445,1,0,0,0,0,0,0,2
14,1,0,1,0,0,0,0,0,1,0,255,11,255,2,1090.784,それいゆ るな,R,47,99,1.321,-0.028,-0.003,1.153,-37.41,0,0,86.253,20.086,14.011,0,0,0,1,1,L,Sabo_10,184.8,94,0.6,0,58,0,0,0,0,0,0,0,0,0,0,0,0,0,0,0,0,-0.337,-38.187,ゆっち一,0.055,-16.851,Pring__,-23.563,-48.975,ʚEveɞ,-12.035,-65.292,소솨소솨,21.039,-49.223,じゃがー,9.345,-63.777,AI,35.7,-81.8,눈꽃,8.086,-111.465,아침땅_,-30.175,-98.624,0,0,0,0,0,,0,0,0,0,0,0,0,0,0,0
15,1,0,1,0,0,1,0,0,1,0,255,11,255,3,1110.212,それいゆ るな,R,47,96,-1.44,-0.411,-0.065,1.024,-37.141,2,0,59.985,-1.937,-42.912,0,0,1,1,1,L,Sabo_10,184.8,94,0.6,3,58,1111.419,148,14,109,64,37,117,150,128,26.742,10.756,0.65,-0.025,-0.03,0.163,0,-0.061,-38.059,ゆっち一,-0.122,-16.955,Pring__,-23.618,-48.926,ʚEveɞ,-11.249,-65.195,소솨소솨,21.029,-49.272,じゃがー,7.123,-62.425,AI,35.7,-81.8,눈꽃,8.962,-114.268,아침땅_,-30.465,-98.499,0,0,0,1116.172,7,눈꽃,-5.78,-124.036,0,0,0,0,0,0,0,1
16,1,0,1,0,0,0,2,0,0,0,255,255,255,4,1153.796,それいゆ るな,R,35,105,0.085,0.9,0.065,1.274,-37.328,2,0,81.077,199.632,27.074,0,0,1,2,4,R,bdg06213,190,99.981,0.499,3,47,1154.971,196,11,88,83,56,120,150,102,33.048,-8.417,-0.27,0.003,-0.05,0.035,0,-0.142,-37.798,ゆっち一,-0.046,-16.817,Pring__,-23.432,-48.006,ʚEveɞ,-12.398,-65.168,소솨소솨,19.443,-49.541,じゃがー,12.415,-66.056,AI,35.7,-81.8,눈꽃,-9.401,-119.059,아침땅_,-41.524,-87.277,1160.178,4.565,-104.832,1160.293,7,눈꽃,4.521,-103.257,0,0,0,0,0,0,0,1
17,2,1,1,0,0,0,0,0,0,0,255,255,255,11,1208.247,Kr_Luna,L,10,116,-1.046,-2.473,-0.094,1.524,-36.425,4,0,-11.281,400,-2.119,0,0,1,5,7,L,눈꽃,160,90,0.496,0,58,0,0,0,0,0,0,0,0,0,0,0,0,0,0,0,0,0.154,-37.659,Sabo_10,-0.052,-16.846,WhiteMountain,-22.515,-49.204,coder_,-15.613,-63.727,bdg06213,20.834,-48.403,Yaksok~,12.989,-63.782,AI,35.7,-81.8,AI,0,-100.6,Apple_Sherbet,-40.524,-87.136,0,0,0,0,0,,0,0,0,0,0,0,0,0,0,0
18,2,1,1,0,0,1,0,0,0,0,255,255,255,12,1226.135,Kr_Luna,L,6,105,-0.679,0.809,0.26,1.951,-36.852,2,0,-477.273,0,6.259,0,0,1,5,7,L,눈꽃,160,90,0.496,3,58,1227.185,51,17,93,72,57,116,113,104,34.541,17.331,0.55,0.052,-0.021,0.007,0,0.16,-37.842,Sabo_10,0.081,-17.152,WhiteMountain,-22.56,-49.036,coder_,-15.683,-63.672,bdg06213,21.616,-48.938,Yaksok~,13.283,-63.64,AI,35.7,-81.8,AI,0,-100.6,Apple_Sherbet,-40.596,-87.249,1232.463,-26.809,-102.245,1236.857,8,Apple_Sherbet,-31.022,-121.961,1,0,0,0,0,0,0,2
19,2,1,1,0,0,0,0,0,0,1,255,255,6,13,1270.775,Kr_Luna,L,0,129,0.964,0.539,0.09,1.809,-36.511,0,0,0,0,0,0,0,0,6,0,R,それいゆ るな,160,86,0.43,0,58,0,0,0,0,0,0,0,0,0,0,0,0,0,0,0,0,0.172,-38.164,Sabo_10,0.213,-16.979,WhiteMountain,-22.008,-48.662,coder_,-16.518,-63.244,bdg06213,19.35,-40.724,Yaksok~,9.13,-63.393,Tamari_,39.163,-94.164,Penguin_iDOL,-0.002,-111.096,Apple_Sherbet,-43.475,-88.89,0,0,0,0,0,,0,0,0,0,0,0,0,0,0,0
20,2,1,1,0,0,1,0,0,0,1,255,255,6,14,1286.848,Kr_Luna,L,0,140,1.217,-0.667,0.113,1.645,-36.472,0,0,0,0,0,0,0,1,6,0,R,それいゆ るな,160,86,0.43,0,58,0,0,0,0,0,0,0,0,0,0,0,0,0,0,0,0,0.324,-37.855,Sabo_10,0.231,-16.979,WhiteMountain,-21.979,-48.626,coder_,-13.294,-59.852,bdg06213,20.113,-44.969,Yaksok~,9.966,-63.484,Tamari_,40.973,-96.285,Penguin_iDOL,-1.146,-108.007,Apple_Sherbet,-43.976,-88.768,0,0,0,0,0,,0,0,0,0,0,0,0,0,0,0
21,2,1,2,0,0,2,0,0,0,1,255,255,6,15,1338.898,Kr_Luna,L,0,137,1.557,-0.236,0.145,1.704,-36.447,4,0,0,0,0,0.356,-12.821,1,6,0,R,それいゆ るな,160,86,0.43,0,58,0,0,0,0,0,0,0,0,0,0,0,0,0,0,0,0,0.137,-37.758,Sabo_10,0.42,-16.873,WhiteMountain,-22,-48.544,coder_,-14.695,-64.506,bdg06213,22.901,-48.988,Yaksok~,9.982,-63.533,Tamari_,42.369,-97.54,Penguin_iDOL,-2.061,-106.828,Apple_Sherbet,-43.783,-89.744,0,0,0,0,0,,0,0,0,0,0,0,0,0,0,0
22,2,1,2,0,0,0,1,0,0,0,255,255,255,16,1381.662,Kr_Luna,L,0,138,-0.003,0.53,0,1.814,-36.536,2,0,0,0,0,0,0,1,7,5,R,じゃがー,165.1,86,0.297,2,71,1382.801,120,7,95,47,29,121,135,62,22.182,46.563,1,-0.064,-0.068,0,0.238,-0.002,-37.165,Sabo_10,-0.04,-16.839,WhiteMountain,-22.4,-47.899,coder_,-14.701,-64.078,bdg06213,21.445,-46.507,Yaksok~,12.237,-63.887,Tamari_,45.7,-97.641,Penguin_iDOL,-1.35,-111.063,Apple_Sherbet,-44.769,-88.261,1385.063,-23.841,-40.622,1385.312,2,WhiteMountain,-22.786,-39.668,0,0,0,0,0,0,0,1
23,2,1,2,0,0,0,2,0,0,0,255,255,255,17,1417.533,Kr_Luna,L,6,109,-0.989,0.939,0.205,1.846,-36.532,0,0,-495.455,0,2.754,0,0,0,0,2,L,Pring__,179.5,95,0.401,0,58,0,0,0,0,0,0,0,0,0,0,0,0,0,0,0,0,0.248,-37.43,Sabo_10,-0.234,-16.86,WhiteMountain,-21.99,-48.441,coder_,-15.256,-64.506,bdg06213,22.397,-48.055,Yaksok~,13.442,-64.061,Tamari_,45.28,-97.709,Penguin_iDOL,-1.086,-111.332,Apple_Sherbet,-48.056,-89.599,0,0,0,0,0,,0,0,0,0,0,0,0,0,0,0
24,2,1,2,0,0,1,2,0,0,0,255,255,255,18,1435.245,Kr_Luna,L,0,127,0.155,1.288,0.014,1.956,-36.64,2,0,0,0,0,0,0,1,0,2,L,Pring__,179.5,95,0.401,3,58,1436.124,153,22,127,96,57,159,150,88,-22.274,-2.963,0.97,0.017,-0.013,0.225,0,0.138,-37.545,Sabo_10,0.024,-16.991,WhiteMountain,-21.985,-48.406,coder_,-15.216,-65.285,bdg06213,22.401,-48.336,Yaksok~,13.416,-64.066,Tamari_,40.204,-97.862,Penguin_iDOL,-1.216,-111.532,Apple_Sherbet,-47.298,-90.07,1436.336,0.219,-24.269,1441.39,7,Penguin_iDOL,2.719,-94.102,1,0,0,0,0,0,0,2
25,2,1,2,0,0,0,2,1,0,0,0,255,255,19,1473.072,Kr_Luna,L,6,106,0.06,0.74,0.341,1.855,-36.631,2,0,-471.923,0,-7.109,0,0,1,1,3,L,ʚEveɞ,175,95,0.401,3,58,1474.254,255,35,143,122,42,124,150,45,104.252,-72.935,0.61,0.071,-0.017,0.051,0,0.344,-37.583,Sabo_10,0.054,-16.949,WhiteMountain,-20.817,-44.297,coder_,-8.789,-64.666,bdg06213,23.557,-51.412,Yaksok~,13.108,-62.188,Tamari_,42.847,-98.597,Penguin_iDOL,2.104,-104.686,Apple_Sherbet,-41.299,-89.125,1478.518,-24.537,-13.927,0,0,,0,0,0,0,0,0,0,0,0,3
26,2,1,2,0,0,1,2,1,0,0,0,255,255,20,1501.05,Kr_Luna,L,0,135,0.458,-1.162,0.043,1.547,-36.513,2,0,0,0,0,0,0,1,1,3,L,ʚEveɞ,175,95,0.401,3,73,1502.138,255,29,142,82,9,217,150,125,21.387,-30.946,0.7,0.061,-0.03,0.14,0,0.113,-37.457,Sabo_10,0.076,-16.919,WhiteMountain,-20.422,-43.691,coder_,-9.627,-63.693,bdg06213,22.377,-48.405,Yaksok~,14.702,-61.982,Tamari_,43.084,-95.383,Penguin_iDOL,-0.575,-107.041,Apple_Sherbet,-41.824,-89.628,1507.396,76.503,-106.678,0,0,,0,0,0,0,0,0,0,0,0,4
27,2,1,4,0,0,0,2,0,0,0,255,255,255,21,1569.658,Kr_Luna,L,6,113,0.118,0.529,0.199,1.842,-36.49,0,0,-500,0,-21.812,0,0,0,2,1,R,ゆっち一,190,95.602,0.404,0,69,0,0,0,0,0,0,0,0,0,0,0,0,0,0,0,0,0.243,-37.717,Sabo_10,-0.336,-16.708,WhiteMountain,-22.225,-48.006,coder_,-13.07,-66.545,bdg06213,22.147,-47.058,Yaksok~,10.607,-65.493,Tamari_,40.585,-95.303,Penguin_iDOL,-1.043,-110.461,Apple_Sherbet,-44.708,-89.735,0,0,0,0,0,,0,0,0,0,0,0,0,0,0,0
28,2,1,4,0,0,1,2,0,0,0,255,255,255,22,1588.093,Kr_Luna,L,6,116,-0.752,0.877,0.124,1.955,-36.647,2,0,-290.474,2.837,0.308,0,0,1,2,1,R,ゆっち一,190,95.602,0.404,3,69,1589.275,251,13,110,59,35,156,150,110,27.067,30.821,0.93,-0.039,-0.06,0.192,0,-0.004,-37.581,Sabo_10,0.023,-17.047,WhiteMountain,-22.298,-48.082,coder_,-14.362,-66.466,bdg06213,23.308,-49.553,Yaksok~,11.325,-64.828,Tamari_,40.616,-96.261,Penguin_iDOL,-1.061,-110.478,Apple_Sherbet,-44.394,-89.951,1594.227,-35.563,-109.389,1598.087,8,Apple_Sherbet,-27.754,-115.435,1,0,0,0,0,0,0,2
29,2,1,4,0,0,0,2,0,1,0,255,1,255,23,1628.555,Kr_Luna,L,6,91,0.324,-0.162,0.505,1.785,-36.638,0,0,-404.954,0,-19.88,0,0,0,3,8,R,아침땅_,160,95,0.5,0,58,0,0,0,0,0,0,0,0,0,0,0,0,0,0,0,0,0.149,-37.502,Sabo_10,-0.28,-17.399,WhiteMountain,-22.231,-48.055,coder_,-14.857,-64.353,bdg06213,21.38,-45.616,Yaksok~,7.054,-63.444,Tamari_,39.053,-94.158,Penguin_iDOL,-2.194,-116.547,Apple_Sherbet,-45.155,-89.84,0,0,0,0,0,,0,0,0,4,0,0,0,0,0,0
30,2,0,4,0,0,0,0,0,0,0,255,255,255,5,1725.833,それいゆ るな,R,36,104,-0.112,-1.318,-0.106,0.966,-37.31,2,0,62.929,146.858,-25.175,0,0,1,4,5,R,Yaksok~,173,92.369,0.505,3,58,1726.878,143,18,131,60,48,69,150,111,-30,-39.715,0.92,-0.072,-0.092,0.105,0,-0.093,-38.08,ゆっち一,-0.106,-16.882,Pring__,-23.976,-49.439,ʚEveɞ,-11.584,-65.329,소솨소솨,21.238,-51.383,じゃがー,12.696,-65.24,TaeGeuk_,34.938,-82.621,눈꽃,-5.701,-104.727,아침땅_,-37.419,-82.254,1727.009,0.608,-21.214,1728.875,4,소솨소솨,23.148,-48.309,0,0,0,0,0,0,0,2
31,2,0,4,0,0,0,1,0,0,0,255,255,255,6,1786.297,それいゆ るな,R,5,97,-0.315,-0.439,-0.03,1.044,-37.258,2,0,-111.522,-3.192,16.575,0,0,1,4,6,R,Tamari_,178.9,86,0.2,3,58,1787.417,250,16,164,113,42,195,150,98,92.652,-72.207,-0.19,-0.023,-0.122,0.063,0,-0.019,-38.071,ゆっち一,-0.128,-16.773,Pring__,-25.216,-50.364,ʚEveɞ,-11.357,-65.262,소솨소솨,20.986,-51.179,じゃがー,15.158,-64.595,TaeGeuk_,40.047,-94.599,눈꽃,-7.004,-107.598,아침땅_,-41.224,-84.359,1794.385,-24.304,-10.724,0,0,,0,0,0,0,0,0,0,0,0,3
32,2,0,4,0,0,1,1,0,0,0,255,255,255,7,1813.741,それいゆ るな,R,36,106,-0.062,1.113,-0.104,1.311,-37.284,2,0,111.224,142.341,-14.657,0,0,1,4,6,R,Tamari_,178.9,86,0.2,3,58,1815.082,119,10,143,56,44,208,145,94,90.623,-78.997,-0.44,-0.033,-0.034,0.149,0,-0.118,-38.076,ゆっち一,-0.082,-16.608,Pring__,-23.729,-48.673,ʚEveɞ,-11.374,-65.636,소솨소솨,20.067,-50.031,じゃがー,12.681,-65.556,TaeGeuk_,35.661,-96.148,눈꽃,-6.566,-108.585,아침땅_,-41.805,-86.392,1821.966,-4.491,-16.996,1822.057,1,ゆっち一,-4.419,-17.047,0,0,0,0,0,0,0,1
33,2,0,4,0,0,0,2,0,0,0,255,255,255,8,1851.165,それいゆ るな,R,33,102,-0.716,-0.44,-0.189,1.117,-37.221,2,0,137.447,-6.283,-54.441,0,0,1,5,7,R,coder_,165.1,95,0.398,3,58,1852.345,150,21,101,61,35,79,142,106,9.311,32.341,0.28,-0.166,-0.033,0.138,0,-0.182,-38.202,ゆっち一,-0.055,-16.747,Pring__,-22.73,-47.664,ʚEveɞ,-10.219,-66.289,소솨소솨,20.06,-50.035,じゃがー,11.764,-66.077,TaeGeuk_,39.615,-96.87,눈꽃,-8.723,-108.905,아침땅_,-40.292,-85.112,1854.281,-29.143,-58.074,1860.427,8,아침땅_,-61.819,-85.582,1,0,0,0,0,0,0,2
34,2,0,4,1,0,0,2,0,0,0,255,255,255,9,1900.026,それいゆ るな,R,46,96,0.531,0.615,0.022,1.262,-37.319,0,0,110.652,-38.712,-11.621,0,0,1,6,8,R,Apple_Sherbet,190,89.641,0.297,0,58,0,0,0,0,0,0,0,0,0,0,0,0,0,0,0,0,-0.04,-38.257,ゆっち一,-0.03,-16.6,Pring__,-22.864,-49.371,ʚEveɞ,-12.95,-65.016,소솨소솨,18.468,-46.383,じゃがー,12.607,-65.93,TaeGeuk_,33.113,-89.482,눈꽃,0.377,-111.821,아침땅_,-47.599,-89.942,0,0,0,0,0,,0,0,0,0,0,0,0,0,0,0
35,2,0,4,1,0,1,2,0,0,0,255,255,255,10,1917.383,それいゆ るな,R,36,103,-0.136,-0.811,-0.107,1.056,-37.208,0,0,97.002,112.527,-51.491,0,0,0,6,8,R,Apple_Sherbet,190,89.641,0.297,0,58,0,0,0,0,0,0,0,0,0,0,0,0,0,0,0,0,-0.29,-38.262,ゆっち一,-0.03,-16.746,Pring__,-22.924,-49.325,ʚEveɞ,-12.924,-65.034,소솨소솨,18.498,-46.386,じゃがー,12.32,-65.83,TaeGeuk_,35.652,-93.959,눈꽃,-0.13,-111.833,아침땅_,-44.088,-87.954,0,0,0,0,0,,0,0,0,0,0,0,0,0,0,0
36,2,0,4,1,0,2,2,0,0,0,255,255,255,11,1934.328,それいゆ るな,R,35,106,0.092,-1.345,-0.064,0.955,-37.281,4,0,-110.439,200,-59.078,0.038,-17.654,1,6,8,R,Apple_Sherbet,190,89.641,0.297,0,58,0,0,0,0,0,0,0,0,0,0,0,0,0,0,0,0,-0.371,-38.34,ゆっち一,0.163,-17.419,Pring__,-22.444,-48.517,ʚEveɞ,-12.891,-65.01,소솨소솨,18.501,-46.507,じゃがー,12.427,-66.141,TaeGeuk_,37.053,-97.416,눈꽃,-0.325,-111.788,아침땅_,-41.61,-87.486,0,0,0,0,0,,0,0,0,0,0,0,0,0,0,0
37,3,1,4,1,0,0,0,0,0,0,255,255,255,24,2023.785,Kr_Luna,L,6,90,-0.849,-1.117,0.182,1.515,-36.431,4,0,-409.091,0,-2.255,-0.447,-16.887,1,3,8,R,아침땅_,160,95,0.5,0,58,0,0,0,0,0,0,0,0,0,0,0,0,0,0,0,0,0.462,-37.734,Sabo_10,-0.276,-17.061,WhiteMountain,-22.3,-48.4,Penguin_iDOL,-12.556,-62.586,bdg06213,20.9,-47.612,Yaksok~,11.951,-63.437,Tamari_,41.678,-98.058,coder_,-2.374,-113.738,Apple_Sherbet,-43.956,-91.677,0,0,0,0,0,,0,0,0,0,0,0,0,0,0,0
38,3,1,4,1,0,1,0,0,0,0,255,255,255,25,2042.073,Kr_Luna,L,14,95,-0.795,-0.819,0.124,1.802,-36.457,0,0,-331.677,320.169,-8.068,0,0,0,3,8,R,아침땅_,160,95,0.5,0,58,0,0,0,0,0,0,0,0,0,0,0,0,0,0,0,0,0.32,-37.686,Sabo_10,-0.079,-16.797,WhiteMountain,-22.324,-48.457,Penguin_iDOL,-13.407,-63.426,bdg06213,22.276,-48.205,Yaksok~,11.959,-63.437,Tamari_,41.857,-94.997,coder_,-2.421,-113.749,Apple_Sherbet,-44.083,-92.092,0,0,0,0,0,,0,0,0,0,0,0,0,0,0,0
39,3,1,4,1,0,2,0,0,0,0,255,255,255,26,2058.566,Kr_Luna,L,3,91,-0.859,1.045,-0.338,1.952,-36.623,2,0,290.928,0,-10.933,0,0,1,3,8,R,아침땅_,160,95,0.5,2,58,2059.793,80,10,67,80,54,255,120,61,-6.896,27.339,1,-0.091,-0.002,0.049,0,0.091,-37.543,Sabo_10,-0.066,-17.096,WhiteMountain,-22.296,-48.429,Penguin_iDOL,-13.504,-63.409,bdg06213,23.626,-50.201,Yaksok~,11.943,-63.44,Tamari_,42.128,-95.818,coder_,-2.398,-113.736,Apple_Sherbet,-44.069,-92.1,2060.227,-3.27,-26.423,2062.542,2,WhiteMountain,-15.388,-46.447,0,0,0,0,0,0,0,2
40,3,1,4,1,0,0,1,0,0,0,255,255,255,27,2089.184,Kr_Luna,L,6,105,2.457,0.492,0.405,1.838,-36.646,1,0,-413.767,0,4.411,0,0,0,4,4,R,소솨소솨,190,95.643,0.5,0,45,0,0,0,0,0,0,0,0,0,0,0,0,0,0,0,0,0.021,-37.547,Sabo_10,0.631,-17.354,WhiteMountain,-22.688,-49.918,Penguin_iDOL,-14.139,-63.426,bdg06213,23.523,-49.369,Yaksok~,11.782,-64.193,Tamari_,42.513,-101.116,coder_,-1.055,-111.691,Apple_Sherbet,-46.038,-92.49,0,0,0,0,0,,0,0,0,0,0,0,0,0,0,0
41,3,1,4,1,1,0,1,0,0,0,255,255,255,28,2109.611,Kr_Luna,L,6,112,-0.835,-0.803,0.105,1.583,-36.421,2,0,-500,0,11.06,0,0,1,4,4,R,소솨소솨,190,95.643,0.5,2,45,2110.617,255,31,205,92,34,255,150,96,12.999,45.605,-0.52,-0.035,-0.064,0.163,0,0.386,-37.598,Sabo_10,0.033,-17.125,WhiteMountain,-22.793,-49.712,Penguin_iDOL,-13.662,-63.7,bdg06213,22.913,-49.325,Yaksok~,11.768,-64.186,Tamari_,38.035,-98.321,coder_,-2.386,-111.686,Apple_Sherbet,-46.591,-92.789,2112.857,-31.518,-57.4,2114.96,8,Apple_Sherbet,-47.794,-80.535,1,0,0,0,0,0,0,2
42,3,1,4,1,0,0,1,1,0,0,4,255,255,29,2149.573,Kr_Luna,L,0,119,0.375,0.193,0.052,1.767,-36.379,0,0,0,0,0,0,0,0,5,7,L,눈꽃,160,90,0.496,0,58,0,0,0,0,0,0,0,0,0,0,0,0,0,0,0,0,0.105,-37.921,Sabo_10,-0.054,-16.643,WhiteMountain,-21.159,-47.204,Penguin_iDOL,-9.841,-63.497,bdg06213,21.637,-49.048,Yaksok~,13.519,-62.966,Tamari_,43.24,-99.037,coder_,-2.517,-107.756,Apple_Sherbet,-46.97,-95.593,0,0,0,0,0,,0,0,0,0,0,0,0,0,0,0
43,3,1,4,1,0,1,1,1,0,0,4,255,255,30,2165.059,Kr_Luna,L,6,91,-0.389,1.172,0.263,1.991,-36.654,0,0,-413.636,0,-3.54,0,0,1,5,7,L,눈꽃,160,90,0.496,0,58,0,0,0,0,0,0,0,0,0,0,0,0,0,0,0,0,-0.017,-37.869,Sabo_10,-0.285,-16.802,WhiteMountain,-22.096,-45.531,Penguin_iDOL,-9.447,-63.253,bdg06213,22.909,-49.061,Yaksok~,13.497,-62.957,Tamari_,44.197,-99.734,coder_,-2.551,-107.748,Apple_Sherbet,-45.592,-93.814,0,0,0,0,0,,0,0,0,0,0,0,0,0,0,0
44,3,1,4,1,0,2,1,1,0,0,4,255,255,31,2182.996,Kr_Luna,L,6,108,-0.694,1.392,0.17,1.977,-36.779,2,0,-332.984,0,1.707,0,0,1,5,7,L,눈꽃,160,90,0.496,3,58,2184.088,94,15,92,55,38,80,132,80,24.785,31.16,-0.43,0.012,0.032,0,0,0.107,-37.675,Sabo_10,0.059,-16.909,WhiteMountain,-21.92,-45.174,Penguin_iDOL,-9.465,-63.211,bdg06213,22.879,-49.086,Yaksok~,13.553,-62.982,Tamari_,44.821,-101.871,coder_,-2.601,-111.052,Apple_Sherbet,-45.369,-94.01,2188.178,-33.978,-71.952,2197.215,8,Apple_Sherbet,-57.502,-102.511,1,0,0,0,0,0,0,2
45,3,1,5,1,0,0,1,0,0,1,255,255,7,32,2239.34,Kr_Luna,L,0,135,0.112,0.918,0.01,1.861,-36.583,2,0,0,0,0,0,0,1,6,0,R,それいゆ るな,160,86,0.43,2,58,2240.448,237,11,103,26,5,241,136,96,9.201,11.45,0.92,0.054,0.055,0.217,0,0.074,-37.598,Sabo_10,-0.008,-16.909,WhiteMountain,-22.1,-48.567,Penguin_iDOL,-13.209,-63.299,bdg06213,19.071,-41.243,Yaksok~,9.67,-63.406,Tamari_,36.189,-99.693,coder_,-4.948,-113.876,Apple_Sherbet,-45.814,-95.246,2242.136,-9.239,-54.333,2242.663,3,Penguin_iDOL,-10.576,-58.514,0,0,0,0,0,0,0,2
46,3,1,6,1,0,0,2,0,0,0,255,255,255,33,2275,Kr_Luna,L,0,138,1.698,0.177,0.08,1.711,-36.472,2,0,0,0,0,0,0,0,7,5,R,じゃがー,165.1,92.619,0.499,3,58,2276.061,116,11,96,63,29,109,137,92,-10.626,27.721,0.01,-0.073,-0.086,0,0.238,-0.114,-37.161,Sabo_10,0.037,-17.196,WhiteMountain,-22.367,-49.455,Penguin_iDOL,-13.402,-62.66,bdg06213,22.519,-49.158,Yaksok~,10.389,-62.142,Tamari_,35.429,-96.962,coder_,-4.097,-114.746,Apple_Sherbet,-42.966,-91.288,2276.263,-1.59,-22.688,2280.245,8,Apple_Sherbet,-33.516,-80.88,1,0,0,0,0,0,0,2
47,3,1,6,1,0,0,2,1,0,0,5,255,255,34,2311.377,Kr_Luna,L,6,90,1.767,0.332,0.6,1.786,-36.646,1,0,-373.052,0,-2.149,0,0,0,8,6,R,TaeGeuk_,175.9,87.07,0.357,0,58,0,0,0,0,0,0,0,0,0,0,0,0,0,0,0,0,0.19,-37.79,Sabo_10,-0.014,-17.172,WhiteMountain,-20.882,-45.131,Penguin_iDOL,-14.766,-62.158,bdg06213,21.745,-47.741,Yaksok~,6.043,-62.464,Tamari_,37.046,-98.955,coder_,-9.187,-111.982,Apple_Sherbet,-47.304,-90.696,0,0,0,0,0,,0,0,0,0,0,0,0,0,0,0
48,3,1,6,1,1,0,2,1,0,0,5,255,255,35,2325.586,Kr_Luna,L,6,99,2.295,0.441,0.493,1.849,-36.611,1,0,-255.977,0,-8.326,0,0,0,8,6,R,TaeGeuk_,175.9,87.07,0.357,0,58,0,0,0,0,0,0,0,0,0,0,0,0,0,0,0,0,0.403,-38.004,Sabo_10,0.171,-17.228,WhiteMountain,-20.497,-43.029,Penguin_iDOL,-14.721,-62.205,bdg06213,23.349,-48.893,Yaksok~,7.041,-63.4,Tamari_,36.605,-99.067,coder_,-8.315,-111.943,Apple_Sherbet,-46.019,-91.096,0,0,0,0,0,,0,0,0,0,0,0,0,0,0,0
49,3,1,6,1,2,0,2,1,0,0,5,255,255,36,2339.536,Kr_Luna,L,6,90,1.14,0.243,0.457,1.804,-36.505,0,0,-401.061,0,5.993,0,0,0,8,6,R,TaeGeuk_,175.9,87.07,0.357,0,58,0,0,0,0,0,0,0,0,0,0,0,0,0,0,0,0,0.325,-37.872,Sabo_10,-0.205,-16.924,WhiteMountain,-20.341,-42.363,Penguin_iDOL,-14.645,-62.103,bdg06213,21.095,-46.249,Yaksok~,4.819,-62.876,Tamari_,37.018,-98.594,coder_,-8.52,-110.887,Apple_Sherbet,-45.251,-92.356,0,0,0,0,0,,0,0,0,0,0,0,0,0,0,0
50,3,1,6,1,2,1,2,1,0,0,5,255,255,37,2354.805,Kr_Luna,L,6,92,-0.009,0.452,0.466,1.866,-36.682,2,0,-418.182,0,-1.432,0,0,1,8,6,R,TaeGeuk_,175.9,87.07,0.357,3,58,2355.831,213,19,92,52,47,56,139,96,95.502,-73.508,-0.1,-0.015,-0.065,0,0,0.361,-37.87,Sabo_10,0.019,-16.949,WhiteMountain,-20.458,-43.442,Penguin_iDOL,-14.729,-62.235,bdg06213,24.097,-49.473,Yaksok~,9.604,-64.824,Tamari_,37.166,-99.556,coder_,-7.48,-111.039,Apple_Sherbet,-45.464,-92.391,0,0,0,0,0,,0,0,0,0,0,0,0,0,0,3
51,3,1,6,1,2,2,2,1,0,0,5,255,255,38,2378.104,Kr_Luna,L,3,95,1.323,0.419,-0.093,1.927,-36.517,4,0,286.949,0,-10.052,0.474,-20.521,1,8,6,R,TaeGeuk_,175.9,87.07,0.357,0,58,0,0,0,0,0,0,0,0,0,0,0,0,0,0,0,0,0.387,-37.744,Sabo_10,0.55,-18.392,WhiteMountain,-20.521,-42.869,Penguin_iDOL,-16.483,-61.4,bdg06213,22.78,-49.596,Yaksok~,7.718,-64.545,Tamari_,35.553,-98.194,coder_,-8.318,-108.893,Apple_Sherbet,-46.069,-92.57,0,0,0,0,0,,0,0,0,0,0,0,0,0,0,0
52,3,0,6,1,0,0,0,0,0,0,255,255,255,12,2435.21,それいゆ るな,R,35,106,-0.844,0.282,-0.206,1.282,-37.338,0,0,126.423,186.588,-29.483,0,0,0,7,0,L,Kr_Luna,190,95,0.497,0,58,0,0,0,0,0,0,0,0,0,0,0,0,0,0,0,0,-0.352,-38.18,ゆっち一,-0.091,-16.812,Pring__,-23.605,-48.45,ʚEveɞ,-11.678,-65.463,소솨소솨,19.801,-47.816,じゃがー,13.594,-65.435,TaeGeuk_,40.745,-95.024,눈꽃,9.731,-116.806,아침땅_,-30.3,-100.658,0,0,0,0,0,,0,0,0,0,0,0,0,0,0,0
53,3,0,6,1,0,1,0,0,0,0,255,255,255,13,2453.896,それいゆ るな,R,39,94,1.097,-0.396,0.079,1.014,-37.349,2,0,28.006,-168.602,-21.587,0,0,1,7,0,L,Kr_Luna,190,95,0.497,2,58,2454.944,128,10,80,49,53,125,133,125,30.814,-34.505,0.66,-0.036,-0.053,0.107,0,-0.103,-38.08,ゆっち一,0.033,-16.789,Pring__,-23.392,-48.608,ʚEveɞ,-11.573,-65.583,소솨소솨,19.844,-47.785,じゃがー,13.73,-65.185,TaeGeuk_,43.456,-95.382,눈꽃,9.735,-116.812,아침땅_,-30.912,-100.487,2460.287,78.484,-100.654,0,0,,0,0,0,0,0,0,0,0,0,4
54,3,0,6,2,0,0,0,0,0,0,255,255,255,14,2510.86,それいゆ るな,R,3,98,-2.203,-0.675,-0.033,1.035,-37.404,4,0,-375.423,-43.274,19.847,0,0,1,8,3,R,Penguin_iDOL,180,86,0.397,0,62,0,0,0,0,0,0,0,0,0,0,0,0,0,0,0,0,-0.162,-38.261,ゆっち一,-0.4,-16.823,Pring__,-22.96,-48.569,ʚEveɞ,-11.797,-65.829,소솨소솨,19.691,-47.733,じゃがー,13.116,-65.052,TaeGeuk_,44.954,-90.62,눈꽃,-6.728,-109.121,아침땅_,-42.31,-93.063,0,0,0,0,0,,0,0,0,0,0,0,0,0,0,0
55,3,0,6,2,0,1,0,0,0,0,255,255,255,15,2528.815,それいゆ るな,R,2,93,-1.502,0.458,-0.037,1.083,-37.378,2,0,-317.111,-330.631,14.8,0,0,1,8,3,R,Penguin_iDOL,180,86,0.397,3,62,2530.122,119,11,80,61,34,48,134,126,27.976,11.088,0.38,-0.015,0.016,0.07,0,-0.124,-38.049,ゆっち一,-0.202,-16.823,Pring__,-22.999,-48.597,ʚEveɞ,-11.799,-65.799,소솨소솨,19.688,-47.794,じゃがー,13.06,-65.06,TaeGeuk_,46.458,-90.088,눈꽃,-7.887,-107.016,아침땅_,-40.364,-90.765,2536.172,-28.363,-136.281,0,0,,0,0,0,0,0,0,0,0,0,4
56,3,0,6,3,1,0,0,0,0,0,255,255,255,16,2605.109,それいゆ るな,R,38,92,6.324,-2.529,0.049,0.803,-37.88,3,0,0.27,14.318,3.13,0.587,-29.614,0,0,2,R,WhiteMountain,190,107,0.403,0,58,0,0,0,0,0,0,0,0,0,0,0,0,0,0,0,0,-0.261,-38.109,ゆっち一,0.898,-17.405,Pring__,-22.048,-47.392,ʚEveɞ,-12.551,-65.387,소솨소솨,19.697,-47.83,じゃがー,12.461,-65.661,TaeGeuk_,35.379,-113.08,눈꽃,-10.34,-115.565,아침땅_,-41.376,-88.145,0,0,0,0,0,,0,0,0,0,0,0,0,0,0,6
57,3,0,6,3,3,0,0,0,0,0,255,255,255,17,2648.27,それいゆ るな,R,33,107,-0.468,0.806,-0.038,1.242,-37.402,2,0,116.484,99.653,4.038,0,0,1,0,2,R,WhiteMountain,190,107,0.403,2,42,2649.547,193,6,109,36,20,180,142,109,26.007,-2.976,0.06,-0.022,-0.018,0.182,0,-0.042,-38.153,ゆっち一,-0.075,-16.758,Pring__,-23.072,-48.491,ʚEveɞ,-12.586,-65.303,소솨소솨,19.751,-47.712,じゃがー,12.788,-65.547,TaeGeuk_,35.889,-101.266,눈꽃,-10.394,-115.548,아침땅_,-41.742,-87.93,2654.403,4.858,-114.202,2654.584,7,눈꽃,4.71,-111.422,0,0,0,0,0,0,0,1
58,3,0,6,3,0,0,1,0,0,0,255,255,255,18,2682.762,それいゆ るな,R,2,100,-2.647,0.652,-0.092,1.194,-37.422,2,0,-372.302,-286.851,15.061,0,0,1,1,1,L,Sabo_10,184.8,94,0.6,3,58,2683.972,114,17,101,74,48,118,138,93,50.497,-2.585,-0.36,-0.008,-0.028,0.137,0,-0.129,-38.099,ゆっち一,-0.1,-16.828,Pring__,-23.526,-48.919,ʚEveɞ,-12.711,-65.338,소솨소솨,19.987,-45.759,じゃがー,14.793,-65.909,TaeGeuk_,20.828,-96.089,눈꽃,12.414,-120.435,아침땅_,-29.902,-99.65,2689.815,8.252,-82.122,2689.924,5,じゃがー,8.039,-80.769,0,0,0,0,0,0,0,1
59,3,0,6,3,0,0,2,0,0,0,255,255,255,19,2714.555,それいゆ るな,R,48,93,-2.066,0.646,0.12,0.891,-37.489,2,0,66.188,160.219,-22.953,0,0,1,2,4,R,bdg06213,190,99.981,0.499,3,58,2715.833,255,24,127,96,63,131,150,66,-9.241,33.615,1,-0.082,-0.014,0.054,0,-0.081,-38.072,ゆっち一,-0.043,-16.694,Pring__,-24.039,-49.451,ʚEveɞ,-9.448,-66.177,소솨소솨,19.048,-46.963,じゃがー,13.738,-65.853,TaeGeuk_,24.786,-88.514,눈꽃,-9.466,-112.824,아침땅_,-41.937,-86.6,2716.306,-4.111,-26.795,2718.572,2,Pring__,-16.047,-50.127,0,0,0,0,0,0,0,2
60,4,1,6,3,0,0,0,0,0,0,255,255,255,39,2810.024,Kr_Luna,L,0,106,-1.747,1.143,-0.243,2.027,-36.612,2,0,0,0,0,0,0,1,0,2,L,Pring__,179.5,95,0.401,3,58,2810.965,135,17,118,83,51,163,150,126,36.532,19.403,0.37,0.011,-0.006,0.246,0,-0.152,-37.589,Sabo_10,0.018,-17.125,WhiteMountain,-23.359,-49.871,Penguin_iDOL,-12.365,-64.444,bdg06213,22.23,-46.601,Yaksok~,14.201,-62.642,Tamari_,33.739,-93.658,coder_,-0.747,-114.292,Apple_Sherbet,-46.213,-94.226,2817.584,-33.59,-128.326,0,0,,0,0,0,0,0,0,0,0,0,4
61,4,1,7,3,0,0,0,0,0,0,255,255,255,40,2860.076,Kr_Luna,L,10,92,-0.536,0.605,-0.075,2.19,-36.574,0,0,0,399.477,0.274,0,0,0,1,3,L,ʚEveɞ,175,95,0.401,0,58,0,0,0,0,0,0,0,0,0,0,0,0,0,0,0,0,0.198,-37.83,Sabo_10,0.068,-16.625,WhiteMountain,-22.807,-48.927,Penguin_iDOL,-11.656,-63.69,bdg06213,22.905,-48.826,Yaksok~,13.173,-63.094,Tamari_,34.933,-96.335,coder_,6.022,-116.937,Apple_Sherbet,-43.326,-92.556,0,0,0,0,0,,0,0,0,0,0,0,0,0,0,0
62,4,1,7,3,0,1,0,0,0,0,255,255,255,41,2877.588,Kr_Luna,L,3,96,-0.155,0.472,-0.273,1.853,-36.67,2,0,354.894,0,6.791,0,0,1,1,3,L,ʚEveɞ,175,95,0.401,3,58,2878.855,216,46,62,160,66,139,134,109,95.172,82.715,0.8,0.071,-0.021,0.021,0,0.095,-37.682,Sabo_10,-0.014,-16.829,WhiteMountain,-22.803,-48.934,Penguin_iDOL,-11.671,-63.67,bdg06213,22.912,-48.794,Yaksok~,13.162,-63.07,Tamari_,34.495,-97.092,coder_,7.714,-118.982,Apple_Sherbet,-43.267,-92.678,2885.221,77.83,-16.427,0,0,,0,0,0,0,0,0,0,0,0,3
63,4,1,7,3,0,2,0,0,0,0,255,255,255,42,2898.609,Kr_Luna,L,6,96,-0.512,1.055,0.146,2.022,-36.711,0,0,-301.738,0,-1.432,0,0,1,1,3,L,ʚEveɞ,175,95,0.401,0,58,0,0,0,0,0,0,0,0,0,0,0,0,0,0,0,0,0.196,-37.489,Sabo_10,-0.263,-16.764,WhiteMountain,-23.54,-48.776,Penguin_iDOL,-11.135,-63.86,bdg06213,22.731,-49.039,Yaksok~,14.152,-62.905,Tamari_,41.958,-94.478,coder_,7.072,-113.316,Apple_Sherbet,-40.574,-91.903,0,0,0,0,0,,0,0,0,0,0,0,0,0,0,0
64,4,1,7,3,0,0,1,0,0,0,255,255,255,43,2929.333,Kr_Luna,L,6,94,-1.052,0.849,0.233,1.972,-36.704,2,0,-414.915,0,0.003,0,0,1,2,1,R,ゆっち一,190,95.602,0.404,3,58,2930.603,252,15,97,62,35,168,150,119,96.087,51.593,0.2,-0.048,-0.008,0.169,0,0.278,-37.782,Sabo_10,0.045,-16.826,WhiteMountain,-22.589,-48.865,Penguin_iDOL,-12.341,-64.014,bdg06213,23.145,-49.592,Yaksok~,13.946,-62.976,Tamari_,40.229,-95.994,coder_,0.4,-113.492,Apple_Sherbet,-39.168,-91.365,2938.784,7.721,4.771,0,0,,0,0,0,0,0,0,0,0,0,3
65,4,1,7,3,0,1,1,0,0,0,255,255,255,44,2957.356,Kr_Luna,L,0,129,-0.72,1.109,-0.067,1.952,-36.646,1,0,0,0,0,-0.09,-17.794,0,2,1,R,ゆっち一,190,95.602,0.404,0,70,0,0,0,0,0,0,0,0,0,0,0,0,0,0,0,0,0.074,-38.015,Sabo_10,-0.135,-17.163,WhiteMountain,-22.424,-48.833,Penguin_iDOL,-13.187,-62.694,bdg06213,22.352,-48.979,Yaksok~,14.036,-63.129,Tamari_,34.739,-94.125,coder_,-5.58,-113.803,Apple_Sherbet,-44.235,-92.048,0,0,0,0,0,,0,0,0,0,0,0,0,0,0,0
66,4,1,7,3,1,1,1,0,0,0,255,255,255,45,2975.56,Kr_Luna,L,6,109,5.951,0.906,0.352,1.815,-36.606,2,0,-495.455,0,5.274,0,0,1,2,1,R,ゆっち一,190,95.602,0.404,3,70,2976.779,255,11,113,54,29,134,150,105,34.904,-5.575,-0.1,-0.038,-0.071,0.317,0,0.196,-37.665,Sabo_10,0.061,-16.828,WhiteMountain,-22.345,-48.757,Penguin_iDOL,-13.154,-63.137,bdg06213,22.806,-49.533,Yaksok~,12.856,-63.956,Tamari_,36.403,-95.618,coder_,-5.7,-113.831,Apple_Sherbet,-44.217,-92.082,2982.3,-1.901,-106.152,2982.457,7,coder_,-1.788,-103.869,0,0,0,0,0,0,0,1
67,4,1,7,3,0,0,2,0,0,0,255,255,255,46,3007.75,Kr_Luna,L,0,140,-0.144,0.487,-0.013,1.803,-36.539,0,0,0,0,0,0,0,0,3,8,R,아침땅_,160,95,0.5,0,58,0,0,0,0,0,0,0,0,0,0,0,0,0,0,0,0,0.005,-37.471,Sabo_10,0.078,-16.81,WhiteMountain,-21.597,-48.892,Penguin_iDOL,-12.866,-63.124,bdg06213,22.664,-48.714,Yaksok~,11.986,-63.121,Tamari_,39.274,-93.773,coder_,-5.658,-112.954,Apple_Sherbet,-40.814,-89.594,0,0,0,0,0,,0,0,0,0,0,0,0,0,0,0
68,4,1,7,3,0,1,2,0,0,0,255,255,255,47,3022.985,Kr_Luna,L,26,140,0.849,0.25,0.107,1.723,-36.506,2,0,-98.26,-179.452,-0.336,0,0,1,3,8,R,아침땅_,160,95,0.5,2,58,3023.931,101,6,73,35,13,130,120,70,-9.996,23.433,-0.52,-0.006,-0.02,0.168,0,0.039,-37.519,Sabo_10,0.056,-16.835,WhiteMountain,-21.58,-48.52,Penguin_iDOL,-13.027,-63.022,bdg06213,23.5,-49.123,Yaksok~,11.62,-64.303,Tamari_,39.314,-94.926,coder_,-5.883,-112.588,Apple_Sherbet,-41.8,-89.44,3024.172,-1.553,-23.122,3026.9,3,Penguin_iDOL,-15.99,-54.723,1,0,0,0,0,0,0,2
69,4,1,7,3,0,0,2,1,0,0,8,255,255,48,3054.082,Kr_Luna,L,38,82,1.142,0.706,0.115,2.045,-36.574,2,0,-6.494,-8.412,6.411,0,0,1,4,4,R,소솨소솨,190,95.643,0.5,2,58,3055.391,255,15,191,85,47,255,150,97,27.567,36.794,-0.51,-0.042,-0.075,0.18,0,0.18,-37.61,Sabo_10,0.009,-16.703,WhiteMountain,-20.903,-44.504,Penguin_iDOL,-14.56,-61.395,bdg06213,23.373,-49.601,Yaksok~,9.432,-64.582,Tamari_,38.482,-92.687,coder_,-6.042,-112.409,Apple_Sherbet,-43.858,-89.406,3059.663,-34.615,-89.962,3059.827,8,Apple_Sherbet,-33.784,-87.741,0,0,0,0,0,0,0,1
70,4,0,7,3,0,0,0,0,0,0,255,255,255,20,3120.436,それいゆ るな,R,32,105,-0.492,0.222,-0.199,1.297,-37.29,2,0,177.728,142.879,-14.856,0,0,1,3,5,L,Yaksok~,173,92.369,0.505,3,58,3121.456,224,21,86,78,38,102,148,115,10.113,7.399,0.21,-0.041,-0.007,0.018,0,-0.232,-38.034,ゆっち一,-0.109,-16.655,Pring__,-23.93,-50.39,ʚEveɞ,-11.951,-65.23,소솨소솨,19.246,-47.801,じゃがー,13.342,-66.268,TaeGeuk_,36.894,-86.504,눈꽃,4.688,-110.008,아침땅_,-29.413,-93.709,3123.906,-1.328,-82.345,3125.227,7,눈꽃,0.461,-101.652,1,0,0,0,0,0,0,2
71,4,0,7,3,0,0,0,1,0,0,9,255,255,21,3161.112,それいゆ るな,R,36,108,-0.917,-0.479,-0.104,1.021,-37.395,0,0,41.385,111.455,0.854,0,0,0,4,6,R,Tamari_,178.9,86,0.2,0,58,0,0,0,0,0,0,0,0,0,0,0,0,0,0,0,0,-0.163,-38.191,ゆっち一,-0.113,-16.637,Pring__,-20.342,-43.093,ʚEveɞ,-12.212,-64.035,소솨소솨,18.463,-47.456,じゃがー,8.654,-62.634,TaeGeuk_,35.663,-86.408,눈꽃,-8.243,-108.996,아침땅_,-41.822,-87.245,0,0,0,0,0,,0,0,0,0,0,0,0,0,0,0
72,4,0,7,3,0,1,0,0,1,0,255,14,255,22,3201.23,それいゆ るな,R,36,104,-1.314,-0.865,-0.116,0.99,-37.695,2,0,15.055,145.904,0.311,0,0,1,4,6,R,Tamari_,178.9,86,0.2,2,58,3202.425,232,12,167,81,55,255,150,101,-12.289,29.03,-0.07,-0.019,-0.06,0.069,0,-0.241,-38.358,ゆっち一,-0.072,-16.698,Pring__,-21.772,-46.384,ʚEveɞ,-13.046,-64.95,소솨소솨,19.455,-46.21,じゃがー,8.399,-63.2,TaeGeuk_,35.806,-86.586,눈꽃,-8.743,-110.63,아침땅_,-42.563,-86.785,3202.591,-1.802,-23.698,3206.039,8,아침땅_,-32.904,-78.963,1,0,0,0,0,0,0,2
73,4,0,7,3,0,0,0,1,0,1,9,255,14,23,3235.685,それいゆ るな,R,32,113,-1.023,0.108,-0.165,1.151,-37.311,0,0,219.69,68.043,36.468,0,0,0,5,7,R,coder_,165.1,95,0.398,0,58,0,0,0,0,0,0,0,0,0,0,0,0,0,0,0,0,-0.251,-38.297,ゆっち一,-0.18,-16.596,Pring__,-19.936,-43.549,ʚEveɞ,-14.464,-63.909,소솨소솨,14.66,-38.345,じゃがー,15.096,-59.83,TaeGeuk_,34.504,-86.014,눈꽃,-9.17,-107.46,아침땅_,-41.254,-85.773,0,0,0,0,0,,0,0,0,0,0,0,0,0,0,0
74,4,0,7,3,0,1,0,1,0,1,9,255,14,24,3254.106,それいゆ るな,R,36,109,-0.313,-0.796,-0.045,1.062,-37.347,2,0,54.602,108.977,0.845,0,0,1,5,7,R,coder_,165.1,95,0.398,3,58,3255.327,179,13,73,46,38,80,133,110,32.774,22.255,0.28,-0.106,-0.085,0.094,0,-0.224,-38.123,ゆっち一,-0.084,-16.919,Pring__,-20.329,-44.078,ʚEveɞ,-14.373,-63.803,소솨소솨,14.057,-38.351,じゃがー,12.948,-65.43,TaeGeuk_,34.508,-86.016,눈꽃,-9.161,-107.483,아침땅_,-40.654,-85.612,3260.754,-46.928,-102.585,3260.881,8,아침땅_,-45.615,-100.511,0,0,0,0,0,0,0,1
75,4,0,7,4,0,0,1,1,0,0,9,255,255,25,3290.654,それいゆ るな,R,34,108,-0.719,1.233,-0.029,1.32,-37.262,1,0,92.177,87.275,-1.111,0,0,0,6,8,R,Apple_Sherbet,190,89.641,0.297,0,83,0,0,0,0,0,0,0,0,0,0,0,0,0,0,0,0,-0.197,-38.023,ゆっち一,-0.106,-16.826,Pring__,-20.676,-42.826,ʚEveɞ,-13.611,-65.018,소솨소솨,19.096,-47.23,じゃがー,6.675,-64.399,TaeGeuk_,34.796,-85.653,눈꽃,-10.106,-113.075,아침땅_,-41.703,-88.053,0,0,0,0,0,,0,0,0,0,0,0,0,0,0,0
76,4,0,7,4,1,0,1,1,0,0,9,255,255,26,3305.46,それいゆ るな,R,35,109,1.577,-1.454,0.127,0.887,-37.592,1,0,0.322,161.427,12.924,0,0,0,6,8,R,Apple_Sherbet,190,89.641,0.297,0,83,0,0,0,0,0,0,0,0,0,0,0,0,0,0,0,0,-0.215,-38.214,ゆっち一,0.347,-17.253,Pring__,-19.889,-40.446,ʚEveɞ,-13.576,-64.985,소솨소솨,19.113,-47.231,じゃがー,7.846,-63.791,TaeGeuk_,36.102,-91.972,눈꽃,-10.035,-113.051,아침땅_,-42.274,-88.466,0,0,0,0,0,,0,0,0,0,0,0,0,0,0,0
77,4,0,7,4,2,0,1,0,1,0,255,15,255,27,3333.593,それいゆ るな,R,37,106,-0.603,0.028,-0.025,1.069,-37.418,2,0,30.694,71.358,13.041,0,0,1,6,8,R,Apple_Sherbet,190,89.641,0.297,3,83,3334.68,186,19,135,78,29,216,150,107,105.577,-60.402,-0.03,-0.014,-0.049,0.107,0,-0.184,-37.996,ゆっち一,-0.063,-16.694,Pring__,-21.303,-45.618,ʚEveɞ,-13.129,-64.008,소솨소솨,19.078,-47.264,じゃがー,7.412,-63.58,TaeGeuk_,40.452,-90.874,눈꽃,-10.024,-113.039,아침땅_,-43.607,-88.968,0,0,0,0,0,,0,0,0,0,0,0,0,0,0,3
78,4,0,7,4,2,1,1,0,1,0,255,15,255,28,3353.963,それいゆ るな,R,37,105,-1.317,1.8,-0.089,1.368,-37.438,1,0,34.09,62.119,13.462,0,0,0,6,8,R,Apple_Sherbet,190,89.641,0.297,0,57,0,0,0,0,0,0,0,0,0,0,0,0,0,0,0,0,-0.399,-38.076,ゆっち一,-0.144,-16.554,Pring__,-21.594,-45.538,ʚEveɞ,-12.58,-65.251,소솨소솨,19.065,-47.249,じゃがー,9.746,-66.328,TaeGeuk_,37.972,-92.563,눈꽃,-4.701,-112.131,아침땅_,-42.776,-87.466,0,0,0,0,0,,0,0,0,0,0,0,0,0,0,0
79,4,0,7,4,3,1,1,0,1,0,255,15,255,29,3371.055,それいゆ るな,R,4,105,-1.719,-0.444,-0.102,1.106,-37.334,2,0,-191.702,0,15.525,0,0,1,6,8,R,Apple_Sherbet,190,89.641,0.297,3,57,3372.102,206,18,115,66,39,102,150,130,-18.515,-28.91,0.7,-0.016,-0.066,0.067,0,-0.408,-37.737,ゆっち一,-0.049,-16.823,Pring__,-21.327,-46.622,ʚEveɞ,-12.784,-65.249,소솨소솨,19.05,-47.283,じゃがー,4.454,-64.992,TaeGeuk_,37.956,-92.555,눈꽃,-4.719,-112.138,아침땅_,-43.112,-87.595,3372.257,1,-23.121,3379.694,7,눈꽃,31.084,-101.787,1,0,0,0,0,0,0,2
80,4,0,7,5,0,0,1,0,1,0,255,255,255,30,3487.081,それいゆ るな,R,36,107,0.448,-0.389,0.104,1.014,-37.531,2,0,22.164,116.864,5.671,0,0,1,7,0,L,Kr_Luna,190,95,0.497,2,57,3488.06,139,15,71,70,51,107,134,128,15.544,-0.11,0.67,-0.014,-0.038,0.094,0,-0.176,-38.152,ゆっち一,-0.035,-16.667,Pring__,-23.869,-50.025,ʚEveɞ,-13.493,-64.825,소솨소솨,20.444,-49.892,じゃがー,12.962,-66.046,vovopo 보보포,44.618,-81.789,눈꽃,9.938,-116.26,아침땅_,-29.062,-106.445,3492.415,1.773,-128.718,3493.851,7,눈꽃,2,-128.962,1,0,0,0,0,0,0,2
81,4,0,7,6,0,0,1,0,0,1,255,255,9,31,3533.247,それいゆ るな,R,32,108,-1.12,1.046,-0.054,1.334,-37.223,2,0,220.137,11.941,5.215,0,0,1,8,3,R,Penguin_iDOL,180,86,0.397,3,57,3534.488,112,10,64,61,50,13,127,125,30.247,18.658,0.57,0,0.035,0,0,-0.092,-38.222,ゆっち一,-0.131,-16.65,Pring__,-23.627,-47.758,ʚEveɞ,-13.838,-64.665,소솨소솨,20.051,-47.232,じゃがー,11.695,-65.88,vovopo 보보포,38.485,-82.175,눈꽃,-9.475,-113.637,아침땅_,-44.567,-92.808,3543.081,-27.373,-148.087,0,0,,0,0,0,0,0,0,0,0,0,4
82,4,0,7,8,0,0,1,0,0,0,255,255,255,32,3583.586,それいゆ るな,R,3,92,-2.385,0.349,-0.038,1.123,-37.455,4,0,-318.141,0,26.022,0,0,1,0,2,R,WhiteMountain,190,107,0.403,0,57,0,0,0,0,0,0,0,0,0,0,0,0,0,0,0,0,-0.044,-38.207,ゆっち一,-0.168,-16.89,Pring__,-23.834,-49.133,ʚEveɞ,-13.746,-64.72,소솨소솨,18.967,-48.678,じゃがー,11.532,-65.95,vovopo 보보포,35.567,-91.367,눈꽃,-9.021,-118.159,아침땅_,-41.75,-88.865,0,0,0,0,0,,0,0,0,0,0,0,0,0,0,0
83,4,0,7,8,0,1,1,0,0,0,255,255,255,33,3602.625,それいゆ るな,R,36,107,0.901,-0.954,-0.033,1.092,-37.413,4,0,104.204,132.524,11.479,0,0,1,0,2,R,WhiteMountain,190,107,0.403,2,57,3603.827,176,20,97,68,30,139,147,107,3.683,-0.957,0.02,-0.089,-0.095,0.11,0,-0.145,-38.027,ゆっち一,0.055,-16.852,Pring__,-23.998,-49.306,ʚEveɞ,-13.739,-64.698,소솨소솨,18.942,-48.684,じゃがー,11.331,-66.548,vovopo 보보포,35.37,-91.649,눈꽃,-9.058,-118.182,아침땅_,-42.011,-88.747,0,0,0,3604.966,0,それいゆ るな,0.406,-36.717,0,0,0,0,0,0,0,1
84,4,0,7,8,0,0,2,0,0,0,255,255,255,34,3649.726,それいゆ るな,R,0,99,-1.327,0.311,-0.125,1.128,-37.358,0,0,-43.097,0,17.897,0,0,0,1,1,L,Sabo_10,184.8,94,0.6,0,57,0,0,0,0,0,0,0,0,0,0,0,0,0,0,0,0,-0.351,-38.192,ゆっち一,-0.13,-16.879,Pring__,-22.365,-47.317,ʚEveɞ,-13.936,-64.798,소솨소솨,20.017,-47.016,じゃがー,12.127,-66.51,vovopo 보보포,46.273,-77.501,눈꽃,9.844,-119.364,아침땅_,-26.067,-104.613,0,0,0,0,0,,0,0,0,0,0,0,0,0,0,0
85,4,0,7,8,0,1,2,0,0,0,255,255,255,35,3665.491,それいゆ るな,R,35,111,-0.669,-1.475,-0.089,0.962,-37.291,4,0,21.44,196.436,-10.842,-0.171,-17.63,1,1,1,L,Sabo_10,184.8,94,0.6,0,57,0,0,0,0,0,0,0,0,0,0,0,0,0,0,0,0,-0.302,-38.283,ゆっち一,-0.103,-17.481,Pring__,-22.216,-46.796,ʚEveɞ,-13.896,-64.766,소솨소솨,19.983,-47.019,じゃがー,11.906,-66.335,vovopo 보보포,46.294,-77.508,눈꽃,9.857,-119.365,아침땅_,-26.472,-106.413,0,0,0,0,0,,0,0,0,0,0,0,0,0,0,0
86,4,0,7,8,0,2,2,0,0,0,255,255,255,36,3682.69,それいゆ るな,R,35,111,-0.629,-0.943,-0.072,1.021,-37.232,2,0,71.19,168.565,1.472,0,0,1,1,1,L,Sabo_10,184.8,94,0.6,3,57,3683.92,104,13,99,69,52,111,135,126,-4.101,-37.418,0.32,-0.015,-0.074,0.148,0,-0.136,-38.056,ゆっち一,-0.033,-16.955,Pring__,-22.13,-46.199,ʚEveɞ,-13.862,-64.775,소솨소솨,20.069,-46.879,じゃがー,12.063,-66.267,vovopo 보보포,46.302,-77.529,눈꽃,9.857,-119.375,아침땅_,-26.334,-106.723,3684.245,5.111,-27.488,3685.324,4,소솨소솨,18.75,-44.564,0,0,0,0,0,0,0,2
87,5,1,7,8,0,0,0,0,0,0,255,255,255,49,3762.618,coder_,R,10,104,-0.923,-2.199,-0.109,1.516,-36.727,4,0,53.791,400,39.649,0,0,1,5,7,L,눈꽃,160,90,0.496,0,84,0,0,0,0,0,0,0,0,0,0,0,0,0,0,0,0,-0.07,-37.433,Sabo_10,0.096,-16.944,WhiteMountain,-22.697,-49.981,Penguin_iDOL,-12.54,-63.78,bdg06213,24.6,-51.961,Yaksok~,13.963,-61.288,Tamari_,37.643,-94.901,Kr_Luna,-0.053,-110.894,Apple_Sherbet,-44.277,-91.682,0,0,0,0,0,,0,0,0,0,0,0,0,0,0,0
88,5,1,7,8,0,1,0,0,0,0,255,255,255,50,3781.544,coder_,R,14,107,2.309,-1.111,0.103,1.661,-36.835,4,0,263.243,396.351,-12.48,0.891,-16.847,1,5,7,L,눈꽃,160,90,0.496,0,84,0,0,0,0,0,0,0,0,0,0,0,0,0,0,0,0,-0.074,-37.64,Sabo_10,0.812,-17.254,WhiteMountain,-22.841,-49.297,Penguin_iDOL,-12.563,-63.777,bdg06213,24.291,-51.76,Yaksok~,13.958,-61.288,Tamari_,37.898,-92.292,Kr_Luna,-0.025,-110.909,Apple_Sherbet,-44.441,-91.835,0,0,0,0,0,,0,0,0,0,0,0,0,0,0,0
89,5,1,7,8,0,2,0,0,0,0,255,255,255,51,3798.919,coder_,R,10,83,-1.06,0.927,-0.138,2.251,-37.18,2,0,0,400,-7.584,0,0,1,5,7,L,눈꽃,160,90,0.496,3,84,3800.328,80,8,84,107,52,91,123,118,-30,2.239,0.47,0.027,0.017,0.001,0,-0.167,-36.926,Sabo_10,0.016,-17.076,WhiteMountain,-22.898,-49.349,Penguin_iDOL,-11.706,-64.177,bdg06213,24.518,-51.385,Yaksok~,13.971,-61.293,Tamari_,38.94,-92.698,Kr_Luna,-0.016,-110.91,Apple_Sherbet,-43.818,-91.414,3800.445,-0.263,-22.059,3804.445,7,Kr_Luna,-3.317,-100.544,1,0,0,0,0,0,0,2
90,5,1,7,8,0,0,0,1,0,0,7,255,255,52,3834.83,coder_,R,26,118,0.125,0.958,0.01,1.71,-36.833,0,0,4.196,-184.835,0.05,0,0,0,6,4,R,それいゆ るな,160,86,0.43,0,57,0,0,0,0,0,0,0,0,0,0,0,0,0,0,0,0,-0.466,-37.516,Sabo_10,0.068,-16.748,WhiteMountain,-19.838,-40.677,Penguin_iDOL,-10.625,-55.369,bdg06213,22.993,-49.315,Yaksok~,6.961,-63.908,Tamari_,36.345,-94.748,Kr_Luna,-2.658,-110.69,Apple_Sherbet,-44.831,-91.711,0,0,0,0,0,,0,0,0,0,0,0,0,0,0,0
91,5,1,8,8,0,1,0,0,0,0,255,255,255,53,3883.666,coder_,R,13,83,-3.449,-1.929,-0.243,1.534,-36.782,4,0,-282.189,331.867,13.021,-0.725,-19.072,1,6,4,R,それいゆ るな,160,86,0.43,0,57,0,0,0,0,0,0,0,0,0,0,0,0,0,0,0,0,-0.078,-37.743,Sabo_10,-0.37,-16.787,WhiteMountain,-21.228,-46.484,Penguin_iDOL,-10.937,-63.28,bdg06213,21.487,-49.8,Yaksok~,4.876,-61.409,Tamari_,34.701,-94.544,Kr_Luna,-3.773,-114.282,Apple_Sherbet,-42.732,-90.024,0,0,0,0,0,,0,0,0,0,0,0,0,0,0,0
92,5,1,8,8,0,2,0,0,0,0,255,255,255,54,3896.914,coder_,R,0,103,-1.613,0.397,-0.224,1.697,-36.763,2,0,0,0,31.395,0,0,1,6,4,R,それいゆ るな,160,86,0.43,2,57,3898.238,184,10,78,39,81,215,133,79,-19.282,42.741,-0.51,-0.033,0.006,0.058,0,-0.196,-37.204,Sabo_10,-0.048,-16.996,WhiteMountain,-21.745,-47.901,Penguin_iDOL,-11.809,-62.871,bdg06213,20.885,-47.543,Yaksok~,8.874,-63.563,Tamari_,35.688,-95.976,Kr_Luna,-1.372,-111.028,Apple_Sherbet,-42.438,-90.185,3898.493,-2.457,-22.804,3900.524,2,WhiteMountain,-21.519,-44.641,0,0,0,0,0,0,0,2
93,5,1,8,8,0,0,1,0,0,0,255,255,255,55,3925.541,coder_,R,10,119,-0.514,-1.609,-0.048,1.553,-36.742,1,0,0,400,17.982,0,0,0,7,5,R,じゃがー,165.1,92.619,0.499,0,57,0,0,0,0,0,0,0,0,0,0,0,0,0,0,0,0,-0.169,-37.711,Sabo_10,0.021,-17.016,WhiteMountain,-21.972,-48.823,Penguin_iDOL,-14.167,-62.075,bdg06213,22.07,-48.678,Yaksok~,7.431,-63.425,Tamari_,30.509,-95.273,Kr_Luna,-1.85,-110.468,Apple_Sherbet,-44.223,-89.508,0,0,0,0,0,,0,0,0,0,0,0,0,0,0,0
94,5,1,8,8,1,0,1,0,0,0,255,255,255,56,3937.474,coder_,R,10,82,0.778,0.207,0.129,2.188,-37.111,0,0,0,400,-2.904,0,0,0,7,5,R,じゃがー,165.1,92.619,0.499,0,57,0,0,0,0,0,0,0,0,0,0,0,0,0,0,0,0,-0.133,-37.397,Sabo_10,0.305,-16.969,WhiteMountain,-22.022,-48.913,Penguin_iDOL,-14.422,-61.994,bdg06213,22.95,-50.572,Yaksok~,7.429,-63.504,Tamari_,36.619,-96.581,Kr_Luna,-0.305,-111.028,Apple_Sherbet,-44.128,-89.623,0,0,0,0,0,,0,0,0,0,0,0,0,0,0,0
95,5,1,8,8,1,1,1,0,0,0,255,255,255,57,3950.684,coder_,R,26,120,-1.745,0.983,-0.147,1.718,-36.856,1,0,-42.306,-200,20.314,0,0,0,7,5,R,じゃがー,165.1,92.619,0.499,0,57,0,0,0,0,0,0,0,0,0,0,0,0,0,0,0,0,-0.129,-37.597,Sabo_10,-0.316,-16.917,WhiteMountain,-22.025,-48.915,Penguin_iDOL,-13.962,-63.163,bdg06213,22.97,-50.688,Yaksok~,7.33,-63.935,Tamari_,33.27,-95.603,Kr_Luna,-10.171,-114.75,Apple_Sherbet,-44.03,-90.416,0,0,0,0,0,,0,0,0,0,0,0,0,0,0,0
96,5,1,8,8,2,1,1,0,0,0,255,255,255,58,3962.112,coder_,R,13,87,-2.62,-1.729,-0.197,1.596,-36.817,1,0,-207.363,400,28.016,-0.947,-16.644,0,7,5,R,じゃがー,165.1,92.619,0.499,0,57,0,0,0,0,0,0,0,0,0,0,0,0,0,0,0,0,-0.071,-37.738,Sabo_10,-0.42,-16.946,WhiteMountain,-22.021,-48.844,Penguin_iDOL,-14.077,-63.124,bdg06213,23.004,-50.619,Yaksok~,7.063,-64.042,Tamari_,34.712,-94.983,Kr_Luna,-10.258,-114.777,Apple_Sherbet,-43.98,-90.331,0,0,0,0,0,,0,0,0,0,0,0,0,0,0,0
97,5,1,8,8,3,1,1,0,0,0,255,255,255,59,3977.013,coder_,R,38,80,-0.804,-0.487,-0.1,1.544,-36.881,0,0,-12.856,3.722,-0.545,0,0,0,7,5,R,じゃがー,165.1,92.619,0.499,0,57,0,0,0,0,0,0,0,0,0,0,0,0,0,0,0,0,-0.271,-37.867,Sabo_10,-0.039,-16.854,WhiteMountain,-22.03,-48.876,Penguin_iDOL,-13.884,-63.149,bdg06213,23.058,-50.523,Yaksok~,7.996,-63.172,Tamari_,37.992,-96.436,Kr_Luna,-10.195,-114.741,Apple_Sherbet,-43.941,-90.11,0,0,0,0,0,,0,0,0,0,0,0,0,0,0,0
98,5,1,8,8,3,2,1,0,0,0,255,255,255,60,3990.713,coder_,R,38,84,1.226,0.845,0.181,1.874,-36.97,2,0,3.646,-15.487,-0.781,0,0,0,7,5,R,じゃがー,165.1,92.619,0.499,3,57,3992.143,117,11,57,61,44,65,120,91,27.76,21.672,0.07,-0.054,-0.057,0,0.381,-0.116,-37.336,Sabo_10,0.058,-17.026,WhiteMountain,-22.042,-48.908,Penguin_iDOL,-13.838,-63.037,bdg06213,23.731,-51.19,Yaksok~,7.639,-64.348,Tamari_,37.157,-96.006,Kr_Luna,-10.099,-114.743,Apple_Sherbet,-44.088,-90.239,3996.851,-38.007,-87.171,3997.021,8,Apple_Sherbet,-36.793,-85.275,0,0,0,0,0,0,0,1
99,5,1,8,8,0,0,2,0,0,0,255,255,255,61,4017.009,coder_,R,22,80,0.265,-0.478,0.418,1.796,-36.94,0,0,-233.152,216.537,11.38,-0.144,-17.078,0,8,6,L,vovopo 보보포,160,94,0.599,0,57,0,0,0,0,0,0,0,0,0,0,0,0,0,0,0,0,0.214,-37.69,Sabo_10,0.073,-17.051,WhiteMountain,-21.358,-48.333,Penguin_iDOL,-8.131,-64.895,bdg06213,21.971,-47.196,Yaksok~,10.37,-61.144,Tamari_,35.217,-96.033,Kr_Luna,4.033,-106.569,Apple_Sherbet,-42.738,-92.176,0,0,0,0,0,,0,0,0,0,0,0,0,0,0,0
100,5,1,8,8,0,1,2,0,0,0,255,255,255,62,4027.98,coder_,R,0,98,0.577,-0.064,0.08,1.628,-36.917,0,0,0,0,-9.933,0,0,0,8,6,L,vovopo 보보포,160,94,0.599,0,57,0,0,0,0,0,0,0,0,0,0,0,0,0,0,0,0,-0.059,-37.807,Sabo_10,0.243,-16.993,WhiteMountain,-21.867,-48.84,Penguin_iDOL,-8.864,-64.83,bdg06213,21.804,-46.592,Yaksok~,10.766,-61.203,Tamari_,36.255,-94.382,Kr_Luna,3.776,-104.738,Apple_Sherbet,-43.567,-90.153,0,0,0,0,0,,0,0,0,0,0,0,0,0,0,0
101,5,1,8,8,0,2,2,0,0,0,255,255,255,63,4040.727,coder_,R,7,94,1.841,-0.027,0.121,1.637,-36.905,4,0,179.432,0,-15.822,0,0,1,8,6,L,vovopo 보보포,160,94,0.599,0,57,0,0,0,0,0,0,0,0,0,0,0,0,0,0,0,0,-0.079,-37.784,Sabo_10,0.632,-17.081,WhiteMountain,-22.105,-48.59,Penguin_iDOL,-8.849,-64.993,bdg06213,21.459,-45.382,Yaksok~,10.916,-60.914,Tamari_,39.006,-91.63,Kr_Luna,5.69,-105.693,Apple_Sherbet,-43.521,-90.292,0,0,0,0,0,,0,0,0,0,0,0,0,0,0,0
102,5,0,8,8,0,0,0,0,0,0,255,255,255,37,4087.969,소솨소솨,R,32,140,0.81,0.279,0.067,1.671,-36.833,2,0,161.851,-126.694,6.867,0,0,1,2,4,R,bdg06213,190,99.981,0.499,3,57,4089.073,230,14,129,86,46,127,150,97,52.928,-1.744,-0.5,-0.017,-0.019,0.045,0,-0.021,-37.462,ゆっち一,-0.066,-16.827,Pring__,-22.267,-47.949,ʚEveɞ,-14.635,-64.145,それいゆ るな,22.545,-48.255,じゃがー,13.182,-65.911,vovopo 보보포,43.374,-84.09,눈꽃,-8.626,-113.507,아침땅_,-43.523,-88.006,4095.366,3.904,-79.68,4095.481,5,じゃがー,3.818,-78.42,0,0,0,0,0,0,0,1
103,5,0,8,8,0,0,1,0,0,0,255,255,255,38,4120.224,소솨소솨,R,32,140,0.777,0.893,0.037,1.747,-37.025,2,0,250,-167.762,8.033,0,0,1,3,5,L,Yaksok~,173,92.369,0.505,3,57,4121.099,125,32,64,63,48,87,130,84,97.808,59.46,-0.32,-0.049,-0.003,0.053,0,-0.184,-37.892,ゆっち一,-0.083,-16.679,Pring__,-23.495,-49.166,ʚEveɞ,-12.103,-65.445,それいゆ るな,22.921,-50.478,じゃがー,15.873,-66.324,vovopo 보보포,44.601,-82.162,눈꽃,2.42,-110.079,아침땅_,-32.558,-96.494,4127.354,23.217,-2.207,0,0,,0,0,0,0,0,0,0,0,0,3
104,5,0,8,8,0,1,1,0,0,0,255,255,255,39,4140.007,소솨소솨,R,32,140,-1.585,-1.258,-0.169,1.402,-36.898,1,0,205.127,-170.03,6.842,-0.267,-17.408,0,3,5,L,Yaksok~,173,92.369,0.505,0,70,0,0,0,0,0,0,0,0,0,0,0,0,0,0,0,0,-0.278,-38.269,ゆっち一,-0.113,-17.214,Pring__,-23.91,-48.952,ʚEveɞ,-13.634,-64.934,それいゆ るな,22.03,-49.232,じゃがー,15.235,-66.708,vovopo 보보포,45.126,-80.36,눈꽃,7.374,-109.609,아침땅_,-31.17,-98.456,0,0,0,0,0,,0,0,0,0,0,0,0,0,0,0
105,5,0,8,8,1,1,1,0,0,0,255,255,255,40,4153.572,소솨소솨,R,32,140,1.333,0.772,0.088,1.745,-36.927,2,0,250,-106.862,3.357,0,0,1,3,5,L,Yaksok~,173,92.369,0.505,3,70,4154.407,255,21,108,40,0,71,145,114,11.474,21.98,0.2,-0.064,0.001,0.215,0,-0.02,-37.844,ゆっち一,-0.026,-16.603,Pring__,-23.884,-48.976,ʚEveɞ,-13.586,-64.924,それいゆ るな,22.049,-49.27,じゃがー,14.919,-67.579,vovopo 보보포,45.193,-80.176,눈꽃,7.391,-109.619,아침땅_,-31.313,-98.687,4157.851,-28.185,-95.729,4162.724,7,눈꽃,-23.1,-115.53,1,0,0,0,0,0,0,2
106,5,0,8,8,0,0,1,0,1,0,255,14,255,41,4191.854,소솨소솨,R,33,140,0.694,0.074,0.065,1.635,-37.027,2,0,134.674,-101.95,4.419,0,0,1,4,6,R,Tamari_,178.9,86,0.2,2,48,4192.914,255,10,181,65,28,255,150,93,35.758,-3.719,-0.48,-0.025,-0.086,0.184,0,-0.149,-38.12,ゆっち一,-0.018,-16.791,Pring__,-22.724,-47.587,ʚEveɞ,-13.711,-64.809,それいゆ るな,23.325,-45.898,じゃがー,13.238,-63.467,vovopo 보보포,38.183,-85.129,눈꽃,-10.67,-110.351,아침땅_,-41.623,-93.679,4198.118,12.417,-91.147,4198.335,7,눈꽃,12.276,-90.435,0,0,0,0,0,0,0,1
107,6,1,8,8,0,0,0,0,0,0,255,255,255,64,4237.342,coder_,R,26,121,-0.415,0.89,-0.039,1.729,-36.914,0,0,1.405,-200,9.087,0,0,0,0,2,L,Pring__,179.5,95,0.401,0,57,0,0,0,0,0,0,0,0,0,0,0,0,0,0,0,0,-0.089,-37.627,Sabo_10,0.061,-16.918,WhiteMountain,-22.486,-50.166,Penguin_iDOL,-12.524,-63.193,bdg06213,21.47,-47.998,Yaksok~,10.505,-61.494,Tamari_,38.315,-91.653,Kr_Luna,-0.005,-111.116,Apple_Sherbet,-45.457,-95.779,0,0,0,0,0,,0,0,0,0,0,0,0,0,0,0
108,6,1,8,8,0,1,0,0,0,0,255,255,255,65,4248.118,coder_,R,26,121,-1.086,0.742,-0.085,1.718,-36.872,2,0,-44.187,-155.111,3.303,0,0,1,0,2,L,Pring__,179.5,95,0.401,3,57,4248.929,238,17,132,81,36,153,150,95,34.429,-18.315,-0.39,0.015,-0.041,0.258,0,0.03,-37.171,Sabo_10,-0.028,-16.876,WhiteMountain,-22.294,-49.748,Penguin_iDOL,-12.264,-63.971,bdg06213,21.506,-48.065,Yaksok~,12.392,-61.709,Tamari_,39.269,-91.02,Kr_Luna,-0.031,-111.102,Apple_Sherbet,-45.465,-95.749,4254.257,26.422,-91.141,4254.451,6,Tamari_,25.639,-89.105,0,0,0,0,0,0,0,1
109,6,1,8,8,0,0,1,0,0,0,255,255,255,66,4279.974,coder_,R,10,82,-1.299,0.579,-0.184,2.265,-37.054,2,0,0,400,-4.585,0,0,0,1,3,L,ʚEveɞ,175,95,0.401,3,57,4281.305,255,29,154,120,43,118,150,37,100.637,66.25,0.57,0.048,-0.005,0.048,0,-0.223,-37.165,Sabo_10,-0.064,-17.173,WhiteMountain,-20.647,-47.211,Penguin_iDOL,-12.454,-62.564,bdg06213,23.419,-48.656,Yaksok~,11.298,-62.644,Tamari_,38.763,-99.227,Kr_Luna,0.12,-107.504,Apple_Sherbet,-40.751,-87.624,0,0,0,4285.687,1,Sabo_10,11.662,-14.926,0,0,0,0,0,0,0,1
110,6,1,8,8,0,0,2,0,0,0,255,255,255,67,4317.175,coder_,R,12,88,-1.218,-0.087,-0.169,1.742,-36.809,2,0,0,146.488,9.762,0,0,1,2,1,R,ゆっち一,190,95.602,0.404,3,57,4318.482,224,17,113,58,29,139,150,129,-2.863,35.957,0.62,-0.071,-0.063,0.108,0,-0.273,-37.2,Sabo_10,-0.028,-17.206,WhiteMountain,-21.025,-47.608,Penguin_iDOL,-14.46,-62.281,bdg06213,21.754,-47.767,Yaksok~,10.112,-63.909,Tamari_,39.402,-96.285,Kr_Luna,-13.386,-103.877,Apple_Sherbet,-44.367,-94.118,4318.972,-8.557,-31.751,4319.948,2,WhiteMountain,-19.553,-47.383,0,0,0,0,0,0,0,2
111,6,0,8,8,0,0,0,0,0,0,255,255,255,42,4361.547,소솨소솨,R,33,140,0.386,-0.883,0.036,1.487,-36.804,2,0,139.475,-124.085,4.928,0,0,1,5,0,R,coder_,165.1,95,0.398,3,53,4362.669,166,14,76,52,26,93,134,124,-8.356,31.488,0.61,-0.038,-0.065,0.128,0,-0.121,-37.32,ゆっち一,-0.057,-16.796,Pring__,-23.798,-49.527,ʚEveɞ,-12.261,-65.349,それいゆ るな,22.12,-49.645,じゃがー,14.1,-64.783,vovopo 보보포,39.007,-90.975,눈꽃,-9.021,-111.027,아침땅_,-38.83,-86.318,4362.869,-1.763,-21.987,4365.657,8,아침땅_,-33.391,-78.348,1,0,0,0,0,0,0,2
112,6,0,8,8,0,0,0,1,0,0,9,255,255,43,4397.268,소솨소솨,R,3,116,-1.242,-0.521,0.276,1.419,-37.145,0,0,-324.469,0,1.28,0,0,0,6,8,R,Apple_Sherbet,190,89.641,0.297,0,84,0,0,0,0,0,0,0,0,0,0,0,0,0,0,0,0,0.047,-37.855,ゆっち一,-0.176,-16.57,Pring__,-20.68,-43.909,ʚEveɞ,-15.943,-63.635,それいゆ るな,21.277,-49.978,じゃがー,4.308,-64.03,vovopo 보보포,38.778,-91.692,눈꽃,-9.622,-112.267,아침땅_,-42.362,-89.335,0,0,0,0,0,,0,0,0,0,0,0,0,0,0,0
113,6,0,8,8,0,1,0,1,0,0,9,255,255,44,4412.853,소솨소솨,R,32,140,4.291,0.64,0.363,1.759,-36.947,3,0,159.912,-86.964,0.778,0.172,-20.543,0,6,8,R,Apple_Sherbet,190,89.641,0.297,0,84,0,0,0,0,0,0,0,0,0,0,0,0,0,0,0,0,-0.112,-37.416,ゆっち一,0.205,-17.134,Pring__,-20.982,-45.019,ʚEveɞ,-15.928,-63.643,それいゆ るな,21.775,-49.888,じゃがー,3.5,-63.195,vovopo 보보포,38.776,-91.715,눈꽃,-9.589,-112.163,아침땅_,-42.118,-88.989,0,0,0,0,0,,0,0,0,0,0,0,0,0,0,6
114,6,0,8,8,2,1,0,1,0,0,17,255,255,45,4437.602,소솨소솨,R,32,140,-0.148,0.445,-0.022,1.715,-36.809,2,0,164.545,-81.925,6.05,0,0,1,6,8,R,Apple_Sherbet,190,89.641,0.297,3,84,4438.544,255,12,120,56,29,167,150,106,30.796,26.379,-0.08,0.011,-0.022,0.153,0,-0.273,-37.439,ゆっち一,-0.057,-16.488,Pring__,-20.107,-43.043,ʚEveɞ,-15.365,-63.332,それいゆ るな,21.964,-49.993,じゃがー,9.131,-65.98,vovopo 보보포,38.538,-90.524,눈꽃,-9.197,-111.705,아침땅_,-42.206,-89.46,4443.917,-39.862,-101.521,4444.063,8,아침땅_,-38.858,-99.408,0,0,0,0,0,0,0,1
115,6,0,8,8,0,0,1,1,0,0,17,255,255,46,4476.182,소솨소솨,R,32,140,-1.732,0.204,-0.168,1.661,-36.849,1,0,160.088,-109.786,9.722,0,0,0,7,7,L,Kr_Luna,190,95,0.497,0,64,0,0,0,0,0,0,0,0,0,0,0,0,0,0,0,0,-0.342,-38.068,ゆっち一,0.168,-16.597,Pring__,-20.876,-44.601,ʚEveɞ,-14.365,-63.975,それいゆ るな,22.455,-49.56,じゃがー,9.829,-65.693,vovopo 보보포,46.755,-85.241,눈꽃,9.289,-114.334,아침땅_,-29.247,-100.362,0,0,0,0,0,,0,0,0,0,0,0,0,0,0,0
116,6,0,8,8,1,0,1,1,0,0,17,255,255,47,4491.877,소솨소솨,R,32,140,-0.571,-0.099,-0.064,1.605,-36.69,0,0,175.4,-104.999,8.041,0,0,0,7,7,L,Kr_Luna,190,95,0.497,0,64,0,0,0,0,0,0,0,0,0,0,0,0,0,0,0,0,-0.032,-38,ゆっち一,0.468,-19.57,Pring__,-20.998,-44.287,ʚEveɞ,-14.188,-63.479,それいゆ るな,22.484,-49.597,じゃがー,1.014,-60.043,vovopo 보보포,46.019,-85.981,눈꽃,9.286,-114.325,아침땅_,-27.206,-101.168,0,0,0,0,0,,0,0,0,0,0,0,0,0,0,0
117,6,0,8,8,1,1,1,0,1,0,255,9,255,48,4512.752,소솨소솨,R,32,140,0.727,0.437,0.048,1.704,-36.972,0,0,194.384,-115.375,11.432,0,0,1,7,7,L,Kr_Luna,190,95,0.497,0,64,0,0,0,0,0,0,0,0,0,0,0,0,0,0,0,0,-0.197,-38.201,ゆっち一,-0.026,-16.454,Pring__,-22.345,-45.26,ʚEveɞ,-13.148,-65.585,それいゆ るな,22.421,-46.06,じゃがー,8.157,-63.313,vovopo 보보포,45.789,-86.588,눈꽃,9.28,-114.353,아침땅_,-27.398,-101.449,0,0,0,0,0,,0,0,0,0,0,0,0,0,0,0
118,6,0,8,8,1,2,1,0,0,1,255,255,9,49,4551.733,소솨소솨,R,32,126,4.041,1.296,0.342,1.875,-37.248,1,0,202.788,-82.11,7.031,0,0,0,7,7,L,Kr_Luna,190,95,0.497,0,64,0,0,0,0,0,0,0,0,0,0,0,0,0,0,0,0,-0.383,-38.223,ゆっち一,0.188,-16.525,Pring__,-22.906,-48.988,ʚEveɞ,-13.965,-64.329,それいゆ るな,19.873,-41.667,じゃがー,14.768,-63.765,vovopo 보보포,48.217,-85.765,눈꽃,9.987,-116.638,아침땅_,-30.697,-102.452,0,0,0,0,0,,0,0,0,0,0,0,0,0,0,0
119,6,0,8,8,2,2,1,0,0,1,255,255,9,50,4579.871,소솨소솨,R,32,127,5.121,0.918,0.454,1.805,-37.227,1,0,175.436,-72.83,2.027,0,0,0,7,7,L,Kr_Luna,190,95,0.497,0,64,0,0,0,0,0,0,0,0,0,0,0,0,0,0,0,0,-0.042,-38.396,ゆっち一,0.317,-16.531,Pring__,-23.172,-47.887,ʚEveɞ,-14.105,-64.457,それいゆ るな,20.121,-41.332,じゃがー,13.55,-65.879,vovopo 보보포,48.233,-85.78,눈꽃,10.018,-116.665,아침땅_,-27.675,-103.723,0,0,0,0,0,,0,0,0,0,0,0,0,0,0,0
120,6,0,8,8,3,2,1,0,0,1,255,255,9,51,4598.178,소솨소솨,R,32,140,1.981,0.29,0.171,1.675,-36.908,4,0,180.579,-118.85,7.776,0,0,1,7,7,L,Kr_Luna,190,95,0.497,0,64,0,0,0,0,0,0,0,0,0,0,0,0,0,0,0,0,0.027,-37.937,ゆっち一,0.066,-16.616,Pring__,-22.498,-46.082,ʚEveɞ,-14.116,-64.458,それいゆ るな,19.918,-41.057,じゃがー,15.678,-65.03,vovopo 보보포,48.233,-85.781,눈꽃,10.027,-116.651,아침땅_,-27.968,-103.793,0,0,0,0,0,,0,0,0,0,0,0,0,0,0,0
121,6,0,8,8,0,0,2,0,0,1,255,255,9,52,4629.494,소솨소솨,R,32,136,1.843,0.665,0.124,1.743,-37.063,4,0,174.707,-113.83,6.262,-0.419,-20.072,1,8,3,R,Penguin_iDOL,180,86,0.397,0,57,0,0,0,0,0,0,0,0,0,0,0,0,0,0,0,0,-0.237,-38.154,ゆっち一,-0.048,-17.463,Pring__,-22.292,-47.433,ʚEveɞ,-14.088,-64.438,それいゆ るな,20.197,-41.486,じゃがー,14.497,-64.532,vovopo 보보포,42.995,-91.736,눈꽃,-12.082,-115.989,아침땅_,-41.213,-89.764,0,0,0,0,0,,0,0,0,0,0,0,0,0,0,0
122,6,0,8,8,0,1,2,0,0,1,255,255,9,53,4648.625,소솨소솨,R,32,135,1.248,1.021,0.098,1.784,-36.994,0,0,183.579,-152.039,7.813,0,0,1,8,3,R,Penguin_iDOL,180,86,0.397,0,57,0,0,0,0,0,0,0,0,0,0,0,0,0,0,0,0,-0.17,-37.998,ゆっち一,-0.033,-16.719,Pring__,-23.345,-46.826,ʚEveɞ,-14.063,-64.422,それいゆ るな,19.99,-40.724,じゃがー,16.847,-63.422,vovopo 보보포,43.001,-91.729,눈꽃,-12.198,-116.009,아침땅_,-41.43,-88.911,0,0,0,0,0,,0,0,0,0,0,0,0,0,0,0
123,6,0,8,8,0,2,2,0,0,1,255,255,9,54,4667.091,소솨소솨,R,3,109,-1.102,-1.261,0.299,1.396,-37.139,4,0,-495.455,0,2.103,-0.399,-17.448,1,8,3,R,Penguin_iDOL,180,86,0.397,0,57,0,0,0,0,0,0,0,0,0,0,0,0,0,0,0,0,-0.073,-38.053,ゆっち一,-0.301,-17.334,Pring__,-22.828,-47.303,ʚEveɞ,-13.961,-63.943,それいゆ るな,20.341,-40.126,じゃがー,14.674,-65.421,vovopo 보보포,42.971,-91.74,눈꽃,-12.207,-116.018,아침땅_,-41.376,-88.717,0,0,0,0,0,,0,0,0,0,0,0,0,0,0,0
124,7,1,8,8,0,0,0,0,0,0,255,255,255,68,4719.973,Sabo_10,L,0,129,2.759,-0.339,0.299,1.396,-37.139,4,0,0,0,0,0,0,0,3,8,R,아침땅_,160,95,0.5,0,57,0,0,0,0,0,0,0,0,0,0,0,0,0,0,0,0,-0.155,-37.256,coder_,0.033,-17.138,WhiteMountain,-21.853,-49.395,Penguin_iDOL,-13.63,-62.53,bdg06213,21.933,-48.106,Yaksok~,14.096,-60.196,Tamari_,37.655,-96.278,Kr_Luna,0.004,-111.109,Apple_Sherbet,-40.961,-91.764,0,0,0,0,0,,0,0,0,0,0,0,0,0,0,0
125,7,1,8,8,0,0,0,0,0,0,255,255,255,68,4773.485,Sabo_10,L,0,140,2.757,-0.803,-0.121,1.474,-36.402,2,0,0,0,0,0,0,1,3,8,R,아침땅_,160,95,0.5,2,57,4774.414,120,6,92,41,7,214,134,81,-43.186,-44.805,-0.39,-0.02,-0.025,0.156,0,-0.137,-36.742,coder_,-0.017,-17.073,WhiteMountain,-22.06,-49.738,Penguin_iDOL,-15.285,-62.316,bdg06213,22.991,-50.681,Yaksok~,11.436,-62.517,Tamari_,35.152,-97.576,Kr_Luna,0.016,-111.111,Apple_Sherbet,-42.605,-95.27,4774.505,1.076,-19.712,4777.087,4,bdg06213,25.334,-44.113,0,0,0,0,0,0,0,2
126,7,1,8,8,0,1,0,0,0,0,255,255,255,69,4794.166,Sabo_10,L,27,137,-0.765,-0.43,-0.41,1.485,-36.497,0,0,-132.485,-149.758,-9.599,0,0,0,3,8,R,아침땅_,160,95,0.5,0,57,0,0,0,0,0,0,0,0,0,0,0,0,0,0,0,0,-0.211,-37.168,coder_,-0.052,-17.387,WhiteMountain,-21.759,-48.528,Penguin_iDOL,-13.126,-62.293,bdg06213,22.287,-50.073,Yaksok~,11.317,-63.43,Tamari_,38.445,-94.638,Kr_Luna,1.286,-110.917,Apple_Sherbet,-41.885,-95.194,0,0,0,0,0,,0,0,0,0,0,0,0,0,0,0
127,7,1,8,8,0,2,0,0,0,0,255,255,255,70,4807.534,Sabo_10,L,3,122,1.599,-0.576,-0.35,1.511,-36.427,1,0,360.391,20.013,-9.159,0,0,0,3,8,R,아침땅_,160,95,0.5,0,57,0,0,0,0,0,0,0,0,0,0,0,0,0,0,0,0,-0.25,-37.371,coder_,-0.021,-17.446,WhiteMountain,-21.89,-47.423,Penguin_iDOL,-12.888,-61.76,bdg06213,23.17,-50.546,Yaksok~,11.307,-63.426,Tamari_,36.848,-95.879,Kr_Luna,-10.803,-105.538,Apple_Sherbet,-43.816,-92.398,0,0,0,0,0,,0,0,0,0,0,0,0,0,0,0
128,7,1,8,8,1,2,0,0,0,0,255,255,255,71,4821.314,Sabo_10,L,3,119,0.645,-0.369,-0.46,1.554,-36.518,0,0,402.571,56.851,-8.804,0,0,1,3,8,R,아침땅_,160,95,0.5,0,57,0,0,0,0,0,0,0,0,0,0,0,0,0,0,0,0,-0.205,-37.242,coder_,0.128,-18.238,WhiteMountain,-21.805,-47.802,Penguin_iDOL,-13.717,-59.406,bdg06213,23.439,-49.897,Yaksok~,11.219,-63.526,Tamari_,35.078,-95.819,Kr_Luna,-10.791,-105.55,Apple_Sherbet,-46.192,-92.41,0,0,0,0,0,,0,0,0,8,0,0,0,0,0,0
129,7,1,8,8,0,0,1,0,0,0,255,255,255,72,4849.813,Sabo_10,L,26,140,2.589,-2.471,-0.107,1.116,-36.497,1,0,-103.632,-183.864,-17.394,0.508,-19.408,0,4,9,R,TaeGeuk_,175.9,86.348,0.291,0,57,0,0,0,0,0,0,0,0,0,0,0,0,0,0,0,0,-0.236,-37.211,coder_,0.01,-17.171,WhiteMountain,-21.582,-48.11,Penguin_iDOL,-13.562,-63.178,bdg06213,23.303,-51.197,Yaksok~,11.21,-63.504,Tamari_,35.141,-94.812,Kr_Luna,-13.413,-105.371,Apple_Sherbet,-46.885,-94.376,0,0,0,0,0,,0,0,0,0,0,0,0,0,0,0
130,7,1,8,8,1,0,1,0,0,0,255,255,255,73,4861.256,Sabo_10,L,3,127,1.092,-0.331,-0.379,1.531,-36.407,0,0,321.517,4.217,-7.536,0,0,1,4,9,R,TaeGeuk_,175.9,86.348,0.291,3,57,4862.091,121,17,65,39,9,74,120,76,-41.729,-47.84,-0.46,-0.043,-0.026,0.01,0,-0.082,-36.741,coder_,-0.038,-17.241,WhiteMountain,-21.523,-48.024,Penguin_iDOL,-13.598,-63.16,bdg06213,23.938,-52.546,Yaksok~,11.2,-63.493,Tamari_,36.458,-94.806,Kr_Luna,-13.42,-105.376,Apple_Sherbet,-47.134,-94.091,4862.214,1.102,-19.431,4862.663,1,coder_,0.302,-18.841,0,0,0,0,0,0,0,2
131,7,1,8,8,1,1,1,0,0,0,255,255,255,74,4876.527,Sabo_10,L,26,140,1.972,0.615,-0.167,1.647,-36.404,1,0,-99.946,-157.24,-31.137,0,0,0,4,9,R,TaeGeuk_,175.9,86.348,0.291,0,57,0,0,0,0,0,0,0,0,0,0,0,0,0,0,0,0,-0.329,-37.308,coder_,0.252,-17.052,WhiteMountain,-21.653,-48.277,Penguin_iDOL,-13.712,-61.145,bdg06213,24.502,-51.419,Yaksok~,11.07,-63.657,Tamari_,38.51,-96.204,Kr_Luna,-13.769,-105.434,Apple_Sherbet,-46.126,-94.715,0,0,0,0,0,,0,0,0,0,0,0,0,0,0,0
132,7,1,8,8,2,1,1,0,0,0,255,255,255,75,4889.565,Sabo_10,L,26,137,1.9,-0.46,-0.186,1.457,-36.349,2,0,-53.887,-200,-25.643,0,0,1,4,9,R,TaeGeuk_,175.9,86.348,0.291,3,57,4890.316,111,16,60,72,5,84,123,80,-2.938,-40.021,-0.38,-0.011,-0.02,0.072,0,-0.063,-36.803,coder_,-0.139,-17.376,WhiteMountain,-21.627,-48.216,Penguin_iDOL,-13.547,-61.096,bdg06213,24.992,-50.067,Yaksok~,11.028,-64.96,Tamari_,40.71,-94.816,Kr_Luna,-13.728,-105.422,Apple_Sherbet,-45.994,-94.949,4890.778,6.338,-26.755,4892.56,4,bdg06213,21.892,-45.354,0,0,0,0,0,0,0,2
133,7,1,8,8,0,0,2,0,0,0,255,255,255,76,4920.295,Sabo_10,L,26,127,1.114,-0.49,-0.262,1.47,-36.439,0,0,-38.353,-200,-13.761,0,0,0,5,7,L,눈꽃,160,90,0.496,0,57,0,0,0,0,0,0,0,0,0,0,0,0,0,0,0,0,-0.156,-37.15,coder_,-0.003,-17.384,WhiteMountain,-21,-46.96,Penguin_iDOL,-9.921,-64.654,bdg06213,24.183,-50.57,Yaksok~,13.57,-63.186,Tamari_,35.394,-96.564,Kr_Luna,-7.96,-106.819,Apple_Sherbet,-46.138,-89.862,0,0,0,0,0,,0,0,0,0,0,0,0,0,0,0
134,7,1,8,8,0,1,2,0,0,0,255,255,255,77,4934.159,Sabo_10,L,3,128,2.847,-0.024,-0.242,1.591,-36.466,4,0,404.485,0,-13.015,0,0,1,5,7,L,눈꽃,160,90,0.496,0,57,0,0,0,0,0,0,0,0,0,0,0,0,0,0,0,0,-0.443,-37.448,coder_,0.083,-17.22,WhiteMountain,-20.997,-46.951,Penguin_iDOL,-9.814,-64.624,bdg06213,23.952,-49.333,Yaksok~,13.573,-63.172,Tamari_,37.8,-95.368,Kr_Luna,-0.63,-107.489,Apple_Sherbet,-46.163,-90.376,0,0,0,0,0,,0,0,0,0,0,0,0,0,0,0
135,7,1,8,8,0,2,2,0,0,0,255,255,255,78,4947.667,Sabo_10,L,3,130,0.121,-1.159,-0.463,1.655,-36.452,2,0,256.88,177.709,-9.577,0,0,1,5,7,L,눈꽃,160,90,0.496,3,57,4948.496,206,8,86,26,11,86,133,82,-5.596,1.632,-0.32,-0.013,0.033,0.06,0,-0.11,-36.708,coder_,0.053,-17.326,WhiteMountain,-20.943,-46.921,Penguin_iDOL,-9.847,-64.481,bdg06213,23.905,-51.196,Yaksok~,13.558,-63.382,Tamari_,37.159,-94.231,Kr_Luna,-0.618,-107.475,Apple_Sherbet,-46.202,-90.573,4948.833,-0.126,-25.61,4955.348,7,Kr_Luna,-9.268,-91.722,1,0,0,0,0,0,0,2
136,7,1,8,8,0,0,2,0,1,0,255,7,255,79,4995.675,Sabo_10,L,5,126,0.718,-0.821,-0.393,1.534,-36.647,0,0,101.248,0,-0.435,0,0,0,6,4,R,それいゆ るな,160,86,0.43,0,57,0,0,0,0,0,0,0,0,0,0,0,0,0,0,0,0,-0.112,-37.496,coder_,-0.235,-17.313,WhiteMountain,-21.612,-47.476,Penguin_iDOL,-13.908,-62.91,bdg06213,22.804,-49.667,Yaksok~,6.22,-62.446,Tamari_,37.153,-90.008,Kr_Luna,-9.086,-106.621,Apple_Sherbet,-44.51,-95.427,0,0,0,0,0,,0,0,0,0,0,0,0,0,0,0
137,7,1,8,8,0,1,2,0,1,0,255,7,255,80,5013.294,Sabo_10,L,0,140,0.988,-1.2,-0.286,1.431,-36.473,4,0,0,0,0,0,0,1,6,4,R,それいゆ るな,160,86,0.43,0,57,0,0,0,0,0,0,0,0,0,0,0,0,0,0,0,0,-0.346,-37.591,coder_,1.708,-19.878,WhiteMountain,-21.64,-47.458,Penguin_iDOL,-14.723,-61.9,bdg06213,22.309,-49.808,Yaksok~,7.148,-62.294,Tamari_,37.152,-95.682,Kr_Luna,-9.112,-106.61,Apple_Sherbet,-43.677,-96.107,0,0,0,0,0,,0,0,0,64,0,0,0,0,0,0
138,7,1,8,8,0,2,2,0,1,0,255,7,255,81,5052.129,Sabo_10,L,0,132,3.748,-2.385,-0.038,1.243,-36.537,4,0,0,0,0,0.639,-20.538,1,6,4,R,それいゆ るな,160,86,0.43,0,35,0,0,0,0,0,0,0,0,0,0,0,0,0,0,0,0,-0.31,-37.329,coder_,-0.085,-17.735,WhiteMountain,-21.431,-49.024,Penguin_iDOL,-12.674,-63.795,bdg06213,21.882,-49.767,Yaksok~,6.32,-62.998,Tamari_,35.013,-89.985,Kr_Luna,-8.006,-107.82,Apple_Sherbet,-43.714,-96.29,0,0,0,0,0,,0,0,0,0,0,0,0,0,0,0
139,7,0,8,8,0,0,0,0,0,0,255,255,255,56,5106.92,TaeGeuk_,R,3,118,-1.051,-0.314,0.623,0.833,-36.688,2,0,-404.494,0,-6.46,0,0,1,0,2,R,WhiteMountain,190,107,0.403,2,41,5108.088,216,22,131,66,35,255,150,130,18.89,24.341,0.48,-0.051,-0.047,0.119,0,0.405,-37.123,ゆっち一,-0.005,-16.747,Pring__,-22.878,-48.629,ʚEveɞ,-11.973,-65.525,それいゆ るな,20.273,-47.133,じゃがー,13.592,-66.218,vovopo 보보포,36.998,-88.392,눈꽃,-5.779,-112.158,아침땅_,-40.678,-87.008,5113.099,-68.541,-118.002,0,0,,0,0,0,0,0,0,0,0,0,4
140,7,0,8,9,0,0,0,0,0,0,255,255,255,57,5218.204,TaeGeuk_,R,32,130,-2.782,0.602,0.161,1.001,-36.526,4,0,208.263,-54.43,12.184,-0.442,-21.389,1,1,0,L,Sabo_10,184.8,94,0.6,0,57,0,0,0,0,0,0,0,0,0,0,0,0,0,0,0,0,-0.058,-37.161,ゆっち一,-0.17,-17.259,Pring__,-23.479,-48.288,ʚEveɞ,-12.336,-65.368,それいゆ るな,22.181,-47.969,소솨소솨,17.441,-62.451,vovopo 보보포,46.02,-79.26,눈꽃,11.789,-116.541,아침땅_,-28.225,-105.146,0,0,0,0,0,,0,0,0,0,0,0,0,0,0,0
141,7,0,8,9,0,1,0,0,0,0,255,255,255,58,5229.923,TaeGeuk_,R,32,140,0.903,-0.55,0.496,0.809,-36.682,0,0,250,47.258,-6.034,0,0,0,1,0,L,Sabo_10,184.8,94,0.6,0,57,0,0,0,0,0,0,0,0,0,0,0,0,0,0,0,0,0.17,-37.548,ゆっち一,-0.063,-16.747,Pring__,-22.801,-47.154,ʚEveɞ,-12.28,-65.354,それいゆ るな,22.168,-47.956,소솨소솨,17.52,-62.494,vovopo 보보포,45.993,-79.249,눈꽃,11.773,-116.502,아침땅_,-27.207,-105.453,0,0,0,0,0,,0,0,0,0,0,0,0,0,0,0
142,7,0,8,9,0,2,0,0,0,0,255,255,255,59,5238.654,TaeGeuk_,R,0,128,2.427,-0.383,0.715,0.825,-36.672,4,0,-7.934,0,-0.781,0,0,1,1,0,L,Sabo_10,184.8,94,0.6,0,57,0,0,0,0,0,0,0,0,0,0,0,0,0,0,0,0,0.336,-37.377,ゆっち一,-0.047,-16.823,Pring__,-22.772,-45.862,ʚEveɞ,-12.307,-65.341,それいゆ るな,22.122,-47.87,소솨소솨,17.461,-62.512,vovopo 보보포,45.811,-79.239,눈꽃,11.71,-116.521,아침땅_,-26.403,-105.929,0,0,0,0,0,,0,0,0,0,0,0,0,0,0,0
143,7,0,8,9,0,0,1,0,0,0,255,255,255,60,5254.155,TaeGeuk_,R,3,125,-2.578,-0.046,0.411,0.886,-36.547,4,0,-500,0,5.771,0,0,1,2,4,R,bdg06213,190,99.981,0.499,0,57,0,0,0,0,0,0,0,0,0,0,0,0,0,0,0,0,0.215,-36.979,ゆっち一,-0.228,-16.749,Pring__,-22.543,-47.042,ʚEveɞ,-12.321,-65.364,それいゆ るな,22.862,-48.526,소솨소솨,17.419,-61.773,vovopo 보보포,44.098,-81.844,눈꽃,-7.81,-117.053,아침땅_,-42.71,-91.982,0,0,0,0,0,,0,0,0,0,0,0,0,0,0,0
144,7,0,8,9,0,1,1,0,0,0,255,255,255,61,5265.892,TaeGeuk_,R,32,129,0.373,-0.323,0.468,0.831,-36.582,2,0,163.236,-8.177,-0.461,0,0,1,2,4,R,bdg06213,190,99.981,0.499,3,57,5266.995,255,20,160,83,65,224,150,101,31.545,47.075,-0.32,-0.048,-0.066,0.051,0,0.369,-36.842,ゆっち一,-0.054,-16.91,Pring__,-22.568,-47.026,ʚEveɞ,-12.322,-65.331,それいゆ るな,22.878,-48.541,소솨소솨,17.813,-61.815,vovopo 보보포,40.358,-85.571,눈꽃,-7.807,-117.049,아침땅_,-41.778,-91.024,5272.051,-53.759,-91.469,5274.784,8,아침땅_,-55.294,-97.145,1,0,0,0,0,0,0,2
145,7,0,8,9,0,0,1,0,1,0,255,13,255,62,5296.074,TaeGeuk_,R,32,130,-1.19,-0.511,0.325,0.808,-36.565,2,0,161.982,-13.592,-6.953,0,0,1,3,5,L,Yaksok~,173,92.369,0.505,3,57,5296.998,148,31,74,84,49,92,135,85,90,-90,-0.5,-0.012,-0.028,0,0,0.245,-37.21,ゆっち一,-0.096,-16.87,Pring__,-22.675,-48.344,ʚEveɞ,-14.488,-64.548,それいゆ るな,22.558,-47.787,소솨소솨,16.286,-63.199,vovopo 보보포,39.724,-76.25,눈꽃,1.134,-114.153,아침땅_,-44.279,-96.581,0,0,0,0,0,,0,0,0,0,0,0,0,0,0,3
146,7,0,8,9,0,1,1,0,0,0,255,255,255,63,5310.049,TaeGeuk_,R,5,128,2.908,-0.15,0.782,0.87,-36.913,1,0,-73.885,0,-6.977,0,0,0,3,5,L,Yaksok~,173,92.369,0.505,0,57,0,0,0,0,0,0,0,0,0,0,0,0,0,0,0,0,0.014,-37.443,ゆっち一,-0.022,-16.743,Pring__,-23.384,-48.763,ʚEveɞ,-14.394,-64.683,それいゆ るな,22.063,-47.516,소솨소솨,16.852,-62.574,vovopo 보보포,42.793,-76.908,눈꽃,-0.219,-114.041,아침땅_,-29.53,-101.693,0,0,0,0,0,,0,0,0,0,0,0,0,0,0,0
147,7,0,8,9,1,1,1,0,0,0,255,255,255,64,5318.864,TaeGeuk_,R,32,134,-1.054,-1.069,0.392,0.847,-36.505,2,0,236.516,-26.422,4.433,0,0,1,3,5,L,Yaksok~,173,92.369,0.505,3,57,5319.765,249,24,92,27,0,60,134,86,93.633,77.752,-0.41,-0.065,-0.016,0.236,0,-0.23,-36.551,ゆっち一,-0.032,-16.777,Pring__,-23.415,-48.791,ʚEveɞ,-14.414,-64.628,それいゆ るな,21.054,-44.092,소솨소솨,16.838,-62.661,vovopo 보보포,42.753,-77.111,눈꽃,-0.435,-114.22,아침땅_,-29.87,-102.791,5326.081,28.077,-9.794,0,0,,0,0,0,0,0,0,0,0,0,3
148,7,0,8,9,1,2,1,0,0,0,255,255,255,65,5332.074,TaeGeuk_,R,32,140,1.661,-0.631,0.597,0.792,-36.626,2,0,150.508,-7.969,-5.204,0,0,1,3,5,L,Yaksok~,173,92.369,0.505,3,57,5332.964,164,24,71,62,0,80,134,124,99.043,72.389,0.63,-0.038,-0.016,0.072,0,0.647,-36.936,ゆっち一,-0.037,-16.558,Pring__,-23.242,-48.189,ʚEveɞ,-16.014,-63.304,それいゆ るな,20.056,-42.358,소솨소솨,18.257,-64.036,vovopo 보보포,39.867,-77.604,눈꽃,0.205,-111.102,아침땅_,-24.064,-106.452,0,0,0,0,0,,0,0,0,0,0,0,0,0,0,3
149,7,0,8,9,1,2,1,0,0,0,255,255,255,66,5342.874,TaeGeuk_,R,3,126,0.325,-1.069,0.64,0.723,-36.69,2,0,-365.446,0,-2.77,0,0,1,3,5,L,Yaksok~,173,92.369,0.505,3,57,5343.808,255,30,65,96,0,138,135,94,39.314,-42.175,0.02,-0.016,-0.037,0,0,0.469,-36.74,ゆっち一,-0.028,-16.646,Pring__,-22.943,-47.224,ʚEveɞ,-14.988,-64.021,それいゆ るな,21.056,-41.702,소솨소솨,17.698,-62.165,vovopo 보보포,44.638,-75.415,눈꽃,9.055,-112.915,아침땅_,-23.097,-108.682,5348.76,50.98,-76.155,5348.899,6,vovopo 보보포,49.173,-74.12,0,0,0,0,0,0,0,1
150,7,0,8,10,0,0,2,0,0,0,255,255,255,67,5365.003,TaeGeuk_,R,32,129,0.224,-0.472,0.447,0.812,-36.607,0,0,189.395,-4.689,-2.803,0,0,0,4,6,R,Tamari_,178.9,86,0.2,0,57,0,0,0,0,0,0,0,0,0,0,0,0,0,0,0,0,-0.402,-38.066,ゆっち一,-0.071,-16.592,Pring__,-22.939,-49.632,ʚEveɞ,-12.64,-65.182,それいゆ るな,21.134,-46.66,소솨소솨,18.201,-61.704,vovopo 보보포,45.42,-81.69,눈꽃,-10.051,-112.622,아침땅_,-41.26,-94.642,0,0,0,0,0,,0,0,0,0,0,0,0,0,0,0
151,7,0,8,10,0,1,2,0,0,0,255,255,255,68,5372.424,TaeGeuk_,R,3,120,-1.8,-0.258,0.47,0.851,-36.59,1,0,-427.891,0,-3.061,0,0,0,4,6,R,Tamari_,178.9,86,0.2,0,57,0,0,0,0,0,0,0,0,0,0,0,0,0,0,0,0,-0.168,-37.278,ゆっち一,-0.163,-16.813,Pring__,-23.273,-49.277,ʚEveɞ,-12.685,-65.18,それいゆ るな,21.116,-46.648,소솨소솨,17.619,-64.647,vovopo 보보포,41.451,-84.271,눈꽃,-10.053,-112.612,아침땅_,-43.553,-93.077,0,0,0,0,0,,0,0,0,0,0,0,0,0,0,0
152,7,0,8,10,1,1,2,0,0,0,255,255,255,69,5379.46,TaeGeuk_,R,3,117,-0.939,0.024,0.553,0.9,-36.558,0,0,-422.555,0,14.555,0,0,1,4,6,R,Tamari_,178.9,86,0.2,0,57,0,0,0,0,0,0,0,0,0,0,0,0,0,0,0,0,-0.356,-37.272,ゆっち一,-0.139,-16.678,Pring__,-23.27,-49.247,ʚEveɞ,-12.679,-65.19,それいゆ るな,21.149,-46.671,소솨소솨,16.989,-62.199,vovopo 보보포,41.606,-84.538,눈꽃,-10.064,-112.633,아침땅_,-41.928,-89.972,0,0,0,0,0,,0,0,0,0,0,0,0,0,0,0
153,7,0,8,10,1,2,2,0,0,0,255,255,255,70,5386.479,TaeGeuk_,R,32,127,-2.359,0.361,0.204,0.953,-36.567,4,0,191.192,-12.055,25.042,0,0,1,4,6,R,Tamari_,178.9,86,0.2,0,57,0,0,0,0,0,0,0,0,0,0,0,0,0,0,0,0,-0.267,-38.152,ゆっち一,-0.217,-16.804,Pring__,-22.747,-47.694,ʚEveɞ,-13.156,-62.905,それいゆ るな,21.118,-46.666,소솨소솨,16.37,-61.519,vovopo 보보포,41.024,-86.063,눈꽃,-10.06,-112.626,아침땅_,-41.841,-90.034,0,0,0,0,0,,0,0,0,0,0,0,0,0,0,0