id,inn,half,scoreA,scoreB,ball,strk,out,b1,b2,b3,b1Idx,b2Idx,b3Idx,pCnt,pSec,pName,pHand,pType,spdK,zoneX,zoneY,startX,startY,zDist,call,balk,sH,sV,gyro,plx,plz,bSwing,bIdx,bPos,bZone,bName,bHCm,batLen,batCen,batType,bFps,hSec,rotS,rotL,shS,lgS,prepS,impMv,batSpd,ev,ldeg,sdeg,hPos,hMoveX,hMoveY,stayCon,buntGrip,PPosX,PPosY,PThrSpd,CName,CPosX,CPosY,CThrSpd,1BName,1BPosX,1BPosY,1BThrSpd,2BName,2BPosX,2BPosY,2BThrSpd,3BName,3BPosX,3BPosY,3BThrSpd,SSName,SSPosX,SSPosY,SSThrSpd,LFName,LFPosX,LFPosY,LFThrSpd,CFName,CFPosX,CFPosY,CFThrSpd,RFName,RFPosX,RFPosY,RFThrSpd,ltSec,lx,lz,cSec,cPos,cPlr,cx,cz,1BSafe,tag,cpSec,sb2Sec,sb3Sec,sbhSec,ass,result
1,1,1,0,0,0,0,0,0,0,0,255,255,255,0,717.832,눈꽃,R,0,140,-1.778,0.778,0.522,1.049,-36.663,4,0,0,0,0,0,0,1,0,0,L,-Alta-,189.7,88.994,0.502,0,91,0,0,0,0,0,0,0,0,0,0,0,0,0,0,0,0,0.368,-36.678,0,Pring__,-0.005,-16.614,0,하루（Haru）,-20.114,-46.978,0,장덕춘_,-13.952,-64.126,0,즉석카레,22.452,-51.143,0,Pugeuk,13.43,-63.574,0,소솨소솨,41.641,-81.835,0,Gonyong,9.015,-106.051,0,AI,-35.7,-81.8,0,0,0,0,0,0,,0,0,0,0,0,0,0,0,0,0
2,1,1,0,0,0,1,0,0,0,0,255,255,255,1,733.535,눈꽃,R,0,140,2.962,-0.284,0.584,1.07,-36.548,1,0,0,0,0,0,0,0,0,0,L,-Alta-,189.7,88.994,0.502,0,91,0,0,0,0,0,0,0,0,0,0,0,0,0,0,0,0,0.386,-37.17,0,Pring__,0.04,-16.622,0,하루（Haru）,-21.423,-48.525,0,장덕춘_,-13.843,-64.354,0,즉석카레,22.428,-51.11,0,Pugeuk,13.368,-63.6,0,소솨소솨,40.359,-79.561,0,Gonyong,10.27,-104.795,0,AI,-35.7,-81.8,0,0,0,0,0,0,,0,0,0,0,0,0,0,0,0,0
3,1,1,0,0,1,1,0,0,0,0,255,255,255,2,745.007,눈꽃,R,6,96,0.072,-0.675,0.164,1.035,-36.681,2,0,417.377,-145.886,26.888,0,0,1,0,0,L,-Alta-,189.7,88.994,0.502,3,91,746.241,133,21,104,92,85,101,150,81,-30,-45.777,0.98,0.007,-0.123,0.059,0,0.303,-36.96,0,Pring__,-0.065,-16.876,0,하루（Haru）,-21.329,-48.31,0,장덕춘_,-14.443,-64.473,0,즉석카레,22.504,-51.362,0,Pugeuk,12.474,-62.633,0,소솨소솨,40.572,-80.309,0,Gonyong,15.054,-116.164,0,AI,-35.7,-81.8,0,746.427,1.269,-22.102,750.772,6,소솨소솨,43.14,-62.215,1,0,0,0,0,0,0,2
4,1,1,0,0,1,0,0,1,0,0,0,255,255,4,800.308,눈꽃,R,0,132,-0.505,0.524,0.203,1.328,-36.347,2,0,0,0,0,0,0,1,1,3,R,ByeolBam,174.9,95.06,0.496,3,90,801.139,118,15,92,69,44,57,141,127,30.268,3.246,0.56,-0.036,-0.058,0.102,0,0.415,-36.9,0,Pring__,-0.026,-16.786,0,하루（Haru）,-18.814,-42.61,0,장덕춘_,-13.104,-64.196,0,즉석카레,22.338,-49.203,0,Pugeuk,9.021,-64.04,0,소솨소솨,36.96,-81.36,0,Gonyong,1.666,-98.742,0,AI,-35.708,-81.807,0,807.527,-15.528,-133.065,809.327,7,Gonyong,-17.218,-125.581,1,0,0,0,0,0,0,2
5,1,1,0,0,0,0,0,0,1,1,255,3,0,5,862.452,눈꽃,R,0,139,-0.167,0.127,0.499,1.114,-36.695,2,0,0,0,0,0,0,1,2,5,R,TaeGeuk_,177.3,88.195,0.58,3,90,863.254,141,20,95,56,0,124,141,93,33.962,38.792,-0.34,-0.003,-0.045,0.018,0,0.305,-37.058,0,Pring__,0.024,-16.714,0,하루（Haru）,-21.387,-49.18,0,장덕춘_,-14.045,-64.341,0,즉석카레,19.743,-43.432,0,Pugeuk,3.937,-66.152,0,소솨소솨,36.282,-76.821,0,Gonyong,-10.115,-105.995,0,Kr_Luna,-42.464,-89.882,0,867.816,-38.02,-84.637,867.983,8,Kr_Luna,-37.012,-82.598,0,0,0,0,0,0,0,1
6,1,1,0,0,0,0,1,0,1,1,255,3,0,6,895.307,눈꽃,R,0,140,3.251,-1.901,0.603,0.953,-36.766,1,0,0,0,0,0.678,-17.514,0,3,8,L,SOM_candy,160,95,0.581,0,90,0,0,0,0,0,0,0,0,0,0,0,0,0,0,0,0,0.372,-36.641,0,Pring__,0.084,-16.777,0,하루（Haru）,-19.92,-47.413,0,장덕춘_,-14.329,-63.992,0,즉석카레,20.165,-45.164,0,Pugeuk,11.065,-62.366,0,소솨소솨,41.797,-79.309,0,Gonyong,17.917,-118.55,0,Kr_Luna,-15.882,-102.605,0,0,0,0,0,0,,0,0,0,0,0,0,0,0,0,0
7,1,1,0,0,1,0,1,0,1,1,255,3,0,7,912.504,눈꽃,R,0,140,-0.061,0.995,0.203,1.29,-36.41,0,0,0,0,0,0,0,1,3,8,L,SOM_candy,160,95,0.581,0,47,0,0,0,0,0,0,0,0,0,0,0,0,0,0,0,0,0.29,-36.841,0,Pring__,0.014,-16.682,0,하루（Haru）,-19.343,-46.172,0,장덕춘_,-14.138,-64.032,0,즉석카레,19.41,-45.916,0,Pugeuk,14.066,-61.112,0,소솨소솨,41.791,-79.329,0,Gonyong,17.961,-118.467,0,Kr_Luna,-15.766,-102.604,0,0,0,0,0,0,,0,0,0,0,0,0,0,0,0,0
8,1,1,0,0,1,1,1,0,1,1,255,3,0,8,949.357,눈꽃,R,3,127,-0.788,0.52,0.408,1.221,-36.519,2,0,-440.267,-65.215,3.483,0,0,1,3,8,L,SOM_candy,160,95,0.581,3,47,950.467,97,10,54,54,30,35,120,105,95.856,72.556,0.34,-0.031,0.048,0.015,0,0.388,-36.97,0,Pring__,0.205,-16.777,0,하루（Haru）,-19.412,-46.388,0,장덕춘_,-14.218,-63.955,0,즉석카레,19.413,-44.698,0,Pugeuk,13.052,-58.469,0,소솨소솨,38.631,-75.106,0,Gonyong,22.79,-119.584,0,Kr_Luna,-18.792,-107.135,0,0,0,0,0,0,,0,0,0,0,0,0,0,0,0,3
9,1,1,0,0,1,2,1,0,1,1,255,3,0,9,968.619,눈꽃,R,2,121,-1.995,0.898,0.364,1.103,-36.642,1,0,-376.612,-328.882,2.505,0,0,0,3,8,L,SOM_candy,160,95,0.581,0,47,0,0,0,0,0,0,0,0,0,0,0,0,0,0,0,0,-0.03,-37.024,0,Pring__,0.004,-16.776,0,하루（Haru）,-20.185,-46.91,0,장덕춘_,-14.04,-63.757,0,즉석카레,19.491,-44.008,0,Pugeuk,17.41,-60.582,0,소솨소솨,39.652,-74.369,0,Gonyong,22.465,-119.15,0,Kr_Luna,-17.506,-110.798,0,0,0,0,0,0,,0,0,0,0,0,0,0,0,0,0
10,1,1,0,0,2,2,1,0,1,1,255,3,0,10,982.686,눈꽃,R,2,122,-1.022,-0.161,0.362,1.174,-36.585,2,0,-390.434,-312.348,9.525,0,0,1,3,8,L,SOM_candy,160,95,0.581,3,47,983.609,87,7,78,41,17,63,132,83,-36.101,-45.398,-0.21,-0.016,-0.004,0.086,0,0.285,-36.853,0,Pring__,-0.011,-16.869,0,하루（Haru）,-20.321,-47.059,0,장덕춘_,-14.043,-63.929,0,즉석카레,19.122,-44.607,0,Pugeuk,15.58,-61.256,0,소솨소솨,42.276,-76.054,0,Gonyong,22.447,-119.177,0,Kr_Luna,-17.612,-110.01,0,983.705,0.578,-19.483,985.838,4,즉석카레,22.085,-40.872,0,0,0,0,0,0,0,2
11,1,1,0,0,2,2,1,0,1,1,255,3,0,11,1001.339,눈꽃,R,1,98,-5.647,-2.444,0.097,1.073,-36.922,3,0,0,0,0.806,-0.759,-20.75,0,3,8,L,SOM_candy,160,95,0.581,0,47,0,0,0,0,0,0,0,0,0,0,0,0,0,0,0,0,-0.066,-37.142,0,Pring__,-0.015,-18.057,0,하루（Haru）,-20.829,-47.037,0,장덕춘_,-14.473,-64.634,0,즉석카레,20.234,-45.475,0,Pugeuk,16.687,-60.954,0,소솨소솨,45.016,-82.345,0,Gonyong,23.348,-115.724,0,Kr_Luna,-18.917,-105.48,0,0,0,0,0,0,,0,0,0,0,0,0,0,0,0,6
12,1,1,0,0,0,0,1,1,1,1,8,3,0,12,1035.391,눈꽃,R,3,124,-1.569,1.209,0.378,1.262,-36.529,1,0,-460.274,-118.489,5.96,0,0,0,4,1,R,HalF_HearteD,175.3,86,0.501,0,90,0,0,0,0,0,0,0,0,0,0,0,0,0,0,0,0,0.027,-37.152,0,Pring__,0.001,-16.442,0,하루（Haru）,-20.576,-47.033,0,장덕춘_,-14.095,-63.911,0,즉석카레,20.112,-46.242,0,Pugeuk,8.724,-63.64,0,소솨소솨,37.367,-82.771,0,Gonyong,0.319,-94.463,0,Kr_Luna,-46.433,-92.27,0,0,0,0,0,0,,0,0,0,0,0,0,0,0,0,0
13,1,1,0,0,1,0,1,1,1,1,8,3,0,13,1049.374,눈꽃,R,9,98,2.531,0.924,0.349,1.162,-36.411,2,0,355.263,-301.64,11.916,0,0,1,4,1,R,HalF_HearteD,175.3,86,0.501,3,90,1050.648,74,15,81,50,34,93,120,76,-7.447,21.869,-0.47,-0.002,-0.072,0.032,0,0.331,-36.918,0,Pring__,-0.005,-16.677,0,하루（Haru）,-20.327,-47.325,0,장덕춘_,-14.105,-63.962,0,즉석카레,20.154,-46.594,0,Pugeuk,8.562,-64.931,0,소솨소솨,37.373,-82.786,0,Gonyong,0.322,-94.518,0,Kr_Luna,-41.2,-93.909,0,1051.127,-2.315,-25.937,1053.36,3,장덕춘_,-13.78,-55.098,0,0,0,0,0,0,0,2
14,1,1,1,0,0,0,2,0,1,1,255,8,3,14,1100.193,눈꽃,R,0,125,-0.577,0.692,0.199,1.321,-36.387,2,0,0,0,0,0,0,1,5,4,R,오그림_,175,94.952,0.503,3,90,1101.243,159,15,98,53,0,105,142,96,91.962,35.926,-0.14,-0.006,-0.018,0.043,0,0.383,-36.811,0,Pring__,-0.01,-16.819,0,하루（Haru）,-20.126,-47.051,0,장덕춘_,-14.221,-63.654,0,즉석카레,19.286,-42.96,0,Pugeuk,8.966,-63.039,0,소솨소솨,36.735,-80.439,0,Gonyong,-6.728,-100.382,0,Kr_Luna,-40.681,-92.428,0,1108.338,4.198,-12.349,1108.472,1,Pring__,4.121,-12.484,0,0,0,0,0,0,0,1
15,1,0,1,0,0,0,0,0,0,0,255,255,255,0,1373.703,-Alta-,L,26,140,0.913,0.808,-0.071,1.843,-36.404,2,0,-115.101,-200,-5.597,0,0,1,0,7,R,Gonyong,175.3,105.12,0.2,3,42,1374.776,101,16,83,67,22,115,139,88,-9.193,7.499,-0.49,-0.023,-0.021,0.02,0,0.557,-37.231,0,HalF_HearteD,0.013,-17.11,0,CAT tourniquet,-20.178,-49.076,0,ByeolBam,-13.095,-62.792,0,오그림_,19.812,-47.662,0,TaeGeuk_,12.528,-59.932,0,Multeinn,36.723,-87.944,0,HANA_ARASHI,-0.841,-116.208,0,SOM_candy,-41.35,-90.38,0,1375.116,-0.636,-25.32,1377.349,3,ByeolBam,-6.219,-61.624,0,0,0,0,0,0,0,2
16,1,0,1,0,0,0,1,0,0,0,255,255,255,1,1400.536,-Alta-,L,26,140,1.21,0.405,-0.064,1.805,-36.386,0,0,-64.577,-180.618,-2.668,0,0,0,1,1,L,Pring__,180.4,95.172,0.482,0,89,0,0,0,0,0,0,0,0,0,0,0,0,0,0,0,0,-0.044,-36.841,0,HalF_HearteD,-0.15,-16.913,0,CAT tourniquet,-20.887,-49.422,0,ByeolBam,-12.749,-62.377,0,오그림_,19.852,-47.74,0,TaeGeuk_,15.799,-61.083,0,Multeinn,36.168,-89.184,0,HANA_ARASHI,1.939,-121.877,0,SOM_candy,-24.523,-110.462,0,0,0,0,0,0,,0,0,0,0,0,0,0,0,0,0
17,1,0,1,0,0,1,1,0,0,0,255,255,255,2,1413.703,-Alta-,L,10,119,3.374,-1.894,0.029,1.664,-36.358,4,0,126.952,400,-8.824,0,0,1,1,1,L,Pring__,180.4,95.172,0.482,0,89,0,0,0,0,0,0,0,0,0,0,0,0,0,0,0,0,0.096,-37.058,0,HalF_HearteD,0.06,-16.867,0,CAT tourniquet,-20.689,-49.508,0,ByeolBam,-12.892,-63.063,0,오그림_,19.791,-47.672,0,TaeGeuk_,15.036,-60.502,0,Multeinn,38.454,-88.367,0,HANA_ARASHI,2.088,-119.215,0,SOM_candy,-36.593,-96.475,0,0,0,0,0,0,,0,0,0,0,0,0,0,0,0,0
18,1,0,1,0,0,2,1,0,0,0,255,255,255,3,1426.633,-Alta-,L,10,128,3.048,-1.299,0.038,1.723,-36.317,2,0,0,400,-12.947,0,0,1,1,1,L,Pring__,180.4,95.172,0.482,3,89,1427.43,127,18,118,79,45,95,150,115,-30,-47.153,0.9,0.022,-0.075,0.061,0,0.471,-36.614,0,HalF_HearteD,0.025,-17.078,0,CAT tourniquet,-20.659,-49.518,0,ByeolBam,-13.071,-62.996,0,오그림_,19.787,-47.672,0,TaeGeuk_,15.509,-61.217,0,Multeinn,37.974,-88.098,0,HANA_ARASHI,0.449,-120.414,0,SOM_candy,-40.82,-91.148,0,1427.583,1.307,-20.648,1429.305,4,오그림_,21.071,-43.181,1,0,0,0,0,0,0,2
19,1,0,1,0,0,0,1,1,0,0,9,255,255,4,1464.627,-Alta-,L,26,134,-0.218,0.917,-0.15,1.844,-36.339,0,0,-73.322,-200,-2.325,0,0,1,2,8,L,Kr_Luna,167.1,90.523,0.497,0,88,0,0,0,0,0,0,0,0,0,0,0,0,0,0,0,0,-0.227,-36.583,0,HalF_HearteD,0.023,-16.869,0,CAT tourniquet,-19.782,-42.111,0,ByeolBam,-12.673,-61.658,0,오그림_,20.26,-48.642,0,TaeGeuk_,13.986,-60.752,0,Multeinn,36.883,-90.268,0,HANA_ARASHI,1.108,-121.367,0,SOM_candy,-37.674,-86.442,0,0,0,0,0,0,,0,0,0,0,0,0,0,0,0,0
20,1,0,1,0,0,1,1,1,0,0,9,255,255,5,1479.879,-Alta-,L,0,140,14.289,-2.852,0.376,1.227,-36.275,1,0,0,0,-1.952,1.176,-30.677,0,2,8,L,Kr_Luna,167.1,90.523,0.497,0,88,0,0,0,0,0,0,0,0,0,0,0,0,0,0,0,0,0.374,-37.067,0,HalF_HearteD,0.041,-16.995,0,CAT tourniquet,-20.284,-44.262,0,ByeolBam,-12.244,-61.1,0,오그림_,19.487,-47.971,0,TaeGeuk_,10.946,-62.462,0,Multeinn,32.907,-83.701,0,HANA_ARASHI,5.309,-122.092,0,SOM_candy,-36.525,-83.87,0,0,0,0,0,0,,0,0,0,0,0,0,0,0,0,0
21,1,0,1,0,1,1,1,0,1,0,255,10,255,6,1507.881,-Alta-,L,5,118,-2.517,1.903,-0.326,1.977,-36.687,1,0,88.446,0,-0.567,0,0,0,2,8,L,Kr_Luna,167.1,90.523,0.497,0,88,0,0,0,0,0,0,0,0,0,0,0,0,0,0,0,0,-0.155,-37.543,0,HalF_HearteD,-0.025,-16.7,0,CAT tourniquet,-21.8,-48.779,0,ByeolBam,-8.938,-61.773,0,오그림_,19.639,-47.188,0,TaeGeuk_,13.028,-61.01,0,Multeinn,40.352,-87.939,0,HANA_ARASHI,6.325,-119.875,0,SOM_candy,-37.024,-88.386,0,0,0,0,0,0,,0,0,0,0,0,0,0,0,0,0
22,1,0,1,0,2,1,1,0,1,0,255,10,255,7,1545.376,-Alta-,L,0,0,0,0,0,0,0,0,0,0,0,0,0,0,0,2,8,L,Kr_Luna,167.1,90.523,0.497,0,88,0,0,0,0,0,0,0,0,0,0,0,0,0,0,0,0,0,0,0,,0,0,0,,0,0,0,,0,0,0,,0,0,0,,0,0,0,,0,0,0,,0,0,0,,0,0,0,0,0,0,0,0,,0,0,0,0,0,0,0,0,0,0
23,1,0,1,0,2,1,1,0,1,0,255,10,255,7,1663.831,-Alta-,L,3,112,-0.984,1.059,-0.314,1.898,-36.636,0,0,403.33,10.487,-4.857,0,0,0,2,8,L,Kr_Luna,167.1,90.523,0.497,0,87,0,0,0,0,0,0,0,0,0,0,0,0,0,0,0,0,0.112,-36.925,0,HalF_HearteD,0.033,-16.687,0,CAT tourniquet,-20.122,-48.975,0,ByeolBam,-11.549,-63.707,0,오그림_,18.436,-46.152,0,TaeGeuk_,10.745,-58.98,0,Multeinn,37.532,-85.587,0,HANA_ARASHI,5.994,-121.852,0,SOM_candy,-35.7,-87.407,0,0,0,0,0,0,,0,0,0,0,0,0,0,0,0,0
24,1,0,1,0,2,2,1,0,1,0,255,10,255,8,1680.363,-Alta-,L,3,109,-0.873,0.745,-0.44,1.921,-36.837,2,0,339.433,0,-6.115,0,0,1,2,8,L,Kr_Luna,167.1,90.523,0.497,2,87,1681.325,228,22,114,54,20,205,150,103,9.919,-23.033,0.08,-0.018,0.003,0.305,0,0.364,-36.888,0,HalF_HearteD,-0.005,-17.008,0,CAT tourniquet,-20.204,-49.028,0,ByeolBam,-12.118,-62.84,0,오그림_,18.405,-46.117,0,TaeGeuk_,14.207,-58.24,0,Multeinn,35.326,-90.382,0,HANA_ARASHI,7.885,-120.349,0,SOM_candy,-35.311,-84.035,0,1683.516,24.73,-65.338,1684.949,6,Multeinn,35.789,-78.966,1,4,0,0,0,0,0,2
25,1,0,1,1,0,0,2,0,0,0,255,255,255,9,1745.93,-Alta-,L,26,140,3.571,-0.421,0.088,1.704,-36.344,1,0,-109.194,-186.392,-4.626,1.278,-17.031,0,3,2,R,하루（Haru）,190,94.522,0.55,0,86,0,0,0,0,0,0,0,0,0,0,0,0,0,0,0,0,0.418,-37.003,0,HalF_HearteD,0.06,-16.87,0,CAT tourniquet,-21.098,-48.875,0,ByeolBam,-13.926,-63.31,0,오그림_,19.852,-48.64,0,TaeGeuk_,13.506,-61.555,0,Multeinn,36.842,-87.052,0,HANA_ARASHI,-8.173,-118.583,0,SOM_candy,-38.408,-92.507,0,0,0,0,0,0,,0,0,0,0,0,0,0,0,0,0
26,1,0,1,1,1,0,2,0,0,0,255,255,255,10,1761.506,-Alta-,L,26,140,-0.43,0.705,-0.147,1.846,-36.462,2,0,-151.447,-200,-2.559,0,0,1,3,2,R,하루（Haru）,190,94.522,0.55,3,86,1762.422,98,17,78,77,20,120,139,109,26.859,25.863,0.94,-0.002,0.017,0.151,0,0.436,-36.711,0,HalF_HearteD,0.068,-17.056,0,CAT tourniquet,-21.023,-48.797,0,ByeolBam,-13.805,-63.421,0,오그림_,19.885,-48.288,0,TaeGeuk_,12.559,-63.89,0,Multeinn,35.973,-87.544,0,HANA_ARASHI,-11.552,-121.699,0,SOM_candy,-36.647,-86.712,0,1767.049,-52.338,-94.142,1769.027,8,SOM_candy,-55.465,-99.848,1,0,0,0,0,0,0,2
27,1,0,1,1,0,0,2,0,1,0,255,11,255,11,1804.052,-Alta-,L,10,118,0.88,-1.502,-0.095,1.732,-36.321,1,0,0,400,-5.716,0.191,-17.101,0,4,3,R,장덕춘_,160,100.177,0.548,0,86,0,0,0,0,0,0,0,0,0,0,0,0,0,0,0,0,0.265,-36.963,0,HalF_HearteD,0.064,-16.84,0,CAT tourniquet,-20.758,-48.228,0,ByeolBam,-12.988,-62.486,0,오그림_,20.669,-48.618,0,TaeGeuk_,14.308,-60.052,0,Multeinn,38.805,-83.234,0,HANA_ARASHI,-11.081,-124.456,0,SOM_candy,-40.109,-90.358,0,0,0,0,0,0,,0,0,0,0,0,0,0,0,0,0
28,1,0,1,1,1,0,2,0,1,0,255,11,255,12,1821.077,-Alta-,L,26,140,4.802,-2.782,0.165,1.431,-36.167,4,0,-63.823,-178.365,-6.67,0.842,-21.95,1,4,3,R,장덕춘_,160,100.177,0.548,0,86,0,0,0,0,0,0,0,0,0,0,0,0,0,0,0,0,0.297,-36.899,0,HalF_HearteD,0.539,-17.345,0,CAT tourniquet,-20.621,-48.311,0,ByeolBam,-12.827,-62.592,0,오그림_,20.477,-48.219,0,TaeGeuk_,10.847,-58.569,0,Multeinn,37.288,-82.635,0,HANA_ARASHI,-12.139,-123.892,0,SOM_candy,-40.129,-89.213,0,0,0,0,0,0,,0,0,0,0,0,0,0,0,0,0
29,1,0,1,1,1,1,2,0,1,0,255,11,255,13,1843.892,-Alta-,L,27,126,-1.035,1.715,-0.2,1.922,-36.427,2,0,-59.599,-114.262,-0.1,0,0,1,4,3,R,장덕춘_,160,100.177,0.548,3,47,1844.734,57,12,73,55,34,77,86,75,91.997,-76.632,0.93,-0.026,-0.001,0.069,0,0.427,-36.827,0,HalF_HearteD,0.02,-17.005,0,CAT tourniquet,-20.593,-48.314,0,ByeolBam,-12.358,-62.633,0,오그림_,20.022,-47.457,0,TaeGeuk_,15.079,-59.905,0,Multeinn,33.675,-80.918,0,HANA_ARASHI,-3.26,-126.531,0,SOM_candy,-42.389,-87.951,0,1850.76,-10.02,-13.217,1850.938,1,HalF_HearteD,-9.763,-13.373,0,0,0,0,0,0,0,1
30,2,1,1,1,0,0,0,0,0,0,255,255,255,15,1899.201,눈꽃,R,0,126,-0.609,0.608,0.415,1.074,-36.634,2,0,0,0,0,0,0,1,6,7,R,HANA_ARASHI,169.5,86,0.254,3,86,1900.109,172,11,106,37,21,125,142,123,25.059,47.074,0.33,0.009,-0.089,0.239,0,0.37,-37.126,0,Pring__,0.012,-16.898,0,하루（Haru）,-20.957,-48.581,0,장덕춘_,-14.105,-64.24,0,즉석카레,22.709,-49.074,0,Pugeuk,12.895,-64.454,0,소솨소솨,36.54,-82.911,0,Gonyong,-11.22,-107.153,0,Kr_Luna,-39.93,-90.866,0,0,0,0,0,0,,0,0,0,0,0,0,0,0,0,3
31,2,1,1,1,0,1,0,0,0,0,255,255,255,16,1918.07,눈꽃,R,5,125,-0.852,-2.11,0.411,1,-36.738,4,0,-148.132,0,-3.573,-0.348,-16.988,1,6,7,R,HANA_ARASHI,169.5,86,0.254,0,49,0,0,0,0,0,0,0,0,0,0,0,0,0,0,0,0,0.452,-37.133,0,Pring__,-0.088,-17.04,0,하루（Haru）,-20.81,-48.807,0,장덕춘_,-14.707,-63.502,0,즉석카레,22.255,-48.202,0,Pugeuk,9.094,-63.324,0,소솨소솨,40.458,-82.129,0,Gonyong,-11.242,-108.04,0,Kr_Luna,-46.486,-89.563,0,0,0,0,0,0,,0,0,0,0,0,0,0,0,0,0
32,2,1,1,1,0,2,0,0,0,0,255,255,255,17,1930.899,눈꽃,R,0,140,1.835,0.117,0.525,1.098,-36.769,4,0,0,0,0,0,0,1,6,7,R,HANA_ARASHI,169.5,86,0.254,0,49,0,0,0,0,0,0,0,0,0,0,0,0,0,0,0,0,0.389,-37.057,0,Pring__,0.054,-16.722,0,하루（Haru）,-20.918,-47.596,0,장덕춘_,-14.725,-63.55,0,즉석카레,22.741,-48.643,0,Pugeuk,9.054,-62.999,0,소솨소솨,40.447,-82.171,0,Gonyong,-11.243,-108.014,0,Kr_Luna,-46.492,-89.563,0,0,0,0,0,0,,0,0,0,0,0,0,0,0,0,0
33,2,1,1,1,0,0,1,0,0,0,255,255,255,18,2026.463,눈꽃,R,4,120,-0.168,-0.495,0.412,1.112,-36.505,0,0,-171.389,0,1.7,0,0,0,7,2,L,CAT tourniquet,190,94.616,0.357,0,86,0,0,0,0,0,0,0,0,0,0,0,0,0,0,0,0,0.484,-36.994,0,Pring__,-0.084,-16.67,0,하루（Haru）,-20.574,-47.622,0,장덕춘_,-13.885,-63.734,0,즉석카레,22.443,-49.802,0,Pugeuk,11.408,-62.978,0,소솨소솨,39.435,-80.154,0,Gonyong,8.963,-114.396,0,Kr_Luna,-42.902,-94.543,0,0,0,0,0,0,,0,0,0,0,0,0,0,0,0,0
34,2,1,1,1,0,1,1,0,0,0,255,255,255,19,2043.458,눈꽃,R,0,135,-2.16,-0.082,0.314,1.133,-36.585,2,0,0,0,0,0,0,1,7,2,L,CAT tourniquet,190,94.616,0.357,2,86,2044.365,163,8,102,37,12,255,141,94,44.739,-27.559,-0.52,-0.076,0.107,0.142,0,0.282,-37.07,0,Pring__,-0.385,-16.737,0,하루（Haru）,-19.67,-47.535,0,장덕춘_,-13.862,-64.057,0,즉석카레,23.186,-50.618,0,Pugeuk,11.427,-63.034,0,소솨소솨,40.744,-77.281,0,Gonyong,8.933,-114.384,0,Kr_Luna,-45.318,-95.609,0,0,0,0,2050.061,6,소솨소솨,37.153,-76.388,0,0,0,0,0,0,0,1
35,2,1,1,1,0,0,2,0,0,0,255,255,255,20,2070.502,눈꽃,R,9,98,2.405,1.565,0.371,1.187,-36.514,2,0,347.842,-312.348,23.616,0,0,1,8,6,R,Multeinn,160,94.946,0.498,3,86,2071.443,191,8,85,51,10,74,140,40,100.706,6.783,0.36,-0.047,-0.059,0.185,0,0.577,-37.06,0,Pring__,0.016,-16.66,0,하루（Haru）,-20.483,-47.559,0,장덕춘_,-14.794,-63.754,0,즉석카레,23.339,-50.881,0,Pugeuk,14.824,-63.999,0,소솨소솨,40.824,-81.863,0,Gonyong,0.03,-112.044,0,Kr_Luna,-42.617,-90.231,0,2076.294,1.314,-12.093,0,0,,0,0,0,0,0,0,0,0,0,3
36,2,1,1,1,0,1,2,0,0,0,255,255,255,21,2094.254,눈꽃,R,3,127,-2.351,0.48,0.259,1.257,-36.328,2,0,-281.518,-28.322,11.374,0,0,1,8,6,R,Multeinn,160,94.946,0.498,3,86,2095.244,87,14,57,56,45,55,120,90,95.292,-80.543,0.93,-0.114,-0.064,0.029,0,0.239,-36.828,0,Pring__,-0.129,-16.652,0,하루（Haru）,-20.253,-46.904,0,장덕춘_,-14.77,-63.537,0,즉석카레,22.211,-48.512,0,Pugeuk,9.737,-62.816,0,소솨소솨,40.654,-80.856,0,Gonyong,-0.111,-108.358,0,Kr_Luna,-42.512,-90.071,0,0,0,0,0,0,,0,0,0,0,0,0,0,0,0,3
37,2,1,1,1,0,2,2,0,0,0,255,255,255,22,2111.77,눈꽃,R,0,132,-29.213,-1.172,0.162,1.314,-36.284,2,0,0,0,0,0,0,1,8,6,R,Multeinn,160,94.946,0.498,3,32,2112.644,102,16,80,39,23,91,134,122,-30,16.247,0.48,-0.054,-0.028,0.121,0,0.377,-36.595,0,Pring__,-0.078,-16.79,0,하루（Haru）,-20.371,-47.61,0,장덕춘_,-14.506,-64.22,0,즉석카레,22.004,-49.918,0,Pugeuk,6.901,-63.258,0,소솨소솨,40.303,-81.036,0,Gonyong,-1.554,-108.147,0,Kr_Luna,-45.036,-89.607,0,2112.749,-0.458,-20.066,2119.949,7,Gonyong,-25.334,-123.007,1,0,0,0,0,0,0,2
38,2,1,1,1,0,0,2,0,0,1,255,255,6,23,2167.23,눈꽃,R,15,93,-2.498,1.16,0.015,1.084,-36.698,1,0,0,-400,26.008,0,0,0,0,0,L,-Alta-,189.7,88.994,0.502,0,86,0,0,0,0,0,0,0,0,0,0,0,0,0,0,0,0,0.05,-37.246,0,Pring__,0.028,-16.811,0,하루（Haru）,-19.451,-45.227,0,장덕춘_,-14.65,-64.1,0,즉석카레,24.249,-48.964,0,Pugeuk,12.861,-63.451,0,소솨소솨,41.222,-80.565,0,Gonyong,16.407,-123.896,0,Kr_Luna,-18.152,-112.26,0,0,0,0,0,0,,0,0,0,0,0,0,0,0,0,0
39,2,1,1,1,1,0,2,0,0,1,255,255,6,24,2182.494,눈꽃,R,0,115,-0.807,0.213,0.6,0.843,-37.07,0,0,0,0,-3.611,0,0,0,0,0,L,-Alta-,189.7,88.994,0.502,0,86,0,0,0,0,0,0,0,0,0,0,0,0,0,0,0,0,0.232,-37.123,0,Pring__,0.055,-16.77,0,하루（Haru）,-18.333,-46.174,0,장덕춘_,-14.579,-63.345,0,즉석카레,23.515,-48.978,0,Pugeuk,11.396,-63.85,0,소솨소솨,42.237,-81.536,0,Gonyong,13.439,-115.422,0,Kr_Luna,-40.219,-101.705,0,0,0,0,0,0,,0,0,0,0,0,0,0,0,0,0
40,2,1,1,1,1,1,2,0,0,1,255,255,6,25,2196.983,눈꽃,R,9,97,-0.24,1.149,0.221,1.21,-36.461,2,0,330.212,-331.322,3.394,0,0,1,0,0,L,-Alta-,189.7,88.994,0.502,3,86,2198.125,178,15,113,103,30,146,150,115,35.057,-31.28,0.14,0.04,-0.08,0.121,0,0.222,-37.016,0,Pring__,-0.004,-16.978,0,하루（Haru）,-17.157,-46.155,0,장덕춘_,-11.386,-60.836,0,즉석카레,24.126,-50.959,0,Pugeuk,-16.989,-57.88,0,소솨소솨,41.176,-81.521,0,Gonyong,12.334,-115.495,0,Kr_Luna,-37.752,-101.625,0,2203.638,56.36,-102.336,2204.738,6,소솨소솨,54.304,-100.829,1,0,0,0,0,0,0,2
41,2,1,2,1,0,0,2,0,1,0,255,0,255,26,2229.124,눈꽃,R,2,116,0.116,0.325,0.475,1.074,-36.795,2,0,-390.434,-312.348,6.68,0,0,1,1,3,R,ByeolBam,174.9,95.06,0.496,3,86,2230.066,86,26,75,103,65,147,135,103,26.5,45.038,0.92,-0.065,-0.069,0,0,0.243,-36.678,0,Pring__,0.024,-16.763,0,하루（Haru）,-19.547,-46.862,0,장덕춘_,-14.222,-63.662,0,즉석카레,21.174,-46.511,0,Pugeuk,11.529,-64.777,0,소솨소솨,40.651,-83.241,0,Gonyong,0.165,-122.893,0,Kr_Luna,-41.166,-105.096,0,2235.149,-63.185,-72.19,0,0,,0,0,0,0,0,0,0,0,0,3
42,2,1,2,1,0,1,2,0,1,0,255,0,255,27,2245.987,눈꽃,R,0,122,-0.456,-0.423,0.43,1.001,-36.694,2,0,0,0,0,0,0,1,1,3,R,ByeolBam,174.9,95.06,0.496,3,76,2246.902,151,18,104,74,40,127,150,128,25.227,1.313,0.44,-0.061,-0.12,0.028,0,0.184,-36.932,0,Pring__,0.017,-16.656,0,하루（Haru）,-21.069,-48.938,0,장덕춘_,-14.357,-65.481,0,즉석카레,20.402,-47.025,0,Pugeuk,6.361,-65.91,0,소솨소솨,40.523,-83.032,0,Gonyong,0.202,-122.818,0,Kr_Luna,-44.706,-93.059,0,2252.038,-21.924,-131.172,2256.849,7,Gonyong,-5.191,-124.468,1,0,0,0,0,0,0,2
43,2,1,3,1,0,0,2,0,0,1,255,255,3,28,2288.184,눈꽃,R,0,137,0.626,-0.074,0.401,1.155,-36.567,0,0,0,0,0,0,0,1,2,5,R,TaeGeuk_,177.3,88.195,0.56,0,86,0,0,0,0,0,0,0,0,0,0,0,0,0,0,0,0,0.327,-36.825,0,Pring__,0.014,-16.726,0,하루（Haru）,-19.605,-47.081,0,장덕춘_,-14.366,-64.087,0,즉석카레,19.797,-45.35,0,Pugeuk,10.909,-62.264,0,소솨소솨,42.285,-87.67,0,Gonyong,-11.466,-101.094,0,Kr_Luna,-39.959,-93.615,0,0,0,0,0,0,,0,0,0,0,0,0,0,0,0,0
44,2,1,3,1,0,1,2,0,0,1,255,255,3,29,2303.804,눈꽃,R,0,140,0.087,1.291,0.381,1.294,-36.514,2,0,0,0,0,0,0,1,2,5,R,TaeGeuk_,177.3,88.195,0.56,3,86,2304.593,198,6,69,37,18,81,137,113,107.282,-20.589,0.19,0.016,-0.08,0.004,0,0.358,-36.962,0,Pring__,-0.028,-16.822,0,하루（Haru）,-19.481,-47.472,0,장덕춘_,-14.543,-63.984,0,즉석카레,18.842,-42.651,0,Pugeuk,11.217,-63.144,0,소솨소솨,42.063,-85.658,0,Gonyong,-11.132,-102.522,0,Kr_Luna,-39.881,-93.631,0,0,0,0,0,0,,0,0,0,0,0,0,0,0,0,3
45,2,1,3,1,0,2,2,0,0,1,255,255,3,30,2322.211,눈꽃,R,0,140,3.251,-0.38,0.625,1.05,-36.895,4,0,0,0,0,0.854,-20.705,1,2,5,R,TaeGeuk_,177.3,88.195,0.56,0,86,0,0,0,0,0,0,0,0,0,0,0,0,0,0,0,0,0.089,-37.01,0,Pring__,0.115,-18.039,0,하루（Haru）,-19.354,-47.108,0,장덕춘_,-14.597,-64.045,0,즉석카레,19.965,-43.776,0,Pugeuk,8.452,-62.632,0,소솨소솨,43.468,-86.503,0,Gonyong,-11.95,-104.701,0,Kr_Luna,-45.113,-90.557,0,0,0,0,0,0,,0,0,0,0,0,0,0,0,0,0
46,2,0,3,1,0,0,0,0,0,0,255,255,255,14,2397.629,-Alta-,L,3,112,-2.06,0.804,-0.364,1.929,-36.759,2,0,406.363,247.811,-2.544,0,0,1,5,6,R,소솨소솨,174.6,95.196,0.5,2,52,2398.728,146,28,163,94,67,255,150,112,-30,13.249,0.93,-0.021,-0.03,0.06,0,0.449,-37.281,0,HalF_HearteD,0.01,-16.622,0,CAT tourniquet,-20.921,-48.837,0,ByeolBam,-13.707,-63.349,0,오그림_,18.884,-47.325,0,TaeGeuk_,12.603,-60.332,0,Multeinn,40.164,-86.041,0,HANA_ARASHI,-9.112,-122.113,0,SOM_candy,-42.482,-90.047,0,2398.905,-0.863,-23.112,2400.883,3,ByeolBam,-9.611,-60.177,0,0,0,0,0,0,0,2
47,2,0,3,1,0,0,1,0,0,0,255,255,255,15,2428.439,-Alta-,L,3,117,-0.393,-0.131,-0.259,1.814,-36.559,0,0,416.876,180.172,-1.126,0,0,0,6,5,R,Pugeuk,160,91.054,0.548,0,86,0,0,0,0,0,0,0,0,0,0,0,0,0,0,0,0,0.392,-37.078,0,HalF_HearteD,0.038,-16.385,0,CAT tourniquet,-21.489,-48.631,0,ByeolBam,-13.246,-63.895,0,오그림_,18.698,-47.418,0,TaeGeuk_,10.841,-60.343,0,Multeinn,40.349,-88.27,0,HANA_ARASHI,2.473,-117.104,0,SOM_candy,-43.512,-89.947,0,0,0,0,0,0,,0,0,0,0,0,0,0,0,0,0
48,2,0,3,1,0,1,1,0,0,0,255,255,255,16,2442.903,-Alta-,L,0,129,2.2,-0.09,-0.004,1.787,-36.403,1,0,-45.076,33.863,-16.31,0,0,0,6,5,R,Pugeuk,160,91.054,0.548,0,86,0,0,0,0,0,0,0,0,0,0,0,0,0,0,0,0,0.194,-37.139,0,HalF_HearteD,0.045,-16.531,0,CAT tourniquet,-22.965,-51.613,0,ByeolBam,-13.282,-63.917,0,오그림_,18.652,-47.379,0,TaeGeuk_,11.667,-60.706,0,Multeinn,35.501,-86.895,0,HANA_ARASHI,-1.391,-117.907,0,SOM_candy,-42.994,-89.97,0,0,0,0,0,0,,0,0,0,0,0,0,0,0,0,0
49,2,0,3,1,1,1,1,0,0,0,255,255,255,17,2457.074,-Alta-,L,10,119,1.417,0.043,-0.016,1.977,-36.739,2,0,0,275.287,-9.685,0,0,1,6,5,R,Pugeuk,160,91.054,0.548,3,86,2458.349,168,7,104,38,10,189,141,89,-35.168,3.394,-0.23,-0.004,-0.003,0.271,0,0.256,-36.652,0,HalF_HearteD,0.044,-16.627,0,CAT tourniquet,-21.431,-49.124,0,ByeolBam,-13.297,-63.885,0,오그림_,18.632,-47.364,0,TaeGeuk_,13.987,-60.073,0,Multeinn,36.69,-87.916,0,HANA_ARASHI,-1.822,-116.872,0,SOM_candy,-43.665,-93.322,0,2458.46,0.227,-20.306,2461.416,3,ByeolBam,-2.341,-64.493,0,64,0,0,0,0,0,2
50,2,0,3,1,0,0,2,0,0,0,255,255,255,18,2487.065,-Alta-,L,38,90,-33.16,60.522,-0.13,1.821,-37.694,1,0,-9.383,-9.008,-0.806,-21.627,22.281,0,7,4,R,즉석카레,180.4,95,0.404,0,86,0,0,0,0,0,0,0,0,0,0,0,0,0,0,0,0,0.383,-36.737,0,HalF_HearteD,0.088,-16.558,0,CAT tourniquet,-21.346,-48.025,0,ByeolBam,-13.706,-64.053,0,오그림_,18.743,-48.145,0,TaeGeuk_,10.14,-63.375,0,Multeinn,36.439,-84.553,0,HANA_ARASHI,-0.399,-120.887,0,SOM_candy,-38.928,-86.476,0,0,0,0,0,0,,0,0,0,0,0,0,0,0,0,0
51,2,0,3,1,1,0,2,0,0,0,255,255,255,19,2508.628,-Alta-,L,26,130,1.898,0.649,-0.02,1.83,-36.368,1,0,-63.283,-183.533,-5.367,0,0,0,7,4,R,즉석카레,180.4,95,0.404,0,36,0,0,0,0,0,0,0,0,0,0,0,0,0,0,0,0,0.038,-36.962,0,HalF_HearteD,0.056,-16.73,0,CAT tourniquet,-21.298,-48.704,0,ByeolBam,-13.675,-64.01,0,오그림_,18.637,-48.043,0,TaeGeuk_,11.131,-64.526,0,Multeinn,36.289,-83.25,0,HANA_ARASHI,4.552,-120.905,0,SOM_candy,-44.971,-92.395,0,0,0,0,0,0,,0,0,0,0,0,0,0,0,0,0
52,2,0,3,1,2,0,2,0,0,0,255,255,255,20,2521.925,-Alta-,L,10,114,0.436,1.031,-0.122,2.004,-36.563,2,0,0,400,-4.629,0,0,1,7,4,R,즉석카레,180.4,95,0.404,2,36,2522.837,255,13,57,70,89,233,138,129,-30,30.374,0.6,-0.093,-0.004,0.049,0,0.338,-36.928,0,HalF_HearteD,0.034,-16.851,0,CAT tourniquet,-22.688,-49.583,0,ByeolBam,-13.846,-63.833,0,오그림_,18.595,-48.012,0,TaeGeuk_,11.769,-62.62,0,Multeinn,35.647,-83.25,0,HANA_ARASHI,4.472,-120.244,0,SOM_candy,-44.648,-92.424,0,2522.994,-1.173,-22.93,2526.061,8,SOM_candy,-35.498,-82.106,1,0,0,0,0,0,0,2
53,2,0,3,1,0,0,2,1,0,0,13,255,255,21,2553.929,-Alta-,L,0,129,3.765,-1.216,0.083,1.633,-36.307,1,0,0,0,-3.64,0,0,0,8,0,L,눈꽃,190,100.172,0.496,0,86,0,0,0,0,0,0,0,0,0,0,0,0,0,0,0,0,0.387,-37.097,0,HalF_HearteD,0,-16.427,0,CAT tourniquet,-19.595,-45.636,0,ByeolBam,-12.472,-61.821,0,오그림_,20.138,-47.899,0,TaeGeuk_,15.014,-60.634,0,Multeinn,37.14,-83.802,0,HANA_ARASHI,2.032,-120.022,0,SOM_candy,-35.82,-99.303,0,0,0,0,0,0,,0,0,0,0,0,0,0,0,0,0
54,2,0,3,1,1,0,2,1,0,0,13,255,255,22,2569.918,-Alta-,L,28,135,2.288,-0.964,-0.002,1.649,-36.269,2,0,-34.108,-95.447,-0.774,0,0,0,8,0,L,눈꽃,190,100.172,0.496,3,86,2571.066,121,28,107,84,24,138,147,116,-30,26.812,0.93,0.055,0.009,0.05,0,0.439,-36.762,0,HalF_HearteD,-0.025,-16.662,0,CAT tourniquet,-20.706,-44.06,0,ByeolBam,-13.713,-62.502,0,오그림_,19.57,-48.102,0,TaeGeuk_,13.411,-64.137,0,Multeinn,34.97,-88.739,0,HANA_ARASHI,1.689,-121.294,0,SOM_candy,-39.096,-94.557,0,2571.049,0.064,-21.463,2574.405,8,SOM_candy,-38.335,-81.568,1,0,0,0,0,0,0,2
55,2,0,3,1,0,0,2,1,1,0,255,13,255,23,2605.995,-Alta-,L,27,123,0.629,0.468,-0.103,1.814,-36.393,2,0,-33.265,-123.145,-0.945,0,0,1,0,7,R,Gonyong,175.3,105.12,0.2,3,42,2607.073,64,19,109,73,50,110,120,117,25.301,1.586,0.54,-0.057,-0.003,0.075,0,0.173,-36.8,0,HalF_HearteD,-0.023,-16.984,0,CAT tourniquet,-20.053,-46.364,0,ByeolBam,-11.792,-62.609,0,오그림_,20.466,-48.03,0,TaeGeuk_,13.385,-62.182,0,Multeinn,38.045,-86.172,0,HANA_ARASHI,3.852,-122.121,0,SOM_candy,-42.656,-93.462,0,2611.516,3.481,-115.925,2611.627,7,HANA_ARASHI,3.161,-112.283,0,0,0,0,0,0,0,1
56,3,1,3,1,0,0,0,0,0,0,255,255,255,31,2652.476,눈꽃,R,0,128,-1.272,0.121,0.344,1.189,-36.609,2,0,0,0,0,0,0,1,3,8,L,SOM_candy,160,95,0.581,3,86,2653.403,3,0,10,10,10,10,1,30,-20,-30.584,0.08,0.003,-0.001,0.012,1,0.334,-37.14,0,Pring__,-0.07,-17.189,0,하루（Haru）,-20.99,-49.226,0,장덕춘_,-14.652,-63.76,0,즉석카레,20.851,-46.559,0,Pugeuk,9.883,-65.705,0,소솨소솨,46.502,-84.547,0,Gonyong,20.106,-116.844,0,Kr_Luna,-24.437,-104.883,0,2653.883,1.486,-22.176,2655.694,0,눈꽃,6.259,-34.088,0,0,0,0,0,0,0,2
57,3,1,3,1,0,0,1,0,0,0,255,255,255,32,2728.113,눈꽃,R,0,132,-2.968,0.811,0.273,1.199,-36.475,1,0,0,0,0,0,0,0,4,1,R,HalF_HearteD,175.3,86,0.501,0,86,0,0,0,0,0,0,0,0,0,0,0,0,0,0,0,0,0.298,-36.663,0,Pring__,0.017,-16.526,0,하루（Haru）,-20.183,-46.582,0,장덕춘_,-14.277,-64.085,0,즉석카레,21.819,-49.944,0,Pugeuk,10.214,-61.751,0,소솨소솨,39.916,-88.323,0,Gonyong,0.346,-91.945,0,Kr_Luna,-46.284,-89.714,0,0,0,0,0,0,,0,0,0,0,0,0,0,0,0,0
58,3,1,3,1,1,0,1,0,0,0,255,255,255,33,2742.657,눈꽃,R,0,128,0.161,-0.154,0.312,1.236,-36.465,0,0,0,0,0,0,0,0,4,1,R,HalF_HearteD,175.3,86,0.501,0,86,0,0,0,0,0,0,0,0,0,0,0,0,0,0,0,0,0.401,-36.909,0,Pring__,-0.008,-16.617,0,하루（Haru）,-20.181,-45.256,0,장덕춘_,-14.284,-64.006,0,즉석카레,21.994,-49.262,0,Pugeuk,8.299,-63.49,0,소솨소솨,39.893,-88.348,0,Gonyong,0.443,-92.025,0,Kr_Luna,-39.479,-97.084,0,0,0,0,0,0,,0,0,0,0,0,0,0,0,0,0
59,3,1,3,1,1,1,1,0,0,0,255,255,255,34,2756.104,눈꽃,R,15,99,-1.633,0.781,0.218,1.082,-36.438,4,0,0,-400,36.779,0,0,1,4,1,R,HalF_HearteD,175.3,86,0.501,0,86,0,0,0,0,0,0,0,0,0,0,0,0,0,0,0,0,0.478,-36.904,0,Pring__,0.01,-16.558,0,하루（Haru）,-19.389,-44.569,0,장덕춘_,-14.338,-64.119,0,즉석카레,22.092,-49.557,0,Pugeuk,7.158,-63.651,0,소솨소솨,39.915,-88.365,0,Gonyong,0.471,-91.929,0,Kr_Luna,-38.15,-98.317,0,0,0,0,0,0,,0,0,0,0,0,0,0,0,0,0
60,3,1,3,1,1,2,1,0,0,0,255,255,255,35,2769.865,눈꽃,R,0,121,-0.646,0.237,0.436,1.034,-36.635,2,0,0,0,0,0,0,1,4,1,R,HalF_HearteD,175.3,86,0.501,3,86,2770.792,162,24,90,45,0,95,140,112,-30,18.229,0.92,-0.034,-0.047,0.042,0,0.385,-36.986,0,Pring__,-0.039,-16.785,0,하루（Haru）,-19.781,-46.38,0,장덕춘_,-14.362,-64.105,0,즉석카레,21.881,-49.724,0,Pugeuk,7.528,-63.595,0,소솨소솨,40.172,-88.302,0,Gonyong,0.447,-91.906,0,Kr_Luna,-38.252,-98.311,0,2770.983,-0.685,-19.827,2773.149,3,장덕춘_,-13.459,-58.338,0,0,0,0,0,0,0,2
61,3,1,3,1,0,0,2,0,0,0,255,255,255,36,2793.965,눈꽃,R,0,140,-0.225,0.621,0.357,1.227,-36.533,2,0,0,0,0,0,0,1,5,4,R,오그림_,175,94.952,0.503,3,86,2795.031,116,13,84,36,0,106,136,105,25.134,31.378,0.9,-0.044,-0.029,0.048,0,0.408,-36.924,0,Pring__,-0.082,-16.912,0,하루（Haru）,-19.96,-47.633,0,장덕춘_,-14.463,-63.344,0,즉석카레,22.177,-51.207,0,Pugeuk,8.492,-63.367,0,소솨소솨,38.32,-85.216,0,Gonyong,-10.725,-98.458,0,Kr_Luna,-41.76,-90.76,0,0,0,0,2795.483,1,Pring__,-0.107,-17.758,0,0,0,0,0,0,0,3
62,3,1,3,1,0,1,2,0,0,0,255,255,255,37,2817.432,눈꽃,R,5,128,-0.166,-0.359,0.303,1.244,-36.494,2,0,-51.349,0,6.883,0,0,1,5,4,R,오그림_,175,94.952,0.503,3,47,2818.419,125,17,99,65,31,125,142,99,-24.435,-24.613,-0.01,-0.081,-0.051,0.031,0,0.242,-36.987,0,Pring__,0.025,-16.837,0,하루（Haru）,-20.542,-47.342,0,장덕춘_,-14.435,-63.469,0,즉석카레,22.654,-50.958,0,Pugeuk,10.213,-63.774,0,소솨소솨,38.855,-85.985,0,Gonyong,-11.924,-98.211,0,Kr_Luna,-41.385,-89.838,0,2818.66,0.695,-21.756,2822.249,6,소솨소솨,25.475,-79.738,1,0,0,0,0,0,0,2
63,3,1,3,1,0,0,2,1,0,0,4,255,255,38,2847.963,눈꽃,R,0,138,-0.153,0.69,0.313,1.258,-36.523,0,0,0,0,0,0,0,0,6,7,R,HANA_ARASHI,169.5,86,0.254,0,86,0,0,0,0,0,0,0,0,0,0,0,0,0,0,0,0,0.059,-37.158,0,Pring__,0.095,-16.701,0,하루（Haru）,-20.085,-44.777,0,장덕춘_,-14.38,-63.847,0,즉석카레,22.533,-50.892,0,Pugeuk,10.026,-62.209,0,소솨소솨,34.269,-82.655,0,Gonyong,-20.203,-116.526,0,Kr_Luna,-41.513,-89.48,0,0,0,0,0,0,,0,0,0,0,0,0,0,0,0,0
64,3,1,3,1,0,1,2,1,0,0,4,255,255,39,2862.154,눈꽃,R,4,133,-4.087,0.892,0.15,1.261,-36.514,4,0,-241.59,0,1.456,0,0,1,6,7,R,HANA_ARASHI,169.5,86,0.254,0,86,0,0,0,0,0,0,0,0,0,0,0,0,0,0,0,0,0.104,-37.565,0,Pring__,-0.287,-16.659,0,하루（Haru）,-18.012,-44.393,0,장덕춘_,-14.439,-63.741,0,즉석카레,22.767,-50.644,0,Pugeuk,11.298,-62.1,0,소솨소솨,34.813,-82.476,0,Gonyong,-20.208,-116.402,0,Kr_Luna,-41.519,-89.484,0,0,0,0,0,0,,0,0,0,0,0,0,0,0,0,0
65,3,1,3,1,0,2,2,0,1,0,255,4,255,40,2880.131,눈꽃,R,9,101,1.65,0.845,0.273,1.081,-36.425,2,0,358.49,-312.348,17.217,0,0,1,6,7,R,HANA_ARASHI,169.5,86,0.254,3,86,2881.429,131,11,48,17,4,71,69,71,-1.108,26.846,0.92,-0.034,-0.039,0.099,0,0.387,-37.074,0,Pring__,0.203,-16.781,0,하루（Haru）,-20.375,-48.105,0,장덕춘_,-14.159,-64.791,0,즉석카레,22.021,-50.077,0,Pugeuk,10.04,-63.214,0,소솨소솨,36.053,-83.977,0,Gonyong,-20.132,-116.438,0,Kr_Luna,-39.385,-94.588,0,2882.094,-5.273,-28.681,2883.705,2,하루（Haru）,-15.698,-44.288,0,0,0,0,0,0,0,2
66,3,0,3,1,0,0,0,0,0,0,255,255,255,24,2942.989,-Alta-,L,0,128,4.963,-2.097,-0.025,1.737,-36.385,1,0,6.865,3.676,-1.996,1.004,-18.973,0,1,1,L,Pring__,180.4,95.172,0.482,0,86,0,0,0,0,0,0,0,0,0,0,0,0,0,0,0,0,0.471,-37.081,0,HalF_HearteD,0.029,-17.008,0,CAT tourniquet,-20.08,-49.239,0,ByeolBam,-13.205,-64.424,0,오그림_,19.679,-48.011,0,TaeGeuk_,12.706,-61.512,0,Multeinn,39.291,-90.801,0,HANA_ARASHI,-5.908,-123.026,0,SOM_candy,-39.667,-77.521,0,0,0,0,0,0,,0,0,0,0,0,0,0,0,0,0
67,3,0,3,1,1,0,0,0,0,0,255,255,255,25,2964.287,-Alta-,L,26,140,3.855,-2.651,0.065,1.658,-36.178,4,0,-131.274,-200,-1.142,0.936,-17.13,1,1,1,L,Pring__,180.4,95.172,0.482,0,86,0,0,0,0,0,0,0,0,0,0,0,0,0,0,0,0,0.879,-37.351,0,HalF_HearteD,0.087,-16.961,0,CAT tourniquet,-20.14,-49.206,0,ByeolBam,-13.275,-64.007,0,오그림_,19.688,-48.01,0,TaeGeuk_,13.134,-59.298,0,Multeinn,38.956,-89.144,0,HANA_ARASHI,-6.521,-122.414,0,SOM_candy,-35.748,-79.774,0,0,0,0,0,0,,0,0,0,0,0,0,0,0,0,0
68,3,0,3,1,1,1,0,0,0,0,255,255,255,26,2980.697,-Alta-,L,3,116,7.549,-0.373,-0.138,1.889,-36.59,4,0,406.11,0,-4.836,2.389,-13.866,1,1,1,L,Pring__,180.4,95.172,0.482,0,86,0,0,0,0,0,0,0,0,0,0,0,0,0,0,0,0,0.354,-36.971,0,HalF_HearteD,0.046,-16.774,0,CAT tourniquet,-20.306,-49.19,0,ByeolBam,-13.301,-63.962,0,오그림_,19.652,-47.981,0,TaeGeuk_,12.431,-58.292,0,Multeinn,35.837,-87.371,0,HANA_ARASHI,-6.293,-122.257,0,SOM_candy,-43.201,-92.263,0,0,0,0,0,0,,0,0,0,0,0,0,0,0,0,0
69,3,0,3,1,1,2,0,0,0,0,255,255,255,27,3005.828,-Alta-,L,26,127,1.445,0.384,-0.135,1.941,-36.487,0,0,-85.551,-184.954,-6.966,0,0,1,1,1,L,Pring__,180.4,95.172,0.482,0,86,0,0,0,0,0,0,0,0,0,0,0,0,0,0,0,0,0.197,-36.89,0,HalF_HearteD,0.118,-16.773,0,CAT tourniquet,-20.204,-49.177,0,ByeolBam,-13.501,-63.819,0,오그림_,19.627,-48.03,0,TaeGeuk_,12.266,-57.948,0,Multeinn,34.461,-90.289,0,HANA_ARASHI,-5.12,-122.115,0,SOM_candy,-40.854,-89.962,0,0,0,0,0,0,,0,0,0,0,0,0,0,0,0,0
70,3,0,3,1,0,0,1,0,0,0,255,255,255,28,3028.448,-Alta-,L,3,130,11.66,-2.852,0.485,1.494,-36.18,1,0,322.376,33.924,-9.795,1.808,-23.426,0,2,8,L,Kr_Luna,167.1,89.523,0.497,0,86,0,0,0,0,0,0,0,0,0,0,0,0,0,0,0,0,0.135,-36.742,0,HalF_HearteD,-0.143,-16.767,0,CAT tourniquet,-21.067,-48.938,0,ByeolBam,-13.075,-63.498,0,오그림_,19.685,-48.085,0,TaeGeuk_,11.761,-58.574,0,Multeinn,33.502,-92.488,0,HANA_ARASHI,-0.916,-120.345,0,SOM_candy,-39.459,-90.138,0,0,0,0,0,0,,0,0,0,0,0,0,0,0,0,0
71,3,0,3,1,1,0,1,0,0,0,255,255,255,29,3049.832,-Alta-,L,3,111,-4.844,3.597,-0.359,1.958,-37.018,1,0,412.555,0,-5.268,0,0,0,2,8,L,Kr_Luna,167.1,89.523,0.497,0,86,0,0,0,0,0,0,0,0,0,0,0,0,0,0,0,0,0.356,-37.051,0,HalF_HearteD,-0.172,-16.506,0,CAT tourniquet,-21.035,-48.964,0,ByeolBam,-13.157,-63.496,0,오그림_,19.626,-48.017,0,TaeGeuk_,11.419,-56.168,0,Multeinn,32.869,-91.81,0,HANA_ARASHI,6.822,-121.655,0,SOM_candy,-38.128,-85.537,0,0,0,0,0,0,,0,0,0,0,0,0,0,0,0,0
72,3,0,3,1,2,0,1,0,0,0,255,255,255,30,3066.21,-Alta-,L,3,120,2.606,0.078,-0.305,1.898,-36.764,2,0,298.75,0,-3.148,0,0,1,2,8,L,Kr_Luna,167.1,89.523,0.497,2,86,3067.042,208,16,92,65,45,203,147,100,-30,-45.21,0.95,0.001,-0.016,0.078,0,0.501,-37.11,0,HalF_HearteD,-0.025,-16.773,0,CAT tourniquet,-21.108,-48.94,0,ByeolBam,-13.377,-64.122,0,오그림_,19.554,-48.046,0,TaeGeuk_,13.043,-58.867,0,Multeinn,33.279,-92.411,0,HANA_ARASHI,6.831,-121.66,0,SOM_candy,-40.831,-91.101,0,3067.227,1.971,-22.248,0,0,,0,0,0,0,0,0,0,0,0,3
73,3,0,3,1,2,1,1,0,0,0,255,255,255,31,3084.361,-Alta-,L,26,140,2.392,-2.852,0.049,1.54,-36.194,1,0,-80.932,-197.937,-5.782,0.541,-17.341,0,2,8,L,Kr_Luna,167.1,89.523,0.497,0,86,0,0,0,0,0,0,0,0,0,0,0,0,0,0,0,0,0.205,-36.721,0,HalF_HearteD,0.061,-16.926,0,CAT tourniquet,-20.037,-49.09,0,ByeolBam,-12.998,-62.639,0,오그림_,19.543,-47.79,0,TaeGeuk_,14.201,-61.131,0,Multeinn,37.376,-90.843,0,HANA_ARASHI,8.754,-121.439,0,SOM_candy,-38.342,-89.834,0,0,0,0,0,0,,0,0,0,0,0,0,0,0,0,0
74,3,0,3,1,3,1,1,0,0,0,255,255,255,32,3098.42,-Alta-,L,27,138,3.822,-1.253,-0.005,1.813,-36.372,1,0,-46.933,-100.849,-0.163,1.008,-16.435,1,2,8,L,Kr_Luna,167.1,89.523,0.497,0,86,0,0,0,0,0,0,0,0,0,0,0,0,0,0,0,0,0.186,-36.885,0,HalF_HearteD,-0.007,-16.722,0,CAT tourniquet,-19.675,-48.271,0,ByeolBam,-13,-62.667,0,오그림_,19.283,-47.724,0,TaeGeuk_,13.463,-60.551,0,Multeinn,37.385,-90.81,0,HANA_ARASHI,9.874,-120.802,0,SOM_candy,-38.709,-90.959,0,0,0,0,0,0,,0,0,0,0,0,0,0,0,0,5
75,3,0,3,1,0,0,1,1,0,0,17,255,255,33,3129.19,-Alta-,L,28,126,2.04,-1.077,0.005,1.682,-36.245,1,0,-15.709,-99.677,-1.621,0.55,-17.368,0,3,0,R,하루（Haru）,190,94.522,0.55,0,85,0,0,0,0,0,0,0,0,0,0,0,0,0,0,0,0,0.132,-36.885,0,HalF_HearteD,0.332,-17.15,0,CAT tourniquet,-19.167,-40.012,0,ByeolBam,-10.524,-60.869,0,오그림_,19.223,-47.685,0,TaeGeuk_,6.161,-62.872,0,Multeinn,39.049,-91.529,0,HANA_ARASHI,-7.592,-122.276,0,SOM_candy,-39.566,-89.105,0,0,0,0,0,0,,0,0,0,0,0,0,0,0,0,0
76,3,0,3,1,1,0,1,0,1,0,255,17,255,34,3156.159,-Alta-,L,27,130,1.254,-0.371,0.018,1.731,-36.149,2,0,-18.325,-117.955,-4.602,0,0,1,3,0,R,하루（Haru）,190,94.522,0.55,3,85,3157.058,122,17,108,49,27,139,142,130,-30,23.374,0.7,-0.003,-0.014,0.165,0,0.237,-36.616,0,HalF_HearteD,-0.02,-16.855,0,CAT tourniquet,-20.292,-48.424,0,ByeolBam,-12.888,-61.482,0,오그림_,19.597,-47.402,0,TaeGeuk_,12.472,-62.32,0,Multeinn,38.96,-89.239,0,HANA_ARASHI,-9.051,-123.312,0,SOM_candy,-43.995,-91.238,0,3157.149,-0.054,-19.089,3160.36,8,SOM_candy,-29.462,-85.98,1,0,0,0,0,0,0,2
77,3,0,3,2,0,0,1,0,1,0,255,255,255,35,3203.962,-Alta-,L,27,123,2.91,-0.16,0.024,1.84,-36.426,4,0,-34.993,-124.729,-3.286,0.29,-20.812,1,4,3,R,장덕춘_,160,100.177,0.548,0,85,0,0,0,0,0,0,0,0,0,0,0,0,0,0,0,0,0.099,-33.897,0,HalF_HearteD,0.156,-17.209,0,CAT tourniquet,-17.677,-42.698,0,ByeolBam,-11.715,-60.689,0,오그림_,17.532,-43.055,0,TaeGeuk_,10.816,-59.037,0,Multeinn,37.977,-88.227,0,HANA_ARASHI,-8.204,-122.697,0,SOM_candy,-39.654,-89.332,0,0,0,0,0,0,,0,0,0,0,0,0,0,0,0,0
78,3,0,3,2,0,1,1,0,1,0,255,255,255,36,3227.237,-Alta-,L,0,124,1.973,-1.021,0.033,1.673,-36.248,2,0,-8.736,-17.15,0.209,0,0,1,4,3,R,장덕춘_,160,100.177,0.548,3,45,3228.108,87,15,93,67,31,101,136,86,-8.988,-22.821,-0.22,-0.049,0.002,0.089,0,0.311,-36.957,0,HalF_HearteD,0.043,-16.48,0,CAT tourniquet,-20.733,-47.48,0,ByeolBam,-12.667,-63.628,0,오그림_,18.769,-47.108,0,TaeGeuk_,12.569,-59.32,0,Multeinn,39.486,-87.819,0,HANA_ARASHI,-10.577,-122.65,0,SOM_candy,-39.539,-92.959,0,3228.305,1.638,-23.485,3230.294,5,TaeGeuk_,14.057,-55.404,1,0,0,0,0,0,0,2
79,3,0,3,2,0,0,1,1,0,1,12,255,9,37,3264.023,-Alta-,L,3,107,-1.438,2.391,-0.365,2.048,-37.103,2,0,396.659,30.694,-3.83,0,0,1,5,6,R,소솨소솨,174.6,95.196,0.5,2,85,3265.266,131,28,162,102,51,255,150,127,-30,40.984,0.63,-0.018,0.016,0.116,0,0.382,-36.991,0,HalF_HearteD,-0.098,-16.852,0,CAT tourniquet,-20.392,-47.338,0,ByeolBam,-10.936,-62.696,0,오그림_,18.821,-45.889,0,TaeGeuk_,14.005,-58.889,0,Multeinn,39.669,-90.237,0,HANA_ARASHI,-4.297,-122.715,0,SOM_candy,-38.415,-88.403,0,3265.449,-2.694,-23.206,3266.805,2,CAT tourniquet,-20.929,-44.765,0,0,0,0,0,0,0,2
80,4,1,3,2,0,0,0,0,0,0,255,255,255,41,3363.905,하루（Haru）,R,27,140,-2.359,-1.409,-0.16,1.638,-36.26,1,0,79.158,-101.303,6.158,0,0,0,7,2,L,CAT tourniquet,190,94.616,0.357,0,85,0,0,0,0,0,0,0,0,0,0,0,0,0,0,0,0,-0.091,-36.469,0,Pring__,0.029,-16.64,0,눈꽃,-19.137,-45.125,0,장덕춘_,-14.469,-64.146,0,즉석카레,24.014,-51.638,0,Pugeuk,12.12,-61.077,0,소솨소솨,44.485,-79.026,0,Gonyong,18.821,-113.869,0,Kr_Luna,-34.171,-95.486,0,0,0,0,0,0,,0,0,0,0,0,0,0,0,0,0
81,4,1,3,2,1,0,0,0,0,0,255,255,255,42,3379.089,하루（Haru）,R,34,126,0.03,0.141,-0.015,1.838,-36.517,2,0,77.849,-76.538,4.655,0,0,1,7,2,L,CAT tourniquet,190,94.616,0.357,2,85,3380.026,150,5,86,34,11,255,138,128,110.981,64.932,0.62,-0.097,0.074,0.285,0,-0.318,-36.967,0,Pring__,0,-16.717,0,눈꽃,-19.329,-46.142,0,장덕춘_,-14.373,-63.635,0,즉석카레,23.492,-52.447,0,Pugeuk,12.145,-61.096,0,소솨소솨,44.493,-79.029,0,Gonyong,20.111,-106.429,0,Kr_Luna,-34.186,-95.304,0,0,0,0,0,0,,0,0,0,0,0,0,0,0,0,3
82,4,1,3,2,1,1,0,0,0,0,255,255,255,43,3396.239,하루（Haru）,R,3,110,0.236,0.158,0.112,1.852,-36.533,2,0,-401.479,0,11.016,0,0,1,7,2,L,CAT tourniquet,190,94.616,0.357,2,85,3397.178,222,23,171,82,38,255,150,107,-12.101,-33.389,-0.03,0.031,0.048,0.055,0,-0.443,-36.845,0,Pring__,-0.17,-16.689,0,눈꽃,-17.678,-47.266,0,장덕춘_,-14.336,-64.021,0,즉석카레,24.218,-51.691,0,Pugeuk,13.181,-60.448,0,소솨소솨,44.798,-78.757,0,Gonyong,20.83,-111.662,0,Kr_Luna,-32.986,-95.471,0,3397.438,3.351,-26.854,3399.027,4,즉석카레,20.092,-52.519,0,128,0,0,0,0,0,2
83,4,1,3,2,0,0,1,0,0,0,255,255,255,44,3425.48,하루（Haru）,R,10,100,-0.668,-0.279,-0.041,1.937,-36.651,2,0,0,400,-8.892,0,0,1,8,6,R,Multeinn,160,94.946,0.498,3,85,3426.556,96,17,77,34,10,92,129,122,-30,23.559,0.45,-0.008,-0.025,0.187,0,-0.309,-36.743,0,Pring__,0.035,-16.751,0,눈꽃,-18.608,-45.785,0,장덕춘_,-14.344,-63.461,0,즉석카레,21.573,-49.811,0,Pugeuk,10.189,-62.365,0,소솨소솨,35.116,-82.258,0,Gonyong,13.214,-105.306,0,Kr_Luna,-41.761,-93.452,0,3426.616,-0.439,-19.682,3428.727,3,장덕춘_,-17.897,-59.615,0,0,0,0,0,0,0,2
84,4,1,3,2,0,0,2,0,0,0,255,255,255,45,3452.317,하루（Haru）,R,27,113,-2.749,1.279,-0.282,2.046,-36.57,1,0,69.866,-101.557,11.23,0,0,0,0,0,L,-Alta-,189.7,88.994,0.502,0,85,0,0,0,0,0,0,0,0,0,0,0,0,0,0,0,0,-0.13,-37.197,0,Pring__,-0.28,-16.689,0,눈꽃,-18.926,-44.081,0,장덕춘_,-14.172,-64.309,0,즉석카레,24.535,-52.768,0,Pugeuk,12.283,-64.466,0,소솨소솨,45.363,-83.382,0,Gonyong,20.208,-122.321,0,Kr_Luna,-28.933,-103.741,0,0,0,0,0,0,,0,0,0,0,0,0,0,0,0,0
85,4,1,3,2,1,0,2,0,0,0,255,255,255,46,3462.344,하루（Haru）,R,28,112,-4.061,0.356,-0.408,1.874,-36.426,2,0,80.561,-83.138,13.353,0,0,1,0,0,L,-Alta-,189.7,88.994,0.502,3,85,3463.489,193,23,149,103,43,170,150,97,-33.191,47.542,-0.51,0.025,-0.063,0.104,0,-0.458,-36.971,0,Pring__,-0.986,-16.624,0,눈꽃,-18.156,-45.976,0,장덕춘_,-14.205,-63.881,0,즉석카레,24.548,-52.775,0,Pugeuk,12.301,-64.432,0,소솨소솨,47.153,-86.511,0,Gonyong,20.091,-122.443,0,Kr_Luna,-29.002,-103.767,0,3463.671,-2.478,-21.421,0,0,,0,0,0,0,0,0,0,0,0,3
86,4,1,3,2,1,1,2,0,0,0,255,255,255,47,3480.131,하루（Haru）,R,3,112,-5.22,-0.454,0.17,1.859,-36.636,3,0,-401.929,0,10.198,-0.457,-20.841,0,0,0,L,-Alta-,189.7,88.994,0.502,0,85,0,0,0,0,0,0,0,0,0,0,0,0,0,0,0,0,-0.193,-37.41,0,Pring__,-0.044,-17.139,0,눈꽃,-19.707,-43.906,0,장덕춘_,-14.555,-63.681,0,즉석카레,24.004,-53.433,0,Pugeuk,11.18,-64.49,0,소솨소솨,44.871,-83.167,0,Gonyong,19.025,-123.148,0,Kr_Luna,-35.162,-101.136,0,0,0,0,0,0,,0,0,0,0,0,0,0,0,0,6
87,4,1,3,2,3,1,2,0,0,0,255,255,255,48,3511.848,하루（Haru）,R,33,135,-1.422,-0.176,-0.11,1.802,-36.353,0,0,116.075,-62.539,5.853,0,0,0,0,0,L,-Alta-,189.7,88.994,0.502,0,85,0,0,0,0,0,0,0,0,0,0,0,0,0,0,0,0,0.013,-37.59,0,Pring__,-0.182,-16.895,0,눈꽃,-18.963,-43.031,0,장덕춘_,-14.657,-64.28,0,즉석카레,22.006,-55.715,0,Pugeuk,-16.633,-58.795,0,소솨소솨,47.159,-83.937,0,Gonyong,19.069,-121.782,0,Kr_Luna,-35.2,-101.193,0,0,0,0,0,0,,0,0,0,0,0,0,0,0,0,0
88,4,1,3,2,3,2,2,0,0,0,255,255,255,49,3526.86,하루（Haru）,R,3,113,-1.781,-0.181,-0.01,1.814,-36.379,2,0,-405.704,0,7.252,0,0,1,0,0,L,-Alta-,189.7,88.994,0.502,3,85,3527.866,210,20,156,96,47,187,150,92,37.438,17.695,-0.45,0.046,-0.182,0.098,0,-0.633,-36.743,0,Pring__,0.004,-16.618,0,눈꽃,-18.538,-44.702,0,장덕춘_,-14.587,-63.626,0,즉석카레,23.625,-53.665,0,Pugeuk,11.92,-63.655,0,소솨소솨,47.156,-83.935,0,Gonyong,19.292,-121.716,0,Kr_Luna,-35.241,-101.162,0,3533.049,-29.179,-85.633,3533.372,8,Kr_Luna,-28.744,-84.708,0,0,0,0,0,0,0,1
89,4,0,3,2,0,0,0,0,0,0,255,255,255,38,3581.094,-Alta-,L,27,140,4.482,-2.669,-0.083,1.778,-36.291,3,0,-61.513,-119.811,0.036,0.556,-20.141,0,6,5,R,Pugeuk,160,90.772,0.548,0,84,0,0,0,0,0,0,0,0,0,0,0,0,0,0,0,0,0.153,-36.663,0,HalF_HearteD,0.027,-16.767,0,CAT tourniquet,-19.849,-47.943,0,ByeolBam,-12.964,-63.473,0,오그림_,19.368,-47.859,0,TaeGeuk_,14.967,-59.751,0,Multeinn,32.13,-87.129,0,HANA_ARASHI,-7.633,-119.887,0,SOM_candy,-38.455,-91.915,0,0,0,0,0,0,,0,0,0,0,0,0,0,0,0,6
90,4,0,3,2,2,0,0,0,0,0,255,255,255,39,3605.961,-Alta-,L,26,140,4.689,-2.52,-0.009,1.757,-36.315,3,0,-70.426,-183.54,-3.592,0.752,-20.374,0,6,5,R,Pugeuk,160,90.772,0.548,0,63,0,0,0,0,0,0,0,0,0,0,0,0,0,0,0,0,0.234,-37.035,0,HalF_HearteD,0.074,-16.573,0,CAT tourniquet,-19.929,-47.925,0,ByeolBam,-13.381,-63.61,0,오그림_,19.095,-47.357,0,TaeGeuk_,13.024,-62.874,0,Multeinn,32.684,-90.94,0,HANA_ARASHI,-10.543,-123.253,0,SOM_candy,-43.135,-90.433,0,0,0,0,0,0,,0,0,0,0,0,0,0,0,0,6
91,4,0,3,2,0,0,0,0,1,0,255,14,255,40,3732.93,-Alta-,L,28,125,1.907,-0.914,-0.117,1.695,-36.337,1,0,-22.169,-84.126,1.43,0,0,0,7,4,R,즉석카레,180.4,95,0.404,0,84,0,0,0,0,0,0,0,0,0,0,0,0,0,0,0,0,0.173,-36.889,0,HalF_HearteD,0.123,-16.949,0,CAT tourniquet,-20.377,-47.051,0,ByeolBam,-11.099,-62.776,0,오그림_,19.21,-46.295,0,TaeGeuk_,11.967,-58.657,0,Multeinn,36.635,-82.12,0,HANA_ARASHI,-6.055,-122.762,0,SOM_candy,-44.045,-95.245,0,0,0,0,0,0,,0,0,0,0,0,0,0,0,0,0
92,4,0,3,2,1,0,0,0,0,1,255,255,14,41,3779.466,-Alta-,L,28,121,1.363,-0.009,-0.091,1.767,-36.28,0,0,-23.942,-70.231,0.863,0,0,0,7,4,R,즉석카레,180.4,95,0.404,0,36,0,0,0,0,0,0,0,0,0,0,0,0,0,0,0,0,0.012,-36.803,0,HalF_HearteD,0.033,-16.626,0,CAT tourniquet,-20.947,-47.881,0,ByeolBam,-12.307,-61.7,0,오그림_,19.569,-43.73,0,TaeGeuk_,13.82,-62.69,0,Multeinn,40.357,-82.931,0,HANA_ARASHI,-5.871,-124.148,0,SOM_candy,-40.653,-92.462,0,0,0,0,0,0,,0,0,0,0,0,0,0,0,0,0
93,4,0,3,2,1,1,0,0,0,1,255,255,14,42,3796.201,-Alta-,L,11,114,0.984,-0.183,-0.372,2.003,-36.647,2,0,153.633,232.835,0.736,0,0,1,7,4,R,즉석카레,180.4,95,0.404,2,36,3797.138,197,19,95,92,72,178,150,85,-55.551,48.848,-0.51,-0.154,-0.126,0.04,0.048,0.165,-36.773,0,HalF_HearteD,0.027,-16.848,0,CAT tourniquet,-21.016,-47.956,0,ByeolBam,-13.241,-63.163,0,오그림_,18.519,-42.947,0,TaeGeuk_,13.827,-61.685,0,Multeinn,40.05,-84.117,0,HANA_ARASHI,-6.384,-123.143,0,SOM_candy,-43.377,-92.395,0,3797.205,-0.548,-21.644,0,0,,0,0,0,0,0,0,0,0,0,3
94,4,0,3,3,1,2,0,0,0,0,255,255,255,43,3838.818,-Alta-,L,26,129,1.046,0.068,-0.233,1.926,-36.471,2,0,-96.425,-200,0.251,0,0,1,7,4,R,즉석카레,180.4,95,0.404,2,36,3839.662,166,18,56,85,78,87,135,90,-30.693,21.367,-0.25,-0.109,-0.096,0.016,0.048,0.08,-36.343,0,HalF_HearteD,0.024,-16.932,0,CAT tourniquet,-23.42,-51.18,0,ByeolBam,-13.101,-65.275,0,오그림_,20.3,-46.645,0,TaeGeuk_,14.983,-60.954,0,Multeinn,39.441,-76.323,0,HANA_ARASHI,-7.912,-119.042,0,SOM_candy,-43.516,-92.84,0,3839.783,-0.422,-22.189,3842.26,3,ByeolBam,-14.379,-58.27,1,0,0,0,0,0,0,2
95,4,0,3,3,0,0,0,0,0,1,255,255,13,44,3901.808,-Alta-,L,5,127,4.698,-1.245,-0.206,1.894,-36.436,1,0,57.294,0,-0.383,1.159,-16.436,0,8,2,L,눈꽃,190,100.172,0.496,0,84,0,0,0,0,0,0,0,0,0,0,0,0,0,0,0,0,0.393,-37.163,0,HalF_HearteD,-0.12,-16.61,0,CAT tourniquet,-19.575,-50.715,0,ByeolBam,-12.389,-63.947,0,오그림_,19.272,-43.167,0,TaeGeuk_,14.548,-61.39,0,Multeinn,39.073,-83.117,0,HANA_ARASHI,-1.385,-120.422,0,SOM_candy,-38.134,-90.849,0,0,0,0,0,0,,0,0,0,0,0,0,0,0,0,0
96,4,0,3,3,1,0,0,0,0,1,255,255,13,45,3946.196,-Alta-,L,27,140,3.219,-1.092,-0.044,1.729,-36.241,1,0,-53.54,-120.868,-2.61,0,0,0,8,2,L,눈꽃,190,100.172,0.496,0,84,0,0,0,0,0,0,0,0,0,0,0,0,0,0,0,0,0.582,-37.379,0,HalF_HearteD,0.853,-19.44,0,CAT tourniquet,-19.673,-50.538,0,ByeolBam,-12.137,-63.775,0,오그림_,19.406,-41.314,0,TaeGeuk_,12.843,-59.412,0,Multeinn,40.944,-90.019,0,HANA_ARASHI,-1.265,-121.116,0,SOM_candy,-40.813,-93.184,0,0,0,0,0,0,,0,0,0,128,0,0,0,0,0,0
97,4,0,3,3,2,0,1,0,0,0,255,255,255,46,3967.969,-Alta-,L,28,123,-1.196,2.181,-0.329,2.076,-36.976,4,0,-92.037,-95.249,-1.816,0,0,0,8,2,L,눈꽃,190,100.172,0.496,0,84,0,0,0,0,0,0,0,0,0,0,0,0,0,0,0,0,-0.038,-36.89,0,HalF_HearteD,0.114,-16.767,0,CAT tourniquet,-20.199,-49.057,0,ByeolBam,-13.144,-64.082,0,오그림_,19.925,-46.899,0,TaeGeuk_,13.69,-59.268,0,Multeinn,38.638,-87.519,0,HANA_ARASHI,2.438,-120.294,0,SOM_candy,-39.103,-92.707,0,0,0,0,0,0,,0,0,0,0,0,0,0,0,0,0
98,4,0,3,3,2,1,1,0,0,0,255,255,255,47,3983.208,-Alta-,L,4,118,5.114,0.784,-0.264,1.917,-36.631,2,0,244.745,28.232,-2.322,0,0,0,8,2,L,눈꽃,190,100.172,0.496,3,84,3984.479,114,19,67,78,43,106,137,130,25.768,6.12,0.62,0.06,-0.058,0.043,0,0.497,-36.661,0,HalF_HearteD,0.063,-17.039,0,CAT tourniquet,-20.204,-49.008,0,ByeolBam,-12.681,-64.691,0,오그림_,19.89,-46.877,0,TaeGeuk_,16.653,-58.083,0,Multeinn,37.842,-88.378,0,HANA_ARASHI,2.957,-121.533,0,SOM_candy,-40.387,-92.858,0,0,0,0,3989.86,7,HANA_ARASHI,4.131,-132.433,0,0,0,0,0,0,0,1
99,4,0,3,3,0,0,2,0,0,0,255,255,255,48,4016.283,-Alta-,L,14,112,0.963,-1.597,0.055,1.885,-36.406,1,0,-374.619,331.151,-7.199,0,0,0,0,7,R,Gonyong,175.3,105.12,0.2,0,42,0,0,0,0,0,0,0,0,0,0,0,0,0,0,0,0,-0.58,-36.835,0,HalF_HearteD,0.104,-16.747,0,CAT tourniquet,-21.059,-48.358,0,ByeolBam,-12.788,-64.425,0,오그림_,20.12,-46.221,0,TaeGeuk_,12.946,-61.507,0,Multeinn,34.026,-91.703,0,HANA_ARASHI,-0.941,-123.57,0,SOM_candy,-41.781,-96.025,0,0,0,0,0,0,,0,0,0,0,0,0,0,0,0,0
100,4,0,3,3,1,0,2,0,0,0,255,255,255,49,4033.614,-Alta-,L,3,106,-21.394,7.934,-0.466,1.843,-37.431,1,0,325.614,0,-9.417,-5.118,-7.172,0,0,7,R,Gonyong,175.3,105.12,0.2,0,42,0,0,0,0,0,0,0,0,0,0,0,0,0,0,0,0,0.085,-37.05,0,HalF_HearteD,-0.822,-15.45,0,CAT tourniquet,-21.024,-48.382,0,ByeolBam,-12.734,-64.33,0,오그림_,19.933,-46.464,0,TaeGeuk_,13.071,-59.327,0,Multeinn,33.723,-92.935,0,HANA_ARASHI,-2.037,-122.572,0,SOM_candy,-42.753,-95.766,0,0,0,0,0,0,,0,0,0,0,0,0,0,0,0,0
101,4,0,3,3,2,0,2,0,0,0,255,255,255,50,4056.743,-Alta-,L,26,128,3.18,-1.158,-0.029,1.672,-36.303,2,0,-19.956,-155.939,10.564,0,0,1,0,7,R,Gonyong,175.3,105.12,0.2,3,43,4057.784,123,13,87,91,37,116,143,91,-35.421,14.028,-0.46,-0.084,-0.02,0.065,0,0.484,-37.093,0,HalF_HearteD,0.002,-17.024,0,CAT tourniquet,-21.025,-48.411,0,ByeolBam,-12.995,-64.172,0,오그림_,19.834,-46.314,0,TaeGeuk_,13.312,-58.622,0,Multeinn,34.667,-93.328,0,HANA_ARASHI,-1.789,-121.207,0,SOM_candy,-42.856,-92.957,0,4057.86,0.463,-20.289,4060.483,3,ByeolBam,-8.671,-58.681,0,0,0,0,0,0,0,2
102,5,1,3,3,0,0,0,0,0,0,255,255,255,50,4096.576,하루（Haru）,R,33,140,5.358,-2.732,0.053,1.8,-36.487,2,0,141.71,-131.661,9.796,0,0,1,1,3,R,ByeolBam,174.9,95.06,0.496,3,84,4097.393,115,11,91,54,22,66,140,89,24.07,15.868,-0.45,-0.014,-0.062,0.145,0,-0.555,-36.717,0,Pring__,-0.076,-16.882,0,눈꽃,-19.253,-44.822,0,장덕춘_,-14.514,-64.456,0,즉석카레,22.89,-51.827,0,Pugeuk,13.291,-61.245,0,소솨소솨,37.564,-84.086,0,Gonyong,-7.868,-122.474,0,Kr_Luna,-37.95,-92.925,0,4102.005,-10.713,-93.578,4102.938,7,Gonyong,-11.359,-99.904,1,0,0,0,0,0,0,2
103,5,1,3,3,0,0,0,1,0,0,3,255,255,51,4131.824,하루（Haru）,R,3,116,-0.673,0.314,0.049,1.871,-36.501,2,0,-384.549,0,10.537,0,0,1,2,5,R,TaeGeuk_,177.3,88.195,0.56,3,84,4132.749,208,14,58,65,60,54,138,117,27.547,-8.241,0.23,-0.061,-0.023,0,0,-0.109,-37.042,0,Pring__,-0.054,-16.88,0,눈꽃,-17.959,-43.477,0,장덕춘_,-14.042,-63.724,0,즉석카레,21.396,-49.161,0,Pugeuk,7.869,-64.743,0,소솨소솨,39.386,-80.78,0,Gonyong,-11.483,-108.781,0,Kr_Luna,-43.301,-94.692,0,0,0,0,4138.427,7,Gonyong,4.12,-122.814,0,0,0,0,0,0,0,1
104,5,1,3,3,0,0,1,0,1,0,255,3,255,52,4213.226,하루（Haru）,R,28,134,-2.414,-1.101,-0.165,1.701,-36.332,4,0,95.153,-97.543,15.633,-0.421,-20.269,1,3,8,L,SOM_candy,160,95,0.581,0,84,0,0,0,0,0,0,0,0,0,0,0,0,0,0,0,0,-0.457,-37.37,0,Pring__,-0.159,-17.699,0,눈꽃,-18.166,-43.369,0,장덕춘_,-14.316,-63.019,0,즉석카레,18.512,-39.774,0,Pugeuk,8.734,-47.45,0,소솨소솨,41.973,-79.319,0,Gonyong,18.054,-97.12,0,Kr_Luna,-17.942,-106.069,0,0,0,0,0,0,,0,0,0,0,0,0,0,0,0,0
105,5,1,3,3,0,1,1,0,1,0,255,3,255,53,4234.216,하루（Haru）,R,33,135,4.314,2.038,0.241,2.001,-36.601,1,0,121.815,-101.6,9.461,0,0,0,3,8,L,SOM_candy,160,95,0.581,0,42,0,0,0,0,0,0,0,0,0,0,0,0,0,0,0,0,-0.063,-37.566,0,Pring__,0.057,-16.851,0,눈꽃,-19.088,-41.607,0,장덕춘_,-14.256,-63.623,0,즉석카레,20.721,-44.592,0,Pugeuk,7.79,-58.563,0,소솨소솨,40.615,-78.741,0,Gonyong,18.17,-97.182,0,Kr_Luna,-22.125,-106.947,0,0,0,0,0,0,,0,0,0,0,0,0,0,0,0,0
106,5,1,3,3,1,1,1,0,1,0,255,3,255,54,4250.424,하루（Haru）,R,3,105,-2.771,-0.399,0.096,1.79,-36.63,4,0,-406.26,0,8.135,0,0,1,3,8,L,SOM_candy,160,95,0.581,0,42,0,0,0,0,0,0,0,0,0,0,0,0,0,0,0,0,-0.471,-37.466,0,Pring__,-0.11,-16.905,0,눈꽃,-19.334,-40.132,0,장덕춘_,-14.258,-63.64,0,즉석카레,20.011,-43.06,0,Pugeuk,11.434,-59.787,0,소솨소솨,42.26,-81.911,0,Gonyong,14.691,-98.486,0,Kr_Luna,-21.934,-106.547,0,0,0,0,0,0,,0,0,0,0,0,0,0,0,0,0
107,5,1,3,3,1,2,1,0,1,0,255,3,255,55,4268.046,하루（Haru）,R,27,140,-1.141,0.156,-0.089,1.828,-36.4,0,0,101.759,-121.641,5.945,-0.117,-17.106,0,3,8,L,SOM_candy,160,95,0.581,0,42,0,0,0,0,0,0,0,0,0,0,0,0,0,0,0,0,-0.047,-37.643,0,Pring__,0.008,-16.881,0,눈꽃,-19.423,-40.813,0,장덕춘_,-14.284,-63.689,0,즉석카레,20.365,-43.886,0,Pugeuk,7.028,-59.159,0,소솨소솨,42.274,-81.936,0,Gonyong,14.709,-98.462,0,Kr_Luna,-21.778,-105.879,0,0,0,0,0,0,,0,0,0,0,0,0,0,0,0,0
108,5,1,3,3,0,0,2,0,1,0,255,3,255,56,4298.257,하루（Haru）,R,27,140,-1.938,-0.289,-0.138,1.782,-36.391,1,0,101.6,-121.88,8.996,0,0,0,4,1,R,HalF_HearteD,175.3,86,0.501,0,84,0,0,0,0,0,0,0,0,0,0,0,0,0,0,0,0,-0.348,-37.565,0,Pring__,0.003,-16.86,0,눈꽃,-19.745,-41.568,0,장덕춘_,-14.57,-63.962,0,즉석카레,21.987,-47.008,0,Pugeuk,7.026,-61.352,0,소솨소솨,36.035,-81.439,0,Gonyong,-5.008,-90.822,0,Kr_Luna,-43.645,-94.04,0,0,0,0,0,0,,0,0,0,0,0,0,0,0,0,0
109,5,1,3,3,1,0,2,0,1,0,255,3,255,57,4312.209,하루（Haru）,R,28,126,1.677,1.483,0.083,1.977,-36.621,2,0,90.269,-95.136,7.153,0,0,1,4,1,R,HalF_HearteD,175.3,86,0.501,3,84,4313.275,153,9,58,25,6,72,113,71,-23.329,36.115,-0.53,0.029,-0.01,0.104,0,-0.315,-37.108,0,Pring__,0.008,-16.927,0,눈꽃,-18.424,-43.894,0,장덕춘_,-14.642,-63.881,0,즉석카레,20.435,-46.164,0,Pugeuk,6.733,-60.852,0,소솨소솨,37.35,-82.776,0,Gonyong,-5.015,-90.813,0,Kr_Luna,-43.605,-94.023,0,4313.505,-1.784,-21.602,4315.105,2,눈꽃,-15.312,-39.836,0,0,0,0,0,0,0,2
110,5,0,3,3,0,0,0,0,0,0,255,255,255,51,4406.353,-Alta-,L,32,125,3.227,0.454,0.065,1.076,-36.26,1,0,-150.558,-18.789,-5.476,0,0,0,1,1,L,Pring__,180.4,95.172,0.482,0,84,0,0,0,0,0,0,0,0,0,0,0,0,0,0,0,0,0.242,-36.75,0,HalF_HearteD,0.04,-16.836,0,CAT tourniquet,-19.151,-49.516,0,ByeolBam,-13.157,-62.536,0,오그림_,20.218,-47.788,0,TaeGeuk_,15.882,-61.054,0,Multeinn,31.29,-86.79,0,HANA_ARASHI,-2.822,-119.799,0,NABIMan,-38.356,-94.94,0,0,0,0,0,0,,0,0,0,0,0,0,0,0,0,0
111,5,0,3,3,1,0,0,0,0,0,255,255,255,52,4418.295,-Alta-,L,3,112,2.384,-0.111,-0.351,0.912,-36.637,2,0,434.497,0,-5.685,0,0,1,1,1,L,Pring__,180.4,95.172,0.482,3,84,4419.214,170,17,121,100,51,183,150,108,30.809,-14.101,0.93,-0.027,-0.02,0.117,0,0.086,-36.367,0,HalF_HearteD,-0.018,-17.004,0,CAT tourniquet,-18.889,-49.508,0,ByeolBam,-13.633,-62.674,0,오그림_,20.162,-47.739,0,TaeGeuk_,17.251,-60.615,0,Multeinn,30.887,-88.523,0,HANA_ARASHI,-3.685,-120.93,0,NABIMan,-39.945,-95.29,0,0,0,0,4424.727,6,Multeinn,35.806,-103.012,0,0,0,0,0,0,0,1
112,5,0,3,3,0,0,1,0,0,0,255,255,255,53,4499.328,-Alta-,L,3,112,4.968,2.66,0.03,1.095,-36.398,1,0,445.156,0,-16.309,4.124,-6.758,0,2,8,L,Kr_Luna,167.1,88.523,0.497,0,84,0,0,0,0,0,0,0,0,0,0,0,0,0,0,0,0,0.96,-37.704,0,HalF_HearteD,0.633,-15.669,0,CAT tourniquet,-19.934,-49.723,0,ByeolBam,-14.011,-63.828,0,오그림_,19.582,-47.038,0,TaeGeuk_,15.475,-61.758,0,Multeinn,37.624,-92.97,0,HANA_ARASHI,2.166,-122.674,0,NABIMan,-41.047,-97.44,0,0,0,0,0,0,,0,0,0,0,0,0,0,0,0,0
113,5,0,3,3,1,0,1,0,0,0,255,255,255,54,4538.319,-Alta-,L,3,113,5.244,-0.91,0.051,0.973,-36.217,1,0,338.054,0,-11.812,1.72,-13.338,0,2,8,L,Kr_Luna,167.1,88.523,0.497,0,84,0,0,0,0,0,0,0,0,0,0,0,0,0,0,0,0,0.16,-36.409,0,HalF_HearteD,0.028,-16.595,0,CAT tourniquet,-19.834,-49.61,0,ByeolBam,-12.545,-64.538,0,오그림_,19.754,-47.231,0,TaeGeuk_,17.832,-61.885,0,Multeinn,33.347,-80.52,0,HANA_ARASHI,7.162,-121.841,0,NABIMan,-39.73,-97.79,0,0,0,0,0,0,,0,0,0,0,0,0,0,0,0,0
114,5,0,3,3,2,0,1,0,0,0,255,255,255,55,4560.544,-Alta-,L,32,128,3.02,0.89,0.115,1.137,-36.226,1,0,-172.54,0.368,-18.07,0,0,0,2,8,L,Kr_Luna,167.1,88.523,0.497,0,84,0,0,0,0,0,0,0,0,0,0,0,0,0,0,0,0,0.041,-36.762,0,HalF_HearteD,0.102,-16.498,0,CAT tourniquet,-19.768,-49.783,0,ByeolBam,-12.49,-64.726,0,오그림_,19.774,-47.251,0,TaeGeuk_,16.384,-63.364,0,Multeinn,37.767,-88.487,0,HANA_ARASHI,3.632,-122.629,0,NABIMan,-37.191,-94.221,0,0,0,0,0,0,,0,0,0,0,0,0,0,0,0,0
115,5,0,3,3,3,0,1,0,0,0,255,255,255,56,4579.162,-Alta-,L,32,127,1.064,0.233,-0.191,0.984,-36.406,0,0,-200.738,57.122,-5.924,0,0,0,2,8,L,Kr_Luna,167.1,88.523,0.497,0,84,0,0,0,0,0,0,0,0,0,0,0,0,0,0,0,0,0.557,-36.934,0,HalF_HearteD,0.75,-16.609,0,CAT tourniquet,-19.762,-49.683,0,ByeolBam,-12.601,-64.601,0,오그림_,19.75,-47.227,0,TaeGeuk_,17.03,-61.678,0,Multeinn,37.313,-90.062,0,HANA_ARASHI,3.064,-121.274,0,NABIMan,-38.463,-93.409,0,0,0,0,0,0,,0,0,0,0,0,0,0,0,0,0
116,5,0,3,3,3,1,1,0,0,0,255,255,255,57,4596.294,-Alta-,L,3,114,1.017,-0.569,-0.347,0.815,-36.583,0,0,346.078,0,-2.822,0.458,-17.494,1,2,8,L,Kr_Luna,167.1,88.523,0.497,0,84,0,0,0,0,0,0,0,0,0,0,0,0,0,0,0,0,0.371,-37.168,0,HalF_HearteD,0.037,-16.667,0,CAT tourniquet,-19.741,-49.628,0,ByeolBam,-13.116,-64.925,0,오그림_,19.762,-47.241,0,TaeGeuk_,15.682,-61.963,0,Multeinn,37.389,-89.207,0,HANA_ARASHI,2.968,-122.627,0,NABIMan,-38.987,-95.841,0,0,0,0,0,0,,0,0,0,0,0,0,0,0,0,0
117,5,0,3,3,3,2,1,0,0,0,255,255,255,58,4611.188,-Alta-,L,34,123,-1.248,0.392,0.185,1.265,-36.181,2,0,-57.483,-1.499,-8.833,0,0,1,2,8,L,Kr_Luna,167.1,88.523,0.497,2,84,4612.054,201,14,113,30,12,252,146,125,-30,-47.185,0.44,0.039,0.004,0.267,0,0.186,-36.361,0,HalF_HearteD,0.063,-16.433,0,CAT tourniquet,-19.731,-49.698,0,ByeolBam,-13.118,-64.956,0,오그림_,19.721,-47.165,0,TaeGeuk_,18.917,-61.617,0,Multeinn,36.196,-91.963,0,HANA_ARASHI,4.254,-120.15,0,NABIMan,-39.584,-96.79,0,4612.116,1.588,-20.935,0,0,,0,0,0,0,0,0,0,0,0,3
118,5,0,3,3,3,2,1,0,0,0,255,255,255,59,4633.912,-Alta-,L,3,114,3.083,0.18,-0.306,0.916,-36.505,1,0,418.675,0,-1.192,2.269,-7.739,1,2,8,L,Kr_Luna,167.1,88.523,0.497,0,83,0,0,0,0,0,0,0,0,0,0,0,0,0,0,0,0,-0.147,-36.289,0,HalF_HearteD,0.049,-16.489,0,CAT tourniquet,-19.736,-48.115,0,ByeolBam,-12.112,-64.22,0,오그림_,19.926,-46.308,0,TaeGeuk_,16.908,-60.971,0,Multeinn,38.837,-89.797,0,HANA_ARASHI,4.481,-122.386,0,NABIMan,-35.72,-89.584,0,0,0,0,0,0,,0,0,0,0,0,0,0,0,0,5
119,5,0,3,3,0,0,1,1,0,0,17,255,255,60,4662.254,-Alta-,L,3,112,2.704,-0.024,-0.294,0.966,-36.44,2,0,419.549,0,-0.36,0,0,1,3,0,R,하루（Haru）,190,94.522,0.55,3,83,4663.179,108,16,73,23,17,80,117,79,-33.898,4.729,-0.46,-0.015,-0.004,0.062,0,-0.045,-36.44,0,HalF_HearteD,-0.02,-16.576,0,CAT tourniquet,-20.289,-47.815,0,ByeolBam,-10.888,-61.445,0,오그림_,20.331,-46.893,0,TaeGeuk_,16.834,-62.351,0,Multeinn,36.744,-89.696,0,HANA_ARASHI,7.968,-120.037,0,NABIMan,-41.882,-91.283,0,4663.216,0.497,-20.548,4664.427,0,-Alta-,-0.735,-35.639,0,0,0,0,0,0,0,2
120,6,1,3,3,0,0,0,0,0,0,255,255,255,58,4717.156,하루（Haru）,R,27,140,1.294,1.276,0.061,1.949,-36.461,4,0,96.965,-144.222,7.462,0,0,1,5,4,R,오그림_,175,94.952,0.503,0,83,0,0,0,0,0,0,0,0,0,0,0,0,0,0,0,0,0.195,-37.467,0,Pring__,0.034,-16.709,0,눈꽃,-17.935,-44.667,0,장덕춘_,-15.07,-63.494,0,즉석카레,21.193,-51.487,0,Pugeuk,9.324,-62.983,0,소솨소솨,34.401,-85.233,0,Gonyong,-11.142,-96.704,0,Kr_Luna,-43.359,-92.927,0,0,0,0,0,0,,0,0,0,0,0,0,0,0,0,0
121,6,1,3,3,0,1,0,0,0,0,255,255,255,59,4734.203,하루（Haru）,R,3,119,2.712,0.044,0.156,1.875,-36.452,2,0,-399.113,0,12.465,0,0,1,5,4,R,오그림_,175,94.952,0.503,3,83,4735.334,109,23,69,109,71,82,138,88,-32.806,-46.61,-0.46,-0.054,-0.023,0.015,0,-0.545,-37.057,0,Pring__,0.023,-16.736,0,눈꽃,-17.142,-45.441,0,장덕춘_,-14.081,-64.311,0,즉석카레,21.706,-52.633,0,Pugeuk,8.62,-63.18,0,소솨소솨,35.314,-85.83,0,Gonyong,-11.095,-96.742,0,Kr_Luna,-43.281,-92.857,0,4735.316,2.127,-21.305,0,0,,0,0,0,0,0,0,0,0,0,3
122,6,1,3,3,0,2,0,0,0,0,255,255,255,60,4754.69,하루（Haru）,R,26,140,-2.507,-2.043,-0.174,1.579,-36.296,4,0,107.887,-200,10.386,0,0,1,5,4,R,오그림_,175,94.952,0.503,0,46,0,0,0,0,0,0,0,0,0,0,0,0,0,0,0,0,-0.699,-37.564,0,Pring__,-0.052,-16.763,0,눈꽃,-19.49,-42.177,0,장덕춘_,-14.121,-63.95,0,즉석카레,24.587,-49.179,0,Pugeuk,12.023,-63.47,0,소솨소솨,35.38,-83.484,0,Gonyong,7.402,-99.98,0,Kr_Luna,-42.884,-91.687,0,0,0,0,0,0,,0,0,0,0,0,0,0,0,0,0
123,6,1,3,3,0,0,1,0,0,0,255,255,255,61,4780.117,하루（Haru）,R,27,140,-2.219,0.431,-0.151,1.857,-36.42,1,0,78.773,-126.846,10.328,0,0,0,6,7,R,HANA_ARASHI,169.5,86,0.254,0,83,0,0,0,0,0,0,0,0,0,0,0,0,0,0,0,0,0.016,-37.413,0,Pring__,0.044,-16.626,0,눈꽃,-19.698,-45.091,0,장덕춘_,-14.246,-63.675,0,즉석카레,23.315,-52.261,0,Pugeuk,7.931,-63.656,0,소솨소솨,35.078,-83.813,0,Gonyong,-15.371,-116.94,0,Kr_Luna,-42.791,-91.768,0,0,0,0,0,0,,0,0,0,0,0,0,0,0,0,0
124,6,1,3,3,1,0,1,0,0,0,255,255,255,62,4792.764,하루（Haru）,R,1,111,-4.279,0.966,-0.099,2.112,-37.057,1,0,0,0,4.753,-1.161,-12.778,0,6,7,R,HANA_ARASHI,169.5,86,0.254,0,83,0,0,0,0,0,0,0,0,0,0,0,0,0,0,0,0,-0.271,-37.429,0,Pring__,-0.153,-16.705,0,눈꽃,-19.742,-44.605,0,장덕춘_,-14.207,-63.839,0,즉석카레,23.453,-52.825,0,Pugeuk,9.565,-62.466,0,소솨소솨,37.296,-82.81,0,Gonyong,-14.74,-117.157,0,Kr_Luna,-47.613,-92.963,0,0,0,0,0,0,,0,0,0,0,0,0,0,0,0,0
125,6,1,3,3,2,0,1,0,0,0,255,255,255,63,4809.353,하루（Haru）,R,0,140,-2.494,-1.032,-0.157,1.725,-36.312,1,0,17.676,-25.557,2.068,0,0,0,6,7,R,HANA_ARASHI,169.5,86,0.254,0,83,0,0,0,0,0,0,0,0,0,0,0,0,0,0,0,0,-0.515,-37.405,0,Pring__,0.022,-16.672,0,눈꽃,-19.743,-44.606,0,장덕춘_,-14.175,-63.843,0,즉석카레,24.406,-51.607,0,Pugeuk,7.847,-61.962,0,소솨소솨,37.271,-82.881,0,Gonyong,-14.735,-117.204,0,Kr_Luna,-47.648,-92.927,0,0,0,0,0,0,,0,0,0,0,0,0,0,0,0,0
126,6,1,3,3,3,0,1,0,0,0,255,255,255,64,4822.364,하루（Haru）,R,27,138,0.383,0.46,0.009,1.862,-36.475,0,0,75.022,-112.278,8.6,0,0,1,6,7,R,HANA_ARASHI,169.5,86,0.254,0,83,0,0,0,0,0,0,0,0,0,0,0,0,0,0,0,0,-0.214,-37.478,0,Pring__,-0.03,-16.717,0,눈꽃,-18.976,-44.725,0,장덕춘_,-14.151,-63.875,0,즉석카레,23.483,-50.865,0,Pugeuk,9.808,-62.214,0,소솨소솨,36.695,-81.867,0,Gonyong,-14.675,-117.169,0,Kr_Luna,-47.519,-92.848,0,0,0,0,0,0,,0,0,0,0,0,0,0,0,0,0
127,6,1,3,3,3,1,1,0,0,0,255,255,255,65,4834.132,하루（Haru）,R,0,98,5.182,1.247,-0.017,1.946,-37.176,3,0,0,0,7.969,1.202,-20.832,0,6,7,R,HANA_ARASHI,169.5,86,0.254,0,83,0,0,0,0,0,0,0,0,0,0,0,0,0,0,0,0,-0.002,-37.105,0,Pring__,0.022,-16.947,0,눈꽃,-18.748,-45.025,0,장덕춘_,-14.514,-63.791,0,즉석카레,23.438,-50.211,0,Pugeuk,8.112,-60.972,0,소솨소솨,37.017,-81.925,0,Gonyong,-14.713,-117.189,0,Kr_Luna,-47.522,-92.846,0,0,0,0,0,0,,0,0,0,0,0,0,0,0,0,6
128,6,1,3,3,0,0,1,1,0,0,7,255,255,66,4855.644,하루（Haru）,R,3,123,2.058,0.471,0.184,1.895,-36.451,1,0,-258.69,0,9.091,0,0,0,7,2,L,CAT tourniquet,190,94.616,0.357,0,83,0,0,0,0,0,0,0,0,0,0,0,0,0,0,0,0,-0.108,-37.216,0,Pring__,0.011,-16.721,0,눈꽃,-19.112,-42.356,0,장덕춘_,-14.541,-63.846,0,즉석카레,23.573,-49.886,0,Pugeuk,8.848,-61.09,0,소솨소솨,43.327,-78.121,0,Gonyong,12.126,-104.023,0,Kr_Luna,-29.258,-102.11,0,0,0,0,0,0,,0,0,0,0,0,0,0,0,0,0
129,6,1,3,3,1,0,1,1,0,0,7,255,255,67,4869.209,하루（Haru）,R,0,0,0,0,0,0,0,0,0,0,0,0,0,0,1,7,2,L,CAT tourniquet,190,94.616,0.357,2,83,4870.179,229,5,134,55,21,255,150,96,17.75,33.116,-0.53,-0.06,0.056,0.069,0,-0.675,-37.025,0,Pring__,-0.018,-16.791,0,눈꽃,-18.68,-43.648,0,장덕춘_,-14.538,-63.87,0,즉석카레,23.421,-49.21,0,Pugeuk,9.105,-60.637,0,소솨소솨,44.726,-78.748,0,Gonyong,12.033,-104.03,0,Kr_Luna,-24.82,-102.804,0,4870.561,-0.51,-20.584,4879.561,-1,Apple_Sherbet,0.171,-37.599,0,0,0,0,0,0,0,3
130,6,1,3,3,1,1,1,1,0,0,7,255,255,68,4888.475,하루（Haru）,R,26,135,0.637,1.35,0.019,1.979,-36.45,4,0,101.321,-165.583,11.583,0,0,1,7,2,L,CAT tourniquet,190,94.616,0.357,0,83,0,0,0,0,0,0,0,0,0,0,0,0,0,0,0,0,0.093,-37.2,0,Pring__,0,-16.835,0,눈꽃,-19.482,-39.776,0,장덕춘_,-14.55,-63.761,0,즉석카레,23.066,-48.078,0,Pugeuk,10.293,-60.094,0,소솨소솨,44.319,-76.004,0,Gonyong,10.926,-103.417,0,Kr_Luna,-24.99,-102.95,0,0,0,0,0,0,,0,0,0,0,0,0,0,0,0,0
131,6,1,3,3,1,2,1,1,0,0,7,255,255,69,4904.891,하루（Haru）,R,27,140,-2.295,-1.448,-0.152,1.628,-36.255,2,0,59.711,-128.856,5.667,0,0,1,7,2,L,CAT tourniquet,190,94.616,0.357,2,83,4905.787,101,2,71,16,12,192,92,100,-24.134,41.389,0.45,-0.062,0.003,0.191,0,0.007,-37.079,0,Pring__,0.002,-16.884,0,눈꽃,-18.228,-44.442,0,장덕춘_,-14.569,-63.908,0,즉석카레,23.095,-50.091,0,Pugeuk,9.974,-60.268,0,소솨소솨,44.31,-75.992,0,Gonyong,11.019,-103.581,0,Kr_Luna,-25.131,-102.903,0,4905.705,-1.01,-19.814,4907.061,2,눈꽃,-19.397,-40.738,0,0,0,0,0,0,0,2
132,6,0,3,3,0,0,0,0,0,0,255,255,255,61,4960.512,-Alta-,L,32,129,1.357,0.224,-0.14,1.039,-36.317,0,0,-179.628,42.495,-2.164,0,0,1,6,5,R,Pugeuk,160,90.772,0.548,0,83,0,0,0,0,0,0,0,0,0,0,0,0,0,0,0,0,-0.07,-36.483,0,HalF_HearteD,0.043,-16.536,0,CAT tourniquet,-20.736,-46.166,0,ByeolBam,-12.699,-63.836,0,오그림_,19.592,-46.048,0,TaeGeuk_,13.873,-60.863,0,NABIMan,-42.481,-89.707,0,HANA_ARASHI,-0.658,-121.927,0,Multeinn,37.414,-86.998,0,0,0,0,0,0,,0,0,0,0,0,0,0,0,0,0
133,6,0,3,3,0,1,0,0,0,0,255,255,255,62,4974.296,-Alta-,L,3,113,0.104,-0.662,-0.444,0.884,-36.725,0,0,467.633,0,-1.161,0.202,-17.469,0,6,5,R,Pugeuk,160,90.772,0.548,0,62,0,0,0,0,0,0,0,0,0,0,0,0,0,0,0,0,-0.049,-36.362,0,HalF_HearteD,-0.005,-16.76,0,CAT tourniquet,-21.003,-46.738,0,ByeolBam,-12.66,-63.957,0,오그림_,19.598,-46.045,0,TaeGeuk_,16.267,-60.095,0,NABIMan,-41.459,-90.791,0,HANA_ARASHI,-4.317,-122.636,0,Multeinn,37.47,-85.676,0,0,0,0,0,0,,0,0,0,0,0,0,0,0,0,0
134,6,0,3,3,0,2,0,0,0,0,255,255,255,63,4989.079,-Alta-,L,3,112,-0.814,0.181,-0.416,0.845,-36.833,2,0,399.83,-1.409,-2.823,0,0,1,6,5,R,Pugeuk,160,90.772,0.548,3,62,4990.127,214,16,130,50,18,109,150,106,22.42,31.084,0.83,-0.026,-0.002,0.172,0,0.395,-36.919,0,HalF_HearteD,-0.014,-16.681,0,CAT tourniquet,-20.891,-47.114,0,ByeolBam,-13.047,-63.722,0,오그림_,19.543,-45.999,0,TaeGeuk_,16.18,-63.532,0,NABIMan,-40.572,-92.131,0,HANA_ARASHI,-7.549,-121.889,0,Multeinn,38.324,-84.98,0,4995.138,-38.613,-109.752,4996.983,7,HANA_ARASHI,-36.7,-115.033,1,64,0,0,0,0,0,2
135,6,0,3,3,0,0,1,0,0,0,255,255,255,64,5072.762,-Alta-,L,3,110,-7.549,-0.68,-0.43,0.926,-37.159,1,0,304.395,0,-5.336,-1.453,-11.801,0,7,4,R,즉석카레,180.4,95,0.404,0,36,0,0,0,0,0,0,0,0,0,0,0,0,0,0,0,0,0.81,-37.973,0,HalF_HearteD,-1.272,-16.416,0,CAT tourniquet,-21.778,-48.959,0,ByeolBam,-12.818,-63.151,0,오그림_,19.589,-46.883,0,TaeGeuk_,11.848,-64.388,0,NABIMan,-41.281,-90.709,0,HANA_ARASHI,-9.026,-121.763,0,Multeinn,36.584,-86.369,0,0,0,0,0,0,,0,0,0,0,0,0,0,0,0,0
136,6,0,3,3,1,0,1,0,0,0,255,255,255,65,5091.223,-Alta-,L,3,111,-1.23,0.147,-0.431,0.885,-36.78,0,0,377.734,0,-3.163,0,0,0,7,4,R,즉석카레,180.4,95,0.404,0,36,0,0,0,0,0,0,0,0,0,0,0,0,0,0,0,0,-0.123,-36.847,0,HalF_HearteD,-0.116,-16.646,0,CAT tourniquet,-20.839,-49.362,0,ByeolBam,-12.772,-63.17,0,오그림_,19.645,-46.931,0,TaeGeuk_,15.742,-62.429,0,NABIMan,-40.086,-90.024,0,HANA_ARASHI,-11.084,-121.954,0,Multeinn,35.871,-85.71,0,0,0,0,0,0,,0,0,0,0,0,0,0,0,0,0
137,6,0,3,3,1,1,1,0,0,0,255,255,255,66,5105.08,-Alta-,L,32,139,2.695,0.732,0.131,1.173,-36.106,4,0,-174.29,60.146,-6.683,0.254,-21.5,1,7,4,R,즉석카레,180.4,95,0.404,0,36,0,0,0,0,0,0,0,0,0,0,0,0,0,0,0,0,-0.126,-36.523,0,HalF_HearteD,0.039,-16.753,0,CAT tourniquet,-20.997,-50.106,0,ByeolBam,-13.036,-63.351,0,오그림_,19.572,-46.874,0,TaeGeuk_,15.075,-63.954,0,NABIMan,-38.576,-94.832,0,HANA_ARASHI,-10.593,-121.131,0,Multeinn,36.032,-85.736,0,0,0,0,0,0,,0,0,0,0,0,0,0,0,0,0
138,6,0,3,3,1,2,1,0,0,0,255,255,255,67,5123.139,-Alta-,L,2,115,3.099,2.67,-0.203,0.977,-36.437,4,0,345.686,-361.25,-2.483,0,0,1,7,4,R,즉석카레,180.4,95,0.404,0,36,0,0,0,0,0,0,0,0,0,0,0,0,0,0,0,0,-0.203,-36.738,0,HalF_HearteD,0.057,-16.649,0,CAT tourniquet,-21.198,-49.879,0,ByeolBam,-12.942,-63.276,0,오그림_,19.623,-46.935,0,TaeGeuk_,14.38,-60.334,0,NABIMan,-38.812,-94.776,0,HANA_ARASHI,-11.546,-121.738,0,Multeinn,36.574,-83.554,0,0,0,0,0,0,,0,0,0,0,0,0,0,0,0,0
139,6,0,3,3,0,0,2,0,0,0,255,255,255,68,5147.115,-Alta-,L,32,132,1.01,0.596,-0.174,1.066,-36.235,0,0,-187.071,39.254,-8.324,0,0,0,8,2,L,눈꽃,190,100.172,0.496,0,83,0,0,0,0,0,0,0,0,0,0,0,0,0,0,0,0,0.568,-37.023,0,HalF_HearteD,0.061,-16.711,0,CAT tourniquet,-20.577,-50.15,0,ByeolBam,-13.217,-63.849,0,오그림_,19.613,-46.905,0,TaeGeuk_,17.813,-63.617,0,NABIMan,-37.001,-96.634,0,HANA_ARASHI,1.002,-124.259,0,Multeinn,43.875,-110.3,0,0,0,0,0,0,,0,0,0,0,0,0,0,0,0,0
140,6,0,3,3,0,1,2,0,0,0,255,255,255,69,5160.364,-Alta-,L,3,117,-0.678,-0.441,-0.448,0.813,-36.659,2,0,465.697,-121.767,-3.57,0,0,0,8,2,L,눈꽃,190,100.172,0.496,3,83,5161.557,130,25,92,83,28,69,145,98,92.833,76.088,-0.44,0.055,-0.056,0.031,0,0.304,-36.315,0,HalF_HearteD,0.003,-16.958,0,CAT tourniquet,-20.809,-50.322,0,ByeolBam,-12.708,-63.999,0,오그림_,19.557,-46.866,0,TaeGeuk_,17.082,-61.609,0,NABIMan,-39.87,-100.913,0,HANA_ARASHI,0.052,-123.677,0,Multeinn,33.603,-89.346,0,5168.271,26.417,-6.994,0,0,,0,0,0,0,0,0,0,0,0,3
141,6,0,3,3,0,2,2,0,0,0,255,255,255,70,5181.556,-Alta-,L,3,118,5.166,0.846,-0.198,1.058,-36.375,2,0,313.663,0,-0.94,0,0,0,8,2,L,눈꽃,190,100.172,0.496,3,83,5182.509,137,23,110,65,17,105,150,130,-30,-43.045,0.47,0.013,0.016,0.059,0,0.456,-36.675,0,HalF_HearteD,-0.032,-16.799,0,CAT tourniquet,-18.98,-50.196,0,ByeolBam,-12.829,-63.652,0,오그림_,20.085,-47.867,0,TaeGeuk_,20.43,-61.305,0,NABIMan,-37.127,-101.367,0,HANA_ARASHI,-0.415,-119.73,0,Multeinn,43.315,-101.252,0,5182.427,3.031,-21.806,5184.049,4,오그림_,19.325,-44.547,0,256,0,0,0,0,0,2