id,inn,half,scoreA,scoreB,ball,strk,out,b1,b2,b3,b1Idx,b2Idx,b3Idx,pCnt,pSec,pName,pHand,pType,spdK,zoneX,zoneY,startX,startY,zDist,call,balk,sH,sV,gyro,plx,plz,bSwing,bIdx,bPos,bZone,bName,bHCm,batLen,batCen,batType,bFps,hSec,rotS,shS,lgS,prepS,impMv,batSpd,ev,ldeg,sdeg,hPos,hMoveX,hMoveY,stayCon,buntGrip,hitSpnX,hitSpnY,hitSpnZ,PPosX,PPosY,CName,CPosX,CPosY,1BName,1BPosX,1BPosY,2BName,2BPosX,2BPosY,3BName,3BPosX,3BPosY,SSName,SSPosX,SSPosY,LFName,LFPosX,LFPosY,CFName,CFPosX,CFPosY,RFName,RFPosX,RFPosY,ltSec,lx,lz,cSec,cPos,cPlr,cx,cz,1BSafe,tag,cpSec,sb2Sec,sb3Sec,sbhSec,ass,result
1,1,1,0,0,0,0,0,0,0,0,255,255,255,0,204.919,encounter v,R,26,133,-2.343,1.701,0.019,2.033,-36.636,1,0,-33.326,-192.621,-23.206,-1.319,-16.349,0,0,2,L,Pring__,180.1,95,0.401,0,99,0,0,0,0,0,0,0,0,0,0,0,0,0,0,0,0,0,0,0.148,-37.547,Sabo_10,-0.193,-17.054,HANA_ARASHI,-18.685,-41.864,ʚEveɞ,-12.628,-64.063,인생최패망자,21.704,-46.405,IllilliIIIIllil,13.661,-63.576,vovopo 보보포,45.179,-84.063,ke ro,-4.152,-111.116,AI,-35.7,-81.8,0,0,0,0,0,,0,0,0,0,0,0,0,0,0,0
2,1,1,0,0,1,0,0,0,0,0,255,255,255,1,219.156,encounter v,R,29,134,1.59,-1.18,0.241,1.712,-36.638,4,0,-175.446,-150.473,-10.771,0,0,1,0,2,L,Pring__,180.1,95,0.401,0,99,0,0,0,0,0,0,0,0,0,0,0,0,0,0,0,0,0,0,0.012,-37.056,Sabo_10,0.291,-17.153,HANA_ARASHI,-19.734,-42.825,ʚEveɞ,-12.591,-64.086,인생최패망자,19.515,-43.546,IllilliIIIIllil,13.953,-63.338,vovopo 보보포,44.55,-86.16,ke ro,-3.933,-110.471,AI,-35.7,-81.8,0,0,0,0,0,,0,0,0,0,0,0,0,0,0,0
3,1,1,0,0,1,1,0,0,0,0,255,255,255,2,230.527,encounter v,R,14,115,2.292,-1.685,0.137,1.787,-36.635,4,0,361.521,345.402,-13.062,0,0,1,0,2,L,Pring__,180.1,95,0.401,0,99,0,0,0,0,0,0,0,0,0,0,0,0,0,0,0,0,0,0,0.041,-37.523,Sabo_10,0.242,-16.914,HANA_ARASHI,-19.581,-41.852,ʚEveɞ,-12.655,-64.107,인생최패망자,19.906,-42.922,IllilliIIIIllil,13.954,-63.342,vovopo 보보포,43.716,-86.518,ke ro,-3.464,-109.415,AI,-35.7,-81.8,0,0,0,0,0,,0,0,0,0,0,0,0,0,0,0
4,1,1,0,0,1,2,0,0,0,0,255,255,255,3,241.789,encounter v,R,29,140,-3.29,2.31,0.236,1.763,-36.528,2,0,-156.94,-141.286,-19.009,0,0,1,0,2,L,Pring__,180.1,95,0.401,3,99,242.631,119,68,68,44,47,132,126,-15.058,-18.959,0.76,0.001,-0.073,0.049,0,0,0,0,-0.149,-36.798,Sabo_10,0.205,-16.863,HANA_ARASHI,-19.59,-43.739,ʚEveɞ,-12.614,-64.098,인생최패망자,20.108,-44.727,IllilliIIIIllil,13.956,-63.327,vovopo 보보포,46.923,-83.647,ke ro,-3.481,-109.412,AI,-35.7,-81.8,242.8,1.096,-22.451,244.432,5,IllilliIIIIllil,14.14,-60.383,0,0,0,0,0,0,0,2
5,1,1,0,0,0,0,1,0,0,0,255,255,255,4,302.602,encounter v,R,32,120,3.023,1.568,0.269,2.047,-36.779,3,0,219.794,-200,-15.386,0.145,-20.804,0,1,3,R,Oort__Cloud,160,90.284,0.345,0,88,0,0,0,0,0,0,0,0,0,0,0,0,0,0,0,0,0,0,0.104,-37.313,Sabo_10,0.171,-19.001,HANA_ARASHI,-20.911,-44.603,ʚEveɞ,-13.902,-64.578,인생최패망자,15.243,-49.683,IllilliIIIIllil,5.772,-67.026,vovopo 보보포,45.292,-87.024,ke ro,-3.643,-105.752,AI,-35.7,-81.8,0,0,0,0,0,,0,0,0,0,0,0,0,0,0,6
6,1,1,0,0,2,0,1,0,0,0,255,255,255,5,330.752,encounter v,R,10,111,-1.357,0.099,-0.031,2.078,-36.775,0,0,-2.188,400,-24.598,-0.259,-17.633,0,1,3,R,Oort__Cloud,160,90.284,0.345,0,54,0,0,0,0,0,0,0,0,0,0,0,0,0,0,0,0,0,0,-0.006,-37.556,Sabo_10,-0.156,-17.269,HANA_ARASHI,-20.315,-44.694,ʚEveɞ,-14.042,-64.26,인생최패망자,14.994,-49.122,IllilliIIIIllil,5.766,-67.02,vovopo 보보포,40.171,-92.351,ke ro,-2.982,-104.656,AI,-35.7,-81.8,0,0,0,0,0,,0,0,0,0,0,0,0,0,0,0
7,1,1,0,0,2,1,1,0,0,0,255,255,255,6,346.234,encounter v,R,10,117,-0.481,-0.995,0.041,1.906,-36.609,0,0,22.312,400,-14.801,0,0,0,1,3,R,Oort__Cloud,160,90.284,0.345,0,54,0,0,0,0,0,0,0,0,0,0,0,0,0,0,0,0,0,0,0.084,-37.587,Sabo_10,-0.05,-17.012,HANA_ARASHI,-19.258,-43.001,ʚEveɞ,-14.065,-64.289,인생최패망자,14.928,-48.854,IllilliIIIIllil,5.729,-67.003,vovopo 보보포,39.233,-92.857,ke ro,-2.983,-104.66,AI,-35.7,-81.8,0,0,0,0,0,,0,0,0,0,0,0,0,0,0,0
8,1,1,0,0,2,2,1,0,0,0,255,255,255,7,362.056,encounter v,R,26,136,1.184,3.576,-0.063,2.117,-36.87,2,0,88.079,-200,-12.93,0,0,1,1,3,R,Oort__Cloud,160,90.284,0.345,3,54,363.156,155,58,9,5,39,103,69,98.623,-78.615,0.95,-0.024,0.004,0.125,0,0,0,0,-0.107,-37.256,Sabo_10,0.077,-17.009,HANA_ARASHI,-19.057,-43.467,ʚEveɞ,-14.036,-64.237,인생최패망자,14.409,-49.433,IllilliIIIIllil,5.736,-67.021,vovopo 보보포,38.608,-92.733,ke ro,-1.549,-103.416,AI,-35.7,-81.8,368.162,-38.697,-9.701,0,0,,0,0,0,0,0,0,0,0,0,3
9,1,1,0,0,2,2,1,0,0,0,255,255,255,8,379.023,encounter v,R,13,121,-0.919,-1.499,0.144,1.833,-36.588,4,0,-390.434,312.348,7.265,0,0,1,1,3,R,Oort__Cloud,160,90.284,0.345,0,54,0,0,0,0,0,0,0,0,0,0,0,0,0,0,0,0,0,0,0.05,-37.559,Sabo_10,-0.088,-17.044,HANA_ARASHI,-19.764,-43.996,ʚEveɞ,-15.442,-63.528,인생최패망자,14.595,-48.531,IllilliIIIIllil,5.509,-65.939,vovopo 보보포,37.595,-94.427,ke ro,-0.192,-101.771,AI,-35.7,-81.8,0,0,0,0,0,,0,0,0,0,0,0,0,0,0,0
10,1,1,0,0,0,0,2,0,0,0,255,255,255,9,404.101,encounter v,R,13,114,-0.844,0.183,0.153,1.995,-36.686,0,0,-390.434,312.348,12.107,-0.649,-17.067,0,2,8,R,별이__,174.5,95,0.5,0,37,0,0,0,0,0,0,0,0,0,0,0,0,0,0,0,0,0,0,0.169,-37.538,Sabo_10,-0.265,-16.963,HANA_ARASHI,-20.291,-45.755,ʚEveɞ,-15.47,-63.585,인생최패망자,14.037,-48.66,IllilliIIIIllil,5.838,-66.327,vovopo 보보포,36.667,-93.247,ke ro,-0.299,-102.714,AI,-35.7,-81.8,0,0,0,0,0,,0,0,0,0,0,0,0,0,0,0
11,1,1,0,0,0,1,2,0,0,0,255,255,255,10,416.286,encounter v,R,14,126,1.406,-0.276,0.089,1.945,-36.649,0,0,357.697,349.36,-16.792,0,0,1,2,8,R,별이__,174.5,95,0.5,0,37,0,0,0,0,0,0,0,0,0,0,0,0,0,0,0,0,0,0,0.277,-37.653,Sabo_10,0.289,-16.793,HANA_ARASHI,-20.447,-46.424,ʚEveɞ,-15.434,-63.557,인생최패망자,14.011,-48.597,IllilliIIIIllil,5.588,-66.453,vovopo 보보포,36.662,-93.301,ke ro,-0.305,-102.727,AI,-35.7,-81.8,0,0,0,0,0,,0,0,0,0,0,0,0,0,0,0
12,1,1,0,0,0,2,2,0,0,0,255,255,255,11,431.523,encounter v,R,29,132,-1.725,0.322,0.033,1.873,-36.601,4,0,-219.866,-191.611,-41.09,-1.069,-17.048,1,2,8,R,별이__,174.5,95,0.5,0,37,0,0,0,0,0,0,0,0,0,0,0,0,0,0,0,0,0,0,0.007,-37.52,Sabo_10,-0.799,-16.821,HANA_ARASHI,-20.659,-45.091,ʚEveɞ,-15.44,-63.537,인생최패망자,14.11,-48.468,IllilliIIIIllil,5.569,-66.152,vovopo 보보포,36.538,-93.417,ke ro,0.251,-103.022,AI,-35.7,-81.8,0,0,0,0,0,,0,0,0,0,0,0,0,0,0,0
13,1,0,0,0,0,0,0,0,0,0,255,255,255,0,502.649,coder_,R,10,81,0.716,0.64,0.084,2.113,-36.973,0,0,0,400,-1.336,0,0,0,0,7,R,ke ro,160,88.518,0.462,0,78,0,0,0,0,0,0,0,0,0,0,0,0,0,0,0,0,0,0,0.08,-37.397,눈꽃,-0.081,-16.888,Pring__,-23.955,-50.367,Oort__Cloud,-12.934,-64.371,아침땅_,20.441,-49.763,소솨소솨,14.925,-62.911,それいゆ るな,37.243,-87.068,AI,0,-100.6,별이__,-46.85,-85.199,0,0,0,0,0,,0,0,0,0,0,0,0,0,0,0
14,1,0,0,0,0,1,0,0,0,0,255,255,255,1,517.289,coder_,R,26,119,1.315,1.219,0.077,1.733,-36.86,2,0,14.123,-158.441,5.661,0,0,1,0,7,R,ke ro,160,88.518,0.462,2,78,518.434,103,58,30,8,38,112,68,34.474,14.046,-0.38,0.004,-0.013,0,0,0,0,0,0.1,-37.214,눈꽃,-0.244,-16.977,Pring__,-22.24,-48.34,Oort__Cloud,-12.965,-64.434,아침땅_,20.276,-49.585,소솨소솨,14.198,-62.866,それいゆ るな,37.257,-87.092,AI,0,-100.6,별이__,-46.833,-85.197,0,0,0,523.078,3,Oort__Cloud,-11.795,-68.171,0,0,0,0,0,0,0,1
15,1,0,0,0,0,0,1,0,0,0,255,255,255,2,548.502,coder_,R,12,99,0.072,0.143,0.024,1.716,-36.847,0,0,-33.459,50.446,8.202,0,0,0,1,8,R,HANA_ARASHI,190,86,0.2,0,77,0,0,0,0,0,0,0,0,0,0,0,0,0,0,0,0,0,0,-0.145,-37.538,눈꽃,-0.09,-16.897,Pring__,-21.982,-47.634,Oort__Cloud,-13.055,-64.478,아침땅_,21.486,-49.408,소솨소솨,13.562,-64.264,それいゆ るな,37.411,-88.865,AI,0,-100.6,별이__,-45.862,-85.742,0,0,0,0,0,,0,0,0,0,0,0,0,0,0,0
16,1,0,0,0,0,1,1,0,0,0,255,255,255,3,563.737,coder_,R,13,81,-3.857,-1.81,-0.205,1.523,-36.84,4,0,-264.095,348.385,5.551,-0.804,-19.146,1,1,8,R,HANA_ARASHI,190,86,0.2,0,77,0,0,0,0,0,0,0,0,0,0,0,0,0,0,0,0,0,0,-0.082,-37.686,눈꽃,-0.905,-17.084,Pring__,-21.983,-47.638,Oort__Cloud,-13.032,-64.503,아침땅_,20.958,-49.26,소솨소솨,14.592,-64.441,それいゆ るな,38.315,-89.738,AI,0,-100.6,별이__,-45.886,-85.668,0,0,0,0,0,,0,0,0,0,0,0,0,0,0,0
17,1,0,0,0,0,2,1,0,0,0,255,255,255,4,576.443,coder_,R,26,120,-0.88,1.889,-0.054,1.855,-36.932,4,0,-0.952,-200,22.356,0,0,1,1,8,R,HANA_ARASHI,190,86,0.2,0,77,0,0,0,0,0,0,0,0,0,0,0,0,0,0,0,0,0,0,-0.132,-37.48,눈꽃,-0.119,-16.857,Pring__,-21.978,-47.639,Oort__Cloud,-13.048,-64.502,아침땅_,20.956,-49.229,소솨소솨,14.505,-64.492,それいゆ るな,38.647,-89.949,AI,0,-100.6,별이__,-45.944,-85.652,0,0,0,0,0,,0,0,0,0,0,0,0,0,0,0
18,1,0,0,0,0,0,2,0,0,0,255,255,255,5,595.77,coder_,R,26,121,-1.611,-0.334,-0.083,1.585,-36.855,1,0,-59.493,-187.588,16.623,0,0,0,2,2,L,vovopo 보보포,160,94,0.549,0,75,0,0,0,0,0,0,0,0,0,0,0,0,0,0,0,0,0,0,-0.042,-37.76,눈꽃,-0.167,-16.975,Pring__,-21.948,-47.769,Oort__Cloud,-13.079,-64.564,아침땅_,21.539,-46.694,소솨소솨,16.766,-62.018,それいゆ るな,38.494,-89.74,AI,0,-100.6,별이__,-46.013,-85.657,0,0,0,0,0,,0,0,0,0,0,0,0,0,0,0
19,1,0,0,0,1,0,2,0,0,0,255,255,255,6,605.747,coder_,R,27,118,-1.201,0.759,-0.079,1.697,-36.827,2,0,18.967,-127.634,8.873,0,0,1,2,2,L,vovopo 보보포,160,94,0.549,2,75,606.859,255,80,121,77,111,144,129,-30,-48.067,0.41,0.077,-0.064,0.043,0.083,0,0,0,0.137,-37.19,눈꽃,-0.067,-17.048,Pring__,-21.924,-47.728,Oort__Cloud,-13.123,-64.541,아침땅_,21.503,-46.36,소솨소솨,16.757,-62.033,それいゆ るな,38.564,-89.778,AI,0,-100.6,별이__,-46.368,-85.24,606.981,1.718,-22.45,0,0,,0,0,0,0,0,0,0,0,0,3
20,1,0,0,0,1,1,2,0,0,0,255,255,255,7,621.911,coder_,R,7,90,2.3,-0.586,0.106,1.582,-36.845,1,0,191.388,0,-2.324,0,0,0,2,2,L,vovopo 보보포,160,94,0.549,0,44,0,0,0,0,0,0,0,0,0,0,0,0,0,0,0,0,0,0,0.037,-37.492,눈꽃,0.314,-16.948,Pring__,-22.498,-48.233,Oort__Cloud,-13.023,-64.563,아침땅_,21.603,-46.039,소솨소솨,17.621,-61.377,それいゆ るな,42.667,-87.242,AI,0,-100.6,별이__,-42.026,-83.748,0,0,0,0,0,,0,0,0,0,0,0,0,0,0,0
21,1,0,0,0,2,1,2,0,0,0,255,255,255,8,632.756,coder_,R,6,83,3.503,-0.611,0.124,1.581,-36.784,4,0,352.896,0,2.064,1.043,-16.312,1,2,2,L,vovopo 보보포,160,94,0.549,0,44,0,0,0,0,0,0,0,0,0,0,0,0,0,0,0,0,0,0,-0.165,-37.775,눈꽃,1.089,-16.897,Pring__,-22.325,-47.342,Oort__Cloud,-13.155,-64.603,아침땅_,21.651,-46.131,소솨소솨,17.123,-62.373,それいゆ るな,42.486,-87.413,AI,0,-100.6,별이__,-41.805,-84.125,0,0,0,0,0,,0,0,0,0,0,0,0,0,0,0
22,1,0,0,0,2,2,2,0,0,0,255,255,255,9,645.816,coder_,R,26,120,-0.218,2.375,-0.019,1.828,-36.877,2,0,20.898,-200,13.172,0,0,1,2,2,L,vovopo 보보포,160,94,0.549,2,44,646.962,237,145,46,23,186,150,88,35.188,14.333,-0.38,-0.001,-0.031,0.304,0,0,0,0,-0.064,-37.23,눈꽃,-0.05,-16.894,Pring__,-22.626,-48.042,Oort__Cloud,-13.04,-64.454,아침땅_,21.553,-46.06,소솨소솨,16.782,-62.998,それいゆ るな,41.917,-87.755,AI,0,-100.6,별이__,-42.405,-84.248,656.814,-22.17,-109.336,657.481,8,별이__,-21.982,-107.551,1,0,0,0,0,0,0,2
23,1,0,0,0,0,0,2,0,1,0,255,15,255,10,686.379,coder_,R,3,83,0.07,0.174,0.336,1.672,-37.073,0,0,-279.199,0,9.218,0,0,0,3,1,L,Sabo_10,184.8,94,0.6,0,73,0,0,0,0,0,0,0,0,0,0,0,0,0,0,0,0,0,0,-0.007,-37.812,눈꽃,-0.06,-16.912,Pring__,-22.688,-48.255,Oort__Cloud,-8.494,-64.583,아침땅_,21.695,-46.009,소솨소솨,18.317,-61.56,それいゆ るな,40.047,-85.356,AI,0,-100.6,별이__,-43.194,-85.239,0,0,0,0,0,,0,0,0,0,0,0,0,0,0,0
24,1,0,0,0,0,1,2,0,1,0,255,15,255,11,701.783,coder_,R,6,89,2.124,-0.71,0.054,1.534,-36.891,4,0,250.997,0,-1.049,0,0,1,3,1,L,Sabo_10,184.8,94,0.6,0,73,0,0,0,0,0,0,0,0,0,0,0,0,0,0,0,0,0,0,0.008,-37.949,눈꽃,0.214,-16.951,Pring__,-22.678,-48.277,Oort__Cloud,-4.122,-64.196,아침땅_,21.719,-45.978,소솨소솨,18.291,-61.58,それいゆ るな,39.699,-85.504,AI,0,-100.6,별이__,-42.017,-85.519,0,0,0,0,0,,0,0,0,0,0,0,0,0,0,0
25,1,0,0,0,0,2,2,0,0,1,255,255,11,12,739.016,coder_,R,41,87,1.339,0.766,0.127,1.77,-36.971,2,0,-4.527,-68.435,-6.261,0,0,1,3,1,L,Sabo_10,184.8,94,0.6,3,73,740.341,207,120,58,46,50,150,130,-30,-42.003,0.61,0.014,-0.069,0.15,0,0,0,0,0.102,-37.452,눈꽃,-0.01,-16.864,Pring__,-22.697,-48.28,Oort__Cloud,-12.874,-64.535,아침땅_,19.949,-44.789,소솨소솨,17.873,-61.94,それいゆ るな,42.545,-83.814,AI,0,-100.6,별이__,-41.892,-84.863,740.453,2.205,-23.402,746.766,6,それいゆ るな,57.306,-86.731,0,0,0,0,0,0,0,2
26,1,0,0,1,0,0,2,0,0,0,255,255,255,13,776.827,coder_,R,26,120,-1.504,0.84,-0.096,1.704,-36.811,2,0,11.402,-200,7.396,0,0,1,4,5,L,IllilliIIIIllil,174.5,86,0.497,3,72,777.839,254,166,100,66,108,150,39,17.729,13.81,-0.54,0.064,-0.024,0.092,0,0,0,0,-0.195,-37.225,눈꽃,-0.003,-16.924,Pring__,-22.254,-48.63,Oort__Cloud,-7.577,-64.889,아침땅_,21.949,-46.228,소솨소솨,18.558,-62.659,それいゆ るな,45.824,-85.48,AI,0,-100.6,별이__,-39.2,-84.18,0,0,0,779.71,0,coder_,-3.539,-32.972,0,0,0,0,0,0,0,1
27,2,1,0,1,0,0,0,0,0,0,255,255,255,12,828.41,encounter v,R,26,140,0.517,0.322,0.023,1.706,-36.553,0,0,35.328,-200,-30.921,0,0,1,3,4,R,아침땅_,179.7,95,0.5,0,71,0,0,0,0,0,0,0,0,0,0,0,0,0,0,0,0,0,0,-0.146,-36.983,Sabo_10,0.01,-16.976,vovopo 보보포,-22.087,-47.004,ʚEveɞ,-12.676,-64.812,인생최패망자,14.751,-50.791,IllilliIIIIllil,6.283,-66.904,AI,35.7,-81.8,ke ro,0.725,-113.496,HANA_ARASHI,-41.592,-88.758,0,0,0,0,0,,0,0,0,0,0,0,0,0,0,0
28,2,1,0,1,0,1,0,0,0,0,255,255,255,13,840.357,encounter v,R,26,140,-2.451,-2.664,-0.138,1.245,-36.431,4,0,-54.401,-200,4.621,-0.387,-23.574,1,3,4,R,아침땅_,179.7,95,0.5,0,71,0,0,0,0,0,0,0,0,0,0,0,0,0,0,0,0,0,0,0.136,-37.166,Sabo_10,-0.323,-17.062,vovopo 보보포,-20.547,-43.821,ʚEveɞ,-13.019,-64.792,인생최패망자,14.77,-50.821,IllilliIIIIllil,6.077,-66.966,AI,35.7,-81.8,ke ro,0.727,-113.497,HANA_ARASHI,-42.671,-93.312,0,0,0,0,0,,0,0,0,0,0,0,0,0,0,0
29,2,1,0,1,0,2,0,0,0,0,255,255,255,14,851.877,encounter v,R,13,117,1.32,0.122,0.184,1.833,-36.807,0,0,-364.414,342.349,-19.957,-0.201,-15.347,0,3,4,R,아침땅_,179.7,95,0.5,0,71,0,0,0,0,0,0,0,0,0,0,0,0,0,0,0,0,0,0,0.159,-37.396,Sabo_10,0.127,-17.372,vovopo 보보포,-19.35,-40.488,ʚEveɞ,-12.996,-64.793,인생최패망자,14.616,-49.928,IllilliIIIIllil,6.063,-67.008,AI,35.708,-81.807,ke ro,0.554,-113.493,HANA_ARASHI,-41.472,-95.342,0,0,0,0,0,,0,0,0,0,0,0,0,0,0,0
30,2,1,0,1,0,0,1,0,0,0,255,255,255,15,883.569,encounter v,R,10,128,-0.795,-1.648,-0.023,1.648,-36.452,2,0,-98.58,400,1.774,0,0,1,4,5,R,소솨소솨,175.1,95.643,0.5,2,71,884.455,247,110,54,5,165,150,117,-30,2.13,0.91,-0.022,-0.079,0.276,0,0,0,0,-0.186,-37.058,Sabo_10,0.035,-17.029,vovopo 보보포,-21.67,-45.922,ʚEveɞ,-13,-64.81,인생최패망자,14.532,-48.892,IllilliIIIIllil,5.028,-66.619,AI,35.7,-81.8,ke ro,0.71,-110.474,HANA_ARASHI,-39.474,-88.372,884.481,-0.173,-19.743,887.217,8,별이__,0.819,-36.646,0,0,0,0,0,0,0,2
31,2,1,0,1,0,0,2,0,0,0,255,255,255,16,920.693,encounter v,R,14,113,2.744,-0.428,0.085,1.737,-36.591,4,0,390.434,312.348,-44.394,0,0,1,5,1,L,눈꽃,190,90,0.496,0,89,0,0,0,0,0,0,0,0,0,0,0,0,0,0,0,0,0,0,0.24,-37.593,Sabo_10,0.539,-17.19,vovopo 보보포,-20.782,-46.094,ʚEveɞ,-12.359,-64.68,인생최패망자,21.987,-47.344,IllilliIIIIllil,13.374,-64.259,AI,35.7,-81.8,ke ro,-0.66,-112.193,HANA_ARASHI,-41.745,-91.07,0,0,0,0,0,,0,0,0,0,0,0,0,0,0,0
32,2,1,0,1,0,1,2,0,0,0,255,255,255,17,936.672,encounter v,R,10,126,-2.436,-2.529,-0.15,1.488,-36.394,4,0,0,400,-0.821,0,0,1,5,1,L,눈꽃,190,90,0.496,0,89,0,0,0,0,0,0,0,0,0,0,0,0,0,0,0,0,0,0,0.001,-37.4,Sabo_10,-0.134,-16.972,vovopo 보보포,-20.455,-43.847,ʚEveɞ,-12.406,-64.612,인생최패망자,19.91,-45.298,IllilliIIIIllil,13.088,-64.432,AI,35.7,-81.8,ke ro,-0.643,-112.2,HANA_ARASHI,-42,-91.255,0,0,0,0,0,,0,0,0,0,0,0,0,0,0,0
33,2,1,0,1,0,2,2,0,0,0,255,255,255,18,951.668,encounter v,R,27,128,0.409,2.299,-0.005,1.981,-36.796,1,0,118.641,-145.13,-20.972,0,0,0,5,1,L,눈꽃,190,90,0.496,0,89,0,0,0,0,0,0,0,0,0,0,0,0,0,0,0,0,0,0,-0.041,-37.115,Sabo_10,0.21,-16.932,vovopo 보보포,-21.745,-43.745,ʚEveɞ,-12.444,-64.665,인생최패망자,22.81,-48.227,IllilliIIIIllil,12.933,-64.633,AI,35.7,-81.8,ke ro,-0.652,-112.207,HANA_ARASHI,-42.14,-90.677,0,0,0,0,0,,0,0,0,0,0,0,0,0,0,0
34,2,1,0,1,1,2,2,0,0,0,255,255,255,19,965.359,encounter v,R,13,122,-1.822,2.053,-0.045,2.087,-36.88,1,0,-262.699,400,-29.442,-1.239,-12.047,0,5,1,L,눈꽃,190,90,0.496,0,89,0,0,0,0,0,0,0,0,0,0,0,0,0,0,0,0,0,0,-0.173,-37.086,Sabo_10,-1.185,-16.374,vovopo 보보포,-21.401,-43.98,ʚEveɞ,-12.368,-64.578,인생최패망자,21.021,-46.577,IllilliIIIIllil,12.904,-64.66,AI,35.7,-81.8,ke ro,0.151,-112.51,HANA_ARASHI,-43.055,-90.524,0,0,0,0,0,,0,0,0,0,0,0,0,0,0,0
35,2,1,0,1,2,2,2,0,0,0,255,255,255,20,985.146,encounter v,R,10,120,-0.608,1.945,-0.037,2.078,-36.807,2,0,0,400,-17.508,0,0,1,5,1,L,눈꽃,190,90,0.496,3,89,986.291,139,106,54,25,64,140,94,18.302,25.445,-0.48,-0.021,0.038,0,0,0,0,0,-0.166,-37.027,Sabo_10,0.044,-17.3,vovopo 보보포,-22.015,-46.306,ʚEveɞ,-12.384,-64.557,인생최패망자,21.838,-47.247,IllilliIIIIllil,12.888,-64.717,AI,35.7,-81.8,ke ro,0.389,-112.519,HANA_ARASHI,-37.858,-91.159,990.863,-36.317,-92.79,991.036,8,HANA_ARASHI,-35.202,-90.571,0,0,0,0,0,0,0,1
36,2,0,0,1,0,0,0,0,0,0,255,255,255,14,1037.412,coder_,R,26,118,-0.164,1.61,-0.13,1.581,-36.827,2,0,-68.207,-200,13.03,0,0,1,5,3,L,ʚEveɞ,174.9,95,0.401,3,70,1038.588,255,158,101,50,106,150,94,95.73,53.048,-0.37,0.075,-0.045,0.044,0,0,0,0,-0.062,-37.169,눈꽃,-0.262,-16.911,Pring__,-25.924,-51.674,Oort__Cloud,-13.075,-64.554,아침땅_,21.372,-46.156,소솨소솨,17.219,-62.668,それいゆ るな,37.284,-86.326,AI,0,-100.606,별이__,-38.311,-88.698,1045.293,21.738,-6.721,0,0,,0,0,0,0,0,0,0,0,0,3
37,2,0,0,1,0,1,0,0,0,0,255,255,255,15,1061.949,coder_,R,46,93,3.014,-0.056,0.241,1.612,-36.988,1,0,140.326,-80.136,7.309,0,0,0,5,3,L,ʚEveɞ,174.9,95,0.401,0,69,0,0,0,0,0,0,0,0,0,0,0,0,0,0,0,0,0,0,-0.022,-37.646,눈꽃,0.274,-17.075,Pring__,-24.856,-50.807,Oort__Cloud,-12.953,-64.668,아침땅_,21.768,-45.886,소솨소솨,18.784,-60.585,それいゆ るな,44.09,-83.544,AI,0,-100.6,별이__,-39.102,-88.341,0,0,0,0,0,,0,0,0,0,0,0,0,0,0,0
38,2,0,0,1,1,1,0,0,0,0,255,255,255,16,1074.963,coder_,R,45,95,4.485,0.202,0.311,1.643,-37.006,1,0,191.316,-130.145,4.084,0,0,0,5,3,L,ʚEveɞ,174.9,95,0.401,0,69,0,0,0,0,0,0,0,0,0,0,0,0,0,0,0,0,0,0,-0.052,-37.559,눈꽃,0.236,-17.061,Pring__,-24.856,-50.815,Oort__Cloud,-12.993,-64.63,아침땅_,21.735,-45.92,소솨소솨,18.33,-61.452,それいゆ るな,44.02,-83.7,AI,0,-100.6,별이__,-39.813,-87.763,0,0,0,0,0,,0,0,0,0,0,0,0,0,0,0
39,2,0,0,1,2,1,0,0,0,0,255,255,255,17,1086.061,coder_,R,14,87,2.921,-0.945,0.099,1.696,-36.825,4,0,301.788,323.115,-2.494,0.995,-17.041,1,5,3,L,ʚEveɞ,174.9,95,0.401,0,69,0,0,0,0,0,0,0,0,0,0,0,0,0,0,0,0,0,0,-0.103,-37.654,눈꽃,0.777,-16.977,Pring__,-24.854,-50.817,Oort__Cloud,-13.063,-64.628,아침땅_,21.714,-45.925,소솨소솨,18.302,-61.37,それいゆ るな,44.044,-83.749,AI,0,-100.6,별이__,-40.135,-87.942,0,0,0,0,0,,0,0,0,0,0,0,0,0,0,0
40,2,0,0,1,2,2,0,0,0,0,255,255,255,18,1105.591,coder_,R,6,89,1.979,0.179,0.028,1.693,-36.882,4,0,274.881,0,-2.01,0,0,1,5,3,L,ʚEveɞ,174.9,95,0.401,0,69,0,0,0,0,0,0,0,0,0,0,0,0,0,0,0,0,0,0,-0.008,-37.587,눈꽃,0.435,-16.975,Pring__,-24.662,-49.841,Oort__Cloud,-12.995,-64.53,아침땅_,21.89,-46.104,소솨소솨,18.322,-61.438,それいゆ るな,43.784,-84.181,AI,0,-100.61,별이__,-40.147,-87.96,0,0,0,0,0,,0,0,0,0,0,0,0,0,0,0
41,2,0,0,1,0,0,1,0,0,0,255,255,255,19,1133.334,coder_,R,10,108,-2.733,-2.065,-0.168,1.524,-36.787,1,0,0,400,20.018,-0.556,-17.66,0,5,4,R,인생최패망자,190,95,0.45,0,69,0,0,0,0,0,0,0,0,0,0,0,0,0,0,0,0,0,0,0.063,-37.5,눈꽃,-0.585,-17.41,Pring__,-22.215,-47.06,Oort__Cloud,-13.003,-64.519,아침땅_,21.65,-50.358,소솨소솨,16.123,-62.885,それいゆ るな,43.841,-84.315,AI,0,-100.6,별이__,-43.244,-85.762,0,0,0,0,0,,0,0,0,0,0,0,0,0,0,0
42,2,0,0,1,1,0,1,0,0,0,255,255,255,20,1149.369,coder_,R,38,92,-0.375,-0.511,-0.029,1.551,-36.807,0,0,-11.102,-35.791,-4.677,0,0,1,5,4,R,인생최패망자,190,95,0.45,0,69,0,0,0,0,0,0,0,0,0,0,0,0,0,0,0,0,0,0,-0.297,-37.797,눈꽃,-0.414,-16.919,Pring__,-22.22,-47.066,Oort__Cloud,-12.941,-64.391,아침땅_,21.693,-50.379,소솨소솨,16.129,-62.908,それいゆ るな,43.056,-84.33,AI,0,-100.6,별이__,-43.189,-85.765,0,0,0,0,0,,0,0,0,0,0,0,0,0,0,0
43,2,0,0,1,1,1,1,0,0,0,255,255,255,21,1165.747,coder_,R,10,107,-1.481,-1.055,-0.091,1.623,-36.732,4,0,0,400,48.418,-0.23,-17.561,1,5,4,R,인생최패망자,190,95,0.45,0,69,0,0,0,0,0,0,0,0,0,0,0,0,0,0,0,0,0,0,0.035,-37.409,눈꽃,-0.277,-17.386,Pring__,-21.912,-45.977,Oort__Cloud,-12.999,-64.43,아침땅_,21.717,-50.369,소솨소솨,15.578,-62.825,それいゆ るな,42.889,-84.406,AI,0,-100.6,별이__,-43.24,-85.273,0,0,0,0,0,,0,0,0,0,0,0,0,0,0,0
44,2,0,0,1,1,2,1,0,0,0,255,255,255,22,1180.848,coder_,R,43,88,-5.276,0.33,-0.428,1.709,-36.909,1,0,-108.007,-44.876,-1.626,0,0,0,5,4,R,인생최패망자,190,95,0.45,0,69,0,0,0,0,0,0,0,0,0,0,0,0,0,0,0,0,0,0,-0.13,-37.501,눈꽃,-0.75,-17.234,Pring__,-22.393,-46.3,Oort__Cloud,-13.045,-64.492,아침땅_,21.67,-50.416,소솨소솨,15.12,-64.145,それいゆ るな,42.909,-84.426,AI,0,-100.6,별이__,-43.921,-85.502,0,0,0,0,0,,0,0,0,0,0,0,0,0,0,0
45,2,0,0,1,1,1,1,0,0,0,255,255,255,23,1195.92,coder_,R,42,90,-3.811,0.418,-0.255,1.722,-36.877,1,0,-173.13,-56.557,-6.717,0,0,0,6,4,R,인생최패망자,190,95,0.45,0,69,0,0,0,0,0,0,0,0,0,0,0,0,0,0,0,0,0,0,-0.171,-37.645,눈꽃,-0.394,-17.07,Pring__,-22.432,-48.43,Oort__Cloud,-12.972,-64.476,아침땅_,21.665,-50.392,소솨소솨,15.443,-63.86,それいゆ るな,42.92,-84.464,AI,0,-100.6,별이__,-43.922,-85.502,0,0,0,0,0,,0,0,0,0,0,0,0,0,0,0
46,2,0,0,1,3,2,1,0,0,0,255,255,255,24,1211.524,coder_,R,6,81,-2.409,0.245,-0.397,1.713,-36.847,1,0,294.545,0,2.553,0,0,0,6,4,R,인생최패망자,190,95,0.45,0,69,0,0,0,0,0,0,0,0,0,0,0,0,0,0,0,0,0,0,-0.114,-37.535,눈꽃,-0.171,-16.943,Pring__,-21.213,-42.961,Oort__Cloud,-12.984,-64.382,아침땅_,21.658,-50.4,소솨소솨,15.306,-63.696,それいゆ るな,42.927,-84.453,AI,0,-100.6,별이__,-43.922,-85.502,0,0,0,0,0,,0,0,0,0,0,0,0,0,0,5
47,2,0,0,1,0,0,1,1,0,0,13,255,255,25,1235.691,coder_,R,26,118,-2.073,-0.046,-0.12,1.608,-36.802,2,0,-26.512,-200,4.334,0,0,1,7,0,L,encounter v,190,95,0.447,3,68,1236.816,143,121,114,23,62,150,97,33.358,-9.929,-0.48,0.087,-0.071,0.216,0,0,0,0,-0.359,-37.271,눈꽃,-0.12,-16.869,Pring__,-19.758,-44.503,Oort__Cloud,-12.913,-64.357,아침땅_,23.54,-48.111,소솨소솨,16.022,-62.341,それいゆ るな,42.471,-85.796,AI,0,-100.6,별이__,-41.679,-86.981,1248.064,33.725,-123.092,1248.286,6,それいゆ るな,33.717,-123.107,1,0,0,0,0,0,0,2
48,2,0,0,3,0,0,1,0,0,0,255,255,255,26,1279.689,coder_,R,10,92,-1.743,-2.12,-0.162,1.522,-36.81,1,0,0,268.131,11.842,-0.334,-19.195,0,0,7,R,ke ro,160,87.518,0.452,0,67,0,0,0,0,0,0,0,0,0,0,0,0,0,0,0,0,0,0,-0.086,-37.691,눈꽃,-0.472,-17.105,Pring__,-20.837,-44.612,Oort__Cloud,-13.13,-64.609,아침땅_,21.08,-48.911,소솨소솨,14.526,-64.166,それいゆ るな,41.03,-85.316,AI,0,-100.6,별이__,-41.002,-88.794,0,0,0,0,0,,0,0,0,0,0,0,0,0,0,0
49,2,0,0,3,1,0,1,0,0,0,255,255,255,27,1289.322,coder_,R,10,81,-0.018,-1.042,0.022,1.754,-36.806,0,0,-41.066,397.838,5.206,-0.022,-18.17,0,0,7,R,ke ro,160,87.518,0.452,0,67,0,0,0,0,0,0,0,0,0,0,0,0,0,0,0,0,0,0,-0.025,-37.517,눈꽃,-0.011,-16.9,Pring__,-21.223,-45.832,Oort__Cloud,-13.175,-64.629,아침땅_,21.011,-49.655,소솨소솨,14.303,-63.421,それいゆ るな,44.502,-91.967,AI,0,-100.6,별이__,-41.107,-89.156,0,0,0,0,0,,0,0,0,0,0,0,0,0,0,0
50,2,0,0,3,1,1,1,0,0,0,255,255,255,28,1300.957,coder_,R,40,85,-0.245,3.018,0.026,2.145,-37.052,1,0,-12.599,-113.163,-2.544,0,0,0,0,7,R,ke ro,160,87.518,0.452,0,67,0,0,0,0,0,0,0,0,0,0,0,0,0,0,0,0,0,0,-0.045,-37.528,눈꽃,0.021,-16.965,Pring__,-21.22,-45.85,Oort__Cloud,-13.131,-64.612,아침땅_,20.265,-49.507,소솨소솨,13.851,-64.103,それいゆ るな,44.527,-92.06,AI,0,-100.6,별이__,-41.087,-89.141,0,0,0,0,0,,0,0,0,0,0,0,0,0,0,0
51,2,0,0,3,2,1,1,0,0,0,255,255,255,29,1311.114,coder_,R,10,81,1.052,0.962,0.109,2.138,-36.999,0,0,0,400,-5.613,0,0,0,0,7,R,ke ro,160,87.518,0.452,0,67,0,0,0,0,0,0,0,0,0,0,0,0,0,0,0,0,0,0,0.012,-37.609,눈꽃,-0.072,-16.881,Pring__,-21.1,-45.867,Oort__Cloud,-13.11,-64.597,아침땅_,20.606,-49.283,소솨소솨,15.262,-64.151,それいゆ るな,44.524,-92.024,AI,0,-100.6,별이__,-41.081,-89.134,0,0,0,0,0,,0,0,0,0,0,0,0,0,0,0
52,2,0,0,3,2,2,1,0,0,0,255,255,255,30,1323.616,coder_,R,28,101,1.291,3.627,0.115,2.023,-37.044,1,0,9.336,-88.602,-1.986,0,0,0,0,7,R,ke ro,160,87.518,0.452,0,67,0,0,0,0,0,0,0,0,0,0,0,0,0,0,0,0,0,0,-0.131,-37.381,눈꽃,-0.08,-17.025,Pring__,-21.139,-47.199,Oort__Cloud,-13.114,-64.498,아침땅_,20.409,-49.448,소솨소솨,14.993,-63.396,それいゆ るな,44.506,-91.996,AI,0,-100.6,별이__,-41.79,-88.72,0,0,0,0,0,,0,0,0,0,0,0,0,0,0,0
53,2,0,0,3,3,2,1,0,0,0,255,255,255,31,1334.501,coder_,R,26,120,-0.025,-0.136,0.002,1.603,-36.79,2,0,-13.724,-190.166,14.041,0,0,1,0,7,R,ke ro,160,87.518,0.452,2,67,1335.675,112,91,62,41,66,135,84,95.526,-76.996,-0.29,-0.027,-0.036,0.086,0,0,0,0,-0.085,-37.045,눈꽃,0.06,-17.021,Pring__,-21.329,-47.049,Oort__Cloud,-13.141,-64.486,아침땅_,20.318,-49.379,소솨소솨,15.354,-63.942,それいゆ るな,44.549,-92.066,AI,0,-100.6,별이__,-43.59,-87.455,0,0,0,0,0,,0,0,0,0,0,0,0,0,0,0
54,2,0,0,3,3,2,1,0,0,0,255,255,255,32,1353.004,coder_,R,38,80,-0.779,-0.352,-0.076,1.616,-36.866,0,0,5.834,0.968,-2.088,0,0,1,0,7,R,ke ro,160,87.518,0.452,0,88,0,0,0,0,0,0,0,0,0,0,0,0,0,0,0,0,0,0,-0.167,-38.16,눈꽃,-0.18,-17.002,Pring__,-20.568,-43.443,Oort__Cloud,-13.062,-64.494,아침땅_,20.443,-48.786,소솨소솨,14.962,-63.972,それいゆ るな,42.967,-90.24,AI,0,-100.6,별이__,-45.85,-86.963,0,0,0,0,0,,0,0,0,0,0,0,0,0,0,0
55,2,0,0,3,0,0,2,0,0,0,255,255,255,33,1375.338,coder_,R,13,79,-3.565,0.075,-0.061,2.018,-36.999,1,0,-206.421,400,7.91,0,0,0,1,8,R,HANA_ARASHI,190,86,0.2,0,67,0,0,0,0,0,0,0,0,0,0,0,0,0,0,0,0,0,0,-0.093,-37.673,눈꽃,-0.314,-16.923,Pring__,-20.381,-45.82,Oort__Cloud,-12.981,-64.322,아침땅_,20.459,-49.864,소솨소솨,15.13,-63.475,それいゆ るな,43.621,-89.598,AI,0,-100.6,별이__,-45.897,-86.946,0,0,0,0,0,,0,0,0,0,0,0,0,0,0,0
56,2,0,0,3,1,0,2,0,0,0,255,255,255,34,1387.476,coder_,R,7,83,-2.404,1.989,-0.334,2.049,-36.901,1,0,188.466,0,-0.196,0,0,0,1,8,R,HANA_ARASHI,190,86,0.2,0,67,0,0,0,0,0,0,0,0,0,0,0,0,0,0,0,0,0,0,-0.085,-37.343,눈꽃,-0.083,-17.086,Pring__,-20.407,-45.779,Oort__Cloud,-13.03,-64.341,아침땅_,20.448,-49.897,소솨소솨,14.803,-63.734,それいゆ るな,43.568,-89.681,AI,0,-100.6,별이__,-45.768,-86.96,0,0,0,0,0,,0,0,0,0,0,0,0,0,0,0
57,2,0,0,3,2,0,2,0,0,0,255,255,255,35,1398.419,coder_,R,27,116,1.187,0.797,0.065,1.739,-36.842,2,0,29.352,-103.927,-2.992,0,0,1,1,8,R,HANA_ARASHI,190,86,0.2,3,67,1399.675,145,101,58,25,31,140,100,91.207,-84.441,-0.21,-0.004,-0.04,0.109,0,0,0,0,-0.065,-37.34,눈꽃,-0.081,-16.953,Pring__,-20.378,-45.767,Oort__Cloud,-13.003,-64.341,아침땅_,20.328,-49.808,소솨소솨,15.062,-64.381,それいゆ るな,43.571,-89.676,AI,0,-100.6,별이__,-45.811,-86.971,1406.689,-25.184,-11.391,0,0,,0,0,0,0,0,0,0,0,0,3
58,2,0,0,3,2,1,2,0,0,0,255,255,255,36,1422.296,coder_,R,13,83,-4.388,-2.279,-0.253,1.432,-36.797,4,0,-268.502,351.246,9.556,-0.844,-19.961,1,1,8,R,HANA_ARASHI,190,86,0.2,0,46,0,0,0,0,0,0,0,0,0,0,0,0,0,0,0,0,0,0,0.078,-37.535,눈꽃,-0.963,-17.118,Pring__,-20.28,-42.334,Oort__Cloud,-12.861,-63.353,아침땅_,21.37,-50.425,소솨소솨,14.904,-64.187,それいゆ るな,43.226,-87.443,AI,0,-100.6,별이__,-47.969,-84.429,0,0,0,0,0,,0,0,0,0,0,0,0,0,0,0
59,2,0,0,3,2,2,2,0,0,0,255,255,255,37,1438.875,coder_,R,38,78,1.454,0.604,0.125,1.778,-36.922,0,0,16.531,-8.832,-1.161,0,0,0,1,8,R,HANA_ARASHI,190,86,0.2,0,46,0,0,0,0,0,0,0,0,0,0,0,0,0,0,0,0,0,0,-0.144,-37.718,눈꽃,0.085,-16.81,Pring__,-19.431,-41.466,Oort__Cloud,-13.049,-64.528,아침땅_,21.313,-50.359,소솨소솨,15.804,-63.99,それいゆ るな,46.081,-88.908,AI,0,-100.6,별이__,-47.958,-84.415,0,0,0,0,0,,0,0,0,0,0,0,0,0,0,0
60,3,1,0,3,0,0,0,0,0,0,255,255,255,21,1480.591,encounter v,R,26,135,2.298,4.402,0.074,1.826,-36.621,1,0,34.995,-200,-26.461,1.311,-7.505,0,6,6,R,それいゆ るな,160,86,0.43,0,66,0,0,0,0,0,0,0,0,0,0,0,0,0,0,0,0,0,0,0.153,-37.271,Sabo_10,-0.042,-17.034,vovopo 보보포,-22.4,-45.77,ʚEveɞ,-15.911,-63.098,인생최패망자,14.242,-49.874,IllilliIIIIllil,6.052,-66.771,AI,35.7,-81.8,ke ro,1.998,-106.172,HANA_ARASHI,-40.444,-87.249,0,0,0,0,0,,0,0,0,0,0,0,0,0,0,0
61,3,1,0,3,1,0,0,0,0,0,255,255,255,22,1499.702,encounter v,R,10,121,-0.034,-0.541,0.076,1.858,-36.634,0,0,0,400,-17.44,0,0,0,6,6,R,それいゆ るな,160,86,0.43,0,66,0,0,0,0,0,0,0,0,0,0,0,0,0,0,0,0,0,0,-0.07,-37.609,Sabo_10,0.043,-16.771,vovopo 보보포,-21.515,-44.391,ʚEveɞ,-15.933,-63.074,인생최패망자,14.324,-48.71,IllilliIIIIllil,5.816,-66.909,AI,35.7,-81.8,ke ro,1.845,-105.333,HANA_ARASHI,-40.255,-87.763,0,0,0,0,0,,0,0,0,0,0,0,0,0,0,0
62,3,1,0,3,1,1,0,0,0,0,255,255,255,23,1513.699,encounter v,R,13,117,0.038,-0.294,0.185,1.87,-36.655,0,0,-374.236,331.584,-2.186,0,0,0,6,6,R,それいゆ るな,160,86,0.43,0,66,0,0,0,0,0,0,0,0,0,0,0,0,0,0,0,0,0,0,0.234,-37.664,Sabo_10,-0.042,-16.908,vovopo 보보포,-21.903,-45.87,ʚEveɞ,-15.886,-63.034,인생최패망자,14.602,-48.639,IllilliIIIIllil,6.106,-66.839,AI,35.7,-81.8,ke ro,1.929,-108.434,HANA_ARASHI,-40.457,-88.307,0,0,0,0,0,,0,0,0,0,0,0,0,0,0,0
63,3,1,0,3,1,2,0,0,0,0,255,255,255,24,1527.722,encounter v,R,10,125,-1.517,1.121,-0.015,2.008,-36.773,1,0,0,400,-24.178,-0.35,-17.876,0,6,6,R,それいゆ るな,160,86,0.43,0,66,0,0,0,0,0,0,0,0,0,0,0,0,0,0,0,0,0,0,0.108,-37.397,Sabo_10,-0.155,-17.347,vovopo 보보포,-21.336,-42.454,ʚEveɞ,-15.918,-63.077,인생최패망자,14.539,-48.648,IllilliIIIIllil,6.051,-66.652,AI,35.7,-81.8,ke ro,1.549,-108.492,HANA_ARASHI,-41.013,-87.659,0,0,0,0,0,,0,0,0,0,0,0,0,0,0,0
64,3,1,0,3,2,2,0,0,0,0,255,255,255,25,1543.126,encounter v,R,10,124,-0.682,-1.553,0.036,1.768,-36.602,4,0,0,400,-11.336,0,0,1,6,6,R,それいゆ るな,160,86,0.43,0,66,0,0,0,0,0,0,0,0,0,0,0,0,0,0,0,0,0,0,0.114,-37.342,Sabo_10,0.018,-17.121,vovopo 보보포,-22.254,-44.921,ʚEveɞ,-15.943,-63.092,인생최패망자,14.51,-49.276,IllilliIIIIllil,6.111,-66.636,AI,35.7,-81.8,ke ro,1.794,-108.537,HANA_ARASHI,-39.104,-83.635,0,0,0,0,0,,0,0,0,0,0,0,0,0,0,0
65,3,1,0,3,0,0,1,0,0,0,255,255,255,26,1562.884,encounter v,R,13,126,-2.325,-1.441,0.031,1.766,-36.601,4,0,-358.945,348.078,-6.035,0,0,1,7,0,R,coder_,160,95,0.448,0,66,0,0,0,0,0,0,0,0,0,0,0,0,0,0,0,0,0,0,0.058,-37.339,Sabo_10,-0.416,-17.223,vovopo 보보포,-22.928,-46.171,ʚEveɞ,-13.396,-64.833,인생최패망자,16.147,-46.323,IllilliIIIIllil,11.098,-65.134,AI,35.7,-81.8,ke ro,1.548,-109.3,HANA_ARASHI,-41.039,-84.777,0,0,0,0,0,,0,0,0,0,0,0,0,0,0,0
66,3,1,0,3,1,1,1,0,0,0,255,255,255,27,1593.255,encounter v,R,10,117,0.183,0.294,0.089,1.94,-36.634,0,0,0,400,-10.537,0,0,0,7,0,R,coder_,160,95,0.448,0,66,0,0,0,0,0,0,0,0,0,0,0,0,0,0,0,0,0,0,0.128,-37.771,Sabo_10,-0.088,-16.94,vovopo 보보포,-21.039,-43.813,ʚEveɞ,-13.411,-64.811,인생최패망자,13.988,-49.767,IllilliIIIIllil,8.929,-66.178,AI,35.7,-81.8,ke ro,1.545,-109.264,HANA_ARASHI,-41.163,-88.436,0,0,0,0,0,,0,0,0,0,0,0,0,0,0,0
67,3,1,0,3,1,2,1,0,0,0,255,255,255,28,1606.718,encounter v,R,0,126,3.292,0.672,0.2,1.867,-36.773,4,0,0,0,15.161,0.397,-21.52,1,7,0,R,coder_,160,95,0.448,0,66,0,0,0,0,0,0,0,0,0,0,0,0,0,0,0,0,0,0,0.017,-37.387,Sabo_10,0.591,-19.224,vovopo 보보포,-21.327,-44.062,ʚEveɞ,-13.418,-64.813,인생최패망자,13.955,-49.725,IllilliIIIIllil,8.922,-66.182,AI,35.7,-81.8,ke ro,1.537,-109.27,HANA_ARASHI,-42.825,-91.044,0,0,0,0,0,,0,0,0,0,0,0,0,0,0,0
68,3,1,0,3,0,0,2,0,0,0,255,255,255,29,1631.637,encounter v,R,32,128,2.827,2.474,0.206,2.047,-36.983,1,0,170.501,-169.543,-16.712,0,0,0,0,2,L,Pring__,180.1,95,0.401,0,66,0,0,0,0,0,0,0,0,0,0,0,0,0,0,0,0,0,0,-0.03,-37.208,Sabo_10,0.328,-16.902,vovopo 보보포,-21.585,-46.938,ʚEveɞ,-16.032,-62.065,인생최패망자,22.844,-47.224,IllilliIIIIllil,13.469,-63.723,AI,35.7,-81.8,ke ro,1.026,-109.069,HANA_ARASHI,-41.314,-95.049,0,0,0,0,0,,0,0,0,0,0,0,0,0,0,0
69,3,1,0,3,1,0,2,0,0,0,255,255,255,30,1644.276,encounter v,R,13,111,0.667,0.561,0.222,1.973,-36.726,2,0,-354.368,352.737,-0.826,0,0,1,0,2,L,Pring__,180.1,95,0.401,3,66,1645.282,94,66,72,57,48,128,93,29.486,-11.089,0.04,-0.003,-0.022,0.039,0,0,0,0,-0.334,-37.126,Sabo_10,0.067,-17.057,vovopo 보보포,-20.573,-44.442,ʚEveɞ,-16.04,-62.077,인생최패망자,22.772,-47.324,IllilliIIIIllil,13.409,-63.724,AI,35.7,-81.8,ke ro,-1.355,-111.352,HANA_ARASHI,-40.203,-91.842,1650.12,21.084,-93.062,1653.161,7,ke ro,28.344,-107.126,1,0,0,0,0,0,0,2
70,3,1,0,3,0,0,2,0,1,0,255,2,255,31,1685.892,encounter v,R,27,127,1.082,0.652,0.137,1.828,-36.543,0,0,28.823,-145.228,-11.306,0.4,-17.338,0,1,3,R,Oort__Cloud,160,90.284,0.345,0,65,0,0,0,0,0,0,0,0,0,0,0,0,0,0,0,0,0,0,0.224,-37.457,Sabo_10,0.185,-17.017,vovopo 보보포,-23.22,-45.44,ʚEveɞ,-14.588,-64.061,인생최패망자,15.492,-45.831,IllilliIIIIllil,4.487,-65.849,AI,35.7,-81.8,ke ro,1.151,-106.634,HANA_ARASHI,-42.491,-86.625,0,0,0,0,0,,0,0,0,0,0,0,0,0,0,0
71,3,1,0,3,0,1,2,0,1,0,255,2,255,32,1698.642,encounter v,R,10,119,-1.21,-2.453,0.004,1.682,-36.483,2,0,0,400,-22.127,-0.233,-19.782,1,1,3,R,Oort__Cloud,160,90.284,0.345,3,65,1699.858,250,97,88,8,64,150,109,-30,4.127,0.93,-0.059,0.009,0.056,0,0,0,0,-0.167,-36.964,Sabo_10,0.001,-17.079,vovopo 보보포,-23.115,-46.315,ʚEveɞ,-14.586,-64.011,인생최패망자,14.282,-48.061,IllilliIIIIllil,5.603,-66.473,AI,35.7,-81.8,ke ro,0.959,-106.8,HANA_ARASHI,-38.196,-91.497,1699.842,-0.242,-19.444,1701.641,8,별이__,-0.454,-37.02,0,0,0,0,0,0,0,2
72,3,0,0,3,0,0,0,0,0,0,255,255,255,38,1732.416,coder_,R,27,118,-1.256,-0.391,-0.074,1.591,-36.802,0,0,-12.941,-141.18,2.538,0,0,0,2,2,L,vovopo 보보포,160,94,0.549,0,65,0,0,0,0,0,0,0,0,0,0,0,0,0,0,0,0,0,0,-0.084,-37.67,눈꽃,-0.048,-16.965,Pring__,-22.391,-47.836,Oort__Cloud,-13.046,-64.56,아침땅_,21.672,-46.684,소솨소솨,16.213,-62.757,それいゆ るな,36.924,-86.495,AI,0,-100.6,별이__,-38.854,-90.463,0,0,0,0,0,,0,0,0,0,0,0,0,0,0,0
73,3,0,0,3,0,1,0,0,0,0,255,255,255,39,1744.388,coder_,R,27,117,-0.98,0.189,-0.054,1.649,-36.78,2,0,-23.66,-101.536,2.439,0,0,1,2,2,L,vovopo 보보포,160,94,0.549,2,65,1745.458,255,165,96,50,201,150,85,23.274,15.74,-0.53,0.037,-0.065,0.083,0.083,0,0,0,-0.167,-37.285,눈꽃,0.048,-17.009,Pring__,-22.258,-47.914,Oort__Cloud,-13.017,-64.547,아침땅_,21.57,-46.326,소솨소솨,16.701,-62.117,それいゆ るな,38.218,-85.927,AI,0,-100.6,별이__,-38.862,-90.388,0,0,0,1748.55,3,Oort__Cloud,-16.49,-68.246,0,0,0,0,0,0,0,1
74,3,0,0,3,0,0,1,0,0,0,255,255,255,40,1770.824,coder_,R,40,87,0.763,2.276,0.105,2.161,-37.126,2,0,24.669,-145.473,-7.592,0,0,0,3,1,L,Sabo_10,184.8,94,0.6,3,65,1772.269,114,76,61,33,37,133,130,32.004,9.937,0.48,-0.029,0.011,0.116,0,0,0,0,-0.075,-37.182,눈꽃,-0.104,-16.934,Pring__,-21.38,-46.342,Oort__Cloud,-12.943,-64.402,아침땅_,23.098,-48.356,소솨소솨,17.322,-62.096,それいゆ るな,36.251,-87.85,AI,0,-100.6,별이__,-39.759,-89.298,1778.467,-24.482,-137.527,0,0,,0,0,0,0,0,0,0,0,0,4
75,3,0,0,4,0,0,1,0,0,0,255,255,255,41,1809.252,coder_,R,32,116,3.199,-0.068,0.133,1.614,-36.864,1,0,228.366,-169.322,11.338,0,0,0,4,5,L,IllilliIIIIllil,174.5,86,0.497,0,70,0,0,0,0,0,0,0,0,0,0,0,0,0,0,0,0,0,0,-0.061,-37.332,눈꽃,0.325,-17.157,Pring__,-22.646,-47.84,Oort__Cloud,-12.863,-64.616,아침땅_,22.851,-47.129,소솨소솨,17.527,-62.638,それいゆ るな,39.154,-89.673,AI,0,-100.6,별이__,-42.433,-88.73,0,0,0,0,0,,0,0,0,0,0,0,0,0,0,0
76,3,0,0,4,1,0,1,0,0,0,255,255,255,42,1819.497,coder_,R,27,117,-0.687,-0.618,-0.029,1.562,-36.853,0,0,-47.135,-136.623,7.519,0,0,1,4,5,L,IllilliIIIIllil,174.5,86,0.497,0,70,0,0,0,0,0,0,0,0,0,0,0,0,0,0,0,0,0,0,-0.08,-37.572,눈꽃,-0.094,-16.857,Pring__,-22.676,-45.946,Oort__Cloud,-13.091,-64.574,아침땅_,22.866,-47.205,소솨소솨,17.256,-62.459,それいゆ るな,39.741,-89.492,AI,0,-100.6,별이__,-42.808,-88.537,0,0,0,0,0,,0,0,0,0,0,0,0,0,0,0
77,3,0,0,4,1,1,1,0,0,0,255,255,255,43,1832.947,coder_,R,26,123,-1.811,-1.527,-0.104,1.435,-36.789,1,0,-28.902,-168.882,14.366,0,0,0,4,5,L,IllilliIIIIllil,174.5,86,0.497,0,65,0,0,0,0,0,0,0,0,0,0,0,0,0,0,0,0,0,0,-0.076,-37.624,눈꽃,-0.401,-17.474,Pring__,-22.651,-47.477,Oort__Cloud,-13.069,-64.529,아침땅_,22.913,-47.252,소솨소솨,17.243,-62.526,それいゆ るな,39.59,-88.95,AI,0,-100.6,별이__,-43.839,-87.76,0,0,0,0,0,,0,0,0,0,0,0,0,0,0,0
78,3,0,0,4,2,1,1,0,0,0,255,255,255,44,1843.34,coder_,R,26,120,-1.291,-0.699,-0.064,1.525,-36.76,2,0,-57.576,-159.044,9.589,0,0,1,4,5,L,IllilliIIIIllil,174.5,86,0.497,3,65,1844.468,234,138,68,48,70,150,124,26.994,-30.858,0.63,0.01,0.038,0.112,0,0,0,0,0.07,-37.153,눈꽃,-0.089,-16.891,Pring__,-22.635,-47.492,Oort__Cloud,-13.003,-64.635,아침땅_,22.858,-47.221,소솨소솨,17.244,-62.542,それいゆ るな,40.695,-88.312,AI,0,-100.6,별이__,-43.858,-87.778,1848.898,50.05,-106.557,1849.898,6,それいゆ るな,47.445,-103.613,1,0,0,0,0,0,0,2
79,3,0,0,4,0,0,1,0,1,0,255,14,255,45,1886.637,coder_,R,6,95,4.441,-0.459,0.125,1.595,-36.882,4,0,411.223,0,-5.996,0,0,1,5,3,L,ʚEveɞ,174.9,95,0.401,0,65,0,0,0,0,0,0,0,0,0,0,0,0,0,0,0,0,0,0,0.041,-37.812,눈꽃,0.472,-17.107,Pring__,-22.502,-47.735,Oort__Cloud,-5.991,-64.437,아침땅_,21.523,-45.603,소솨소솨,16.609,-62.6,それいゆ るな,44.885,-88.333,AI,0,-100.6,별이__,-39.301,-88.956,0,0,0,0,0,,0,0,0,0,0,0,0,0,0,0
80,3,0,0,4,0,1,1,0,1,0,255,14,255,46,1904.555,coder_,R,27,111,0.352,-0.693,0.026,1.537,-36.851,0,0,-15.277,-123.159,-2.665,0,0,0,5,3,L,ʚEveɞ,174.9,95,0.401,0,65,0,0,0,0,0,0,0,0,0,0,0,0,0,0,0,0,0,0,0.015,-37.742,눈꽃,0.069,-16.958,Pring__,-22.519,-47.738,Oort__Cloud,-4.992,-64.395,아침땅_,21.543,-45.567,소솨소솨,16.597,-62.618,それいゆ るな,45.963,-84.254,AI,0,-100.6,별이__,-39.17,-89.014,0,0,0,0,0,,0,0,0,0,0,0,0,0,0,0
81,3,0,0,4,0,2,1,0,1,0,255,14,255,47,1923.49,coder_,R,0,96,1.439,-0.22,0.131,1.605,-36.858,2,0,6.039,0,-7.861,0,0,1,5,3,L,ʚEveɞ,174.9,95,0.401,3,65,1924.699,255,172,70,36,78,150,110,25.525,16.029,0.8,0.13,-0.02,0.125,0,0,0,0,0.063,-37.507,눈꽃,0.131,-17.139,Pring__,-22.501,-47.731,Oort__Cloud,-8.945,-65.245,아침땅_,21.409,-45.666,소솨소솨,16.579,-62.652,それいゆ るな,45.908,-85.272,AI,0,-100.6,별이__,-39.174,-89.012,1933.203,-4.79,-133.054,1937.259,3,Oort__Cloud,1.842,-81.098,1,0,0,0,0,0,0,2
82,3,0,0,5,0,0,1,0,0,1,255,255,12,48,1969.488,coder_,R,26,119,0.669,-0.537,0.045,1.526,-36.787,0,0,-12.654,-200,14.75,0,0,0,6,4,R,인생최패망자,190,95,0.45,0,65,0,0,0,0,0,0,0,0,0,0,0,0,0,0,0,0,0,0,-0.074,-37.501,눈꽃,-0.027,-16.906,Pring__,-22.572,-48.361,Oort__Cloud,-12.982,-64.443,아침땅_,19.131,-43.584,소솨소솨,14.766,-62.99,それいゆ るな,44.62,-88.876,AI,0,-100.6,별이__,-43.952,-84.956,0,0,0,0,0,,0,0,0,0,0,0,0,0,0,0
83,3,0,0,5,0,1,1,0,0,1,255,255,12,49,1980.403,coder_,R,26,117,0.198,2.277,-0.001,1.885,-36.943,1,0,44.749,-200,-0.338,0,0,0,6,4,R,인생최패망자,190,95,0.45,0,65,0,0,0,0,0,0,0,0,0,0,0,0,0,0,0,0,0,0,-0.067,-37.685,눈꽃,0.006,-16.906,Pring__,-22.591,-48.341,Oort__Cloud,-13.147,-64.469,아침땅_,19.541,-43.055,소솨소솨,14.763,-62.991,それいゆ るな,47.536,-83.466,AI,0,-100.6,별이__,-43.834,-84.842,0,0,0,0,0,,0,0,0,0,0,0,0,0,0,0
84,3,0,0,5,1,1,1,0,0,1,255,255,12,50,1992.813,coder_,R,26,117,0.259,2.065,0.013,1.858,-36.907,1,0,10.583,-200,5.579,0,0,0,6,4,R,인생최패망자,190,95,0.45,0,65,0,0,0,0,0,0,0,0,0,0,0,0,0,0,0,0,0,0,-0.117,-37.843,눈꽃,0.06,-16.902,Pring__,-22.584,-48.363,Oort__Cloud,-13.044,-64.566,아침땅_,19.006,-42.577,소솨소솨,15.361,-63.703,それいゆ るな,43.669,-79.941,AI,0,-100.6,별이__,-43.672,-84.891,0,0,0,0,0,,0,0,0,0,0,0,0,0,0,0
85,3,0,0,5,2,1,1,0,0,1,255,255,12,51,2005.044,coder_,R,0,83,20.637,43.886,0.065,1.607,-38.472,1,0,0,0,8.915,12.719,22.448,0,6,4,R,인생최패망자,190,95,0.45,0,65,0,0,0,0,0,0,0,0,0,0,0,0,0,0,0,0,0,0,-0.305,-38.523,눈꽃,-0.105,-17.142,Pring__,-22.592,-48.365,Oort__Cloud,-8.014,-51.835,아침땅_,21.258,-42.817,소솨소솨,15.321,-62.927,それいゆ るな,44.281,-69.845,AI,0,-100.6,별이__,-45.089,-83.443,0,0,0,0,0,,0,0,0,0,0,0,0,0,0,0
86,3,0,0,6,3,1,1,0,0,0,255,255,255,52,2026.906,coder_,R,28,105,-0.354,0.636,-0.018,1.7,-36.779,2,0,-11.889,-95.402,-2.695,0,0,1,6,4,R,인생최패망자,190,95,0.45,2,64,2028.142,84,94,99,33,67,129,96,29.168,40.495,0.02,-0.03,-0.064,0.055,0,0,0,0,-0.432,-37.032,눈꽃,-0.074,-16.722,Pring__,-22.641,-48.287,Oort__Cloud,-13.158,-64.792,아침땅_,22.496,-50.645,소솨소솨,15.372,-63.884,それいゆ るな,46.714,-86.732,AI,0,-100.6,별이__,-43.57,-87.155,2033.03,-46.23,-90.58,2033.349,8,별이__,-44.708,-87.949,0,0,0,0,0,0,0,1
87,3,0,0,6,0,0,2,0,0,0,255,255,255,53,2053.869,coder_,R,10,92,1.064,-0.954,0.099,1.684,-36.817,4,0,0,400,3.658,0.284,-17.546,1,7,0,L,encounter v,190,95,0.447,0,64,0,0,0,0,0,0,0,0,0,0,0,0,0,0,0,0,0,0,0.07,-37.549,눈꽃,0.145,-17.336,Pring__,-23.501,-49.041,Oort__Cloud,-13.24,-64.549,아침땅_,22.599,-48.278,소솨소솨,16.983,-62.28,それいゆ るな,42.708,-88.128,AI,0,-100.6,별이__,-47.847,-88.141,0,0,0,0,0,,0,0,0,0,0,0,0,0,0,0
88,3,0,0,6,0,1,2,0,0,0,255,255,255,54,2065.374,coder_,R,46,87,3.046,0.134,0.345,1.636,-37.152,2,0,114.126,-83.58,2.594,0,0,1,7,0,L,encounter v,190,95,0.447,3,64,2066.738,184,173,99,65,104,150,122,-18.38,-37.558,0.93,0.065,-0.105,0.03,0,0,0,0,0.189,-37.197,눈꽃,-0.022,-16.951,Pring__,-23.5,-49.037,Oort__Cloud,-13.222,-64.541,아침땅_,22.634,-48.109,소솨소솨,17.714,-63.212,それいゆ るな,42.718,-88.194,AI,0,-100.6,별이__,-44.724,-92.86,2066.863,2.877,-23.685,2069.773,6,それいゆ るな,41.419,-76.878,1,128,0,0,0,0,0,2
89,4,1,0,6,0,0,0,0,0,0,255,255,255,33,2115.311,encounter v,R,26,140,0.017,-0.812,0.041,1.664,-36.6,0,0,150.831,-200,-25.52,0,0,1,2,8,R,별이__,174.5,95,0.5,0,64,0,0,0,0,0,0,0,0,0,0,0,0,0,0,0,0,0,0,-0.139,-37.045,Sabo_10,-0.072,-16.703,vovopo 보보포,-22.485,-46.602,ʚEveɞ,-14.09,-64.206,인생최패망자,14.304,-49.341,IllilliIIIIllil,5.118,-67.038,AI,35.7,-81.8,ke ro,0.711,-108.315,HANA_ARASHI,-39.202,-87.22,0,0,0,0,0,,0,0,0,0,0,0,0,0,0,0
90,4,1,0,6,0,1,0,0,0,0,255,255,255,34,2129.438,encounter v,R,33,128,3.801,2.274,0.268,2.023,-37.024,4,0,122.657,-122.248,-16.095,0.398,-21.017,1,2,8,R,별이__,174.5,95,0.5,0,64,0,0,0,0,0,0,0,0,0,0,0,0,0,0,0,0,0,0,0.233,-37.424,Sabo_10,0.741,-18.437,vovopo 보보포,-21.718,-45.427,ʚEveɞ,-14.131,-64.223,인생최패망자,14.387,-49.495,IllilliIIIIllil,5.145,-67.038,AI,35.7,-81.8,ke ro,0.384,-107.278,HANA_ARASHI,-39.446,-88.028,0,0,0,0,0,,0,0,0,0,0,0,0,0,0,0
91,4,1,0,6,0,2,0,0,0,0,255,255,255,35,2155.479,encounter v,R,26,140,-0.983,-1.054,0.012,1.638,-36.405,4,0,20.655,-200,4.504,0,0,1,2,8,R,별이__,174.5,95,0.5,0,64,0,0,0,0,0,0,0,0,0,0,0,0,0,0,0,0,0,0,-0.138,-37.071,Sabo_10,-0.18,-17.061,vovopo 보보포,-20.771,-44.137,ʚEveɞ,-14.695,-64.276,인생최패망자,13.811,-49.72,IllilliIIIIllil,3.998,-65.433,AI,35.7,-81.8,ke ro,0.381,-107.269,HANA_ARASHI,-44.139,-83.086,0,0,0,0,0,,0,0,0,0,0,0,0,0,0,0
92,4,1,0,6,0,0,1,0,0,0,255,255,255,36,2174.94,encounter v,R,26,140,-0.046,-0.123,0.063,1.742,-36.537,2,0,41.903,-185.852,-10.151,0,0,1,3,4,R,아침땅_,179.7,95,0.5,2,36,2175.913,164,126,61,32,154,150,117,91.452,-88.194,0.2,-0.038,-0.02,0.064,0,0,0,0,-0.277,-37.029,Sabo_10,0.114,-17.075,vovopo 보보포,-21.378,-46.696,ʚEveɞ,-17.078,-61.949,인생최패망자,13.702,-49.359,IllilliIIIIllil,4.281,-66.985,AI,35.7,-81.8,ke ro,0.514,-105.885,HANA_ARASHI,-42.777,-87.027,0,0,0,0,0,,0,0,0,0,0,0,0,0,0,3
93,4,1,0,6,0,1,1,0,0,0,255,255,255,37,2195.674,encounter v,R,13,112,0.849,-0.088,0.24,1.894,-36.692,0,0,-374.133,331.7,-3.718,0,0,0,3,4,R,아침땅_,179.7,95,0.5,0,36,0,0,0,0,0,0,0,0,0,0,0,0,0,0,0,0,0,0,0.303,-37.281,Sabo_10,-0.02,-17.135,vovopo 보보포,-20.977,-43.213,ʚEveɞ,-16.69,-62.64,인생최패망자,13.616,-49.574,IllilliIIIIllil,4.293,-67.009,AI,35.7,-81.8,ke ro,0.389,-102.836,HANA_ARASHI,-45.358,-88.901,0,0,0,0,0,,0,0,0,0,0,0,0,0,0,0
94,4,1,0,6,0,2,1,0,0,0,255,255,255,38,2206.683,encounter v,R,10,113,-1.031,-0.871,0.015,1.822,-36.639,0,0,0,400,-1.581,0,0,0,3,4,R,아침땅_,179.7,95,0.5,0,36,0,0,0,0,0,0,0,0,0,0,0,0,0,0,0,0,0,0,-0.043,-37.358,Sabo_10,-0.008,-17.272,vovopo 보보포,-20.076,-41.652,ʚEveɞ,-16.695,-62.683,인생최패망자,13.592,-49.603,IllilliIIIIllil,4.3,-66.98,AI,35.7,-81.8,ke ro,0.262,-104.18,HANA_ARASHI,-42.794,-88.438,0,0,0,0,0,,0,0,0,0,0,0,0,0,0,0
95,4,1,0,6,0,0,2,0,0,0,255,255,255,39,2216.428,encounter v,R,41,97,6.944,1.454,0.306,1.958,-37.718,3,0,64.472,-86.324,-9.167,0.916,-20.22,0,4,5,R,소솨소솨,175.1,95.643,0.5,0,64,0,0,0,0,0,0,0,0,0,0,0,0,0,0,0,0,0,0,-0.312,-38.228,Sabo_10,-0.027,-17.177,vovopo 보보포,-21.929,-45.456,ʚEveɞ,-16.779,-62.678,인생최패망자,15.819,-49.146,IllilliIIIIllil,5.702,-68.855,AI,35.7,-81.8,ke ro,0.801,-106.86,HANA_ARASHI,-42.357,-87.801,0,0,0,0,0,,0,0,0,0,0,0,0,0,0,6
96,4,1,0,6,1,0,2,0,0,0,255,255,255,40,2239.476,encounter v,R,13,114,0.09,1.21,0.194,2.031,-36.914,1,0,-381.47,323.235,-26.574,-0.797,-14.164,0,4,5,R,소솨소솨,175.1,95.643,0.5,0,64,0,0,0,0,0,0,0,0,0,0,0,0,0,0,0,0,0,0,-0.006,-36.909,Sabo_10,-0.851,-17.216,vovopo 보보포,-21.706,-44.869,ʚEveɞ,-16.713,-62.668,인생최패망자,14.239,-48.989,IllilliIIIIllil,4.854,-67.348,AI,35.7,-81.8,ke ro,1.493,-104.302,HANA_ARASHI,-39.972,-86.212,0,0,0,0,0,,0,0,0,0,0,0,0,0,0,0
97,4,1,0,6,2,0,2,0,0,0,255,255,255,41,2254.381,encounter v,R,14,117,-0.324,0.627,-0.009,1.972,-36.632,2,0,269.849,400,-31.288,0,0,1,4,5,R,소솨소솨,175.1,95.643,0.5,2,43,2255.338,155,79,23,11,74,122,90,-33.232,4.817,-0.18,0.031,-0.036,0.17,0,0,0,0,-0.074,-37.119,Sabo_10,0.047,-17.169,vovopo 보보포,-21.196,-44.26,ʚEveɞ,-16.719,-62.674,인생최패망자,14.04,-49.019,IllilliIIIIllil,4.845,-67.345,AI,35.7,-81.8,ke ro,1.474,-104.298,HANA_ARASHI,-40.29,-86.055,2255.425,-0.151,-20.758,2257.349,8,별이__,-2.209,-36.86,0,0,0,0,0,0,0,2
98,4,0,0,6,0,0,0,0,0,0,255,255,255,55,2310.812,coder_,R,26,121,0.198,-0.964,0.005,1.52,-36.814,2,0,1.047,-200,10.643,0,0,1,0,7,R,ke ro,160,87.518,0.452,2,64,2311.949,61,77,55,37,53,114,100,102.297,-62.541,0.34,-0.033,-0.063,0.1,0,0,0,0,-0.036,-37.165,눈꽃,-0.001,-16.896,Pring__,-24.745,-51.121,Oort__Cloud,-13.106,-64.512,아침땅_,20.181,-49.275,소솨소솨,14.51,-63.466,それいゆ るな,37.132,-82.392,AI,0,-100.6,별이__,-40.169,-88.534,0,0,0,0,0,,0,0,0,0,0,0,0,0,0,3
99,4,0,0,6,0,1,0,0,0,0,255,255,255,56,2324.73,coder_,R,10,106,-1.28,-1.361,-0.079,1.648,-36.822,4,0,0,400,23.348,-0.469,-17.401,1,0,7,R,ke ro,160,87.518,0.452,0,64,0,0,0,0,0,0,0,0,0,0,0,0,0,0,0,0,0,0,-0.1,-37.887,눈꽃,-0.028,-17.166,Pring__,-24.51,-50.794,Oort__Cloud,-13.147,-64.708,아침땅_,20.238,-49.352,소솨소솨,14.504,-64.822,それいゆ るな,36.8,-79.908,AI,0,-100.6,별이__,-42.839,-85.715,0,0,0,0,0,,0,0,0,0,0,0,0,0,0,0
100,4,0,0,6,0,2,0,0,0,0,255,255,255,57,2340.245,coder_,R,26,115,-0.985,1.57,-0.05,1.737,-36.717,2,0,-36.44,-200,8.673,0,0,1,0,7,R,ke ro,160,87.518,0.452,2,64,2341.4,86,83,38,14,68,124,97,27.394,-0.415,0.19,-0.002,0.001,0.142,0,0,0,0,-0.014,-36.982,눈꽃,-0.043,-16.867,Pring__,-24.517,-50.799,Oort__Cloud,-13.122,-64.716,아침땅_,20.224,-49.332,소솨소솨,14.729,-64.29,それいゆ るな,36.684,-80.043,AI,0,-100.6,별이__,-42.868,-85.756,2346.363,0.237,-101.154,2350.203,3,Oort__Cloud,-1.174,-67.567,0,0,0,0,0,0,0,1
101,4,0,0,6,0,0,1,0,0,0,255,255,255,58,2371.459,coder_,R,13,79,0.842,0.013,0.383,1.908,-37.008,0,0,-256.564,349.827,10.773,0,0,0,1,8,R,HANA_ARASHI,190,86,0.2,0,64,0,0,0,0,0,0,0,0,0,0,0,0,0,0,0,0,0,0,0.01,-37.711,눈꽃,-0.004,-17.115,Pring__,-21.135,-46.803,Oort__Cloud,-12.87,-64.369,아침땅_,21.373,-49.847,소솨소솨,14.773,-63.255,それいゆ るな,36.334,-86.767,AI,0,-100.6,별이__,-44.012,-85.374,0,0,0,0,0,,0,0,0,0,0,0,0,0,0,0
102,4,0,0,6,0,1,1,0,0,0,255,255,255,59,2384.223,coder_,R,26,114,-1.754,0.834,-0.127,1.712,-36.847,1,0,65.688,-157.078,20.034,0,0,0,1,8,R,HANA_ARASHI,190,86,0.2,0,64,0,0,0,0,0,0,0,0,0,0,0,0,0,0,0,0,0,0,0.006,-37.709,눈꽃,-0.479,-17.059,Pring__,-21.116,-46.801,Oort__Cloud,-12.983,-64.405,아침땅_,21.367,-49.761,소솨소솨,14.762,-63.262,それいゆ るな,36.345,-86.783,AI,0,-100.6,별이__,-44.016,-85.39,0,0,0,0,0,,0,0,0,0,0,0,0,0,0,0
103,4,0,0,6,1,1,1,0,0,0,255,255,255,60,2395.397,coder_,R,6,82,-0.666,-0.405,-0.237,1.568,-36.84,0,0,303.081,0,5.442,0,0,1,1,8,R,HANA_ARASHI,190,86,0.2,0,64,0,0,0,0,0,0,0,0,0,0,0,0,0,0,0,0,0,0,-0.046,-37.755,눈꽃,-0.496,-17.099,Pring__,-21.119,-46.795,Oort__Cloud,-13.043,-64.411,아침땅_,21.372,-50.071,소솨소솨,14.956,-63.812,それいゆ るな,36.338,-86.773,AI,0,-100.6,별이__,-44.021,-85.383,0,0,0,0,0,,0,0,0,0,0,0,0,0,0,0
104,4,0,0,6,1,2,1,0,0,0,255,255,255,61,2408.136,coder_,R,26,125,-2.15,0.135,-0.136,1.611,-36.723,4,0,15.301,-200,10.542,0,0,1,1,8,R,HANA_ARASHI,190,86,0.2,0,64,0,0,0,0,0,0,0,0,0,0,0,0,0,0,0,0,0,0,-0.112,-37.317,눈꽃,-0.519,-16.675,Pring__,-21.136,-46.822,Oort__Cloud,-13.031,-64.334,아침땅_,21.318,-49.972,소솨소솨,15.619,-63.968,それいゆ るな,36.335,-86.781,AI,0,-100.6,별이__,-44.008,-85.371,0,0,0,0,0,,0,0,0,0,0,0,0,0,0,0
105,4,0,0,6,0,0,2,0,0,0,255,255,255,62,2434.631,coder_,R,26,114,-0.632,1.24,-0.031,1.709,-36.845,1,0,-25.934,-190.004,5.186,0,0,0,2,2,L,vovopo 보보포,160,94,0.549,0,64,0,0,0,0,0,0,0,0,0,0,0,0,0,0,0,0,0,0,0.123,-37.623,눈꽃,0.049,-16.933,Pring__,-21.122,-46.798,Oort__Cloud,-12.992,-64.412,아침땅_,22.345,-46.969,소솨소솨,17.017,-61.525,それいゆ るな,36.355,-86.8,AI,0,-100.6,별이__,-41.893,-90.287,0,0,0,0,0,,0,0,0,0,0,0,0,0,0,0
106,4,0,0,6,1,0,2,0,0,0,255,255,255,63,2444.675,coder_,R,6,100,4.803,-1.151,0.145,1.552,-36.758,1,0,453.213,38.259,-3.604,1.326,-16.711,0,2,2,L,vovopo 보보포,160,94,0.549,0,64,0,0,0,0,0,0,0,0,0,0,0,0,0,0,0,0,0,0,-0.014,-37.631,눈꽃,0.751,-17.118,Pring__,-21.135,-46.812,Oort__Cloud,-12.846,-64.504,아침땅_,22.345,-46.974,소솨소솨,17.071,-62.109,それいゆ るな,36.463,-86.713,AI,0,-100.6,별이__,-41.879,-90.271,0,0,0,0,0,,0,0,0,0,0,0,0,0,0,0
107,4,0,0,6,2,0,2,0,0,0,255,255,255,64,2457.981,coder_,R,4,87,0.117,0.404,0.32,1.901,-36.951,0,0,-174.005,106.813,10.523,0,0,0,2,2,L,vovopo 보보포,160,94,0.549,0,64,0,0,0,0,0,0,0,0,0,0,0,0,0,0,0,0,0,0,-0.036,-37.762,눈꽃,-0.005,-16.847,Pring__,-21.12,-46.799,Oort__Cloud,-12.983,-64.527,아침땅_,22.335,-46.956,소솨소솨,16.801,-62.28,それいゆ るな,36.493,-86.772,AI,0,-100.6,별이__,-41.877,-90.266,0,0,0,0,0,,0,0,0,0,0,0,0,0,0,0
108,4,0,0,6,2,1,2,0,0,0,255,255,255,65,2469.644,coder_,R,6,83,0.84,-0.557,-0.127,1.658,-36.779,0,0,358.582,155.427,5.746,0.446,-17.51,1,2,2,L,vovopo 보보포,160,94,0.549,0,64,0,0,0,0,0,0,0,0,0,0,0,0,0,0,0,0,0,0,-0.09,-37.437,눈꽃,0.28,-17.333,Pring__,-21.117,-46.8,Oort__Cloud,-13.035,-64.487,아침땅_,22.349,-46.97,소솨소솨,16.573,-62.875,それいゆ るな,36.503,-86.799,AI,0,-100.6,별이__,-41.871,-90.285,0,0,0,0,0,,0,0,0,0,0,0,0,0,0,0
109,4,0,0,6,2,2,2,0,0,0,255,255,255,66,2481.326,coder_,R,26,116,-0.489,2.156,-0.028,1.79,-36.792,2,0,-8.669,-200,9.463,0,0,1,2,2,L,vovopo 보보포,160,94,0.549,2,64,2482.517,211,102,18,0,121,134,88,-0.03,-3.942,-0.46,-0.09,0.023,0.261,0,0,0,0,0.164,-36.94,눈꽃,0.029,-16.891,Pring__,-21.128,-46.807,Oort__Cloud,-12.96,-64.465,아침땅_,22.436,-46.842,소솨소솨,16.392,-62.894,それいゆ るな,36.486,-86.723,AI,0,-100.6,별이__,-41.85,-90.225,2483.37,1.195,-39.797,2483.62,0,coder_,0.992,-36.359,0,0,0,0,0,0,0,1
110,5,1,0,6,0,0,0,0,0,0,255,255,255,42,2521.615,encounter v,R,26,130,1.056,0.697,0.186,1.846,-36.616,0,0,82.967,-200,-17.847,0,0,1,5,1,L,눈꽃,190,90,0.496,0,64,0,0,0,0,0,0,0,0,0,0,0,0,0,0,0,0,0,0,0.245,-37.418,Sabo_10,0.624,-17.405,vovopo 보보포,-22.46,-45.805,ʚEveɞ,-12.371,-65.152,인생최패망자,24.385,-49.132,IllilliIIIIllil,13.734,-63.943,AI,35.7,-81.8,ke ro,0.572,-108.359,HANA_ARASHI,-35.351,-91.05,0,0,0,0,0,,0,0,0,0,0,0,0,0,0,0
111,5,1,0,6,0,1,0,0,0,0,255,255,255,43,2534.574,encounter v,R,10,123,-0.978,-1.275,0.082,1.737,-36.576,4,0,0,400,-25.655,-0.224,-17.102,1,5,1,L,눈꽃,190,90,0.496,0,64,0,0,0,0,0,0,0,0,0,0,0,0,0,0,0,0,0,0,-0.02,-37.366,Sabo_10,0.084,-16.943,vovopo 보보포,-21.782,-44.979,ʚEveɞ,-13.278,-64.808,인생최패망자,24.758,-49.872,IllilliIIIIllil,13.719,-63.926,AI,35.7,-81.8,ke ro,1.184,-107.782,HANA_ARASHI,-36.354,-89.153,0,0,0,0,0,,0,0,0,0,0,0,0,0,0,0
112,5,1,0,6,0,2,0,0,0,0,255,255,255,44,2547.588,encounter v,R,13,115,-1.149,-0.49,0.131,1.855,-36.651,0,0,-212.894,400,-3.128,0,0,1,5,1,L,눈꽃,190,90,0.496,0,64,0,0,0,0,0,0,0,0,0,0,0,0,0,0,0,0,0,0,0.273,-37.413,Sabo_10,-0.078,-17.106,vovopo 보보포,-20.147,-43.51,ʚEveɞ,-13.253,-64.849,인생최패망자,23.264,-49.386,IllilliIIIIllil,13.834,-63.386,AI,35.7,-81.8,ke ro,0.459,-108.524,HANA_ARASHI,-40.406,-87.48,0,0,0,0,0,,0,0,0,0,0,0,0,0,0,0
113,5,1,0,6,0,0,1,0,0,0,255,255,255,45,2585.133,encounter v,R,26,128,-1.366,-2.443,0.046,1.535,-36.522,1,0,46.729,-200,-16.078,0,0,0,6,6,R,それいゆ るな,160,86,0.43,0,64,0,0,0,0,0,0,0,0,0,0,0,0,0,0,0,0,0,0,-0.062,-37.187,Sabo_10,-0.045,-17.239,vovopo 보보포,-19.941,-42.584,ʚEveɞ,-13.249,-64.84,인생최패망자,15.269,-49.397,IllilliIIIIllil,4.251,-67.025,AI,35.7,-81.8,ke ro,0.077,-99.742,HANA_ARASHI,-38.275,-88.655,0,0,0,0,0,,0,0,0,0,0,0,0,0,0,0
114,5,1,0,6,1,0,1,0,0,0,255,255,255,46,2597.678,encounter v,R,13,112,3.724,3.409,0.242,2.148,-36.995,1,0,-362.221,344.668,-21.063,1.074,-17.721,0,6,6,R,それいゆ るな,160,86,0.43,0,64,0,0,0,0,0,0,0,0,0,0,0,0,0,0,0,0,0,0,0.005,-37.343,Sabo_10,0.135,-17.235,vovopo 보보포,-22.17,-44.156,ʚEveɞ,-13.208,-64.793,인생최패망자,15.192,-49.455,IllilliIIIIllil,4.327,-66.986,AI,35.7,-81.8,ke ro,0.002,-100.821,HANA_ARASHI,-36.579,-89.983,0,0,0,0,0,,0,0,0,0,0,0,0,0,0,0
115,5,1,0,6,2,0,1,0,0,0,255,255,255,47,2612.619,encounter v,R,13,110,-2.109,-1.524,0.076,1.785,-36.554,1,0,-216.284,400,3.825,-0.633,-17.387,0,6,6,R,それいゆ るな,160,86,0.43,0,64,0,0,0,0,0,0,0,0,0,0,0,0,0,0,0,0,0,0,0.086,-37.361,Sabo_10,-0.161,-17.052,vovopo 보보포,-20.302,-41.804,ʚEveɞ,-13.25,-64.847,인생최패망자,15.177,-49.447,IllilliIIIIllil,4.334,-66.984,AI,35.7,-81.8,ke ro,0.863,-100.519,HANA_ARASHI,-36.45,-89.8,0,0,0,0,0,,0,0,0,0,0,0,0,0,0,0
116,5,1,0,6,3,0,1,0,0,0,255,255,255,48,2624.315,encounter v,R,26,134,1.092,1.687,0.19,1.906,-36.744,1,0,74.126,-200,-26.226,0,0,0,6,6,R,それいゆ るな,160,86,0.43,0,64,0,0,0,0,0,0,0,0,0,0,0,0,0,0,0,0,0,0,-0.039,-37.137,Sabo_10,0.71,-17.196,vovopo 보보포,-20.662,-42.894,ʚEveɞ,-13.212,-64.789,인생최패망자,15.221,-49.489,IllilliIIIIllil,4.066,-67.104,AI,35.7,-81.8,ke ro,0.752,-100.522,HANA_ARASHI,-36.824,-89.466,0,0,0,0,0,,0,0,0,0,0,0,0,0,0,5
117,5,1,0,6,0,0,1,1,0,0,6,255,255,49,2645.479,encounter v,R,27,128,1.207,1.448,0.192,1.907,-36.76,1,0,96.534,-114.108,-20.527,0,0,0,7,0,R,coder_,160,95,0.448,0,64,0,0,0,0,0,0,0,0,0,0,0,0,0,0,0,0,0,0,-0.092,-37.048,Sabo_10,0.276,-16.597,vovopo 보보포,-20.253,-41.046,ʚEveɞ,-13.242,-64.906,인생최패망자,13.767,-46.474,IllilliIIIIllil,7.661,-66.451,AI,35.7,-81.8,ke ro,-0.481,-104.076,HANA_ARASHI,-37.546,-89.558,0,0,0,0,0,,0,0,0,0,0,0,0,0,0,0
118,5,1,0,6,1,0,1,1,0,0,6,255,255,50,2657.936,encounter v,R,27,140,-0.207,-0.972,0.115,1.672,-36.462,2,0,56.308,-136.934,-20.473,0,0,1,7,0,R,coder_,160,95,0.448,3,64,2658.948,205,110,47,31,71,150,98,15.94,-0.552,0.15,-0.134,-0.069,0.156,0,0,0,0,-0.225,-36.932,Sabo_10,0.03,-17.028,vovopo 보보포,-20.086,-41.881,ʚEveɞ,-14.479,-63.84,인생최패망자,14.819,-48.214,IllilliIIIIllil,7.707,-66.442,AI,35.7,-81.8,ke ro,-0.619,-104.057,HANA_ARASHI,-37.548,-89.552,2661.814,-6.897,-81.587,2662.967,7,ke ro,-9.616,-93.158,1,0,0,0,0,0,0,2
119,5,1,0,6,0,0,1,1,1,0,0,6,255,51,2690.419,encounter v,R,28,133,1.514,0.166,0.221,1.8,-36.608,1,0,50.439,-93.558,-6.206,0,0,0,0,2,L,Pring__,180.1,95,0.401,0,81,0,0,0,0,0,0,0,0,0,0,0,0,0,0,0,0,0,0,0.035,-37.069,Sabo_10,0.374,-16.967,vovopo 보보포,-20.451,-42.364,ʚEveɞ,-12.817,-64.55,인생최패망자,20.242,-44.061,IllilliIIIIllil,11.12,-64.978,AI,35.7,-81.8,ke ro,-0.59,-105.979,HANA_ARASHI,-36.635,-88.459,0,0,0,0,0,,0,0,0,0,0,0,0,0,0,0
120,5,1,0,6,1,0,1,1,1,0,0,6,255,52,2702.625,encounter v,R,28,134,2.722,1.353,0.285,1.937,-36.851,2,0,85.014,-85.17,-9.205,0,0,1,0,2,L,Pring__,180.1,95,0.401,3,81,2703.446,133,86,78,49,40,138,108,28.513,1.756,0.87,-0.031,-0.047,0.058,0,0,0,0,0.056,-36.835,Sabo_10,0.021,-17.112,vovopo 보보포,-20.231,-43.347,ʚEveɞ,-11.448,-64.776,인생최패망자,20.999,-46.503,IllilliIIIIllil,11.122,-64.975,AI,35.7,-81.8,ke ro,0.033,-107.266,HANA_ARASHI,-37.737,-86.767,2708.849,5.635,-113.904,2708.918,7,ke ro,5.445,-111.784,0,0,0,0,0,0,0,1
121,5,1,0,6,0,0,2,1,1,0,0,6,255,53,2743.251,encounter v,R,14,119,1.956,0.082,0.168,1.9,-36.573,1,0,363.994,342.795,-20.855,0.876,-17.108,0,1,3,R,Oort__Cloud,160,90.284,0.345,0,64,0,0,0,0,0,0,0,0,0,0,0,0,0,0,0,0,0,0,0.281,-37.564,Sabo_10,0.46,-17.209,vovopo 보보포,-19.653,-40.111,ʚEveɞ,-14.786,-63.855,인생최패망자,15.558,-46.042,IllilliIIIIllil,2.476,-65.231,AI,35.7,-81.8,ke ro,1.024,-105.709,HANA_ARASHI,-37.339,-91.374,0,0,0,0,0,,0,0,0,0,0,0,0,0,0,0
122,5,1,0,6,1,0,2,1,1,0,0,6,255,54,2757.058,encounter v,R,34,140,1.182,1.009,0.19,1.875,-36.627,0,0,80.955,-76.017,-2.869,0,0,0,1,3,R,Oort__Cloud,160,90.284,0.345,0,64,0,0,0,0,0,0,0,0,0,0,0,0,0,0,0,0,0,0,0.181,-37.229,Sabo_10,-0.559,-17.542,vovopo 보보포,-19.504,-40.739,ʚEveɞ,-14.772,-63.833,인생최패망자,16.158,-46.046,IllilliIIIIllil,5.206,-66.8,AI,35.7,-81.8,ke ro,0.834,-105.872,HANA_ARASHI,-38.956,-90.738,0,0,0,0,0,,0,0,0,0,0,0,0,0,0,0
123,5,1,0,6,1,1,2,1,1,0,0,6,255,55,2774.541,encounter v,R,28,140,-2.311,-1.461,-0.013,1.649,-36.404,1,0,43.24,-81.015,2.843,0,0,0,1,3,R,Oort__Cloud,160,90.284,0.345,0,64,0,0,0,0,0,0,0,0,0,0,0,0,0,0,0,0,0,0,-0.01,-37.232,Sabo_10,-0.64,-18.039,vovopo 보보포,-19.55,-40.174,ʚEveɞ,-16.073,-63.434,인생최패망자,16.759,-44.045,IllilliIIIIllil,3.034,-66.171,AI,35.7,-81.8,ke ro,0.462,-105.887,HANA_ARASHI,-39.844,-89.992,0,0,0,0,0,,0,0,0,0,0,0,0,0,0,0
124,5,1,0,6,2,1,2,1,1,0,0,6,255,56,2791.753,encounter v,R,13,126,-1.464,-0.382,0.145,1.853,-36.608,0,0,-370.058,336.24,-19.547,-0.797,-17.425,0,1,3,R,Oort__Cloud,160,90.284,0.345,0,64,0,0,0,0,0,0,0,0,0,0,0,0,0,0,0,0,0,0,-0.234,-37.146,Sabo_10,-0.982,-17.631,vovopo 보보포,-19.787,-40.851,ʚEveɞ,-16.272,-62.654,인생최패망자,16.506,-45.721,IllilliIIIIllil,3.434,-66.861,AI,35.7,-81.8,ke ro,0.474,-105.887,HANA_ARASHI,-41.732,-88.407,0,0,0,0,0,,0,0,0,0,0,0,0,0,0,0
125,5,1,0,6,2,2,2,1,1,0,0,6,255,57,2805.233,encounter v,R,13,111,1.769,0.684,0.356,1.973,-36.774,1,0,-354.134,352.972,-11.548,0,0,0,1,3,R,Oort__Cloud,160,90.284,0.345,0,64,0,0,0,0,0,0,0,0,0,0,0,0,0,0,0,0,0,0,0.744,-37.376,Sabo_10,-0.224,-17.917,vovopo 보보포,-19.826,-40.589,ʚEveɞ,-15.681,-62.79,인생최패망자,16.202,-46.307,IllilliIIIIllil,3.802,-67.301,AI,35.7,-81.8,ke ro,0.476,-105.908,HANA_ARASHI,-41.134,-87.141,0,0,0,0,0,,0,0,0,0,0,0,0,0,0,0
126,5,1,0,6,3,2,2,1,1,0,0,6,255,58,2825.038,encounter v,R,13,113,-5.589,-2.97,-0.092,1.608,-36.493,4,0,-390.434,312.348,-2.316,-1.007,-20.718,1,1,3,R,Oort__Cloud,160,90.284,0.345,0,64,0,0,0,0,0,0,0,0,0,0,0,0,0,0,0,0,0,0,0.579,-35.766,Sabo_10,-1.405,-16.905,vovopo 보보포,-19.398,-39.868,ʚEveɞ,-16.668,-62.009,인생최패망자,15.969,-45.086,IllilliIIIIllil,2.653,-66.123,AI,35.7,-81.8,ke ro,0.842,-105.854,HANA_ARASHI,-39.23,-87.454,0,0,0,0,0,,0,0,1,0,0,0,0,0,0,0
127,5,1,0,6,0,0,2,1,1,1,3,255,6,59,2857.868,encounter v,R,27,113,-0.129,1.148,0.131,1.897,-36.691,2,0,8.479,-137.65,-14.242,0,0,1,2,8,R,별이__,174.5,95,0.5,2,64,2858.99,109,124,45,23,158,136,124,30.798,22.759,0.61,0.059,0.057,0.182,0,0,0,0,-0.171,-37.474,Sabo_10,0.037,-16.827,vovopo 보보포,-20.269,-43.251,ʚEveɞ,-15.309,-63.61,인생최패망자,12.882,-43.26,IllilliIIIIllil,2.03,-67.018,AI,35.7,-81.8,ke ro,1.34,-102.533,HANA_ARASHI,-36.515,-87.915,2864.446,-61.725,-111.949,0,0,,0,0,0,0,0,0,0,0,0,4
128,5,1,4,6,0,0,2,0,0,0,255,255,255,60,2897.208,encounter v,R,26,136,1.149,0.328,0.186,1.792,-36.513,2,0,92.859,-200,-7.091,0,0,1,3,4,R,아침땅_,179.7,95,0.5,2,64,2898.21,152,160,62,44,192,150,122,100.098,-34.511,0.24,0.009,-0.005,0.077,0,0,0,0,-0.276,-37.017,Sabo_10,0.016,-16.968,vovopo 보보포,-20.652,-43.2,ʚEveɞ,-16.942,-62.516,인생최패망자,14.988,-49.974,IllilliIIIIllil,5.061,-67.094,AI,35.7,-81.8,ke ro,0.308,-106.198,HANA_ARASHI,-38.831,-85.016,0,0,0,0,0,,0,0,0,0,0,0,0,0,0,3
129,5,1,4,6,0,1,2,0,0,0,255,255,255,61,2919.38,encounter v,R,13,109,1.82,0.793,0.376,1.998,-36.886,1,0,-384.729,315.048,-18.666,0,0,0,3,4,R,아침땅_,179.7,95,0.5,0,36,0,0,0,0,0,0,0,0,0,0,0,0,0,0,0,0,0,0,-0.145,-37.214,Sabo_10,0.044,-16.789,vovopo 보보포,-21.462,-44.495,ʚEveɞ,-15.653,-63.277,인생최패망자,15.451,-47.781,IllilliIIIIllil,5.508,-67.996,AI,35.7,-81.8,ke ro,1.27,-105.068,HANA_ARASHI,-38.649,-89.923,0,0,0,0,0,,0,0,0,0,0,0,0,0,0,0
130,5,1,4,6,1,1,2,0,0,0,255,255,255,62,2931.255,encounter v,R,13,103,0.374,2.959,0.197,2.159,-37.004,1,0,-330.514,354.13,-14.013,0,0,0,3,4,R,아침땅_,179.7,95,0.5,0,36,0,0,0,0,0,0,0,0,0,0,0,0,0,0,0,0,0,0,0.089,-37.706,Sabo_10,-0.101,-17.025,vovopo 보보포,-21.978,-45.45,ʚEveɞ,-15.632,-63.281,인생최패망자,15.595,-49.357,IllilliIIIIllil,4.915,-66.603,AI,35.7,-81.8,ke ro,1.548,-104.77,HANA_ARASHI,-39.783,-90.94,0,0,0,0,0,,0,0,0,0,0,0,0,0,0,0
131,5,1,4,6,2,1,2,0,0,0,255,255,255,63,2944.865,encounter v,R,13,106,2.482,0.845,0.409,1.957,-36.992,1,0,-349.657,344.004,-11.046,0,0,0,3,4,R,아침땅_,179.7,95,0.5,0,36,0,0,0,0,0,0,0,0,0,0,0,0,0,0,0,0,0,0,0.108,-37.69,Sabo_10,0.231,-16.898,vovopo 보보포,-19.665,-40.935,ʚEveɞ,-15.627,-63.218,인생최패망자,15.222,-49.933,IllilliIIIIllil,4.88,-66.606,AI,35.7,-81.8,ke ro,1.448,-104.289,HANA_ARASHI,-41.127,-91.715,0,0,0,0,0,,0,0,0,0,0,0,0,0,0,0
132,5,1,4,6,3,1,2,0,0,0,255,255,255,64,2956.704,encounter v,R,13,113,0.951,0.884,0.31,1.947,-36.872,2,0,-370.927,335.281,-11.586,0,0,0,3,4,R,아침땅_,179.7,95,0.5,2,36,2957.826,60,0,28,40,22,25,36,-23.112,35.557,0.4,0.033,0.036,0,0,0,0,0,-0.073,-37.206,Sabo_10,0.054,-16.982,vovopo 보보포,-20.762,-45.333,ʚEveɞ,-15.665,-63.24,인생최패망자,16.043,-48.59,IllilliIIIIllil,4.988,-66.583,AI,35.7,-81.8,ke ro,1.752,-102.54,HANA_ARASHI,-40.695,-94.141,2957.981,-1.387,-21.033,2961.182,2,vovopo 보보포,-12.544,-35.121,0,0,0,0,0,0,0,2
133,5,0,4,6,0,0,0,0,0,0,255,255,255,67,3010.917,coder_,R,14,97,4.235,-1.799,0.144,1.546,-36.888,1,0,329.583,332.127,1.83,0.919,-18.856,0,3,1,L,Sabo_10,184.8,94,0.6,0,64,0,0,0,0,0,0,0,0,0,0,0,0,0,0,0,0,0,0,-0.013,-38.066,눈꽃,0.348,-17.035,Pring__,-24.306,-50.106,Oort__Cloud,-13.117,-64.522,아침땅_,24.493,-49.097,소솨소솨,17.37,-62.632,それいゆ るな,36.355,-84.611,AI,0,-100.6,별이__,-38.302,-89.395,0,0,0,0,0,,0,0,0,0,0,0,0,0,0,0
134,5,0,4,6,1,0,0,0,0,0,255,255,255,68,3022.227,coder_,R,13,103,1.558,-0.014,0.147,1.779,-36.851,1,0,-153.274,400,24.669,0.304,-17.642,0,3,1,L,Sabo_10,184.8,94,0.6,0,64,0,0,0,0,0,0,0,0,0,0,0,0,0,0,0,0,0,0,-0.012,-37.607,눈꽃,0.307,-17.348,Pring__,-24.323,-50.126,Oort__Cloud,-13.091,-64.637,아침땅_,24.5,-49.091,소솨소솨,17.405,-62.994,それいゆ るな,36.37,-84.573,AI,0,-100.6,별이__,-38.376,-89.259,0,0,0,0,0,,0,0,0,0,0,0,0,0,0,0
135,5,0,4,6,2,0,0,0,0,0,255,255,255,69,3033.32,coder_,R,6,92,-0.482,0.238,-0.236,1.682,-36.824,2,0,353.596,0,5.142,0,0,1,3,1,L,Sabo_10,184.8,94,0.6,3,64,3034.727,154,107,83,52,29,150,111,28.879,-48.171,0.9,0.002,-0.066,0.156,0,0,0,0,-0.347,-37.318,눈꽃,-0.037,-17.019,Pring__,-24.32,-50.105,Oort__Cloud,-12.962,-64.642,아침땅_,24.473,-49.022,소솨소솨,16.768,-61.877,それいゆ るな,36.355,-84.615,AI,0,-100.6,별이__,-38.417,-89.369,3039.391,66.397,-93.165,3041.321,6,それいゆ るな,62.836,-87.154,1,0,0,0,0,0,0,2
136,5,0,4,6,0,0,0,1,0,0,10,255,255,70,3065.983,coder_,R,41,95,0.676,0.073,0.104,1.616,-36.934,0,0,-75.111,-94.441,-2.206,0,0,0,4,5,L,IllilliIIIIllil,174.5,86,0.497,0,64,0,0,0,0,0,0,0,0,0,0,0,0,0,0,0,0,0,0,-0.081,-38.083,눈꽃,0.138,-18.113,Pring__,-20.32,-44.273,Oort__Cloud,-4.492,-62.455,아침땅_,23.199,-47.644,소솨소솨,17.5,-62.459,それいゆ るな,41.87,-89.884,AI,0,-100.6,별이__,-40.377,-91.502,0,0,0,0,0,,0,0,0,0,0,0,0,0,0,0
137,5,0,4,6,0,1,0,0,1,0,255,10,255,71,3087.327,coder_,R,26,106,-1.013,1.192,-0.085,1.761,-36.768,4,0,-19.643,-200,25.602,0,0,1,4,5,L,IllilliIIIIllil,174.5,86,0.497,0,64,0,0,0,0,0,0,0,0,0,0,0,0,0,0,0,0,0,0,-0.005,-37.577,눈꽃,-0.051,-16.932,Pring__,-22.356,-46.516,Oort__Cloud,-7.073,-62.783,아침땅_,22.64,-46.347,소솨소솨,15.888,-62.732,それいゆ るな,42.913,-90.422,AI,0,-100.6,별이__,-40.217,-91.334,0,0,0,0,0,,0,0,0,0,0,0,0,0,0,0
138,5,0,4,6,0,2,0,0,1,0,255,10,255,72,3118.246,coder_,R,33,116,5.477,0.791,0.306,1.706,-36.96,1,0,107.707,-85.986,-0.4,0,0,0,4,5,L,IllilliIIIIllil,174.5,86,0.497,0,64,0,0,0,0,0,0,0,0,0,0,0,0,0,0,0,0,0,0,5.903,-37.406,눈꽃,0.475,-16.888,Pring__,-21.539,-44.005,Oort__Cloud,-9.35,-65.41,아침땅_,23.88,-47.576,소솨소솨,16.455,-63.017,それいゆ るな,42.944,-90.386,AI,0,-100.6,별이__,-40.229,-91.181,0,0,0,0,0,,0,0,0,0,0,0,0,0,0,0
139,5,0,4,6,1,2,0,0,1,0,255,10,255,73,3133.594,coder_,R,13,106,0.843,-0.076,0.089,1.727,-36.825,0,0,-163.95,400,55.788,-0.018,-16.784,1,4,5,L,IllilliIIIIllil,174.5,86,0.497,0,64,0,0,0,0,0,0,0,0,0,0,0,0,0,0,0,0,0,0,-0.016,-37.885,눈꽃,-0.102,-17.258,Pring__,-20.341,-41.638,Oort__Cloud,-2.313,-63.283,아침땅_,22.029,-45.99,소솨소솨,18.167,-62.157,それいゆ るな,43.126,-91.194,AI,0,-100.6,별이__,-39.958,-91.246,0,0,0,0,0,,0,0,0,0,0,0,0,0,0,0
140,5,0,4,6,0,0,1,0,1,0,255,10,255,74,3166.756,coder_,R,10,100,0.009,-2.732,0.001,1.35,-36.921,1,0,0,400,9.034,-0.048,-17.573,0,5,3,L,ʚEveɞ,174.9,95,0.401,0,64,0,0,0,0,0,0,0,0,0,0,0,0,0,0,0,0,0,0,-0.116,-37.73,눈꽃,-0.001,-17.09,Pring__,-23.221,-48.84,Oort__Cloud,-7.407,-64.599,아침땅_,21.644,-44.665,소솨소솨,18.653,-60.541,それいゆ るな,41.866,-89.805,AI,0,-100.6,별이__,-40.246,-90.945,0,0,0,0,0,,0,0,0,0,0,0,0,0,0,0
141,5,0,4,6,1,0,1,0,1,0,255,10,255,75,3181.286,coder_,R,38,80,1.062,-0.509,0.092,1.569,-36.905,0,0,11.142,12.22,-5.238,0,0,0,5,3,L,ʚEveɞ,174.9,95,0.401,0,64,0,0,0,0,0,0,0,0,0,0,0,0,0,0,0,0,0,0,0.076,-37.742,눈꽃,0.016,-16.979,Pring__,-22.586,-47.441,Oort__Cloud,0.216,-59.159,아침땅_,21.065,-43.898,소솨소솨,18.535,-60.692,それいゆ るな,41.86,-89.795,AI,0,-100.6,별이__,-40.12,-90.875,0,0,0,0,0,,0,0,0,0,0,0,0,0,0,0
142,5,0,4,6,1,1,1,0,1,0,255,10,255,76,3197.239,coder_,R,26,120,-1.782,-1.206,-0.1,1.473,-36.718,1,0,-34.94,-154.104,10.441,-0.535,-17.743,0,5,3,L,ʚEveɞ,174.9,95,0.401,0,64,0,0,0,0,0,0,0,0,0,0,0,0,0,0,0,0,0,0,-0.131,-37.865,눈꽃,-0.264,-17.2,Pring__,-22.362,-46.952,Oort__Cloud,-6.966,-64.575,아침땅_,21.671,-44.048,소솨소솨,18.359,-61.448,それいゆ るな,41.881,-89.782,_Chun,0.08,-110.505,별이__,-40.107,-90.882,0,0,0,0,0,,0,0,0,0,0,0,0,0,0,0
143,5,0,4,6,2,1,1,0,1,0,255,10,255,77,3222.315,coder_,R,38,84,2.338,-0.444,0.213,1.569,-36.994,2,0,7.65,-6.945,1.688,0,0,0,5,3,L,ʚEveɞ,174.9,95,0.401,3,64,3223.713,191,164,82,25,137,150,117,-14.111,-35.438,0.88,0.099,-0.037,0.13,0,0,0,0,-0.084,-37.573,눈꽃,0.005,-16.971,Pring__,-23.191,-48.826,Oort__Cloud,-6.615,-64.074,아침땅_,21.501,-44.584,소솨소솨,18.812,-64.38,それいゆ るな,44.6,-89.806,_Chun,-0.086,-101.089,별이__,-40.156,-90.944,3223.773,2.221,-22.082,3227.057,6,それいゆ るな,37.249,-79.288,1,0,0,0,0,0,0,2
144,5,0,4,7,0,0,1,0,1,0,255,255,255,78,3307.53,coder_,R,10,88,-0.58,-1.185,-0.029,1.652,-36.916,4,0,-43.203,400,10.38,0,0,1,6,4,R,인생최패망자,190,90,0.45,0,64,0,0,0,0,0,0,0,0,0,0,0,0,0,0,0,0,0,0,-0.055,-37.751,눈꽃,-0.095,-17.316,Pring__,-21.711,-47.012,Oort__Cloud,-12.513,-64.237,아침땅_,20.979,-49.044,소솨소솨,11.405,-62.259,それいゆ るな,45.022,-86.463,_Chun,3.389,-101.849,별이__,-42.129,-88.25,0,0,0,0,0,,0,0,0,0,0,0,0,0,0,0
145,5,0,4,7,0,1,1,0,1,0,255,255,255,79,3324.093,coder_,R,10,112,-2.645,-1.272,-0.142,1.578,-36.838,2,0,-86.433,400,45.096,0,0,1,6,4,R,인생최패망자,190,90,0.45,2,64,3325.299,153,122,70,23,105,150,130,-30,22.706,0.71,-0.067,0.064,0.119,0,0,0,0,-0.026,-37.368,눈꽃,-0.097,-16.972,Pring__,-21.082,-46.606,Oort__Cloud,-12.734,-64.242,아침땅_,21.088,-49.325,소솨소솨,12.445,-62.976,それいゆ るな,43.896,-87.162,_Chun,4.354,-102.031,별이__,-42.124,-88.248,3325.321,-0.783,-20.569,3334.023,7,_Chun,-25.467,-114.531,1,0,0,0,0,0,0,2
146,5,0,4,8,0,0,1,0,0,1,255,255,13,80,3364.19,coder_,R,27,123,-0.304,-0.477,-0.019,1.546,-36.769,2,0,-0.243,-129.972,5.206,0,0,1,7,0,L,encounter v,190,95,0.447,3,64,3365.321,23,17,15,8,7,43,47,-0.709,-1.863,-0.43,0.103,-0.094,0.013,1,0,0,0,0.072,-37.138,눈꽃,-0.026,-16.954,Pring__,-21.156,-46.161,Oort__Cloud,-13.097,-64.468,아침땅_,19.929,-42.773,소솨소솨,10.432,-42.616,それいゆ るな,46.841,-88.529,_Chun,0.086,-103.911,별이__,-40.442,-89.202,3365.891,0.18,-28.204,3366.793,0,coder_,0.319,-33.701,0,0,0,0,0,0,0,2
147,5,0,4,9,0,0,2,0,0,0,255,255,255,81,3393.242,coder_,R,13,80,0.199,-0.957,0.257,1.754,-36.966,0,0,-260.667,348.622,13.791,-0.165,-17.645,0,0,7,R,ke ro,160,87.518,0.452,0,64,0,0,0,0,0,0,0,0,0,0,0,0,0,0,0,0,0,0,-0.022,-37.6,눈꽃,-0.11,-17.325,Pring__,-20.989,-45.6,Oort__Cloud,-13.138,-64.468,아침땅_,21.714,-49.904,소솨소솨,14.602,-64.221,それいゆ るな,42.788,-85.514,_Chun,-0.312,-100.016,별이__,-44.884,-91.72,0,0,0,0,0,,0,0,0,0,0,0,0,0,0,0
148,5,0,4,9,0,1,2,0,0,0,255,255,255,82,3402.867,coder_,R,0,93,-0.277,0.557,-0.021,1.718,-36.911,0,0,-8.412,0,11.059,0,0,1,0,7,R,ke ro,160,87.518,0.452,0,64,0,0,0,0,0,0,0,0,0,0,0,0,0,0,0,0,0,0,0.031,-37.524,눈꽃,-0.069,-17.112,Pring__,-20.564,-45.244,Oort__Cloud,-13.147,-64.497,아침땅_,21.69,-50.168,소솨소솨,14.724,-64.221,それいゆ るな,41.956,-86.077,_Chun,-0.26,-100.487,별이__,-45.851,-91.488,0,0,0,0,0,,0,0,0,0,0,0,0,0,0,0
149,5,0,4,9,0,2,2,0,0,0,255,255,255,83,3411.971,coder_,R,6,82,-1.089,0.28,-0.302,1.682,-36.798,0,0,349.91,0,3.379,0,0,0,0,7,R,ke ro,160,87.518,0.452,0,64,0,0,0,0,0,0,0,0,0,0,0,0,0,0,0,0,0,0,-0.107,-37.523,눈꽃,-0.349,-17.027,Pring__,-20.789,-45.066,Oort__Cloud,-13.122,-64.581,아침땅_,21.732,-50.343,소솨소솨,14.716,-64.207,それいゆ るな,42.039,-86.137,_Chun,-0.24,-100.46,별이__,-45.831,-91.481,0,0,0,0,0,,0,0,0,0,0,0,0,0,0,0
150,6,1,4,9,0,0,0,0,0,0,255,255,255,65,3463.452,encounter v,R,3,114,2.569,-0.744,0.436,1.41,-36.558,1,0,-500,0,12,0,0,0,4,5,R,소솨소솨,175.1,95.643,0.5,0,64,0,0,0,0,0,0,0,0,0,0,0,0,0,0,0,0,0,0,-0.179,-37.275,Sabo_10,0.178,-16.971,vovopo 보보포,-21.767,-46.058,ʚEveɞ,-13.388,-64.879,인생최패망자,15.08,-51.064,IllilliIIIIllil,6.582,-66.353,AI,35.7,-81.8,ke ro,-1.1,-110.529,HANA_ARASHI,-42.18,-87.752,0,0,0,0,0,,0,0,0,0,0,0,0,0,0,0
151,6,1,4,9,1,0,0,0,0,0,255,255,255,66,3477.289,encounter v,R,3,114,-0.115,-0.374,0.269,1.451,-36.5,0,0,-500,0,12.057,0,0,0,4,5,R,소솨소솨,175.1,95.643,0.5,0,43,0,0,0,0,0,0,0,0,0,0,0,0,0,0,0,0,0,0,-0.193,-37.282,Sabo_10,-0.053,-16.889,vovopo 보보포,-20.904,-44.69,ʚEveɞ,-13.568,-64.873,인생최패망자,15.104,-50.227,IllilliIIIIllil,6.561,-66.404,AI,35.7,-81.8,ke ro,-1.339,-110.503,HANA_ARASHI,-39.637,-92.153,0,0,0,0,0,,0,0,0,0,0,0,0,0,0,0
152,6,1,4,9,1,1,0,0,0,0,255,255,255,67,3489.21,encounter v,R,32,140,-5.159,0.054,-0.239,1.512,-36.58,1,0,250,62.406,20.972,0,0,0,4,5,R,소솨소솨,175.1,95.643,0.5,0,43,0,0,0,0,0,0,0,0,0,0,0,0,0,0,0,0,0,0,-0.126,-37.345,Sabo_10,-0.679,-17.706,vovopo 보보포,-20.628,-43.472,ʚEveɞ,-13.866,-64.676,인생최패망자,15.079,-50.331,IllilliIIIIllil,6.355,-66.442,AI,35.7,-81.8,ke ro,-1.334,-110.513,HANA_ARASHI,-40.689,-92.321,0,0,0,0,0,,0,0,0,0,0,0,0,0,0,0
153,6,1,4,9,2,1,0,0,0,0,255,255,255,68,3500.508,encounter v,R,32,130,-1.137,0.278,0.004,1.518,-36.592,0,0,250,-5.643,5.669,0,0,0,4,5,R,소솨소솨,175.1,95.643,0.5,0,43,0,0,0,0,0,0,0,0,0,0,0,0,0,0,0,0,0,0,-0.072,-37.401,Sabo_10,0.008,-16.807,vovopo 보보포,-21.296,-43.228,ʚEveɞ,-13.805,-64.639,인생최패망자,15.757,-50.824,IllilliIIIIllil,6.547,-66.376,AI,35.7,-81.8,ke ro,-1.216,-109.924,HANA_ARASHI,-39.977,-89.433,0,0,0,0,0,,0,0,0,0,0,0,0,0,0,0
154,6,1,4,9,2,2,0,0,0,0,255,255,255,69,3510.702,encounter v,R,3,116,1.295,-0.571,0.358,1.429,-36.582,2,0,-500,0,7.007,0,0,1,4,5,R,소솨소솨,175.1,95.643,0.5,2,43,3511.8,127,83,41,16,20,132,95,-15.843,14.816,-0.34,-0.034,-0.053,0.139,0,0,0,0,-0.34,-37.051,Sabo_10,-0.032,-16.807,vovopo 보보포,-21.456,-44.899,ʚEveɞ,-13.793,-64.598,인생최패망자,15.778,-50.857,IllilliIIIIllil,6.542,-66.399,AI,35.7,-81.8,ke ro,-1.067,-109.906,HANA_ARASHI,-41.528,-87.912,3511.87,-0.389,-22.26,3514.002,3,ʚEveɞ,-10.038,-59.344,0,16,0,0,0,0,0,2
155,6,1,4,9,0,0,1,0,0,0,255,255,255,70,3537.636,encounter v,R,32,133,2.23,-0.235,0.446,1.451,-36.597,2,0,250,-40.889,3.67,0,0,1,5,1,L,눈꽃,190,90,0.496,3,64,3538.557,44,122,74,53,61,108,103,-2.886,-19.657,0.91,0.028,-0.04,0.044,0,0,0,0,-0.16,-37.156,Sabo_10,0.044,-17.057,vovopo 보보포,-22.805,-48.519,ʚEveɞ,-9.493,-66.449,인생최패망자,23.632,-48.989,IllilliIIIIllil,14.059,-62.831,AI,35.7,-81.8,ke ro,-0.29,-108.89,HANA_ARASHI,-45.092,-93.017,3538.8,4.156,-28.698,3540.53,5,IllilliIIIIllil,16.883,-57.868,0,0,0,0,0,0,0,2
156,6,1,4,9,0,0,2,0,0,0,255,255,255,71,3574.695,encounter v,R,32,128,-3.798,0.749,0.08,1.533,-36.671,1,0,250,-102.876,16.307,0,0,0,6,6,R,それいゆ るな,160,86,0.43,0,35,0,0,0,0,0,0,0,0,0,0,0,0,0,0,0,0,0,0,-0.14,-37.399,Sabo_10,-0.78,-17.403,vovopo 보보포,-21.09,-44.666,ʚEveɞ,-13.926,-64.267,인생최패망자,17.286,-46.899,IllilliIIIIllil,4.595,-67.431,AI,35.7,-81.8,ke ro,-0.11,-108.833,HANA_ARASHI,-39.018,-88.139,0,0,0,0,0,,0,0,0,0,0,0,0,0,0,0
157,6,1,4,9,1,0,2,0,0,0,255,255,255,72,3587.753,encounter v,R,32,133,0.753,-0.369,0.354,1.433,-36.609,0,0,250,-94.276,6.007,0.317,-17.102,0,6,6,R,それいゆ るな,160,86,0.43,0,35,0,0,0,0,0,0,0,0,0,0,0,0,0,0,0,0,0,0,-0.095,-37.35,Sabo_10,0.172,-17.368,vovopo 보보포,-20.959,-43.159,ʚEveɞ,-13.956,-64.24,인생최패망자,15.668,-50.279,IllilliIIIIllil,4.586,-67.333,AI,35.7,-81.8,ke ro,-0.207,-108.798,HANA_ARASHI,-40.93,-90.481,0,0,0,0,0,,0,0,0,0,0,0,0,0,0,0
158,6,1,4,9,1,1,2,0,0,0,255,255,255,73,3606.453,encounter v,R,32,140,-0.247,-0.052,0.29,1.324,-36.467,0,0,250,-54.36,2.377,-0.399,-17.229,0,6,6,R,それいゆ るな,160,86,0.43,0,35,0,0,0,0,0,0,0,0,0,0,0,0,0,0,0,0,0,0,0.039,-37.238,Sabo_10,-0.006,-17.114,vovopo 보보포,-20.649,-43.563,ʚEveɞ,-13.915,-64.233,인생최패망자,15.398,-50.039,IllilliIIIIllil,4.511,-67.398,AI,35.7,-81.8,ke ro,-0.091,-108.851,HANA_ARASHI,-41.053,-91.469,0,0,0,0,0,,0,0,0,0,0,0,0,0,0,0
159,6,1,4,9,1,2,2,0,0,0,255,255,255,74,3625.759,encounter v,R,32,138,-1.023,0.492,0.247,1.404,-36.6,0,0,250,63.138,14.997,0,0,0,6,6,R,それいゆ るな,160,86,0.43,0,35,0,0,0,0,0,0,0,0,0,0,0,0,0,0,0,0,0,0,-0.103,-37.232,Sabo_10,-0.072,-17.232,vovopo 보보포,-22.204,-44.664,ʚEveɞ,-13.912,-64.228,인생최패망자,15.341,-50.086,IllilliIIIIllil,4.616,-66.746,AI,35.7,-81.8,ke ro,-0.493,-108.843,HANA_ARASHI,-41.109,-91.011,0,0,0,0,0,,0,0,0,0,0,0,0,0,0,0
160,6,0,4,9,0,0,0,0,0,0,255,255,255,84,3753.247,Pring__,R,32,127,-7.007,-1.715,-0.488,1.185,-36.29,1,0,250,-177.61,19.129,-1.305,-16.805,0,1,8,R,HANA_ARASHI,190,86,0.2,0,64,0,0,0,0,0,0,0,0,0,0,0,0,0,0,0,0,0,0,-0.349,-37.491,눈꽃,-0.538,-16.758,coder_,-24.123,-53.212,_Chun,-13.48,-59.988,아침땅_,22.756,-51.339,소솨소솨,15.094,-63.352,それいゆ るな,43.362,-89.264,Oort__Cloud,0.385,-112.827,별이__,-41.39,-85.763,0,0,0,0,0,,0,0,0,0,0,0,0,0,0,0
161,6,0,4,9,1,0,0,0,0,0,255,255,255,85,3767.252,Pring__,R,32,123,2.283,0.16,0.054,1.449,-36.478,4,0,250,-145.719,-4.438,-0.38,-20.026,1,1,8,R,HANA_ARASHI,190,86,0.2,0,64,0,0,0,0,0,0,0,0,0,0,0,0,0,0,0,0,0,0,0.018,-37.441,눈꽃,-0.106,-17.326,coder_,-24.2,-54.165,_Chun,-13.662,-59.819,아침땅_,22.374,-50.942,소솨소솨,15.095,-63.355,それいゆ るな,42.54,-87.932,Oort__Cloud,0.082,-112.184,별이__,-41.664,-85.885,0,0,0,0,0,,0,0,0,0,0,0,0,0,0,0
162,6,0,4,9,1,1,0,0,0,0,255,255,255,86,3781.4,Pring__,R,10,112,-2.13,-2.529,-0.131,1.076,-36.391,1,0,0,400,6.481,-0.572,-17.516,0,1,8,R,HANA_ARASHI,190,86,0.2,0,64,0,0,0,0,0,0,0,0,0,0,0,0,0,0,0,0,0,0,-0.295,-37.523,눈꽃,-0.434,-17.484,coder_,-24.229,-52.723,_Chun,-13.51,-61.117,아침땅_,21.729,-49.963,소솨소솨,15.099,-63.378,それいゆ るな,42.737,-88.53,Oort__Cloud,0.258,-112.151,별이__,-41.74,-85.951,0,0,0,0,0,,0,0,0,0,0,0,0,0,0,0
163,6,0,4,9,2,1,0,0,0,0,255,255,255,87,3792.138,Pring__,R,32,123,2.618,0.22,0.117,1.455,-36.483,1,0,167.477,-77.201,-2.565,0,0,0,1,8,R,HANA_ARASHI,190,86,0.2,0,64,0,0,0,0,0,0,0,0,0,0,0,0,0,0,0,0,0,0,0.005,-37.677,눈꽃,0.011,-17.063,coder_,-24.614,-51.848,_Chun,-13.711,-61.001,아침땅_,21.79,-50.001,소솨소솨,15.438,-63.63,それいゆ るな,42.702,-88.604,Oort__Cloud,0.143,-112.155,별이__,-41.636,-85.912,0,0,0,0,0,,0,0,0,0,0,0,0,0,0,0
164,6,0,4,9,3,1,0,0,0,0,255,255,255,88,3803.554,Pring__,R,32,123,0.711,0.175,-0.009,1.439,-36.47,2,0,204.892,-123.154,-0.81,0,0,1,1,8,R,HANA_ARASHI,190,86,0.2,2,64,3804.809,168,114,48,23,67,150,97,37.655,-15.392,-0.49,-0.002,-0.029,0.134,0,0,0,0,-0.405,-37.124,눈꽃,-0.037,-16.96,coder_,-24.035,-52.623,_Chun,-13.613,-61.047,아침땅_,21.849,-49.833,소솨소솨,15.538,-63.491,それいゆ るな,42.662,-88.549,Oort__Cloud,-0.648,-112.414,별이__,-41.657,-85.938,3810.106,25.036,-92.313,3815.446,7,Oort__Cloud,35.605,-115.036,1,0,0,0,0,0,0,2
165,6,0,4,9,0,0,0,0,0,1,255,255,17,89,3847.695,Pring__,R,32,126,0.598,0.158,-0.025,1.419,-36.465,0,0,237.251,-171.211,-4.363,0,0,0,2,2,L,vovopo 보보포,160,94,0.549,0,64,0,0,0,0,0,0,0,0,0,0,0,0,0,0,0,0,0,0,-0.354,-37.73,눈꽃,0.01,-16.978,coder_,-20.013,-49.718,_Chun,-11.686,-61.321,아침땅_,20.293,-42.258,소솨소솨,19.271,-60.294,それいゆ るな,41.151,-86.702,Oort__Cloud,1.378,-117.026,별이__,-43.477,-94.437,0,0,0,0,0,,0,0,0,0,0,0,0,0,0,0
166,6,0,4,9,0,1,0,0,0,1,255,255,17,90,3863.753,Pring__,R,32,123,0.752,0.532,-0.016,1.461,-36.464,2,0,250,-126.811,2.102,0,0,1,2,2,L,vovopo 보보포,160,94,0.549,2,64,3864.818,208,156,111,81,195,150,94,27.611,-42.692,-0.03,0.065,-0.076,0.091,0,0,0,0,-0.658,-37.082,눈꽃,0.009,-17.035,coder_,-20.145,-49.226,_Chun,-11.442,-61.36,아침땅_,20.141,-42.763,소솨소솨,19.712,-60.925,それいゆ るな,41.165,-86.709,Oort__Cloud,2.059,-117.559,별이__,-43.488,-94.449,3868.745,40.662,-81.971,3874.432,6,それいゆ るな,48.24,-103.451,1,4,0,0,0,0,0,2
167,6,0,4,10,0,0,1,0,0,0,255,255,255,91,3944.711,Pring__,R,32,124,2.508,0.152,0.1,1.44,-36.608,4,0,200.405,-97.894,1.081,0,0,1,3,1,L,Sabo_10,184.8,94,0.6,0,64,0,0,0,0,0,0,0,0,0,0,0,0,0,0,0,0,0,0,-0.4,-37.705,눈꽃,0.003,-16.921,coder_,-20.352,-49.438,_Chun,-12.433,-61.627,아침땅_,24.145,-48.842,소솨소솨,18.993,-62.092,それいゆ るな,39.443,-88.613,Oort__Cloud,2.889,-111.562,별이__,-48.701,-92.264,0,0,0,0,0,,0,0,0,0,0,0,0,0,0,0
168,6,0,4,10,0,1,1,0,0,0,255,255,255,92,3959.554,Pring__,R,32,120,2.646,0.637,0.12,1.496,-36.608,1,0,159.724,-112.681,-0.406,1.371,-5.713,0,3,1,L,Sabo_10,184.8,94,0.6,0,64,0,0,0,0,0,0,0,0,0,0,0,0,0,0,0,0,0,0,-0.276,-37.667,눈꽃,0.018,-16.883,coder_,-21.181,-52.014,_Chun,-12.444,-61.705,아침땅_,24.101,-48.858,소솨소솨,18.112,-61.289,それいゆ るな,39.769,-88.928,Oort__Cloud,2.719,-111.61,별이__,-46.965,-95.378,0,0,0,0,0,,0,0,0,0,0,0,0,0,0,0
169,6,0,4,10,1,1,1,0,0,0,255,255,255,93,3974.06,Pring__,R,32,122,2.322,0.183,0.096,1.446,-36.557,4,0,176.301,-88.798,3.948,0,0,1,3,1,L,Sabo_10,184.8,94,0.6,0,64,0,0,0,0,0,0,0,0,0,0,0,0,0,0,0,0,0,0,-0.218,-37.597,눈꽃,0.052,-16.913,coder_,-19.568,-50.232,_Chun,-12.521,-61.58,아침땅_,24.099,-48.814,소솨소솨,17.654,-61.465,それいゆ るな,39.924,-88.751,Oort__Cloud,2.691,-111.632,별이__,-46.938,-95.358,0,0,0,0,0,,0,0,0,0,0,0,0,0,0,0
170,6,0,4,10,1,2,1,0,0,0,255,255,255,94,3989.183,Pring__,R,32,127,1.217,0.091,0.017,1.428,-36.441,0,0,221.876,-119.522,6.829,0,0,1,3,1,L,Sabo_10,184.8,94,0.6,0,64,0,0,0,0,0,0,0,0,0,0,0,0,0,0,0,0,0,0,-0.068,-37.271,눈꽃,0.026,-16.926,coder_,-19.958,-46.624,_Chun,-12.514,-61.672,아침땅_,23.979,-48.527,소솨소솨,17.859,-61.483,それいゆ るな,39.916,-88.798,Oort__Cloud,4.062,-115.552,별이__,-46.869,-96.738,0,0,0,0,0,,0,0,0,0,0,0,0,0,0,0
171,6,0,4,10,0,0,2,0,0,0,255,255,255,95,4013.83,Pring__,R,13,99,-8.776,-2.738,-0.655,1.088,-36.355,1,0,-351.391,312.348,-20.914,-1.553,-21.056,0,4,0,L,IllilliIIIIllil,174.5,86,0.497,0,64,0,0,0,0,0,0,0,0,0,0,0,0,0,0,0,0,0,0,-0.662,-37.598,눈꽃,-0.059,-16.984,coder_,-22.93,-54.155,_Chun,-12.628,-61.615,아침땅_,23.94,-48.529,소솨소솨,20.75,-59.34,それいゆ るな,40.561,-88.365,Oort__Cloud,4.091,-115.568,별이__,-46.705,-96.753,0,0,0,0,0,,0,0,0,0,0,0,0,0,0,0
172,6,0,4,10,1,0,2,0,0,0,255,255,255,96,4044.769,Pring__,R,32,126,-0.88,-0.171,-0.117,1.394,-36.374,0,0,250,-141.081,7.946,0,0,1,4,0,L,IllilliIIIIllil,174.5,86,0.497,0,64,0,0,0,0,0,0,0,0,0,0,0,0,0,0,0,0,0,0,-0.24,-37.782,눈꽃,0.001,-16.851,coder_,-22.778,-53.789,_Chun,-12.458,-61.761,아침땅_,23.923,-48.523,소솨소솨,19.594,-60.516,それいゆ るな,41.585,-89.289,Oort__Cloud,4.194,-115.538,별이__,-46.763,-96.768,0,0,0,0,0,,0,0,0,0,0,0,0,0,0,0
173,6,0,4,10,1,1,2,0,0,0,255,255,255,97,4061.206,Pring__,R,32,125,0.922,0.468,-0.007,1.461,-36.498,0,0,249.756,-148.39,1.308,0,0,0,4,0,L,IllilliIIIIllil,174.5,86,0.497,0,64,0,0,0,0,0,0,0,0,0,0,0,0,0,0,0,0,0,0,-0.263,-37.438,눈꽃,-0.027,-16.935,coder_,-22.866,-53.505,_Chun,-12.486,-61.733,아침땅_,23.966,-48.435,소솨소솨,19.614,-60.989,それいゆ るな,41.829,-89.629,Oort__Cloud,4.242,-115.57,별이__,-46.839,-97.064,0,0,0,0,0,,0,0,0,0,0,0,0,0,0,0
174,6,0,4,10,1,2,2,0,0,0,255,255,255,98,4074.983,Pring__,R,32,127,1.092,-0.939,0.007,1.317,-36.42,2,0,250,-100.227,1.674,0,0,1,4,0,L,IllilliIIIIllil,174.5,86,0.497,3,64,4076.158,68,52,47,60,29,119,95,11.678,-8.884,0.93,0.01,0.014,0.019,0,0,0,0,-0.351,-37.13,눈꽃,-0.043,-16.922,coder_,-22.331,-52.463,_Chun,-12.463,-61.724,아침땅_,23.896,-48.475,소솨소솨,19.679,-60.766,それいゆ るな,41.825,-89.632,Oort__Cloud,4.134,-115.562,별이__,-46.9,-97.153,4078.161,10.923,-66.174,4085.578,7,Oort__Cloud,27.426,-123.798,1,0,0,0,0,0,0,2
175,6,0,4,11,0,0,2,0,0,0,255,255,255,99,4123.833,Pring__,R,32,123,1.652,0.2,0.05,1.441,-36.498,1,0,195.281,-109.491,-1.119,0,0,0,5,3,L,ʚEveɞ,174.9,95,0.401,0,64,0,0,0,0,0,0,0,0,0,0,0,0,0,0,0,0,0,0,-0.016,-37.537,눈꽃,0.049,-17.044,coder_,-18.199,-50.795,_Chun,-11.167,-60.457,아침땅_,21.797,-45.71,소솨소솨,18.21,-61.074,それいゆ るな,44.884,-91.834,Oort__Cloud,3.774,-115.575,별이__,-41.233,-99.705,0,0,0,0,0,,0,0,0,0,0,0,0,0,0,0
176,6,0,4,11,1,0,2,0,0,0,255,255,255,100,4136.592,Pring__,R,32,126,1.015,0.017,0.001,1.418,-36.411,0,0,238.927,-124.822,3.737,0,0,0,5,3,L,ʚEveɞ,174.9,95,0.401,0,64,0,0,0,0,0,0,0,0,0,0,0,0,0,0,0,0,0,0,-0.075,-37.701,눈꽃,-0.004,-17.026,coder_,-18.228,-50.819,_Chun,-11.094,-60.504,아침땅_,21.774,-45.744,소솨소솨,17.127,-61.183,それいゆ るな,44.611,-91.486,Oort__Cloud,3.81,-115.602,별이__,-44.515,-94.942,0,0,0,0,0,,0,0,0,0,0,0,0,0,0,0
177,6,0,4,11,1,1,2,0,0,0,255,255,255,101,4151.17,Pring__,R,32,125,0.633,0.719,-0.011,1.5,-36.394,0,0,194.948,-96.248,3.171,0,0,1,5,3,L,ʚEveɞ,174.9,95,0.401,0,64,0,0,0,0,0,0,0,0,0,0,0,0,0,0,0,0,0,0,-0.255,-37.505,눈꽃,-0.044,-16.839,coder_,-19.152,-50.731,_Chun,-11.209,-60.394,아침땅_,21.812,-45.733,소솨소솨,17.436,-62.094,それいゆ るな,44.201,-90.408,Oort__Cloud,3.747,-115.602,별이__,-44.149,-94.973,0,0,0,0,0,,0,0,0,0,0,0,0,0,0,0
178,6,0,4,11,1,2,2,0,0,0,255,255,255,102,4169.105,Pring__,R,32,129,-4.337,-0.741,-0.329,1.337,-36.247,1,0,250,-117.292,11.155,-1.033,-17.137,0,5,3,L,ʚEveɞ,174.9,95,0.401,0,64,0,0,0,0,0,0,0,0,0,0,0,0,0,0,0,0,0,0,-0.058,-37.799,눈꽃,-0.358,-16.943,coder_,-19.749,-51.283,_Chun,-10.732,-60.676,아침땅_,21.793,-45.754,소솨소솨,17.692,-61.867,それいゆ るな,44.013,-90.418,Oort__Cloud,4.648,-118.169,별이__,-43.656,-95.265,0,0,0,0,0,,0,0,0,0,0,0,0,0,0,0
179,6,0,4,11,2,2,2,0,0,0,255,255,255,103,4186.241,Pring__,R,33,124,3.089,0.863,0.155,1.512,-36.617,1,0,130.395,-112.486,4.202,0,0,0,5,3,L,ʚEveɞ,174.9,95,0.401,0,64,0,0,0,0,0,0,0,0,0,0,0,0,0,0,0,0,0,0,-0.158,-37.602,눈꽃,0.045,-16.763,coder_,-20.2,-49.265,_Chun,-10.665,-60.834,아침땅_,21.798,-45.736,소솨소솨,17.741,-62.598,それいゆ るな,42.865,-86.699,Oort__Cloud,4.8,-118.136,별이__,-43.723,-95.096,0,0,0,0,0,,0,0,0,0,0,0,0,0,0,0
180,6,0,4,11,3,2,2,0,0,0,255,255,255,104,4199.201,Pring__,R,32,124,2.139,0.299,0.091,1.458,-36.509,4,0,154.36,-79.359,-0.541,0,0,1,5,3,L,ʚEveɞ,174.9,95,0.401,0,64,0,0,0,0,0,0,0,0,0,0,0,0,0,0,0,0,0,0,-0.051,-37.812,눈꽃,-0.039,-16.806,coder_,-19.233,-47.42,_Chun,-10.689,-60.787,아침땅_,21.816,-45.735,소솨소솨,17.702,-62.655,それいゆ るな,42.822,-86.661,Oort__Cloud,4.71,-118.155,별이__,-43.737,-95.116,0,0,0,0,0,,0,0,0,0,0,0,0,0,0,0
181,7,1,4,11,0,0,0,0,0,0,255,255,255,75,4314.052,IllilliIIIIllil,R,14,103,1.017,-0.005,0.013,1.788,-36.813,0,0,153.539,400,3.455,0,0,0,7,2,R,coder_,160,95,0.448,0,53,0,0,0,0,0,0,0,0,0,0,0,0,0,0,0,0,0,0,-0.023,-37.739,Sabo_10,0.235,-16.992,vovopo 보보포,-22.947,-46.213,ʚEveɞ,-12.866,-65.077,인생최패망자,17.224,-48.107,encounter v,9.405,-60.248,ByeolBam,36.97,-87.142,ke ro,-0.249,-109.71,HANA_ARASHI,-42.536,-92.108,0,0,0,0,0,,0,0,0,0,0,0,0,0,0,0
182,7,1,4,11,0,1,0,0,0,0,255,255,255,76,4327.147,IllilliIIIIllil,R,13,94,-0.725,-0.124,0.081,1.768,-36.833,0,0,-333.644,312.348,-28.175,0,0,1,7,2,R,coder_,160,95,0.448,0,53,0,0,0,0,0,0,0,0,0,0,0,0,0,0,0,0,0,0,0.135,-37.888,Sabo_10,-0.654,-17.694,vovopo 보보포,-21.831,-44.572,ʚEveɞ,-12.857,-65.016,인생최패망자,17.738,-48.818,encounter v,9.413,-60.53,ByeolBam,37.057,-87.159,ke ro,-0.226,-109.7,HANA_ARASHI,-42.349,-91.344,0,0,0,0,0,,0,0,0,0,0,0,0,0,0,0
183,7,1,4,11,0,2,0,0,0,0,255,255,255,77,4342.392,IllilliIIIIllil,R,26,133,2.081,1.258,-0.038,1.52,-36.674,2,0,89.587,-200,-1.112,0,0,1,7,2,R,coder_,160,95,0.448,3,64,4343.406,118,82,48,24,60,132,111,-23.078,21.21,0.3,-0.161,-0.101,0.095,0,0,0,0,-0.306,-36.737,Sabo_10,0.077,-17.131,vovopo 보보포,-21.687,-45.557,ʚEveɞ,-12.902,-65.103,인생최패망자,16.473,-48.611,encounter v,8.433,-63.002,ByeolBam,37.071,-87.158,ke ro,-0.211,-109.728,HANA_ARASHI,-41.203,-90.349,4343.508,-0.515,-21.404,4345.495,3,ʚEveɞ,-15.879,-60.967,0,0,0,0,0,0,0,2
184,7,1,4,11,0,0,1,0,0,0,255,255,255,78,4375.927,IllilliIIIIllil,R,0,117,0.409,1.216,0.025,1.811,-36.918,1,0,0,1.324,-8.332,0,0,0,8,3,L,_Chun,190,94.681,0.452,0,88,0,0,0,0,0,0,0,0,0,0,0,0,0,0,0,0,0,0,-0.225,-38.072,Sabo_10,0.315,-16.756,vovopo 보보포,-23.137,-50.834,ʚEveɞ,-9.847,-64.761,인생최패망자,19.484,-45.018,encounter v,11.94,-61.78,ByeolBam,36.873,-86.741,ke ro,0.782,-113.24,HANA_ARASHI,-39.94,-93.696,0,0,0,0,0,,0,0,0,0,0,0,0,0,0,0
185,7,1,4,11,1,0,1,0,0,0,255,255,255,79,4388.84,IllilliIIIIllil,R,6,106,2.301,0.427,-0.006,1.713,-36.755,4,0,479.705,0,-10.932,1.307,-16.622,1,8,3,L,_Chun,190,94.681,0.452,0,88,0,0,0,0,0,0,0,0,0,0,0,0,0,0,0,0,0,0,-0.166,-37.892,Sabo_10,1.883,-17.225,vovopo 보보포,-22.946,-49.424,ʚEveɞ,-9.812,-65.282,인생최패망자,19.246,-42.084,encounter v,11.72,-62.595,ByeolBam,37.499,-86.95,ke ro,0.45,-113.157,HANA_ARASHI,-37.356,-92.876,0,0,0,0,0,,0,0,0,0,0,0,0,0,0,0
186,7,1,4,11,1,1,1,0,0,0,255,255,255,80,4405.234,IllilliIIIIllil,R,26,139,2.214,0.707,0.11,1.693,-36.862,4,0,86.761,-200,0.914,0,0,1,8,3,L,_Chun,190,94.681,0.452,0,88,0,0,0,0,0,0,0,0,0,0,0,0,0,0,0,0,0,0,-0.079,-37.705,Sabo_10,1.106,-17.212,vovopo 보보포,-22.166,-48.741,ʚEveɞ,-9.846,-65.291,인생최패망자,20.978,-46.003,encounter v,11.426,-60.767,ByeolBam,37.647,-86.997,ke ro,0.811,-113.187,HANA_ARASHI,-39.453,-93.615,0,0,0,0,0,,0,0,0,0,0,0,0,0,0,0
187,7,1,4,11,1,2,1,0,0,0,255,255,255,81,4421.788,IllilliIIIIllil,R,41,94,-0.089,0.008,-0.03,1.627,-36.724,2,0,39.889,-80.841,21.174,0,0,1,8,3,L,_Chun,190,94.681,0.452,3,88,4422.939,255,54,58,58,27,130,100,-27.078,12.011,-0.3,0.087,-0.046,0.037,0.083,0,0,0,-0.109,-37.147,Sabo_10,0.184,-17.049,vovopo 보보포,-22.674,-50.351,ʚEveɞ,-9.804,-65.245,인생최패망자,20.347,-46.261,encounter v,11.768,-62.016,ByeolBam,37.652,-86.961,ke ro,0.757,-113.166,HANA_ARASHI,-41.516,-94.601,4423.001,-0.295,-22.61,4425.036,3,ʚEveɞ,-8.134,-59.356,0,0,0,0,0,0,0,2
188,7,1,4,11,0,0,2,0,0,0,255,255,255,82,4449.798,IllilliIIIIllil,R,42,90,-1.384,0.175,-0.015,1.677,-36.717,0,0,-204.546,-29.46,14.377,0,0,1,0,0,L,Pring__,180.1,95,0.401,0,64,0,0,0,0,0,0,0,0,0,0,0,0,0,0,0,0,0,0,0.027,-37.656,Sabo_10,-0.319,-17.431,vovopo 보보포,-21.658,-47.988,ʚEveɞ,-11.538,-65.379,인생최패망자,20.266,-45.691,encounter v,14.762,-60.8,ByeolBam,40.36,-90.175,ke ro,0.887,-118.096,HANA_ARASHI,-41.309,-91.282,0,0,0,0,0,,0,0,0,0,0,0,0,0,0,0
189,7,1,4,11,0,1,2,0,0,0,255,255,255,83,4473.995,IllilliIIIIllil,R,26,129,6.077,1.718,0.115,1.727,-36.749,2,0,152.448,-200,7.741,0,0,1,0,0,L,Pring__,180.1,95,0.401,3,64,4474.795,94,64,78,32,50,126,103,10.966,-12.838,0.85,-0.041,-0.03,0.104,0,0,0,0,0.026,-36.924,Sabo_10,0.123,-17.032,vovopo 보보포,-24.122,-49.841,ʚEveɞ,-11.568,-65.394,인생최패망자,20.508,-45.622,encounter v,12.324,-61.053,ByeolBam,38.496,-88.438,ke ro,0.793,-118.094,HANA_ARASHI,-42.35,-91.879,4477.696,15.763,-84.805,4485.161,7,ke ro,19.159,-128.394,1,1,0,0,0,0,0,2
190,7,0,5,11,0,0,0,0,0,0,255,255,255,105,4558.783,소솨소솨,R,0,80,0.863,2.196,0.15,1.95,-37.137,1,0,0,1.08,-5.35,0,0,0,6,4,R,인생최패망자,190,90,0.45,0,63,0,0,0,0,0,0,0,0,0,0,0,0,0,0,0,0,0,0,-0.04,-37.755,눈꽃,-0.049,-17.065,coder_,-21.917,-55.634,_Chun,-10.921,-61.477,아침땅_,22.621,-50.99,Pring__,12.952,-63.558,それいゆ るな,41.998,-88.313,AI,0,-100.6,별이__,-37.49,-88.696,0,0,0,0,0,,0,0,0,0,0,0,0,0,0,0
191,7,0,5,11,1,0,0,0,0,0,255,255,255,106,4573.49,소솨소솨,R,4,94,-0.504,0.77,0.18,1.747,-36.954,0,0,-155.529,0,-2.037,0,0,0,6,4,R,인생최패망자,190,90,0.45,0,63,0,0,0,0,0,0,0,0,0,0,0,0,0,0,0,0,0,0,-0.098,-37.631,눈꽃,-0.053,-17.135,coder_,-21.176,-55.208,_Chun,-10.688,-61.51,아침땅_,22.591,-50.781,Pring__,12.953,-63.551,それいゆ るな,39.11,-85.27,AI,0,-100.6,별이__,-37.559,-90.646,0,0,0,0,0,,0,0,0,0,0,0,0,0,0,0
192,7,0,5,11,1,1,0,0,0,0,255,255,255,107,4588.122,소솨소솨,R,0,89,-1.073,1.678,0.077,1.951,-36.937,1,0,0,7.812,-7.272,0,0,0,6,4,R,인생최패망자,190,90,0.45,0,63,0,0,0,0,0,0,0,0,0,0,0,0,0,0,0,0,0,0,-0.043,-38.161,눈꽃,-0.328,-17.049,coder_,-19.807,-52.737,_Chun,-10.876,-61.725,아침땅_,22.638,-50.868,Pring__,12.983,-63.538,それいゆ るな,41.008,-88.482,AI,0,-100.6,별이__,-37.489,-90.586,0,0,0,0,0,,0,0,0,0,0,0,0,0,0,0
193,7,0,5,11,1,2,0,0,0,0,255,255,255,108,4603.715,소솨소솨,R,0,86,1.437,0.694,0.184,1.766,-37.084,2,0,0,0,-7.869,0,0,1,6,4,R,인생최패망자,190,90,0.45,2,63,4605.059,202,123,97,45,128,150,98,32.662,14.412,-0.46,0.004,0.003,0.059,0,0,0,0,-0.132,-37.3,눈꽃,-0.083,-17.012,coder_,-20.675,-51.557,_Chun,-10.598,-61.208,아침땅_,22.572,-50.832,Pring__,12.943,-63.472,それいゆ るな,40.032,-87.702,AI,0,-100.6,별이__,-37.506,-90.613,4609.543,-28.135,-93.264,4609.925,8,별이__,-26.975,-90.612,0,0,0,0,0,0,0,1
194,7,0,5,11,0,0,1,0,0,0,255,255,255,109,4638.141,소솨소솨,R,4,90,1.623,1.02,0.449,1.914,-37.124,2,0,-225.099,0,-0.032,0,0,0,7,5,L,encounter v,190,95,0.447,3,63,4639.454,196,126,82,30,77,150,118,28.833,-25.665,0.19,0.032,-0.055,0.073,0,0,0,0,-0.213,-37.43,눈꽃,0.017,-16.987,coder_,-24.607,-57.594,_Chun,-9.577,-62.542,아침땅_,23.969,-49.392,Pring__,17.415,-62.043,それいゆ るな,39.343,-89.46,AI,0,-100.6,별이__,-36.722,-90.409,4644.654,60.835,-106.104,0,0,,0,0,0,0,0,0,0,0,0,4
195,7,0,5,12,0,0,1,0,0,0,255,255,255,110,4681.186,소솨소솨,R,0,140,-1.369,0.892,-0.044,1.673,-36.829,0,0,0,0,0,0,0,1,8,6,R,ByeolBam,175.2,88,0.504,0,63,0,0,0,0,0,0,0,0,0,0,0,0,0,0,0,0,0,0,-0.129,-37.898,눈꽃,-0.265,-16.944,coder_,-19.943,-51.87,_Chun,-11.634,-61.239,아침땅_,22.328,-48.06,Pring__,15.445,-63.293,それいゆ るな,46.604,-91.716,AI,0,-100.6,별이__,-42.126,-94.184,0,0,0,0,0,,0,0,0,0,0,0,0,0,0,0
196,7,0,5,12,0,1,1,0,0,0,255,255,255,111,4696.696,소솨소솨,R,0,119,4.702,1.792,0.397,1.864,-37.154,3,0,0,0,0,0.781,-20.8,0,8,6,R,ByeolBam,175.2,88,0.504,0,63,0,0,0,0,0,0,0,0,0,0,0,0,0,0,0,0,0,0,-0.058,-37.564,눈꽃,0.243,-16.971,coder_,-20.322,-53.453,_Chun,-11.919,-61.089,아침땅_,22.323,-48.143,Pring__,15.445,-63.273,それいゆ るな,46.559,-91.775,AI,0,-100.6,별이__,-43.192,-93.473,0,0,0,0,0,,0,0,0,0,0,0,0,0,0,6
197,7,0,5,12,0,0,1,1,0,0,15,255,255,112,4729.29,소솨소솨,R,4,91,2.415,2.875,0.467,2.002,-37.326,1,0,-236.856,0,0.789,0,0,0,0,7,R,ke ro,160,89.518,0.452,0,63,0,0,0,0,0,0,0,0,0,0,0,0,0,0,0,0,0,0,-0.051,-37.452,눈꽃,0.052,-16.918,coder_,-20.117,-49.624,_Chun,-11.438,-61.814,아침땅_,21.046,-48.557,Pring__,13.16,-61.404,それいゆ るな,45.002,-94.452,AI,0,-100.6,별이__,-44.283,-92.781,0,0,0,0,0,,0,0,0,0,0,0,0,0,0,0
198,7,0,5,12,1,0,1,1,0,0,15,255,255,113,4747.877,소솨소솨,R,1,90,1.632,0.18,0.556,1.767,-37.438,2,0,0,0,-0.377,0,0,1,0,7,R,ke ro,160,89.518,0.452,2,63,4749.097,123,84,55,36,53,134,96,33.861,-3.234,0.09,-0.007,-0.024,0.208,0,0,0,0,-0.373,-37.629,눈꽃,0.015,-16.98,coder_,-20.231,-48.624,_Chun,-11.138,-61.06,아침땅_,20.56,-49.505,Pring__,10.255,-63.591,それいゆ るな,42.949,-92.571,AI,0,-100.6,별이__,-44.286,-92.779,4753.939,4.119,-97.383,4757.918,5,Pring__,1.184,-60.492,0,256,0,0,0,0,0,1
199,8,1,5,12,0,0,0,0,0,0,255,255,255,84,4831.89,IllilliIIIIllil,R,13,100,-0.234,-0.227,0.099,1.734,-36.878,2,0,-354.94,312.348,-36.249,0,0,1,2,8,R,별이__,174.5,95,0.5,2,63,4833.16,108,87,46,28,91,133,124,26.86,28.081,0.37,0.061,0.03,0.09,0,0,0,0,-0.232,-37.213,Sabo_10,0.109,-17.136,vovopo 보보포,-23.084,-50.029,ʚEveɞ,-12.94,-65.257,인생최패망자,13.313,-45.43,encounter v,7.802,-63.326,ByeolBam,37.409,-89.386,ke ro,-18.423,-105.4,HANA_ARASHI,-38.823,-93.091,4838.231,-69.556,-106.691,0,0,,0,0,0,0,0,0,0,0,0,4
200,8,1,6,12,0,0,0,0,0,0,255,255,255,85,4873.881,IllilliIIIIllil,R,26,129,2.04,1.452,0.093,1.777,-36.853,4,0,116.707,-179.925,-11.928,1.146,-17.158,1,3,4,R,아침땅_,179.7,95,0.5,0,63,0,0,0,0,0,0,0,0,0,0,0,0,0,0,0,0,0,0,-0.238,-37.248,Sabo_10,1.17,-16.72,vovopo 보보포,-21.42,-45.753,ʚEveɞ,-14.943,-63.318,인생최패망자,14.489,-47.791,encounter v,7.704,-63.311,ByeolBam,37.597,-87.608,ke ro,1.827,-107.458,HANA_ARASHI,-41.514,-92.391,0,0,0,0,0,,0,0,0,0,0,0,0,0,0,0
201,8,1,6,12,0,1,0,0,0,0,255,255,255,86,4888.665,IllilliIIIIllil,R,13,109,-2.869,-1.156,-0.059,1.626,-36.769,1,0,-378.279,322.905,-21.505,-1.21,-16.878,0,3,4,R,아침땅_,179.7,95,0.5,0,36,0,0,0,0,0,0,0,0,0,0,0,0,0,0,0,0,0,0,0.021,-38.043,Sabo_10,-1.012,-17.268,vovopo 보보포,-21.178,-45.995,ʚEveɞ,-15.05,-63.782,인생최패망자,14.995,-48.905,encounter v,5.688,-58.169,ByeolBam,37.586,-87.586,ke ro,1.568,-107.503,HANA_ARASHI,-39.89,-95.58,0,0,0,0,0,,0,0,0,0,0,0,0,0,0,0
202,8,1,6,12,1,1,0,0,0,0,255,255,255,87,4902.444,IllilliIIIIllil,R,26,119,-1.321,-2.148,-0.072,1.365,-36.75,1,0,-32.933,-200,7.173,-0.268,-18.736,0,3,4,R,아침땅_,179.7,95,0.5,0,36,0,0,0,0,0,0,0,0,0,0,0,0,0,0,0,0,0,0,-0.104,-37.649,Sabo_10,-0.082,-17.032,vovopo 보보포,-20.933,-43.344,ʚEveɞ,-15.115,-63.817,인생최패망자,15.685,-46.807,encounter v,5.86,-57.796,ByeolBam,37.787,-87.7,ke ro,1.568,-107.506,HANA_ARASHI,-39.846,-95.389,0,0,0,0,0,,0,0,0,0,0,0,0,0,0,0
203,8,1,6,12,2,1,0,0,0,0,255,255,255,88,4913.025,IllilliIIIIllil,R,26,126,3.985,1.851,0.194,1.833,-36.917,3,0,134.591,-172.88,-6.989,0.442,-20.763,0,3,4,R,아침땅_,179.7,95,0.5,0,36,0,0,0,0,0,0,0,0,0,0,0,0,0,0,0,0,0,0,-0.181,-37.072,Sabo_10,0.968,-17.967,vovopo 보보포,-20.268,-42.802,ʚEveɞ,-15.111,-63.754,인생최패망자,14.908,-47.871,encounter v,6.53,-59.243,ByeolBam,37.929,-87.486,ke ro,0.801,-106.395,HANA_ARASHI,-39.311,-96.742,0,0,0,0,0,,0,0,0,0,0,0,0,0,0,6
204,8,1,6,12,0,0,0,1,0,0,4,255,255,89,4936.348,IllilliIIIIllil,R,26,126,-0.283,-0.174,-0.036,1.6,-36.702,2,0,67.655,-152.863,4.723,0,0,1,4,0,R,소솨소솨,175.1,95.643,0.5,2,63,4937.49,227,135,45,19,150,150,92,43.169,22.058,-0.44,-0.072,-0.101,0.224,0,0,0,0,-0.126,-37.166,Sabo_10,-0.042,-17.233,vovopo 보보포,-20.096,-43.478,ʚEveɞ,-15.119,-63.783,인생최패망자,12.919,-45.961,encounter v,5.192,-61.978,ByeolBam,37.925,-87.513,ke ro,1.055,-103.216,HANA_ARASHI,-39.626,-94.039,4942.543,-22.673,-85.76,4944.766,7,ke ro,-27.233,-99.907,1,0,0,0,0,0,0,2
205,8,1,6,12,0,0,0,1,1,0,255,4,255,90,4980.773,IllilliIIIIllil,R,27,126,1.622,0.221,0.094,1.655,-36.669,2,0,21.31,-114.554,0.171,0,0,1,5,1,L,눈꽃,190,90,0.496,3,63,4981.83,65,72,65,57,19,120,113,90.397,87.974,0.67,-0.007,0.004,0.005,0,0,0,0,-0.076,-36.955,Sabo_10,0.097,-17.045,vovopo 보보포,-20.236,-42.998,ʚEveɞ,-20.273,-59.103,인생최패망자,22.352,-47.574,encounter v,-6.399,-64.929,ByeolBam,29.159,-88.906,ke ro,3.44,-106.174,HANA_ARASHI,-42.096,-94.276,4989.501,29.426,-15.626,0,0,,0,0,0,0,0,0,0,0,0,3
206,8,1,6,12,0,1,0,1,1,0,255,4,255,91,5007.996,IllilliIIIIllil,R,0,117,0.507,0.289,0.031,1.69,-36.72,2,0,0,0,-4.801,0,0,1,5,1,L,눈꽃,190,90,0.496,3,63,5009.099,114,80,95,70,29,135,130,-30,-31.079,0.52,0.023,0.007,0.01,0,0,0,0,-0.113,-37.075,Sabo_10,0.016,-16.821,vovopo 보보포,-20.948,-44.743,ʚEveɞ,-20.472,-59.073,인생최패망자,21.349,-46.756,encounter v,-7.972,-63.699,ByeolBam,26.244,-74.829,ke ro,2.657,-108.82,HANA_ARASHI,-38.862,-91.779,5009.099,1.221,-22.624,5011.391,6,ByeolBam,29.639,-70.27,1,0,0,0,0,0,0,2
207,8,1,6,12,0,0,1,1,0,1,1,255,4,92,5095.847,IllilliIIIIllil,R,26,127,0.489,0.503,0.008,1.653,-36.776,0,0,78.79,-194.935,2.36,0,0,0,6,6,R,それいゆ るな,160,86,0.43,0,35,0,0,0,0,0,0,0,0,0,0,0,0,0,0,0,0,0,0,0.069,-37.917,Sabo_10,-0.091,-16.91,vovopo 보보포,-19.698,-40.879,ʚEveɞ,-15.225,-63.7,인생최패망자,16.782,-42.364,encounter v,7.29,-60.721,ByeolBam,36.146,-80.164,ke ro,0.426,-97.463,HANA_ARASHI,-38.87,-88.446,0,0,0,0,0,,0,0,0,0,0,0,0,0,0,0
208,8,1,6,12,0,1,1,1,0,1,1,255,4,93,5127.035,IllilliIIIIllil,R,13,113,0.025,-0.973,0.095,1.684,-36.85,0,0,-313.312,389.661,-10.613,0,0,0,6,6,R,それいゆ るな,160,86,0.43,0,35,0,0,0,0,0,0,0,0,0,0,0,0,0,0,0,0,0,0,0.075,-37.951,Sabo_10,-0.167,-16.911,vovopo 보보포,-19.98,-40.248,ʚEveɞ,-15.235,-63.714,인생최패망자,16.152,-41.64,encounter v,10.419,-62.372,ByeolBam,36.301,-84.385,ke ro,0.543,-97.443,HANA_ARASHI,-40.233,-88.758,0,0,0,0,0,,0,0,0,0,0,0,0,0,0,0
209,8,1,6,12,0,2,1,1,0,1,1,255,4,94,5145.373,IllilliIIIIllil,R,26,132,-0.108,-0.51,-0.027,1.558,-36.709,0,0,72.715,-200,10.183,0,0,0,6,6,R,それいゆ るな,160,86,0.43,0,35,0,0,0,0,0,0,0,0,0,0,0,0,0,0,0,0,0,0,-0.044,-37.835,Sabo_10,0.047,-16.923,vovopo 보보포,-20.014,-41.29,ʚEveɞ,-15.223,-63.737,인생최패망자,16.368,-41.953,encounter v,8.801,-65.347,ByeolBam,37.538,-82.272,ke ro,0.536,-97.457,HANA_ARASHI,-39.76,-88.931,0,0,0,0,0,,0,0,0,0,0,0,0,0,0,0
210,8,1,6,12,0,0,2,1,0,1,1,255,4,95,5203.563,IllilliIIIIllil,R,27,128,0.256,-1.218,-0.012,1.509,-36.652,2,0,106.085,-140.426,3.103,0,0,1,7,2,R,coder_,160,95,0.448,3,63,5204.682,185,108,57,37,59,150,118,111.236,-55.692,0.37,-0.101,-0.04,0.193,0,0,0,0,0.005,-36.91,Sabo_10,0.026,-17.05,vovopo 보보포,-19.681,-43.214,ʚEveɞ,-15.187,-63.743,인생최패망자,14.622,-42.999,encounter v,11.048,-63.421,ByeolBam,35.357,-83.358,ke ro,1.701,-100.316,HANA_ARASHI,-39.546,-89.311,0,0,0,0,0,,0,0,0,0,0,0,0,0,0,3
211,8,1,6,12,0,1,2,1,0,1,1,255,4,96,5225.222,IllilliIIIIllil,R,10,115,0.251,-0.938,0.026,1.678,-36.872,2,0,-38.005,400,-10.767,0,0,1,7,2,R,coder_,160,95,0.448,3,63,5226.356,255,126,96,36,61,150,124,-23.453,32.569,0.42,-0.131,-0.018,0.247,0,0,0,0,-0.05,-37.272,Sabo_10,0.04,-16.689,vovopo 보보포,-19.759,-43.482,ʚEveɞ,-16.073,-62.989,인생최패망자,15.345,-42.86,encounter v,8.887,-64.022,ByeolBam,37.123,-84.329,ke ro,0.665,-100.638,HANA_ARASHI,-43.774,-92.968,5226.328,-0.827,-22.177,5233.37,8,HANA_ARASHI,-42.345,-100.757,1,0,0,0,0,0,0,2
212,8,1,7,12,0,0,2,1,1,0,255,1,255,97,5270.388,IllilliIIIIllil,R,10,117,-0.04,-1.454,-0.002,1.576,-36.657,2,0,0,400,-13.574,0,0,1,8,3,L,_Chun,190,94.681,0.452,3,64,5271.448,210,97,55,26,41,144,130,-19.597,29.616,0.69,0.023,-0.065,0.266,0,0,0,0,-0.198,-37.184,Sabo_10,0.034,-16.891,vovopo 보보포,-20.56,-44.555,ʚEveɞ,-15.842,-63.357,인생최패망자,19.547,-43.343,encounter v,5.229,-62.48,ByeolBam,37.082,-84.488,ke ro,3.261,-104.141,HANA_ARASHI,-46.145,-94.201,5271.418,-0.654,-21.814,5280.321,7,ke ro,-31.118,-96.622,1,0,0,0,0,0,0,2
213,8,1,9,12,0,0,2,0,1,0,255,3,255,98,5411.779,IllilliIIIIllil,R,0,0,0,0,0,0,0,0,1,0,0,0,0,0,0,0,5,L,Pring__,180.1,95,0.401,0,64,0,0,0,0,0,0,0,0,0,0,0,0,0,0,0,0,0,0,0,0,,0,0,,0,0,,0,0,,0,0,,0,0,,0,0,,0,0,,0,0,0,0,0,0,0,,0,0,0,0,0,0,0,0,0,0
214,8,1,9,12,0,0,2,0,1,0,255,3,255,99,5441.089,IllilliIIIIllil,R,14,109,3.251,-0.21,0.104,1.743,-36.628,4,0,330.677,372.341,-18.918,1.071,-16.22,1,0,5,L,Pring__,180.1,95,0.401,0,64,0,0,0,0,0,0,0,0,0,0,0,0,0,0,0,0,0,0,-0.1,-37.945,Sabo_10,1.558,-17.381,vovopo 보보포,-18.763,-43.294,ʚEveɞ,-15.864,-63.123,인생최패망자,19.806,-44.688,encounter v,9.063,-61.619,ByeolBam,35.986,-84.008,ke ro,-2.235,-112.253,AI,-35.7,-81.8,0,0,0,0,0,,0,0,0,0,0,0,0,0,0,0
215,8,1,9,12,0,1,2,0,1,0,255,3,255,100,5484.604,IllilliIIIIllil,R,29,118,-1.193,-0.597,-0.027,1.567,-36.716,2,0,-169.836,-78.197,7.771,0,0,1,0,5,L,Pring__,180.1,95,0.401,3,64,5485.506,151,136,82,70,64,150,119,29.464,-47.044,0.21,0.025,-0.03,0.085,0,0,0,0,-0.089,-37.111,인생최패망자,0.003,-17.185,vovopo 보보포,-21.829,-46.586,ʚEveɞ,-15.804,-64.027,Sabo_10,22.495,-47.559,encounter v,10.933,-63.314,ByeolBam,38.09,-85.283,ke ro,-0.682,-105.36,AI,-35.7,-81.8,5490.251,74.996,-95.194,0,0,,0,0,0,0,0,0,0,0,0,3
216,8,1,9,12,0,2,2,0,1,0,255,3,255,101,5511.983,IllilliIIIIllil,R,26,140,-1.88,-1.266,-0.125,1.457,-36.486,2,0,42.021,-200,23.731,0,0,1,0,5,L,Pring__,180.1,95,0.401,3,64,5512.771,134,101,78,53,60,149,99,26.207,20.949,-0.22,0.006,-0.05,0.053,0,0,0,0,-0.262,-36.68,인생최패망자,-0.004,-17.392,vovopo 보보포,-21.671,-44.997,ʚEveɞ,-13.999,-63.498,Sabo_10,22.272,-47.697,encounter v,13.645,-58.841,ByeolBam,40.207,-87.613,ke ro,4.41,-101.917,AI,-35.7,-81.8,5517.606,-17.574,-105.131,5523.016,7,ke ro,-18.443,-133.964,1,0,0,0,0,0,0,2
217,8,1,10,12,0,0,2,0,0,1,255,255,7,102,5551.228,IllilliIIIIllil,R,10,102,0.565,0.922,0.078,1.894,-36.908,0,0,-129.046,400,-7.348,0,0,0,2,8,R,별이__,174.5,95,0.5,0,63,0,0,0,0,0,0,0,0,0,0,0,0,0,0,0,0,0,0,0.084,-38.167,인생최패망자,0.011,-17.41,vovopo 보보포,-20.342,-45.141,ʚEveɞ,-14.9,-63.719,Sabo_10,20.139,-41.319,encounter v,8.405,-56.025,ByeolBam,36.426,-84.823,ke ro,-0.479,-101.722,AI,-35.7,-81.8,0,0,0,0,0,,0,0,0,0,0,0,0,0,0,0
218,8,1,10,12,0,1,2,0,0,1,255,255,7,103,5583.801,IllilliIIIIllil,R,26,140,-0.174,-0.428,-0.032,1.562,-36.609,0,0,69.277,-177.321,-0.698,-0.221,-17.44,0,2,8,R,별이__,174.5,95,0.5,0,63,0,0,0,0,0,0,0,0,0,0,0,0,0,0,0,0,0,0,0.064,-37.533,인생최패망자,-0.081,-17.234,vovopo 보보포,-21.202,-43.738,ʚEveɞ,-14.116,-63.899,Sabo_10,19.678,-42.65,encounter v,12.378,-60.409,ByeolBam,37.606,-82.462,ke ro,0.258,-105.303,AI,-35.7,-81.8,0,0,0,0,0,,0,0,0,0,0,0,0,0,0,0
219,8,1,10,12,0,2,2,0,0,1,255,255,7,104,5606.249,IllilliIIIIllil,R,26,137,0.687,0.432,0.009,1.661,-36.609,0,0,113.435,-159.313,-3.145,0,0,0,2,8,R,별이__,174.5,95,0.5,0,63,0,0,0,0,0,0,0,0,0,0,0,0,0,0,0,0,0,0,0.723,-37.043,인생최패망자,0.194,-17.83,vovopo 보보포,-19.691,-41.718,ʚEveɞ,-14.764,-63.505,Sabo_10,21.273,-43.184,encounter v,8.414,-57.463,ByeolBam,36.502,-85.103,ke ro,-0.145,-102.109,AI,-35.7,-81.8,0,0,0,0,0,,0,0,0,1,0,0,0,0,0,0