id,inn,half,scoreA,scoreB,ball,strk,out,b1,b2,b3,b1Idx,b2Idx,b3Idx,pCnt,pSec,pName,pHand,pType,spdK,zoneX,zoneY,startX,startY,zDist,call,balk,sH,sV,gyro,plx,plz,bSwing,bIdx,bPos,bZone,bName,bHCm,batLen,batCen,batType,bFps,hSec,rotS,rotL,shS,lgS,prepS,impMv,batSpd,ev,ldeg,sdeg,hPos,hMoveX,hMoveY,stayCon,buntGrip,PPosX,PPosY,CName,CPosX,CPosY,1BName,1BPosX,1BPosY,2BName,2BPosX,2BPosY,3BName,3BPosX,3BPosY,SSName,SSPosX,SSPosY,LFName,LFPosX,LFPosY,CFName,CFPosX,CFPosY,RFName,RFPosX,RFPosY,ltSec,lx,lz,cSec,cPos,cPlr,cx,cz,1BSafe,tag,cpSec,sb2Sec,sb3Sec,sbhSec,ass,result
1,1,1,0,0,1,0,0,0,0,0,255,255,255,0,358.725,encounter v,R,26,135,-0.416,-0.479,0.308,1.846,-36.671,0,0,106.432,-200,-26.173,0,0,0,0,6,R,별이__,175,95,0.5,0,72,0,0,0,0,0,0,0,0,0,0,0,0,0,0,0,0,0.095,-36.986,Pugeuk,-0.1,-16.815,NABIMan,-21.317,-47.233,mochi_2929,-12.379,-61.506,눈꽃,16.486,-45.277,소솨소솨,15.365,-63.494,AI,35.702,-81.802,-yeoro-,3.466,-109.824,Kr_Luna,-46.672,-91.233,0,0,0,0,0,,0,0,0,0,0,0,0,0,0,0
2,1,1,0,0,1,1,0,0,0,0,255,255,255,1,376.091,encounter v,R,32,124,1.531,0.734,0.461,1.772,-36.982,2,0,162.781,-94.128,-14.648,0,0,1,0,6,R,별이__,175,95,0.5,2,72,377.059,155,7,71,37,14,134,135,86,90.448,-89.043,-0.45,0.034,0.027,0.095,0,-0.19,-36.899,Pugeuk,-0.062,-16.759,NABIMan,-23.506,-47.964,mochi_2929,-12.355,-61.432,눈꽃,16.745,-44.561,소솨소솨,15.435,-63.504,AI,35.702,-81.802,-yeoro-,3.422,-109.85,Kr_Luna,-46.901,-91.135,0,0,0,0,0,,0,0,0,0,0,0,0,0,0,3
3,1,1,0,0,1,2,0,0,0,0,255,255,255,2,392.805,encounter v,R,26,140,0.776,0.301,0.414,1.692,-36.595,2,0,131.889,-151.993,-27.501,0,0,1,0,6,R,별이__,175,95,0.5,2,71,393.682,47,3,48,6,0,160,24,44,22.278,24.38,0.95,0.016,-0.029,0.095,0,-0.126,-36.689,Pugeuk,-0.034,-16.719,NABIMan,-22.521,-47.354,mochi_2929,-11.554,-60.215,눈꽃,16.54,-45.045,소솨소솨,15.245,-63.113,AI,35.702,-81.802,-yeoro-,1.402,-109.114,Kr_Luna,-48.461,-89.652,395.729,-8.584,-37.629,397.484,3,mochi_2929,-12.582,-47.176,0,0,0,0,0,0,0,2
4,1,1,0,0,0,0,1,0,0,0,255,255,255,3,423.064,encounter v,R,34,125,-0.22,1.923,0.338,1.868,-36.867,1,0,63.977,-36.299,-1.371,0,0,0,1,5,L,CAT tourniquet,169.9,94.945,0.357,0,71,0,0,0,0,0,0,0,0,0,0,0,0,0,0,0,0,-0.157,-37.444,Pugeuk,-0.076,-16.73,NABIMan,-21.973,-46.819,mochi_2929,-10.494,-61.704,눈꽃,17.921,-43.666,소솨소솨,16.878,-62.847,AI,35.7,-81.8,-yeoro-,-0.616,-109.278,Kr_Luna,-2.722,-104.065,0,0,0,0,0,,0,0,0,0,0,0,0,0,0,0
5,1,1,0,0,1,0,1,0,0,0,255,255,255,4,441.748,encounter v,R,27,135,-1.824,0.498,0.211,1.63,-36.485,1,0,-10.763,-114.594,-5.988,-0.798,-7.515,0,1,5,L,CAT tourniquet,169.9,94.945,0.357,0,71,0,0,0,0,0,0,0,0,0,0,0,0,0,0,0,0,0.169,-37.134,Pugeuk,-0.131,-16.875,NABIMan,-20.862,-46.943,mochi_2929,-10.429,-62.527,눈꽃,17.847,-43.639,소솨소솨,16.929,-62.834,AI,35.701,-81.801,-yeoro-,4.739,-113.884,Kr_Luna,27.989,-110.64,0,0,0,0,0,,0,0,0,0,0,0,0,0,0,0
6,1,1,0,0,2,0,1,0,0,0,255,255,255,5,456.909,encounter v,R,0,127,-1.392,0.947,0.248,1.729,-36.604,2,0,0,0,-13.45,0,0,1,1,5,L,CAT tourniquet,169.9,94.945,0.357,2,71,457.875,128,10,62,45,25,102,129,80,90,-90,-0.5,-0.021,-0.002,0.135,0,-0.089,-36.789,Pugeuk,-0.071,-16.798,NABIMan,-22.734,-48.348,mochi_2929,-10.516,-62.556,눈꽃,17.898,-43.523,소솨소솨,16.921,-62.833,AI,35.702,-81.802,-yeoro-,4.726,-113.936,Kr_Luna,27.937,-110.695,0,0,0,0,0,,0,0,0,0,0,0,0,0,0,3
7,1,1,0,0,2,1,1,0,0,0,255,255,255,6,473.866,encounter v,R,27,140,-2.633,-0.295,0.123,1.508,-36.439,4,0,34.96,-114.916,-6.139,0,0,1,1,5,L,CAT tourniquet,169.9,94.945,0.357,0,71,0,0,0,0,0,0,0,0,0,0,0,0,0,0,0,0,-0.076,-37.108,Pugeuk,-0.463,-17.349,NABIMan,-22.194,-46.081,mochi_2929,-10.268,-62.309,눈꽃,17.777,-43.709,소솨소솨,16.895,-62.496,AI,35.702,-81.802,-yeoro-,3.445,-114.079,Kr_Luna,-27.512,-106.931,0,0,0,0,0,,0,0,0,0,0,0,0,0,0,0
8,1,1,0,0,2,2,1,0,0,0,255,255,255,7,491.7,encounter v,R,26,129,-6.953,-2.807,0.278,1.599,-36.75,1,0,-62.315,-200,8.034,-0.852,-24.851,0,1,5,L,CAT tourniquet,169.9,94.945,0.357,0,71,0,0,0,0,0,0,0,0,0,0,0,0,0,0,0,0,-0.021,-36.987,Pugeuk,-1.074,-16.798,NABIMan,-22.16,-46.683,mochi_2929,-10.163,-62.535,눈꽃,17.54,-43.513,소솨소솨,16.951,-62.498,AI,35.7,-81.8,-yeoro-,2.973,-114.377,Kr_Luna,-42.091,-97.339,0,0,0,0,0,,0,0,0,0,0,0,0,0,0,0
9,1,1,0,0,3,2,1,0,0,0,255,255,255,8,510.497,encounter v,R,10,128,-2.785,-2.125,0.119,1.378,-36.423,1,1,0,400,-29.668,-0.825,-16.732,0,1,5,L,CAT tourniquet,169.9,94.945,0.357,0,71,0,0,0,0,0,0,0,0,0,0,0,0,0,0,0,0,0.126,-37.078,Pugeuk,-0.566,-17.234,NABIMan,-20.293,-44.959,mochi_2929,-10.904,-63.342,눈꽃,17.593,-43.515,소솨소솨,17.071,-62.049,AI,35.7,-81.8,-yeoro-,3.912,-113.866,Kr_Luna,-42.161,-97.278,0,0,0,0,0,,0,0,0,2,0,0,0,0,0,5
10,1,1,0,0,1,0,2,0,0,0,255,255,255,9,594.599,encounter v,R,0,140,0.727,0.511,0.436,1.651,-36.643,2,0,37.448,-31.314,-4.794,0,0,1,2,3,R,ke ro,166.2,84.746,0.313,2,68,595.591,172,11,92,52,24,118,141,88,91.948,-81.312,-0.4,-0.013,-0.015,0.182,0,-0.141,-36.892,Pugeuk,-0.088,-16.819,NABIMan,-23.761,-46.905,mochi_2929,-11.768,-62.156,눈꽃,17.173,-44.72,소솨소솨,13.938,-64.308,AI,35.702,-81.802,-yeoro-,4.953,-108.41,Kr_Luna,-41.464,-91.426,601.873,-22.56,-13.731,0,0,,0,0,0,0,0,0,0,0,0,3
11,1,1,0,0,1,1,2,0,0,0,255,255,255,10,619.615,encounter v,R,0,118,0.486,1.621,0.436,1.823,-37.084,4,0,-33.038,0,-1.13,0,0,1,2,3,R,ke ro,166.2,84.746,0.313,0,67,0,0,0,0,0,0,0,0,0,0,0,0,0,0,0,0,0.109,-37.16,Pugeuk,-0.059,-16.791,NABIMan,-21.959,-44.394,mochi_2929,-11.788,-61.096,눈꽃,16.645,-44.514,소솨소솨,13.388,-63.684,AI,35.702,-81.801,-yeoro-,4.434,-109.047,Kr_Luna,-34.171,-101.48,0,0,0,0,0,,0,0,0,0,0,0,0,0,0,0
12,1,1,0,0,1,2,2,0,0,0,255,255,255,11,639.438,encounter v,R,0,137,0.066,-0.85,0.384,1.458,-36.576,0,0,0,0,-31.116,0,0,0,2,3,R,ke ro,166.2,84.746,0.313,0,67,0,0,0,0,0,0,0,0,0,0,0,0,0,0,0,0,0.15,-37.102,Pugeuk,-0.061,-16.773,NABIMan,-21.308,-45.006,mochi_2929,-12.014,-61.855,눈꽃,16.193,-44.808,소솨소솨,12.999,-63.725,AI,35.702,-81.802,-yeoro-,4.358,-108.944,Kr_Luna,-34.262,-101.442,0,0,0,0,0,,0,0,0,0,0,0,0,0,0,0
13,1,0,0,0,0,0,0,0,0,0,255,255,255,0,717.89,Pring__,R,13,105,1.552,-0.99,0.355,1.482,-36.347,1,0,-229.512,400,2.884,0,0,0,0,7,R,-yeoro-,160,95,0.5,0,38,0,0,0,0,0,0,0,0,0,0,0,0,0,0,0,0,-0.035,-37.703,-라후이-,0.282,-17.031,白霜らいふ,-21.831,-48.305,ke ro,-12.155,-63.177,인생최패망자,15.577,-48.086,CAT tourniquet,7.703,-66.095,별이__,36.083,-88.944,Sabo_10,-1.653,-105.165,vovopo 보보포,-49.236,-86.208,0,0,0,0,0,,0,0,0,0,0,0,0,0,0,0
14,1,0,0,0,1,0,0,0,0,0,255,255,255,1,738.007,Pring__,R,13,98,1.619,-0.347,0.396,1.542,-36.544,1,0,-347.842,312.348,-7.309,0,0,0,0,7,R,-yeoro-,160,95,0.5,0,38,0,0,0,0,0,0,0,0,0,0,0,0,0,0,0,0,0.182,-37.68,-라후이-,0.183,-17.269,白霜らいふ,-22.489,-48.71,ke ro,-12.164,-63.21,인생최패망자,15.941,-47.403,CAT tourniquet,7.634,-66.108,별이__,35.643,-89.24,Sabo_10,-1.97,-106.185,vovopo 보보포,-48.531,-88.441,0,0,0,0,0,,0,0,0,0,0,0,0,0,0,0
15,1,0,0,0,2,0,0,0,0,0,255,255,255,2,755.926,Pring__,R,32,131,-1.708,-1.346,-0.232,1.229,-36.266,1,0,250,-92.706,24.073,0,0,0,0,7,R,-yeoro-,160,95,0.5,0,38,0,0,0,0,0,0,0,0,0,0,0,0,0,0,0,0,-0.356,-37.926,-라후이-,-0.027,-17.004,白霜らいふ,-22.501,-48.71,ke ro,-12.158,-63.188,인생최패망자,16.228,-46.624,CAT tourniquet,7.676,-66.082,별이__,35.717,-90.307,Sabo_10,-1.702,-107.351,vovopo 보보포,-49.854,-90.698,0,0,0,0,0,,0,0,0,0,0,0,0,0,0,0
16,1,0,0,0,3,0,0,0,0,0,255,255,255,3,770.37,Pring__,R,32,126,0.914,0.425,0.005,1.446,-36.337,0,0,250,-175.754,4.222,0,0,1,0,7,R,-yeoro-,160,95,0.5,0,38,0,0,0,0,0,0,0,0,0,0,0,0,0,0,0,0,-0.127,-37.792,-라후이-,0.008,-17.023,白霜らいふ,-22.488,-48.71,ke ro,-12.154,-63.233,인생최패망자,16.18,-46.921,CAT tourniquet,7.404,-65.759,별이__,35.52,-90.959,Sabo_10,-1.682,-107.36,vovopo 보보포,-51.853,-94.082,0,0,0,0,0,,0,0,0,0,0,0,0,0,0,0
17,1,0,0,0,3,1,0,0,0,0,255,255,255,4,786.46,Pring__,R,32,127,0.472,0.503,-0.028,1.471,-36.375,0,0,224.543,-127.115,4.027,0,0,1,0,7,R,-yeoro-,160,95,0.5,0,38,0,0,0,0,0,0,0,0,0,0,0,0,0,0,0,0,-0.048,-37.42,-라후이-,0.164,-16.937,白霜らいふ,-22.51,-48.717,ke ro,-12.153,-63.182,인생최패망자,16.418,-47.453,CAT tourniquet,9.852,-62.684,별이__,36.479,-90.93,Sabo_10,-1.625,-107.368,vovopo 보보포,-53.658,-87.994,0,0,0,0,0,,0,0,0,0,0,0,0,0,0,0
18,1,0,0,0,3,2,0,0,0,0,255,255,255,5,805.108,Pring__,R,13,100,-1.259,-0.88,0.039,1.49,-36.371,0,0,-328.389,345.708,-2.864,0,0,1,0,7,R,-yeoro-,160,95,0.5,0,38,0,0,0,0,0,0,0,0,0,0,0,0,0,0,0,0,-0.466,-37.69,-라후이-,-0.377,-17.299,白霜らいふ,-21.102,-46.27,ke ro,-12.166,-63.227,인생최패망자,13.345,-44.79,CAT tourniquet,7.397,-61.327,별이__,36.105,-91.535,Sabo_10,-2.933,-107.528,vovopo 보보포,-51.239,-82.78,0,0,0,0,0,,0,0,0,0,0,0,0,0,0,0
19,1,0,0,0,0,0,1,0,0,0,255,255,255,6,834.45,Pring__,R,32,128,-1.108,0.732,-0.156,1.504,-36.273,0,0,228.321,-191.275,27.025,0,0,1,1,3,L,mochi_2929,173.7,94,0.453,0,50,0,0,0,0,0,0,0,0,0,0,0,0,0,0,0,0,-0.235,-37.883,-라후이-,-0.075,-16.788,白霜らいふ,-21.982,-48.289,ke ro,-9.593,-64.444,인생최패망자,18.655,-43.664,CAT tourniquet,13.443,-62.379,별이__,41.726,-89.06,Sabo_10,-3.647,-113.841,vovopo 보보포,-43.613,-88.413,0,0,0,0,0,,0,0,0,0,0,0,0,0,0,0
20,1,0,0,0,0,1,1,0,0,0,255,255,255,7,850.678,Pring__,R,14,98,-2.066,-0.355,-0.511,1.57,-36.201,2,0,342.95,319.089,7.001,0,0,1,1,3,L,mochi_2929,173.7,94,0.453,3,72,851.939,87,15,87,101,56,174,136,94,103.997,71.114,-0.02,0.027,-0.017,0.033,0,-0.136,-37.542,-라후이-,-0.253,-17.217,白霜らいふ,-21.999,-48.297,ke ro,-10.123,-64.735,인생최패망자,19.885,-45.465,CAT tourniquet,13.537,-62.291,별이__,43.393,-89.372,Sabo_10,-1.445,-111.75,vovopo 보보포,-44.134,-88.705,0,0,0,0,0,,0,0,0,0,0,0,0,0,0,3
21,1,0,0,0,0,2,1,0,0,0,255,255,255,8,869.269,Pring__,R,32,131,-0.496,0.726,-0.108,1.522,-36.292,2,0,203.675,-126.441,15.693,0,0,1,1,3,L,mochi_2929,173.7,94,0.453,3,73,870.412,144,17,62,64,21,70,137,87,32.564,12.434,-0.43,0.035,-0.036,0.128,0,0.027,-37.19,-라후이-,-0.171,-17.211,白霜らいふ,-21.227,-46.697,ke ro,-9.787,-65.501,인생최패망자,19.534,-45.052,CAT tourniquet,13.686,-64.54,별이__,44.393,-87.6,Sabo_10,-2.777,-111.985,vovopo 보보포,-44.605,-86.767,875.073,-22.174,-83.244,875.695,8,vovopo 보보포,-22.654,-84.121,1,0,0,0,0,0,0,2
22,1,0,0,0,0,0,1,1,0,0,12,255,255,9,912.448,Pring__,R,32,127,-10.609,-1.137,0.057,1.303,-36.374,2,0,250,-144.034,3.323,0,0,1,2,8,L,Kr_Luna,164.2,91.641,0.497,2,74,913.322,255,16,117,56,18,255,150,121,26.247,-44.199,0.7,-0.012,-0.006,0.253,0,0.08,-37.164,-라후이-,0.212,-17.341,白霜らいふ,-19.424,-40.797,ke ro,-8.343,-63.399,인생최패망자,21.922,-47.721,CAT tourniquet,15.44,-63.217,별이__,46.839,-88.483,Sabo_10,-0.264,-109.214,vovopo 보보포,-38.129,-86.612,917.218,77.404,-78.591,0,0,,0,0,0,0,0,0,0,0,0,3
23,1,0,0,0,0,1,1,1,0,0,12,255,255,10,950.457,Pring__,R,14,98,1.332,-0.767,-0.033,1.502,-36.284,0,0,331.135,334.443,6.052,0,0,1,2,8,L,Kr_Luna,164.2,91.641,0.497,0,49,0,0,0,0,0,0,0,0,0,0,0,0,0,0,0,0,-0.064,-37.759,-라후이-,0.775,-17.39,白霜らいふ,-18.425,-42.886,ke ro,-8.258,-61.394,인생최패망자,21.512,-46.904,CAT tourniquet,14.759,-63.659,별이__,50.877,-87.212,Sabo_10,-0.39,-111.262,vovopo 보보포,-36.988,-85.801,0,0,0,0,0,,0,0,0,0,0,0,0,0,0,0
24,1,0,0,0,0,2,1,1,0,0,12,255,255,11,974.077,Pring__,R,32,127,0.199,0.937,-0.037,1.545,-36.414,2,0,170.986,-101.393,7.657,0,0,1,2,8,L,Kr_Luna,164.2,89.641,0.497,2,75,974.949,204,16,73,34,25,95,138,107,100.983,53.526,0.81,0.028,0.015,0.155,0,-0.38,-36.847,-라후이-,-0.088,-17.248,白霜らいふ,-19.62,-40.873,ke ro,-8.227,-63.244,인생최패망자,21.419,-46.53,CAT tourniquet,14.73,-63.564,별이__,50.259,-86.475,Sabo_10,-2.157,-108.996,vovopo 보보포,-39.704,-83.906,0,0,0,0,0,,0,0,0,0,0,0,0,0,0,3
25,1,0,0,0,0,2,1,1,0,0,12,255,255,12,997.665,Pring__,R,13,102,-0.88,-1.482,0.085,1.347,-36.337,4,0,-329.638,351.604,1.227,0,0,1,2,8,L,Kr_Luna,164.2,89.641,0.497,0,76,0,0,0,0,0,0,0,0,0,0,0,0,0,0,0,0,0.082,-37.765,-라후이-,-0.548,-18.498,白霜らいふ,-19.562,-40.548,ke ro,-6.227,-62.108,인생최패망자,19.945,-44.072,CAT tourniquet,13.849,-63.965,별이__,50.779,-83.107,Sabo_10,-1.657,-107.298,vovopo 보보포,-36.981,-84.415,0,0,0,0,0,,0,0,0,4,0,0,0,0,0,0
26,1,0,0,0,0,0,2,1,0,0,12,255,255,13,1026.889,Pring__,R,26,129,-0.241,0.363,-0.072,1.455,-36.332,2,0,193.672,-200,21.63,0,0,1,3,2,R,NABIMan,190,95,0.527,3,76,1027.754,216,11,160,65,46,247,150,129,36.511,37.466,0.72,-0.071,-0.083,0.113,0,-0.056,-37.038,-라후이-,0.067,-16.994,白霜らいふ,-19.64,-40.55,ke ro,-11.293,-63.434,인생최패망자,17.773,-48.925,CAT tourniquet,9.652,-66.217,별이__,46.736,-87.83,Sabo_10,-2.423,-110.435,vovopo 보보포,-49.238,-82.652,1033.151,-87.792,-93.484,0,0,,0,0,0,0,0,0,0,0,0,3
27,1,0,0,0,0,1,2,1,0,0,12,255,255,14,1062.309,Pring__,R,13,99,1.707,-0.686,0.444,1.531,-36.536,2,0,-338.505,329.448,-11.532,0,0,1,3,2,R,NABIMan,190,95,0.527,3,77,1063.325,138,26,35,142,62,214,90,64,-30,40.043,0.96,-0.123,-0.004,0.024,0,0.167,-37.231,-라후이-,0.22,-17.152,白霜らいふ,-19.515,-40.815,ke ro,-11.381,-62.326,인생최패망자,17.866,-48.668,CAT tourniquet,10.231,-65.091,별이__,43.01,-85.711,Sabo_10,-3.529,-113.957,vovopo 보보포,-52.569,-83.583,1063.218,-0.67,-21.678,1065.173,2,白霜らいふ,-15.089,-38.324,0,0,0,0,0,0,0,2
28,2,1,0,0,0,0,0,0,0,0,255,255,255,12,1122.158,encounter v,R,32,125,1.088,1.266,0.413,1.798,-37.047,1,0,218.573,-96.612,-22.186,0,0,0,3,1,R,-라후이-,190,95,0.502,0,86,0,0,0,0,0,0,0,0,0,0,0,0,0,0,0,0,0.132,-37.657,Pugeuk,-0.044,-16.613,NABIMan,-22.576,-46.668,mochi_2929,-11.749,-62.26,눈꽃,18.329,-45.931,소솨소솨,14.175,-64.693,Yaksok~,38.289,-82.25,-yeoro-,1.75,-108.756,Kr_Luna,-36.793,-86.737,0,0,0,0,0,,0,0,0,0,0,0,0,0,0,0
29,2,1,0,0,1,0,0,0,0,0,255,255,255,13,1136.641,encounter v,R,33,128,1.202,0.662,0.456,1.681,-36.788,2,0,103.783,-95.646,-20.316,0,0,1,3,1,R,-라후이-,190,95,0.502,2,86,1137.565,255,15,168,80,51,198,150,111,25.152,9.825,0.08,-0.043,-0.037,0.1,0,-0.083,-36.755,Pugeuk,0.038,-16.607,NABIMan,-23.17,-46.996,mochi_2929,-12.451,-63.957,눈꽃,18.253,-46.219,소솨소솨,14.525,-64.31,Yaksok~,39.575,-80.926,-yeoro-,2.576,-108.829,Kr_Luna,-36.811,-86.726,1142.506,-22.043,-117.539,1145.54,7,-yeoro-,-19.62,-127.726,1,0,0,0,0,0,0,2
30,2,1,0,0,0,0,0,0,1,0,255,1,255,14,1186.544,encounter v,R,26,136,0.323,-0.078,0.393,1.516,-36.564,0,0,71.295,-200,-34.058,0,0,0,4,2,R,白霜らいふ,190,99.568,0.7,0,79,0,0,0,0,0,0,0,0,0,0,0,0,0,0,0,0,0.18,-37.295,Pugeuk,0.034,-16.683,NABIMan,-20.972,-44.16,mochi_2929,-8.563,-62.408,눈꽃,19.4,-41.005,소솨소솨,8.55,-65.731,Yaksok~,40.652,-82.156,-yeoro-,0.372,-117.601,Kr_Luna,-29.207,-104.872,0,0,0,0,0,,0,0,0,0,0,0,0,0,0,0
31,2,1,0,0,0,1,0,0,1,0,255,1,255,15,1200.096,encounter v,R,32,127,2.728,1.066,0.534,1.801,-36.94,3,0,218.654,-92.058,-27.175,-0.016,-19.997,0,4,2,R,白霜らいふ,190,99.568,0.7,0,79,0,0,0,0,0,0,0,0,0,0,0,0,0,0,0,0,0.2,-37.116,Pugeuk,0.093,-17.069,NABIMan,-19.848,-43.277,mochi_2929,-11.223,-63.036,눈꽃,18.854,-41.522,소솨소솨,7.938,-63.319,Yaksok~,40.647,-82.145,-yeoro-,0.617,-117.596,Kr_Luna,-30.579,-103.872,0,0,0,0,0,,0,0,0,0,0,0,0,0,0,6
32,2,1,0,0,2,1,0,0,1,0,255,1,255,16,1221.576,encounter v,R,10,126,-0.073,-0.676,0.371,1.567,-36.595,2,0,0,400,-30.543,0,0,1,4,2,R,白霜らいふ,190,99.568,0.7,2,79,1222.678,255,20,99,71,46,129,150,67,24.692,-27.38,1,-0.049,-0.058,0.174,0,0.015,-36.829,Pugeuk,0,-16.808,NABIMan,-23.676,-47.306,mochi_2929,-10.068,-62.723,눈꽃,17.336,-44.28,소솨소솨,5.51,-62.409,Yaksok~,40.873,-82.453,-yeoro-,0.529,-117.6,Kr_Luna,-36.176,-98.939,1225.74,21.707,-59.846,1227.362,6,Yaksok~,27.309,-69.563,1,0,0,0,0,0,0,2
33,2,1,0,0,0,0,0,1,0,1,2,255,1,17,1252.111,encounter v,R,32,129,1.664,1.013,0.458,1.747,-36.759,2,0,248.597,-108.532,-34.799,0,0,1,5,4,R,인생최패망자,190,80,0.4,3,79,1253.204,214,13,111,75,25,91,150,97,12.661,-10.142,-0.51,-0.007,-0.014,0.085,0,0.102,-36.809,Pugeuk,-0.044,-16.721,NABIMan,-19.589,-42.189,mochi_2929,-11.32,-61.821,눈꽃,18.542,-41.117,소솨소솨,16.355,-64.965,Yaksok~,41.687,-82.853,-yeoro-,-0.658,-117.714,Kr_Luna,-40.27,-97.584,1255.44,15.86,-71.617,1261.106,7,-yeoro-,36.895,-118.059,1,0,0,0,0,0,0,2
34,2,1,1,0,0,0,0,0,1,1,255,4,2,18,1290.812,encounter v,R,26,140,-3.088,-2.161,0.05,1.16,-36.442,1,0,163.726,-200,-15.597,-0.634,-18.198,0,6,7,L,Sabo_10,180,94,0.6,0,79,0,0,0,0,0,0,0,0,0,0,0,0,0,0,0,0,-0.049,-37.033,Pugeuk,-0.34,-16.737,NABIMan,-22.305,-47.261,mochi_2929,-7.515,-62.436,눈꽃,18.925,-40.275,소솨소솨,16.96,-62.251,Yaksok~,46.442,-86.908,-yeoro-,11.314,-121.813,Kr_Luna,32.201,-113.333,0,0,0,0,0,,0,0,0,0,0,0,0,0,0,0
35,2,1,1,0,1,0,0,0,1,1,255,4,2,19,1304.504,encounter v,R,26,137,-0.624,0.79,0.298,1.68,-36.612,2,0,72.591,-152.882,-24.983,0,0,1,6,7,L,Sabo_10,180,94,0.6,3,79,1305.605,137,15,105,60,48,99,145,99,95.427,80.373,-0.22,0.023,-0.082,0.124,0,-0.022,-36.883,Pugeuk,-0.097,-16.769,NABIMan,-22.694,-47.452,mochi_2929,-7.797,-61.782,눈꽃,17.816,-43.36,소솨소솨,17.315,-62.633,Yaksok~,43.336,-85.345,-yeoro-,11.182,-121.776,Kr_Luna,29.4,-106.727,0,0,0,0,0,,0,0,0,0,0,0,0,0,0,3
36,2,1,1,0,1,1,0,0,1,1,255,4,2,20,1325.149,encounter v,R,14,115,2.403,-2.237,0.46,1.319,-36.578,4,0,382.107,322.482,-21.607,0.711,-16.372,1,6,7,L,Sabo_10,180,94,0.6,0,78,0,0,0,0,0,0,0,0,0,0,0,0,0,0,0,0,0.092,-36.957,Pugeuk,0.207,-16.698,NABIMan,-21.541,-45.776,mochi_2929,-7.533,-62.551,눈꽃,18.419,-41.33,소솨소솨,17.706,-61.639,Yaksok~,44.228,-85.756,-yeoro-,10.564,-121.984,Kr_Luna,29.681,-105.076,0,0,0,0,0,,0,0,0,0,0,0,0,0,0,0
37,2,1,1,0,1,2,0,0,1,1,255,4,2,21,1339.472,encounter v,R,26,136,0.138,1.021,0.349,1.714,-36.702,0,0,139.131,-178.589,-31.857,0,0,1,6,7,L,Sabo_10,180,94,0.6,0,78,0,0,0,0,0,0,0,0,0,0,0,0,0,0,0,0,-0.011,-37.17,Pugeuk,0.159,-16.149,NABIMan,-21.209,-45.318,mochi_2929,-7.13,-64.368,눈꽃,19.416,-41.196,소솨소솨,17.662,-61.634,Yaksok~,44.209,-85.791,-yeoro-,10.614,-121.946,Kr_Luna,29.649,-105.069,0,0,0,0,0,,0,0,0,0,0,0,0,0,0,0
38,2,1,1,0,0,0,1,0,1,1,255,4,2,22,1365.321,encounter v,R,26,137,-1.78,-0.968,0.195,1.396,-36.593,1,0,91.628,-200,-38.381,0,0,0,7,8,L,vovopo 보보포,160,90,0.599,0,80,0,0,0,0,0,0,0,0,0,0,0,0,0,0,0,0,-0.048,-37.192,Pugeuk,0.13,-16.695,NABIMan,-21.589,-46.213,mochi_2929,-6.516,-63.239,눈꽃,18.877,-40.788,소솨소솨,18.271,-60.555,Yaksok~,43.599,-86.592,-yeoro-,10.779,-120.231,Kr_Luna,29.558,-105.253,0,0,0,0,0,,0,0,0,0,0,0,0,0,0,0
39,2,1,1,0,1,0,1,0,1,1,255,4,2,23,1380.061,encounter v,R,26,128,-0.091,1.809,0.327,1.771,-36.746,1,0,131.535,-200,-44.246,0,0,0,7,8,L,vovopo 보보포,160,90,0.599,0,80,0,0,0,0,0,0,0,0,0,0,0,0,0,0,0,0,0.065,-37.28,Pugeuk,-0.035,-16.619,NABIMan,-22.416,-47.684,mochi_2929,-6.036,-61.373,눈꽃,19.366,-40.73,소솨소솨,18.255,-60.579,Yaksok~,42.939,-86.65,-yeoro-,9.093,-120.038,Kr_Luna,29.746,-105.09,0,0,0,0,0,,0,0,0,0,0,0,0,0,0,0
40,2,1,1,0,2,0,1,0,1,1,255,4,2,24,1392.833,encounter v,R,10,118,-1.566,-2.586,0.232,1.366,-36.501,2,0,0,400,-15.693,0,0,1,7,8,L,vovopo 보보포,160,90,0.599,3,80,1393.955,255,30,118,83,20,133,150,103,11.376,7.767,0.87,0.009,-0.018,0.084,0,-0.195,-36.599,Pugeuk,-0.061,-16.81,NABIMan,-22.504,-47.455,mochi_2929,-9.151,-61.945,눈꽃,17.816,-43.195,소솨소솨,17.126,-58.526,Yaksok~,43.089,-86.896,-yeoro-,8.657,-118.032,Kr_Luna,29.709,-105.119,1395.54,-3.79,-64.483,1395.817,3,mochi_2929,-3.721,-61.779,0,0,0,0,0,0,0,1
41,2,0,1,0,0,0,0,0,0,0,255,255,255,15,1461.773,Pring__,R,32,132,-1.878,0.046,-0.219,1.396,-36.236,1,0,223.993,-200,32.831,0,0,0,4,1,R,Pugeuk,190,92.629,0.547,0,67,0,0,0,0,0,0,0,0,0,0,0,0,0,0,0,0,-0.327,-37.756,-라후이-,-0.069,-16.901,白霜らいふ,-20.186,-42.906,ke ro,-16.115,-62.315,인생최패망자,14.456,-48.545,CAT tourniquet,10.357,-64.598,별이__,38.405,-90.214,Sabo_10,-1.6,-112.057,vovopo 보보포,-47.925,-77.229,0,0,0,0,0,,0,0,0,0,0,0,0,0,0,0
42,2,0,1,0,1,0,0,0,0,0,255,255,255,16,1477.693,Pring__,R,32,125,1.695,0.311,0.075,1.468,-36.416,2,0,250,-109.25,2.793,0,0,1,4,1,R,Pugeuk,190,92.629,0.547,3,67,1478.714,221,20,100,104,30,147,150,103,25.386,40.223,-0.19,-0.013,-0.009,0.165,0,-0.165,-37.142,-라후이-,0.128,-17.22,白霜らいふ,-20.181,-42.937,ke ro,-15.751,-62.527,인생최패망자,16.574,-49.525,CAT tourniquet,10.201,-64.678,별이__,38.433,-90.258,Sabo_10,-1.302,-112.353,vovopo 보보포,-48.076,-77.176,0,0,0,1483.073,8,vovopo 보보포,-47.601,-87.405,0,0,0,0,0,0,0,1
43,2,0,1,0,0,0,1,0,0,0,255,255,255,17,1513.438,Pring__,R,3,99,1.387,-0.086,0.454,1.424,-36.596,0,0,-450,0,0.274,0,0,0,5,6,R,Yaksok~,172.9,85.63,0.301,0,72,0,0,0,0,0,0,0,0,0,0,0,0,0,0,0,0,-0.04,-37.965,-라후이-,0.188,-17.352,白霜らいふ,-21.286,-46.041,ke ro,-12.943,-63.851,인생최패망자,16.207,-47.799,CAT tourniquet,9.398,-65.529,별이__,39.9,-89.483,Sabo_10,-4.193,-110.028,vovopo 보보포,-51.872,-83.922,0,0,0,0,0,,0,0,0,0,0,0,0,0,0,0
44,2,0,1,0,0,1,1,0,0,0,255,255,255,18,1529.797,Pring__,R,13,101,0.549,-1.059,0.304,1.391,-36.359,0,0,-358.49,312.348,-3.952,0,0,0,5,6,R,Yaksok~,172.9,85.63,0.301,0,72,0,0,0,0,0,0,0,0,0,0,0,0,0,0,0,0,-0.233,-38.108,-라후이-,0.247,-17.295,白霜らいふ,-21.433,-46.203,ke ro,-12.978,-63.818,인생최패망자,16.177,-46.988,CAT tourniquet,9.381,-65.426,별이__,39.48,-89.379,Sabo_10,-4.18,-110.037,vovopo 보보포,-51.769,-83.278,0,0,0,0,0,,0,0,0,0,0,0,0,0,0,0
45,2,0,1,0,0,2,1,0,0,0,255,255,255,19,1600.014,Pring__,R,3,99,-1.585,-0.606,0.082,1.299,-36.5,2,0,-450,0,-3.855,0,0,1,5,6,R,Yaksok~,172.9,85.63,0.301,3,72,1600.939,185,16,106,76,52,84,150,92,94.105,-57.833,0.94,-0.151,-0.173,0.043,0,-0.581,-37.027,-라후이-,-0.321,-17.175,白霜らいふ,-21.605,-45.776,ke ro,-12.807,-62.518,인생최패망자,17.931,-49.165,CAT tourniquet,9.063,-66.04,별이__,40.107,-90.908,Sabo_10,-2.89,-110.965,AI,-35.7,-81.8,1607.417,-19.125,-7.923,0,0,,0,0,0,0,0,0,0,0,0,3
46,2,0,1,0,0,2,1,0,0,0,255,255,255,20,1628.381,Pring__,R,14,95,0.786,-0.576,-0.078,1.574,-36.275,0,0,274.854,385.637,-7.646,0,0,0,5,6,R,Yaksok~,172.9,85.63,0.301,0,73,0,0,0,0,0,0,0,0,0,0,0,0,0,0,0,0,-0.041,-38.064,-라후이-,0.296,-17.187,白霜らいふ,-22.799,-47.631,ke ro,-11.94,-63.881,인생최패망자,16.357,-45.924,CAT tourniquet,10.683,-65.156,별이__,42.988,-88.944,Sabo_10,-4.969,-105.098,vovopo 보보포,-51.902,-84.63,0,0,0,0,0,,0,0,0,0,0,0,0,0,0,0
47,2,0,1,0,0,0,2,0,0,0,255,255,255,21,1659.002,Pring__,R,32,128,-1.54,0.468,-0.199,1.475,-36.301,2,0,207.945,-200,19.286,0,0,1,6,4,L,눈꽃,190,90,0.496,3,87,1659.956,240,31,105,73,35,82,150,97,45.311,-12.198,-0.48,0.032,0.009,0,0,-0.359,-37.376,-라후이-,-0.038,-17.427,白霜らいふ,-22.198,-46.749,ke ro,-11.738,-65.752,인생최패망자,22.262,-48.172,CAT tourniquet,15.832,-62.274,별이__,47.571,-87.259,Sabo_10,-3.114,-108.645,vovopo 보보포,-47.694,-87.608,1665.384,16.441,-88.906,1666.24,7,Sabo_10,17.189,-91.957,1,0,0,0,0,0,0,2
48,2,0,1,0,0,0,2,1,0,0,13,255,255,22,1693.368,Pring__,R,32,123,3.635,1.02,0.19,1.494,-36.593,4,0,250,-106.49,-10.736,0.979,-20.713,1,7,5,R,소솨소솨,169,95,0.5,0,82,0,0,0,0,0,0,0,0,0,0,0,0,0,0,0,0,-0.082,-37.282,-라후이-,0.428,-18.673,白霜らいふ,-19.266,-40.911,ke ro,-9.441,-63.299,인생최패망자,16.645,-47.206,CAT tourniquet,9.912,-66.172,별이__,42.587,-88.385,Sabo_10,-0.227,-103.069,vovopo 보보포,-52.15,-84.553,0,0,0,0,0,,0,0,0,0,0,0,0,0,0,0
49,2,0,1,0,0,1,2,1,0,0,13,255,255,23,1714.188,Pring__,R,13,102,-0.114,-0.733,0.212,1.481,-36.358,0,0,-357.12,318.866,25.912,0,0,1,7,5,R,소솨소솨,169,95,0.5,0,60,0,0,0,0,0,0,0,0,0,0,0,0,0,0,0,0,-0.003,-37.796,-라후이-,0.498,-17.341,白霜らいふ,-18.972,-41.78,ke ro,-9.024,-62.152,인생최패망자,17.156,-47.09,CAT tourniquet,4.853,-64.072,별이__,43.416,-89.237,Sabo_10,-1.122,-107.68,vovopo 보보포,-51.56,-85.889,0,0,0,0,0,,0,0,0,0,0,0,0,0,0,0
50,2,0,1,0,0,2,2,0,1,0,255,13,255,24,1740.523,Pring__,R,3,99,-0.263,0.76,0.252,1.611,-36.479,2,0,-438.704,0,15.318,0,0,1,7,5,R,소솨소솨,169,95,0.5,3,60,1741.63,181,33,93,107,72,241,150,123,91.648,85.988,0.4,-0.003,-0.058,0.072,0,-0.101,-36.928,-라후이-,0.05,-16.821,白霜らいふ,-21.818,-46.685,ke ro,-10.667,-62.33,인생최패망자,17.283,-47.949,CAT tourniquet,7.908,-63.177,별이__,43.215,-89.285,Sabo_10,-3.446,-110.823,vovopo 보보포,-55.454,-85.579,0,0,0,0,0,,0,0,0,0,0,0,0,0,0,3
51,2,0,1,0,0,2,2,0,1,0,255,13,255,25,1766.398,Pring__,R,4,96,3.661,0.358,0.485,1.534,-36.725,3,0,-163.394,0,-7.692,0.187,-20.477,0,7,5,R,소솨소솨,169,95,0.5,0,60,0,0,0,0,0,0,0,0,0,0,0,0,0,0,0,0,-0.052,-37.423,-라후이-,0.123,-18.374,白霜らいふ,-21.68,-45.751,ke ro,-10.238,-62.933,인생최패망자,16.052,-46.59,CAT tourniquet,9.824,-65.043,별이__,40.719,-87.071,Sabo_10,-1.55,-108.345,vovopo 보보포,-53.934,-82.405,0,0,0,0,0,,0,0,0,0,0,0,0,0,0,6
52,2,0,1,0,0,0,2,1,1,0,14,13,255,26,1797.632,Pring__,R,32,128,-1.66,-0.255,-0.216,1.34,-36.17,4,0,207.514,-184.766,27.864,0,0,1,8,0,R,encounter v,190,95,0.447,0,43,0,0,0,0,0,0,0,0,0,0,0,0,0,0,0,0,-0.24,-37.881,-라후이-,-0.1,-17.322,白霜らいふ,-20.192,-43.08,ke ro,-11.285,-61.79,인생최패망자,16.463,-47.348,CAT tourniquet,6.557,-63.884,별이__,44.006,-92.42,Sabo_10,-0.651,-111.798,vovopo 보보포,-54.02,-85.526,0,0,0,0,0,,0,0,0,0,0,0,0,0,0,0
53,2,0,1,0,0,1,2,1,1,0,14,13,255,27,1831.129,Pring__,R,14,96,1.339,-1.314,-0.025,1.295,-36.271,2,0,316.083,344.713,-1.717,0,0,1,8,0,R,encounter v,190,95,0.447,3,43,1832.353,255,15,122,135,90,160,150,110,-30,12.581,0.06,-0.035,-0.172,0.049,0,-0.255,-36.955,-라후이-,0.393,-17.293,白霜らいふ,-19.907,-42.941,ke ro,-12.298,-63.093,인생최패망자,17.563,-47.807,CAT tourniquet,6.683,-63.386,별이__,44.834,-91.938,Sabo_10,-4.336,-116.818,vovopo 보보포,-54.23,-86.123,1832.184,0.049,-21.584,1834.106,3,ke ro,-8.205,-58.771,0,0,0,0,0,0,0,2
54,3,1,1,0,0,0,0,0,0,0,255,255,255,25,1865.517,encounter v,R,32,128,0.462,1.189,0.385,1.792,-36.875,2,0,250,-139.391,-21.137,0,0,0,8,0,L,Pring__,179.952,95,0.401,3,83,1866.424,202,17,114,71,32,120,150,105,38.888,-40.491,0.95,-0.026,-0.034,0.204,0,-0.281,-36.809,Pugeuk,-0.164,-16.439,NABIMan,-22.354,-46.71,mochi_2929,-10.212,-63.059,눈꽃,17.823,-45.231,소솨소솨,15.696,-63.193,Yaksok~,40.621,-88.384,-yeoro-,-1.811,-111.705,Kr_Luna,-35.897,-86.686,1871.384,67.077,-76.654,0,0,,0,0,0,0,0,0,0,0,0,3
55,3,1,1,0,0,1,0,0,0,0,255,255,255,26,1887.005,encounter v,R,26,140,-1.019,0.244,0.254,1.577,-36.528,2,0,105.415,-192.084,-25.31,0,0,0,8,0,L,Pring__,179.952,95,0.401,3,83,1887.815,255,16,133,80,33,173,150,103,102.731,63.543,0.01,0.033,-0.052,0.184,0,-0.253,-36.74,Pugeuk,-0.19,-16.435,NABIMan,-22.776,-46.469,mochi_2929,-11.524,-63.745,눈꽃,18.54,-44.43,소솨소솨,16.827,-63.606,Yaksok~,41.714,-89.044,-yeoro-,8.865,-119.852,Kr_Luna,21.396,-107.924,0,0,0,0,0,,0,0,0,0,0,0,0,0,0,3
56,3,1,1,0,0,2,0,0,0,0,255,255,255,27,1902.858,encounter v,R,32,140,-1.28,-0.974,0.193,1.362,-36.443,2,0,240.382,-200,-22.399,0,0,0,8,0,L,Pring__,179.952,95,0.401,3,83,1903.675,247,21,153,109,53,157,150,126,112.135,39.191,0.64,0.043,-0.066,0.074,0,-0.223,-36.661,Pugeuk,-0.11,-16.53,NABIMan,-24.836,-48.514,mochi_2929,-12.011,-62.243,눈꽃,18.415,-44.249,소솨소솨,17.809,-61.804,Yaksok~,43.936,-90.387,-yeoro-,10.107,-114.469,Kr_Luna,2.462,-103.519,0,0,0,0,0,,0,0,0,0,0,0,0,0,0,3
57,3,1,1,0,0,2,0,0,0,0,255,255,255,28,1920.151,encounter v,R,26,140,-2.859,-2.343,0.09,1.129,-36.498,2,0,77.308,-200,-16.356,0,0,0,8,0,L,Pring__,179.952,95,0.401,3,83,1920.957,232,23,136,111,72,143,150,95,-2.513,28.208,0.96,0.051,-0.125,0.066,0,-0.216,-36.714,Pugeuk,-0.046,-16.617,NABIMan,-23.75,-48.193,mochi_2929,-11.301,-64.659,눈꽃,18.322,-44.533,소솨소솨,18.025,-61.158,Yaksok~,43.571,-93.116,-yeoro-,12.35,-113.567,Kr_Luna,-43.519,-94.625,1920.684,-1.333,-23.214,1924.329,8,Kr_Luna,-33.575,-81.009,1,0,0,0,0,0,0,2
58,3,1,1,0,0,0,0,1,0,0,0,255,255,29,1952.817,encounter v,R,26,137,-0.409,-1.155,0.324,1.341,-36.459,4,0,54.596,-200,-33.224,-0.005,-17.163,1,0,6,R,별이__,175,95,0.5,0,83,0,0,0,0,0,0,0,0,0,0,0,0,0,0,0,0,0.066,-37.111,Pugeuk,-0.06,-16.833,NABIMan,-19.356,-39.872,mochi_2929,-10.838,-60.92,눈꽃,18.548,-42.612,소솨소솨,10.036,-62.574,Yaksok~,43.799,-88.356,-yeoro-,-4.96,-114.85,Kr_Luna,-37.389,-87.364,0,0,0,0,0,,0,0,0,0,0,0,0,0,0,0
59,3,1,1,0,0,1,0,1,0,0,0,255,255,30,1966.274,encounter v,R,26,140,-1.329,-1.702,0.207,1.253,-36.497,4,0,165.089,-200,-22.359,0,0,1,0,6,R,별이__,175,95,0.5,0,83,0,0,0,0,0,0,0,0,0,0,0,0,0,0,0,0,-0.058,-37.231,Pugeuk,-0.15,-16.77,NABIMan,-19.466,-39.626,mochi_2929,-10.84,-60.917,눈꽃,18.899,-41.812,소솨소솨,6.89,-62.226,Yaksok~,43.803,-88.362,-yeoro-,-4.967,-114.878,Kr_Luna,-46.637,-89.849,0,0,0,0,0,,0,0,0,0,0,0,0,0,0,0
60,3,1,1,0,0,2,0,1,0,0,0,255,255,31,1980.421,encounter v,R,26,136,-1.79,2.072,0.166,1.877,-36.735,4,0,151.486,-165.409,-34.819,0,0,1,0,6,R,별이__,175,95,0.5,0,83,0,0,0,0,0,0,0,0,0,0,0,0,0,0,0,0,0.131,-37.535,Pugeuk,-0.132,-16.599,NABIMan,-19.493,-40.297,mochi_2929,-11.311,-61.224,눈꽃,18.912,-42.911,소솨소솨,6.342,-62.743,Yaksok~,43.054,-89.515,-yeoro-,-4.665,-112.06,Kr_Luna,-47.819,-90.688,0,0,0,0,0,,0,0,0,0,0,0,0,0,0,0
61,3,1,1,0,0,0,1,1,0,0,0,255,255,32,2007.739,encounter v,R,26,136,-1.886,-0.94,0.176,1.384,-36.502,1,0,88.79,-200,-23.324,-0.509,-17.338,0,1,5,L,CAT tourniquet,169.9,94.945,0.357,0,83,0,0,0,0,0,0,0,0,0,0,0,0,0,0,0,0,-0.005,-37.218,Pugeuk,-0.111,-16.784,NABIMan,-19.594,-40.101,mochi_2929,-10.48,-61.244,눈꽃,18.266,-43.305,소솨소솨,15.064,-63.008,Yaksok~,42.946,-89.404,-yeoro-,-4.839,-111.896,Kr_Luna,-35.257,-93.962,0,0,0,0,0,,0,0,0,0,0,0,0,0,0,0
62,3,1,1,0,1,0,1,1,0,0,0,255,255,33,2019.24,encounter v,R,26,130,-1.181,1.712,0.228,1.791,-36.647,2,0,123.279,-200,-28.349,0,0,1,1,5,L,CAT tourniquet,169.9,94.945,0.357,2,83,2020.204,50,8,45,37,26,63,58,57,32.83,-43.804,-0.19,0.103,-0.005,0.118,0,-0.121,-37.019,Pugeuk,-0.077,-16.77,NABIMan,-20.063,-43.365,mochi_2929,-10.752,-61.32,눈꽃,18.083,-45.385,소솨소솨,16.224,-63.115,Yaksok~,42.975,-89.31,-yeoro-,-4.855,-111.879,Kr_Luna,-38.004,-82.59,0,0,0,2022.995,4,눈꽃,21.761,-42.666,0,0,0,0,0,0,0,1
63,3,1,1,0,0,0,2,1,0,0,0,255,255,34,2044.255,encounter v,R,26,140,0.547,-0.031,0.376,1.528,-36.581,2,0,192.601,-200,-40.053,0,0,1,2,3,R,ke ro,166.2,84.746,0.313,2,83,2045.405,116,8,71,49,35,95,134,84,91.359,-86.914,-0.36,-0.022,-0.052,0.119,0,0.016,-37.099,Pugeuk,-0.068,-16.781,NABIMan,-23.958,-48.037,mochi_2929,-10.427,-61.5,눈꽃,16.749,-46.205,소솨소솨,13.595,-64.174,Yaksok~,37.189,-84.741,-yeoro-,-0.746,-108.556,Kr_Luna,-34.482,-99.135,2051.04,-36.901,-11.579,0,0,,0,0,0,0,0,0,0,0,0,3
64,3,1,1,0,0,1,2,1,0,0,0,255,255,35,2062.551,encounter v,R,32,131,1.847,1.792,0.466,1.789,-36.951,2,0,250,-200,-6.635,0,0,1,2,3,R,ke ro,166.2,84.746,0.313,2,83,2063.732,145,10,96,58,39,131,141,87,90.936,87.154,-0.43,0.01,0.014,0.182,0,0.059,-36.937,Pugeuk,-0.091,-16.809,NABIMan,-21.226,-46.967,mochi_2929,-11.114,-61.099,눈꽃,16.124,-47.078,소솨소솨,13.428,-64.068,Yaksok~,39.38,-83.687,-yeoro-,-2.701,-113.212,Kr_Luna,-44.467,-95.669,0,0,0,0,0,,0,0,0,0,0,0,0,0,0,3
65,3,1,1,0,0,2,2,1,0,0,0,255,255,36,2082.076,encounter v,R,26,140,-0.647,-0.449,0.263,1.464,-36.526,2,0,195.131,-200,-19.802,0,0,1,2,3,R,ke ro,166.2,84.746,0.313,2,83,2083.187,121,15,83,54,24,69,139,93,19.159,4.757,-0.05,-0.039,-0.061,0.105,0,0.111,-37.139,Pugeuk,0.005,-16.783,NABIMan,-22.273,-47.019,mochi_2929,-10.781,-60.236,눈꽃,17.119,-46.409,소솨소솨,15.56,-63.703,Yaksok~,40.039,-86.611,-yeoro-,4.862,-118.104,Kr_Luna,-45.271,-95.035,2086.717,-6.091,-90.995,2088.084,7,-yeoro-,-7.099,-102.801,1,0,0,0,0,0,0,2
66,3,1,1,0,0,0,2,1,1,0,255,0,255,37,2114.984,encounter v,R,47,86,-5.412,1.829,-0.163,1.973,-36.709,1,0,67.019,43.473,28.766,0,0,0,3,1,R,-라후이-,190,95,0.502,0,83,0,0,0,0,0,0,0,0,0,0,0,0,0,0,0,0,0.23,-37.136,Pugeuk,-1.559,-18.708,NABIMan,-21.438,-45.486,mochi_2929,-5.527,-63.335,눈꽃,18.558,-42.338,소솨소솨,11.235,-62.338,Yaksok~,39.662,-84.102,-yeoro-,3.305,-115.296,Kr_Luna,-49.127,-92.646,0,0,0,0,0,,0,0,0,0,0,0,0,0,0,0
67,3,1,1,0,1,0,2,1,1,0,255,0,255,38,2130.958,encounter v,R,38,84,1.418,0.626,0.511,1.715,-37.179,2,0,-2.349,3.302,13.115,0,0,1,3,1,R,-라후이-,190,95,0.502,2,83,2132.174,255,21,156,91,45,255,150,130,20.14,4.135,0.3,-0.055,-0.063,0.106,0,0.317,-37.168,Pugeuk,-0.01,-16.853,NABIMan,-22.226,-46.319,mochi_2929,-9.148,-62.119,눈꽃,16.949,-44.546,소솨소솨,9.56,-60.44,Yaksok~,39.331,-84.294,-yeoro-,3.593,-115.948,Kr_Luna,-49.062,-92.587,2136.929,-13.471,-133.178,2138.195,7,-yeoro-,-14.67,-126.884,1,0,0,0,0,0,0,2
68,3,1,2,0,0,0,2,0,1,0,255,1,255,39,2162.703,encounter v,R,32,132,1.085,0.257,0.407,1.578,-36.751,0,0,244.912,-200,-52.087,0,0,0,4,2,R,白霜らいふ,190,99.568,0.7,0,82,0,0,0,0,0,0,0,0,0,0,0,0,0,0,0,0,0.095,-37.375,Pugeuk,-0.046,-16.89,NABIMan,-23.272,-47.344,mochi_2929,-8.791,-62.405,눈꽃,19.16,-41.786,소솨소솨,14.261,-63.46,Yaksok~,36.977,-84.633,-yeoro-,-3.264,-120.61,Kr_Luna,-42.353,-100.723,0,0,0,0,0,,0,0,0,0,0,0,0,0,0,0
69,3,1,2,0,0,1,2,0,1,0,255,1,255,40,2176.206,encounter v,R,26,128,1.282,1.332,0.437,1.783,-36.767,1,0,182.087,-200,-24.829,0,0,0,4,2,R,白霜らいふ,190,99.568,0.7,0,82,0,0,0,0,0,0,0,0,0,0,0,0,0,0,0,0,0.197,-37.536,Pugeuk,-0.049,-16.965,NABIMan,-22.878,-47.852,mochi_2929,-9.175,-63.924,눈꽃,18.873,-42.454,소솨소솨,14.832,-63.643,Yaksok~,36.935,-85.425,-yeoro-,-2.761,-122.809,Kr_Luna,-44.919,-99.7,0,0,0,0,0,,0,0,0,0,0,0,0,0,0,0
70,3,1,2,0,1,1,2,0,1,0,255,1,255,41,2193.947,encounter v,R,10,117,-0.531,-0.426,0.328,1.648,-36.521,0,0,0,400,-19.311,-0.41,-17.449,0,4,2,R,白霜らいふ,190,99.568,0.7,0,82,0,0,0,0,0,0,0,0,0,0,0,0,0,0,0,0,0.111,-37.187,Pugeuk,-0.14,-17.014,NABIMan,-22.467,-47.604,mochi_2929,-9.83,-63.917,눈꽃,18.509,-42.16,소솨소솨,14.04,-62.236,Yaksok~,35.821,-82.961,-yeoro-,-2.846,-122.783,Kr_Luna,-44.845,-99.685,0,0,0,0,0,,0,0,0,0,0,0,0,0,0,0
71,3,1,2,0,1,2,2,0,1,1,255,1,3,42,2210.59,encounter v,R,13,126,-1.904,0.212,0.313,1.745,-36.533,4,0,-342.685,364.098,-24.797,-0.875,-17.407,1,4,2,R,白霜らいふ,190,99.568,0.7,0,82,0,0,0,0,0,0,0,0,0,0,0,0,0,0,0,0,0.193,-37.345,Pugeuk,-0.189,-16.887,NABIMan,-22.833,-48.059,mochi_2929,-11.333,-63.74,눈꽃,18.373,-41.989,소솨소솨,13.602,-61.832,Yaksok~,36.718,-85.703,-yeoro-,-2.829,-122.824,Kr_Luna,-45.039,-99.632,0,0,0,0,0,,0,0,0,0,0,0,0,0,0,0
72,3,0,2,0,0,0,0,0,0,0,255,255,255,28,2307.688,Pring__,R,3,98,0.643,-0.342,0.39,1.365,-36.598,2,0,-445.455,0,2.41,0,0,1,0,7,R,-yeoro-,160,95,0.5,2,37,2308.782,251,19,130,75,35,255,150,65,2.683,-16.892,0.99,-0.007,0.076,0.035,0,-0.491,-36.895,-라후이-,0.105,-17.455,白霜らいふ,-20.73,-44.791,ke ro,-13.492,-63.243,인생최패망자,17.375,-49.579,CAT tourniquet,9.169,-66.818,별이__,41.234,-89.202,Sabo_10,-1.513,-111.66,vovopo 보보포,-41.274,-87.698,2309.162,3.496,-32.472,2310.506,4,인생최패망자,8.523,-47.125,0,0,0,0,0,0,0,2
73,3,0,2,0,0,0,1,0,0,0,255,255,255,29,2341.413,Pring__,R,14,92,1.083,-0.044,-0.039,1.723,-36.391,0,0,260.764,390.885,-10.016,0,0,1,1,3,L,mochi_2929,173.7,94,0.453,0,82,0,0,0,0,0,0,0,0,0,0,0,0,0,0,0,0,-0.282,-37.776,-라후이-,0.287,-16.922,白霜らいふ,-20.291,-44.336,ke ro,-8.784,-64.084,인생최패망자,19.636,-44.626,CAT tourniquet,15.292,-63.596,별이__,47.601,-87.295,Sabo_10,-2.043,-108.59,vovopo 보보포,-38.586,-88.219,0,0,0,0,0,,0,0,0,0,0,0,0,0,0,0
74,3,0,2,0,0,1,1,0,0,0,255,255,255,30,2362.822,Pring__,R,3,102,-2.771,-0.189,-0.094,1.398,-36.334,2,0,-463.636,0,5.439,0,0,1,1,3,L,mochi_2929,173.7,94,0.453,3,82,2364.063,171,27,117,131,67,134,150,91,21.5,-46.839,-0.48,0.05,-0.029,0.036,0,-0.508,-37.601,-라후이-,-0.178,-17.256,白霜らいふ,-21.067,-46.431,ke ro,-8.902,-65.291,인생최패망자,20.896,-46.576,CAT tourniquet,15.425,-63.565,별이__,47.993,-87.335,Sabo_10,-2.109,-105.147,vovopo 보보포,-38.571,-88.241,2366.973,38.458,-68.469,2367.929,6,별이__,42.101,-74.434,1,0,0,0,0,0,0,2
75,3,0,2,0,0,0,1,1,0,0,12,255,255,31,2397.953,Pring__,R,32,124,0.043,0.577,-0.079,1.487,-36.383,0,0,250,-120.846,5.141,0,0,1,2,8,L,Kr_Luna,164.2,89.641,0.497,0,82,0,0,0,0,0,0,0,0,0,0,0,0,0,0,0,0,-0.038,-37.79,-라후이-,-0.264,-17.366,白霜らいふ,-19.328,-41.968,ke ro,-8.219,-63.085,인생최패망자,19.715,-44.324,CAT tourniquet,16.544,-61.747,별이__,50.199,-84.891,Sabo_10,-2.082,-102.613,vovopo 보보포,-38.855,-86.108,0,0,0,0,0,,0,0,0,0,0,0,0,0,0,0
76,3,0,2,0,0,1,1,1,0,0,12,255,255,32,2417.447,Pring__,R,14,92,1.07,-0.049,-0.075,1.668,-36.332,2,0,315.816,327.74,-5.062,0,0,1,2,8,L,Kr_Luna,164.2,89.641,0.497,2,82,2418.563,220,15,98,36,29,248,141,124,-15.109,5.443,0.69,0.006,0.009,0.31,0,-0.014,-37.313,-라후이-,0.456,-17.265,白霜らいふ,-19.441,-40.783,ke ro,-8.021,-63.225,인생최패망자,20.459,-45.852,CAT tourniquet,16.483,-61.652,별이__,50.115,-85.154,Sabo_10,-1.53,-105.442,vovopo 보보포,-40.14,-86.382,2418.351,-0.091,-23.527,2419.962,3,ke ro,-3.632,-60.439,0,0,0,0,0,0,0,2
77,4,1,2,0,0,0,0,0,0,0,255,255,255,43,2483.843,encounter v,R,32,126,-0.663,-0.154,0.434,1.506,-36.556,2,0,250,-163.431,-4.236,0,0,1,5,4,R,인생최패망자,190,80,0.4,3,82,2484.944,164,18,112,103,33,193,150,112,26.975,7.376,0.9,0.041,-0.077,0.046,0,0.161,-37.154,Pugeuk,-0.066,-16.616,NABIMan,-23.142,-48.333,mochi_2929,-9.807,-58.672,눈꽃,17.664,-46.364,소솨소솨,15.039,-63.362,Yaksok~,41.729,-86.479,-yeoro-,4.579,-119.392,Kr_Luna,-41.797,-94.774,2489.94,-17.912,-118.332,2493.929,7,-yeoro-,-14.484,-131.669,1,0,0,0,0,0,0,2
78,4,1,2,0,0,0,0,0,0,1,255,255,4,44,2526.553,encounter v,R,32,132,0.463,0.927,0.539,1.698,-36.759,2,0,250,-161.657,12.51,0,0,1,6,7,L,Sabo_10,180,94,0.6,3,83,2527.592,159,13,93,58,28,106,141,100,37.525,-35.874,-0.02,0.035,-0.091,0.204,0,-0.034,-37.062,Pugeuk,-0.059,-16.697,NABIMan,-23.047,-48.027,mochi_2929,-8.037,-63.102,눈꽃,17.846,-42.863,소솨소솨,17.581,-62.521,Yaksok~,42.441,-88.884,-yeoro-,-1.481,-127.709,Kr_Luna,18.391,-111.727,2532.384,57.226,-79.36,2537.273,6,Yaksok~,68.653,-86.861,1,0,0,0,0,0,0,2
79,4,1,3,0,0,0,0,0,1,0,255,7,255,45,2562.464,encounter v,R,26,140,-2.143,-1.47,0.145,1.33,-36.381,1,0,119.232,-200,-22.774,0,0,0,7,8,L,vovopo 보보포,160,90,0.599,0,83,0,0,0,0,0,0,0,0,0,0,0,0,0,0,0,0,0.18,-37.062,Pugeuk,-0.11,-16.758,NABIMan,-21.974,-48.349,mochi_2929,-5.614,-61.273,눈꽃,18.16,-43.178,소솨소솨,16.307,-62.989,Yaksok~,42.757,-88.649,-yeoro-,-1.48,-124.414,Kr_Luna,24.495,-101.594,0,0,0,0,0,,0,0,0,0,0,0,0,0,0,0
80,4,1,3,0,1,0,0,0,1,0,255,7,255,46,2574.645,encounter v,R,26,137,-2.807,-1.492,0.116,1.371,-36.428,3,0,111.701,-200,-17.118,-0.081,-19.826,0,7,8,L,vovopo 보보포,160,90,0.599,0,83,0,0,0,0,0,0,0,0,0,0,0,0,0,0,0,0,0.05,-37.202,Pugeuk,-0.054,-16.642,NABIMan,-22.688,-48.759,mochi_2929,-3.556,-61.95,눈꽃,18.747,-42.173,소솨소솨,15.627,-59.08,Yaksok~,43.167,-89.889,-yeoro-,-1.474,-124.483,Kr_Luna,24.387,-101.638,0,0,0,0,0,,0,0,0,0,0,0,0,0,0,6
81,4,1,3,0,3,0,0,0,1,0,255,7,255,47,2596.083,encounter v,R,26,137,-0.915,1.537,0.252,1.739,-36.658,2,0,142.578,-200,-44.351,0,0,0,7,8,L,vovopo 보보포,160,90,0.599,3,83,2597.149,1,2,6,18,16,4,2,45,26.903,-34.789,0.09,-0.019,-0.011,0,0,-0.265,-37.009,Pugeuk,-0.058,-16.822,NABIMan,-23.299,-48.421,mochi_2929,-6.239,-63,눈꽃,18.279,-42.942,소솨소솨,15.644,-59.073,Yaksok~,40.509,-89.356,-yeoro-,-1.47,-124.448,Kr_Luna,25.505,-104.637,2599.273,12.934,-38.557,2599.373,4,눈꽃,12.059,-37.298,0,0,0,0,0,0,0,1
82,4,1,3,0,0,0,1,0,1,0,255,7,255,48,2625.771,encounter v,R,32,131,-0.505,2.13,0.262,1.894,-36.875,1,0,208.076,-200,-37.039,0,0,0,8,0,L,Pring__,179.952,95,0.401,0,83,0,0,0,0,0,0,0,0,0,0,0,0,0,0,0,0,0.23,-37.386,Pugeuk,0.253,-16.76,NABIMan,-21.732,-48.863,mochi_2929,-5.236,-61.414,눈꽃,18.343,-42.427,소솨소솨,16.239,-59.679,Yaksok~,39.512,-87.725,-yeoro-,4.882,-119.967,Kr_Luna,17.481,-100.374,0,0,0,0,0,,0,0,0,0,0,0,0,0,0,0
83,4,1,3,0,1,0,1,0,1,0,255,7,255,49,2639.124,encounter v,R,10,116,-2.085,0.242,0.236,1.768,-36.578,2,0,-146.317,400,-17.923,0,0,0,8,0,L,Pring__,179.952,95,0.401,3,83,2640.03,132,31,104,125,81,79,150,127,25.381,2.923,0.58,0.027,-0.01,0.014,0,-0.327,-36.793,Pugeuk,-0.004,-16.716,NABIMan,-22.293,-48.243,mochi_2929,-2.907,-61.195,눈꽃,17.385,-43.933,소솨소솨,16.207,-59.693,Yaksok~,39.223,-87.941,-yeoro-,4.855,-119.933,Kr_Luna,-2.027,-98.752,2644.84,13.202,-134.988,2648.695,8,Kr_Luna,19.131,-118.772,1,64,0,0,0,0,0,2
84,4,1,3,0,0,0,2,0,1,0,255,255,255,50,2676.89,encounter v,R,26,128,-0.309,0.036,0.317,1.531,-36.593,0,0,99.819,-200,-29.202,0,0,0,0,6,R,별이__,175,95,0.5,0,83,0,0,0,0,0,0,0,0,0,0,0,0,0,0,0,0,0.073,-37.278,Pugeuk,0.018,-16.719,NABIMan,-23.241,-47.958,mochi_2929,-7.306,-60.419,눈꽃,16.892,-44.576,소솨소솨,13.351,-59.82,Yaksok~,36.404,-87.165,-yeoro-,8.668,-127.425,Kr_Luna,-47.583,-91.064,0,0,0,0,0,,0,0,0,0,0,0,0,0,0,0
85,4,1,3,0,0,1,2,0,1,0,255,255,255,51,2691.33,encounter v,R,26,140,-0.163,-0.828,0.321,1.396,-36.454,0,0,157.737,-200,-40.721,0,0,1,0,6,R,별이__,175,95,0.5,0,83,0,0,0,0,0,0,0,0,0,0,0,0,0,0,0,0,0.126,-37.154,Pugeuk,-0.04,-17.018,NABIMan,-22.164,-46.003,mochi_2929,-8.866,-62.781,눈꽃,18.577,-41.85,소솨소솨,15.734,-62.326,Yaksok~,37.428,-87.791,-yeoro-,0.968,-125.864,Kr_Luna,-47.319,-91.355,0,0,0,0,0,,0,0,0,0,0,0,0,0,0,0
86,4,1,3,0,0,2,2,0,1,0,255,255,255,52,2703.685,encounter v,R,32,137,1.756,1.958,0.464,1.849,-36.843,2,0,250,-200,-30.194,0,0,1,0,6,R,별이__,175,95,0.5,2,83,2704.677,112,20,49,13,0,127,57,57,92.697,-84.871,-0.22,0.052,-0.009,0.069,0,0.095,-37.006,Pugeuk,-0.025,-17.059,NABIMan,-23.904,-48.386,mochi_2929,-10.631,-63.656,눈꽃,16.604,-44.116,소솨소솨,15.348,-62.522,Yaksok~,37.905,-87.921,-yeoro-,1.417,-123.139,Kr_Luna,-47.345,-91.275,2709.118,-24.743,-16.769,0,0,,0,0,0,0,0,0,0,0,0,3
87,4,1,3,0,0,2,2,0,1,0,255,255,255,53,2726.133,encounter v,R,32,138,5.453,4.954,0.385,1.716,-36.828,1,0,245.346,-159.595,-30.398,4.771,-7.901,0,0,6,R,별이__,175,95,0.5,0,83,0,0,0,0,0,0,0,0,0,0,0,0,0,0,0,0,0.043,-34.904,Pugeuk,1.735,-15.303,NABIMan,-20.499,-42.89,mochi_2929,-7.737,-62.522,눈꽃,18.645,-42.852,소솨소솨,15.286,-60.092,Yaksok~,38.207,-86.218,-yeoro-,-0.046,-124.861,Kr_Luna,-45.305,-87.612,0,0,0,0,0,,0,0,0,0,0,0,0,0,0,0
88,4,1,3,0,1,2,2,0,1,0,255,255,255,54,2757.3,encounter v,R,26,140,-0.201,1.293,0.308,1.756,-36.588,1,0,177.143,-200,-18.058,0,0,0,0,6,R,별이__,175,95,0.5,0,83,0,0,0,0,0,0,0,0,0,0,0,0,0,0,0,0,0.008,-37.286,Pugeuk,-0.163,-16.813,NABIMan,-20.742,-45.435,mochi_2929,-8.431,-62.322,눈꽃,18.69,-41.706,소솨소솨,14.985,-63.419,Yaksok~,38.121,-86.889,-yeoro-,1.283,-123.938,Kr_Luna,-45.545,-87.713,0,0,0,0,0,,0,0,0,0,0,0,0,0,0,0
89,4,0,3,0,0,0,0,0,0,0,255,255,255,33,2814.662,Pring__,R,14,94,-2.452,0.031,-0.559,1.688,-36.269,2,0,318.217,333.665,3.407,0,0,0,3,2,L,NABIMan,190,95,0.547,3,34,2815.804,17,8,0,0,34,20,6,26,-17.362,6.393,0.61,-0.073,0.021,0,0,-0.229,-37.498,-라후이-,-0.425,-17.174,白霜らいふ,-19.733,-46.272,ke ro,-9.678,-65.331,인생최패망자,20.513,-46.302,CAT tourniquet,14.521,-62.154,별이__,46.179,-86.495,Sabo_10,-0.535,-110.715,vovopo 보보포,-36.966,-86.8,2815.673,-0.643,-21.217,2817.484,0,Pring__,-2.173,-31.883,0,0,0,0,0,0,0,2
90,4,0,3,0,0,0,1,0,0,0,255,255,255,34,2853.528,Pring__,R,13,95,0.808,-0.613,0.346,1.503,-36.484,0,0,-329.332,323.398,-1.477,0,0,1,4,1,R,Pugeuk,190,92.629,0.547,0,83,0,0,0,0,0,0,0,0,0,0,0,0,0,0,0,0,-0.325,-37.807,-라후이-,0.284,-16.885,白霜らいふ,-20.388,-47.235,ke ro,-13.191,-63.51,인생최패망자,16.989,-47.567,CAT tourniquet,10.113,-65.781,별이__,44.778,-87.663,Sabo_10,-3.954,-109.559,vovopo 보보포,-40.503,-84.2,0,0,0,0,0,,0,0,0,0,0,0,0,0,0,0
91,4,0,3,0,0,1,1,0,0,0,255,255,255,35,2871.717,Pring__,R,14,90,-1.803,-0.186,-0.465,1.645,-36.273,1,0,297.522,343.173,-5.145,0,0,0,4,1,R,Pugeuk,190,92.629,0.547,0,83,0,0,0,0,0,0,0,0,0,0,0,0,0,0,0,0,-0.205,-37.758,-라후이-,-0.111,-16.899,白霜らいふ,-20.835,-46.174,ke ro,-13.807,-63.026,인생최패망자,16.222,-47.566,CAT tourniquet,10.077,-65.788,별이__,43.107,-88.855,Sabo_10,-4.446,-108.938,vovopo 보보포,-40.526,-84.216,0,0,0,0,0,,0,0,0,0,0,0,0,0,0,0
92,4,0,3,0,1,1,1,0,0,0,255,255,255,36,2887.957,Pring__,R,32,128,0.748,-0.773,-0.008,1.259,-36.321,2,0,250,-110.287,3.991,0,0,1,4,1,R,Pugeuk,190,92.629,0.547,3,83,2889.049,131,17,75,82,23,102,140,113,27.863,32.893,0.14,-0.027,-0.079,0.206,0,-0.249,-37.426,-라후이-,0.011,-17.295,白霜らいふ,-20.832,-46.225,ke ro,-14.357,-63.104,인생최패망자,16.486,-47.579,CAT tourniquet,10.007,-65.789,별이__,43.142,-88.909,Sabo_10,-4.56,-113.632,vovopo 보보포,-40.548,-84.237,2893.962,-63.57,-95.974,2895.173,8,vovopo 보보포,-60.82,-92.11,1,0,0,0,0,0,0,2
93,4,0,3,0,0,0,1,0,1,0,255,10,255,37,2932.909,Pring__,R,3,97,0.587,0.413,0.372,1.544,-36.511,0,0,-415.438,0,6.184,0,0,1,5,6,R,Yaksok~,172.9,85.63,0.301,0,83,0,0,0,0,0,0,0,0,0,0,0,0,0,0,0,0,-0.236,-37.637,-라후이-,0.283,-17.114,白霜らいふ,-20.961,-46.896,ke ro,-12.432,-65.089,인생최패망자,15.965,-47.463,CAT tourniquet,7.262,-64.093,별이__,45.063,-94.126,Sabo_10,-3.817,-113.956,vovopo 보보포,-45.921,-85.65,0,0,0,0,0,,0,0,0,0,0,0,0,0,0,0
94,4,0,3,0,0,1,1,0,1,0,255,10,255,38,2968.559,Pring__,R,13,96,1.816,-0.603,0.396,1.525,-36.561,1,0,-316.708,343.959,-8.064,0,0,0,5,6,R,Yaksok~,172.9,85.63,0.301,0,73,0,0,0,0,0,0,0,0,0,0,0,0,0,0,0,0,-0.057,-37.804,-라후이-,0.086,-17.002,白霜らいふ,-21.177,-46.088,ke ro,-12.366,-64.94,인생최패망자,15.853,-47.071,CAT tourniquet,7.298,-65.29,별이__,45.729,-94.236,Sabo_10,-3.074,-110.094,vovopo 보보포,-45.015,-86.779,0,0,0,0,0,,0,0,0,0,0,0,0,0,0,0
95,4,0,3,0,1,1,1,0,1,0,255,10,255,39,2990.066,Pring__,R,32,129,0.093,0.292,-0.066,1.448,-36.329,2,0,241.866,-136.12,15.583,0,0,1,5,6,R,Yaksok~,172.9,85.63,0.301,3,73,2990.982,179,14,65,36,18,133,134,83,20.086,9.247,-0.5,-0.095,-0.074,0.093,0,-0.074,-37.304,-라후이-,0.138,-17.347,白霜らいふ,-21.341,-46.72,ke ro,-12.334,-64.922,인생최패망자,17.058,-47.757,CAT tourniquet,7.297,-65.366,별이__,47.026,-94.668,Sabo_10,-2.426,-111.763,vovopo 보보포,-45.218,-86.673,2995.051,-12.696,-86.839,2999.807,8,vovopo 보보포,-20.093,-117.271,1,0,0,0,0,0,0,2
96,4,0,3,1,0,0,1,0,0,1,255,255,15,40,3036.937,Pring__,R,33,108,2.252,0.85,0.194,1.6,-36.849,1,0,129.019,-14.531,-5.71,0,0,0,6,4,L,눈꽃,190,90,0.496,0,83,0,0,0,0,0,0,0,0,0,0,0,0,0,0,0,0,-0.159,-38.021,-라후이-,0.006,-16.873,白霜らいふ,-21.213,-45.668,ke ro,-8.867,-62.776,인생최패망자,19.464,-44.432,CAT tourniquet,16.773,-63.033,별이__,52.025,-83.873,Sabo_10,-7.123,-109.917,vovopo 보보포,-38.799,-94.399,0,0,0,0,0,,0,0,0,0,0,0,0,0,0,0
97,4,0,3,1,1,0,1,0,0,1,255,255,15,41,3057.166,Pring__,R,32,126,1.412,-0.257,0.035,1.315,-36.356,2,0,250,-102.147,-1.859,0,0,1,6,4,L,눈꽃,190,90,0.496,3,83,3058.412,46,25,95,87,56,89,80,80,31.173,-17.654,0.53,0.014,0.04,0.003,0,-0.133,-37.502,-라후이-,0.274,-16.854,白霜らいふ,-21.056,-47.054,ke ro,-8.887,-62.807,인생최패망자,19.943,-45.502,CAT tourniquet,16.738,-63.034,별이__,51.605,-84.549,Sabo_10,-0.652,-114.109,vovopo 보보포,-39.346,-93.782,3062.44,21.542,-79.491,3064.484,6,별이__,26.182,-93.143,1,0,0,0,0,0,0,2
98,4,0,3,1,0,0,1,1,0,0,13,255,255,42,3116.932,Pring__,R,13,99,0.595,-0.615,0.303,1.517,-36.482,2,0,-337.866,330.258,-2.081,0,0,1,7,5,R,소솨소솨,169,95,0.5,3,83,3118.145,255,19,123,102,65,117,150,125,-23.956,39.614,0.68,-0.01,-0.007,0.08,0,-0.014,-37.442,-라후이-,0.174,-17.254,白霜らいふ,-19.273,-41.809,ke ro,-11.416,-63.479,인생최패망자,15.831,-47.824,CAT tourniquet,10.359,-64.982,별이__,43.735,-96.882,Sabo_10,-5.124,-104.324,vovopo 보보포,-45.824,-87.675,3117.884,-1.156,-22.282,3121.273,8,vovopo 보보포,-51.061,-80.941,1,0,0,0,0,0,0,2
99,4,0,3,2,0,0,1,1,1,0,255,13,255,43,3154.513,Pring__,R,14,97,1.808,-0.45,0.031,1.549,-36.339,4,0,324.694,338.263,-3.822,0,0,1,8,0,R,encounter v,190,95,0.447,3,43,3155.799,166,38,57,119,89,125,136,120,-30,2.307,0.28,-0.055,-0.176,0.025,0,0.058,-37.262,-라후이-,0.419,-17.169,白霜らいふ,-19.636,-42.679,ke ro,-11.878,-62.212,인생최패망자,17.77,-47.47,CAT tourniquet,9.45,-66.112,별이__,40.324,-96.832,Sabo_10,-2.442,-114.768,vovopo 보보포,-48.69,-88.646,3155.595,0.31,-21.223,3156.329,0,Pring__,-0.249,-36.495,1,0,0,0,0,0,0,2
100,4,0,3,4,0,0,1,0,0,1,255,255,9,44,3214.265,Pring__,R,32,127,0.333,-0.691,-0.047,1.307,-36.327,0,0,250,-128.405,2.968,0,0,0,0,7,R,-yeoro-,160,95,0.5,0,83,0,0,0,0,0,0,0,0,0,0,0,0,0,0,0,0,-0.476,-37.871,-라후이-,0.17,-16.984,白霜らいふ,-21.226,-45.701,ke ro,-10.998,-61.942,인생최패망자,15.25,-44.732,CAT tourniquet,9.438,-64.739,별이__,40.712,-95.076,Sabo_10,-2.436,-104.343,vovopo 보보포,-45.394,-86.527,0,0,0,0,0,,0,0,0,0,0,0,0,0,0,0
101,4,0,3,4,0,1,1,0,0,1,255,255,9,45,3232.546,Pring__,R,3,97,0.937,0.127,0.433,1.534,-36.639,2,0,-432.411,97.695,-12.478,0,0,1,0,7,R,-yeoro-,160,95,0.5,2,37,3233.538,255,18,73,70,58,245,141,84,-35.071,42.774,-0.46,-0.017,0.072,0.028,0,-0.115,-37.366,-라후이-,0.102,-16.99,白霜らいふ,-21.611,-45.945,ke ro,-11.631,-65.073,인생최패망자,15.753,-44.862,CAT tourniquet,9.417,-64.74,별이__,40.506,-92.189,Sabo_10,-1.816,-104.965,vovopo 보보포,-45.392,-86.52,3233.284,-0.921,-21.785,3235.128,2,白霜らいふ,-19.048,-41.583,0,256,0,0,0,0,0,2
102,5,1,3,4,0,0,0,0,0,0,255,255,255,55,3283.266,encounter v,R,33,129,1.706,0.926,0.496,1.688,-36.629,2,0,126.068,-120.23,-23.074,0,0,1,2,3,R,ke ro,166.2,84.746,0.313,2,84,3284.295,220,11,110,47,19,192,150,91,28.553,-6.961,-0.34,-0.007,-0.013,0.281,0,-0.076,-36.752,Pugeuk,0.002,-16.89,NABIMan,-24.187,-49.668,mochi_2929,-11.411,-62.149,눈꽃,16.424,-45.055,소솨소솨,14.326,-64.027,Yaksok~,33.306,-83.753,-yeoro-,-4.151,-121.313,Kr_Luna,-28.553,-111.574,3288.851,9.09,-93.956,3289.951,7,-yeoro-,9.846,-100.337,1,0,0,0,0,0,0,2
103,5,1,3,4,0,0,0,0,1,0,255,3,255,56,3322.816,encounter v,R,32,119,0.454,0.553,0.347,1.665,-36.969,2,0,196.8,-92.011,3.086,0,0,1,3,1,R,-라후이-,190,95,0.502,2,84,3323.816,205,13,113,58,29,129,150,127,93.805,-82.044,0.75,0.046,-0.022,0.174,0,-0.2,-37.359,Pugeuk,0.08,-16.76,NABIMan,-22.271,-47.354,mochi_2929,-5.636,-60.018,눈꽃,19.058,-40.513,소솨소솨,4.588,-60.092,Yaksok~,34.306,-84.226,-yeoro-,0.719,-119.714,Kr_Luna,-44.043,-97.609,0,0,0,0,0,,0,0,0,0,0,0,0,0,0,3
104,5,1,3,4,0,1,0,0,1,0,255,3,255,57,3353.013,encounter v,R,26,118,1.22,1.208,0.432,1.766,-36.937,2,1,160.716,-167.541,-29.282,0,0,1,3,1,R,-라후이-,190,95,0.502,2,83,3353.994,229,22,139,96,42,201,150,105,30.328,2.251,-0.11,-0.003,-0.025,0.172,0,-0.048,-36.815,Pugeuk,0.056,-16.417,NABIMan,-22.189,-45.642,mochi_2929,-10.018,-61.664,눈꽃,17.386,-43.853,소솨소솨,7.559,-61.169,Yaksok~,36.577,-83.337,-yeoro-,1.629,-121.106,Kr_Luna,-47.85,-95.091,3359.084,-4.399,-109.752,3359.229,7,-yeoro-,-4.284,-107.662,0,0,0,0,0,0,0,1
105,5,1,3,4,0,0,1,0,0,1,255,255,255,58,3451.295,encounter v,R,32,118,2.625,-2.529,0.329,1.602,-37.335,1,0,200.513,78.011,22.942,0.663,-17.196,0,4,2,R,白霜らいふ,190,99.568,0.7,0,84,0,0,0,0,0,0,0,0,0,0,0,0,0,0,0,0,-0.135,-36.904,Pugeuk,0.033,-16.902,NABIMan,-21.557,-45.477,mochi_2929,-11.389,-64.316,눈꽃,18.813,-41.325,소솨소솨,15.265,-63.885,Yaksok~,38.601,-93.555,-yeoro-,-2.583,-115.787,Kr_Luna,-41.52,-92.602,0,0,0,0,0,,0,0,0,0,0,0,0,0,0,0
106,5,1,3,4,1,0,1,0,0,1,255,255,255,59,3468.176,encounter v,R,34,118,-0.946,-0.002,0.301,1.619,-37.291,0,0,61.567,29.659,26.839,0,0,0,4,2,R,白霜らいふ,190,99.568,0.7,0,84,0,0,0,0,0,0,0,0,0,0,0,0,0,0,0,0,0.032,-37.093,Pugeuk,-0.173,-16.829,NABIMan,-21.111,-46.853,mochi_2929,-11.635,-64.511,눈꽃,18.818,-40.964,소솨소솨,15.345,-62.637,Yaksok~,39.413,-89.884,-yeoro-,-2.557,-115.781,Kr_Luna,-41.514,-92.632,0,0,0,0,0,,0,0,0,0,0,0,0,0,0,0
107,5,1,3,4,1,1,1,0,0,1,255,255,255,60,3524.801,encounter v,R,0,89,0.449,0.539,0.414,1.607,-36.904,0,0,0,0,1.711,0,0,0,4,2,R,白霜らいふ,190,99.568,0.7,0,84,0,0,0,0,0,0,0,0,0,0,0,0,0,0,0,0,-0.023,-37.273,Pugeuk,-0.013,-16.766,NABIMan,-21.986,-46.181,mochi_2929,-11.501,-62.791,눈꽃,18.907,-41.467,소솨소솨,16.446,-63.027,Yaksok~,37.754,-87.151,-yeoro-,-2.407,-115.672,Kr_Luna,-42.977,-88.7,0,0,0,0,0,,0,0,0,0,0,0,0,0,0,0
108,5,1,3,4,1,2,1,0,0,1,255,255,255,61,3541.991,encounter v,R,50,92,-0.19,-0.33,0.511,1.507,-36.944,0,0,20.096,76.145,1.112,0,0,0,4,2,R,白霜らいふ,190,99.568,0.7,0,84,0,0,0,0,0,0,0,0,0,0,0,0,0,0,0,0,0.145,-37.514,Pugeuk,-0.043,-16.818,NABIMan,-20.983,-46.043,mochi_2929,-11.507,-63.256,눈꽃,19.188,-40.936,소솨소솨,14.977,-62.505,Yaksok~,34.979,-87.5,-yeoro-,-2.561,-115.79,Kr_Luna,-42.952,-88.676,0,0,0,0,0,,0,0,0,0,0,0,0,0,0,0
109,5,1,4,4,0,0,2,0,0,0,255,255,255,62,3617.038,encounter v,R,32,131,1.459,0.317,0.424,1.697,-36.705,0,0,204.276,-164.856,-22.009,0,0,0,5,4,R,인생최패망자,190,80,0.4,0,76,0,0,0,0,0,0,0,0,0,0,0,0,0,0,0,0,0.065,-37.235,Pugeuk,0.041,-16.662,NABIMan,-21.345,-45.406,mochi_2929,-11.358,-60.679,눈꽃,16.724,-45.237,소솨소솨,15.264,-63.546,Yaksok~,39.316,-87.073,-yeoro-,-1.064,-117.062,Kr_Luna,-35.086,-107.06,0,0,0,0,0,,0,0,0,0,0,0,0,0,0,0
110,5,1,4,4,0,1,2,0,0,0,255,255,255,63,3636.514,encounter v,R,28,132,0.524,0.855,0.405,1.819,-36.993,2,0,64.368,-94.39,-11.444,0,0,1,5,4,R,인생최패망자,190,80,0.4,3,76,3637.6,232,8,109,75,44,123,150,130,-15.151,-45.195,0.7,0.012,-0.057,0.073,0,0.052,-36.956,Pugeuk,0.033,-16.791,NABIMan,-22.755,-47.694,mochi_2929,-11.576,-61.354,눈꽃,16.722,-46.122,소솨소솨,16.171,-63.27,Yaksok~,36.888,-88.905,-yeoro-,-0.008,-117.169,Kr_Luna,-35.323,-106.965,3637.218,4.614,-25.545,3642.695,6,Yaksok~,60.724,-84.155,1,0,0,0,0,0,0,2
111,5,1,4,4,0,0,2,1,0,0,4,255,255,64,3682.564,encounter v,R,0,77,-1.52,0.442,0.315,1.46,-36.927,1,0,0,0,2.485,0,0,0,6,7,L,Sabo_10,180,94,0.6,0,84,0,0,0,0,0,0,0,0,0,0,0,0,0,0,0,0,0.045,-37.969,Pugeuk,-0.402,-17.433,NABIMan,-17.988,-40.485,mochi_2929,-7.554,-61.412,눈꽃,19.098,-41.161,소솨소솨,16.19,-62.884,Yaksok~,40.944,-88.656,-yeoro-,-0.355,-117.602,Kr_Luna,-38.017,-90.213,0,0,0,0,0,,0,0,0,0,0,0,0,0,0,0
112,5,1,4,4,0,1,2,1,0,0,4,255,255,65,3706.789,encounter v,R,11,83,-1.451,-0.748,0.175,1.436,-36.57,2,0,0,174.516,-7.288,0,0,1,6,7,L,Sabo_10,180,94,0.6,3,84,3708.005,185,10,110,65,45,101,150,122,31.455,-20.911,0.42,0.013,-0.165,0.261,0,-1.684,-36.384,Pugeuk,-0.047,-16.881,NABIMan,-19.445,-39.47,mochi_2929,-2.923,-60.134,눈꽃,17.999,-44.315,소솨소솨,16.541,-62.717,Yaksok~,42.372,-89.274,-yeoro-,1.258,-114.623,Kr_Luna,10.526,-97.462,3712.651,54.765,-112.604,0,0,,0,0,0,0,0,0,0,0,0,4
113,5,1,6,4,0,0,2,0,0,0,255,255,255,66,3753.179,encounter v,R,32,128,1.594,0.656,0.638,1.556,-36.985,1,0,250,-56.032,-3.153,0,0,0,7,8,L,vovopo 보보포,160,90,0.599,0,84,0,0,0,0,0,0,0,0,0,0,0,0,0,0,0,0,-0.104,-37.428,Pugeuk,0.003,-16.62,NABIMan,-20.794,-46.094,mochi_2929,-10.762,-61.849,눈꽃,18.822,-43.802,소솨소솨,17.925,-62.056,Yaksok~,38.779,-87.902,-yeoro-,10.892,-116.346,Kr_Luna,15.297,-94.295,0,0,0,0,0,,0,0,0,0,0,0,0,0,0,0
114,5,1,6,4,1,0,2,0,0,0,255,255,255,67,3767.221,encounter v,R,32,117,13.71,3.461,0.667,1.607,-37.27,1,0,250,-4.717,17.221,5.306,-6.866,0,7,8,L,vovopo 보보포,160,90,0.599,0,84,0,0,0,0,0,0,0,0,0,0,0,0,0,0,0,0,0.102,-36.901,Pugeuk,1.505,-15.045,NABIMan,-20.228,-44.551,mochi_2929,-11.047,-61.863,눈꽃,18.342,-44.11,소솨소솨,17.885,-62.097,Yaksok~,45.694,-89.925,-yeoro-,8.744,-116.827,Kr_Luna,15.138,-94.244,0,0,0,0,0,,0,0,0,0,0,0,0,0,0,0
115,5,1,6,4,2,0,2,0,0,0,255,255,255,68,3782.213,encounter v,R,26,140,-2.349,-0.051,0.365,1.449,-36.567,4,0,138.827,-151.03,-7.072,-0.048,-20.172,1,7,8,L,vovopo 보보포,160,90,0.599,0,84,0,0,0,0,0,0,0,0,0,0,0,0,0,0,0,0,0.333,-37.438,Pugeuk,-0.053,-17.292,NABIMan,-21.03,-46.64,mochi_2929,-11.032,-61.917,눈꽃,18.341,-44.088,소솨소솨,17.94,-62.084,Yaksok~,45.224,-82.904,-yeoro-,8.758,-116.834,Kr_Luna,15.126,-94.225,0,0,0,0,0,,0,0,0,0,0,0,0,0,0,0
116,5,1,6,4,2,1,2,0,0,0,255,255,255,69,3800.366,encounter v,R,27,127,-0.931,1.688,0.443,1.672,-36.866,2,0,135.5,-141.926,-11.673,0,0,1,7,8,L,vovopo 보보포,160,90,0.599,3,84,3801.442,222,16,104,88,50,176,150,86,52.267,28.732,-0.49,-0.001,-0.013,0.161,0,-0.022,-36.93,Pugeuk,0.09,-16.776,NABIMan,-22.628,-47.49,mochi_2929,-11.2,-62.328,눈꽃,17.65,-44.161,소솨소솨,17.863,-62.156,Yaksok~,45.436,-84.979,-yeoro-,8.708,-116.82,Kr_Luna,15.957,-94.097,0,0,0,3806.384,3,mochi_2929,-31.028,-65.172,0,0,0,0,0,0,0,1
117,5,0,6,4,0,0,0,0,0,0,255,255,255,46,3857.841,Pring__,R,14,89,-1.499,0.428,-0.422,1.818,-36.435,2,0,284.979,354.881,-1.302,0,0,1,1,3,L,mochi_2929,173.7,94,0.453,3,83,3859.125,140,22,141,78,29,221,150,95,23.413,3.86,-0.29,0.016,0.044,0.076,0,-0.188,-37.39,-라후이-,-0.248,-17.206,白霜らいふ,-22.009,-48.357,ke ro,-9.45,-63.774,인생최패망자,20.451,-46.128,CAT tourniquet,13.138,-64.624,별이__,48.86,-85.722,Sabo_10,-2.636,-101.581,vovopo 보보포,-42.792,-86.263,3863.529,2.713,-104.178,3869.462,7,Sabo_10,4.709,-131.279,1,0,0,0,0,0,0,2
118,5,0,6,4,0,0,0,0,0,1,255,255,12,47,3909.805,Pring__,R,14,90,0.91,-0.548,-0.068,1.617,-36.389,2,0,262.093,383.908,-4.581,0,0,1,2,8,L,Kr_Luna,164.2,89.641,0.497,2,83,3910.894,255,18,118,29,31,248,147,104,30.769,-27.947,0.12,-0.039,0.013,0.221,0,0.019,-37.484,-라후이-,0.376,-17.484,白霜らいふ,-21.129,-46.229,ke ro,-6.83,-62.524,인생최패망자,19.178,-44.109,CAT tourniquet,16.411,-63.2,별이__,48.432,-81.403,Sabo_10,0.258,-101.615,vovopo 보보포,-30.929,-85.296,3915.251,39.941,-98.794,3918.84,6,별이__,45.306,-109.142,1,0,0,0,0,0,0,2
119,5,0,6,5,0,0,0,0,0,1,255,255,17,48,3960.191,Pring__,R,32,122,1.053,0.444,0.028,1.492,-36.504,2,0,203.082,-113.981,0.314,0,0,1,2,0,R,NABIMan,190,95,0.527,3,83,3961.134,163,17,111,83,46,174,150,104,42.407,-14.46,-0.14,-0.079,0.033,0.117,0,-0.089,-37.231,-라후이-,0.199,-17.285,白霜らいふ,-21.017,-46.461,ke ro,-11.659,-61.765,인생최패망자,15.859,-45.827,CAT tourniquet,7.865,-66.08,별이__,42.125,-95.335,Sabo_10,-1.833,-102.559,vovopo 보보포,-42.404,-82.401,3966.207,8.164,-100.48,3966.406,7,Sabo_10,8.097,-99.339,0,0,0,0,0,0,0,1
120,5,0,6,6,0,0,1,0,0,0,255,255,255,49,4006.567,Pring__,R,14,93,-1.041,-0.216,-0.376,1.616,-36.344,0,0,324.61,320.288,12.691,0,0,1,3,1,R,Pugeuk,190,92.629,0.547,0,66,0,0,0,0,0,0,0,0,0,0,0,0,0,0,0,0,-0.303,-37.666,-라후이-,0.096,-16.992,白霜らいふ,-21.878,-47.452,ke ro,-11.636,-62.746,인생최패망자,17.123,-47.81,CAT tourniquet,8.979,-66.269,별이__,41.219,-99.895,Sabo_10,-1.065,-105.725,vovopo 보보포,-42.143,-84.617,0,0,0,0,0,,0,0,0,0,0,0,0,0,0,0
121,5,0,6,6,0,1,1,0,0,0,255,255,255,50,4023.614,Pring__,R,3,98,-2.493,-0.134,-0.078,1.5,-36.344,4,0,-403.67,136.576,8.53,0,0,1,3,1,R,Pugeuk,190,92.629,0.547,0,66,0,0,0,0,0,0,0,0,0,0,0,0,0,0,0,0,-0.283,-37.695,-라후이-,-0.294,-16.897,白霜らいふ,-21.873,-47.449,ke ro,-12.063,-62.405,인생최패망자,17.115,-47.655,CAT tourniquet,9.651,-66.037,별이__,41.63,-100.157,Sabo_10,-1.584,-107.515,vovopo 보보포,-40.839,-85.614,0,0,0,0,0,,0,0,0,0,0,0,0,0,0,0
122,5,0,6,6,0,2,1,0,0,0,255,255,255,51,4042.783,Pring__,R,26,127,-0.463,0.767,-0.09,1.532,-36.302,0,0,150.989,-200,21.467,0,0,1,3,1,R,Pugeuk,190,92.629,0.547,0,66,0,0,0,0,0,0,0,0,0,0,0,0,0,0,0,0,-0.357,-37.926,-라후이-,0.107,-16.6,白霜らいふ,-21.884,-47.46,ke ro,-12.043,-62.444,인생최패망자,16.225,-48.499,CAT tourniquet,9.377,-65.561,별이__,41.083,-101.221,Sabo_10,-1.707,-109.481,vovopo 보보포,-41.362,-85.941,0,0,0,0,0,,0,0,0,0,0,0,0,0,0,0
123,5,0,6,6,0,0,2,0,0,0,255,255,255,52,4070.406,Pring__,R,32,124,0.844,0.766,-0.006,1.52,-36.554,2,0,250,-135.716,-2.512,0,0,1,4,6,R,Yaksok~,172.9,85.63,0.301,3,73,4071.298,175,20,129,66,36,158,150,117,25.094,-22.854,0.46,-0.141,-0.123,0.163,0,-0.506,-37.094,-라후이-,-0.436,-17.004,白霜らいふ,-21.61,-47.072,ke ro,-12.51,-60.689,인생최패망자,16.935,-49.321,CAT tourniquet,9.444,-65.145,별이__,42.696,-100.084,Sabo_10,-2.411,-109.796,vovopo 보보포,-42.026,-85.818,4077.973,27.136,-112.353,4078.64,7,Sabo_10,25.542,-111.504,1,0,0,0,0,0,0,2
124,5,0,6,6,0,0,2,0,0,1,255,255,15,53,4123.589,Pring__,R,14,89,-1.843,0.313,-0.47,1.788,-36.36,2,0,292.013,346.035,3.551,0,0,1,5,4,L,눈꽃,190,90,0.496,3,83,4124.808,148,11,98,85,61,106,150,119,28.182,18.249,0.83,-0.005,0.019,0.008,0,-0.086,-37.533,-라후이-,0.113,-17.14,白霜らいふ,-23.126,-48.971,ke ro,-8.77,-65.946,인생최패망자,19.359,-45.112,CAT tourniquet,15.437,-61.917,별이__,45.277,-93.737,Sabo_10,-0.067,-108.23,vovopo 보보포,-35.262,-91.098,4128.429,-29.398,-111.851,4131.118,7,Sabo_10,-25.357,-121.218,1,0,0,0,0,0,0,2
125,5,0,6,7,0,0,2,0,1,0,255,13,255,54,4161.298,Pring__,R,32,124,6.674,4.907,0.003,1.512,-36.49,2,0,224.158,-134.903,-1.682,0,0,1,6,5,R,소솨소솨,169,95,0.5,3,59,4162.341,255,11,124,84,23,193,150,89,90,90,-0.5,0.027,-0.077,0.219,0,-0.122,-36.931,-라후이-,0.189,-17.218,白霜らいふ,-23.185,-47.885,ke ro,-13.241,-61.115,인생최패망자,16.129,-47.654,CAT tourniquet,9.909,-65.882,별이__,40.179,-97.092,Sabo_10,-1.028,-111.647,vovopo 보보포,-41.108,-83.718,4167.896,43.174,-12.887,0,0,,0,0,0,0,0,0,0,0,0,3
126,5,0,6,7,0,1,2,0,1,0,255,13,255,55,4185.931,Pring__,R,14,94,1.515,-0.657,-0.016,1.532,-36.416,4,0,321.147,329.798,-6.928,0.505,-17.596,1,6,5,R,소솨소솨,169,95,0.5,0,59,0,0,0,0,0,0,0,0,0,0,0,0,0,0,0,0,-0.498,-37.685,-라후이-,0.573,-17.546,白霜らいふ,-22.689,-48.228,ke ro,-12.383,-63.431,인생최패망자,17.043,-47.458,CAT tourniquet,8.343,-64.923,별이__,43.939,-92.212,Sabo_10,-1.259,-112.189,vovopo 보보포,-44.459,-85.23,0,0,0,0,0,,0,0,0,64,0,0,0,0,0,0
127,5,0,6,7,0,2,2,0,0,1,255,255,13,56,4215.246,Pring__,R,26,122,0.27,-0.958,-0.127,1.548,-36.396,0,0,159.758,-160.181,3.216,0,0,1,6,5,R,소솨소솨,169,95,0.5,3,59,4216.285,255,14,119,71,27,147,150,89,49.293,8.222,-0.5,-0.05,-0.049,0.248,0,-0.377,-37.437,-라후이-,-0.081,-17.119,白霜らいふ,-22.857,-48.329,ke ro,-11.857,-63.15,인생최패망자,15.795,-47.755,CAT tourniquet,9.446,-64.778,별이__,45.268,-97.839,Sabo_10,-1.071,-109.056,vovopo 보보포,-42.992,-85.586,4221.362,-8.881,-76.59,4221.529,5,CAT tourniquet,-8.654,-75.119,0,0,0,0,0,0,0,1
128,6,1,6,7,0,0,0,0,0,0,255,255,255,70,4315.433,NABIMan,R,33,119,1.263,-0.056,0.07,1.898,-36.64,0,0,131.417,-122.844,0.237,0,0,0,8,0,L,Pring__,179.952,95,0.401,0,83,0,0,0,0,0,0,0,0,0,0,0,0,0,0,0,0,-0.227,-37.086,Pugeuk,-0.093,-16.639,encounter v,-22.834,-50.196,ByeolBam,-12.251,-63.933,눈꽃,18.481,-46.048,소솨소솨,15.037,-64.234,Yaksok~,34.948,-90.148,-yeoro-,-2.21,-118.952,Kr_Luna,-35.359,-96.284,0,0,0,0,0,,0,0,0,0,0,0,0,0,0,0
129,6,1,6,7,0,1,0,0,0,0,255,255,255,71,4327.503,NABIMan,R,3,102,0.427,-0.425,0.252,1.878,-36.974,0,0,-457.487,0,4.766,-0.326,-17.02,0,8,0,L,Pring__,179.952,95,0.401,0,83,0,0,0,0,0,0,0,0,0,0,0,0,0,0,0,0,-0.485,-36.936,Pugeuk,-0.135,-16.689,encounter v,-22.284,-49.51,ByeolBam,-13.47,-64.316,눈꽃,17.878,-46.296,소솨소솨,15.327,-64.473,Yaksok~,34.401,-90.908,-yeoro-,-2.16,-118.938,Kr_Luna,-35.169,-96.659,0,0,0,0,0,,0,0,0,0,0,0,0,0,0,0
130,6,1,6,7,0,2,0,0,0,0,255,255,255,72,4344.059,NABIMan,R,26,125,-0.191,-1.273,-0.064,1.666,-36.463,4,0,144.858,-200,-2.466,0,0,0,8,0,L,Pring__,179.952,95,0.401,0,83,0,0,0,0,0,0,0,0,0,0,0,0,0,0,0,0,-0.61,-37.135,Pugeuk,-0.156,-16.672,encounter v,-22.231,-49.516,ByeolBam,-13.889,-64.27,눈꽃,18.305,-45.562,소솨소솨,15.902,-62.257,Yaksok~,34.276,-90.895,-yeoro-,-2.174,-118.937,Kr_Luna,-35.166,-96.673,0,0,0,0,0,,0,0,0,0,0,0,0,0,0,0
131,6,1,6,7,0,0,1,0,0,0,255,255,255,73,4364.09,NABIMan,R,10,113,0.431,-0.968,0.04,1.936,-36.608,2,0,0,400,4.891,0,0,1,0,6,R,별이__,175,95,0.5,2,83,4365.059,161,14,104,56,64,129,146,128,-2.767,35.52,0.38,0.013,-0.022,0.078,0,-0.712,-36.904,Pugeuk,-0.076,-16.665,encounter v,-23.642,-51.035,ByeolBam,-14.113,-64.318,눈꽃,17.798,-46.999,소솨소솨,15.484,-64.102,Yaksok~,34.43,-89.468,-yeoro-,-2.144,-118.974,Kr_Luna,-42.905,-91.745,4364.762,-6.324,-29.367,4366.029,2,encounter v,-20.78,-49.163,0,0,0,0,0,0,0,2
132,6,1,6,7,0,0,2,0,0,0,255,255,255,74,4390.688,NABIMan,R,26,125,0.216,-0.349,-0.007,1.831,-36.552,0,0,82.198,-200,1.2,0,0,1,1,5,L,CAT tourniquet,169.9,94.945,0.357,0,83,0,0,0,0,0,0,0,0,0,0,0,0,0,0,0,0,-0.124,-37.592,Pugeuk,-0.026,-16.758,encounter v,-22.581,-50.04,ByeolBam,-12.477,-64.95,눈꽃,16.817,-41.973,소솨소솨,14.945,-61.762,Yaksok~,35.306,-87.29,-yeoro-,2.904,-115.408,Kr_Luna,17.378,-111.39,0,0,0,0,0,,0,0,0,0,0,0,0,0,0,0
133,6,1,6,7,0,1,2,0,0,0,255,255,255,75,4467.368,NABIMan,R,1,105,-3.573,-1.576,-0.069,1.796,-36.529,4,0,0,0,1.378,-0.849,-17.757,1,1,5,L,CAT tourniquet,169.9,94.945,0.357,0,83,0,0,0,0,0,0,0,0,0,0,0,0,0,0,0,0,0.062,-37.265,Pugeuk,-0.303,-16.828,encounter v,-22.438,-48.766,ByeolBam,-12.092,-65.294,눈꽃,18.006,-44.78,소솨소솨,16.463,-61.653,Yaksok~,-39.656,-87.316,-yeoro-,-3.18,-118.582,Kr_Luna,15.709,-108.54,0,0,0,0,0,,0,0,0,0,0,0,0,0,0,0
134,6,1,6,7,0,2,2,0,0,0,255,255,255,76,4485.404,NABIMan,R,26,136,-0.474,-1.578,-0.046,1.649,-36.255,2,0,5.795,-200,10.533,0,0,1,1,5,L,CAT tourniquet,169.9,94.945,0.357,2,83,4486.31,109,16,87,71,36,136,140,126,-30,31.873,0.56,0.039,-0.04,0.114,0,-0.358,-36.475,Pugeuk,-0.002,-16.653,encounter v,-22.884,-49.586,ByeolBam,-13.298,-64.787,눈꽃,17.15,-43.316,소솨소솨,17.084,-62.489,Yaksok~,-39.475,-84.251,-yeoro-,-3.052,-118.579,Kr_Luna,42.111,-100.659,4485.673,-0.412,-20.172,4488.451,6,Yaksok~,-34.44,-74.781,0,2,0,0,0,0,0,2
135,6,0,6,7,0,0,0,0,0,0,255,255,255,57,4556.705,Sabo_10,L,3,124,2.159,-0.198,-0.321,1.479,-36.702,2,0,368.858,0,-6.557,0,0,1,7,3,R,ByeolBam,175,90.496,0.496,3,69,4557.602,143,17,102,84,62,93,150,92,-41.962,-34.813,-0.46,-0.045,-0.099,0.039,0,0.106,-37.27,-라후이-,0.192,-16.894,白霜らいふ,-20.77,-45.583,ke ro,-14.471,-63.741,인생최패망자,17.398,-48.839,CAT tourniquet,7.724,-65.755,별이__,37.213,-91.209,Pring__,0.27,-113.329,vovopo 보보포,-39.14,-88.822,4556.995,1.033,-21.022,4558.773,4,인생최패망자,15.86,-42.289,0,0,0,0,0,0,0,2
136,6,0,6,7,0,0,1,0,0,0,255,255,255,58,4584.972,Sabo_10,L,3,127,3.598,-0.322,-0.078,1.429,-36.681,2,0,346.576,0,-11.036,0,0,0,8,2,R,encounter v,190,95,0.447,3,83,4586.014,166,17,91,32,0,119,139,93,38.339,-1.494,-0.53,-0.033,-0.071,0.127,0,-0.023,-37.156,-라후이-,0.17,-16.901,白霜らいふ,-22.619,-47.712,ke ro,-12.081,-63.497,인생최패망자,17.198,-48.127,CAT tourniquet,9.136,-64.253,별이__,39.973,-92.766,Pring__,0.171,-116.995,vovopo 보보포,-44.229,-91.085,4590.484,1.161,-91.072,4591.229,7,Pring__,1.175,-95.822,1,0,0,0,0,0,0,2
137,6,0,6,7,0,0,1,0,1,0,255,9,255,59,4641.382,Sabo_10,L,3,129,2.712,-1.159,-0.254,1.389,-36.727,1,0,372.015,0,-9.869,1.114,-16.309,0,0,7,R,-yeoro-,160,95,0.5,0,82,0,0,0,0,0,0,0,0,0,0,0,0,0,0,0,0,-0.457,-37.472,-라후이-,0.096,-16.987,白霜らいふ,-21.491,-45.913,ke ro,-12.909,-62.312,인생최패망자,17.328,-45.27,CAT tourniquet,4.027,-62.582,별이__,39.845,-94.326,Pring__,0.008,-101.985,vovopo 보보포,-43.23,-91.817,0,0,0,0,0,,0,0,0,0,0,0,0,0,0,0
138,6,0,6,7,1,0,1,0,1,0,255,9,255,60,4666.344,Sabo_10,L,33,127,1.511,-0.857,-0.13,1.402,-36.699,1,0,-136.805,-55.578,-16.487,0,0,0,0,7,R,-yeoro-,160,95,0.5,0,82,0,0,0,0,0,0,0,0,0,0,0,0,0,0,0,0,-0.274,-37.308,-라후이-,0.219,-16.926,白霜らいふ,-21.332,-46.162,ke ro,-12.92,-62.28,인생최패망자,17.875,-44.355,CAT tourniquet,-0.024,-59.315,별이__,37.018,-93.979,Pring__,0.037,-101.988,vovopo 보보포,-44.731,-90.928,0,0,0,0,0,,0,0,0,0,0,0,0,0,0,0
139,6,0,6,7,2,0,1,0,1,0,255,9,255,61,4685.918,Sabo_10,L,32,140,0.511,0.239,-0.186,1.498,-36.752,0,0,-214.991,-93.46,-23.062,0,0,0,0,7,R,-yeoro-,160,95,0.5,0,82,0,0,0,0,0,0,0,0,0,0,0,0,0,0,0,0,-0.436,-37.299,-라후이-,0.139,-17.16,白霜らいふ,-21.681,-47.666,ke ro,-12.915,-62.272,인생최패망자,16.901,-44.518,CAT tourniquet,1.163,-59.956,별이__,38.499,-92.548,Pring__,0.017,-101.989,vovopo 보보포,-43.505,-91.794,0,0,0,0,0,,0,0,0,0,0,0,0,0,0,0
140,6,0,6,7,2,1,1,0,0,1,255,255,11,62,4705.43,Sabo_10,L,32,137,1.061,0.178,-0.293,1.552,-36.73,2,0,-150.041,-66.115,-10.501,0,0,1,0,7,R,-yeoro-,160,95,0.5,2,82,4706.358,104,4,59,21,12,169,85,75,30.024,48.855,0.1,0.007,-0.026,0.237,0,-0.24,-37.067,-라후이-,0.11,-17.086,白霜らいふ,-21.697,-47.646,ke ro,-12.809,-62.178,인생최패망자,15.718,-46.696,CAT tourniquet,9.062,-65.034,별이__,40.848,-101.828,Pring__,-0.029,-102.216,vovopo 보보포,-44.012,-92.148,4708.929,-40.349,-49.387,0,0,,0,0,0,0,0,0,0,0,0,3
141,6,0,6,7,2,2,1,0,0,1,255,255,11,63,4729.662,Sabo_10,L,32,137,0.655,-0.005,-0.371,1.525,-36.782,2,0,-159.25,-61.41,-9.463,0,0,1,0,7,R,-yeoro-,160,95,0.5,2,82,4730.44,190,10,84,30,17,246,139,83,26.933,-15.83,-0.45,0.049,0.027,0.136,0,-0.092,-37.294,-라후이-,-0.019,-17.247,白霜らいふ,-22.313,-48.257,ke ro,-12.953,-63.519,인생최패망자,16.126,-43.496,CAT tourniquet,6.529,-63.181,별이__,41.178,-94.88,Pring__,0.055,-102.146,vovopo 보보포,-47.617,-89.308,4734.284,22.318,-83.28,4735.229,6,별이__,23.892,-87.635,1,0,0,0,0,0,0,2
142,6,0,6,8,0,0,1,1,0,0,16,255,255,64,4791.966,Sabo_10,L,3,128,4.001,-1.929,-0.142,1.286,-36.73,1,0,403.416,0,-5.253,1.151,-16.679,0,1,8,L,Kr_Luna,164.2,89.641,0.497,0,82,0,0,0,0,0,0,0,0,0,0,0,0,0,0,0,0,-0.299,-37.482,-라후이-,0.587,-17.124,白霜らいふ,-19.275,-42.159,ke ro,-7.507,-61.982,인생최패망자,19.012,-43.107,CAT tourniquet,16.669,-61.448,별이__,45.364,-97.301,Pring__,9.336,-121.992,vovopo 보보포,-29.973,-100.451,0,0,0,0,0,,0,0,0,0,0,0,0,0,0,0
143,6,0,6,8,1,0,1,1,0,0,16,255,255,65,4811.142,Sabo_10,L,3,122,-0.238,-0.13,-0.535,1.494,-36.783,2,0,374.224,0,-4.929,0,0,1,1,8,L,Kr_Luna,164.2,89.641,0.497,2,82,4811.9,255,18,121,38,35,255,150,114,6.573,16.066,0.77,0.04,-0.014,0.368,0,0.027,-37.116,-라후이-,-0.069,-17.217,白霜らいふ,-19.735,-43.505,ke ro,-6.95,-62.685,인생최패망자,19.849,-46.071,CAT tourniquet,15.252,-62.186,별이__,45.992,-97.858,Pring__,9.225,-122.387,vovopo 보보포,-29.949,-100.446,0,0,0,4813.029,3,ke ro,-11.402,-60.377,0,0,0,0,0,0,0,1
144,7,1,6,8,0,0,0,0,0,0,255,255,255,77,4849.405,NABIMan,R,33,118,2.761,0.236,0.203,1.962,-37.089,2,0,137.28,-56.05,1.461,0,0,1,2,3,R,ke ro,166.2,84.746,0.313,2,82,4850.36,155,15,106,69,37,206,150,90,20.791,-19.026,-0.39,-0.007,-0.02,0.244,0,-0.658,-36.56,Pugeuk,-0.013,-16.445,encounter v,-23.431,-49.259,ByeolBam,-13.553,-64.205,눈꽃,16.12,-45.683,소솨소솨,14.056,-65.527,Yaksok~,36.443,-86.62,-yeoro-,0.313,-110.921,Kr_Luna,-33.688,-102.626,4853.773,29.432,-86.259,4853.884,6,Yaksok~,28.192,-83.697,0,0,0,0,0,0,0,1
145,7,1,6,8,0,0,1,0,0,0,255,255,255,78,4872.202,NABIMan,R,33,124,3.731,0.677,0.288,2.028,-36.863,3,0,132.548,-118.965,-2.98,0.29,-21.124,0,3,1,R,-라후이-,190,95,0.502,0,81,0,0,0,0,0,0,0,0,0,0,0,0,0,0,0,0,-0.084,-37.352,Pugeuk,0.016,-16.482,encounter v,-24.303,-51.765,ByeolBam,-13.442,-64.911,눈꽃,18.446,-45.278,소솨소솨,13.675,-63.597,Yaksok~,36.714,-87.082,-yeoro-,-4.878,-116.426,Kr_Luna,-44.555,-92.704,0,0,0,0,0,,0,0,0,0,0,0,0,0,0,6
146,7,1,6,8,2,0,1,0,0,0,255,255,255,79,4887.883,NABIMan,R,26,133,1.085,-0.035,0.056,1.881,-36.588,2,0,154.568,-200,4.387,0,0,1,3,1,R,-라후이-,190,95,0.502,2,81,4888.726,255,15,98,98,69,113,150,130,32.207,-4.602,0.55,0.006,-0.065,0.048,0,-0.323,-36.557,Pugeuk,-0.033,-16.471,encounter v,-24.217,-51.683,ByeolBam,-13.49,-64.949,눈꽃,18.393,-44.672,소솨소솨,15.475,-63.593,Yaksok~,35.886,-86.768,-yeoro-,-5.414,-116.723,Kr_Luna,-44.523,-92.794,4893.906,7.001,-132.723,4897.362,7,-yeoro-,6.695,-120.856,1,0,0,0,0,0,0,2
147,7,1,7,8,0,0,1,0,0,0,255,255,255,80,4955.06,NABIMan,R,32,126,2.619,0.246,0.19,1.96,-36.729,1,0,161.914,-113.263,1.639,0,0,0,4,2,R,白霜らいふ,190,99.568,0.7,0,81,0,0,0,0,0,0,0,0,0,0,0,0,0,0,0,0,-0.381,-37.602,Pugeuk,0.078,-16.54,encounter v,-23.848,-51.425,ByeolBam,-11.742,-65.703,눈꽃,18.286,-41.057,소솨소솨,13.95,-64.042,Yaksok~,34,-89.475,-yeoro-,-0.201,-122.242,Kr_Luna,-37.977,-89.655,0,0,0,0,0,,0,0,0,0,0,0,0,0,0,0
148,7,1,7,8,1,0,1,0,0,0,255,255,255,81,4967.648,NABIMan,R,1,105,-1.774,-1.96,-0.118,1.77,-36.442,4,0,0,0,-0.144,-0.329,-19.059,0,4,2,R,白霜らいふ,190,99.568,0.7,0,81,0,0,0,0,0,0,0,0,0,0,0,0,0,0,0,0,-0.106,-37.69,Pugeuk,-0.169,-16.662,encounter v,-23.762,-51.403,ByeolBam,-12.302,-65.444,눈꽃,19.156,-40.641,소솨소솨,15.001,-64.765,Yaksok~,34.586,-88.103,-yeoro-,-0.853,-122.214,Kr_Luna,-37.977,-89.654,0,0,0,0,0,,0,0,0,0,0,0,0,0,0,0
149,7,1,7,8,1,1,1,0,0,0,255,255,255,82,4979.719,NABIMan,R,1,102,-2.466,-1.528,-0.055,1.766,-36.431,4,0,0,0,-0.449,0,0,1,4,2,R,白霜らいふ,190,99.568,0.7,0,81,0,0,0,0,0,0,0,0,0,0,0,0,0,0,0,0,0.053,-37.433,Pugeuk,-0.335,-16.738,encounter v,-23.881,-51.472,ByeolBam,-12.619,-65.201,눈꽃,18.598,-40.89,소솨소솨,14.28,-63.531,Yaksok~,34.189,-86.718,-yeoro-,-0.835,-122.218,Kr_Luna,-37.995,-89.673,0,0,0,0,0,,0,0,0,0,0,0,0,0,0,0
150,7,1,7,8,1,2,1,0,0,0,255,255,255,83,4991.353,NABIMan,R,1,105,-0.606,-1.665,-0.077,1.808,-36.557,4,0,0,0,-0.399,0,0,1,4,2,R,白霜らいふ,190,99.568,0.7,0,81,0,0,0,0,0,0,0,0,0,0,0,0,0,0,0,0,-0.461,-38.116,Pugeuk,-0.034,-16.744,encounter v,-24.011,-49.541,ByeolBam,-12.626,-65.204,눈꽃,19.187,-41.922,소솨소솨,14.935,-63.933,Yaksok~,33.985,-85.411,-yeoro-,-0.632,-122.243,Kr_Luna,-37.975,-89.655,0,0,0,0,0,,0,0,0,0,0,0,0,0,0,0
151,7,1,7,8,0,0,2,0,0,0,255,255,255,84,5014.558,NABIMan,R,0,99,-0.734,-1.106,-0.068,1.74,-36.366,1,0,0,0,-6.935,0,0,0,5,4,R,인생최패망자,190,80,0.4,0,81,0,0,0,0,0,0,0,0,0,0,0,0,0,0,0,0,-0.338,-37.678,Pugeuk,-0.105,-16.856,encounter v,-23.578,-51.161,ByeolBam,-12.685,-65.297,눈꽃,18.825,-43.381,소솨소솨,15.668,-63.078,Yaksok~,34.698,-88.202,-yeoro-,-0.619,-121.804,Kr_Luna,-37.992,-89.652,0,0,0,0,0,,0,0,0,0,0,0,0,0,0,0
152,7,1,7,8,0,1,2,0,0,0,255,255,255,85,5028.001,NABIMan,R,5,102,-1.582,-0.643,-0.096,1.828,-36.412,4,0,-120.077,0,-4.668,0,0,1,5,4,R,인생최패망자,190,80,0.4,0,81,0,0,0,0,0,0,0,0,0,0,0,0,0,0,0,0,-0.194,-37.53,Pugeuk,-0.181,-16.95,encounter v,-23.512,-51.144,ByeolBam,-13.549,-64.972,눈꽃,18.887,-42.16,소솨소솨,15.661,-63.068,Yaksok~,34.25,-87.906,-yeoro-,-2.095,-121.72,Kr_Luna,-38.269,-93.448,0,0,0,0,0,,0,0,0,0,0,0,0,0,0,0
153,7,1,7,8,0,2,2,0,0,0,255,255,255,86,5043.958,NABIMan,R,0,109,0.04,-0.732,0.005,1.801,-36.598,2,0,-4.169,0,-1.102,0,0,1,5,4,R,인생최패망자,190,80,0.4,3,75,5045.081,201,15,126,101,45,105,150,128,27.797,-46.414,0.7,-0.06,-0.132,0.046,0,-0.578,-36.429,Pugeuk,-0.119,-16.873,encounter v,-23.487,-51.036,ByeolBam,-13.324,-64.904,눈꽃,20.304,-44.589,소솨소솨,15.923,-63.363,Yaksok~,33.445,-86.693,-yeoro-,-4.593,-125.963,Kr_Luna,-30.268,-108.447,5049.429,86.266,-101.883,0,0,,0,0,0,0,0,0,0,0,0,3
154,7,1,7,8,0,2,2,0,0,0,255,255,255,87,5063.234,NABIMan,R,13,115,-3.851,-1.018,-0.285,1.84,-36.551,2,0,-203.349,257.274,1.922,0,0,1,5,4,R,인생최패망자,190,80,0.4,3,75,5064.343,109,15,107,78,71,151,141,102,25.089,24.607,0.94,-0.147,-0.114,0.068,0,-0.495,-36.66,Pugeuk,-0.729,-16.814,encounter v,-23.958,-50.339,ByeolBam,-14.628,-64.139,눈꽃,17.035,-44.695,소솨소솨,16.764,-62.41,Yaksok~,34.488,-86.249,-yeoro-,4.231,-122.62,Kr_Luna,-32.993,-110.665,5068.384,-49.259,-95.249,5070.618,8,Kr_Luna,-53.066,-100.298,1,0,0,0,0,0,0,2
155,7,1,7,8,0,0,2,0,1,0,255,4,255,88,5096.764,NABIMan,R,1,107,-2.117,-1.874,-0.024,1.797,-36.535,4,0,0,0,-0.191,-0.65,-16.749,1,6,0,L,Sabo_10,180,94,0.6,0,81,0,0,0,0,0,0,0,0,0,0,0,0,0,0,0,0,0.061,-37.295,Pugeuk,-0.152,-16.945,encounter v,-22.637,-48.671,ByeolBam,-13.008,-63.689,눈꽃,19.157,-40.145,소솨소솨,16.893,-62.752,Yaksok~,37.601,-87.984,-yeoro-,-5.156,-123.722,Kr_Luna,-5.393,-108,0,0,0,0,0,,0,0,0,0,0,0,0,0,0,0
156,7,1,7,8,0,1,2,0,1,0,255,4,255,89,5108.912,NABIMan,R,1,99,-2.911,-0.795,0.027,1.921,-36.416,2,0,0,0,-2.305,0,0,1,6,0,L,Sabo_10,180,94,0.6,3,81,5110.116,154,15,112,71,65,148,150,104,25.395,2.676,0.93,-0.004,-0.163,0.194,0,-0.575,-36.501,Pugeuk,-0.085,-16.854,encounter v,-22.459,-48.441,ByeolBam,-13.177,-63.469,눈꽃,18.079,-42.434,소솨소솨,16.875,-62.777,Yaksok~,36.775,-85.961,-yeoro-,-5.286,-123.513,Kr_Luna,20.432,-111.665,5113.973,10.544,-108.174,5114.24,8,Kr_Luna,10.372,-107.45,1,0,0,0,0,0,0,2
157,7,1,8,8,0,0,2,1,0,0,0,255,255,90,5141.186,NABIMan,R,0,98,-1.699,-0.747,-0.158,1.849,-36.41,1,0,0,0,-12.511,0,0,0,7,8,L,vovopo 보보포,160,90,0.599,0,81,0,0,0,0,0,0,0,0,0,0,0,0,0,0,0,0,-0.164,-37.094,Pugeuk,0.013,-17.023,encounter v,-19.277,-44.011,ByeolBam,-7.456,-61.445,눈꽃,19.342,-40.512,소솨소솨,15.987,-63.255,Yaksok~,34.764,-85.583,-yeoro-,-2.281,-127.013,Kr_Luna,-51.169,-91.475,0,0,0,0,0,,0,0,0,0,0,0,0,0,0,0
158,7,1,8,8,1,0,2,0,1,0,255,0,255,91,5154.691,NABIMan,R,26,140,-2.142,-1.761,-0.224,1.653,-36.163,1,0,89.023,-200,6.952,-0.447,-17.172,0,7,8,L,vovopo 보보포,160,90,0.599,0,81,0,0,0,0,0,0,0,0,0,0,0,0,0,0,0,0,-0.381,-37.48,Pugeuk,-0.224,-16.852,encounter v,-22.229,-49.412,ByeolBam,-11.76,-64.476,눈꽃,19.234,-39.903,소솨소솨,16.392,-62.827,Yaksok~,34.884,-85.256,-yeoro-,-1.714,-126.941,Kr_Luna,-42.479,-97.193,0,0,0,0,0,,0,0,0,0,0,0,0,0,0,0
159,7,1,8,8,2,0,2,0,1,0,255,0,255,92,5164.522,NABIMan,R,0,112,0.789,0.294,0.073,1.987,-36.684,0,0,0,0,-1.019,0,0,0,7,8,L,vovopo 보보포,160,90,0.599,0,81,0,0,0,0,0,0,0,0,0,0,0,0,0,0,0,0,-0.049,-37.316,Pugeuk,0.123,-16.824,encounter v,-22.339,-49.489,ByeolBam,-12.436,-63.447,눈꽃,18.532,-41.72,소솨소솨,16.37,-62.855,Yaksok~,36.226,-85.163,-yeoro-,-1.475,-126.772,Kr_Luna,-42.473,-97.261,0,0,0,0,0,,0,0,0,0,0,0,0,0,0,0
160,7,1,8,8,2,1,2,0,1,0,255,0,255,93,5176.076,NABIMan,R,26,136,-1.644,-1.73,-0.159,1.656,-36.334,1,0,22.052,-200,14.351,0,0,0,7,8,L,vovopo 보보포,160,90,0.599,0,81,0,0,0,0,0,0,0,0,0,0,0,0,0,0,0,0,-0.172,-37.664,Pugeuk,0.477,-17.188,encounter v,-22.355,-49.438,ByeolBam,-10.795,-62.275,눈꽃,18.785,-39.676,소솨소솨,16.436,-62.817,Yaksok~,36.707,-85.616,-yeoro-,-1.685,-126.69,Kr_Luna,-42.488,-97.304,0,0,0,0,0,,0,0,0,0,0,0,0,0,0,0
161,7,1,8,8,3,1,2,0,0,1,255,255,0,94,5189.747,NABIMan,R,27,127,0.067,-0.066,-0.026,1.896,-36.546,0,0,96.89,-133.206,-3.065,0,0,0,7,8,L,vovopo 보보포,160,90,0.599,0,81,0,0,0,0,0,0,0,0,0,0,0,0,0,0,0,0,-0.577,-37.265,Pugeuk,0.018,-16.52,encounter v,-22.337,-49.482,ByeolBam,-12.977,-63.454,눈꽃,19.299,-40.81,소솨소솨,16.338,-62.849,Yaksok~,36.212,-84.437,-yeoro-,-1.498,-126.908,Kr_Luna,-42.504,-97.29,0,0,0,0,0,,0,0,0,0,0,0,0,0,0,0
162,7,1,8,8,3,2,2,0,0,1,255,255,0,95,5201.892,NABIMan,R,27,134,-0.306,-0.928,-0.05,1.779,-36.365,2,0,75.54,-132.329,0.618,0,0,1,7,8,L,vovopo 보보포,160,90,0.599,3,81,5202.884,255,16,110,100,35,71,150,101,25.289,-41.255,0.9,0,-0.015,0.055,0,-0.38,-36.663,Pugeuk,-0.028,-16.722,encounter v,-22.442,-49.463,ByeolBam,-13.341,-64.858,눈꽃,18.111,-41.07,소솨소솨,16.502,-62.414,Yaksok~,36.287,-84.127,-yeoro-,-1.403,-126.904,Kr_Luna,-42.487,-97.28,5206.54,44.195,-91.269,5213.029,7,-yeoro-,42.187,-101.191,1,0,0,0,0,0,0,2
163,7,1,8,8,0,0,2,0,0,1,255,255,8,96,5243.908,NABIMan,R,1,115,-1.631,-1.746,-0.121,1.83,-36.405,1,0,0,0,2.645,-0.305,-18.426,0,8,7,L,Pring__,179.952,95,0.401,0,80,0,0,0,0,0,0,0,0,0,0,0,0,0,0,0,0,-0.728,-36.983,Pugeuk,-0.059,-16.601,encounter v,-23.384,-51.791,ByeolBam,-13.376,-64.892,눈꽃,19.16,-39.78,소솨소솨,18.048,-60.929,Yaksok~,35.219,-83.283,-yeoro-,10.665,-121.359,Kr_Luna,-27.499,-108.002,0,0,0,0,0,,0,0,0,0,0,0,0,0,0,0
164,7,1,8,8,1,0,2,0,0,1,255,255,8,97,5257.608,NABIMan,R,33,119,2.773,0.396,0.212,1.983,-37.05,4,0,118.949,-95.669,3.737,0,0,0,8,7,L,Pring__,179.952,95,0.401,0,80,0,0,0,0,0,0,0,0,0,0,0,0,0,0,0,0,-0.205,-37.125,Pugeuk,0.103,-16.453,encounter v,-23.392,-51.82,ByeolBam,-13.421,-64.853,눈꽃,18.778,-40.311,소솨소솨,18.027,-61.742,Yaksok~,35.181,-86.139,-yeoro-,10.458,-121.474,Kr_Luna,-27.484,-108.022,0,0,0,0,0,,0,0,0,0,0,0,0,0,0,0
165,7,1,9,8,1,1,2,0,0,1,255,255,8,98,5270.076,NABIMan,R,1,101,-1.773,-1.251,-0.055,1.843,-36.458,2,0,0,0,1.011,0,0,0,8,7,L,Pring__,179.952,95,0.401,3,80,5271.057,172,19,119,91,54,140,150,129,14.548,24.459,0.56,0.049,-0.032,0.107,0,-0.285,-36.587,Pugeuk,-0.045,-16.587,encounter v,-23.543,-51.839,ByeolBam,-13.42,-64.892,눈꽃,18.134,-40.235,소솨소솨,19.001,-64.189,Yaksok~,36.287,-87.288,-yeoro-,10.174,-119.831,Kr_Luna,-27.5,-108.008,5273.207,-30.557,-99.616,5273.673,8,Kr_Luna,-30.504,-99.459,1,0,0,0,0,0,0,2
166,7,1,10,8,0,0,2,1,0,0,0,255,255,99,5300.609,NABIMan,R,26,134,0.031,-0.814,-0.009,1.758,-36.24,2,0,40.214,-200,6.499,0,0,1,0,6,R,별이__,175,95,0.5,2,80,5301.511,173,10,105,34,0,250,141,76,-30,47.157,0.98,0.004,-0.017,0.168,0,-0.042,-36.539,Pugeuk,-0.104,-16.597,encounter v,-17.406,-44.441,ByeolBam,-13.385,-64.842,눈꽃,17.636,-42.705,소솨소솨,8.35,-62.925,Yaksok~,33.176,-87.052,-yeoro-,3.389,-123.715,Kr_Luna,-44.555,-95.276,5300.906,-0.918,-19.538,5303.184,2,encounter v,-23.5,-40.988,0,0,0,0,0,0,0,2
167,7,1,10,8,0,1,2,1,0,0,0,255,255,100,5316.72,NABIMan,R,1,97,-1.769,-1.104,-0.049,1.874,-36.395,4,0,0,0,6.552,0,0,1,0,6,R,별이__,175,95,0.5,0,80,0,0,0,0,0,0,0,0,0,0,0,0,0,0,0,0,0.12,-37.353,Pugeuk,-0.148,-16.733,encounter v,-21.613,-43.676,ByeolBam,-12.91,-65.197,눈꽃,18.65,-40.918,소솨소솨,8.649,-61.582,Yaksok~,32.119,-84.799,-yeoro-,4.416,-125.823,Kr_Luna,-45.112,-92.8,0,0,0,0,0,,0,0,0,0,0,0,0,0,0,0
168,7,1,10,8,0,2,2,1,0,0,0,255,255,101,5330.531,NABIMan,R,28,120,1.286,0.659,0.099,2.027,-36.656,2,0,57.472,-84.229,-2.782,0,0,1,0,6,R,별이__,175,95,0.5,2,36,5331.567,172,11,106,31,15,248,141,95,36.487,28.962,-0.16,0.006,0.02,0.167,0,-0.476,-36.566,Pugeuk,0.131,-16.951,encounter v,-21.926,-48.758,ByeolBam,-13.414,-65.299,눈꽃,18.354,-42.983,소솨소솨,14.071,-64.562,Yaksok~,33.72,-87.956,-yeoro-,4.394,-125.834,Kr_Luna,-45.22,-92.78,5335.64,-46.46,-79.973,5335.829,8,Kr_Luna,-45.025,-78.295,0,0,0,0,0,0,0,1
169,7,0,10,8,0,0,0,0,0,0,255,255,255,66,5412.552,Sabo_10,L,3,129,4.212,-0.674,-0.139,1.435,-36.625,3,0,384.021,0,-11.135,0.112,-20.073,0,2,0,R,NABIMan,190,95,0.527,0,34,0,0,0,0,0,0,0,0,0,0,0,0,0,0,0,0,-0.169,-37.255,-라후이-,0.383,-17.075,白霜らいふ,-23.887,-49.877,ke ro,-12.381,-63.724,인생최패망자,16.186,-47.454,CAT tourniquet,9.906,-65.258,별이__,39.177,-92.031,Pring__,0.555,-119.705,vovopo 보보포,-46.942,-85.334,0,0,0,0,0,,0,0,0,0,0,0,0,0,0,6
170,7,0,10,8,0,0,0,1,0,0,9,255,255,67,5445.693,Sabo_10,L,33,133,-0.081,-0.336,-0.361,1.495,-36.763,2,0,-106.147,-100.424,-9.995,0,0,1,3,1,R,Pugeuk,190,92.629,0.547,3,81,5446.72,243,9,122,78,23,181,150,127,26.501,15.747,0.73,-0.035,-0.06,0.202,0,-0.177,-37.167,-라후이-,0.058,-17.163,白霜らいふ,-19.367,-41.367,ke ro,-13.299,-61.263,인생최패망자,17.133,-48.746,CAT tourniquet,4.098,-62.431,별이__,39.71,-95.395,Pring__,0.715,-119.666,vovopo 보보포,-48.609,-85.279,5451.44,-46.777,-126.436,0,0,,0,0,0,0,0,0,0,0,0,4
171,7,0,10,10,0,0,0,0,0,0,255,255,255,68,5485.887,Sabo_10,L,3,123,0.869,-0.93,-0.416,1.381,-36.705,2,0,402.217,0,-8.788,0,0,1,4,6,R,Yaksok~,172.9,85.63,0.301,3,72,5486.66,122,20,102,73,42,174,146,124,-28.005,-37.625,0.65,-0.113,-0.089,0.273,0,0.092,-37.104,-라후이-,0.037,-16.944,白霜らいふ,-23.891,-48.284,ke ro,-14.523,-64.828,인생최패망자,16.365,-49.949,CAT tourniquet,7.606,-66.243,별이__,39.584,-95.305,Pring__,0.701,-121.377,vovopo 보보포,-52.733,-90.04,5485.996,0.964,-21.285,5494.807,6,별이__,46.455,-85.532,1,0,0,0,0,0,0,2
172,7,0,10,10,0,0,0,0,1,0,255,15,255,69,5527.855,Sabo_10,L,32,128,-1.994,-1.071,-0.415,1.338,-36.736,4,0,-176.843,-96.983,-8.127,-0.614,-17.52,1,5,4,L,눈꽃,190,90,0.496,0,86,0,0,0,0,0,0,0,0,0,0,0,0,0,0,0,0,-0.182,-37.274,-라후이-,-0.264,-17.256,白霜らいふ,-22.744,-47.801,ke ro,-7.953,-63.819,인생최패망자,19.371,-42.718,CAT tourniquet,16.418,-62.402,별이__,45.406,-93.562,Pring__,2.497,-121.498,vovopo 보보포,-33.381,-101.018,0,0,0,0,0,,0,0,0,0,0,0,0,0,0,0
173,7,0,10,10,0,1,0,0,1,0,255,15,255,70,5544.255,Sabo_10,L,33,134,-2.81,1.147,-0.612,1.71,-36.796,4,0,-126.599,-100.575,-8.388,0,0,1,5,4,L,눈꽃,190,90,0.496,0,86,0,0,0,0,0,0,0,0,0,0,0,0,0,0,0,0,-0.414,-37.358,-라후이-,-0.359,-17.134,白霜らいふ,-22.235,-46.703,ke ro,-7.586,-63.309,인생최패망자,20.071,-43.331,CAT tourniquet,16.391,-62.398,별이__,47.274,-95.554,Pring__,-4.597,-126.241,vovopo 보보포,-33.376,-101.034,0,0,0,0,0,,0,0,0,0,0,0,0,0,0,0
174,7,0,10,10,0,2,0,0,1,0,255,15,255,71,5562.737,Sabo_10,L,4,127,2.467,-1.456,-0.223,1.285,-36.662,2,0,248.541,0,-8.267,0,0,1,5,4,L,눈꽃,190,90,0.496,3,86,5563.798,156,23,114,80,44,84,150,112,14.227,-41.756,0.81,0.1,-0.163,0.074,0,-0.111,-37.029,-라후이-,0.71,-17.184,白霜らいふ,-21.726,-47.336,ke ro,-6.708,-64.187,인생최패망자,21.157,-46.547,CAT tourniquet,16.438,-62.579,별이__,47.856,-96.165,Pring__,-5.251,-126.166,vovopo 보보포,-36.853,-102.356,5565.317,35.317,-66.998,5566.718,6,별이__,44.566,-84.764,1,0,0,0,0,0,0,2
175,7,0,10,10,0,0,0,0,1,1,255,255,15,72,5597.16,Sabo_10,L,32,138,0.578,0.107,-0.304,1.527,-36.627,2,0,-164.222,-65.832,-11.239,0,0,1,6,5,R,소솨소솨,169,95,0.5,3,81,5598.128,126,20,123,45,25,165,148,94,102.547,-59.742,-0.24,-0.028,-0.107,0.355,0,0.052,-37.109,-라후이-,0.09,-17.105,白霜らいふ,-22.544,-47.962,ke ro,-11.307,-62.263,인생최패망자,17.077,-45.327,CAT tourniquet,12.072,-65.098,별이__,45.999,-91.497,Pring__,0.184,-100.065,vovopo 보보포,-38.491,-84.361,5603.762,-43.675,-1.978,0,0,,0,0,0,0,0,0,0,0,0,3
176,7,0,10,10,0,1,0,0,1,1,255,255,15,73,5612.335,Sabo_10,L,33,140,2.846,0.099,-0.12,1.432,-36.617,4,0,-137.162,-77.09,-17.289,0.124,-20.119,1,6,5,R,소솨소솨,169,95,0.5,0,81,0,0,0,0,0,0,0,0,0,0,0,0,0,0,0,0,-0.203,-36.905,-라후이-,0.037,-17.008,白霜らいふ,-23.023,-47.811,ke ro,-12.69,-63.122,인생최패망자,17.083,-43.896,CAT tourniquet,10.525,-64.333,별이__,42.393,-86.33,Pring__,-0.373,-99.425,vovopo 보보포,-41.321,-82.322,0,0,0,0,0,,0,0,0,0,0,0,0,0,0,0
177,7,0,10,10,0,2,0,0,1,1,255,255,15,74,5627.113,Sabo_10,L,33,140,0.894,-1.336,-0.278,1.382,-36.633,2,0,-145.478,-47.39,-18.899,0.489,-20.75,1,6,5,R,소솨소솨,169,95,0.5,3,81,5628.126,255,13,121,68,28,165,150,89,-26.623,-20.771,-0.49,-0.031,-0.102,0.269,0,-0.152,-37.199,-라후이-,0.051,-17.508,白霜らいふ,-23.588,-49.168,ke ro,-12.683,-63.081,인생최패망자,16.433,-44.908,CAT tourniquet,10.471,-64.303,별이__,40.429,-83.378,Pring__,-0.539,-98.769,vovopo 보보포,-41.33,-82.269,5628.429,11.216,-40.852,5628.884,4,인생최패망자,12.377,-42.771,1,176,0,0,0,0,0,2
178,7,0,10,10,0,0,2,0,1,0,255,255,255,75,5683.45,Sabo_10,L,33,138,2.886,-0.928,-0.072,1.402,-36.657,4,0,-134.216,-62.664,-18.662,0,0,1,7,3,R,ByeolBam,174.6,86.496,0.496,0,81,0,0,0,0,0,0,0,0,0,0,0,0,0,0,0,0,-0.269,-37.349,-라후이-,0.108,-17.018,白霜らいふ,-23.072,-48.081,ke ro,-10.889,-64.492,인생최패망자,18.982,-47.823,CAT tourniquet,7.719,-66.381,별이__,33.936,-98.751,Pring__,0.202,-112.953,vovopo 보보포,-52.38,-86.437,0,0,0,0,0,,0,0,0,0,0,0,0,0,0,0
179,7,0,10,10,0,1,2,0,1,0,255,255,255,76,5699.1,Sabo_10,L,32,136,0.927,1.058,-0.304,1.549,-36.734,2,0,-173.681,-74.451,-10.154,0,0,1,7,3,R,ByeolBam,174.6,86.496,0.496,3,81,5699.958,182,18,83,62,25,68,141,89,21.112,-0.922,-0.5,-0.05,-0.061,0.111,0,-0.095,-37.093,-라후이-,0.093,-16.956,白霜らいふ,-24.041,-48.561,ke ro,-10.098,-63.404,인생최패망자,18.244,-48.536,CAT tourniquet,6.966,-65.751,별이__,35.946,-100.077,Pring__,0.326,-111.436,vovopo 보보포,-49.983,-86.278,0,0,0,5704.084,7,Pring__,2.11,-95.489,0,0,0,0,0,0,0,1