id,inn,half,scoreA,scoreB,ball,strk,out,b1,b2,b3,b1Idx,b2Idx,b3Idx,pCnt,pSec,pName,pHand,pType,spdK,zoneX,zoneY,startX,startY,zDist,call,balk,sH,sV,gyro,plx,plz,bSwing,bIdx,bPos,bZone,bName,bHCm,batLen,batCen,batType,bFps,hSec,rotS,rotL,shS,lgS,prepS,impMv,batSpd,ev,ldeg,sdeg,hPos,hMoveX,hMoveY,stayCon,buntGrip,PPosX,PPosY,CName,CPosX,CPosY,1BName,1BPosX,1BPosY,2BName,2BPosX,2BPosY,3BName,3BPosX,3BPosY,SSName,SSPosX,SSPosY,LFName,LFPosX,LFPosY,CFName,CFPosX,CFPosY,RFName,RFPosX,RFPosY,ltSec,lx,lz,cSec,cPos,cPlr,cx,cz,1BSafe,tag,cpSec,sb2Sec,sb3Sec,sbhSec,ass,result
1,1,1,0,0,0,0,0,0,0,0,255,255,255,0,288.629,coder_,R,26,134,1.919,0.525,0.175,1.782,-36.513,1,0,14.753,-171.102,9.523,0,0,0,0,2,L,Pring__,180,95,0.401,0,93,0,0,0,0,0,0,0,0,0,0,0,0,0,0,0,0,0.053,-37.2,甲斐野柊太,0.008,-16.173,それいゆ るな,-22.073,-49.238,즉석카레,-15.405,-62.693,NABIMan,24.702,-49.43,vovopo 보보포,14.234,-61.971,AI,35.7,-81.8,AI,0,-100.6,AI,-35.7,-81.8,0,0,0,0,0,,0,0,0,0,0,0,0,0,0,0
2,1,1,0,0,1,0,0,0,0,0,255,255,255,1,298.693,coder_,R,26,137,-1.754,-0.471,-0.143,1.606,-36.51,2,0,-68.389,-183.815,16.984,0,0,1,0,2,L,Pring__,180,95,0.401,3,93,299.531,226,19,119,92,41,129,150,94,91.041,-88.875,-0.47,0.009,-0.06,0.078,0,-0.106,-36.824,甲斐野柊太,-0.017,-16.207,それいゆ るな,-22.315,-49.571,즉석카레,-15.426,-62.703,NABIMan,25.29,-49.816,vovopo 보보포,14.696,-62.198,AI,35.7,-81.8,AI,0,-100.6,AI,-35.7,-81.8,0,0,0,0,0,,0,0,0,0,0,0,0,0,0,3
3,1,1,0,0,1,1,0,0,0,0,255,255,255,2,314.243,coder_,R,26,127,-1.967,1.636,-0.165,1.963,-36.505,1,0,-55.081,-200,17.526,0,0,0,0,2,L,Pring__,180,95,0.401,0,69,0,0,0,0,0,0,0,0,0,0,0,0,0,0,0,0,0.028,-37.243,甲斐野柊太,-0.035,-16.162,それいゆ るな,-24.896,-50.735,즉석카레,-15.673,-62.61,NABIMan,24.323,-48.845,vovopo 보보포,14.488,-62.783,AI,35.7,-81.8,AI,0,-100.6,AI,-35.7,-81.8,0,0,0,0,0,,0,0,0,0,0,0,0,0,0,0
4,1,1,0,0,2,1,0,0,0,0,255,255,255,3,324.687,coder_,R,27,127,-0.111,2.138,-0.01,2.073,-36.635,4,0,0.572,-117.959,0.61,0,0,1,0,2,L,Pring__,180,95,0.401,0,69,0,0,0,0,0,0,0,0,0,0,0,0,0,0,0,0,-0.007,-37.121,甲斐野柊太,-0.947,-17.818,それいゆ るな,-23.954,-48.757,즉석카레,-15.705,-62.649,NABIMan,24.82,-49.293,vovopo 보보포,15.061,-62.424,AI,35.7,-81.8,AI,0,-100.6,AI,-35.7,-81.8,0,0,0,0,0,,0,0,0,1,0,0,0,0,0,0
5,1,1,0,0,2,2,0,0,0,0,255,255,255,4,336.719,coder_,R,14,99,2.491,-1.288,0.126,1.644,-36.583,4,0,325.824,344.872,1.62,0.623,-17.823,1,0,2,L,Pring__,180,95,0.401,0,69,0,0,0,0,0,0,0,0,0,0,0,0,0,0,0,0,0.054,-37.402,甲斐野柊太,0.014,-18.178,それいゆ るな,-23.828,-48.083,즉석카레,-15.64,-62.579,NABIMan,23.472,-47.729,vovopo 보보포,16.87,-61.536,AI,35.7,-81.8,AI,0,-100.6,AI,-35.7,-81.8,0,0,0,0,0,,0,0,0,0,0,0,0,0,0,0
6,1,1,0,0,0,0,1,0,0,0,255,255,255,5,363.647,coder_,R,26,137,0.521,0.091,0.057,1.682,-36.496,4,0,-12.051,-175.357,3.194,0.186,-20.554,1,1,5,R,Espressο,160,89.769,0.2,0,92,0,0,0,0,0,0,0,0,0,0,0,0,0,0,0,0,0.059,-37.151,甲斐野柊太,0.012,-17.213,それいゆ るな,-23.525,-48.511,즉석카레,-13.751,-59.019,NABIMan,24.11,-49.206,vovopo 보보포,10.47,-64.864,AI,35.7,-81.8,AI,0,-100.6,AI,-35.7,-81.8,0,0,0,0,0,,0,0,0,0,0,0,0,0,0,0
7,1,1,0,0,0,1,1,0,0,0,255,255,255,6,392.035,coder_,R,13,94,-2.921,-0.984,-0.241,1.829,-36.453,4,0,-232.171,400,17.8,-0.785,-17.552,1,1,5,R,Espressο,160,89.769,0.2,0,50,0,0,0,0,0,0,0,0,0,0,0,0,0,0,0,0,-0.115,-36.98,甲斐野柊太,-0.403,-18.882,それいゆ るな,-24.048,-48.584,즉석카레,-14.386,-57.528,NABIMan,21.344,-47.47,vovopo 보보포,8.723,-65.487,AI,35.7,-81.8,AI,0,-100.6,AI,-35.7,-81.8,0,0,0,0,0,,0,0,0,0,0,0,0,0,0,0
8,1,1,0,0,0,2,1,0,0,0,255,255,255,7,410.828,coder_,R,26,133,0.748,0.361,0.092,1.731,-36.502,0,0,-73.467,-200,24.381,0,0,0,1,5,R,Espressο,160,89.769,0.2,0,49,0,0,0,0,0,0,0,0,0,0,0,0,0,0,0,0,-2.172,-37.672,甲斐野柊太,-0.106,-17.826,それいゆ るな,-23.28,-46.942,즉석카레,-14.711,-60.928,NABIMan,23.322,-49.393,vovopo 보보포,9.641,-66.514,AI,35.7,-81.8,AI,0,-100.6,AI,-35.7,-81.8,0,0,0,0,0,,0,0,0,2,0,0,0,0,0,0
9,1,1,0,0,0,0,2,0,0,0,255,255,255,8,440.718,coder_,R,8,98,-2.831,0.549,-0.439,1.9,-36.588,1,0,77.234,0,2.787,-0.959,-16.483,0,2,1,L,하루（Haru）,190,95,0.55,0,91,0,0,0,0,0,0,0,0,0,0,0,0,0,0,0,0,-0.228,-37.366,甲斐野柊太,-0.165,-16.337,それいゆ るな,-21.913,-47.31,즉석카레,-15.289,-62.989,NABIMan,23.41,-48.605,vovopo 보보포,12.245,-65.307,AI,35.7,-81.8,AI,0,-100.6,AI,-35.7,-81.8,0,0,0,0,0,,0,0,0,0,0,0,0,0,0,0
10,1,1,0,0,1,0,2,0,0,0,255,255,255,9,454.065,coder_,R,6,96,-0.672,0.2,-0.334,1.801,-36.534,2,0,343.621,0,2.012,0,0,1,2,1,L,하루（Haru）,190,95,0.55,3,91,455.02,154,17,29,113,56,90,77,66,-6.339,-24.783,-0.14,0.087,-0.005,0,0,-0.163,-36.975,甲斐野柊太,-0.081,-16.286,それいゆ るな,-23.065,-48.043,즉석카레,-15.268,-62.953,NABIMan,23.985,-48.895,vovopo 보보포,12.231,-65.34,AI,35.7,-81.8,AI,0,-100.6,AI,-35.7,-81.8,455.497,2.899,-26.894,458.43,5,vovopo 보보포,18.402,-56.725,1,4,0,0,0,0,0,2
11,1,1,0,0,0,0,2,1,0,0,1,255,255,10,565.225,coder_,R,14,97,1.693,-1.055,0.079,1.666,-36.561,4,0,264.341,379.078,8.947,0.46,-17.241,0,3,4,L,눈꽃,190,90,0.496,0,90,0,0,0,0,0,0,0,0,0,0,0,0,0,0,0,0,-0.013,-37.577,甲斐野柊太,0.064,-16.319,それいゆ るな,-20.982,-43.428,즉석카레,-10.283,-63.738,NABIMan,23.982,-49.899,vovopo 보보포,10.508,-63.43,AI,35.7,-81.8,AI,0,-100.6,AI,-35.7,-81.8,0,0,0,0,0,,0,0,0,0,0,0,0,0,0,0
12,1,1,0,0,0,1,2,1,0,0,1,255,255,11,590.738,coder_,R,26,130,-1.645,-0.548,-0.146,1.588,-36.46,2,0,-21.429,-152.056,16.522,0,0,0,3,4,L,눈꽃,190,90,0.496,3,90,591.747,98,16,91,72,59,95,139,115,-30,37.753,0.92,0.047,-0.029,0,0,-0.162,-36.987,甲斐野柊太,-0.02,-16.202,それいゆ るな,-20.782,-40.4,즉석카레,-12.816,-63.968,NABIMan,25.057,-50.476,vovopo 보보포,5.742,-62.141,AI,35.7,-81.8,AI,0,-100.6,AI,-35.7,-81.8,598.275,-59.918,-93.213,602.619,3,즉석카레,-11.145,-64.703,1,0,0,0,0,0,0,2
13,1,1,0,0,0,0,2,0,1,1,255,4,1,12,634.366,coder_,R,26,120,-0.834,2.901,-0.068,2.149,-36.65,2,0,-31.204,-172.988,5.053,0,0,1,4,3,L,Fresh825,173,86,0.8,3,90,635.557,128,9,51,44,18,37,117,80,26.825,-27.858,-0.04,-0.03,-0.004,0.08,0,0.003,-34.444,甲斐野柊太,-0.007,-16.312,それいゆ るな,-23.179,-49.193,즉석카레,-13.377,-63.547,NABIMan,24.122,-49.834,vovopo 보보포,11.053,-63.541,AI,35.7,-81.8,AI,0,-100.6,AI,-35.7,-81.8,640.208,35.335,-76.847,0,0,,0,0,0,0,0,0,0,0,0,1
14,1,0,0,0,0,0,0,0,0,0,255,255,255,0,771.589,Pugeuk,R,2,113,0.095,0.326,0.253,1.618,-36.793,0,0,-384.172,-320.019,60.178,0,0,1,0,4,R,NABIMan,190,95,0.55,0,89,0,0,0,0,0,0,0,0,0,0,0,0,0,0,0,0,-0.143,-37.494,하루（Haru）,0.103,-17.539,Pring__,-22.558,-48.178,Fresh825,-15.058,-63.777,눈꽃,18.466,-48.938,Espressο,13.765,-63.947,AI,35.7,-81.8,Yaksok~,-1.936,-96.484,AI,-35.7,-81.8,0,0,0,0,0,,0,0,0,0,0,0,0,0,0,0
15,1,0,0,0,0,1,0,0,0,0,255,255,255,1,784.621,Pugeuk,R,27,136,0.718,0.51,0.037,1.743,-36.639,2,0,114.178,-134.825,52.514,0,0,1,0,4,R,NABIMan,190,95,0.55,3,89,785.581,129,22,110,90,40,63,150,98,46.63,42.192,-0.46,-0.053,-0.042,0.159,0,-0.198,-37.294,하루（Haru）,0.185,-17.451,Pring__,-22.511,-48.185,Fresh825,-15.247,-63.817,눈꽃,18.361,-48.863,Espressο,13.705,-63.91,AI,35.708,-81.807,Yaksok~,-0.692,-99.142,AI,-35.708,-81.807,790.886,-57.797,-69.158,0,0,,0,0,0,0,0,0,0,0,0,3
16,1,0,0,0,0,2,0,0,0,0,255,255,255,2,805.07,Pugeuk,R,6,86,0.448,-0.505,-0.387,1.728,-36.755,0,0,348.801,0,10.194,0,0,1,0,4,R,NABIMan,190,95,0.55,0,89,0,0,0,0,0,0,0,0,0,0,0,0,0,0,0,0,-0.248,-38.238,하루（Haru）,0.147,-17.472,Pring__,-22.475,-47.914,Fresh825,-15.782,-63.476,눈꽃,18.47,-46.223,Espressο,13.234,-64.132,AI,35.7,-81.8,Yaksok~,-2.19,-99.484,AI,-35.7,-81.8,0,0,0,0,0,,0,0,0,0,0,0,0,0,0,0
17,1,0,0,0,0,0,1,0,0,0,255,255,255,3,825.313,Pugeuk,R,10,93,0.259,-2.241,0.003,1.75,-36.778,1,0,0,400,4.457,-0.03,-17.393,0,1,5,L,vovopo 보보포,160,94,0.599,0,89,0,0,0,0,0,0,0,0,0,0,0,0,0,0,0,0,0.19,-37.564,하루（Haru）,0.051,-17.603,Pring__,-21.45,-46.121,Fresh825,-15.827,-63.358,눈꽃,18.972,-44.307,Espressο,13.251,-64.117,AI,35.7,-81.8,Yaksok~,-1.587,-102.025,AI,-35.7,-81.8,0,0,0,0,0,,0,0,0,0,0,0,0,0,0,0
18,1,0,0,0,1,0,1,0,0,0,255,255,255,4,838.496,Pugeuk,R,6,123,1.159,-1.036,-0.198,1.596,-36.68,2,0,465.747,0,14.515,0,0,1,1,5,L,vovopo 보보포,160,94,0.599,2,89,839.589,255,16,176,64,15,255,150,96,27.802,-20.738,0.05,0.043,-0.083,0.219,0,-0.315,-37.414,하루（Haru）,0.112,-17.503,Pring__,-21.472,-46.132,Fresh825,-15.852,-63.383,눈꽃,18.87,-44.237,Espressο,13.235,-64.144,AI,35.7,-81.8,Yaksok~,-1.472,-102.625,AI,-35.7,-81.8,848.652,0.837,-59.829,848.875,3,Fresh825,0.302,-59.379,0,0,0,0,0,0,0,1
19,1,0,0,0,0,0,2,0,0,0,255,255,255,5,871.355,Pugeuk,R,26,137,-0.843,-0.665,-0.105,1.498,-36.465,2,0,121.307,-200,26.021,0,0,1,2,1,R,甲斐野柊太,190,86,0.2,3,34,872.383,177,15,110,63,47,116,150,103,-14.509,35.323,-0.18,0.017,-0.038,0.052,0,-0.173,-37.015,하루（Haru）,0.201,-17.472,Pring__,-22.281,-47.563,Fresh825,-15.592,-63.809,눈꽃,17.173,-43.814,Espressο,13.791,-64.065,AI,35.7,-81.8,Yaksok~,1.154,-106.726,AI,-35.7,-81.8,872.441,-1.993,-21.007,873.975,2,Pring__,-18.923,-44.753,0,0,0,0,0,0,0,2
20,2,1,0,0,0,0,0,0,0,0,255,255,255,13,932.031,coder_,R,10,125,-3.256,-1.823,-0.303,1.598,-36.531,1,0,0,400,34.016,-0.632,-18.817,0,5,0,R,Pugeuk,190,92.606,0.547,0,89,0,0,0,0,0,0,0,0,0,0,0,0,0,0,0,0,-0.057,-37.504,甲斐野柊太,-0.37,-16.457,それいゆ るな,-22.053,-46.172,즉석카레,-14.699,-63.166,NABIMan,24.039,-51.32,vovopo 보보포,10.438,-65.818,AI,35.702,-81.802,AI,0,-100.602,AI,-35.702,-81.802,0,0,0,0,0,,0,0,0,0,0,0,0,0,0,0
21,2,1,0,0,1,0,0,0,0,0,255,255,255,14,944.067,coder_,R,26,132,-0.445,-0.705,-0.037,1.622,-36.509,2,0,-15.822,-200,16.86,0,0,1,5,0,R,Pugeuk,190,92.606,0.547,3,89,945.17,243,19,156,79,33,182,150,130,91.62,-88.368,0.6,-0.033,-0.078,0.168,0,0.075,-36.986,甲斐野柊太,-0.095,-16.268,それいゆ るな,-22.695,-47.77,즉석카레,-14.723,-63.217,NABIMan,24.591,-53.395,vovopo 보보포,10.366,-65.862,AI,35.702,-81.802,AI,0,-100.602,AI,-35.702,-81.802,0,0,0,0,0,,0,0,0,0,0,0,0,0,0,3
22,2,1,0,0,1,1,0,0,0,0,255,255,255,15,960.862,coder_,R,26,136,1.209,-0.944,0.129,1.58,-36.422,0,0,-56.735,-200,17.894,0,0,0,5,0,R,Pugeuk,190,92.606,0.547,0,88,0,0,0,0,0,0,0,0,0,0,0,0,0,0,0,0,0.211,-37.519,甲斐野柊太,-0.059,-16.246,それいゆ るな,-22.896,-48.061,즉석카레,-15.138,-62.954,NABIMan,24.556,-51.223,vovopo 보보포,10.064,-66.247,AI,35.702,-81.802,AI,0,-100.602,AI,-35.702,-81.802,0,0,0,0,0,,0,0,0,0,0,0,0,0,0,0
23,2,1,0,0,1,2,0,0,0,0,255,255,255,16,973.389,coder_,R,27,106,-3.264,0.576,-0.405,1.929,-36.582,4,0,-78.103,-101.227,0.543,0,0,1,5,0,R,Pugeuk,190,92.606,0.547,0,88,0,0,0,0,0,0,0,0,0,0,0,0,0,0,0,0,-0.092,-37.145,甲斐野柊太,-1.132,-18.522,それいゆ るな,-22.333,-46.325,즉석카레,-15.136,-62.929,NABIMan,22.346,-50.928,vovopo 보보포,8.314,-66.274,AI,35.702,-81.802,AI,0,-100.602,AI,-35.702,-81.802,0,0,0,0,0,,0,0,0,0,0,0,0,0,0,0
24,2,1,0,0,0,0,1,0,0,0,255,255,255,17,1002.693,coder_,R,13,93,1.471,-0.49,0.39,1.919,-36.485,0,0,-302.823,348.868,19.602,0,0,0,6,7,R,Yaksok~,173,92.369,0.505,0,88,0,0,0,0,0,0,0,0,0,0,0,0,0,0,0,0,0.295,-37.337,甲斐野柊太,-0.1,-16.318,それいゆ るな,-22.389,-46.497,즉석카레,-14.718,-63.213,NABIMan,23.869,-51.17,vovopo 보보포,10.165,-66.066,AI,35.702,-81.801,AI,0,-100.602,AI,-35.702,-81.801,0,0,0,0,0,,0,0,0,0,0,0,0,0,0,0
25,2,1,0,0,0,1,1,0,0,0,255,255,255,18,1014.526,coder_,R,42,94,-2.853,-0.974,-0.268,1.592,-36.6,4,0,-177.456,6.058,10.753,0,0,1,6,7,R,Yaksok~,173,92.369,0.505,0,88,0,0,0,0,0,0,0,0,0,0,0,0,0,0,0,0,0.032,-37.532,甲斐野柊太,-0.178,-16.29,それいゆ るな,-21.567,-45.606,즉석카레,-14.726,-63.227,NABIMan,23.35,-50.806,vovopo 보보포,10.148,-66.075,AI,35.702,-81.801,AI,0,-100.602,AI,-35.702,-81.801,0,0,0,0,0,,0,0,0,0,0,0,0,0,0,0
26,2,1,0,0,0,2,1,0,0,0,255,255,255,19,1029.289,coder_,R,26,120,1.428,2.68,0.136,2.191,-36.626,1,0,-9.226,-170.771,0.911,0,0,0,6,7,R,Yaksok~,173,92.369,0.505,0,88,0,0,0,0,0,0,0,0,0,0,0,0,0,0,0,0,0.064,-37.31,甲斐野柊太,-0.004,-16.226,それいゆ るな,-21.65,-45.315,즉석카레,-14.919,-63.153,NABIMan,23.779,-51.534,vovopo 보보포,9.744,-66.139,AI,35.702,-81.801,AI,0,-100.602,AI,-35.702,-81.801,0,0,0,0,0,,0,0,0,0,0,0,0,0,0,0
27,2,1,0,0,1,2,1,0,0,0,255,255,255,20,1045.072,coder_,R,28,123,1.166,2.58,0.115,2.127,-36.614,2,0,-18.978,-97.077,2.546,0,0,1,6,7,R,Yaksok~,173,92.369,0.505,3,88,1045.999,116,15,68,42,11,80,130,83,32.382,-22.757,-0.44,-0.011,-0.017,0.127,0,-0.004,-36.764,甲斐野柊太,-0.114,-16.301,それいゆ るな,-22.622,-46.921,즉석카레,-14.957,-63.067,NABIMan,25.101,-54.393,vovopo 보보포,9.747,-66.117,AI,35.702,-81.802,AI,0,-100.602,AI,-35.702,-81.802,1050.619,29.778,-77.855,1054.474,3,즉석카레,1.887,-60.3,0,0,0,0,0,0,0,1
28,2,1,0,0,0,0,2,0,0,0,255,255,255,21,1070.063,coder_,R,6,114,2.586,-0.556,0.092,1.705,-36.519,4,0,398.917,64.88,-6.233,0,0,1,0,2,L,Pring__,179.8,95,0.401,0,87,0,0,0,0,0,0,0,0,0,0,0,0,0,0,0,0,0.011,-37.467,甲斐野柊太,0.1,-16.21,それいゆ るな,-23.53,-48.408,즉석카레,-15.01,-62.769,NABIMan,24.703,-52.14,vovopo 보보포,14.598,-63.722,AI,35.702,-81.802,AI,0,-100.602,AI,-35.702,-81.802,0,0,0,0,0,,0,0,0,0,0,0,0,0,0,0
29,2,1,0,0,0,1,2,0,0,0,255,255,255,22,1081.02,coder_,R,26,113,3.07,0.594,0.408,1.827,-36.478,1,0,34.901,-200,10.488,0,0,0,0,2,L,Pring__,179.8,95,0.401,0,87,0,0,0,0,0,0,0,0,0,0,0,0,0,0,0,0,0.265,-37.223,甲斐野柊太,0.012,-16.349,それいゆ るな,-23.835,-47.644,즉석카레,-14.979,-62.724,NABIMan,24.007,-51.292,vovopo 보보포,14.316,-64.074,AI,35.702,-81.802,AI,0,-100.602,AI,-35.702,-81.802,0,0,0,0,0,,0,0,0,0,0,0,0,0,0,0
30,2,1,0,0,1,1,2,0,0,0,255,255,255,23,1091.064,coder_,R,26,119,3.099,0.714,0.256,1.836,-36.414,2,0,93.162,-200,9.435,0,0,1,0,2,L,Pring__,179.8,95,0.401,3,87,1091.982,252,19,115,106,35,132,150,129,95.613,78.882,0.56,-0.01,-0.059,0.083,0,0.213,-36.739,甲斐野柊太,-0.023,-16.383,それいゆ るな,-22.701,-46.636,즉석카레,-15.001,-62.758,NABIMan,24.174,-51.509,vovopo 보보포,14.347,-64.075,AI,35.702,-81.802,AI,0,-100.602,AI,-35.702,-81.802,0,0,0,0,0,,0,0,0,0,0,0,0,0,0,3
31,2,1,0,0,1,2,2,0,0,0,255,255,255,24,1103.985,coder_,R,10,91,3.688,-0.402,0.513,1.98,-36.541,1,0,0,400,9.863,0,0,0,0,2,L,Pring__,179.8,95,0.401,0,65,0,0,0,0,0,0,0,0,0,0,0,0,0,0,0,0,0.121,-37.197,甲斐野柊太,0.124,-16.465,それいゆ るな,-22.685,-45.851,즉석카레,-15.507,-62.461,NABIMan,24.468,-51.151,vovopo 보보포,14.804,-63.632,AI,35.702,-81.802,AI,0,-100.602,AI,-35.702,-81.802,0,0,0,0,0,,0,0,0,0,0,0,0,0,0,0
32,2,1,0,0,2,2,2,0,0,0,255,255,255,25,1114.645,coder_,R,10,88,-0.949,1.477,-0.124,2.546,-36.784,1,0,0,399.467,-5.54,0,0,0,0,2,L,Pring__,179.8,95,0.401,0,65,0,0,0,0,0,0,0,0,0,0,0,0,0,0,0,0,-0.068,-37.077,甲斐野柊太,-0.705,-18.31,それいゆ るな,-21.585,-44.665,즉석카레,-15.139,-62.601,NABIMan,24.768,-51.382,vovopo 보보포,15.421,-64.249,AI,35.702,-81.801,AI,0,-100.602,AI,-35.702,-81.801,0,0,0,0,0,,0,0,0,1,0,0,0,0,0,0
33,2,1,0,0,3,2,2,0,0,0,255,255,255,26,1130.322,coder_,R,41,85,-0.902,-0.578,-0.125,1.584,-36.246,2,0,-1.314,-69.006,-5.069,0,0,1,0,2,L,Pring__,179.8,95,0.401,3,65,1131.421,156,15,98,76,46,76,150,126,99.396,66.062,0.4,-0.019,0.01,0.105,0,-0.215,-37.142,甲斐野柊太,-0.049,-16.578,それいゆ るな,-22.973,-47.328,즉석카레,-15.487,-62.565,NABIMan,24.627,-52.968,vovopo 보보포,12.426,-63.762,AI,35.702,-81.802,AI,0,-100.602,AI,-35.702,-81.802,0,0,0,0,0,,0,0,0,0,0,0,0,0,0,3
34,2,1,0,0,3,2,2,0,0,0,255,255,255,27,1145.736,coder_,R,26,140,-1.195,-0.274,-0.102,1.678,-36.465,2,0,-32.292,-182.757,2.41,0,0,1,0,2,L,Pring__,179.8,95,0.401,3,65,1146.61,251,18,127,82,37,100,150,94,26.773,43.011,-0.45,-0.009,-0.034,0.198,0,-0.032,-36.806,甲斐野柊太,0.001,-16.432,それいゆ るな,-23.789,-48.297,즉석카레,-15.536,-62.737,NABIMan,24.807,-51.002,vovopo 보보포,13.881,-63.964,AI,35.702,-81.802,AI,0,-100.602,AI,-35.702,-81.802,1149.63,-36.19,-69.442,0,0,,0,0,1,0,0,0,0,0,0,2
35,2,1,0,0,0,0,2,1,0,0,2,255,255,28,1173.577,coder_,R,26,128,0.423,0.222,0.047,1.745,-36.537,0,0,-24.815,-200,5.318,0,0,1,1,5,R,Espressο,160,89.769,0.2,0,86,0,0,0,0,0,0,0,0,0,0,0,0,0,0,0,0,-0.066,-37.603,甲斐野柊太,-0.028,-16.501,それいゆ るな,-21.096,-42.794,즉석카레,-14.278,-62.893,NABIMan,23.397,-50.64,vovopo 보보포,4.059,-62.344,AI,35.702,-81.801,AI,0,-100.602,AI,-35.702,-81.801,0,0,0,0,0,,0,0,0,0,0,0,0,0,0,0
36,2,1,0,0,0,1,2,1,0,0,2,255,255,29,1203.74,coder_,R,26,123,0.309,3.702,0.034,2.218,-36.659,4,0,-14.148,-200,0.664,0,0,1,1,5,R,Espressο,160,89.769,0.2,0,46,0,0,0,0,0,0,0,0,0,0,0,0,0,0,0,0,0.056,-37.22,甲斐野柊太,-0.182,-16.253,それいゆ るな,-20.103,-40.178,즉석카레,-14.553,-63.31,NABIMan,24.202,-50.206,vovopo 보보포,5.714,-65.613,AI,35.701,-81.801,AI,0,-100.601,AI,-35.701,-81.801,0,0,0,0,0,,0,0,0,0,0,0,0,0,0,0
37,2,1,0,0,0,2,2,1,0,0,2,255,255,30,1219.676,coder_,R,10,93,1.021,0.906,0.142,2.254,-36.516,2,0,0,400,-1.275,0,0,1,1,5,R,Espressο,160,89.769,0.2,3,46,1220.857,67,16,20,57,23,26,23,30,-61.724,63.592,0.33,-0.021,-0.03,0.007,0,-0.05,-36.808,甲斐野柊太,-0.044,-16.479,それいゆ るな,-20.056,-40.167,즉석카레,-14.762,-63.375,NABIMan,24.005,-50.539,vovopo 보보포,4.565,-64.955,AI,35.702,-81.802,AI,0,-100.603,AI,-35.702,-81.802,1221.008,-0.824,-20.671,0,0,,0,0,0,0,0,0,0,0,0,3
38,2,1,0,0,0,2,2,1,0,0,2,255,255,31,1239.898,coder_,R,13,100,-4.155,-2.207,-0.366,1.579,-36.449,1,0,-309.202,366.493,30.089,-0.841,-19.451,0,1,5,R,Espressο,160,89.769,0.2,0,85,0,0,0,0,0,0,0,0,0,0,0,0,0,0,0,0,-0.074,-36.963,甲斐野柊太,-1.336,-15.492,それいゆ るな,-20.266,-40.687,즉석카레,-14.761,-63.44,NABIMan,23.015,-50.154,vovopo 보보포,1.695,-62.586,AI,35.7,-81.8,AI,0,-100.6,AI,-35.7,-81.8,0,0,0,0,0,,0,0,0,0,0,0,0,0,0,0
39,2,1,0,0,1,2,2,0,1,0,255,2,255,32,1263.891,coder_,R,10,97,-0.899,-1.422,-0.125,1.764,-36.462,4,0,0,400,4.593,-0.172,-18.349,1,1,5,R,Espressο,160,89.769,0.2,0,46,0,0,0,0,0,0,0,0,0,0,0,0,0,0,0,0,-0.01,-37.323,甲斐野柊太,-0.287,-16.458,それいゆ るな,-22.156,-47.412,즉석카레,-15.178,-62.873,NABIMan,21.527,-45.962,vovopo 보보포,1.636,-60.76,AI,35.702,-81.801,AI,0,-100.602,AI,-35.702,-81.801,0,0,0,0,0,,0,0,0,0,0,0,0,0,0,0
40,2,0,0,0,0,0,0,0,0,0,255,255,255,6,1306.437,Pugeuk,R,6,116,-0.404,-0.542,-0.289,1.751,-36.656,0,0,499.647,0,28.432,0,0,0,3,2,R,それいゆ るな,160,86,0.43,0,85,0,0,0,0,0,0,0,0,0,0,0,0,0,0,0,0,0.016,-37.841,하루（Haru）,0.102,-17.339,Pring__,-21.878,-46.747,Fresh825,-14.775,-61.417,눈꽃,18.235,-45.36,Espressο,14.049,-63.628,AI,35.7,-81.8,Yaksok~,0.322,-111.078,AI,-35.7,-81.8,0,0,0,0,0,,0,0,0,0,0,0,0,0,0,0
41,2,0,0,0,0,1,0,0,0,0,255,255,255,7,1319.415,Pugeuk,R,28,138,-0.141,0.149,-0.032,1.675,-36.604,0,0,66.28,-90.095,26.759,0,0,1,3,2,R,それいゆ るな,160,86,0.43,0,85,0,0,0,0,0,0,0,0,0,0,0,0,0,0,0,0,-0.316,-37.871,하루（Haru）,-0.113,-17.309,Pring__,-21.873,-46.744,Fresh825,-14.475,-61.707,눈꽃,17.533,-44.42,Espressο,13.985,-63.585,AI,35.7,-81.8,Yaksok~,0.324,-111.067,AI,-35.7,-81.8,0,0,0,0,0,,0,0,0,0,0,0,0,0,0,0
42,2,0,0,0,0,2,0,0,0,0,255,255,255,8,1334.673,Pugeuk,R,0,97,-3.151,-0.928,-0.111,1.626,-36.797,1,0,-46.227,2.503,6.881,0,0,0,3,2,R,それいゆ るな,160,86,0.43,0,85,0,0,0,0,0,0,0,0,0,0,0,0,0,0,0,0,-0.054,-38.14,하루（Haru）,-0.575,-17.332,Pring__,-22.351,-46.905,Fresh825,-14.364,-61.51,눈꽃,16.132,-45.188,Espressο,13.985,-63.586,AI,35.7,-81.8,Yaksok~,-1.772,-110.281,AI,-35.7,-81.8,0,0,0,0,0,,0,0,0,0,0,0,0,0,0,0
43,2,0,0,0,1,2,0,0,0,0,255,255,255,9,1352.008,Pugeuk,R,2,111,-4.89,0.909,-0.114,1.654,-36.724,1,0,-375.293,-330.386,20.279,0,0,0,3,2,R,それいゆ るな,160,86,0.43,0,85,0,0,0,0,0,0,0,0,0,0,0,0,0,0,0,0,-0.159,-37.611,하루（Haru）,-0.557,-17.324,Pring__,-22.486,-46.776,Fresh825,-14.254,-61.758,눈꽃,16.034,-46.461,Espressο,13.975,-63.586,AI,35.7,-81.8,Yaksok~,-1.925,-110.149,AI,-35.7,-81.8,0,0,0,0,0,,0,0,0,0,0,0,0,0,0,0
44,2,0,0,0,2,2,0,0,0,0,255,255,255,10,1370.286,Pugeuk,R,13,93,-0.057,-1.62,0.227,1.816,-36.836,4,0,-168.331,291.016,2.714,-0.079,-18.57,1,3,2,R,それいゆ るな,160,86,0.43,0,85,0,0,0,0,0,0,0,0,0,0,0,0,0,0,0,0,-0.592,-37.972,하루（Haru）,0.194,-17.347,Pring__,-22.153,-45.342,Fresh825,-16.683,-62.571,눈꽃,18.394,-45.28,Espressο,13.958,-63.579,AI,35.7,-81.8,Yaksok~,-1.973,-110.263,AI,-35.7,-81.8,0,0,0,0,0,,0,0,0,8,0,0,0,0,0,0
45,2,0,0,0,0,0,1,0,0,0,255,255,255,11,1397.02,Pugeuk,R,15,104,0.152,1.784,0.177,1.646,-36.714,4,0,0,-400,3.632,0,0,1,4,3,R,즉석카레,169.7,95,0.404,0,84,0,0,0,0,0,0,0,0,0,0,0,0,0,0,0,0,-0.134,-37.752,하루（Haru）,0.123,-17.298,Pring__,-22.293,-47.893,Fresh825,-16.645,-62.622,눈꽃,18.419,-45.309,Espressο,16.006,-62.073,AI,35.7,-81.8,Yaksok~,-1.953,-110.473,AI,-35.7,-81.8,0,0,0,0,0,,0,0,0,0,0,0,0,0,0,0
46,2,0,0,0,0,1,1,0,0,0,255,255,255,12,1413.327,Pugeuk,R,15,116,-0.367,0.781,0.101,1.594,-36.686,2,0,-2.43,-400,15.049,0,0,1,4,3,R,즉석카레,169.7,95,0.404,2,84,1414.206,239,14,124,70,45,255,150,94,29.232,7.255,-0.12,-0.113,-0.097,0.057,0,-0.272,-37.165,하루（Haru）,0.122,-17.256,Pring__,-22.291,-47.885,Fresh825,-16.619,-62.661,눈꽃,18.36,-45.359,Espressο,16.034,-62.221,AI,35.7,-81.8,Yaksok~,-2.22,-110.762,AI,-35.7,-81.8,1426.952,-21.173,-132.099,0,0,,0,0,1,0,0,0,0,0,0,2
47,2,0,0,1,0,0,1,0,0,0,255,255,255,13,1460.281,Pugeuk,R,6,100,0.858,-0.066,-0.384,1.81,-36.852,0,0,454.546,0,24.1,0.732,-17.859,1,5,0,R,coder_,190,95,0.398,0,85,0,0,0,0,0,0,0,0,0,0,0,0,0,0,0,0,-0.085,-37.853,하루（Haru）,0.14,-17.137,Pring__,-18.992,-43.28,Fresh825,-11.932,-64.912,눈꽃,17.131,-44.574,Espressο,15.743,-63.392,AI,35.7,-81.8,Yaksok~,-1.614,-116.417,AI,-35.7,-81.8,0,0,0,0,0,,0,0,0,0,0,0,0,0,0,0
48,2,0,0,1,0,1,1,0,0,0,255,255,255,14,1476.083,Pugeuk,R,14,126,2.997,-1.363,-0.045,1.581,-36.666,1,0,411.302,284.307,9.284,0.908,-17.165,0,5,0,R,coder_,190,95,0.398,0,85,0,0,0,0,0,0,0,0,0,0,0,0,0,0,0,0,0.027,-37.648,하루（Haru）,0.664,-17.403,Pring__,-22.515,-47.695,Fresh825,-12.045,-64.877,눈꽃,17.183,-44.64,Espressο,15.646,-63.38,AI,35.7,-81.8,Yaksok~,-1.727,-116.44,AI,-35.7,-81.8,0,0,0,0,0,,0,0,0,0,0,0,0,0,0,0
49,2,0,0,1,1,1,1,0,0,0,255,255,255,15,1489.752,Pugeuk,R,15,93,1.17,0.915,0.372,1.652,-36.908,2,0,-56.693,-400,27.554,0,0,1,5,0,R,coder_,190,95,0.398,3,85,1491.013,50,19,75,61,31,107,74,74,14.436,16.109,0.07,-0.084,-0.024,0.17,0,-0.106,-37.368,하루（Haru）,0.098,-17.435,Pring__,-22.508,-47.677,Fresh825,-12.194,-64.753,눈꽃,17.081,-44.548,Espressο,15.619,-63.387,AI,35.7,-81.8,Yaksok~,-2.051,-116.504,AI,-35.7,-81.8,1493.397,-12.877,-59.784,0,0,,0,0,0,0,0,0,0,0,0,1
50,2,0,0,1,0,0,2,0,0,0,255,255,255,16,1519.271,Pugeuk,R,6,112,4.088,-0.326,-0.127,1.744,-36.698,2,0,500,0,17.032,0,0,1,0,4,L,NABIMan,190,95,0.55,3,85,1520.297,184,18,151,84,56,202,150,118,-19.445,-27.641,0.89,0.049,0.015,0.045,0,-0.064,-37.676,하루（Haru）,0.643,-17.131,Pring__,-23.035,-47.995,Fresh825,-15.482,-63.506,눈꽃,18.968,-44.976,Espressο,15.36,-63.133,AI,35.7,-81.8,Yaksok~,2.637,-115.713,AI,-35.7,-81.8,1523.386,31.544,-82.215,0,0,,0,0,1,0,0,0,0,0,0,2
51,2,0,0,1,0,0,2,1,0,0,13,255,255,17,1558.044,Pugeuk,R,32,140,-0.164,-0.729,0.007,1.635,-36.701,0,0,203.715,46.053,42.168,0,0,0,1,5,L,vovopo 보보포,160,94,0.599,0,85,0,0,0,0,0,0,0,0,0,0,0,0,0,0,0,0,-0.378,-37.309,하루（Haru）,0.098,-17.29,Pring__,-20.682,-41.559,Fresh825,-5.711,-62.787,눈꽃,18.233,-45.471,Espressο,15.415,-62.86,AI,35.7,-81.8,Yaksok~,6.324,-117.2,AI,-35.7,-81.8,0,0,0,0,0,,0,0,0,0,0,0,0,0,0,0
52,2,0,0,1,0,1,2,1,0,0,13,255,255,18,1586.755,Pugeuk,R,2,112,-0.936,0.323,0.185,1.496,-36.78,2,0,-347.185,-359.809,53.743,0,0,1,1,5,L,vovopo 보보포,160,94,0.599,2,85,1587.878,255,16,163,75,59,255,150,100,6.953,24.545,0.92,0.036,-0.082,0.082,0,-0.475,-37.157,하루（Haru）,0.123,-17.199,Pring__,-20.618,-44.827,Fresh825,-4.819,-63.24,눈꽃,18.194,-45.372,Espressο,12.494,-63.177,AI,35.7,-81.8,Yaksok~,6.356,-117.267,AI,-35.7,-81.8,1596.63,-27.8,-118.887,0,0,,0,0,1,0,0,0,0,0,0,2
53,2,0,0,2,0,0,2,0,1,0,255,14,255,19,1688.873,Pugeuk,R,6,112,0.065,0.867,-0.231,2.025,-36.809,0,0,433.496,78.258,17.242,0,0,1,2,1,R,甲斐野柊太,190,86,0.2,0,85,0,0,0,0,0,0,0,0,0,0,0,0,0,0,0,0,-0.309,-37.77,하루（Haru）,0.256,-17.268,Pring__,-20.269,-42.722,Fresh825,-14.187,-64.352,눈꽃,19.416,-40.081,Espressο,16.602,-61.055,AI,35.7,-81.8,Yaksok~,-4.205,-114.885,AI,-35.7,-81.8,0,0,0,0,0,,0,0,0,0,0,0,0,0,0,0
54,2,0,0,2,0,1,2,0,0,1,255,255,14,20,1707.93,Pugeuk,R,13,118,-0.776,-2.529,0.051,1.515,-36.647,4,0,-343.189,363.623,34.425,-0.151,-20.284,1,2,1,R,甲斐野柊太,190,86,0.2,0,34,0,0,0,0,0,0,0,0,0,0,0,0,0,0,0,0,-0.087,-38.082,하루（Haru）,0.059,-17.335,Pring__,-20.645,-45.319,Fresh825,-15.059,-64.07,눈꽃,18.957,-40.612,Espressο,16.24,-61.263,AI,35.7,-81.8,Yaksok~,-4.196,-114.908,AI,-35.7,-81.8,0,0,0,0,0,,0,0,0,0,0,0,0,0,0,0
55,2,0,0,2,0,2,2,0,0,1,255,255,14,21,1723.913,Pugeuk,R,32,138,-0.828,0.452,-0.033,1.771,-36.634,2,0,156.444,-105.614,38.199,0,0,1,2,1,R,甲斐野柊太,190,86,0.2,3,34,1724.945,150,15,74,81,37,75,140,94,90,90,-0.5,0.011,-0.091,0.038,0,-0.121,-37.08,하루（Haru）,0.045,-17.395,Pring__,-21.818,-46.895,Fresh825,-14.963,-63.966,눈꽃,17.584,-43.413,Espressο,16.307,-61.423,AI,35.7,-81.8,Yaksok~,-4.277,-114.966,AI,-35.7,-81.8,1730.563,64.894,-10.923,0,0,,0,0,0,0,0,0,0,0,0,3
56,2,0,0,2,0,2,2,0,0,1,255,255,14,22,1745.264,Pugeuk,R,3,112,-1.426,-0.473,0.133,1.848,-36.764,2,0,-410.318,242.205,25.02,0,0,1,2,1,R,甲斐野柊太,190,86,0.2,3,34,1746.397,159,14,65,86,65,48,139,130,-30,27.115,0.3,0.005,-0.085,0.015,0,-0.158,-37.302,하루（Haru）,0.088,-17.495,Pring__,-20.876,-46.623,Fresh825,-13.98,-63.512,눈꽃,17.167,-43.317,Espressο,16.868,-61.072,AI,35.7,-81.8,Yaksok~,-3.347,-115.401,AI,-35.7,-81.8,1752.808,-38.551,-106.323,0,0,,0,0,1,0,0,0,0,0,0,2
57,2,0,0,3,0,0,2,0,1,0,255,10,255,23,1780.852,Pugeuk,R,2,115,0.373,0.402,0.234,1.58,-36.623,0,0,-390.434,-312.348,70.881,0,0,0,3,2,R,それいゆ るな,160,86,0.43,0,35,0,0,0,0,0,0,0,0,0,0,0,0,0,0,0,0,-0.088,-38.058,하루（Haru）,0.162,-17.339,Pring__,-21.321,-46.4,Fresh825,-15.628,-62.458,눈꽃,19.251,-40.032,Espressο,16.538,-62.066,AI,35.7,-81.8,Yaksok~,1.794,-110.811,AI,-35.7,-81.8,0,0,0,0,0,,0,0,0,0,0,0,0,0,0,0
58,2,0,0,3,0,1,2,0,0,1,255,255,10,24,1796.693,Pugeuk,R,2,111,-1.297,1.426,0.19,1.717,-36.638,2,0,-387.38,-316.128,49.431,0,0,1,3,2,R,それいゆ るな,160,86,0.43,2,35,1797.838,255,19,143,73,38,233,150,85,-12.355,42.146,-0.51,-0.033,0.032,0.1,0,-0.125,-37.344,하루（Haru）,0.078,-17.348,Pring__,-21.308,-46.39,Fresh825,-15.603,-62.442,눈꽃,17.741,-44.023,Espressο,16.675,-61.454,AI,35.708,-81.807,Yaksok~,-2.366,-112.849,AI,-35.708,-81.807,1798.097,-4.396,-25.352,0,0,,0,0,0,0,0,0,0,0,0,2
59,3,1,0,3,0,0,0,0,0,0,255,255,255,33,1853.417,coder_,R,6,112,3.261,-1.156,0.147,1.574,-36.533,4,0,408.02,50.439,-9.367,0,0,1,2,1,L,하루（Haru）,190,95,0.55,0,85,0,0,0,0,0,0,0,0,0,0,0,0,0,0,0,0,-0.155,-37.628,甲斐野柊太,0.111,-16.111,それいゆ るな,-22.132,-47.983,즉석카레,-14.764,-63.71,NABIMan,22.97,-48.841,vovopo 보보포,13,-64.07,AI,35.702,-81.802,AI,0,-100.602,AI,-35.702,-81.802,0,0,0,0,0,,0,0,0,0,0,0,0,0,0,0
60,3,1,0,3,0,1,0,0,0,0,255,255,255,34,1871.781,coder_,R,26,129,-2.437,-0.08,-0.202,1.71,-36.476,2,0,-78.251,-174.663,12.271,0,0,1,2,1,L,하루（Haru）,190,95,0.55,3,85,1872.75,161,18,124,50,18,121,150,130,9.621,-41.136,0.28,0.037,-0.03,0.08,0,-0.091,-36.901,甲斐野柊太,-0.037,-16.366,それいゆ るな,-22.493,-48.598,즉석카레,-14.775,-63.73,NABIMan,24.31,-50.212,vovopo 보보포,13.307,-64.645,AI,35.702,-81.802,AI,0,-100.602,AI,-35.702,-81.802,1874.397,37.732,-57.067,0,0,,0,0,0,0,0,0,0,0,0,3
61,3,1,0,3,0,2,0,0,0,0,255,255,255,35,1907.709,coder_,R,26,111,5.579,0.638,0.7,1.982,-36.66,1,0,129.364,-170.428,8.769,0,0,0,2,1,L,하루（Haru）,190,95,0.55,0,84,0,0,0,0,0,0,0,0,0,0,0,0,0,0,0,0,0.274,-36.872,甲斐野柊太,2.425,-16.825,それいゆ るな,-23.048,-49.181,즉석카레,-13.933,-63.457,NABIMan,22.912,-48.194,vovopo 보보포,14.377,-64.259,AI,35.702,-81.802,AI,0,-100.602,AI,-35.702,-81.802,0,0,0,0,0,,0,0,0,0,0,0,0,0,0,0
62,3,1,0,3,1,2,0,0,0,0,255,255,255,36,1920.275,coder_,R,39,100,3.914,0.503,0.473,1.815,-36.478,4,0,108.754,-200,7.679,0,0,1,2,1,L,하루（Haru）,190,95,0.55,0,84,0,0,0,0,0,0,0,0,0,0,0,0,0,0,0,0,0.282,-37.218,甲斐野柊太,-0.741,-17.79,それいゆ るな,-22.841,-44.464,즉석카레,-13.96,-63.46,NABIMan,23.81,-49.16,vovopo 보보포,14.41,-64.279,AI,35.702,-81.802,AI,0,-100.602,AI,-35.702,-81.802,0,0,0,0,0,,0,0,0,0,0,0,0,0,0,0
63,3,1,0,3,0,0,1,0,0,0,255,255,255,37,1948.543,coder_,R,27,129,-0.427,0.875,-0.128,1.675,-36.522,2,0,-32.931,-107.347,4.185,0,0,0,3,4,L,눈꽃,190,90,0.496,3,84,1949.786,127,24,88,79,27,155,142,118,-11.25,26.336,0.13,0.051,-0.008,0,0,-0.093,-37.004,甲斐野柊太,-0.001,-16.381,それいゆ るな,-23.398,-47.496,즉석카레,-14.16,-63.389,NABIMan,24.105,-50.588,vovopo 보보포,14.379,-64.179,AI,35.7,-81.8,AI,0,-100.6,AI,-35.7,-81.8,1952.908,-33.279,-85.73,0,0,,0,0,1,0,0,0,0,0,0,2
64,3,1,0,3,0,0,1,1,0,0,4,255,255,38,2002.765,coder_,R,26,128,-1.229,0.634,-0.103,1.821,-36.592,2,0,-35.292,-187.987,2.977,0,0,1,4,3,L,Fresh825,173,86,0.8,3,85,2003.868,95,14,115,65,12,162,139,96,103.266,72.692,-0.03,0.036,-0.023,0.189,0,-0.038,-37.041,甲斐野柊太,-0.007,-16.345,それいゆ るな,-19.972,-40.261,즉석카레,-13.455,-64.577,NABIMan,24.552,-50.484,vovopo 보보포,11.026,-64.947,AI,35.7,-81.8,AI,0,-100.6,AI,-35.7,-81.8,0,0,0,0,0,,0,0,0,0,0,0,0,0,0,3
65,3,1,0,3,0,1,1,1,0,0,4,255,255,39,2020.396,coder_,R,0,120,0.366,-0.312,0.034,1.723,-36.493,0,0,0,0,-7.034,0,0,0,4,3,L,Fresh825,173,86,0.8,0,85,0,0,0,0,0,0,0,0,0,0,0,0,0,0,0,0,-0.12,-37.66,甲斐野柊太,-0.107,-17.036,それいゆ るな,-19.949,-40.622,즉석카레,-14.171,-64.267,NABIMan,22.663,-47.685,vovopo 보보포,11.426,-64.318,AI,35.7,-81.8,AI,0,-100.6,AI,-35.7,-81.8,0,0,0,0,0,,0,0,0,0,0,0,0,0,0,0
66,3,1,0,3,0,2,1,1,0,0,4,255,255,40,2040.278,coder_,R,6,89,2.949,0.257,0.149,1.842,-36.486,4,0,346.031,0,-2.678,0,0,1,4,3,L,Fresh825,173,86,0.8,0,85,0,0,0,0,0,0,0,0,0,0,0,0,0,0,0,0,-0.156,-37.572,甲斐野柊太,0.037,-16.218,それいゆ るな,-19.52,-40.057,즉석카레,-11.444,-64.112,NABIMan,21.774,-45.358,vovopo 보보포,10.04,-63.322,AI,35.7,-81.8,AI,0,-100.6,AI,-35.7,-81.8,0,0,0,0,0,,0,0,0,0,0,0,0,0,0,0
67,3,1,0,3,0,0,2,1,0,0,4,255,255,41,2118.468,coder_,R,10,96,2.398,-0.238,0.333,1.982,-36.516,2,0,0,400,16.763,0,0,1,5,0,R,Pugeuk,190,92.606,0.547,3,85,2119.538,215,28,152,98,62,129,150,112,30.953,28.15,0.9,-0.009,-0.05,0.096,0,0.129,-36.93,甲斐野柊太,-0.036,-16.449,それいゆ るな,-20.093,-40.4,즉석카레,-14.627,-63.566,NABIMan,24.365,-51.433,vovopo 보보포,7.375,-66.326,AI,35.7,-81.8,AI,0,-100.6,AI,-35.7,-81.8,2124.286,-50.352,-100.863,0,0,,0,0,1,0,0,0,0,0,0,2
68,3,1,0,3,0,0,2,0,1,1,255,0,4,42,2159.579,coder_,R,26,116,-0.607,3.65,-0.049,2.31,-36.778,1,0,-20.141,-153.674,4.027,-0.268,-6.421,0,6,7,L,Yaksok~,173,92.369,0.505,0,85,0,0,0,0,0,0,0,0,0,0,0,0,0,0,0,0,0.512,-31.891,甲斐野柊太,0.425,-15.35,それいゆ るな,-22.148,-46.417,즉석카레,-6.708,-62.003,NABIMan,20.735,-45.19,vovopo 보보포,9.428,-64.389,AI,35.7,-81.8,AI,0,-100.6,AI,-35.7,-81.8,0,0,0,0,0,,0,0,0,0,0,0,0,0,0,0
69,3,1,0,3,1,0,2,0,1,1,255,0,4,43,2181.846,coder_,R,26,125,-0.329,1.413,-0.032,1.947,-36.544,2,0,4.216,-176.812,7.854,0,0,1,6,7,L,Yaksok~,173,92.369,0.505,3,85,2182.704,255,22,80,57,44,113,141,90,-41.64,49.69,-0.39,-0.003,-0.016,0,0,-0.188,-36.692,甲斐野柊太,0.124,-16.322,それいゆ るな,-22.45,-47.12,즉석카레,-13.574,-63.366,NABIMan,21.336,-47.037,vovopo 보보포,3.197,-60.953,AI,35.7,-81.8,AI,0,-100.6,AI,-35.7,-81.8,2182.819,-1.746,-21.259,0,0,,0,0,0,0,0,0,0,0,0,2
70,3,1,0,3,1,1,2,0,1,1,255,0,4,44,2204.226,coder_,R,7,106,2.16,-0.934,0.185,1.55,-36.504,4,0,188.383,0,-4.47,0,0,1,6,7,L,Yaksok~,173,92.369,0.505,0,70,0,0,0,0,0,0,0,0,0,0,0,0,0,0,0,0,-0.055,-37.42,甲斐野柊太,0.62,-17.068,それいゆ るな,-21.28,-43.959,즉석카레,-13.832,-63.353,NABIMan,20.2,-43.255,vovopo 보보포,4.235,-60.878,AI,35.7,-81.8,AI,0,-100.6,AI,-35.7,-81.8,0,0,0,0,0,,0,0,0,0,0,0,0,0,0,2
71,3,1,2,3,1,2,2,0,0,0,255,255,255,45,2236.682,coder_,R,38,87,1.579,-0.058,0.207,1.758,-36.528,4,0,15.786,-13.371,0.229,0,0,1,6,7,L,Yaksok~,173,92.369,0.505,0,70,0,0,0,0,0,0,0,0,0,0,0,0,0,0,0,0,-0.115,-37.048,甲斐野柊太,-0.028,-16.384,それいゆ るな,-22.483,-47.424,즉석카레,-13.999,-63.348,NABIMan,20.661,-45.766,vovopo 보보포,13.744,-63.81,AI,35.7,-81.8,AI,0,-100.6,AI,-35.7,-81.8,0,0,0,0,0,,0,0,0,0,0,0,0,0,0,0
72,3,0,2,3,0,0,0,0,0,0,255,255,255,25,2272.306,Pugeuk,R,15,103,1.613,1.777,0.28,1.868,-36.871,4,0,0,-400,85.2,0,0,1,4,3,R,즉석카레,169.7,95,0.404,0,85,0,0,0,0,0,0,0,0,0,0,0,0,0,0,0,0,-0.369,-37.675,하루（Haru）,0.141,-17.263,Pring__,-22.622,-47.801,Fresh825,-16.227,-64.24,눈꽃,17.96,-45.071,Espressο,15.622,-62.546,AI,35.7,-81.8,Yaksok~,-2.142,-107.708,AI,-35.7,-81.8,0,0,0,0,0,,0,0,0,0,0,0,0,0,0,0
73,3,0,2,3,0,1,0,0,0,0,255,255,255,26,2285.613,Pugeuk,R,2,112,-0.47,3.875,0.147,1.99,-36.826,1,0,-390.434,-312.348,93.257,0,0,0,4,3,R,즉석카레,169.7,95,0.404,0,85,0,0,0,0,0,0,0,0,0,0,0,0,0,0,0,0,-0.079,-37.726,하루（Haru）,0.114,-17.252,Pring__,-22.65,-47.754,Fresh825,-15.732,-63.445,눈꽃,17.965,-45.033,Espressο,15.645,-62.545,AI,35.7,-81.8,Yaksok~,-2.073,-107.745,AI,-35.7,-81.8,0,0,0,0,0,,0,0,0,0,0,0,0,0,0,0
74,3,0,2,3,1,1,0,0,0,0,255,255,255,27,2302.089,Pugeuk,R,2,116,0.117,1.327,0.126,1.782,-36.672,2,0,-390.434,-312.348,48.159,0,0,1,4,3,R,즉석카레,169.7,95,0.404,2,85,2302.947,255,17,97,74,54,181,150,90,6.574,-23.967,-0.45,-0.05,-0.051,0.023,0,-0.25,-37.157,하루（Haru）,0.119,-17.213,Pring__,-22.773,-47.758,Fresh825,-14.906,-62.353,눈꽃,17.931,-45.032,Espressο,15.643,-62.488,AI,35.7,-81.8,Yaksok~,-2.075,-107.747,AI,-35.7,-81.8,2306.497,32.319,-74.044,0,0,,0,0,1,0,0,0,0,0,0,2
75,3,0,2,3,0,0,0,1,0,0,12,255,255,28,2330.695,Pugeuk,R,33,132,-2.589,-1.332,-0.179,1.518,-36.626,1,0,115.121,-71.637,12.443,0,0,0,5,0,R,coder_,190,95,0.398,0,85,0,0,0,0,0,0,0,0,0,0,0,0,0,0,0,0,-0.4,-37.105,하루（Haru）,-0.401,-17.412,Pring__,-20.888,-43.819,Fresh825,-14.899,-63.72,눈꽃,18.949,-41.755,Espressο,13.579,-61.721,AI,35.7,-81.8,Yaksok~,-0.564,-106.382,AI,-35.7,-81.8,0,0,0,0,0,,0,0,0,0,0,0,0,0,0,0
76,3,0,2,3,1,0,0,0,1,0,255,12,255,29,2351.958,Pugeuk,R,15,113,0.396,0.791,0.159,1.618,-36.783,2,0,0,-400,20.592,0,0,1,5,0,R,coder_,190,95,0.398,3,85,2353.042,201,14,130,66,48,148,150,127,33.621,12.593,0.28,-0.106,-0.053,0.203,0,-0.322,-37.227,하루（Haru）,0.111,-17.279,Pring__,-23.194,-47.631,Fresh825,-14.598,-63.754,눈꽃,16.941,-43.892,Espressο,14.317,-63.995,AI,35.7,-81.8,Yaksok~,-1.863,-106.617,AI,-35.7,-81.8,2358.997,-31.617,-132.946,0,0,,0,0,0,0,0,0,0,0,0,4
77,3,0,2,5,0,0,0,0,0,0,255,255,255,30,2392.744,Pugeuk,R,34,134,-2.001,-0.049,-0.214,1.652,-36.552,1,0,93.163,-70.393,26.279,0,0,0,0,4,R,NABIMan,190,95,0.55,0,85,0,0,0,0,0,0,0,0,0,0,0,0,0,0,0,0,-0.151,-37.811,하루（Haru）,-0.364,-17.23,Pring__,-23.245,-47.938,Fresh825,-14.257,-64.079,눈꽃,17.807,-45.095,Espressο,14.485,-64.268,AI,35.7,-81.8,Yaksok~,-4.948,-117.436,AI,-35.7,-81.8,0,0,0,0,0,,0,0,0,0,0,0,0,0,0,0
78,3,0,2,5,1,0,0,0,0,0,255,255,255,31,2406.16,Pugeuk,R,14,114,0.376,0.798,-0.232,1.929,-36.794,2,0,390.434,312.348,11.355,0,0,1,0,4,R,NABIMan,190,95,0.55,3,38,2407.268,203,21,87,115,79,79,150,129,-4.865,10.394,0.57,-0.072,0.099,0.033,0,0.007,-37.469,하루（Haru）,0.096,-17.09,Pring__,-21.547,-44.19,Fresh825,-14.295,-64.234,눈꽃,17.295,-45.502,Espressο,14.449,-64.371,AI,35.7,-81.8,Yaksok~,-4.963,-117.415,AI,-35.7,-81.8,2407.486,-2.194,-32.022,0,0,,0,0,1,0,0,0,0,0,0,2
79,3,0,2,5,0,0,0,1,0,0,13,255,255,32,2434.361,Pugeuk,R,27,140,-0.105,-0.741,-0.022,1.55,-36.587,0,0,42.322,-104.591,24.687,0,0,0,1,5,L,vovopo 보보포,160,94,0.599,0,39,0,0,0,0,0,0,0,0,0,0,0,0,0,0,0,0,-0.152,-37.961,하루（Haru）,0.124,-17.243,Pring__,-20.628,-41.399,Fresh825,-9.994,-64.382,눈꽃,18.681,-42.951,Espressο,12.519,-62.98,AI,35.7,-81.8,Yaksok~,2.426,-118.064,AI,-35.7,-81.8,0,0,0,0,0,,0,0,0,0,0,0,0,0,0,0
80,3,0,2,5,0,1,0,1,0,0,13,255,255,33,2446.665,Pugeuk,R,33,134,-1.979,-0.653,-0.194,1.604,-36.546,3,0,104.68,-85.711,22.516,0.177,-20.061,0,1,5,L,vovopo 보보포,160,94,0.599,0,39,0,0,0,0,0,0,0,0,0,0,0,0,0,0,0,0,0.022,-37.645,하루（Haru）,-0.197,-17.245,Pring__,-20.436,-41.529,Fresh825,-10.592,-62.177,눈꽃,17.739,-46.052,Espressο,16.062,-63.304,AI,35.7,-81.8,Yaksok~,2.392,-118.066,AI,-35.7,-81.8,0,0,0,0,0,,0,0,0,0,0,0,0,0,0,6
81,3,0,2,5,2,1,0,1,0,0,14,255,255,34,2473.753,Pugeuk,R,33,133,-1.398,-0.558,-0.164,1.58,-36.518,2,0,111.133,-80.086,18.315,0,0,1,1,5,L,vovopo 보보포,160,94,0.599,2,85,2474.797,255,8,130,61,33,255,150,85,9.605,43.493,-0.51,-0.006,-0.061,0.179,0,-0.549,-36.665,하루（Haru）,-0.157,-17.411,Pring__,-21.247,-44.08,Fresh825,-9.511,-62.169,눈꽃,17.695,-46.035,Espressο,16.06,-63.392,AI,35.7,-81.8,Yaksok~,2.734,-118.215,AI,-35.7,-81.8,2476.241,-23.717,-40.606,0,0,,0,0,0,0,0,0,0,0,0,3
82,3,0,2,5,2,2,0,1,0,0,14,255,255,35,2496.214,Pugeuk,R,33,135,1.412,-1.548,-0.108,1.503,-36.511,2,0,129.675,-62.646,17.367,0,0,1,1,5,L,vovopo 보보포,160,94,0.599,2,85,2497.267,255,14,126,45,1,230,150,87,11.326,22.016,-0.45,-0.011,-0.035,0.234,0,-0.288,-36.998,하루（Haru）,-0.106,-17.14,Pring__,-20.439,-43.441,Fresh825,-12.854,-62.1,눈꽃,17.531,-44.684,Espressο,16.253,-62.663,AI,35.7,-81.8,Yaksok~,0.464,-115.564,AI,-35.7,-81.8,0,0,0,0,0,,0,0,0,0,0,0,0,0,0,1
83,3,0,2,5,0,0,1,1,0,0,14,255,255,36,2533.324,Pugeuk,R,26,139,-1.545,-0.633,-0.11,1.506,-36.471,1,0,-132.457,-200,42.335,0,0,0,2,1,R,甲斐野柊太,190,86,0.2,0,34,0,0,0,0,0,0,0,0,0,0,0,0,0,0,0,0,-0.274,-37.955,하루（Haru）,0.068,-17.267,Pring__,-20.02,-42.397,Fresh825,-10.951,-64.561,눈꽃,18.492,-41.239,Espressο,13.361,-62.039,AI,35.7,-81.8,Yaksok~,-3.621,-116.312,AI,-35.7,-81.8,0,0,0,0,0,,0,0,0,0,0,0,0,0,0,0
84,3,0,2,5,1,0,1,1,0,0,14,255,255,37,2547.607,Pugeuk,R,26,129,-0.335,0.544,-0.027,1.728,-36.623,2,0,-14.564,-187.719,23.789,0,0,0,2,1,R,甲斐野柊太,190,86,0.2,3,34,2548.723,34,3,27,20,46,22,23,42,25.979,34.014,0.63,-0.017,-0.096,0.034,0.286,-0.11,-37.262,하루（Haru）,0.085,-17.425,Pring__,-19.994,-43.179,Fresh825,-9.971,-65.142,눈꽃,17.107,-44.105,Espressο,13.166,-62.01,AI,35.7,-81.8,Yaksok~,-3.621,-116.317,AI,-35.7,-81.8,2550.908,-11.503,-37.302,0,0,,0,0,1,0,0,0,0,0,0,2
85,3,0,2,5,0,0,2,0,1,0,255,10,255,38,2610.277,Pugeuk,R,2,113,-0.293,1.83,0.162,1.816,-36.642,1,0,-395.274,-306.201,80.928,0,0,0,3,2,R,それいゆ るな,160,86,0.43,0,85,0,0,0,0,0,0,0,0,0,0,0,0,0,0,0,0,-0.071,-37.465,하루（Haru）,0.133,-17.067,Pring__,-20.577,-43.474,Fresh825,-15.023,-62.726,눈꽃,19.319,-39.941,Espressο,7.157,-60.7,AI,35.7,-81.8,Yaksok~,-6.305,-117.436,AI,-35.7,-81.8,0,0,0,0,0,,0,0,0,0,0,0,0,0,0,0
86,3,0,2,5,1,0,2,0,0,1,255,255,10,39,2633.159,Pugeuk,R,28,139,-1.076,-1.002,-0.116,1.523,-36.471,0,0,58.587,-72.05,38.26,0,0,0,3,2,R,それいゆ るな,160,86,0.43,0,85,0,0,0,0,0,0,0,0,0,0,0,0,0,0,0,0,-0.27,-38.083,하루（Haru）,0.151,-17.275,Pring__,-20.499,-42.621,Fresh825,-15.141,-62.748,눈꽃,19.071,-40.019,Espressο,14.874,-64.007,AI,35.7,-81.8,Yaksok~,-5.21,-116.502,AI,-35.7,-81.8,0,0,0,0,0,,0,0,0,0,0,0,0,0,0,0
87,3,0,2,5,1,1,2,0,0,1,255,255,10,40,2647.005,Pugeuk,R,26,140,-1.191,-1.259,-0.111,1.458,-36.457,1,0,1.996,-187.76,35.673,0,0,0,3,2,R,それいゆ るな,160,86,0.43,0,85,0,0,0,0,0,0,0,0,0,0,0,0,0,0,0,0,-0.458,-38.002,하루（Haru）,0.013,-17.279,Pring__,-20.899,-43.724,Fresh825,-15.115,-62.901,눈꽃,19.2,-40.131,Espressο,14.844,-63.898,AI,35.7,-81.8,Yaksok~,-5.219,-116.51,AI,-35.7,-81.8,0,0,0,0,0,,0,0,0,0,0,0,0,0,0,0
88,3,0,2,5,2,1,2,0,0,1,255,255,10,41,2662.256,Pugeuk,R,0,118,-3.42,0.194,-0.348,1.794,-36.72,4,0,19.128,0,19.128,0,0,1,3,2,R,それいゆ るな,160,86,0.43,0,85,0,0,0,0,0,0,0,0,0,0,0,0,0,0,0,0,-0.196,-37.574,하루（Haru）,-0.042,-17.25,Pring__,-21.366,-43.551,Fresh825,-15.304,-62.957,눈꽃,19.281,-40.03,Espressο,14.84,-63.882,AI,35.7,-81.8,Yaksok~,-5.109,-116.43,AI,-35.7,-81.8,0,0,0,0,0,,0,0,0,0,0,0,0,0,0,0
89,3,0,2,5,2,2,2,0,0,1,255,255,10,42,2677.926,Pugeuk,R,34,133,0.826,-1.087,0.048,1.511,-36.481,0,0,95.625,-68.288,21.336,0,0,0,3,2,R,それいゆ るな,160,86,0.43,0,85,0,0,0,0,0,0,0,0,0,0,0,0,0,0,0,0,-0.442,-38.355,하루（Haru）,0.152,-17.322,Pring__,-22.026,-43.614,Fresh825,-15.145,-62.781,눈꽃,19.146,-40.279,Espressο,14.866,-63.936,AI,35.7,-81.8,Yaksok~,-5.115,-116.422,AI,-35.7,-81.8,0,0,0,0,0,,0,0,0,0,0,0,0,0,0,0
90,4,1,2,5,0,0,0,0,0,0,255,255,255,46,2791.172,coder_,R,26,109,-1.169,1.901,-0.141,2.175,-36.578,1,0,-36.74,-173.988,5.606,0,0,0,0,2,L,Pring__,179.8,95,0.401,0,62,0,0,0,0,0,0,0,0,0,0,0,0,0,0,0,0,-0.154,-37.299,甲斐野柊太,0.057,-16.325,それいゆ るな,-21.938,-46.846,즉석카레,-14.732,-63.155,NABIMan,22.268,-48.978,vovopo 보보포,15.451,-63.41,AI,35.702,-81.801,별이__,2.571,-111.181,AI,-35.702,-81.801,0,0,0,0,0,,0,0,0,0,0,0,0,0,0,0
91,4,1,2,5,1,0,0,0,0,0,255,255,255,47,2801.733,coder_,R,26,129,-1.876,-0.305,-0.161,1.67,-36.416,2,0,-45.973,-174.441,14.917,0,0,1,0,2,L,Pring__,179.8,95,0.401,3,62,2802.627,255,21,165,102,57,196,150,94,90.048,-89.9,-0.45,0.017,-0.034,0.089,0,0.055,-36.804,甲斐野柊太,-0.081,-16.358,それいゆ るな,-20.845,-46.194,즉석카레,-14.73,-63.13,NABIMan,23.037,-49.779,vovopo 보보포,15.3,-63.542,AI,35.702,-81.802,별이__,2.925,-110.893,AI,-35.702,-81.802,2809.119,-41.129,-16.783,0,0,,0,0,0,0,0,0,0,0,0,3
92,4,1,2,5,1,1,0,0,0,0,255,255,255,48,2826.58,coder_,R,0,122,0.695,0.085,0.065,1.784,-36.504,2,0,0,0,-3.674,0,0,1,0,2,L,Pring__,179.8,95,0.401,3,62,2827.517,219,19,138,89,62,184,150,115,15.324,28.182,0.17,-0.004,-0.065,0.06,0,-0.156,-36.637,甲斐野柊太,0.01,-16.417,それいゆ るな,-22.804,-47.045,즉석카레,-15.098,-63.018,NABIMan,23.853,-50.381,vovopo 보보포,14.886,-64.067,AI,35.702,-81.802,별이__,3.058,-109.526,AI,-35.702,-81.802,2830.963,-27.369,-100.725,0,0,,0,0,1,0,0,0,0,0,0,2
93,4,1,2,5,0,0,0,0,1,0,255,2,255,49,2859.22,coder_,R,10,120,0.606,-0.887,0.056,1.788,-36.474,2,0,0,400,9.319,0,0,1,1,5,R,Espressο,160,89.769,0.2,3,85,2860.22,154,11,53,59,46,45,131,82,3.939,-13.293,-0.24,-0.056,0.008,0,0,-0.061,-36.99,甲斐野柊太,-0.044,-16.039,それいゆ るな,-20.398,-47.402,즉석카레,-13.127,-60.396,NABIMan,21.515,-46.735,vovopo 보보포,5.515,-60.065,AI,35.702,-81.802,별이__,-2.714,-108.491,AI,-35.702,-81.802,2860.963,4.004,-38.768,0,0,,0,0,0,0,0,0,0,0,0,2
94,4,1,2,5,0,0,1,0,0,1,255,255,2,50,2904.161,coder_,R,27,126,-2.049,0.386,-0.181,1.813,-36.521,1,0,-29.379,-120.606,8.435,0,0,0,2,1,L,하루（Haru）,190,95,0.55,0,85,0,0,0,0,0,0,0,0,0,0,0,0,0,0,0,0,-0.034,-37.337,甲斐野柊太,-0.054,-16.424,それいゆ るな,-22.493,-47.03,즉석카레,-14.496,-63.27,NABIMan,22.379,-46.369,vovopo 보보포,14.067,-63.827,AI,35.702,-81.801,별이__,6.481,-104.876,AI,-35.702,-81.801,0,0,0,0,0,,0,0,0,0,0,0,0,0,0,0
95,4,1,2,5,1,0,1,0,0,1,255,255,2,51,2918.684,coder_,R,26,129,-1.346,-0.319,-0.106,1.66,-36.449,0,0,-59.643,-187.635,10.184,0,0,0,2,1,L,하루（Haru）,190,95,0.55,0,85,0,0,0,0,0,0,0,0,0,0,0,0,0,0,0,0,0.137,-37.148,甲斐野柊太,-0.011,-16.428,それいゆ るな,-22.379,-47.019,즉석카레,-14.475,-63.254,NABIMan,21.345,-46.597,vovopo 보보포,13.416,-64.747,AI,35.702,-81.801,별이__,6.893,-104.659,AI,-35.702,-81.801,0,0,0,0,0,,0,0,0,0,0,0,0,0,0,0
96,4,1,2,5,1,1,1,0,0,1,255,255,2,52,2931.477,coder_,R,31,111,-0.455,-0.629,-0.011,1.641,-36.437,0,0,-82.313,-47.658,-10.412,0,0,1,2,1,L,하루（Haru）,190,95,0.55,0,85,0,0,0,0,0,0,0,0,0,0,0,0,0,0,0,0,0.08,-37.159,甲斐野柊太,-0.08,-16.45,それいゆ るな,-22.223,-47.359,즉석카레,-14.461,-63.224,NABIMan,21.09,-45.055,vovopo 보보포,13.404,-64.677,mochi_2929,17.598,-15.285,별이__,6.86,-104.171,AI,-35.702,-81.801,0,0,0,0,0,,0,0,0,0,0,0,0,0,0,0
97,4,1,2,5,1,2,1,0,0,1,255,255,2,53,2948.949,coder_,R,28,113,-1.602,2.885,-0.134,2.307,-36.506,1,0,-38.499,-83.58,1.405,0,0,0,2,1,L,하루（Haru）,190,95,0.55,0,85,0,0,0,0,0,0,0,0,0,0,0,0,0,0,0,0,-0.225,-37.133,甲斐野柊太,-0.282,-15.945,それいゆ るな,-22.423,-47.294,즉석카레,-14.511,-63.252,NABIMan,21.215,-44.372,vovopo 보보포,13.933,-64.885,mochi_2929,38.898,-88.479,별이__,7.065,-104.175,AI,-35.7,-81.8,0,0,0,0,0,,0,0,0,0,0,0,0,0,0,0
98,4,1,2,5,2,2,1,0,0,1,255,255,2,54,2965.649,coder_,R,26,124,-0.876,2.696,-0.082,2.244,-36.677,1,0,0.707,-167.409,0.503,-0.251,-6.596,0,2,1,L,하루（Haru）,190,95,0.55,0,85,0,0,0,0,0,0,0,0,0,0,0,0,0,0,0,0,0.869,-32.582,甲斐野柊太,-0.824,-15.174,それいゆ るな,-23.417,-49.137,즉석카레,-14.587,-63.152,NABIMan,21.173,-44.267,vovopo 보보포,13.606,-63.283,mochi_2929,38.425,-86.012,별이__,7.298,-104.592,AI,-35.7,-81.8,0,0,0,0,0,,0,0,0,0,0,0,0,0,0,0
99,4,1,2,5,3,2,1,0,0,1,255,255,2,55,2996.654,coder_,R,26,140,-1.538,-0.592,-0.137,1.609,-36.506,4,0,-22.644,-200,5.915,-0.462,-16.233,1,2,1,L,하루（Haru）,190,95,0.55,0,40,0,0,0,0,0,0,0,0,0,0,0,0,0,0,0,0,-0.12,-37.357,甲斐野柊太,-0.485,-16.393,それいゆ るな,-22.949,-47.511,즉석카레,-14.443,-63.192,NABIMan,20.948,-45.05,vovopo 보보포,13.308,-62.093,mochi_2929,37.503,-84.404,별이__,7.14,-105.118,AI,-35.7,-81.8,0,0,0,0,0,,0,0,1,1,0,0,0,0,0,0
100,4,1,2,5,0,0,2,0,1,0,255,1,255,56,3041.968,coder_,R,6,113,2.366,-0.656,0.09,1.651,-36.539,1,0,343.136,0,-9.778,0,0,0,3,4,L,눈꽃,190,90,0.496,0,85,0,0,0,0,0,0,0,0,0,0,0,0,0,0,0,0,-0.003,-37.678,甲斐野柊太,1.442,-17.801,それいゆ るな,-23.105,-48.366,즉석카레,-12.305,-62.639,NABIMan,21.87,-47.549,vovopo 보보포,8.047,-57.373,mochi_2929,35.851,-81.475,별이__,11.077,-104.21,AI,-35.702,-81.801,0,0,0,0,0,,0,0,0,0,0,0,0,0,0,0
101,4,1,2,5,1,0,2,0,0,1,255,255,1,57,3060.597,coder_,R,26,131,-0.648,0.948,-0.065,1.907,-36.449,2,0,14.873,-182.554,4.668,0,0,0,3,4,L,눈꽃,190,90,0.496,3,85,3061.666,127,21,100,82,45,57,149,106,96.108,78.882,-0.04,0.001,0.04,0,0,-0.127,-36.688,甲斐野柊太,0.007,-16.232,それいゆ るな,-22.843,-48.537,즉석카레,-14.246,-63.169,NABIMan,23.163,-48.13,vovopo 보보포,12.181,-63.013,mochi_2929,37.813,-83.737,별이__,5.035,-109.523,AI,-35.7,-81.8,0,0,0,0,0,,0,0,0,0,0,0,0,0,0,3
102,4,1,2,5,1,1,2,0,0,1,255,255,1,58,3077.337,coder_,R,26,122,-0.991,2.425,-0.088,2.19,-36.538,1,0,-12.873,-172.41,2.483,0,0,0,3,4,L,눈꽃,190,90,0.496,0,85,0,0,0,0,0,0,0,0,0,0,0,0,0,0,0,0,0.317,-30.714,甲斐野柊太,-0.458,-15.085,それいゆ るな,-24.384,-49.29,즉석카레,-14.634,-63.503,NABIMan,20.154,-44.243,vovopo 보보포,14.55,-64.108,mochi_2929,42.752,-82.479,별이__,6.715,-109.823,AI,-35.7,-81.8,0,0,0,0,0,,0,0,0,4,0,0,0,0,0,0
103,4,0,2,5,0,0,0,0,0,0,255,255,255,43,3146.246,Pugeuk,R,26,136,-2.917,-1.45,-0.246,1.403,-36.407,1,0,-91.731,-196.856,25.489,-0.668,-17.76,0,4,3,R,즉석카레,169.7,95,0.404,0,85,0,0,0,0,0,0,0,0,0,0,0,0,0,0,0,0,-0.441,-37.733,하루（Haru）,-0.195,-17.381,Pring__,-23.032,-48.501,Fresh825,-17.108,-61.848,눈꽃,17.958,-44.704,Espressο,15.159,-62.528,AI,35.7,-81.8,Yaksok~,-2.284,-109.738,HANA_ARASHI,-42.217,-87.927,0,0,0,0,0,,0,0,0,0,0,0,0,0,0,0
104,4,0,2,5,1,0,0,0,0,0,255,255,255,44,3160.519,Pugeuk,R,6,98,-0.158,0.276,-0.414,1.849,-36.8,2,0,373.247,0,17.818,0,0,1,4,3,R,즉석카레,169.7,95,0.404,2,85,3161.532,218,19,114,72,48,246,150,64,26.535,1.542,0.99,-0.132,-0.093,0.057,0,-0.34,-37.41,하루（Haru）,0.085,-17.415,Pring__,-23.095,-48.539,Fresh825,-17.148,-62.33,눈꽃,17.49,-44.991,Espressο,14.959,-62.541,AI,35.7,-81.8,Yaksok~,-2.755,-110.624,HANA_ARASHI,-46.303,-90.663,3165.119,-1.326,-66.78,0,0,,0,0,1,0,0,0,0,0,0,2
105,4,0,2,5,0,0,0,1,0,0,12,255,255,45,3192.566,Pugeuk,R,27,140,-1.377,-0.013,-0.126,1.652,-36.637,0,0,-8.742,-102.342,23.82,0,0,0,5,0,R,coder_,190,95,0.398,0,85,0,0,0,0,0,0,0,0,0,0,0,0,0,0,0,0,0.01,-38.012,하루（Haru）,-0.326,-17.191,Pring__,-20.382,-41.813,Fresh825,-15.164,-63.428,눈꽃,17.044,-44.686,Espressο,17.236,-62.071,AI,35.7,-81.8,Yaksok~,-3.856,-106.743,HANA_ARASHI,-46.366,-92.371,0,0,0,0,0,,0,0,0,0,0,0,0,0,0,0
106,4,0,2,5,0,1,0,1,0,0,12,255,255,46,3205.919,Pugeuk,R,26,140,-0.527,-1.433,-0.059,1.354,-36.39,2,0,40.259,-187.165,35.508,0,0,1,5,0,R,coder_,190,95,0.398,3,85,3206.854,196,19,109,66,24,112,150,117,-6.926,10.534,0.17,-0.107,-0.125,0.243,0,0.08,-37.148,하루（Haru）,0.229,-17.304,Pring__,-20.69,-41.791,Fresh825,-15.23,-63.5,눈꽃,17.067,-44.687,Espressο,16.242,-62.822,AI,35.7,-81.8,Yaksok~,-4.008,-106.806,HANA_ARASHI,-47.063,-93.273,3207.019,-0.734,-24.274,0,0,,0,0,1,0,0,0,0,0,0,2
107,4,0,2,5,0,0,0,1,1,0,255,12,255,47,3247.999,Pugeuk,R,28,128,0.436,1.173,0.025,1.847,-36.57,1,0,57.684,-81.759,23.022,0,0,0,6,7,R,별이__,174.5,95,0.5,0,35,0,0,0,0,0,0,0,0,0,0,0,0,0,0,0,0,-0.086,-37.354,하루（Haru）,0.242,-17.322,Pring__,-19.602,-40.109,Fresh825,-14.467,-63.679,눈꽃,19.589,-40.426,Espressο,15.539,-62.295,AI,35.7,-81.8,Yaksok~,-2.064,-109.938,HANA_ARASHI,-52.031,-99.765,0,0,0,0,0,,0,0,0,0,0,0,0,0,0,0
108,4,0,2,5,1,0,0,1,1,0,255,12,255,48,3267.425,Pugeuk,R,14,115,1.616,0.379,-0.08,1.868,-36.608,2,0,365.826,340.84,33.022,0,0,0,6,7,R,별이__,174.5,95,0.5,2,35,3268.31,73,1,106,39,27,255,122,76,-23.665,41.474,-0.52,0.096,0.066,0.16,0,-0.133,-37.118,하루（Haru）,0.23,-17.379,Pring__,-19.602,-40.007,Fresh825,-14.641,-64.147,눈꽃,17.96,-44.664,Espressο,15.656,-62.266,AI,35.7,-81.8,Yaksok~,-1.67,-110.973,HANA_ARASHI,-46.791,-95.671,3268.419,-1.52,-22.103,0,0,,0,0,0,0,0,0,0,0,0,2
109,4,0,2,5,1,1,0,1,1,0,255,12,255,49,3287.614,Pugeuk,R,10,104,1.29,-1.816,0.135,1.634,-36.619,1,0,0,400,9.256,0.249,-18.747,0,6,7,R,별이__,174.5,95,0.5,0,35,0,0,0,0,0,0,0,0,0,0,0,0,0,0,0,0,-0.184,-37.773,하루（Haru）,0.2,-17.296,Pring__,-19.695,-41.072,Fresh825,-14.037,-58.608,눈꽃,19.383,-40.179,Espressο,15.905,-62.569,AI,35.7,-81.8,Yaksok~,-0.834,-106.797,HANA_ARASHI,-48.724,-94.529,0,0,0,0,0,,0,0,0,0,0,0,0,0,0,0
110,4,0,2,5,1,2,0,1,1,0,255,12,255,50,3307.216,Pugeuk,R,3,115,-4.183,1.8,-0.187,1.979,-36.714,1,0,-399.735,0.001,21.408,0,0,0,6,7,R,별이__,174.5,95,0.5,0,35,0,0,0,0,0,0,0,0,0,0,0,0,0,0,0,0,-0.338,-37.109,하루（Haru）,-0.739,-17.044,Pring__,-19.503,-39.83,Fresh825,-13.998,-58.832,눈꽃,19.574,-40.448,Espressο,14.491,-63.331,AI,35.7,-81.8,Yaksok~,-0.841,-106.771,HANA_ARASHI,-51.133,-98.383,0,0,0,0,0,,0,0,0,0,0,0,0,0,0,0
111,4,0,2,5,0,0,1,1,1,0,255,12,255,51,3330.937,Pugeuk,R,27,139,-2.284,-1.278,-0.21,1.432,-36.585,1,0,-11.201,-143.644,25.466,0,0,0,7,6,R,mochi_2929,175,95,0.453,0,85,0,0,0,0,0,0,0,0,0,0,0,0,0,0,0,0,-0.293,-38.126,하루（Haru）,-0.642,-17.163,Pring__,-19.433,-39.98,Fresh825,-13.971,-58.801,눈꽃,19.028,-40.231,Espressο,13.984,-62.239,AI,35.7,-81.8,Yaksok~,-2.753,-110.52,HANA_ARASHI,-55.051,-98.959,0,0,0,0,0,,0,0,0,0,0,0,0,0,0,0
112,4,0,2,5,1,0,1,0,1,1,255,9,12,52,3369.298,Pugeuk,R,26,130,-2.076,-0.203,-0.188,1.599,-36.571,4,0,-14.931,-163.351,20.004,0,0,1,7,6,R,mochi_2929,175,95,0.453,0,85,0,0,0,0,0,0,0,0,0,0,0,0,0,0,0,0,-0.032,-37.999,하루（Haru）,-0.105,-17.099,Pring__,-19.189,-40.695,Fresh825,-13.936,-58.858,눈꽃,19.285,-39.944,Espressο,15.017,-62.885,AI,35.7,-81.8,Yaksok~,-3.809,-111.613,HANA_ARASHI,-44.024,-95.016,0,0,0,0,0,,0,0,0,0,0,0,0,0,0,0
113,4,0,2,5,1,1,1,0,1,1,255,9,12,53,3389.642,Pugeuk,R,10,118,-1.183,-2.085,-0.129,1.482,-36.507,4,0,54.75,400,9.379,-0.219,-19.086,1,7,6,R,mochi_2929,175,95,0.453,0,85,0,0,0,0,0,0,0,0,0,0,0,0,0,0,0,0,-0.388,-38.057,하루（Haru）,0.126,-17.203,Pring__,-20.166,-42.183,Fresh825,-13.639,-58.984,눈꽃,19.175,-40.296,Espressο,16.092,-63.068,AI,35.7,-81.8,Yaksok~,-2.719,-111.873,HANA_ARASHI,-45.738,-95.86,0,0,0,0,0,,0,0,0,0,0,0,0,0,0,0
114,4,0,2,5,1,2,1,0,1,1,255,9,12,54,3407.853,Pugeuk,R,2,115,-3.228,0.506,-0.09,1.626,-36.523,4,0,-362.246,-344.642,30.527,0,0,1,7,6,R,mochi_2929,175,95,0.453,0,85,0,0,0,0,0,0,0,0,0,0,0,0,0,0,0,0,-0.166,-37.849,하루（Haru）,-0.486,-17.083,Pring__,-19.36,-42.095,Fresh825,-13.681,-58.924,눈꽃,19.405,-40.164,Espressο,16.135,-63.084,AI,35.7,-81.8,Yaksok~,-2.981,-111.942,HANA_ARASHI,-46.648,-98.017,0,0,0,0,0,,0,0,0,16,0,0,0,0,0,0
115,5,1,2,5,0,0,0,0,0,0,255,255,255,59,3490.577,coder_,R,12,120,0.712,0.75,0.066,1.97,-36.55,2,0,0,145.935,-1.964,0,0,0,3,4,L,눈꽃,190,90,0.496,3,85,3491.76,51,18,54,91,57,53,71,71,16.046,4.421,0.75,-0.027,0.053,0.004,0,-0.097,-36.79,甲斐野柊太,-0.009,-16.191,それいゆ るな,-22.29,-48.355,즉석카레,-15.169,-63.097,NABIMan,23.606,-48.091,vovopo 보보포,15.187,-63.84,mochi_2929,39.699,-86.204,별이__,0.525,-111.604,AI,-35.7,-81.8,3494.597,-3.164,-66.025,0,0,,0,0,1,0,0,0,0,0,0,2
116,5,1,2,5,0,0,0,1,0,0,4,255,255,60,3524.94,coder_,R,26,128,-1.255,0.554,-0.095,1.816,-36.464,2,0,-69.571,-160.517,11.464,0,0,1,4,3,L,Fresh825,173,86,0.8,3,85,3526.013,154,11,97,71,31,68,146,92,43.161,-36.208,-0.43,0.06,-0.051,0.091,0,-0.106,-37.175,甲斐野柊太,-0.011,-16.224,それいゆ るな,-22.859,-45.246,즉석카레,-13.957,-63.364,NABIMan,23.096,-48.557,vovopo 보보포,10.289,-65.919,mochi_2929,43.384,-82.735,별이__,0.214,-110.381,AI,-35.7,-81.8,3531.075,48.928,-70.626,0,0,,0,0,0,0,0,0,0,0,0,1
117,5,1,2,5,0,0,1,1,0,0,4,255,255,61,3553.53,coder_,R,10,87,1.456,0.449,0.202,2.431,-36.704,0,0,0,400,-9.284,0,0,0,5,1,R,Pugeuk,190,92.606,0.547,0,85,0,0,0,0,0,0,0,0,0,0,0,0,0,0,0,0,0.171,-37.323,甲斐野柊太,-0.444,-17.141,それいゆ るな,-20.738,-40.94,즉석카레,-11.509,-63.696,NABIMan,22.751,-47.936,vovopo 보보포,7.55,-66.799,mochi_2929,38.466,-86.003,별이__,-1.647,-108.074,AI,-35.7,-81.8,0,0,0,0,0,,0,0,0,0,0,0,0,0,0,0
118,5,1,2,5,0,1,1,1,0,0,4,255,255,62,3578.853,coder_,R,10,107,-0.757,-0.308,-0.105,1.913,-36.612,2,0,0,400,18.41,0,0,1,5,1,R,Pugeuk,190,92.606,0.547,3,85,3580.008,255,29,111,140,63,158,150,111,11.25,6.915,0.93,-0.013,0.001,0.069,0.048,0.139,-37.211,甲斐野柊太,-0.108,-16.355,それいゆ るな,-20.298,-40.965,즉석카레,-14.073,-63.715,NABIMan,23.863,-49.356,vovopo 보보포,5.921,-67.604,mochi_2929,38.816,-86.31,별이__,-1.422,-108.588,AI,-35.7,-81.8,0,0,0,0,0,,0,0,0,8,0,0,0,0,0,1
119,5,0,2,5,0,0,0,0,0,0,255,255,255,55,3665.607,하루（Haru）,R,0,102,2.619,0.9,-0.105,1.913,-36.612,4,0,-2.401,0,0.566,0,0,0,0,1,L,Pugeuk,190,92.606,0.547,0,85,0,0,0,0,0,0,0,0,0,0,0,0,0,0,0,0,-0.546,-37.358,Pugeuk,0.08,-16.471,Pring__,-22.116,-47.789,Fresh825,-12.022,-58.918,눈꽃,18.935,-45.824,Espressο,0.002,-59.296,AI,35.7,-81.8,Yaksok~,7.772,-76.697,HANA_ARASHI,-14.828,-75.197,0,0,0,0,0,,0,0,0,0,0,0,0,0,0,0
120,5,0,2,5,0,0,0,0,0,0,255,255,255,55,3702.583,하루（Haru）,R,28,128,-0.947,-0.391,0.099,2.048,-36.703,0,0,84.738,-88.239,10.224,0,0,0,0,4,L,NABIMan,190,95,0.55,0,85,0,0,0,0,0,0,0,0,0,0,0,0,0,0,0,0,-0.033,-37.603,Pugeuk,-0.119,-16.57,Pring__,-22.178,-47.206,Fresh825,-13.525,-60.987,눈꽃,17.963,-45.199,Espressο,15.161,-63.056,AI,35.7,-81.8,Yaksok~,2.06,-105.687,HANA_ARASHI,-42.695,-96.199,0,0,0,0,0,,0,0,0,0,0,0,0,0,0,0
121,5,0,2,5,0,1,0,0,0,0,255,255,255,56,3718.499,하루（Haru）,R,11,121,0.396,0.144,0.056,1.925,-36.471,2,0,-58.192,210.656,10.217,0,0,1,0,4,L,NABIMan,190,95,0.55,3,85,3719.382,255,27,123,102,16,125,150,106,-3.763,4.232,-0.06,0.073,0.065,0.064,0,-0.077,-37.091,Pugeuk,0.02,-16.503,Pring__,-22.151,-47.234,Fresh825,-13.636,-60.931,눈꽃,17.432,-45.334,Espressο,15.144,-63.041,AI,35.7,-81.8,Yaksok~,2.934,-109.065,HANA_ARASHI,-43.164,-95.418,3719.597,-0.596,-30.803,0,0,,0,0,1,0,0,0,0,0,0,2
122,5,0,2,5,0,0,0,1,0,0,13,255,255,57,3754.041,하루（Haru）,R,34,121,3.269,2.433,0.365,2.163,-37.196,1,0,76.403,-74.959,4.269,0,0,0,1,5,L,vovopo 보보포,160,94,0.599,0,85,0,0,0,0,0,0,0,0,0,0,0,0,0,0,0,0,-0.077,-37.642,Pugeuk,0.22,-16.727,Pring__,-20.007,-40.793,Fresh825,-10.194,-61.635,눈꽃,19.352,-41.12,Espressο,13.919,-62.953,AI,35.7,-81.8,Yaksok~,7.473,-106.157,HANA_ARASHI,-41.425,-97.934,0,0,0,0,0,,0,0,0,0,0,0,0,0,0,0
123,5,0,2,5,1,0,0,1,0,0,13,255,255,58,3771.938,하루（Haru）,R,34,122,0.688,0.991,0.294,2.116,-36.946,2,0,94.832,-79.21,6.725,0,0,1,1,5,L,vovopo 보보포,160,94,0.599,2,85,3773.032,255,18,184,46,44,255,150,86,14.12,-18.306,-0.49,0.021,-0.053,0.178,0,0.1,-37.57,Pugeuk,0.108,-16.631,Pring__,-20.623,-41.889,Fresh825,-8.223,-62.326,눈꽃,17.471,-44.519,Espressο,14.145,-62.888,AI,35.7,-81.8,Yaksok~,5.511,-108.544,HANA_ARASHI,-42.311,-96.475,0,0,0,0,0,,0,0,0,0,0,0,0,0,0,1
124,5,0,2,5,0,0,1,1,0,0,13,255,255,59,3807.645,하루（Haru）,R,27,135,-12.851,3.416,-0.02,1.968,-36.5,2,0,111.952,-137.969,8.152,0,0,1,2,1,R,甲斐野柊太,190,86,0.2,3,85,3808.775,169,15,119,71,43,128,150,97,21.16,33.246,-0.42,0.104,0.022,0.067,0,-0.278,-37.189,Pugeuk,0.043,-16.588,Pring__,-20.47,-41.718,Fresh825,-14.552,-64.296,눈꽃,16.67,-44.604,Espressο,11.86,-63.275,AI,35.7,-81.8,Yaksok~,-2.415,-112.077,HANA_ARASHI,-42.875,-93.196,3812.53,-52.524,-75.055,0,0,,0,0,1,0,0,0,0,0,0,2
125,5,0,2,5,0,0,1,0,1,1,255,17,13,60,3856.165,하루（Haru）,R,32,140,-1.498,-0.417,-0.183,1.738,-36.519,4,0,150.883,-130.215,13.015,0,0,1,3,0,R,それいゆ るな,160,86,0.43,0,85,0,0,0,0,0,0,0,0,0,0,0,0,0,0,0,0,0.009,-37.721,Pugeuk,-0.045,-17.056,Pring__,-22.135,-43.586,Fresh825,-12.723,-60.252,눈꽃,18.279,-40.418,Espressο,11.081,-63.68,AI,35.7,-81.8,Yaksok~,-5.451,-102.522,HANA_ARASHI,-46.164,-95.626,0,0,0,0,0,,0,0,0,0,0,0,0,0,0,0
126,5,0,2,5,0,1,1,0,1,1,255,17,13,61,3875.72,하루（Haru）,R,3,106,-5.657,-0.603,-0.027,1.834,-36.6,1,0,-480.596,0,12.4,-1.678,-15.541,0,3,0,R,それいゆ るな,160,86,0.43,0,85,0,0,0,0,0,0,0,0,0,0,0,0,0,0,0,0,-1.381,-36.5,Pugeuk,-1.519,-15.554,Pring__,-19.274,-40.038,Fresh825,-13.161,-59.916,눈꽃,18.519,-40.09,Espressο,14.254,-63.749,AI,35.7,-81.8,Yaksok~,-5.117,-105.836,HANA_ARASHI,-48.033,-97.546,0,0,0,0,0,,0,0,0,0,0,0,0,0,0,0
127,5,0,2,6,1,1,1,0,0,1,255,255,255,62,3912.852,하루（Haru）,R,3,113,-2.194,-1.333,0.212,1.932,-36.74,2,0,-382.742,29.229,9.959,0,0,1,3,0,R,それいゆ るな,160,86,0.43,3,34,3914.036,220,21,92,78,39,87,150,107,-30,-6.819,0.92,-0.023,-0.016,0.072,0,-0.418,-36.911,Pugeuk,-0.03,-16.568,Pring__,-20.23,-45.575,Fresh825,-14.022,-62.808,눈꽃,18.23,-40.584,Espressο,13.292,-65.023,AI,35.7,-81.8,Yaksok~,1.382,-102.413,HANA_ARASHI,-45.571,-101.639,3913.941,-0.369,-20.566,0,0,,0,0,0,8,0,0,0,0,0,2
128,5,0,2,7,0,0,2,0,0,0,255,255,255,63,3945.35,하루（Haru）,R,27,130,-0.609,1.541,-0.082,2.028,-36.518,4,0,80.356,-135.646,14.99,-0.112,-17.197,1,4,3,R,즉석카레,169.7,95,0.404,0,36,0,0,0,0,0,0,0,0,0,0,0,0,0,0,0,0,0.209,-37.456,Pugeuk,-0.079,-16.537,Pring__,-21.715,-45.661,Fresh825,-12.016,-64.592,눈꽃,17.236,-44.931,Espressο,12.355,-62.279,AI,35.7,-81.8,Yaksok~,-3.313,-109.51,HANA_ARASHI,-44.939,-94.537,0,0,0,0,0,,0,0,0,0,0,0,0,0,0,0
129,5,0,2,7,0,1,2,0,0,0,255,255,255,64,3964.208,하루（Haru）,R,10,74,0.036,-2.811,0.097,1.715,-36.677,4,0,1.465,400,-33.187,0,0,1,4,3,R,즉석카레,169.7,95,0.404,0,36,0,0,0,0,0,0,0,0,0,0,0,0,0,0,0,0,0.024,-37.324,Pugeuk,-0.312,-16.669,Pring__,-21.804,-46.38,Fresh825,-13.07,-65.07,눈꽃,16.592,-45.487,Espressο,12.304,-62.262,AI,35.7,-81.8,Yaksok~,-4.573,-112.047,HANA_ARASHI,-43.261,-97.743,0,0,0,0,0,,0,0,0,0,0,0,0,0,0,0
130,5,0,2,7,0,2,2,0,0,0,255,255,255,65,3981.177,하루（Haru）,R,28,136,-1.436,-0.047,-0.153,1.799,-36.355,2,0,72.004,-78.663,7.97,0,0,1,4,3,R,즉석카레,169.7,95,0.404,2,36,3982.027,241,14,118,70,31,222,150,126,4.656,15.193,0.43,-0.085,-0.022,0.056,0,-0.172,-37.13,Pugeuk,-0.022,-16.332,Pring__,-21.824,-46.411,Fresh825,-13.901,-64.925,눈꽃,17.364,-44.796,Espressο,12.034,-62.412,AI,35.7,-81.8,Yaksok~,-4.627,-112.369,HANA_ARASHI,-42.556,-93.642,3983.23,-13.269,-61.044,0,0,,0,0,1,16,0,0,0,0,0,2
131,6,1,2,7,0,0,0,0,0,0,255,255,255,64,4158.9,それいゆ るな,R,37,108,-0.204,0.154,-0.006,1.024,-37.412,2,0,3.192,55.47,4.464,0,0,1,6,7,L,Yaksok~,173,92.369,0.505,3,70,4159.871,227,22,69,73,12,69,140,124,26.628,4.089,0.33,-0.037,-0.04,0,0,-0.2,-37.888,NABIMan,-0.345,-17.543,coder_,-21.799,-50.497,즉석카레,-14.28,-63.755,甲斐野柊太,17.465,-43.545,vovopo 보보포,12.678,-65.283,mochi_2929,39.278,-84.471,별이__,0.778,-106.287,yaki_marimo,-38.7,-90.434,4165.475,-2.072,-134.749,0,0,,0,0,1,0,0,0,0,0,0,2
132,6,1,2,7,1,0,0,0,0,1,255,255,7,65,4244.947,それいゆ るな,R,0,101,-0.181,2.257,0.029,1.319,-37.722,1,0,0,0,7.069,0,0,0,7,8,R,HANA_ARASHI,178.9,86,0.25,0,84,0,0,0,0,0,0,0,0,0,0,0,0,0,0,0,0,-0.277,-38.16,NABIMan,0.195,-17.668,coder_,-16.802,-42.959,즉석카레,-13.646,-63.957,甲斐野柊太,16.329,-39.561,vovopo 보보포,4.931,-61.088,mochi_2929,40.658,-87.772,별이__,-1.75,-110.184,yaki_marimo,-45.131,-97.691,0,0,0,0,0,,0,0,0,0,0,0,0,0,0,0
133,6,1,2,7,2,0,0,0,0,1,255,255,7,66,4281.79,それいゆ るな,R,36,108,1.288,-0.656,0.114,1.035,-37.372,2,0,41.131,107.669,9.345,0,0,1,7,8,R,HANA_ARASHI,178.9,86,0.25,2,84,4283.054,243,14,158,83,40,255,150,93,43.704,31.857,-0.47,-0.019,-0.068,0.199,0,-0.025,-38.133,NABIMan,0.136,-17.565,coder_,-17.975,-44.065,즉석카레,-13.839,-62.821,甲斐野柊太,16.295,-41.919,vovopo 보보포,5.202,-60.422,mochi_2929,38.003,-85.572,별이__,-2.806,-108.685,yaki_marimo,-40.995,-101.275,4288.174,-34.223,-82.583,0,0,,0,0,1,0,0,0,0,0,0,2
134,6,1,3,7,0,0,0,0,0,1,255,255,8,67,4343.884,それいゆ るな,R,0,96,0.179,-0.142,0.018,1.041,-37.22,2,0,0,0,26.72,0,0,1,0,2,L,Pring__,179.8,95,0.401,3,60,4344.959,196,17,105,74,54,144,150,129,-13.437,26.605,0.65,-0.01,-0.021,0.127,0,-0.132,-37.868,NABIMan,-0.365,-17.437,coder_,-20.19,-48.356,즉석카레,-15.366,-62.612,甲斐野柊太,17.751,-43.199,vovopo 보보포,11.391,-65.159,mochi_2929,39.901,-88.403,별이__,4.185,-108.889,yaki_marimo,-43.005,-97.901,4344.941,-1.795,-24.655,0,0,,0,0,0,128,0,0,0,0,0,2
135,6,1,3,7,0,0,2,0,0,0,255,255,255,68,4387.535,それいゆ るな,R,1,103,-2.47,-1.216,-0.086,1.299,-37.2,4,0,0,0,4.606,0,0,1,1,5,R,Espressο,160,89.769,0.2,0,43,0,0,0,0,0,0,0,0,0,0,0,0,0,0,0,0,-0.236,-38.156,NABIMan,-0.118,-17.807,coder_,-19.142,-47.092,즉석카레,-14.195,-64.206,甲斐野柊太,15.271,-42.413,vovopo 보보포,3.249,-66.712,mochi_2929,35.219,-84.984,별이__,-1.489,-111.157,yaki_marimo,-44.736,-99.803,0,0,0,0,0,,0,0,0,2,0,0,0,0,0,0
136,6,1,3,7,0,1,2,0,0,0,255,255,255,69,4405.126,それいゆ るな,R,0,105,-8.46,-1.172,-0.123,1.175,-37.19,2,0,0,0,25.417,0,0,1,1,5,R,Espressο,160,89.769,0.2,3,43,4406.195,146,17,78,42,14,106,138,82,26.835,-11.764,-0.45,0.017,0.022,0.094,0,-0.369,-37.719,NABIMan,-0.581,-17.519,coder_,-20.205,-46.972,즉석카레,-14.145,-64.158,甲斐野柊太,16.941,-43.388,vovopo 보보포,7.222,-67.418,mochi_2929,35.293,-85.012,별이__,-1.663,-111.665,yaki_marimo,-44.565,-96.217,4410.697,13.802,-86.783,0,0,,0,0,1,0,0,0,0,0,0,2
137,6,1,3,7,0,0,2,0,0,1,255,255,5,70,4493.809,それいゆ るな,R,0,0,0,0,0,0,0,0,1,0,0,0,0,0,1,2,0,L,하루（Haru）,190,95,0.55,0,83,0,0,0,0,0,0,0,0,0,0,0,0,0,0,0,0,0,0,,0,0,,0,0,,0,0,,0,0,,0,0,,0,0,,0,0,,0,0,0,0,0,0,0,,0,0,0,0,0,0,0,0,0,0
138,6,1,4,7,0,0,2,0,0,0,255,255,255,71,4544.007,それいゆ るな,R,0,103,1.722,1.749,0.221,1.379,-37.491,1,0,-17.855,0,16.446,0,0,0,2,0,L,하루（Haru）,190,95,0.55,0,83,0,0,0,0,0,0,0,0,0,0,0,0,0,0,0,0,-0.167,-38.164,NABIMan,0.472,-17.264,coder_,-20.581,-49.851,즉석카레,-14.032,-63.233,甲斐野柊太,17.674,-42.933,vovopo 보보포,13.076,-67.892,mochi_2929,47.435,-90.329,별이__,-1.405,-110.273,yaki_marimo,-42.18,-94.487,0,0,0,0,0,,0,0,0,0,0,0,0,0,0,0
139,6,1,4,7,1,0,2,0,0,0,255,255,255,72,4560.007,それいゆ るな,R,0,105,0.122,-1.019,0.065,0.861,-37.429,1,0,0,0,2.902,-0.106,-17.781,0,2,0,L,하루（Haru）,190,95,0.55,0,83,0,0,0,0,0,0,0,0,0,0,0,0,0,0,0,0,-0.178,-38.079,NABIMan,-0.023,-17.65,coder_,-20.543,-49.796,즉석카레,-13.171,-63.848,甲斐野柊太,17.636,-42.891,vovopo 보보포,12.245,-66.058,mochi_2929,47.451,-90.264,별이__,-1.351,-110.31,yaki_marimo,-42.011,-95.429,0,0,0,0,0,,0,0,0,0,0,0,0,0,0,0
140,6,1,4,7,2,0,2,0,0,0,255,255,255,73,4573.659,それいゆ るな,R,15,103,-0.979,0.912,-0.122,1.101,-37.242,2,0,0,-301.403,-34.693,0,0,1,2,0,L,하루（Haru）,190,95,0.55,3,83,4574.802,255,14,120,64,22,151,150,29,12.527,-29.219,0.91,0.015,0.008,0.143,0,-0.102,-37.776,NABIMan,0.018,-17.618,coder_,-20.576,-49.725,즉석카레,-13.532,-63.866,甲斐野柊太,17.332,-42.582,vovopo 보보포,12.285,-65.973,mochi_2929,47.441,-90.271,별이__,-1.058,-110.358,yaki_marimo,-42.243,-96.09,0,0,0,0,0,,0,0,0,0,0,0,0,0,0,3
141,6,1,4,7,2,1,2,0,0,0,255,255,255,74,4649.445,それいゆ るな,R,39,95,-0.633,-0.152,-0.002,1.203,-37.281,2,0,15.622,-187.269,18.469,0,0,1,2,0,L,하루（Haru）,190,95,0.55,3,83,4650.454,255,11,89,131,69,109,150,31,-63.024,24.679,-0.31,0.094,-0.011,0.031,0,-0.203,-38.087,NABIMan,0.028,-17.499,coder_,-20.047,-47.987,즉석카레,-13.358,-64.036,甲斐野柊太,17.623,-44.003,vovopo 보보포,13.497,-65.715,mochi_2929,46.567,-91.576,별이__,1.396,-107.941,yaki_marimo,-39.837,-98.115,4650.452,-0.322,-21.011,0,0,,0,0,0,0,0,0,0,0,0,2
142,6,0,4,7,0,0,0,0,0,0,255,255,255,66,4730.529,하루（Haru）,R,26,122,0.903,-0.161,0.056,1.705,-36.508,0,0,136.225,-157.473,10.198,0,0,1,5,2,R,coder_,190,95,0.398,0,83,0,0,0,0,0,0,0,0,0,0,0,0,0,0,0,0,-0.152,-37.853,Pugeuk,0.029,-16.746,Pring__,-22.569,-47.615,Fresh825,-13.072,-64.83,눈꽃,17.017,-44.391,Espressο,15.198,-63.287,AI,35.7,-81.8,Yaksok~,-6.716,-111.851,HANA_ARASHI,-44.943,-98.458,0,0,0,0,0,,0,0,0,0,0,0,0,0,0,0
143,6,0,4,7,0,1,0,0,0,0,255,255,255,67,4747.168,하루（Haru）,R,4,97,0.868,-0.414,0.375,1.928,-36.932,2,0,-189.478,28.456,0.882,0,0,1,5,2,R,coder_,190,95,0.398,3,49,4748.334,161,14,83,64,49,109,140,130,30.57,29.023,0.63,-0.06,-0.087,0.102,0,0.068,-37.266,Pugeuk,0.011,-16.718,Pring__,-21.703,-47.462,Fresh825,-13.021,-64.867,눈꽃,16.888,-44.281,Espressο,14.761,-63.269,AI,35.7,-81.8,Yaksok~,-7.442,-113.4,HANA_ARASHI,-46.658,-97.685,4753.274,-71.826,-107.583,0,0,,0,0,0,0,0,0,0,0,0,4
144,6,0,4,8,0,0,0,0,0,0,255,255,255,68,4793.427,하루（Haru）,R,5,86,1.254,1.483,0.449,2.168,-37.228,1,0,-137.859,10.539,2.937,0,0,0,6,7,R,별이__,174.5,95,0.5,0,83,0,0,0,0,0,0,0,0,0,0,0,0,0,0,0,0,-0.017,-37.636,Pugeuk,0.064,-16.562,Pring__,-22.998,-48.287,Fresh825,-13.385,-64.968,눈꽃,17.858,-44.593,Espressο,14.945,-63.571,AI,35.7,-81.8,Yaksok~,-8.052,-107.152,HANA_ARASHI,-46.955,-96.799,0,0,0,0,0,,0,0,0,0,0,0,0,0,0,0
145,6,0,4,8,1,0,0,0,0,0,255,255,255,69,4807.353,하루（Haru）,R,3,115,-2.19,-1.163,0.111,1.941,-36.645,1,0,-263.136,132.871,6.432,0,0,0,6,7,R,별이__,174.5,95,0.5,0,83,0,0,0,0,0,0,0,0,0,0,0,0,0,0,0,0,0.02,-37.588,Pugeuk,-0.372,-17.007,Pring__,-22.982,-48.438,Fresh825,-13.637,-64.725,눈꽃,17.847,-44.601,Espressο,14.72,-63.598,AI,35.7,-81.8,Yaksok~,-8.072,-107.171,HANA_ARASHI,-46.845,-97.039,0,0,0,0,0,,0,0,0,0,0,0,0,0,0,0
146,6,0,4,8,2,0,0,0,0,0,255,255,255,70,4819.206,하루（Haru）,R,27,138,-0.082,0.17,-0.037,1.823,-36.491,0,0,102.955,-131.972,12.297,0,0,1,6,7,R,별이__,174.5,95,0.5,0,83,0,0,0,0,0,0,0,0,0,0,0,0,0,0,0,0,-0.019,-37.537,Pugeuk,0.046,-16.685,Pring__,-23.119,-47.788,Fresh825,-13.661,-64.851,눈꽃,17.862,-44.607,Espressο,14.818,-63.603,AI,35.7,-81.8,Yaksok~,-7.227,-101.189,HANA_ARASHI,-47.53,-96.875,0,0,0,0,0,,0,0,0,0,0,0,0,0,0,0
147,6,0,4,8,2,1,0,0,0,0,255,255,255,71,4832.105,하루（Haru）,R,5,108,0.715,0.55,0.352,2.049,-37.046,2,0,-98.382,0,3.516,0,0,1,6,7,R,별이__,174.5,95,0.5,2,83,4833.154,255,6,135,71,42,255,150,127,31.671,-0.505,0.46,0.028,0.028,0.124,0,-0.232,-37.071,Pugeuk,0.026,-16.612,Pring__,-22.989,-47.767,Fresh825,-13.667,-64.753,눈꽃,17.817,-44.56,Espressο,14.841,-63.563,AI,35.7,-81.8,Yaksok~,-7.254,-101.05,HANA_ARASHI,-48.196,-95.951,4838.274,9.794,-129.43,0,0,,0,0,1,0,0,0,0,0,0,2
148,6,0,4,8,0,0,0,0,1,0,255,16,255,72,4876.069,하루（Haru）,R,5,90,-2.151,-0.451,0.065,1.811,-37.039,2,0,-62.104,0,-3.209,0,0,1,7,6,L,mochi_2929,175,95,0.453,3,83,4877.384,117,18,101,84,44,114,144,77,29.737,14.213,0.98,0.097,-0.097,0.071,0,-0.321,-37.29,Pugeuk,0.038,-16.707,Pring__,-22.218,-46.833,Fresh825,-8.728,-66.316,눈꽃,17.587,-43.607,Espressο,14.915,-62.502,AI,35.7,-81.8,Yaksok~,6.132,-115.383,HANA_ARASHI,-46.07,-95.2,4881.519,-13.947,-78.407,0,0,,0,0,1,0,0,0,0,0,0,2
149,6,0,4,8,0,0,0,1,0,1,15,255,16,73,4916.746,하루（Haru）,R,28,137,-1.155,-0.085,-0.12,1.803,-36.488,0,0,48.382,-54.556,3.698,-0.638,-16.701,1,8,8,R,yaki_marimo,163.1,87.589,0.2,0,83,0,0,0,0,0,0,0,0,0,0,0,0,0,0,0,0,-0.005,-37.618,Pugeuk,-0.07,-16.887,Pring__,-20.496,-42.842,Fresh825,-11.706,-65.538,눈꽃,18.25,-40.98,Espressο,16.621,-61.871,AI,35.7,-81.8,Yaksok~,-1.611,-111.113,HANA_ARASHI,-45.442,-95.452,0,0,0,0,0,,0,0,0,0,0,0,0,0,0,0
150,6,0,4,8,0,1,0,1,0,1,15,255,16,74,4935.084,하루（Haru）,R,1,93,-0.458,-1.577,0.125,1.774,-36.763,4,0,0,0,1.496,0,0,1,8,8,R,yaki_marimo,163.1,87.589,0.2,0,83,0,0,0,0,0,0,0,0,0,0,0,0,0,0,0,0,0.121,-37.63,Pugeuk,-0.178,-16.672,Pring__,-20.286,-41.553,Fresh825,-11.797,-65.555,눈꽃,18.744,-41.167,Espressο,15.21,-62.81,AI,35.7,-81.8,Yaksok~,-3.622,-113.185,HANA_ARASHI,-43.618,-94.934,0,0,0,0,0,,0,0,0,0,0,0,0,0,0,0
151,6,0,4,8,0,2,0,1,0,1,15,255,16,75,4957.119,하루（Haru）,R,1,91,-3.198,-1.943,0.121,1.721,-36.719,1,0,0,0,0.768,0,0,0,8,8,R,yaki_marimo,163.1,87.589,0.2,0,83,0,0,0,0,0,0,0,0,0,0,0,0,0,0,0,0,-1.941,-39.853,Pugeuk,-0.709,-17.929,Pring__,-20.506,-40.397,Fresh825,-3.363,-63.799,눈꽃,19.102,-41.612,Espressο,15.214,-62.847,AI,35.7,-81.8,Yaksok~,-2.623,-109.764,HANA_ARASHI,-45.068,-95.708,0,0,0,0,0,,0,0,0,0,0,0,0,0,0,0
152,6,0,4,8,1,2,0,0,1,1,255,15,16,76,4980.476,하루（Haru）,R,28,133,-1.463,0.881,-0.157,1.93,-36.636,2,0,68.983,-89.768,9.861,0,0,1,8,8,R,yaki_marimo,163.1,87.589,0.2,3,22,4981.681,203,16,79,59,34,67,141,111,-30,47.262,0.85,-0.041,-0.025,0.068,0,-0.058,-37.33,Pugeuk,-0.146,-16.372,Pring__,-20.322,-40.638,Fresh825,-13.892,-63.588,눈꽃,17.533,-42.011,Espressο,14.975,-62.852,AI,35.7,-81.8,Yaksok~,-5.138,-111.663,HANA_ARASHI,-45.329,-92.397,4981.686,-2.31,-18.307,0,0,,0,0,0,0,0,0,0,0,0,3
153,6,0,4,8,1,2,0,0,1,1,255,15,16,77,5006.373,하루（Haru）,R,1,100,-0.639,-1.894,0.083,1.988,-36.814,4,0,0,0,10.487,-0.136,-18.932,1,8,8,R,yaki_marimo,163.1,87.589,0.2,0,83,0,0,0,0,0,0,0,0,0,0,0,0,0,0,0,0,-0.42,-37.437,Pugeuk,-0.033,-16.658,Pring__,-21.377,-45.124,Fresh825,-14.591,-64.273,눈꽃,19.191,-39.988,Espressο,15.976,-62.409,AI,35.7,-81.8,Yaksok~,-5.698,-108.382,HANA_ARASHI,-48.173,-96.781,0,0,0,0,0,,0,0,0,0,0,0,0,0,0,0
154,6,0,4,8,0,0,1,0,1,1,255,15,16,78,5037.201,하루（Haru）,R,28,130,1.71,0.471,0.135,1.908,-36.581,4,0,72.306,-92.843,7.17,0.292,-21.084,1,0,1,R,NABIMan,190,95,0.55,0,82,0,0,0,0,0,0,0,0,0,0,0,0,0,0,0,0,-0.239,-38.068,Pugeuk,0.345,-17.201,Pring__,-20.588,-43.45,Fresh825,-13.719,-64.433,눈꽃,19.039,-40.035,Espressο,16.623,-62.503,AI,35.7,-81.8,Yaksok~,-7.676,-112.746,HANA_ARASHI,-45.803,-95.197,0,0,0,0,0,,0,0,0,0,0,0,0,0,0,0
155,6,0,4,8,0,1,1,0,1,1,255,15,16,79,5060.804,하루（Haru）,R,27,123,0.667,1.459,0.213,2.23,-36.872,2,0,90.299,-144.363,8.81,0,0,1,0,1,R,NABIMan,190,95,0.55,3,82,5061.823,223,25,102,47,13,127,146,104,105.239,-64.953,-0.17,-0.046,-0.034,0.038,0,-0.283,-37.284,Pugeuk,-0.038,-16.405,Pring__,-19.804,-42.888,Fresh825,-13.516,-64.782,눈꽃,17.789,-42.153,Espressο,15.68,-61.65,AI,35.7,-81.8,Yaksok~,-8.458,-112.125,HANA_ARASHI,-47.14,-94.338,0,0,0,0,0,,0,0,0,0,0,0,0,0,0,3
156,6,0,4,8,0,2,1,0,1,1,255,15,16,80,5084.084,하루（Haru）,R,28,111,1.434,-0.544,0.136,1.871,-36.717,2,0,42.395,-77.647,6.619,0,0,1,0,1,R,NABIMan,190,95,0.55,3,37,5085.082,141,16,101,80,40,99,150,103,-4.571,-13.113,-0.17,-0.084,-0.074,0.124,0,-0.171,-36.961,Pugeuk,-0.009,-16.334,Pring__,-20.948,-44.71,Fresh825,-13.052,-64.384,눈꽃,17.447,-42.232,Espressο,15.773,-63.334,AI,35.7,-81.8,Yaksok~,-7.311,-112.846,HANA_ARASHI,-45.029,-94.543,5085.241,1.903,-28.968,0,0,,0,0,1,0,0,0,0,0,0,2
157,6,0,4,8,0,0,1,1,0,1,10,255,15,81,5126.349,하루（Haru）,R,34,132,-0.222,-0.284,-0.048,1.77,-36.499,0,0,90.947,-72.801,7.849,0,0,0,1,5,L,vovopo 보보포,160,94,0.599,0,82,0,0,0,0,0,0,0,0,0,0,0,0,0,0,0,0,0.234,-37.499,Pugeuk,-0.016,-16.62,Pring__,-20.928,-43.033,Fresh825,-8.034,-63.97,눈꽃,19.197,-41.516,Espressο,15.347,-62.841,AI,35.7,-81.8,Yaksok~,-2.697,-113.04,HANA_ARASHI,-44.753,-94.867,0,0,0,0,0,,0,0,0,0,0,0,0,0,0,0
158,6,0,4,8,0,1,1,1,0,1,10,255,15,82,5144.103,하루（Haru）,R,3,108,-2.174,-0.487,0.318,1.864,-36.852,4,0,-306.659,0,9.939,0.093,-20.075,1,1,5,L,vovopo 보보포,160,94,0.599,0,82,0,0,0,0,0,0,0,0,0,0,0,0,0,0,0,0,-0.657,-37.679,Pugeuk,0.108,-18.093,Pring__,-20.629,-42.981,Fresh825,-1.183,-61.887,눈꽃,19.362,-41.185,Espressο,15.068,-62.769,AI,35.7,-81.8,Yaksok~,3.463,-113.698,HANA_ARASHI,-45.448,-93.638,0,0,0,0,0,,0,0,0,0,0,0,0,0,0,0
159,6,0,4,8,0,2,1,1,0,1,255,255,15,83,5205.334,하루（Haru）,R,3,113,-1.822,-0.188,0.29,1.835,-36.76,2,0,-383.342,0,7.13,0,0,1,1,5,L,vovopo 보보포,160,94,0.599,2,82,5206.52,255,22,147,82,28,230,150,120,26.72,20.801,0.39,0.036,-0.07,0.12,0,-0.284,-37.412,Pugeuk,0.026,-16.454,Pring__,-20.349,-42.863,Fresh825,-7.792,-62.845,눈꽃,18.226,-42.782,Espressο,15.54,-63.1,AI,35.7,-81.8,Yaksok~,3.835,-114.071,HANA_ARASHI,-48.236,-96.18,5211.396,-25.247,-122.698,0,0,,0,0,1,0,0,0,0,0,0,2
160,6,0,4,11,0,0,1,0,1,0,255,14,255,84,5263.453,하루（Haru）,R,26,125,1.274,0.548,0.069,1.905,-36.634,0,0,117.231,-162.05,9.387,0.002,-20.88,0,2,4,R,甲斐野柊太,190,86,0.2,0,82,0,0,0,0,0,0,0,0,0,0,0,0,0,0,0,0,-0.541,-37.48,Pugeuk,-0.168,-19.09,Pring__,-19.766,-42.962,Fresh825,-13.555,-64.476,눈꽃,18.53,-41.892,Espressο,13.961,-62.715,AI,35.7,-81.8,Yaksok~,-2.446,-116.305,HANA_ARASHI,-41.808,-98.885,0,0,0,0,0,,0,0,0,0,0,0,0,0,0,0
161,6,0,4,11,0,1,1,0,1,0,255,14,255,85,5283.317,하루（Haru）,R,0,120,1.745,0.919,0.307,2.146,-37.099,4,0,-2.184,2.614,3.857,0.235,-21.046,1,2,4,R,甲斐野柊太,190,86,0.2,0,82,0,0,0,0,0,0,0,0,0,0,0,0,0,0,0,0,-0.057,-38.219,Pugeuk,-0.286,-18.022,Pring__,-20.934,-43.713,Fresh825,-13.141,-64.271,눈꽃,19.362,-39.96,Espressο,14.509,-62.01,AI,35.7,-81.8,Yaksok~,-4.54,-119.178,HANA_ARASHI,-44.793,-100.784,0,0,0,0,0,,0,0,0,0,0,0,0,0,0,0
162,6,0,4,11,0,2,1,0,1,0,255,14,255,86,5308.356,하루（Haru）,R,3,99,-3.039,-0.695,0.219,1.759,-36.811,4,0,-401.549,0,10.475,-1.275,-16.565,1,2,4,R,甲斐野柊太,190,86,0.2,0,82,0,0,0,0,0,0,0,0,0,0,0,0,0,0,0,0,-1.663,-38.039,Pugeuk,-1.07,-16.646,Pring__,-17.085,-37.849,Fresh825,-13.127,-64.206,눈꽃,19.241,-42.391,Espressο,13.53,-62.473,AI,35.7,-81.8,Yaksok~,-4.308,-116.467,HANA_ARASHI,-45.707,-99.655,0,0,0,0,0,,0,0,1,0,0,0,0,0,0,0
163,6,0,4,11,0,0,1,1,0,1,13,255,14,87,5376.867,하루（Haru）,R,27,135,-1.673,-0.259,-0.193,1.757,-36.517,1,0,126.563,-134.445,13.345,0,0,0,3,0,R,それいゆ るな,160,86,0.43,0,33,0,0,0,0,0,0,0,0,0,0,0,0,0,0,0,0,0.137,-37.675,Pugeuk,-0.365,-16.356,Pring__,-19.443,-39.87,Fresh825,-12.31,-59.255,눈꽃,19.051,-40.714,Espressο,15.169,-63.195,AI,35.7,-81.8,Yaksok~,-5.027,-112.595,HANA_ARASHI,-44.592,-91.129,0,0,0,0,0,,0,0,0,0,0,0,0,0,0,0
164,6,0,4,12,1,0,1,0,1,0,255,13,255,88,5422.226,하루（Haru）,R,28,128,-1.71,-1.521,-0.18,1.592,-36.524,1,0,65.98,-97.897,12.622,0,0,0,3,0,R,それいゆ るな,160,86,0.43,0,82,0,0,0,0,0,0,0,0,0,0,0,0,0,0,0,0,-1.116,-38.483,Pugeuk,-0.063,-17.198,Pring__,-22.152,-45.701,Fresh825,-14.891,-63.398,눈꽃,19.414,-40.123,Espressο,12.727,-63.883,AI,35.7,-81.8,Yaksok~,-6.446,-111.287,HANA_ARASHI,-42.22,-100.102,0,0,0,0,0,,0,0,0,0,0,0,0,0,0,0
165,6,0,4,12,2,0,1,0,0,1,255,255,13,89,5445.412,하루（Haru）,R,27,132,1.233,1.267,0.08,1.967,-36.555,4,0,110.226,-126.193,8.359,0,0,1,3,0,R,それいゆ るな,160,86,0.43,0,82,0,0,0,0,0,0,0,0,0,0,0,0,0,0,0,0,0.064,-37.679,Pugeuk,0.121,-16.659,Pring__,-21.991,-44.688,Fresh825,-14.756,-63.459,눈꽃,19.24,-39.889,Espressο,13.776,-63.465,AI,35.7,-81.8,Yaksok~,-7.217,-110.041,HANA_ARASHI,-46.191,-99.078,0,0,0,0,0,,0,0,0,0,0,0,0,0,0,0
166,6,0,4,12,2,1,1,0,0,1,255,255,13,90,5465.529,하루（Haru）,R,27,129,-0.61,1.048,-0.077,1.933,-36.56,2,0,65.442,-119.857,8.293,0,0,1,3,0,R,それいゆ るな,160,86,0.43,3,82,5466.643,172,12,68,41,40,69,136,122,-30,-10.424,0.43,-0.008,0.009,0.069,0,-0.382,-37.148,Pugeuk,-0.103,-16.307,Pring__,-21.756,-45.912,Fresh825,-14.722,-63.401,눈꽃,18.255,-42.596,Espressο,13.554,-63.504,AI,35.7,-81.8,Yaksok~,-6.894,-111.87,HANA_ARASHI,-45.072,-97.613,5466.563,0.241,-22.935,0,0,,0,0,1,0,0,0,0,0,0,2
167,6,0,4,13,0,0,1,0,0,1,255,255,255,91,5508.952,하루（Haru）,R,27,140,-1.377,-0.506,-0.158,1.722,-36.449,0,0,104.922,-115.115,11.213,0,0,1,4,3,R,즉석카레,169.7,95,0.404,0,82,0,0,0,0,0,0,0,0,0,0,0,0,0,0,0,0,-0.471,-37.648,Pugeuk,-0.273,-18.13,Pring__,-20.879,-45.141,Fresh825,-14.63,-64.019,눈꽃,19.046,-40.661,Espressο,13.119,-64.735,AI,35.7,-81.8,Yaksok~,-4.947,-107.555,HANA_ARASHI,-39.409,-95.801,0,0,0,0,0,,0,0,0,0,0,0,0,0,0,0
168,6,0,4,13,0,1,1,0,0,1,255,255,255,92,5526.017,하루（Haru）,R,33,129,0.898,0.477,0.258,2.016,-36.709,2,0,105.771,-77.899,5.218,0,0,1,4,3,R,즉석카레,169.7,95,0.404,2,36,5526.925,212,17,107,81,48,206,150,98,25.947,-15.78,0.11,-0.147,-0.085,0.053,0,-0.06,-37.285,Pugeuk,0.014,-16.527,Pring__,-20.45,-45.157,Fresh825,-14.27,-64.272,눈꽃,17.892,-43.054,Espressο,13.226,-64.576,AI,35.7,-81.8,Yaksok~,-5.284,-110.743,HANA_ARASHI,-41.861,-96.677,5531.686,19.223,-102.492,0,0,,0,0,1,0,0,0,0,0,0,2
169,6,0,4,13,0,0,1,0,1,0,255,12,255,93,5562.043,하루（Haru）,R,0,116,0.626,-0.54,0.245,2.003,-36.796,2,0,0,0,7.914,0,0,1,5,2,R,coder_,190,95,0.398,3,82,5563.12,224,10,121,88,52,176,150,124,-1.567,16.888,0.78,-0.033,-0.058,0.135,0,-0.21,-37.236,Pugeuk,-0.006,-16.338,Pring__,-21.467,-46.688,Fresh825,-13.7,-63.856,눈꽃,17.387,-44.225,Espressο,12.579,-63.384,AI,35.7,-81.8,Yaksok~,3.038,-108.2,HANA_ARASHI,-40.576,-96.063,5563.452,-4.148,-33.724,0,0,,0,0,0,0,0,0,0,0,0,2
170,6,0,4,13,0,0,2,0,0,1,255,255,12,94,5605.528,하루（Haru）,R,27,112,0.048,1.331,0.117,2.061,-36.871,2,0,69.08,-138.397,2.056,0,0,1,6,7,R,별이__,174.5,95,0.5,2,82,5606.544,142,8,66,35,18,175,129,82,90.528,-89.191,-0.45,0.084,0.044,0.137,0,-0.322,-37.237,Pugeuk,-0.089,-16.618,Pring__,-19.594,-44.264,Fresh825,-15.023,-63.702,눈꽃,17.914,-43.207,Espressο,16.05,-63.091,AI,35.7,-81.8,Yaksok~,-5.145,-110.392,HANA_ARASHI,-42.09,-97.086,5611.985,-46.909,-15.766,0,0,,0,0,0,0,0,0,0,0,0,3
171,6,0,4,13,0,1,2,0,0,1,255,255,12,95,5631.492,하루（Haru）,R,5,111,1.851,2.084,0.519,2.076,-36.974,4,0,-95.187,0,8.576,0,0,1,6,7,R,별이__,174.5,95,0.5,0,35,0,0,0,0,0,0,0,0,0,0,0,0,0,0,0,0,0.04,-37.6,Pugeuk,0.039,-16.406,Pring__,-20.615,-46.063,Fresh825,-14.378,-62.974,눈꽃,19.196,-41.287,Espressο,16.411,-62.862,AI,35.7,-81.8,Yaksok~,-5.865,-109.666,HANA_ARASHI,-41.432,-98.6,0,0,0,0,0,,0,0,0,0,0,0,0,0,0,0
172,6,0,4,13,0,2,2,0,0,1,255,255,12,96,5649.853,하루（Haru）,R,27,129,1.203,0.295,0.032,1.891,-36.607,2,0,125.112,-139.673,7.331,0,0,1,6,7,R,별이__,174.5,95,0.5,2,35,5650.887,199,5,90,28,16,247,139,87,32.689,25.864,-0.46,0.108,0.043,0.116,0,-0.758,-37.164,Pugeuk,-0.065,-16.483,Pring__,-20.587,-46.065,Fresh825,-14.129,-63.011,눈꽃,18.345,-42.752,Espressο,16.594,-62.789,AI,35.7,-81.8,Yaksok~,-7.061,-109.61,HANA_ARASHI,-42.35,-98.646,5655.563,-36.509,-79.079,0,0,,0,0,1,0,0,0,0,0,0,2
173,6,0,4,14,0,0,2,1,0,0,16,255,255,97,5690.624,하루（Haru）,R,33,135,2.581,0.714,0.204,1.916,-36.589,4,0,120.511,-112.928,6.013,0.933,-16.644,1,7,6,R,mochi_2929,175,95,0.453,0,82,0,0,0,0,0,0,0,0,0,0,0,0,0,0,0,0,0.094,-37.706,Pugeuk,0.885,-16.333,Pring__,-21.579,-43.432,Fresh825,-14.736,-63.987,눈꽃,18.805,-41.686,Espressο,14.658,-62.989,AI,35.7,-81.8,Yaksok~,-5.34,-109.276,HANA_ARASHI,-45.878,-92.979,0,0,0,0,0,,0,0,0,0,0,0,0,0,0,0
174,6,0,4,14,0,1,2,1,0,0,16,255,255,98,5708.849,하루（Haru）,R,5,106,1.544,0.805,0.536,1.937,-37.106,1,0,-91.822,0,7.151,0,0,0,7,6,R,mochi_2929,175,95,0.453,0,82,0,0,0,0,0,0,0,0,0,0,0,0,0,0,0,0,-0.227,-37.055,Pugeuk,-0.003,-16.483,Pring__,-21.268,-43.974,Fresh825,-14.726,-63.947,눈꽃,18.375,-43.783,Espressο,14.72,-63.181,AI,35.7,-81.8,Yaksok~,-5.704,-108.949,HANA_ARASHI,-44.695,-95.902,0,0,0,0,0,,0,0,0,0,0,0,0,0,0,0
175,6,0,4,14,1,1,2,0,1,0,255,16,255,99,5729.479,하루（Haru）,R,32,128,2.909,0.855,0.222,1.929,-36.578,2,0,155.272,-142.046,9.769,0,0,1,7,6,R,mochi_2929,175,95,0.453,3,82,5730.578,112,12,67,47,23,79,130,82,89.894,-89.879,-0.51,0.003,-0.036,0.061,0,0.088,-37.168,Pugeuk,-0.012,-16.285,Pring__,-22.017,-45.193,Fresh825,-14.771,-64.07,눈꽃,17.529,-43.926,Espressο,12.648,-61.518,AI,35.7,-81.8,Yaksok~,-6.445,-106.362,HANA_ARASHI,-46.17,-94.5,5735.697,54.917,-15.191,0,0,,0,0,0,0,0,0,0,0,0,3
176,6,0,4,14,1,2,2,0,1,0,255,16,255,100,5752.788,하루（Haru）,R,27,124,-0.993,-0.358,0.177,2.097,-36.708,0,0,122.004,-139.665,8.927,0,0,1,7,6,R,mochi_2929,175,95,0.453,0,43,0,0,0,0,0,0,0,0,0,0,0,0,0,0,0,0,0.155,-37.509,Pugeuk,-0.423,-17.555,Pring__,-21.466,-44.166,Fresh825,-14.095,-64.082,눈꽃,17.842,-42.712,Espressο,9.656,-57.768,AI,35.7,-81.8,Yaksok~,-6.091,-108.826,HANA_ARASHI,-43.268,-94.716,0,0,0,0,0,,0,0,0,0,0,0,0,0,0,0