id,inn,half,scoreA,scoreB,ball,strk,out,b1,b2,b3,b1Idx,b2Idx,b3Idx,pCnt,pSec,pName,pHand,pType,spdK,zoneX,zoneY,startX,startY,zDist,call,balk,sH,sV,gyro,plx,plz,bSwing,bIdx,bPos,bZone,bName,bHCm,batLen,batCen,batType,bFps,hSec,rotS,rotL,shS,lgS,prepS,impMv,batSpd,ev,ldeg,sdeg,hPos,hMoveX,hMoveY,stayCon,buntGrip,PPosX,PPosY,PThrSpd,CName,CPosX,CPosY,CThrSpd,1BName,1BPosX,1BPosY,1BThrSpd,2BName,2BPosX,2BPosY,2BThrSpd,3BName,3BPosX,3BPosY,3BThrSpd,SSName,SSPosX,SSPosY,SSThrSpd,LFName,LFPosX,LFPosY,LFThrSpd,CFName,CFPosX,CFPosY,CFThrSpd,RFName,RFPosX,RFPosY,RFThrSpd,ltSec,lx,lz,cSec,cPos,cPlr,cx,cz,1BSafe,tag,cpSec,sb2Sec,sb3Sec,sbhSec,ass,result
1,1,1,0,0,0,0,0,0,0,0,255,255,255,0,253.569,Sabo_10,L,1,86,5.883,-1.862,0,0,0,1,0,0,0,3.893,0,0,0,0,4,R,인생최패망자,190,80,0.4,0,90,0,0,0,0,0,0,0,0,0,0,0,0,0,0,0,0,-0.351,-37.776,0,3Ducks,0.348,-16.816,0,NABIMan,-21.146,-43.024,0,신과함께1,-12.729,-60.863,0,Pring__,20.786,-47.232,0,ByeolBam,13.253,-58.783,0,AI,35.7,-81.8,0,AI,0,-100.6,0,AI,-35.7,-81.8,0,0,0,0,0,0,,0,0,0,0,0,0,0,0,0,0
2,1,1,0,0,0,0,0,0,0,0,255,255,255,0,298.274,Sabo_10,L,32,140,-1.557,0.238,-0.418,1.566,-36.816,1,0,-186.223,-147.28,-15.375,0,0,0,0,3,L,Kr_Luna,169.8,91.523,0.497,0,82,0,0,0,0,0,0,0,0,0,0,0,0,0,0,0,0,-0.161,-37.5,0,3Ducks,-0.09,-16.887,0,NABIMan,-20.629,-45.706,0,신과함께1,-13.321,-60.726,0,Pring__,21.193,-48.613,0,ByeolBam,15.965,-63.257,0,AI,35.7,-81.8,0,AI,0,-100.6,0,AI,-35.7,-81.8,0,0,0,0,0,0,,0,0,0,0,0,0,0,0,0,0
3,1,1,0,0,1,0,0,0,0,0,255,255,255,1,313.765,Sabo_10,L,32,127,-6.108,1.719,-0.904,1.613,-37.212,2,0,-231.325,-24.065,-5.402,0,0,0,0,3,L,Kr_Luna,169.8,91.523,0.497,2,82,314.622,39,4,19,19,22,25,15,43,25.812,17.305,-0.24,0.016,-0.007,0.014,0,-0.454,-37.191,0,3Ducks,-0.054,-17.116,0,NABIMan,-20.401,-44.978,0,신과함께1,-13.253,-60.805,0,Pring__,21.153,-48.582,0,ByeolBam,15.933,-63.284,0,AI,35.7,-81.8,0,AI,0,-100.6,0,AI,-35.7,-81.8,0,317.207,-8.102,-41.786,318.674,3,신과함께1,-10.386,-48.675,0,1,0,0,0,0,0,2
4,1,1,0,0,0,0,1,0,0,0,255,255,255,2,343.426,Sabo_10,L,32,140,-0.767,0.814,-0.322,1.57,-36.756,2,0,-173.85,-118.07,-18.836,0,0,0,1,5,R,coder_,160,96.154,0.455,3,83,344.477,5,0,15,6,6,13,1,30,-9.593,39.531,0.66,-0.034,-0.057,0.013,1,-0.233,-37.053,0,3Ducks,-0.055,-17.394,0,NABIMan,-20.275,-44.46,0,신과함께1,-13.018,-59.039,0,Pring__,16.85,-42.905,0,ByeolBam,14.74,-62.779,0,AI,35.7,-81.8,0,AI,0,-100.6,0,AI,-35.7,-81.8,0,345.085,-2.564,-22.732,349.34,1,3Ducks,-14.095,-33.741,0,2,0,0,0,0,0,2
5,1,1,0,0,0,1,1,0,0,0,255,255,255,3,514.582,Sabo_10,L,27,140,-1.982,-0.607,-0.259,1.498,-36.887,2,0,-85.541,-121.793,-9.418,0,0,1,1,5,R,coder_,160,96.154,0.455,3,61,515.603,10,2,6,1,3,11,0,30,13.414,-36.022,-0.19,-0.012,-0.093,0.032,1,-0.144,-37.342,0,3Ducks,-0.016,-17.263,0,NABIMan,-20.686,-44.559,82,신과함께1,-11.109,-60.553,0,Pring__,19.417,-45.721,98,ByeolBam,12.292,-63.092,0,AI,35.7,-81.8,0,AI,0,-100.6,0,AI,-35.7,-81.8,0,516.685,4.474,-26.385,518.996,4,Pring__,10.087,-34.864,1,0,0,0,0,0,0,2
6,1,1,0,0,0,0,1,1,0,0,7,255,255,4,549.531,Sabo_10,L,27,127,0.894,-0.015,-0.315,1.592,-36.933,0,0,-104.632,-143.548,-12.54,0.261,-17.504,0,2,4,R,인생최패망자,190,80,0.4,0,84,0,0,0,0,0,0,0,0,0,0,0,0,0,0,0,0,-0.266,-38.089,0,3Ducks,-0.054,-17.02,108,NABIMan,-19.159,-44.443,0,신과함께1,-4.46,-59.274,0,Pring__,24.246,-45.472,0,ByeolBam,7.389,-60.785,0,AI,35.7,-81.8,0,AI,0,-100.6,0,AI,-35.7,-81.8,0,0,0,0,0,0,,0,0,0,0,0,0,0,0,0,0
7,1,1,0,0,0,1,1,0,1,0,255,5,255,5,566.071,Sabo_10,L,26,137,0.927,0.233,-0.196,1.566,-36.711,2,0,-135.327,-200,-44.248,0,0,1,2,4,R,인생최패망자,190,80,0.4,3,84,567.114,255,18,126,112,46,121,150,96,88.716,-87.828,-0.53,-0.02,-0.06,0.044,0,-0.132,-37.172,0,3Ducks,0.001,-17.202,0,NABIMan,-20.793,-43.985,0,신과함께1,-11.823,-59.569,0,Pring__,22.492,-47.589,0,ByeolBam,13.119,-62.142,0,AI,35.7,-81.8,0,AI,0,-100.6,0,AI,-35.7,-81.8,0,573.418,54.4,-13.154,0,0,,0,0,0,0,0,0,0,0,0,3
8,1,1,0,0,0,2,1,0,1,0,255,5,255,6,582.446,Sabo_10,L,26,135,-0.4,0.81,-0.336,1.685,-36.858,0,0,-150.897,-200,-26.592,0,0,1,2,4,R,인생최패망자,190,80,0.4,0,76,0,0,0,0,0,0,0,0,0,0,0,0,0,0,0,0,-0.384,-37.82,0,3Ducks,-0.139,-16.967,0,NABIMan,-19.318,-42.405,0,신과함께1,-11.388,-60.492,0,Pring__,23.824,-45.979,0,ByeolBam,13.746,-60.55,0,AI,35.7,-81.8,0,AI,0,-100.6,0,AI,-35.7,-81.8,0,0,0,0,0,0,,0,0,0,0,0,0,0,0,0,0
9,1,1,0,0,0,0,2,0,1,0,255,5,255,7,607.551,Sabo_10,L,0,73,1.102,-2.369,-0.069,1.022,-36.764,1,1,0,0,2.773,0.216,-19.68,0,3,2,R,Gonyong,175.1,80,0.2,0,85,0,0,0,0,0,0,0,0,0,0,0,0,0,0,0,0,-0.231,-38.075,0,3Ducks,-0.066,-16.95,0,NABIMan,-21.038,-44.67,0,신과함께1,-11.478,-62.061,0,Pring__,22.346,-47.883,0,ByeolBam,12.71,-60.235,0,AI,35.7,-81.8,0,AI,0,-100.6,0,AI,-35.7,-81.8,0,0,0,0,0,0,,0,0,0,0,0,0,0,0,0,0
10,1,1,0,0,0,0,2,0,0,1,255,255,5,8,643.369,Sabo_10,L,32,134,0.581,0.336,-0.266,1.594,-36.781,2,0,-160.379,-133.094,-29.545,0,0,1,3,2,R,Gonyong,175.1,80,0.2,3,85,644.427,136,18,73,53,22,79,138,110,32.394,38.061,0.83,-0.005,-0.014,0.052,0,-0.2,-37.223,0,3Ducks,0.029,-17.245,0,NABIMan,-20.917,-44.758,0,신과함께1,-10.139,-63.702,0,Pring__,22.188,-47.762,0,ByeolBam,15.545,-63.636,0,AI,35.7,-81.8,0,AI,0,-100.6,0,AI,-35.7,-81.8,0,652.463,-72.645,-86.27,0,0,,0,0,0,0,0,0,0,0,0,2
11,1,1,0,0,0,1,2,0,0,1,255,255,5,9,664.38,Sabo_10,L,5,117,-4.331,2.175,-0.748,1.736,-37.284,1,0,83.598,0,-0.919,0,0,0,3,2,R,Gonyong,175.1,80,0.2,0,85,0,0,0,0,0,0,0,0,0,0,0,0,0,0,0,0,-0.157,-38.08,0,3Ducks,-0.247,-17.035,0,NABIMan,-20.088,-42.986,0,신과함께1,-12.826,-61.354,0,Pring__,23.383,-49.747,0,ByeolBam,11.616,-61.633,0,AI,35.7,-81.8,0,AI,0,-100.6,0,AI,-35.7,-81.8,0,0,0,0,0,0,,0,0,0,0,0,0,0,0,0,0
12,1,1,0,0,1,1,2,0,0,1,255,255,5,10,678.599,Sabo_10,L,32,130,-0.693,0.449,-0.385,1.605,-36.863,2,0,-161.264,-157.884,-27.57,0,0,1,3,2,R,Gonyong,175.1,80,0.2,3,85,679.61,219,18,98,65,34,80,150,125,25.524,-28.925,0.69,-0.042,0.021,0.069,0,-0.101,-37.419,0,3Ducks,0.017,-17.363,0,NABIMan,-20.661,-44.151,0,신과함께1,-12.69,-62.106,0,Pring__,23.414,-49.775,0,ByeolBam,12.778,-61.789,0,AI,35.7,-81.8,0,AI,0,-100.6,0,AI,-35.7,-81.8,0,686.652,21.13,-121.136,690.951,5,ByeolBam,2.693,-67.301,1,0,0,0,0,0,0,2
13,1,1,1,0,0,0,2,1,0,0,2,255,255,11,715.972,Sabo_10,L,26,132,2.293,-0.296,-0.28,1.623,-36.886,1,0,-102.736,-168.767,-32.063,0,0,0,4,1,R,ke ro,190,80,0.377,0,86,0,0,0,0,0,0,0,0,0,0,0,0,0,0,0,0,-0.171,-37.931,0,3Ducks,0.368,-17.178,0,NABIMan,-18.997,-42.431,0,신과함께1,-9.308,-61.496,0,Pring__,22.253,-43.197,0,ByeolBam,11.975,-63.759,0,AI,35.7,-81.8,0,AI,0,-100.6,0,AI,-35.7,-81.8,0,0,0,0,0,0,,0,0,0,0,0,0,0,0,0,0
14,1,1,1,0,1,0,2,0,1,0,255,2,255,12,731.785,Sabo_10,L,26,135,-0.501,0.88,-0.384,1.693,-36.86,2,0,-154.635,-167.872,-28.719,0,0,1,4,1,R,ke ro,190,80,0.377,2,86,732.849,212,8,123,47,25,202,150,112,26.724,0.219,0.1,0.014,-0.029,0,0,-0.379,-37.424,0,3Ducks,0.01,-17.272,0,NABIMan,-20.619,-44.761,0,신과함께1,-11.121,-60.401,0,Pring__,21.931,-46.49,0,ByeolBam,12.261,-63.106,0,AI,35.7,-81.8,0,AI,0,-100.6,0,AI,-35.7,-81.8,0,738.429,-1.549,-120.016,0,0,,0,0,0,0,0,0,0,0,0,1
15,1,0,1,0,0,0,0,0,0,0,255,255,255,1,909.97,CAT tourniquet,L,5,125,0.621,-0.382,-0.168,1.362,-36.509,0,0,67.93,0,-0.955,0,0,0,0,3,L,신과함께1,190,81.322,0.2,0,84,0,0,0,0,0,0,0,0,0,0,0,0,0,0,0,0,0.058,-38.399,0,ke ro,0.009,-16.827,0,Gonyong,-20.1,-47.972,0,Kr_Luna,-15.771,-58.542,0,인생최패망자,18.753,-45.332,0,coder_,12.996,-63.539,0,소솨소솨,39.584,-79.322,0,AI,0,-100.602,0,AI,-35.702,-81.802,0,0,0,0,0,0,,0,0,0,0,0,0,0,0,0,0
16,1,0,1,0,0,1,0,0,0,0,255,255,255,2,921.304,CAT tourniquet,L,3,117,-0.19,-0.427,-0.367,1.355,-36.595,0,0,397.31,0,3.064,0,0,0,0,3,L,신과함께1,190,81.322,0.2,0,84,0,0,0,0,0,0,0,0,0,0,0,0,0,0,0,0,0.065,-37.59,0,ke ro,-0.041,-16.663,0,Gonyong,-20.152,-48.042,0,Kr_Luna,-15.784,-58.504,0,인생최패망자,18.915,-45.379,0,coder_,12.641,-63.453,0,소솨소솨,39.601,-79.319,0,AI,0,-100.602,0,AI,-35.702,-81.802,0,0,0,0,0,0,,0,0,0,0,0,0,0,0,0,0
17,1,0,1,0,0,2,0,0,0,0,255,255,255,3,933.18,CAT tourniquet,L,5,127,2.359,-0.13,-0.002,1.411,-36.398,1,0,55.006,0,0.086,0,0,0,0,3,L,신과함께1,190,81.322,0.2,0,84,0,0,0,0,0,0,0,0,0,0,0,0,0,0,0,0,-0.116,-38.205,0,ke ro,0.053,-16.729,0,Gonyong,-20.135,-48.031,0,Kr_Luna,-15.887,-58.369,0,인생최패망자,19.23,-44.835,0,coder_,11.99,-63.541,0,소솨소솨,39.595,-79.302,0,AI,0,-100.602,0,AI,-35.702,-81.802,0,0,0,0,0,0,,0,0,0,0,0,0,0,0,0,0
18,1,0,1,0,1,2,0,0,0,0,255,255,255,4,949.174,CAT tourniquet,L,5,137,2.589,-0.309,0.008,1.377,-36.491,1,0,98.085,0,4.049,0,0,0,0,3,L,신과함께1,190,81.322,0.2,0,84,0,0,0,0,0,0,0,0,0,0,0,0,0,0,0,0,-0.122,-38.103,0,ke ro,-0.013,-16.767,0,Gonyong,-20.096,-47.983,0,Kr_Luna,-15.898,-58.405,0,인생최패망자,19.564,-46.232,0,coder_,12.165,-63.733,0,소솨소솨,39.119,-79.393,0,AI,0,-100.602,0,AI,-35.702,-81.802,0,0,0,0,0,0,,0,0,0,0,0,0,0,0,0,0
19,1,0,1,0,2,2,0,0,0,0,255,255,255,5,967.251,CAT tourniquet,L,33,129,-1.488,1.548,-0.3,1.717,-36.649,4,0,-128.135,-62.5,9.545,0,0,1,0,3,L,신과함께1,190,81.322,0.2,0,84,0,0,0,0,0,0,0,0,0,0,0,0,0,0,0,0,0.228,-37.613,0,ke ro,-0.132,-16.762,0,Gonyong,-20.124,-48.017,0,Kr_Luna,-15.805,-58.437,0,인생최패망자,19.579,-46.262,0,coder_,11.998,-63.707,0,소솨소솨,39.135,-79.376,0,AI,0,-100.602,0,AI,-35.702,-81.802,0,0,0,0,0,0,,0,0,0,0,0,0,0,0,0,0
20,1,0,1,0,0,0,1,0,0,0,255,255,255,6,1000.63,CAT tourniquet,L,33,128,0.376,-0.282,-0.143,1.405,-36.522,2,0,-134.759,36.373,9.927,0,0,1,1,1,R,3Ducks,176.2,83.95,0.605,3,83,1001.611,204,16,88,41,21,99,140,90,-8.016,31.231,-0.44,0,0.009,0.109,0.095,0.197,-37.435,0,ke ro,0.015,-16.788,0,Gonyong,-21.625,-48.677,0,Kr_Luna,-13.935,-61.746,0,인생최패망자,13.511,-50.52,0,coder_,10.434,-64.5,0,소솨소솨,38.37,-79.62,0,AI,0,-100.602,0,AI,-35.702,-81.802,0,1001.974,-3.159,-25.006,1003.563,2,Gonyong,-16.956,-47.887,0,0,0,0,0,0,0,2
21,1,0,1,0,0,0,2,0,0,0,255,255,255,7,1036.149,CAT tourniquet,L,4,124,-1.849,0.027,-0.432,1.441,-36.657,2,0,191.828,0,7.206,0,0,1,2,8,R,WhiteMountain,190,80,0.398,2,50,1037.294,255,12,112,59,26,120,150,98,-40.166,-8.459,-0.43,-0.048,-0.048,0.132,0,0.169,-37.666,0,ke ro,-0.179,-16.868,0,Gonyong,-20.604,-51.948,0,Kr_Luna,-18.239,-61.128,0,인생최패망자,15.939,-49.959,0,coder_,10.171,-65.168,0,소솨소솨,39.472,-78.928,0,AI,0,-100.603,0,AI,-35.702,-81.802,0,1037.352,-0.163,-20.728,1039.852,5,coder_,5.411,-57.165,0,0,0,0,0,0,0,2
22,2,1,1,0,0,0,0,0,0,0,255,255,255,13,1099.405,Sabo_10,L,3,126,-1.11,1.159,-0.603,1.664,-37.035,1,0,429.421,0,-7.26,1.313,-5.658,0,5,6,R,소솨소솨,174.7,95.196,0.5,0,82,0,0,0,0,0,0,0,0,0,0,0,0,0,0,0,0,-0.307,-37.934,0,3Ducks,-0.197,-16.874,0,NABIMan,-20.295,-46.824,0,신과함께1,-11.416,-60.886,0,Pring__,23.221,-50.342,0,ByeolBam,14.818,-63.307,0,AI,35.7,-81.8,0,AI,0,-100.6,0,WhiteMountain,-28.535,-31.626,0,0,0,0,0,0,,0,0,0,0,0,0,0,0,0,0
23,2,1,1,0,1,0,0,0,0,0,255,255,255,14,1110.419,Sabo_10,L,3,116,-0.155,0.059,-0.588,1.558,-36.946,0,0,295.792,0,-9.194,0,0,0,5,6,R,소솨소솨,174.7,95.196,0.5,0,82,0,0,0,0,0,0,0,0,0,0,0,0,0,0,0,0,-0.195,-37.647,0,3Ducks,0.027,-16.916,0,NABIMan,-21.431,-45.943,0,신과함께1,-11.313,-61.299,0,Pring__,22.819,-49.961,0,ByeolBam,15.038,-63.674,0,AI,35.7,-81.8,0,AI,0,-100.6,0,WhiteMountain,-28.71,-31.941,0,0,0,0,0,0,,0,0,0,0,0,0,0,0,0,0
24,2,1,1,0,1,1,0,0,0,0,255,255,255,15,1121.93,Sabo_10,L,4,117,-5.537,0.971,-0.912,1.597,-37.258,1,0,190.408,0,-0.437,0,0,0,5,6,R,소솨소솨,174.7,95.196,0.5,0,82,0,0,0,0,0,0,0,0,0,0,0,0,0,0,0,0,-0.308,-38.059,0,3Ducks,-0.66,-16.892,0,NABIMan,-21.363,-44.365,0,신과함께1,-11.361,-61.333,0,Pring__,22.846,-50.017,0,ByeolBam,14.449,-63.496,0,AI,35.7,-81.8,0,AI,0,-100.6,0,WhiteMountain,-28.612,-31.801,0,0,0,0,0,0,,0,0,0,0,0,0,0,0,0,0
25,2,1,1,0,2,1,0,0,0,0,255,255,255,16,1132.935,Sabo_10,L,27,132,1.127,-1.186,-0.259,1.377,-36.793,4,0,-87.464,-146.07,-23.621,0,0,1,5,6,R,소솨소솨,174.7,95.196,0.5,0,82,0,0,0,0,0,0,0,0,0,0,0,0,0,0,0,0,-0.332,-37.725,0,3Ducks,-0.082,-17.031,0,NABIMan,-20.617,-44.266,0,신과함께1,-11.335,-61.331,0,Pring__,22.78,-49.954,0,ByeolBam,14.564,-63.552,0,AI,35.7,-81.8,0,AI,0,-100.6,0,WhiteMountain,-28.689,-31.735,0,0,0,0,0,0,,0,0,0,0,0,0,0,0,0,0
26,2,1,1,0,2,2,0,0,0,0,255,255,255,17,1144.469,Sabo_10,L,27,128,1.02,-0.997,-0.356,1.536,-36.737,2,0,-103.593,-119.488,-24.783,0,0,1,5,6,R,소솨소솨,174.7,95.196,0.5,2,82,1145.269,176,14,129,61,14,255,150,91,-34.903,-13.629,-0.49,-0.039,-0.102,0.185,0,-0.232,-37.176,0,3Ducks,-0.02,-17.237,0,NABIMan,-20.847,-43.803,0,신과함께1,-11.349,-61.383,0,Pring__,22.679,-49.852,0,ByeolBam,14.547,-63.547,0,AI,35.7,-81.8,0,AI,0,-100.6,0,WhiteMountain,-28.825,-31.86,0,1150.363,14.392,-90.709,1154.951,2,NABIMan,-17.374,-41.125,1,0,0,0,0,0,0,2
27,2,1,1,0,0,0,0,0,1,0,255,6,255,18,1205.087,Sabo_10,L,26,128,1.349,-0.936,-0.311,1.514,-36.882,0,0,-53.729,-162.346,-10.555,0,0,0,6,0,L,CAT tourniquet,190,80,0.597,0,81,0,0,0,0,0,0,0,0,0,0,0,0,0,0,0,0,-0.272,-37.748,0,3Ducks,-0.098,-17.024,0,NABIMan,-19.176,-43.104,0,신과함께1,-12.463,-59.218,0,Pring__,22.754,-48.023,0,ByeolBam,14.737,-63.584,0,AI,35.7,-81.8,0,AI,0,-100.6,0,WhiteMountain,10.994,-13.238,0,0,0,0,0,0,,0,0,0,0,0,0,0,0,0,0
28,2,1,1,0,0,1,0,0,1,0,255,6,255,19,1220.116,Sabo_10,L,32,134,-1.252,0.088,-0.434,1.569,-36.85,0,0,-167.345,-113.584,-17.443,0,0,1,6,0,L,CAT tourniquet,190,80,0.597,0,81,0,0,0,0,0,0,0,0,0,0,0,0,0,0,0,0,-0.189,-37.687,0,3Ducks,-0.132,-17.084,0,NABIMan,-18.516,-42.415,0,신과함께1,-13.014,-58.956,0,Pring__,22.227,-45.875,0,ByeolBam,13.749,-62.672,0,AI,35.7,-81.8,0,AI,0,-100.6,0,WhiteMountain,11.312,-13.447,0,0,0,0,0,0,,0,0,0,0,0,0,0,0,0,0
29,2,1,1,0,0,2,0,0,1,0,255,6,255,20,1235.242,Sabo_10,L,4,118,-2.596,1.061,-0.822,1.669,-37.27,1,0,241.81,0,-1.801,0,0,0,6,0,L,CAT tourniquet,190,80,0.597,0,81,0,0,0,0,0,0,0,0,0,0,0,0,0,0,0,0,-0.33,-37.83,0,3Ducks,-0.07,-17.103,0,NABIMan,-20.114,-43.865,0,신과함께1,-12.689,-59.338,0,Pring__,21.982,-46.042,0,ByeolBam,12.298,-62.289,0,AI,35.7,-81.8,0,AI,0,-100.6,0,WhiteMountain,11.15,-13.827,0,0,0,0,0,0,,0,0,0,0,0,0,0,0,0,0
30,2,1,1,0,1,2,0,0,1,0,255,6,255,21,1250.04,Sabo_10,L,27,128,-0.417,-0.323,-0.396,1.519,-36.847,2,0,-106.998,-144.511,-18.982,0,0,1,6,0,L,CAT tourniquet,190,80,0.597,2,81,1250.985,159,2,94,35,3,136,140,129,111.622,66.994,0.6,0.016,-0.108,0.152,0,-0.377,-37.178,0,3Ducks,-0.001,-17.316,0,NABIMan,-19.743,-43.562,0,신과함께1,-12.683,-59.332,0,Pring__,22.481,-48.554,0,ByeolBam,14.137,-64.067,0,AI,35.7,-81.8,0,AI,0,-100.6,0,WhiteMountain,10.977,-13.638,0,1257.996,102.977,3.595,0,0,,0,0,0,0,0,0,0,0,0,3
31,2,1,1,0,1,2,0,0,1,0,255,6,255,22,1274.979,Sabo_10,L,10,118,0.876,-1.402,-0.344,1.483,-36.873,4,0,43.126,362.211,-16.516,0,0,1,6,0,L,CAT tourniquet,190,80,0.597,0,57,0,0,0,0,0,0,0,0,0,0,0,0,0,0,0,0,-0.309,-37.851,0,3Ducks,-0.061,-17.037,0,NABIMan,-19.172,-43.577,0,신과함께1,-12.705,-59.331,0,Pring__,20.301,-44.669,0,ByeolBam,10.595,-60.611,0,AI,35.7,-81.8,0,AI,0,-100.6,0,WhiteMountain,-41.266,-80.738,0,0,0,0,0,0,,0,0,0,0,0,0,0,0,0,0
32,2,1,1,0,0,0,1,0,1,0,255,6,255,23,1305.683,Sabo_10,L,27,130,0.728,-1.087,-0.296,1.429,-36.81,2,0,-75.79,-137.321,-20.611,0,0,1,0,3,L,Kr_Luna,169.8,91.523,0.497,2,67,1306.491,181,17,104,81,41,255,150,110,-5.32,-21.28,0.94,0.058,-0.033,0.13,0,-0.068,-37.057,0,3Ducks,0,-17.184,0,NABIMan,-20.492,-44.883,0,신과함께1,-13.276,-59.624,0,Pring__,22.142,-47.432,0,ByeolBam,13.202,-62.7,0,AI,35.7,-81.8,0,AI,0,-100.6,0,WhiteMountain,-40.933,-84.101,0,1306.674,1.881,-23.818,1308.529,5,ByeolBam,17.253,-58.54,1,32,0,0,0,0,0,2
33,2,1,1,0,0,0,2,0,1,0,255,3,255,24,1343.021,Sabo_10,L,0,103,0.873,-0.993,-0.375,1.453,-36.846,2,0,0,0,-2.713,0,0,1,1,5,R,coder_,160,96.154,0.455,3,79,1344.188,0,1,65,23,13,50,3,30,-89.695,-88.717,0.46,-0.019,-0.078,0.063,1,-0.257,-37.44,0,3Ducks,-0.029,-17.086,0,NABIMan,-20.562,-45.557,0,신과함께1,-10.742,-61.539,0,Pring__,17.387,-42.54,0,ByeolBam,14.092,-62.589,0,AI,35.7,-81.8,0,AI,0,-100.6,0,WhiteMountain,-45.836,-87.587,0,1344.251,0.29,-19.876,1345.807,1,3Ducks,1.775,-19.909,0,0,0,0,0,0,0,2
34,2,1,1,0,0,1,2,0,1,0,255,3,255,25,1361.123,Sabo_10,L,4,111,1.641,0.267,-0.31,1.565,-36.797,2,0,205.918,0,-9.794,0,0,1,1,5,R,coder_,160,96.154,0.455,3,57,1362.267,8,1,23,21,15,27,3,30,-40.42,-14.649,-0.5,-0.006,-0.075,0.071,1,-0.205,-37.515,115,3Ducks,-0.035,-17.22,0,NABIMan,-19.439,-45.135,0,신과함께1,-11.36,-61.442,0,Pring__,13.599,-38.496,0,ByeolBam,10.723,-57.406,0,AI,35.7,-81.8,0,AI,0,-100.6,0,WhiteMountain,-49.364,-88.815,0,1362.407,0.545,-21.003,1364.54,0,Sabo_10,2.555,-30.781,0,0,0,0,0,0,0,2
35,2,0,1,0,0,0,0,0,0,0,255,255,255,8,1406.618,CAT tourniquet,L,33,129,-1.346,0.216,-0.3,1.462,-36.618,0,0,-102.841,-30.044,3.353,0,0,0,3,5,R,ByeolBam,174.7,89.999,0.496,0,79,0,0,0,0,0,0,0,0,0,0,0,0,0,0,0,0,0.1,-37.804,0,ke ro,0.026,-17.028,0,Gonyong,-21.242,-47.975,0,Kr_Luna,-18.673,-60.576,0,인생최패망자,15.807,-48.165,0,coder_,11.279,-64.714,0,소솨소솨,36,-82.676,0,AI,0,-100.602,0,AI,-35.702,-81.802,0,0,0,0,0,0,,0,0,0,0,0,0,0,0,0,0
36,2,0,1,0,0,1,0,0,0,0,255,255,255,9,1419.283,CAT tourniquet,L,33,128,0.237,0.978,-0.137,1.576,-36.435,2,0,-141.924,-68.048,0.576,0,0,1,3,5,R,ByeolBam,174.7,89.999,0.496,3,79,1420.203,131,15,85,44,20,66,139,124,32.958,7.2,0.4,-0.031,-0.069,0.144,0,0.41,-36.903,0,ke ro,0.063,-17.061,0,Gonyong,-20.732,-48.517,0,Kr_Luna,-16.7,-61.857,0,인생최패망자,15.435,-48.745,0,coder_,11.475,-66.026,0,소솨소솨,36.003,-82.661,0,AI,0,-100.602,0,AI,-35.702,-81.802,0,1426.485,-26.102,-128.711,0,0,,0,0,1,0,0,0,0,0,0,2
37,2,0,1,0,0,0,0,0,1,0,255,14,255,10,1494.816,CAT tourniquet,L,4,122,0.458,-0.009,-0.227,1.434,-36.61,0,0,221.765,0,5.674,0,0,0,4,2,L,NABIMan,190,94.73,0.547,0,32,0,0,0,0,0,0,0,0,0,0,0,0,0,0,0,0,0.226,-37.625,0,ke ro,-0.008,-16.653,0,Gonyong,-20.781,-50.154,0,Kr_Luna,-3.064,-61.263,0,인생최패망자,18.629,-43.855,0,coder_,12.273,-65.213,0,소솨소솨,44.242,-86.096,0,AI,0,-100.602,0,AI,-35.702,-81.801,0,0,0,0,0,0,,0,0,0,0,0,0,0,0,0,0
38,2,0,1,0,0,1,0,0,1,0,255,14,255,11,1513.637,CAT tourniquet,L,5,127,3.833,0.531,0.128,1.543,-36.6,2,0,113.697,0,-1.404,0,0,1,4,2,L,NABIMan,190,94.73,0.547,3,32,1514.599,79,18,107,84,38,98,134,108,24.148,-38.55,0.94,0.081,-0.055,0.02,0,0.167,-37.549,0,ke ro,0.042,-16.543,0,Gonyong,-20.765,-50.139,0,Kr_Luna,-6.102,-61.968,0,인생최패망자,19.126,-45.093,0,coder_,12.292,-63.353,0,소솨소솨,42.746,-82.909,0,AI,0,-100.602,0,AI,-35.702,-81.802,0,1519.396,67.098,-78.458,0,0,,0,0,0,0,0,0,0,0,0,3
39,2,0,1,0,0,2,0,0,1,0,255,14,255,12,1542.68,CAT tourniquet,L,33,128,-1.674,-0.723,-0.316,1.316,-36.583,1,0,-135.601,58.851,13.733,0,0,0,4,2,L,NABIMan,190,94.73,0.547,0,32,0,0,0,0,0,0,0,0,0,0,0,0,0,0,0,0,0.194,-37.411,0,ke ro,-0.082,-16.546,0,Gonyong,-20.817,-48.058,0,Kr_Luna,-2.068,-61.615,0,인생최패망자,19.028,-41.596,0,coder_,13.625,-64.573,0,소솨소솨,46.186,-82.11,0,AI,0,-100.602,0,AI,-35.702,-81.802,0,0,0,0,0,0,,0,0,0,0,0,0,0,0,0,0
40,2,0,1,0,1,2,0,0,1,0,255,14,255,13,1562.107,CAT tourniquet,L,33,124,-3.924,-1.672,-0.507,1.169,-36.771,3,0,-141.555,113.033,19.488,-0.679,-19.96,0,4,2,L,NABIMan,190,94.73,0.547,0,32,0,0,0,0,0,0,0,0,0,0,0,0,0,0,0,0,0.127,-37.246,0,ke ro,-0.273,-16.555,0,Gonyong,-20.817,-48.02,0,Kr_Luna,-3.617,-61.517,0,인생최패망자,18.583,-43.625,0,coder_,13.324,-64.912,0,소솨소솨,45.349,-82.707,0,AI,0,-100.6,0,AI,-35.7,-81.8,0,0,0,0,0,0,,0,0,0,0,0,0,0,0,0,6
41,2,0,1,0,1,2,0,0,1,0,255,14,255,14,1615.588,CAT tourniquet,L,33,129,0.062,1.347,-0.222,1.64,-36.568,2,0,-141.974,-123.736,3.352,0,0,1,4,2,L,NABIMan,190,94.73,0.547,3,80,1616.557,111,10,89,36,16,69,138,93,-28.392,44.428,-0.44,0.03,-0.014,0.208,0,0.064,-37.593,0,ke ro,-0.057,-16.714,0,Gonyong,-19.783,-45.487,0,Kr_Luna,-4.772,-61.871,0,인생최패망자,20.094,-45.734,0,coder_,12,-63.063,0,소솨소솨,40.915,-81.202,0,AI,0,-100.6,0,AI,-35.7,-81.8,0,1622.785,-61.475,-83.898,0,0,,0,0,0,0,0,0,0,0,0,2
42,2,0,1,0,1,2,0,0,1,0,255,14,255,15,1663.45,CAT tourniquet,L,0,124,0.323,1.133,-0.183,1.652,-36.616,2,0,28.015,0,-1.255,0,0,1,4,2,L,NABIMan,190,94.73,0.547,3,33,1664.384,164,16,124,67,11,181,150,108,-14.245,-13.134,0.03,0.065,-0.034,0.228,0,0.17,-37.355,0,ke ro,0.003,-16.996,0,Gonyong,-19.643,-44.994,0,Kr_Luna,-11.15,-61.506,0,인생최패망자,20.268,-45.901,0,coder_,13.6,-62.481,0,소솨소솨,41.524,-79.911,0,AI,0,-100.6,0,AI,-35.7,-81.8,0,1664.54,1.296,-24.905,0,0,,0,0,1,0,0,0,0,0,0,2
43,2,0,1,0,0,0,0,1,1,0,11,14,255,16,1748.987,CAT tourniquet,L,0,140,2.843,-0.464,0.061,1.356,-36.463,1,0,0,0,-7.263,0,0,0,5,4,L,Pring__,180.136,95.172,0.482,0,80,0,0,0,0,0,0,0,0,0,0,0,0,0,0,0,0,0.047,-37.967,0,ke ro,0.231,-17.247,0,Gonyong,-20.497,-42.754,0,Kr_Luna,-9.187,-62.138,0,인생최패망자,19.235,-41.884,0,coder_,13.631,-63.909,0,소솨소솨,47.37,-89.72,0,AI,0,-100.6,0,AI,-35.7,-81.8,0,0,0,0,0,0,,0,0,0,0,0,0,0,0,0,0
44,2,0,1,0,1,0,0,1,1,0,11,14,255,17,1769.924,CAT tourniquet,L,34,128,-2.502,1.257,-0.407,1.652,-36.621,1,0,-89.588,-4.639,0.863,0,0,0,5,4,L,Pring__,180.136,95.172,0.482,0,80,0,0,0,0,0,0,0,0,0,0,0,0,0,0,0,0,0.072,-37.753,0,ke ro,-0.1,-16.858,0,Gonyong,-20.818,-40.308,0,Kr_Luna,-9.201,-62.193,0,인생최패망자,20.116,-43.518,0,coder_,13.001,-63.675,0,소솨소솨,47.584,-87.866,0,AI,0,-100.6,0,AI,-35.7,-81.8,0,0,0,0,0,0,,0,0,0,0,0,0,0,0,0,0
45,2,0,1,0,2,0,0,1,1,0,11,14,255,18,1787.363,CAT tourniquet,L,37,128,1.349,-0.081,-0.059,1.443,-36.502,2,0,-61.9,75.289,9.294,0,0,0,5,4,L,Pring__,180.136,95.172,0.482,3,80,1788.164,142,18,121,89,55,131,150,130,27.893,3.52,0.53,-0.019,-0.067,0.051,0,0.319,-37.124,0,ke ro,0.03,-16.884,0,Gonyong,-20.712,-41.962,0,Kr_Luna,-9.561,-62.146,0,인생최패망자,20.732,-46.734,0,coder_,12.016,-63.869,0,소솨소솨,46.035,-87.254,0,AI,0,-100.6,0,AI,-35.7,-81.8,0,1794.151,9.965,-143.546,0,0,,0,0,0,0,0,0,0,0,0,4
46,2,0,1,3,0,0,0,0,0,0,255,255,255,19,1838.325,CAT tourniquet,L,0,127,3.37,-0.272,0.101,1.386,-36.405,4,0,26.203,0,10.034,0,0,1,6,0,L,Sabo_10,184.5,94,0.6,0,81,0,0,0,0,0,0,0,0,0,0,0,0,0,0,0,0,-0.068,-38.109,0,ke ro,0.087,-16.785,0,Gonyong,-19.557,-46.775,0,Kr_Luna,-10.62,-61.783,0,인생최패망자,20.545,-46.48,0,coder_,11.88,-63.732,0,소솨소솨,43.577,-84.749,0,AI,0,-100.6,0,AI,-35.7,-81.8,0,0,0,0,0,0,,0,0,0,0,0,0,0,0,0,0
47,2,0,1,3,0,1,0,0,0,0,255,255,255,20,1855.551,CAT tourniquet,L,3,117,1.144,-0.299,-0.19,1.382,-36.569,2,0,255.998,0,3.014,0,0,1,6,0,L,Sabo_10,184.5,94,0.6,3,81,1856.487,112,15,123,59,34,114,142,130,0.937,-30.27,0.5,0.058,-0.077,0.129,0,0.458,-37.059,0,ke ro,0.018,-16.999,0,Gonyong,-20.498,-48.648,0,Kr_Luna,-15.151,-60.803,0,인생최패망자,21.554,-47.8,0,coder_,11.845,-63.724,0,소솨소솨,42.915,-83.717,0,AI,0,-100.6,0,AI,-35.7,-81.8,0,1857.052,11.837,-38.902,0,0,,0,0,1,0,0,0,0,0,0,2
48,2,0,1,3,0,0,0,1,0,0,9,255,255,21,1893.774,CAT tourniquet,L,34,135,0.31,0.826,-0.153,1.56,-36.551,0,0,-84.681,-39.94,3.922,0,0,0,7,6,L,눈꽃,174.7,85,0.496,0,81,0,0,0,0,0,0,0,0,0,0,0,0,0,0,0,0,0.063,-37.73,0,ke ro,0.1,-17.183,0,Gonyong,-16.558,-45.239,0,Kr_Luna,-9.353,-58.389,0,인생최패망자,19.921,-43.809,0,coder_,7.547,-62.591,0,소솨소솨,44.205,-85.938,0,AI,0,-100.6,0,AI,-35.7,-81.8,0,0,0,0,0,0,,0,0,0,0,0,0,0,0,0,0
49,2,0,1,3,0,1,0,1,0,0,9,255,255,22,1910.289,CAT tourniquet,L,33,133,0.008,0.676,-0.171,1.53,-36.521,2,0,-105.933,-56.738,1.905,0,0,1,7,6,L,눈꽃,174.7,85,0.496,3,81,1911.182,155,24,76,79,25,34,140,89,39.119,31.377,-0.5,-0.021,0.058,0.019,0,0.087,-37.509,0,ke ro,0.126,-17.172,0,Gonyong,-17.844,-45.402,0,Kr_Luna,-10.205,-60.811,0,인생최패망자,19.915,-45.618,0,coder_,8.725,-63.865,0,소솨소솨,44.218,-85.94,0,AI,0,-100.602,0,AI,-35.702,-81.802,0,1915.629,-37.362,-78.004,0,0,,0,0,0,64,0,0,0,0,0,1
50,2,0,1,3,0,0,2,0,0,0,255,255,255,23,1964.714,CAT tourniquet,L,0,127,3.434,-0.144,0.114,1.408,-36.507,1,0,4.069,0,-9.081,0,0,0,0,3,L,신과함께1,190,81.322,0.2,0,50,0,0,0,0,0,0,0,0,0,0,0,0,0,0,0,0,0.068,-38.078,0,ke ro,0.046,-17.048,0,Gonyong,-20.979,-49.928,0,Kr_Luna,-11.941,-60.267,0,인생최패망자,19.474,-45.585,0,coder_,11.927,-64.403,0,소솨소솨,46.426,-84.215,0,AI,0,-100.602,0,AI,-35.702,-81.802,0,0,0,0,0,0,,0,0,0,0,0,0,0,0,0,0
51,2,0,1,3,1,0,2,0,0,0,255,255,255,24,1979.006,CAT tourniquet,L,33,127,-2.112,0.822,-0.36,1.593,-36.662,1,0,-120.561,-4.264,2.476,0,0,0,0,3,L,신과함께1,190,81.322,0.2,0,50,0,0,0,0,0,0,0,0,0,0,0,0,0,0,0,0,0.102,-37.297,0,ke ro,0.002,-17.038,0,Gonyong,-20.863,-49.892,0,Kr_Luna,-11.399,-60.603,0,인생최패망자,19.348,-45.946,0,coder_,11.921,-64.439,0,소솨소솨,43.371,-83.227,0,AI,0,-100.602,0,AI,-35.702,-81.802,0,0,0,0,0,0,,0,0,0,0,0,0,0,0,0,0
52,2,0,1,3,2,0,2,0,0,0,255,255,255,25,1992.235,CAT tourniquet,L,34,128,0.225,0.731,-0.159,1.567,-36.494,0,0,-74.156,-35.155,-0.396,0,0,0,0,3,L,신과함께1,190,81.322,0.2,0,50,0,0,0,0,0,0,0,0,0,0,0,0,0,0,0,0,0.177,-37.679,0,ke ro,0.072,-17.043,0,Gonyong,-20.945,-49.922,0,Kr_Luna,-12.288,-61.071,0,인생최패망자,20.08,-46.433,0,coder_,11.908,-64.425,0,소솨소솨,43.388,-83.248,0,AI,0,-100.602,0,AI,-35.702,-81.802,0,0,0,0,0,0,,0,0,0,0,0,0,0,0,0,0
53,2,0,1,3,2,1,2,0,0,0,255,255,255,26,2008.191,CAT tourniquet,L,35,127,-0.056,-0.426,-0.183,1.411,-36.476,0,0,-82.01,178.344,31.313,0,0,0,0,3,L,신과함께1,190,81.322,0.2,0,50,0,0,0,0,0,0,0,0,0,0,0,0,0,0,0,0,0.048,-37.674,0,ke ro,0.025,-17.055,0,Gonyong,-21.047,-50.017,0,Kr_Luna,-12.225,-60.977,0,인생최패망자,19.198,-45.437,0,coder_,11.969,-64.239,0,소솨소솨,43.389,-83.241,0,AI,0,-100.602,0,AI,-35.702,-81.802,0,0,0,0,0,0,,0,0,0,0,0,0,0,0,0,0
54,2,0,1,3,2,2,2,0,0,0,255,255,255,27,2021.739,CAT tourniquet,L,41,73,-0.402,-0.432,-0.255,1.274,-36.39,0,0,-4.783,-69.455,-3.334,0,0,1,0,3,L,신과함께1,190,81.322,0.2,0,50,0,0,0,0,0,0,0,0,0,0,0,0,0,0,0,0,0.125,-37.252,0,ke ro,-0.009,-17.043,0,Gonyong,-21.05,-50.032,0,Kr_Luna,-12.326,-60.985,0,인생최패망자,19.512,-43.328,0,coder_,12.138,-63.513,0,소솨소솨,44.085,-83.51,0,AI,0,-100.602,0,AI,-35.702,-81.802,0,0,0,0,0,0,,0,0,0,0,0,0,0,0,0,0
55,3,1,1,3,0,0,0,0,0,0,255,255,255,26,2059.057,Sabo_10,L,27,136,-1.222,0.014,-0.512,1.639,-36.905,0,0,-95.922,-112.649,-9.695,0,0,1,2,4,R,인생최패망자,190,80,0.4,0,80,0,0,0,0,0,0,0,0,0,0,0,0,0,0,0,0,-0.216,-37.87,0,3Ducks,-0.208,-16.977,0,NABIMan,-20.015,-44.998,0,신과함께1,-10.367,-59.754,0,Pring__,22.932,-47.805,0,ByeolBam,13.743,-63.718,0,눈꽃,42.613,-91.834,0,AI,0,-100.6,0,WhiteMountain,-47.174,-87.104,0,0,0,0,0,0,,0,0,0,0,0,0,0,0,0,0
56,3,1,1,3,0,1,0,0,0,0,255,255,255,27,2073.671,Sabo_10,L,26,131,-3.292,0.795,-0.563,1.651,-36.907,2,0,-166.347,-166.418,-18.834,0,0,1,2,4,R,인생최패망자,190,80,0.4,3,73,2074.699,244,22,114,79,57,113,150,130,19.102,-43.344,0.7,-0.024,0,0.047,0,-0.276,-37.459,0,3Ducks,-0.066,-17.18,0,NABIMan,-20.819,-45.308,0,신과함께1,-11.121,-60.246,0,Pring__,22.655,-47.628,0,ByeolBam,13.675,-63.962,0,눈꽃,42.676,-91.915,0,AI,0,-100.6,0,WhiteMountain,-47.142,-87.072,0,2080.096,80.193,-121.609,0,0,,0,0,0,0,0,0,0,0,0,4
57,3,1,2,3,0,0,0,0,0,0,255,255,255,28,2112.23,Sabo_10,L,27,135,0.616,-0.082,-0.308,1.538,-36.804,2,0,-100.837,-125.412,-23.263,0,0,1,3,2,R,Gonyong,175.1,80,0.2,3,80,2113.257,171,20,85,80,27,74,145,125,25.896,30.073,0.66,-0.029,-0.009,0.046,0.048,-0.317,-37.307,0,3Ducks,-0.016,-17.167,0,NABIMan,-21.639,-45.191,0,신과함께1,-10.868,-61.622,0,Pring__,21.683,-46.228,0,ByeolBam,13.585,-63.963,0,눈꽃,39.811,-94.94,0,AI,0,-100.6,0,WhiteMountain,-46.674,-87.548,0,2118.629,-72.581,-109.545,0,0,,0,0,0,0,0,0,0,0,0,4
58,3,1,3,3,0,0,0,0,0,0,255,255,255,29,2153.72,Sabo_10,L,0,129,0.839,-0.581,-0.275,1.478,-36.733,2,0,0,0,-13.891,0,0,1,4,1,R,ke ro,190,80,0.377,2,79,2154.619,185,13,112,67,31,169,150,102,90.109,-89.855,-0.27,-0.005,-0.046,0,0,-0.129,-37.147,0,3Ducks,-0.031,-17.192,0,NABIMan,-22.235,-45.829,0,신과함께1,-11.384,-63.33,0,Pring__,22.27,-47.94,0,ByeolBam,13.574,-64.423,0,눈꽃,38.901,-97.14,0,AI,0,-100.6,0,WhiteMountain,-50.17,-87.654,0,2160.629,-68.554,-11.635,0,0,,0,0,0,0,0,0,0,0,0,3
59,3,1,3,3,0,1,0,0,0,0,255,255,255,30,2172.043,Sabo_10,L,3,115,0.536,0.46,-0.496,1.647,-36.816,2,0,433.665,71.946,-12.977,0,0,1,4,1,R,ke ro,190,80,0.377,2,79,2172.987,194,16,100,78,51,153,150,105,25.167,-2.375,-0.1,-0.009,-0.001,0,0,-0.05,-37.206,0,3Ducks,-0.044,-17.193,0,NABIMan,-22.291,-45.631,0,신과함께1,-11.623,-63.651,0,Pring__,22.285,-47.963,0,ByeolBam,14.037,-63.112,0,눈꽃,38.238,-96,0,AI,0,-100.6,0,WhiteMountain,-51.991,-89.597,0,2177.818,5.447,-111.702,0,0,,0,0,0,0,0,0,0,0,0,1
60,3,1,3,3,0,0,1,0,0,0,255,255,255,31,2207.166,Sabo_10,L,26,129,1.831,-0.622,-0.175,1.456,-36.748,2,0,-48.691,-172.541,-29.402,0,0,1,5,6,R,소솨소솨,174.7,80,0.5,2,79,2208.001,255,10,174,51,13,255,150,92,-18.34,-26.311,-0.46,-0.024,-0.081,0.079,0,0.066,-37.191,0,3Ducks,-0.08,-17.156,0,NABIMan,-20.378,-43.598,0,신과함께1,-10.163,-64.603,0,Pring__,21.68,-47.214,0,ByeolBam,12.29,-63.084,0,눈꽃,34.524,-98.338,0,AI,0,-100.6,0,WhiteMountain,-52.039,-89.62,0,2208.04,1.219,-20.843,0,0,,0,0,0,0,0,0,0,0,0,2
61,3,1,3,3,0,0,2,0,0,0,255,255,255,32,2230.623,Sabo_10,L,26,135,-0.339,0.28,-0.316,1.5,-36.732,0,0,-35.311,-166.298,-15.928,0,0,0,6,0,L,CAT tourniquet,190,80,0.597,0,79,0,0,0,0,0,0,0,0,0,0,0,0,0,0,0,0,-0.385,-37.756,0,3Ducks,-0.1,-16.999,0,NABIMan,-20.21,-42.84,0,신과함께1,-11.049,-62.525,0,Pring__,23.206,-48.433,0,ByeolBam,14.603,-63.908,0,눈꽃,40.501,-95.583,0,AI,0,-100.6,0,WhiteMountain,-50.582,-89.488,0,0,0,0,0,0,,0,0,0,0,0,0,0,0,0,0
62,3,1,3,3,0,1,2,0,0,0,255,255,255,33,2242.854,Sabo_10,L,33,139,-1.156,1.004,-0.361,1.65,-36.686,2,0,-149.654,-134.751,-34.916,0,0,1,6,0,L,CAT tourniquet,190,80,0.597,2,79,2243.747,76,0,49,1,0,153,26,45,15.139,-45.528,-0.25,0.058,-0.003,0.132,0,-0.29,-37.141,0,3Ducks,0.038,-17.222,0,NABIMan,-20.267,-42.902,0,신과함께1,-10.944,-61.843,0,Pring__,23.187,-48.415,0,ByeolBam,14.184,-63.861,0,눈꽃,40.494,-95.567,0,AI,0,-100.6,0,WhiteMountain,-50.593,-89.615,0,2245.118,11.448,-30.757,0,0,,0,0,0,0,0,0,0,0,0,2
63,3,0,3,3,0,0,0,0,0,0,255,255,255,28,2298.885,CAT tourniquet,L,32,125,1.165,1.09,-0.035,1.592,-36.477,1,0,-184.207,-80.804,1.061,0,0,0,1,1,R,3Ducks,176.2,83.295,0.595,0,79,0,0,0,0,0,0,0,0,0,0,0,0,0,0,0,0,-0.03,-38.009,0,ke ro,0.071,-16.807,0,Gonyong,-19.767,-48.539,0,Kr_Luna,-13.931,-60.482,0,인생최패망자,16.024,-49.73,0,coder_,11.199,-65.695,0,소솨소솨,39.473,-85.712,0,Idaman_11 4296,-0.193,-103.845,0,AI,-35.7,-81.8,0,0,0,0,0,0,,0,0,0,0,0,0,0,0,0,0
64,3,0,3,3,1,0,0,0,0,0,255,255,255,29,2315.389,CAT tourniquet,L,32,129,0.918,0.641,-0.065,1.538,-36.43,0,0,-169.263,-12.496,3.364,0,0,1,1,1,R,3Ducks,176.2,83.295,0.595,0,79,0,0,0,0,0,0,0,0,0,0,0,0,0,0,0,0,-0.057,-37.861,0,ke ro,0.037,-16.623,0,Gonyong,-19.666,-48.447,0,Kr_Luna,-13.904,-60.586,0,인생최패망자,15.933,-47.962,0,coder_,11.2,-65.685,0,소솨소솨,39.421,-85.72,0,Idaman_11 4296,-1.34,-104.044,0,AI,-35.7,-81.8,0,0,0,0,0,0,,0,0,0,0,0,0,0,0,0,0
65,3,0,3,3,1,1,0,0,0,0,255,255,255,30,2330.786,CAT tourniquet,L,33,127,-0.578,-1.064,-0.222,1.271,-36.358,1,0,-112.123,41.178,8.351,0,0,0,1,1,R,3Ducks,176.2,83.295,0.595,0,79,0,0,0,0,0,0,0,0,0,0,0,0,0,0,0,0,-0.1,-37.942,0,ke ro,0.008,-16.598,0,Gonyong,-20.913,-49.921,0,Kr_Luna,-13.749,-60.504,0,인생최패망자,16.058,-49.066,0,coder_,11.032,-65.937,0,소솨소솨,39.52,-85.701,0,Idaman_11 4296,-1.359,-104.015,0,AI,-35.7,-81.8,0,0,0,0,0,0,,0,0,0,0,0,0,0,0,0,0
66,3,0,3,3,2,1,0,0,0,0,255,255,255,31,2349.981,CAT tourniquet,L,3,121,1.242,-0.278,-0.214,1.389,-36.426,2,0,416.34,0,-4.308,0,0,1,1,1,R,3Ducks,176.2,83.295,0.595,3,79,2351.003,112,17,97,71,43,105,141,90,-7.481,-44.939,-0.5,-0.001,-0.032,0.118,0.143,0.081,-37.519,0,ke ro,-0.001,-16.642,0,Gonyong,-21.019,-50.02,0,Kr_Luna,-13.955,-60.565,0,인생최패망자,16.152,-49.118,0,coder_,11.047,-65.922,0,소솨소솨,39.915,-85.321,0,Idaman_11 4296,-1.349,-103.958,0,AI,-35.7,-81.8,0,2351.251,5.029,-24.023,0,0,,0,0,0,0,0,0,0,0,0,3
67,3,0,3,3,2,2,0,0,0,0,255,255,255,32,2369.126,CAT tourniquet,L,33,123,-0.004,0.897,-0.162,1.586,-36.449,2,0,-123.965,6.26,9.344,0,0,1,1,1,R,3Ducks,176.2,83.295,0.595,3,39,2370.114,131,27,67,48,21,61,134,88,31.132,29.646,-0.32,0.082,0.038,0.054,0.095,0.165,-37.347,0,ke ro,0.014,-16.571,0,Gonyong,-19.773,-48.034,0,Kr_Luna,-11.428,-59.665,0,인생최패망자,16.669,-47.807,0,coder_,12.304,-65.448,0,소솨소솨,39.559,-84.866,0,Idaman_11 4296,-2.926,-106.245,0,AI,-35.7,-81.8,0,2374.785,-44.3,-77.431,0,0,,0,0,0,0,0,0,0,0,0,1
68,3,0,3,3,0,0,1,0,0,0,255,255,255,33,2398.54,CAT tourniquet,L,33,140,0.077,0.491,-0.166,1.514,-36.51,2,0,-106.413,-68.856,4.136,0,0,1,2,8,R,WhiteMountain,190,80,0.398,2,78,2399.655,239,8,82,33,9,133,139,103,-31.717,44.298,-0.03,-0.041,-0.056,0.126,0,0.479,-37.225,0,ke ro,0.055,-16.745,0,Gonyong,-20.512,-49.134,0,Kr_Luna,-15.878,-60.924,0,인생최패망자,16.116,-50.901,0,coder_,10.641,-64.938,0,소솨소솨,38.604,-85.579,0,Idaman_11 4296,-3.705,-103.429,0,AI,-35.7,-81.8,0,2399.674,-1.684,-20.929,0,0,,0,0,0,0,0,0,0,0,0,3
69,3,0,3,3,0,1,1,0,0,0,255,255,255,34,2417.053,CAT tourniquet,L,33,131,2.089,0.099,0.016,1.434,-36.395,4,0,-100.233,-2.487,4.115,0.321,-20.321,1,2,8,R,WhiteMountain,190,80,0.398,0,78,0,0,0,0,0,0,0,0,0,0,0,0,0,0,0,0,0.007,-37.691,0,ke ro,0.121,-17.762,0,Gonyong,-20.731,-49.97,0,Kr_Luna,-16.001,-61.702,0,인생최패망자,15.722,-46.136,0,coder_,11.51,-65.016,0,소솨소솨,38.586,-85.61,0,Idaman_11 4296,-4.008,-98.476,0,AI,-35.7,-81.8,0,0,0,0,0,0,,0,0,0,0,0,0,0,0,0,0
70,3,0,3,3,0,2,1,0,0,0,255,255,255,35,2435.776,CAT tourniquet,L,0,131,-0.019,-0.039,-0.206,1.427,-36.486,2,0,1.457,0,-2.115,0,0,1,2,8,R,WhiteMountain,190,80,0.398,2,78,2436.864,255,6,102,54,14,254,149,105,-34.217,-12.63,-0.13,-0.025,-0.024,0.122,0,0.116,-37.583,0,ke ro,-0.004,-17.252,0,Gonyong,-19.148,-45.603,0,Kr_Luna,-16.021,-61.72,0,인생최패망자,16.999,-48.454,0,coder_,11.122,-63.685,0,소솨소솨,38.849,-85.418,0,Idaman_11 4296,-3.331,-101.163,0,AI,-35.7,-81.8,0,2436.807,0.305,-21.836,0,0,,0,0,0,0,0,0,0,0,0,2
71,3,0,3,3,0,0,2,0,0,0,255,255,255,36,2460.987,CAT tourniquet,L,0,137,2.656,-0.504,0.022,1.361,-36.392,2,0,0,0,0.205,0,0,1,3,5,R,ByeolBam,174.7,89.999,0.496,3,78,2461.779,137,17,89,57,20,69,140,89,-8.376,-26.365,-0.47,-0.058,-0.082,0.117,0,0.266,-37.05,0,ke ro,0.025,-17.086,0,Gonyong,-22.602,-49.848,0,Kr_Luna,-15.14,-59.174,0,인생최패망자,16.973,-49.668,0,coder_,10.625,-65.117,0,소솨소솨,39.912,-84.664,0,Idaman_11 4296,-3.753,-100.533,0,AI,-35.7,-81.8,0,2461.929,2.536,-23.896,0,0,,0,0,0,0,0,0,0,0,0,2
72,3,0,3,3,0,0,2,0,1,0,255,255,255,37,2504.452,CAT tourniquet,L,32,132,0.549,0.35,-0.099,1.509,-36.478,0,0,-176.337,14.608,12.236,0,0,0,4,2,R,NABIMan,190,81.557,0.547,0,78,0,0,0,0,0,0,0,0,0,0,0,0,0,0,0,0,0.024,-37.634,0,ke ro,-0.082,-16.496,0,Gonyong,-20.999,-48.452,0,Kr_Luna,-15.809,-61.012,0,인생최패망자,15.918,-46.594,0,coder_,8.145,-63.799,0,소솨소솨,39.874,-84.55,0,Idaman_11 4296,-6.178,-102.408,0,AI,-35.7,-81.8,0,0,0,0,0,0,,0,0,0,0,0,0,0,0,0,0
73,3,0,3,3,0,1,2,0,1,0,255,255,255,38,2519.214,CAT tourniquet,L,33,124,-1.193,1.353,-0.279,1.689,-36.511,4,0,-105.57,-26.211,2.736,0,0,1,4,2,R,NABIMan,190,81.557,0.547,0,78,0,0,0,0,0,0,0,0,0,0,0,0,0,0,0,0,-0.008,-37.762,0,ke ro,-0.09,-16.46,0,Gonyong,-20.95,-48.383,0,Kr_Luna,-15.875,-61.012,0,인생최패망자,17.054,-48.087,0,coder_,8.117,-63.584,0,소솨소솨,39.844,-84.483,0,Idaman_11 4296,-6.128,-102.43,0,AI,-35.7,-81.8,0,0,0,0,0,0,,0,0,0,0,0,0,0,0,0,0
74,3,0,3,3,0,2,2,0,1,0,255,255,255,39,2535.709,CAT tourniquet,L,33,127,-4.181,0.555,-0.556,1.537,-36.662,2,0,-109.65,-22.433,6.739,0,0,1,4,2,R,NABIMan,190,81.557,0.547,3,33,2536.739,190,20,107,79,41,128,150,113,-15.972,42.282,0.94,-0.117,-0.006,0.035,0,0.202,-37.364,0,ke ro,-0.251,-16.562,0,Gonyong,-20.814,-48.281,0,Kr_Luna,-15.883,-61.108,0,인생최패망자,16.723,-48.102,0,coder_,12.027,-64.989,0,소솨소솨,40.095,-83.878,0,Idaman_11 4296,-6.158,-102.41,0,AI,-35.7,-81.8,0,2536.807,-4.186,-23.134,0,0,,0,0,0,0,0,0,0,0,0,2
75,4,1,3,3,0,0,0,0,0,0,255,255,255,34,2598.549,Sabo_10,L,5,125,-0.333,0.567,-0.494,1.638,-36.916,0,0,120.865,0,-8.874,0,0,1,7,7,R,Idaman_11 4296,182.9,95,0.5,0,77,0,0,0,0,0,0,0,0,0,0,0,0,0,0,0,0,-0.332,-37.954,0,3Ducks,-0.101,-17.198,0,NABIMan,-20.14,-43.703,0,신과함께1,-10.951,-60.418,0,Pring__,19.116,-44.273,0,ByeolBam,12.277,-61.4,0,눈꽃,38.489,-86.781,0,AI,0,-100.6,0,WhiteMountain,-46.639,-84.944,0,0,0,0,0,0,,0,0,0,0,0,0,0,0,0,0
76,4,1,3,3,0,1,0,0,0,0,255,255,255,35,2615.614,Sabo_10,L,27,134,1.221,-0.336,-0.251,1.528,-36.771,0,0,-4.434,-106.233,-9.896,0,0,1,7,7,R,Idaman_11 4296,182.9,95,0.5,0,77,0,0,0,0,0,0,0,0,0,0,0,0,0,0,0,0,-0.375,-37.852,0,3Ducks,-0.153,-17.308,0,NABIMan,-18.585,-43.777,0,신과함께1,-10.943,-60.387,0,Pring__,19.448,-44.762,0,ByeolBam,12.229,-61.443,0,눈꽃,36.853,-82.99,0,AI,0,-100.6,0,WhiteMountain,-45.43,-85.676,0,0,0,0,0,0,,0,0,0,0,0,0,0,0,0,0
77,4,1,3,3,0,2,0,0,0,0,255,255,255,36,2633.263,Sabo_10,L,27,128,-24.692,-0.867,-0.481,1.567,-36.734,2,0,-80.183,-143.928,-25.627,0,0,1,7,7,R,Idaman_11 4296,182.9,95,0.5,2,77,2634.509,121,7,62,24,0,160,103,51,-1.988,35.012,0.2,-0.051,0.005,0.04,0,-0.368,-37.16,0,3Ducks,-0.021,-17.469,0,NABIMan,-19.812,-44.547,0,신과함께1,-10.956,-60.446,0,Pring__,19.263,-44.56,0,ByeolBam,12.225,-61.427,0,눈꽃,38.709,-85.803,0,AI,0,-100.6,0,WhiteMountain,-45.462,-85.67,0,2635.151,-5.408,-26.665,0,0,,0,0,0,128,0,0,0,0,0,2
78,4,1,3,3,0,0,1,0,0,0,255,255,255,37,2661.057,Sabo_10,L,0,131,1.416,-1,-0.323,1.478,-36.74,0,0,0,0,-9.198,0,0,0,0,3,L,Kr_Luna,169.8,91.523,0.497,0,77,0,0,0,0,0,0,0,0,0,0,0,0,0,0,0,0,-0.354,-37.752,0,3Ducks,-0.198,-17.214,0,NABIMan,-19.709,-45.111,0,신과함께1,-13.619,-59.562,0,Pring__,24.159,-51.233,0,ByeolBam,13.052,-64.042,0,눈꽃,41.021,-93.897,0,AI,0,-100.6,0,WhiteMountain,-47.416,-91.319,0,0,0,0,0,0,,0,0,0,0,0,0,0,0,0,0
79,4,1,3,3,0,1,1,0,0,0,255,255,255,38,2674.964,Sabo_10,L,3,125,1.141,-0.255,-0.379,1.517,-36.709,2,0,399.935,0,-19.183,0,0,1,0,3,L,Kr_Luna,169.8,91.523,0.497,2,77,2675.811,195,13,95,70,22,169,150,76,0.057,-41.587,0.98,0.035,-0.029,0.233,0,-0.022,-37.237,0,3Ducks,-0.02,-17.405,0,NABIMan,-20.419,-45.42,0,신과함께1,-13.625,-59.595,0,Pring__,23.985,-51.055,0,ByeolBam,13.032,-64.022,0,눈꽃,41.044,-93.929,0,AI,0,-100.6,0,WhiteMountain,-48.054,-90.847,0,2676.263,8.051,-27.537,0,0,,0,0,1,1,0,0,0,0,0,2
80,4,1,3,3,0,0,2,0,0,0,255,255,255,39,2744.428,Sabo_10,L,0,128,0.521,0.128,-0.247,1.505,-36.782,2,0,0,0,-11.96,0,0,1,1,5,R,coder_,160,96.154,0.455,3,77,2745.445,26,1,59,27,8,54,18,30,-71.693,56.863,0.16,0.027,-0.028,0.042,1,-0.186,-37.193,0,3Ducks,-0.075,-17.461,0,NABIMan,-18.744,-44.362,0,신과함께1,-11.229,-60.978,0,Pring__,14.76,-39.782,0,ByeolBam,13.011,-63.063,0,눈꽃,37.475,-82.936,0,AI,0,-100.6,0,WhiteMountain,-50.938,-91.724,0,2745.518,-0.312,-20.703,0,0,,0,0,0,0,0,0,0,0,0,2
81,4,1,3,3,0,1,2,0,0,0,255,255,255,40,2764.258,Sabo_10,L,26,130,-2.337,0.736,-0.355,1.475,-36.738,2,0,-42.281,-184.86,-14.451,0,0,1,1,5,R,coder_,160,96.154,0.455,3,55,2765.229,3,0,0,0,0,9,0,30,-7.371,-33.104,0.3,-0.007,-0.05,0.016,1,-0.54,-35.45,0,3Ducks,-0.026,-17.182,0,NABIMan,-20.862,-44.689,0,신과함께1,-10.615,-60.282,0,Pring__,12.695,-37.102,97,ByeolBam,10.019,-57.822,0,눈꽃,37.488,-82.947,0,AI,0,-100.6,0,WhiteMountain,-51.253,-90.815,0,2765.596,1.882,-22.873,0,0,,0,0,0,0,0,0,0,0,0,2
82,4,0,3,3,0,0,0,0,0,0,255,255,255,40,2846.237,CAT tourniquet,L,33,127,-1.52,-0.059,-0.307,1.427,-36.547,2,0,-121.853,17.885,10.15,0,0,0,5,4,L,Pring__,180.136,95.172,0.482,3,77,2847.048,131,27,118,119,77,120,150,122,33.499,27.805,0.77,0.017,-0.063,0.049,0,0.29,-36.956,0,ke ro,-0.004,-16.899,0,Gonyong,-21.881,-49.094,0,Kr_Luna,-13.741,-62.004,0,인생최패망자,20.055,-46.294,0,coder_,13.001,-64.533,0,소솨소솨,45.909,-89.374,0,Idaman_11 4296,0.316,-99.237,0,AI,-35.7,-81.8,0,2852.863,-46.133,-122.944,0,0,,0,0,0,0,0,0,0,0,0,4
83,4,0,3,4,0,0,0,0,0,0,255,255,255,41,2896.983,CAT tourniquet,L,34,140,-3.191,0.711,-0.464,1.552,-36.586,4,0,-83.725,-22.388,0.167,-0.294,-21.013,1,6,0,L,Sabo_10,184.5,94,0.6,0,77,0,0,0,0,0,0,0,0,0,0,0,0,0,0,0,0,-0.142,-37.971,0,ke ro,-0.072,-16.977,0,Gonyong,-19.669,-45.768,0,Kr_Luna,-10.702,-62.345,0,인생최패망자,19.029,-45.683,0,coder_,13.255,-64.867,0,소솨소솨,46.766,-89.558,0,Idaman_11 4296,-5.187,-100.544,0,AI,-35.7,-81.8,0,0,0,0,0,0,,0,0,0,0,0,0,0,0,0,0
84,4,0,3,4,0,1,0,0,0,0,255,255,255,42,2918.572,CAT tourniquet,L,32,136,-0.42,0.76,-0.189,1.562,-36.387,2,0,-184.253,-49.162,0.246,0,0,1,6,0,L,Sabo_10,184.5,94,0.6,3,77,2919.624,43,18,68,84,41,78,60,60,97.587,74.639,-0.26,0.016,-0.039,0.047,0,0.098,-37.13,0,ke ro,-0.032,-17.161,0,Gonyong,-21.247,-48.562,0,Kr_Luna,-9.79,-58.895,0,인생최패망자,20.231,-46.169,0,coder_,12.606,-64.84,0,소솨소솨,47.132,-89.767,0,Idaman_11 4296,-0.958,-103.819,0,AI,-35.702,-81.802,0,2924.341,25.183,-12.309,0,0,,0,0,0,0,0,0,0,0,0,3
85,4,0,3,4,0,2,0,0,0,0,255,255,255,43,2940.63,CAT tourniquet,L,3,132,4.499,0.137,0.135,1.461,-36.332,1,0,265.687,0,-0.353,0,0,0,6,0,L,Sabo_10,184.5,94,0.6,0,77,0,0,0,0,0,0,0,0,0,0,0,0,0,0,0,0,-0.185,-37.872,0,ke ro,0.066,-16.995,0,Gonyong,-20.755,-46.438,0,Kr_Luna,-9.256,-58.655,0,인생최패망자,20.158,-44.199,0,coder_,12.32,-65.076,0,소솨소솨,47.557,-88.895,0,Idaman_11 4296,-2.198,-103.968,0,AI,-35.702,-81.802,0,0,0,0,0,0,,0,0,0,0,0,0,0,0,0,0
86,4,0,3,4,1,2,0,0,0,0,255,255,255,44,2956.095,CAT tourniquet,L,3,115,3.719,-0.727,-0.003,1.302,-36.412,2,1,409.755,0,-12.554,0,0,1,6,0,L,Sabo_10,184.5,94,0.6,3,77,2957.18,129,17,104,80,49,106,150,103,21.912,-0.935,0.93,0.065,-0.202,0.135,0,0.277,-37.422,0,ke ro,0.089,-17.061,0,Gonyong,-20.51,-45.816,0,Kr_Luna,-9.248,-58.677,0,인생최패망자,19.496,-45.525,0,coder_,12.417,-65.31,0,소솨소솨,47.524,-88.891,0,Idaman_11 4296,-2.109,-104.1,0,AI,-35.702,-81.802,0,2961.674,19.233,-108.594,0,0,,0,0,1,0,0,0,0,0,0,2
87,4,0,3,4,0,0,0,0,0,1,255,255,9,45,3010.396,CAT tourniquet,L,38,80,-1.277,0.768,-0.395,1.632,-36.351,0,1,17.485,-2.58,-0.692,0,0,1,7,6,L,눈꽃,174.7,85,0.496,0,77,0,0,0,0,0,0,0,0,0,0,0,0,0,0,0,0,0.024,-36.841,0,ke ro,0.007,-17.153,0,Gonyong,-15.814,-43.959,0,Kr_Luna,-10.191,-62.947,0,인생최패망자,19.408,-40.384,0,coder_,12.368,-61.267,0,소솨소솨,46.754,-88.067,0,Idaman_11 4296,0.454,-104.528,0,AI,-35.702,-81.802,0,0,0,0,0,0,,0,0,0,0,0,0,0,0,0,0
88,4,0,3,5,0,0,0,0,0,0,255,255,255,46,3045.109,CAT tourniquet,L,32,138,-0.954,0.771,-0.219,1.54,-36.501,2,0,-250,-84.998,-9.773,0,0,1,7,6,L,눈꽃,174.7,85,0.496,3,77,3045.983,151,9,101,41,22,170,140,89,22.277,32.962,-0.47,-0.047,0.026,0.061,0,0.044,-37.143,0,ke ro,-0.005,-17.13,0,Gonyong,-19.702,-49.787,0,Kr_Luna,-10.071,-62.885,0,인생최패망자,20.25,-45.887,0,coder_,14.014,-64.757,0,소솨소솨,48.63,-88.895,0,Idaman_11 4296,0.047,-106.91,0,AI,-35.702,-81.802,0,3050.274,-41.364,-81.385,0,0,,0,0,0,0,0,0,0,0,0,1
89,4,0,3,5,0,0,1,0,0,0,255,255,255,47,3083.083,CAT tourniquet,L,33,137,2.973,0.258,0.115,1.49,-36.316,1,0,-144.867,10.141,-5.108,0,0,0,0,3,L,신과함께1,190,81.322,0.2,0,50,0,0,0,0,0,0,0,0,0,0,0,0,0,0,0,0,0.044,-37.216,0,ke ro,0.01,-16.971,0,Gonyong,-20.422,-48.553,0,Kr_Luna,-15.896,-59.563,0,인생최패망자,18.884,-45.157,0,coder_,12.657,-63.332,0,소솨소솨,44.162,-86.207,0,Idaman_11 4296,-5.29,-107.011,0,AI,-35.702,-81.802,0,0,0,0,0,0,,0,0,0,0,0,0,0,0,0,0
90,4,0,3,5,1,0,1,0,0,0,255,255,255,48,3100.137,CAT tourniquet,L,0,140,1.285,0.247,-0.071,1.485,-36.294,0,0,-48.566,2.237,-1.186,0,0,0,0,3,L,신과함께1,190,81.322,0.2,0,50,0,0,0,0,0,0,0,0,0,0,0,0,0,0,0,0,-0.004,-37.6,0,ke ro,0.013,-16.996,0,Gonyong,-20.428,-48.545,0,Kr_Luna,-13.634,-59.507,0,인생최패망자,19.194,-45.498,0,coder_,12.67,-63.339,0,소솨소솨,43.031,-83.762,0,Idaman_11 4296,-5.302,-107.023,0,AI,-35.702,-81.802,0,0,0,0,0,0,,0,0,0,0,0,0,0,0,0,0
91,4,0,3,5,1,1,1,0,0,0,255,255,255,49,3114.082,CAT tourniquet,L,33,129,0.242,-0.171,-0.149,1.407,-36.239,0,0,-103.947,13.775,5.338,0,0,1,0,3,L,신과함께1,190,81.322,0.2,0,50,0,0,0,0,0,0,0,0,0,0,0,0,0,0,0,0,-0.089,-37.707,0,ke ro,-0.02,-16.832,0,Gonyong,-20.386,-48.515,0,Kr_Luna,-13.615,-59.484,0,인생최패망자,19.584,-46.102,0,coder_,12.95,-63.598,0,소솨소솨,43.016,-83.777,0,Idaman_11 4296,-5.3,-107.029,0,AI,-35.702,-81.802,0,0,0,0,0,0,,0,0,0,0,0,0,0,0,0,0
92,4,0,3,5,1,2,1,0,0,0,255,255,255,50,3130.679,CAT tourniquet,L,38,82,-0.102,-1.902,-0.223,0.896,-36.424,4,0,7.464,-5.881,0.065,0,0,1,0,3,L,신과함께1,190,81.322,0.2,0,50,0,0,0,0,0,0,0,0,0,0,0,0,0,0,0,0,-0.064,-37.492,0,ke ro,-0.032,-16.879,0,Gonyong,-20.466,-48.603,0,Kr_Luna,-13.62,-59.485,0,인생최패망자,19.517,-46.156,0,coder_,12.176,-63.027,0,소솨소솨,43,-83.775,0,Idaman_11 4296,-3.274,-106.978,0,AI,-35.702,-81.802,0,0,0,0,0,0,,0,0,0,0,0,0,0,0,0,0
93,4,0,3,5,0,0,2,0,0,0,255,255,255,51,3153.699,CAT tourniquet,L,33,137,-0.008,0.145,-0.169,1.452,-36.403,2,0,-123.862,-27.728,4.021,0,0,1,1,1,R,3Ducks,176.2,83.295,0.595,3,76,3154.712,166,12,50,19,20,58,94,64,20.193,37.934,-0.46,0.02,0.017,0,0.048,0.053,-37.371,0,ke ro,0.049,-16.936,0,Gonyong,-19.902,-46.225,0,Kr_Luna,-16.006,-58.799,0,인생최패망자,16.598,-50.577,0,coder_,10.333,-63.859,0,소솨소솨,42.013,-84.31,0,Idaman_11 4296,-3.291,-108.933,0,AI,-35.702,-81.802,0,0,0,0,0,0,,0,0,0,0,0,0,0,0,0,1
94,5,1,3,5,0,0,0,0,0,0,255,255,255,41,3201.018,Sabo_10,L,26,128,-0.763,-0.64,-0.433,1.463,-36.863,2,0,-118.013,-177.822,-13.783,0,0,1,2,4,R,인생최패망자,190,80,0.4,3,72,3201.994,156,20,106,104,72,137,150,121,25.816,-6.832,0.22,-0.045,-0.112,0.058,0,-0.112,-37.602,0,3Ducks,-0.021,-17.382,0,NABIMan,-21.026,-45.199,0,신과함께1,-11.095,-59.455,0,Pring__,22.853,-48.529,0,ByeolBam,13.578,-63.185,0,눈꽃,37.294,-86.975,0,AI,0,-100.6,0,WhiteMountain,-48.944,-88.781,0,3209.085,12.758,-128.677,0,0,,0,0,1,0,0,0,0,0,0,2
95,5,1,3,5,0,0,0,1,0,0,4,255,255,42,3253.119,Sabo_10,L,32,126,-1.271,1.027,-0.478,1.678,-36.921,0,0,-168.516,-115.933,-6.335,0,0,0,3,2,R,Gonyong,175.1,80,0.2,0,76,0,0,0,0,0,0,0,0,0,0,0,0,0,0,0,0,-0.202,-38.282,0,3Ducks,-0.021,-17.081,0,NABIMan,-19.499,-40.343,0,신과함께1,-5.312,-59.785,0,Pring__,22.597,-44.189,0,ByeolBam,13.342,-62.836,0,눈꽃,32.207,-99.743,0,AI,0,-100.6,0,WhiteMountain,-49.697,-92.096,0,0,0,0,0,0,,0,0,0,0,0,0,0,0,0,0
96,5,1,3,5,0,1,0,1,0,0,4,255,255,43,3269.032,Sabo_10,L,5,128,0.43,0.144,-0.377,1.612,-36.822,2,0,139.644,2.71,-15.63,0,0,1,3,2,R,Gonyong,175.1,80,0.2,3,76,3270.014,254,15,122,34,23,103,150,94,-38.203,-22.768,-0.37,-0.004,0.01,0.131,0,-0.147,-37.299,0,3Ducks,-0.033,-17.363,0,NABIMan,-19.621,-42.206,0,신과함께1,-5.564,-60.669,0,Pring__,22.556,-48.002,0,ByeolBam,13.171,-63.959,0,눈꽃,32.308,-99.642,0,AI,0,-100.6,0,WhiteMountain,-49.646,-92.163,0,3269.94,0.576,-21.581,0,0,,0,0,0,0,0,0,0,0,0,2
97,5,1,3,5,0,0,2,0,0,0,255,255,255,44,3299.372,Sabo_10,L,0,128,0.555,0.223,-0.264,1.543,-36.742,2,0,47.727,0,-11.989,0,0,1,4,1,R,ke ro,190,80,0.377,2,76,3300.235,211,15,122,64,20,216,150,99,40.547,23.442,-0.42,0.002,-0.014,0,0,-0.008,-37.228,0,3Ducks,0.024,-17.134,0,NABIMan,-20.928,-44.015,0,신과함께1,-10.516,-59.407,0,Pring__,22.66,-48.85,0,ByeolBam,13.581,-63.603,0,눈꽃,41.023,-89.163,0,AI,0,-100.6,0,WhiteMountain,-50.652,-90.49,0,3305.607,-34.759,-88.176,0,0,,0,0,0,0,0,0,0,0,0,1
98,5,0,3,5,0,0,0,0,0,0,255,255,255,52,3396.298,CAT tourniquet,L,34,129,0.275,0.942,-0.051,1.744,-36.561,0,0,-84.739,-73.159,5.576,0,0,0,2,8,R,WhiteMountain,190,80,0.398,0,76,0,0,0,0,0,0,0,0,0,0,0,0,0,0,0,0,0.043,-38.044,0,ke ro,0.089,-16.922,0,Gonyong,-20.306,-47.394,0,Kr_Luna,-14.193,-60.838,0,인생최패망자,16.898,-50.417,0,coder_,10.602,-64.909,0,소솨소솨,37.332,-85.519,0,AI,0,-100.6,0,AI,-35.7,-81.8,0,0,0,0,0,0,,0,0,0,0,0,0,0,0,0,0
99,5,0,3,5,0,1,0,0,0,0,255,255,255,53,3416.831,CAT tourniquet,L,6,106,-0.996,0.525,-0.013,1.687,-36.547,2,0,-451.027,0.443,5.331,0,0,1,2,8,R,WhiteMountain,190,80,0.398,2,76,3418.02,214,21,128,74,41,172,150,118,25.513,16.083,0.82,-0.049,0.004,0.11,0,0.264,-37.428,0,ke ro,-0.027,-16.665,0,Gonyong,-20.054,-47.377,0,Kr_Luna,-14.164,-60.881,0,인생최패망자,16.794,-50.326,0,coder_,10.554,-64.488,0,소솨소솨,39.161,-87.384,0,AI,0,-100.6,0,AI,-35.7,-81.8,0,3424.74,-36.817,-108.84,0,0,,0,0,1,4,0,0,0,0,0,2
100,5,0,3,5,0,0,1,0,0,0,255,255,255,54,3451.989,CAT tourniquet,L,14,100,-0.988,-0.773,-0.035,1.605,-36.564,0,0,-354.94,312.348,4.636,0,0,0,3,5,R,ByeolBam,174.7,89.999,0.496,0,76,0,0,0,0,0,0,0,0,0,0,0,0,0,0,0,0,-0.095,-37.844,0,ke ro,-0.017,-16.897,0,Gonyong,-20.278,-48.43,0,Kr_Luna,-14.186,-61.402,0,인생최패망자,16.533,-48.135,0,coder_,11.565,-65.547,0,소솨소솨,42.891,-89.376,0,AI,0,-100.6,0,AI,-35.7,-81.8,0,0,0,0,0,0,,0,0,0,0,0,0,0,0,0,0
101,5,0,3,5,0,1,1,0,0,0,255,255,255,55,3468.897,CAT tourniquet,L,6,98,1,-0.746,0.164,1.581,-36.454,0,0,-386.266,249.043,14.865,0,0,0,3,5,R,ByeolBam,174.7,89.999,0.496,0,76,0,0,0,0,0,0,0,0,0,0,0,0,0,0,0,0,0.093,-38.011,0,ke ro,-0.001,-16.724,0,Gonyong,-20.283,-48.419,0,Kr_Luna,-15.706,-62.628,0,인생최패망자,15.124,-47.611,0,coder_,11.596,-65.665,0,소솨소솨,44.228,-89.874,0,AI,0,-100.6,0,AI,-35.7,-81.8,0,0,0,0,0,0,,0,0,0,0,0,0,0,0,0,0
102,5,0,3,5,0,2,1,0,0,0,255,255,255,56,3486.518,CAT tourniquet,L,38,79,0.39,-2.077,-0.049,1.093,-36.463,2,0,0.53,13.287,-3.921,0,0,1,3,5,R,ByeolBam,174.7,89.999,0.496,3,76,3487.621,39,13,42,66,59,51,43,45,-1.746,-14.734,0.78,-0.074,-0.236,0.002,0,0.372,-37.048,0,ke ro,-0.019,-16.772,0,Gonyong,-20.179,-48.409,0,Kr_Luna,-16.358,-58.319,0,인생최패망자,16.759,-49.108,0,coder_,11.583,-65.662,0,소솨소솨,44.133,-89.951,0,AI,0,-100.6,0,AI,-35.7,-81.8,0,3487.785,0.925,-24.259,0,0,,0,0,0,0,0,0,0,0,0,2
103,5,0,3,5,0,0,2,0,0,0,255,255,255,57,3523.47,CAT tourniquet,L,38,78,-0.259,0.6,-0.154,1.771,-36.529,0,0,17.523,5.113,-4.336,0,0,0,4,2,L,NABIMan,190,84.557,0.517,0,33,0,0,0,0,0,0,0,0,0,0,0,0,0,0,0,0,-0.098,-38.048,0,ke ro,-0.03,-16.771,0,Gonyong,-20.461,-48.19,0,Kr_Luna,-7.953,-62.982,0,인생최패망자,18.59,-45.057,0,coder_,11.344,-65.2,0,소솨소솨,46.739,-85.873,0,AI,0,-100.6,0,AI,-35.7,-81.8,0,0,0,0,0,0,,0,0,0,0,0,0,0,0,0,0
104,5,0,3,5,0,1,2,0,0,0,255,255,255,58,3543.17,CAT tourniquet,L,32,131,-3.934,-0.244,-0.393,1.54,-36.61,4,0,-174.688,-66.342,9.608,-0.03,-19.847,1,4,2,L,NABIMan,190,84.557,0.517,0,33,0,0,0,0,0,0,0,0,0,0,0,0,0,0,0,0,0.164,-37.885,0,ke ro,-0.073,-18.199,0,Gonyong,-20.43,-48.244,0,Kr_Luna,-7.947,-62.985,0,인생최패망자,18.157,-44.36,0,coder_,11.931,-65.39,0,소솨소솨,46.723,-85.904,0,AI,0,-100.6,0,AI,-35.7,-81.8,0,0,0,0,0,0,,0,0,0,0,0,0,0,0,0,0
105,5,0,3,5,0,2,2,0,0,0,255,255,255,59,3559.829,CAT tourniquet,L,10,115,-0.322,0.523,-0.133,1.843,-36.844,0,0,0,400,-3.105,0,0,1,4,2,L,NABIMan,190,84.557,0.517,0,33,0,0,0,0,0,0,0,0,0,0,0,0,0,0,0,0,0.228,-37.33,0,ke ro,0.007,-16.7,0,Gonyong,-20.602,-48.075,0,Kr_Luna,-8.097,-63.054,0,인생최패망자,18.714,-44.983,0,coder_,11.589,-63.692,0,소솨소솨,47.505,-85.168,0,AI,0,-100.6,0,AI,-35.7,-81.8,0,0,0,0,0,0,,0,0,0,0,0,0,0,0,0,0
106,6,1,3,5,0,0,0,0,0,0,255,255,255,45,3687.377,신과함께1,R,26,129,1.862,1.987,0.164,2.237,-36.648,1,0,28.394,-173.588,0,0,0,0,5,6,R,소솨소솨,174.7,80,0.5,0,75,0,0,0,0,0,0,0,0,0,0,0,0,0,0,0,0,-0.019,-37.123,0,3Ducks,0.084,-16.601,0,NABIMan,-21.274,-45.251,0,Sabo_10,-15.511,-61.856,0,Pring__,22.299,-48.243,0,ByeolBam,12.584,-62.328,0,눈꽃,34.773,-92.927,0,AI,0,-100.6,0,WhiteMountain,-50.016,-91.102,0,0,0,0,0,0,,0,0,0,0,0,0,0,0,0,0
107,6,1,3,5,1,0,0,0,0,0,255,255,255,46,3698.758,신과함께1,R,10,116,1.64,0.811,0.176,2.25,-36.765,1,0,-62.938,400,0,0,0,0,5,6,R,소솨소솨,174.7,80,0.5,0,75,0,0,0,0,0,0,0,0,0,0,0,0,0,0,0,0,-0.024,-37.033,0,3Ducks,-0.117,-16.712,0,NABIMan,-20.732,-45.593,0,Sabo_10,-15.219,-60.29,0,Pring__,22.288,-48.25,0,ByeolBam,13.346,-62.949,0,눈꽃,34.745,-92.889,0,AI,0,-100.6,0,WhiteMountain,-50.24,-90.985,0,0,0,0,0,0,,0,0,0,0,0,0,0,0,0,0
108,6,1,3,5,2,0,0,0,0,0,255,255,255,47,3717.45,신과함께1,R,26,134,-0.032,0.899,0.002,2.055,-36.455,0,0,-16.59,-200,0,-0.044,-7.683,1,5,6,R,소솨소솨,174.7,80,0.5,0,75,0,0,0,0,0,0,0,0,0,0,0,0,0,0,0,0,-0.027,-37.21,0,3Ducks,-0.175,-16.919,0,NABIMan,-20.59,-44.06,0,Sabo_10,-15.079,-60.745,0,Pring__,22.011,-47.506,0,ByeolBam,13.354,-62.95,0,눈꽃,34.741,-92.88,0,AI,0,-100.6,0,WhiteMountain,-49.845,-90.29,0,0,0,0,0,0,,0,0,0,0,0,0,0,0,0,0
109,6,1,3,5,2,1,0,0,0,0,255,255,255,48,3732.104,신과함께1,R,14,121,1.532,0.647,0.014,2.185,-36.494,1,0,372.245,333.817,0,0.731,-13.582,0,5,6,R,소솨소솨,174.7,80,0.5,0,75,0,0,0,0,0,0,0,0,0,0,0,0,0,0,0,0,0.048,-37.193,0,3Ducks,0.007,-16.946,0,NABIMan,-20.296,-43.314,0,Sabo_10,-14.616,-59.281,0,Pring__,21.975,-47.573,0,ByeolBam,13.352,-62.966,0,눈꽃,34.743,-92.856,0,AI,0,-100.6,0,WhiteMountain,-49.76,-90.302,0,0,0,0,0,0,,0,0,0,0,0,0,0,0,0,0
110,6,1,3,5,3,1,0,0,0,0,255,255,255,49,3746.841,신과함께1,R,28,140,-1.124,-0.717,-0.096,1.827,-36.237,0,0,-29.624,-76.077,0,0,0,1,5,6,R,소솨소솨,174.7,80,0.5,0,75,0,0,0,0,0,0,0,0,0,0,0,0,0,0,0,0,-0.1,-36.989,0,3Ducks,-0.192,-16.884,0,NABIMan,-19.957,-43.061,0,Sabo_10,-13.549,-59.812,0,Pring__,21.984,-47.546,0,ByeolBam,13.359,-62.962,0,눈꽃,35.131,-92.744,0,AI,0,-100.6,0,WhiteMountain,-49.725,-90.345,0,0,0,0,0,0,,0,0,0,0,0,0,0,0,0,0
111,6,1,3,5,3,2,0,0,0,0,255,255,255,50,3761.613,신과함께1,R,10,123,0.503,0.566,0.047,2.192,-36.483,0,0,0,400,0,0,0,0,5,6,R,소솨소솨,174.7,80,0.5,0,75,0,0,0,0,0,0,0,0,0,0,0,0,0,0,0,0,0.056,-37.101,0,3Ducks,-0.079,-16.945,0,NABIMan,-19.904,-43.004,0,Sabo_10,-13.682,-59.342,0,Pring__,21.969,-47.533,0,ByeolBam,11.998,-61.829,0,눈꽃,35.125,-92.762,0,AI,0,-100.6,0,WhiteMountain,-49.792,-90.299,0,0,0,0,0,0,,0,0,0,0,0,0,0,0,0,0
112,6,1,3,5,0,0,1,0,0,0,255,255,255,51,3786.672,신과함께1,R,26,131,0.871,1.204,0.071,2.14,-36.53,1,0,33.131,-200,0,0,0,0,5,0,L,CAT tourniquet,190,80,0.597,0,56,0,0,0,0,0,0,0,0,0,0,0,0,0,0,0,0,-0.051,-37.015,0,3Ducks,-0.154,-16.907,0,NABIMan,-19.973,-44.301,0,Sabo_10,-14.769,-58.686,0,Pring__,22.021,-47.581,0,ByeolBam,13.211,-63.451,0,눈꽃,35.127,-92.772,0,AI,0,-100.6,0,WhiteMountain,-49.809,-90.3,0,0,0,0,0,0,,0,0,0,0,0,0,0,0,0,0
113,6,1,3,5,1,0,1,0,0,0,255,255,255,52,3798.52,신과함께1,R,10,127,0.194,-0.586,0.001,1.979,-36.408,0,0,52.392,400,0,0,0,0,5,0,L,CAT tourniquet,190,80,0.597,0,56,0,0,0,0,0,0,0,0,0,0,0,0,0,0,0,0,-0.057,-37.042,0,3Ducks,-0.123,-16.924,0,NABIMan,-18.893,-43.283,0,Sabo_10,-14.794,-58.645,0,Pring__,22.009,-47.575,0,ByeolBam,13.395,-63.391,0,눈꽃,36.592,-93.163,0,AI,0,-100.6,0,WhiteMountain,-49.854,-90.204,0,0,0,0,0,0,,0,0,0,0,0,0,0,0,0,0
114,6,1,3,5,1,1,1,0,0,0,255,255,255,53,3810.701,신과함께1,R,13,106,1.471,0.777,0.374,2.229,-36.933,0,0,-342.543,351.627,0,0,0,0,5,0,L,CAT tourniquet,190,80,0.597,0,56,0,0,0,0,0,0,0,0,0,0,0,0,0,0,0,0,0.061,-37.177,0,3Ducks,0.048,-16.879,0,NABIMan,-18.923,-43.039,0,Sabo_10,-14.72,-58.665,0,Pring__,22.032,-47.599,0,ByeolBam,13.387,-63.387,0,눈꽃,35.63,-92.086,0,AI,0,-100.6,0,WhiteMountain,-49.837,-90.19,0,0,0,0,0,0,,0,0,0,0,0,0,0,0,0,0
115,6,1,3,5,1,2,1,0,0,0,255,255,255,54,3826.555,신과함께1,R,26,137,-0.141,1.222,0.017,2.151,-36.495,1,0,-103.478,-183.544,0,0,0,0,5,0,L,CAT tourniquet,190,80,0.597,0,56,0,0,0,0,0,0,0,0,0,0,0,0,0,0,0,0,0.022,-37.266,0,3Ducks,-0.166,-16.932,0,NABIMan,-19.781,-43.572,0,Sabo_10,-14.544,-59.262,0,Pring__,18.533,-45.093,0,ByeolBam,13.396,-63.401,0,눈꽃,35.632,-92.081,0,AI,0,-100.6,0,WhiteMountain,-49.815,-90.276,0,0,0,0,0,0,,0,0,0,0,0,0,0,0,0,0
116,6,1,3,5,2,2,1,0,0,0,255,255,255,55,3840.168,신과함께1,R,10,124,-0.065,-0.291,-0.02,2.035,-36.365,2,0,43.478,400,0,0,0,1,5,0,L,CAT tourniquet,190,80,0.597,2,56,3841.08,255,5,98,53,5,132,146,105,25.335,1.229,-0.08,0.088,-0.117,0.117,0,-0.2,-36.56,0,3Ducks,0.005,-17.087,0,NABIMan,-20.137,-43.983,0,Sabo_10,-13.705,-59.891,0,Pring__,22.386,-48.292,0,ByeolBam,13.258,-63.421,0,눈꽃,35.609,-92.108,0,AI,0,-100.6,0,WhiteMountain,-49.873,-90.269,0,3850.063,-0.031,-60.298,0,0,,0,0,0,0,0,0,0,0,0,1
117,6,1,3,5,0,0,2,0,0,0,255,255,255,56,3871.749,신과함께1,R,26,139,-1.353,-0.333,-0.107,1.872,-36.35,0,0,-67.383,-152.812,0,0,0,0,0,3,L,Kr_Luna,169.8,91.523,0.497,0,71,0,0,0,0,0,0,0,0,0,0,0,0,0,0,0,0,-0.095,-36.974,0,3Ducks,0.091,-16.839,0,NABIMan,-20.028,-43.86,0,Sabo_10,-14.195,-59.737,0,Pring__,24.009,-49.789,0,ByeolBam,12.918,-63.985,0,눈꽃,44.512,-94.455,0,AI,0,-100.6,0,WhiteMountain,-49.751,-90.258,0,0,0,0,0,0,,0,0,0,0,0,0,0,0,0,0
118,6,1,3,5,0,1,2,0,0,0,255,255,255,57,3885.477,신과함께1,R,14,126,-0.103,-1.668,-0.121,1.822,-36.342,4,0,346.128,360.826,0,0,0,1,0,3,L,Kr_Luna,169.8,91.523,0.497,0,71,0,0,0,0,0,0,0,0,0,0,0,0,0,0,0,0,-0.022,-37.083,0,3Ducks,-0.053,-16.72,0,NABIMan,-19.064,-44.405,0,Sabo_10,-13.487,-59.33,0,Pring__,23.977,-49.79,0,ByeolBam,12.923,-63.992,0,눈꽃,44.526,-94.466,0,AI,0,-100.6,0,WhiteMountain,-49.931,-90.31,0,0,0,0,0,0,,0,0,0,0,0,0,0,0,0,0
119,6,1,3,5,0,2,2,0,0,0,255,255,255,58,3899.648,신과함께1,R,10,120,0.81,0.687,0.075,2.21,-36.501,0,0,0,400,0,0,0,1,0,3,L,Kr_Luna,169.8,91.523,0.497,0,71,0,0,0,0,0,0,0,0,0,0,0,0,0,0,0,0,0.085,-37.062,0,3Ducks,-0.004,-16.744,0,NABIMan,-19.645,-43.712,0,Sabo_10,-13.57,-59.18,0,Pring__,20.513,-45.482,0,ByeolBam,11.628,-62.753,0,눈꽃,44.516,-94.492,0,AI,0,-100.6,0,WhiteMountain,-50.017,-90.166,0,0,0,0,0,0,,0,0,0,0,0,0,0,0,0,0
120,6,0,3,5,0,0,0,0,0,0,255,255,255,60,3986.627,CAT tourniquet,L,38,80,0.112,0.211,-0.1,1.807,-36.432,0,0,15.791,9.222,0.047,0,0,0,5,4,L,Pring__,180.136,95.172,0.482,0,75,0,0,0,0,0,0,0,0,0,0,0,0,0,0,0,0,0.074,-37.253,0,ke ro,0.028,-16.713,0,Gonyong,-19.678,-47.141,0,Kr_Luna,-14.744,-60.12,0,소솨소솨,20.37,-47.239,0,coder_,13.257,-64.916,0,AI,35.7,-81.8,0,AI,0,-100.6,0,AI,-35.7,-81.8,0,0,0,0,0,0,,0,0,0,0,0,0,0,0,0,0
121,6,0,3,5,0,1,0,0,0,0,255,255,255,61,4008.104,CAT tourniquet,L,38,93,-1.609,-0.765,-0.258,1.62,-36.376,4,0,11.875,16.082,-3.523,0,0,0,5,4,L,Pring__,180.136,95.172,0.482,0,75,0,0,0,0,0,0,0,0,0,0,0,0,0,0,0,0,0.095,-37.412,0,ke ro,0.014,-16.608,0,Gonyong,-19.816,-47.256,0,Kr_Luna,-14.747,-60.116,0,소솨소솨,20.403,-47.312,0,coder_,13.477,-65.174,0,AI,35.7,-81.8,0,AI,0,-100.6,0,AI,-35.7,-81.8,0,0,0,0,0,0,,0,0,0,0,0,0,0,0,0,0
122,6,0,3,5,0,2,0,0,0,0,255,255,255,62,4025.137,CAT tourniquet,L,38,83,2.436,-0.07,0.227,1.756,-36.431,4,0,11.284,36.01,1.588,0,0,0,5,4,L,Pring__,180.136,95.172,0.482,0,75,0,0,0,0,0,0,0,0,0,0,0,0,0,0,0,0,-0.064,-37.688,0,ke ro,-0.009,-16.626,0,Gonyong,-21.561,-49.875,0,Kr_Luna,-14.712,-60.214,0,소솨소솨,20.379,-47.292,0,coder_,13.527,-64.097,0,AI,35.7,-81.8,0,AI,0,-100.6,0,AI,-35.7,-81.8,0,0,0,0,0,0,,0,0,0,0,0,0,0,0,0,0
123,6,0,3,5,0,0,1,0,0,0,255,255,255,63,4053.969,CAT tourniquet,L,38,82,-0.228,-1.419,-0.146,1.363,-36.45,4,0,13.549,4.232,-5.92,-0.017,-17.515,1,6,3,L,Sabo_10,184.5,94,0.6,0,75,0,0,0,0,0,0,0,0,0,0,0,0,0,0,0,0,0.025,-37.459,0,ke ro,0.073,-16.755,0,Gonyong,-22.187,-50.648,0,Kr_Luna,-14.714,-60.226,0,소솨소솨,20.412,-47.354,0,coder_,13.689,-64.851,0,AI,35.7,-81.8,0,AI,0,-100.6,0,AI,-35.7,-81.8,0,0,0,0,0,0,,0,0,0,0,0,0,0,0,0,0
124,6,0,3,5,0,1,1,0,0,0,255,255,255,64,4068.527,CAT tourniquet,L,26,127,-1.625,2.059,-0.222,2.061,-36.579,4,0,-97.588,-173.486,4.991,0,0,1,6,3,L,Sabo_10,184.5,94,0.6,0,75,0,0,0,0,0,0,0,0,0,0,0,0,0,0,0,0,-0.357,-37.904,0,ke ro,0.025,-16.696,0,Gonyong,-22.1,-50.606,0,Kr_Luna,-15.014,-60.431,0,소솨소솨,20.409,-47.328,0,coder_,13.162,-64.786,0,AI,35.7,-81.8,0,AI,0,-100.6,0,AI,-35.7,-81.8,0,0,0,0,0,0,,0,0,0,0,0,0,0,0,0,0
125,6,0,3,5,0,2,1,0,0,0,255,255,255,65,4083.732,CAT tourniquet,L,26,129,1.461,-0.309,0.064,1.623,-36.529,2,0,-100.624,-195.526,3.943,0,0,1,6,3,L,Sabo_10,184.5,94,0.6,3,75,4084.81,132,15,108,71,37,117,150,129,22.739,7.134,0.44,0.055,-0.11,0.16,0,0.261,-37.117,0,ke ro,0.011,-16.83,0,Gonyong,-22.121,-50.693,0,Kr_Luna,-15.013,-60.43,0,소솨소솨,20.387,-47.308,0,coder_,13.126,-64.703,0,AI,35.7,-81.8,0,AI,0,-100.6,0,AI,-35.7,-81.8,0,4095.618,0.893,-65.706,0,0,,0,0,1,0,0,0,0,0,0,2
126,6,0,3,5,0,0,1,0,1,0,255,12,255,66,4116.836,CAT tourniquet,L,38,81,0.981,-0.976,0.018,1.522,-36.297,0,0,19.665,18.117,-1.92,0,0,0,7,6,L,눈꽃,174.7,85,0.496,0,75,0,0,0,0,0,0,0,0,0,0,0,0,0,0,0,0,-0.269,-37.76,0,ke ro,0.053,-16.711,0,Gonyong,-23.9,-53.527,0,Kr_Luna,-5.408,-63.616,0,소솨소솨,19.522,-46.92,0,coder_,11.239,-62.186,0,AI,35.7,-81.8,0,AI,0,-100.6,0,AI,-35.7,-81.8,0,0,0,0,0,0,,0,0,0,0,0,0,0,0,0,0
127,6,0,3,5,0,1,1,0,1,0,255,12,255,67,4132.764,CAT tourniquet,L,38,74,0.41,0.395,-0.166,2.065,-36.556,2,0,22.835,-6.136,-0.331,0,0,1,7,6,L,눈꽃,174.7,85,0.496,3,75,4133.941,113,14,61,74,80,128,133,128,-29.693,-28.229,0.56,0.041,0.02,0.039,0,0.039,-37.357,0,ke ro,-0.006,-16.728,0,Gonyong,-23.726,-53.462,0,Kr_Luna,-5.056,-63.867,0,소솨소솨,20.288,-48.002,0,coder_,13.72,-64.081,0,AI,35.7,-81.8,0,AI,0,-100.6,0,AI,-35.7,-81.8,0,4141.43,29.162,-123.271,0,0,,0,0,1,0,0,0,0,0,0,2
128,6,0,3,6,0,0,1,0,1,0,255,255,255,68,4170.706,CAT tourniquet,L,4,129,4.907,-0.814,0.292,1.626,-36.514,1,0,191.188,143.289,-6.609,1.253,-14.649,0,0,0,L,신과함께1,190,81.322,0.2,0,75,0,0,0,0,0,0,0,0,0,0,0,0,0,0,0,0,0.08,-37.858,0,ke ro,0.472,-16.716,0,Gonyong,-21.049,-48.785,0,Kr_Luna,-6.952,-63.11,0,소솨소솨,19.647,-45.698,0,coder_,11.673,-64.387,0,AI,35.7,-81.8,0,AI,0,-100.6,0,AI,-35.7,-81.8,0,0,0,0,0,0,,0,0,0,0,0,0,0,0,0,0
129,6,0,3,6,1,0,1,0,1,0,255,255,255,69,4199.597,CAT tourniquet,L,13,126,3.829,-1.87,0.135,1.491,-36.503,1,0,359.218,347.797,-11.178,0.829,-18.621,0,0,0,L,신과함께1,190,81.322,0.2,0,75,0,0,0,0,0,0,0,0,0,0,0,0,0,0,0,0,-0.087,-37.375,0,ke ro,0.112,-16.745,0,Gonyong,-20.123,-49.077,0,Kr_Luna,-5.258,-62.402,0,소솨소솨,20.121,-43.545,0,coder_,12.531,-62.206,0,AI,35.7,-81.8,0,AI,0,-100.6,0,AI,-35.7,-81.8,0,0,0,0,0,0,,0,0,0,0,0,0,0,0,0,0
130,6,0,3,6,2,0,1,0,1,0,255,255,255,70,4216.123,CAT tourniquet,L,33,140,-1.739,1.04,-0.227,1.908,-36.537,1,0,-129.398,-116.9,4.582,0,0,0,0,0,L,신과함께1,190,81.322,0.2,0,75,0,0,0,0,0,0,0,0,0,0,0,0,0,0,0,0,-0.286,-37.766,0,ke ro,0.1,-16.894,0,Gonyong,-20.115,-49.041,0,Kr_Luna,-6.419,-62.924,0,소솨소솨,21.894,-47.492,0,coder_,12.622,-63.846,0,AI,35.7,-81.8,0,AI,0,-100.6,0,AI,-35.7,-81.8,0,0,0,0,0,0,,0,0,0,0,0,0,0,0,0,0
131,6,0,3,6,3,0,1,0,1,0,255,255,255,71,4233.066,CAT tourniquet,L,38,78,0.152,-0.031,-0.081,1.75,-36.177,0,0,-0.414,14.762,-3.043,0,0,0,0,0,L,신과함께1,190,81.322,0.2,0,75,0,0,0,0,0,0,0,0,0,0,0,0,0,0,0,0,0.044,-37.219,0,ke ro,0.37,-17.08,0,Gonyong,-20.131,-49.075,0,Kr_Luna,-6.049,-62.007,0,소솨소솨,19.663,-45.819,0,coder_,14.054,-64.146,0,AI,35.7,-81.8,0,AI,0,-100.6,0,AI,-35.7,-81.8,0,0,0,0,0,0,,0,0,0,0,0,0,0,0,0,0
132,6,0,3,6,3,1,1,0,1,0,255,255,255,72,4261.142,CAT tourniquet,L,26,140,-0.422,0.17,-0.101,1.73,-36.427,0,0,-142.602,-156.171,4.643,0,0,0,0,0,L,신과함께1,190,81.322,0.2,0,75,0,0,0,0,0,0,0,0,0,0,0,0,0,0,0,0,-0.089,-37.296,0,ke ro,0.231,-16.699,0,Gonyong,-20.206,-49.151,0,Kr_Luna,-3.671,-61.228,0,소솨소솨,19.481,-43.772,0,coder_,13.297,-62.855,0,AI,35.7,-81.8,0,AI,0,-100.6,0,AI,-35.7,-81.8,0,0,0,0,0,0,,0,0,0,0,0,0,0,0,0,0
133,6,0,3,6,3,2,1,0,1,0,255,255,255,73,4279.675,CAT tourniquet,L,26,140,-0.636,-0.006,-0.135,1.69,-36.455,0,0,-96.427,-178.564,-11.988,0,0,1,0,0,L,신과함께1,190,81.322,0.2,0,75,0,0,0,0,0,0,0,0,0,0,0,0,0,0,0,0,-0.464,-37.434,0,ke ro,0.385,-17.037,0,Gonyong,-20.408,-48.722,0,Kr_Luna,-0.927,-59.807,0,소솨소솨,20.088,-42.337,0,coder_,13.983,-62.043,0,AI,35.7,-81.8,0,AI,0,-100.6,0,AI,-35.7,-81.8,0,0,0,0,0,0,,0,0,0,0,0,0,0,0,0,0
134,6,0,3,6,0,0,2,0,1,0,255,255,255,74,4303.477,CAT tourniquet,L,26,140,1.776,-0.38,0.073,1.655,-36.432,4,0,-118.062,-200,-16.618,-0.323,-19.983,1,1,1,R,3Ducks,176.2,83.295,0.595,0,75,0,0,0,0,0,0,0,0,0,0,0,0,0,0,0,0,-0.259,-37.804,0,ke ro,-0.109,-18.312,0,Gonyong,-19.987,-48.528,0,Kr_Luna,-10.676,-62.148,0,소솨소솨,20.373,-45.319,0,coder_,9.847,-62.022,0,AI,35.7,-81.8,0,AI,0,-100.6,0,AI,-35.7,-81.8,0,0,0,0,0,0,,0,0,0,0,0,0,0,0,0,0
135,6,0,3,6,0,1,2,0,0,1,255,255,15,75,4347.158,CAT tourniquet,L,26,140,-0.932,0.18,-0.156,1.713,-36.552,0,0,-115.224,-200,-0.681,0,0,0,1,1,R,3Ducks,176.2,83.295,0.595,0,40,0,0,0,0,0,0,0,0,0,0,0,0,0,0,0,0,-0.179,-37.704,0,ke ro,-0.14,-16.701,0,Gonyong,-20.02,-48.62,0,Kr_Luna,-11.537,-63.374,0,소솨소솨,19.294,-44.422,0,coder_,11.306,-65.466,0,AI,35.7,-81.8,0,AI,0,-100.6,0,AI,-35.7,-81.8,0,0,0,0,0,0,,0,0,0,0,0,0,0,0,0,0
136,6,0,3,6,0,2,2,0,0,1,255,255,15,76,4379.294,CAT tourniquet,L,26,140,-0.692,-0.585,-0.148,1.587,-36.454,2,0,-68.81,-200,0.391,0,0,1,1,1,R,3Ducks,176.2,83.295,0.595,3,40,4380.217,151,21,96,64,38,98,143,99,26.513,40.423,-0.09,-0.049,-0.054,0.055,0.143,0.112,-36.775,0,ke ro,-0.166,-16.855,0,Gonyong,-20.063,-48.678,0,Kr_Luna,-11.604,-63.365,0,소솨소솨,18.665,-42.126,0,coder_,11.757,-65.309,0,AI,35.7,-81.8,0,AI,0,-100.6,0,AI,-35.7,-81.8,0,4387.374,-65.839,-90.225,0,0,,0,0,1,0,0,0,0,0,0,2
137,6,0,3,7,0,0,2,0,1,0,255,10,255,77,4420.58,CAT tourniquet,L,26,130,-0.496,-0.72,-0.112,1.541,-36.486,0,0,-118.887,-200,-14.909,0,0,0,2,8,R,WhiteMountain,190,80,0.398,0,75,0,0,0,0,0,0,0,0,0,0,0,0,0,0,0,0,0.057,-37.262,0,ke ro,-0.029,-16.71,0,Gonyong,-20.293,-47.895,0,Kr_Luna,-13.405,-61.126,0,소솨소솨,18.634,-46.1,0,coder_,7.376,-61.912,0,AI,35.7,-81.8,0,AI,0,-100.6,0,AI,-35.7,-81.8,0,0,0,0,0,0,,0,0,0,0,0,0,0,0,0,0
138,6,0,3,7,0,1,2,0,1,0,255,10,255,78,4432.632,CAT tourniquet,L,26,135,-1.715,0.959,-0.187,1.851,-36.527,2,0,19.627,-183.591,3.482,0,0,1,2,8,R,WhiteMountain,190,80,0.398,2,75,4433.687,255,10,125,42,19,255,150,105,-0.706,21.185,-0.09,-0.054,-0.017,0.133,0,0.096,-36.893,0,ke ro,-0.02,-16.549,0,Gonyong,-20.097,-47.773,0,Kr_Luna,-13.384,-61.104,0,소솨소솨,18.645,-46.13,0,coder_,6.75,-63.432,0,AI,35.7,-81.8,0,AI,0,-100.6,0,AI,-35.7,-81.8,0,4434.141,-8.05,-38.298,0,0,,0,0,0,0,0,0,0,0,0,2
139,7,1,3,7,0,0,0,0,0,0,255,255,255,59,4505.248,신과함께1,R,26,137,-1.006,-1.343,-0.089,1.728,-36.34,1,0,-14.781,-191.282,0,-0.251,-17.622,0,1,5,R,coder_,160,96.154,0.455,0,53,0,0,0,0,0,0,0,0,0,0,0,0,0,0,0,0,0.033,-37.087,0,3Ducks,-0.296,-17.297,0,NABIMan,-19.423,-44.216,0,Sabo_10,-14.419,-58.988,0,Pring__,15.564,-40.961,0,ByeolBam,13.821,-62.144,0,눈꽃,35.476,-91.818,0,AI,0,-100.6,0,WhiteMountain,-50.029,-89.805,0,0,0,0,0,0,,0,0,0,0,0,0,0,0,0,0
140,7,1,3,7,1,0,0,0,0,0,255,255,255,60,4520.417,신과함께1,R,27,139,-1.174,-0.135,-0.092,1.913,-36.261,0,0,-60.775,-117.604,0,0,0,0,1,5,R,coder_,160,96.154,0.455,0,53,0,0,0,0,0,0,0,0,0,0,0,0,0,0,0,0,0.139,-37.187,0,3Ducks,-0.043,-17.003,0,NABIMan,-20.023,-43.444,0,Sabo_10,-15.028,-58.133,0,Pring__,14.785,-39.959,0,ByeolBam,11.226,-58.344,0,눈꽃,35.496,-91.834,0,AI,0,-100.6,0,WhiteMountain,-49.81,-89.938,0,0,0,0,0,0,,0,0,0,0,0,0,0,0,0,0
141,7,1,3,7,1,1,0,0,0,0,255,255,255,61,4534.871,신과함께1,R,12,129,2.114,2.537,0.177,2.373,-36.587,3,0,0,143.416,0,-0.181,-20.774,0,1,5,R,coder_,160,96.154,0.455,0,53,0,0,0,0,0,0,0,0,0,0,0,0,0,0,0,0,0.174,-36.878,0,3Ducks,0.48,-16.803,0,NABIMan,-18.487,-43.915,0,Sabo_10,-15.535,-58.434,0,Pring__,13.8,-38.799,0,ByeolBam,14.089,-62.846,0,눈꽃,35.27,-91.572,0,AI,0,-100.6,0,WhiteMountain,-49.735,-90.977,0,0,0,0,0,0,,0,0,0,0,0,0,0,0,0,6
142,7,1,3,7,0,0,0,1,0,0,5,255,255,62,4571.576,신과함께1,R,26,132,1.111,1.981,0.103,2.24,-36.732,1,0,1.03,-166.403,0,0,0,0,2,2,R,Gonyong,175.1,80,0.2,0,74,0,0,0,0,0,0,0,0,0,0,0,0,0,0,0,0,-0.022,-36.92,0,3Ducks,0.408,-16.752,0,NABIMan,-19.367,-42.171,0,Sabo_10,-14.658,-59.658,0,Pring__,22.323,-44.871,0,ByeolBam,10.471,-62.167,0,눈꽃,32.177,-98.686,0,AI,0,-100.6,0,WhiteMountain,-49.815,-91.108,0,0,0,0,0,0,,0,0,0,0,0,0,0,0,0,0
143,7,1,3,7,1,0,0,1,0,0,5,255,255,63,4594.296,신과함께1,R,10,124,-0.938,-1.486,-0.089,1.84,-36.396,2,0,6.05,383.942,0,0,0,1,2,2,R,Gonyong,175.1,80,0.2,3,74,4595.328,128,24,102,97,57,135,150,113,-30,26.061,0.92,-0.048,-0.021,0.087,0.143,-0.182,-36.616,0,3Ducks,0.008,-16.993,0,NABIMan,-19.489,-42.119,0,Sabo_10,-15.149,-61.42,0,Pring__,20.849,-46.338,0,ByeolBam,12.876,-62.152,0,눈꽃,33.517,-94.995,0,AI,0,-100.6,0,WhiteMountain,-49.911,-91.009,0,4594.852,-0.491,-20.947,0,0,,0,0,0,0,0,0,0,0,0,2
144,7,1,3,7,0,0,2,0,0,0,255,255,255,64,4624.456,신과함께1,R,10,128,-0.175,-0.334,-0.016,2.028,-36.545,0,0,0,400,0,0,0,0,3,1,R,ke ro,190,80,0.377,0,74,0,0,0,0,0,0,0,0,0,0,0,0,0,0,0,0,0.037,-37.172,0,3Ducks,-0.418,-16.601,0,NABIMan,-20.068,-43.753,0,Sabo_10,-15.797,-60.974,0,Pring__,20.996,-47.23,0,ByeolBam,14.058,-63.003,0,눈꽃,27.74,-106.384,0,AI,0,-100.6,0,WhiteMountain,-49.012,-88.849,0,0,0,0,0,0,,0,0,0,0,0,0,0,0,0,0
145,7,1,3,7,0,1,2,0,0,0,255,255,255,65,4638.51,신과함께1,R,30,133,-0.662,0.279,-0.026,1.993,-36.372,0,0,-121.139,-91.72,0,0,0,0,3,1,R,ke ro,190,80,0.377,0,89,0,0,0,0,0,0,0,0,0,0,0,0,0,0,0,0,0.148,-37.253,0,3Ducks,-0.089,-17.07,0,NABIMan,-19.908,-44.764,0,Sabo_10,-16.413,-61.703,0,Pring__,19.922,-45.956,0,ByeolBam,14.191,-63.744,0,눈꽃,23.925,-100.819,0,AI,0,-100.6,0,WhiteMountain,-48.932,-88.885,0,0,0,0,0,0,,0,0,0,0,0,0,0,0,0,0
146,7,1,3,7,0,2,2,0,0,0,255,255,255,66,4652.91,신과함께1,R,27,140,-1.52,-1.271,-0.111,1.686,-36.27,2,0,-110.582,-126.984,0,0,0,1,3,1,R,ke ro,190,80,0.377,2,89,4653.929,121,11,93,69,49,143,141,123,98.367,-76.298,0.6,-0.11,-0.152,0,0,-0.033,-36.603,0,3Ducks,-0.036,-17.301,0,NABIMan,-20.766,-44.782,0,Sabo_10,-16.44,-61.632,0,Pring__,21.977,-48.053,0,ByeolBam,14.171,-63.768,0,눈꽃,23.916,-100.82,0,AI,0,-100.6,0,WhiteMountain,-49.006,-88.801,0,0,0,0,0,0,,0,0,0,0,0,0,0,0,0,3
147,7,1,3,7,0,2,2,0,0,0,255,255,255,67,4672.925,신과함께1,R,28,140,-1.372,-0.842,-0.117,1.787,-36.185,0,0,-39.492,-57.555,0,0,0,1,3,1,R,ke ro,190,80,0.377,0,74,0,0,0,0,0,0,0,0,0,0,0,0,0,0,0,0,0.336,-36.405,0,3Ducks,0.055,-17.139,0,NABIMan,-19.966,-41.897,0,Sabo_10,-16.144,-60.525,0,Pring__,21.293,-45.04,0,ByeolBam,12.458,-62.106,0,눈꽃,24.946,-103.179,0,AI,0,-100.6,0,WhiteMountain,-49.114,-88.795,0,0,0,0,0,0,,0,0,0,0,0,0,0,0,0,0
148,7,1,3,7,0,2,2,0,0,0,255,255,255,68,4679.693,신과함께1,R,50,96,3.253,-0.271,-0.117,1.787,-36.185,4,0,-3.051,62.584,0,0.703,-14.8,0,3,1,R,ke ro,190,80,0.377,0,74,0,0,0,0,0,0,0,0,0,0,0,0,0,0,0,0,0.798,-36.338,0,3Ducks,7.249,-17.084,0,NABIMan,-0.911,-34.79,0,Sabo_10,7.766,-13.872,0,Pring__,11.714,-19.715,0,ByeolBam,9.213,-37.648,0,눈꽃,8.088,-11.94,0,AI,0,-100.6,0,WhiteMountain,5.644,-11.489,0,0,0,0,0,0,,0,0,0,0,0,0,0,0,0,0
149,7,0,3,7,0,0,0,0,0,0,255,255,255,80,4723.61,소솨소솨,R,28,136,0.54,0.067,0.065,1.557,-36.734,2,0,82.571,-96.852,0,0,0,1,3,5,R,ByeolBam,174.7,89.999,0.496,3,74,4724.558,180,5,81,43,17,68,139,94,98.27,-79.392,-0.19,-0.065,-0.105,0.085,0,-0.145,-37.285,0,ke ro,-0.024,-17.03,0,Gonyong,-20.507,-46.441,0,Kr_Luna,-13.795,-57.146,0,CAT tourniquet,19.371,-46.793,0,coder_,12.135,-64.484,0,AI,35.7,-81.8,0,AI,0,-100.6,0,AI,-35.7,-81.8,0,0,0,0,0,0,,0,0,0,0,0,0,0,0,0,3
150,7,0,3,7,0,1,0,0,0,0,255,255,255,81,4739.824,소솨소솨,R,0,122,-0.711,0.826,-0.026,1.705,-36.896,2,0,0,0,0,0,0,1,3,5,R,ByeolBam,174.7,89.999,0.496,3,74,4740.81,166,16,95,82,31,113,150,127,26.655,-41.617,0.47,-0.04,-0.074,0.107,0,-0.377,-37.434,0,ke ro,-0.044,-17.012,0,Gonyong,-19.938,-46.488,0,Kr_Luna,-14.593,-57.721,0,CAT tourniquet,21.024,-50.873,0,coder_,13.105,-65.259,0,AI,35.7,-81.8,0,AI,0,-100.6,0,AI,-35.7,-81.8,0,4744.94,60.257,-113.009,0,0,,0,0,0,0,0,0,0,0,0,4
151,7,0,3,8,0,0,0,0,0,0,255,255,255,82,4773.679,소솨소솨,R,33,129,0.682,0.87,0.061,1.707,-36.808,2,0,131.19,-108.809,0,0,0,1,4,2,L,NABIMan,190,94.895,0.547,3,33,4774.773,179,17,168,55,19,194,150,130,5.771,-2.548,0.4,0.068,-0.041,0.134,0,-0.179,-37.387,0,ke ro,0.002,-16.955,0,Gonyong,-21.991,-50.142,0,Kr_Luna,-12.981,-59.244,0,CAT tourniquet,19.812,-48.631,0,coder_,13.677,-64.776,0,AI,35.7,-81.8,0,AI,0,-100.6,0,AI,-35.7,-81.8,0,4782.685,5.533,-124.492,0,0,,0,0,1,0,0,0,0,0,0,2
152,7,0,3,8,0,0,0,0,1,0,255,16,255,83,4836.57,소솨소솨,R,34,125,1.3,1.064,0.127,1.729,-36.862,4,0,95.808,-89.256,0,0,0,0,5,4,L,Pring__,180.136,95.172,0.482,0,74,0,0,0,0,0,0,0,0,0,0,0,0,0,0,0,0,-0.128,-37.405,0,ke ro,0.009,-16.854,0,Gonyong,-20.901,-50.934,0,Kr_Luna,-2.391,-60.045,0,CAT tourniquet,19.86,-46.708,0,coder_,11.873,-63.935,0,AI,35.7,-81.8,0,AI,0,-100.6,0,AI,-35.7,-81.8,0,0,0,0,0,0,,0,0,0,0,0,0,0,0,0,0
153,7,0,3,8,0,1,0,0,1,0,255,16,255,84,4852.84,소솨소솨,R,28,129,-3.873,-1.586,-0.306,1.269,-36.74,3,0,47.078,-97.149,0,-0.32,-19.955,0,5,4,L,Pring__,180.136,95.172,0.482,0,74,0,0,0,0,0,0,0,0,0,0,0,0,0,0,0,0,-0.095,-37.746,0,ke ro,-0.226,-18.364,0,Gonyong,-20.891,-50.929,0,Kr_Luna,-2.907,-59.314,0,CAT tourniquet,19.135,-46.743,0,coder_,12.443,-65.362,0,AI,35.7,-81.8,0,AI,0,-100.6,0,AI,-35.7,-81.8,0,0,0,0,0,0,,0,0,0,0,0,0,0,0,0,6
154,7,0,3,8,0,0,0,1,1,0,13,16,255,85,4882.226,소솨소솨,R,33,131,2.33,1.164,0.208,1.755,-36.907,1,0,146.721,-101.214,0,0,0,0,6,3,L,Sabo_10,184.5,94,0.6,0,74,0,0,0,0,0,0,0,0,0,0,0,0,0,0,0,0,-0.029,-37.732,0,ke ro,0.182,-16.86,0,Gonyong,-19.907,-47.931,0,Kr_Luna,-1.875,-60.305,0,CAT tourniquet,19.379,-48.114,0,coder_,11.743,-64.9,0,AI,35.7,-81.8,0,AI,0,-100.6,0,AI,-35.7,-81.8,0,0,0,0,0,0,,0,0,0,0,0,0,0,0,0,0
155,7,0,3,8,1,0,0,1,1,0,13,16,255,86,4899.354,소솨소솨,R,33,138,0.113,0.195,0.013,1.576,-36.782,0,0,123.817,-121.61,0,0,0,1,6,3,L,Sabo_10,184.5,94,0.6,0,74,0,0,0,0,0,0,0,0,0,0,0,0,0,0,0,0,-0.192,-37.789,0,ke ro,2.311,-19.305,0,Gonyong,-19.841,-47.9,0,Kr_Luna,-0.033,-59.463,0,CAT tourniquet,19.345,-39.74,0,coder_,12.835,-64.612,0,AI,35.7,-81.8,0,AI,0,-100.6,0,AI,-35.7,-81.8,0,0,0,0,0,0,,0,0,0,48,0,0,0,0,0,0
156,7,0,3,8,1,1,2,0,0,0,255,255,255,87,4930.041,소솨소솨,R,33,139,0.463,0.302,0.048,1.6,-36.843,0,0,116.316,-105.372,0,0,0,1,6,3,L,Sabo_10,184.5,94,0.6,0,74,0,0,0,0,0,0,0,0,0,0,0,0,0,0,0,0,-0.018,-37.817,0,ke ro,0.136,-16.949,0,Gonyong,-19.024,-47.203,0,Kr_Luna,-8.315,-62.675,0,CAT tourniquet,21.066,-48.731,0,coder_,14.141,-64.798,0,AI,35.7,-81.8,0,AI,0,-100.6,0,AI,-35.7,-81.8,0,0,0,0,0,0,,0,0,0,0,0,0,0,0,0,0
157,7,0,3,8,1,2,2,0,0,0,255,255,255,88,4946.303,소솨소솨,R,10,116,1.663,-1.489,0.195,1.456,-36.91,2,0,0,400,0,0,0,1,6,3,L,Sabo_10,184.5,94,0.6,3,74,4947.426,61,18,100,82,47,97,114,106,-15.107,-32.259,0.88,0.068,-0.141,0.081,0,0.058,-37.516,0,ke ro,0.054,-16.922,0,Gonyong,-18.967,-47.193,0,Kr_Luna,-8.316,-62.685,0,CAT tourniquet,20.797,-48.683,0,coder_,13.026,-65.254,0,AI,35.7,-81.8,0,AI,0,-100.6,0,AI,-35.7,-81.8,0,4946.773,1.113,-21.209,0,0,,0,0,0,0,0,0,0,0,0,2
158,8,1,3,8,0,0,0,0,0,0,255,255,255,68,4990.311,신과함께1,R,27,140,-0.583,0.292,-0.042,1.984,-36.253,2,0,-45.889,-105.47,0,0,0,1,4,0,R,소솨소솨,174.7,80,0.5,3,74,4991.101,216,17,125,35,5,176,150,128,-30,35.884,0.58,0.014,-0.038,0.109,0,-0.198,-36.446,0,3Ducks,-0.11,-17.429,0,NABIMan,-20.186,-45.056,0,Sabo_10,-16.18,-61.21,0,Pring__,22.776,-48.055,0,ByeolBam,14.031,-63.273,0,눈꽃,36.885,-86.506,0,AI,0,-100.6,0,WhiteMountain,-45.163,-89.772,0,4990.629,-1.119,-19.718,0,0,,0,0,1,0,0,0,0,0,0,2
159,8,1,3,8,0,0,0,1,0,0,0,255,255,69,5044.846,신과함께1,R,27,140,-2.354,-1.346,-0.213,1.675,-36.254,1,0,-20.993,-112.859,0,0,0,0,5,4,L,CAT tourniquet,190,80,0.597,0,56,0,0,0,0,0,0,0,0,0,0,0,0,0,0,0,0,-0.08,-36.96,0,3Ducks,0.118,-16.938,0,NABIMan,-19.14,-40.003,0,Sabo_10,-10.205,-60.476,0,Pring__,20.052,-42.2,0,ByeolBam,9.07,-62.112,0,눈꽃,39.802,-86.943,0,AI,0,-100.6,0,WhiteMountain,-48.824,-90.839,0,0,0,0,0,0,,0,0,0,0,0,0,0,0,0,0
160,8,1,3,8,1,0,0,1,0,0,0,255,255,70,5065.294,신과함께1,R,14,123,-0.359,-1.722,-0.099,1.762,-36.222,4,0,200.434,400,0,-0.028,-18.513,1,5,4,L,CAT tourniquet,190,80,0.597,0,56,0,0,0,0,0,0,0,0,0,0,0,0,0,0,0,0,-0.122,-37.044,0,3Ducks,-0.16,-16.739,0,NABIMan,-19.049,-41.546,0,Sabo_10,-9.497,-58.66,0,Pring__,18.463,-41.282,0,ByeolBam,9.403,-62.454,0,눈꽃,39.776,-86.97,0,AI,0,-100.6,0,WhiteMountain,-48.683,-90.917,0,0,0,0,0,0,,0,0,0,0,0,0,0,0,0,0
161,8,1,3,8,1,1,0,1,0,0,0,255,255,71,5089.272,신과함께1,R,26,140,-0.804,-0.616,-0.061,1.806,-36.267,2,0,-48.864,-155.782,0,0,0,1,5,4,L,CAT tourniquet,190,80,0.597,2,56,5090.236,109,8,82,62,0,212,139,66,25.301,-18.481,1,-0.079,0.086,0.04,0,-0.27,-36.549,0,3Ducks,0.054,-17.05,0,NABIMan,-19.902,-43.607,0,Sabo_10,-9.657,-63.649,0,Pring__,19.033,-44.363,0,ByeolBam,10.902,-61.893,0,눈꽃,40.01,-86.864,0,AI,0,-100.6,0,WhiteMountain,-48.767,-90.855,0,0,0,0,0,0,,0,0,0,0,0,0,0,0,0,1
162,8,1,3,8,0,0,1,1,0,0,0,255,255,72,5118.46,신과함께1,R,10,115,1.594,0.371,0.148,2.172,-36.57,4,0,0,400,0,0,0,1,0,3,L,Kr_Luna,169.8,92.523,0.497,0,74,0,0,0,0,0,0,0,0,0,0,0,0,0,0,0,0,-0.185,-36.996,0,3Ducks,-0.341,-16.654,0,NABIMan,-19.183,-40.288,0,Sabo_10,-9.947,-61.233,0,Pring__,20.12,-44.026,0,ByeolBam,13.372,-62.607,0,눈꽃,43.887,-93.371,0,AI,0,-100.6,0,WhiteMountain,-47.87,-89.533,0,0,0,0,0,0,,0,0,0,0,0,0,0,0,0,0
163,8,1,3,8,0,1,1,1,0,0,0,255,255,73,5139.397,신과함께1,R,27,140,-1.129,-0.246,-0.076,1.897,-36.253,0,0,-106.498,-109.781,0,0,0,1,0,3,L,Kr_Luna,169.8,92.523,0.497,0,74,0,0,0,0,0,0,0,0,0,0,0,0,0,0,0,0,-0.154,-36.93,0,3Ducks,-0.658,-16.747,0,NABIMan,-19.46,-40.968,0,Sabo_10,-10.272,-62.027,0,Pring__,21.269,-45.292,0,ByeolBam,15.095,-62.728,0,눈꽃,44.162,-92.722,0,AI,0,-100.6,0,WhiteMountain,-46.723,-90.396,0,0,0,0,0,0,,0,0,0,0,0,0,0,0,0,0
164,8,1,3,8,0,2,1,1,0,0,0,255,255,74,5176.871,신과함께1,R,10,117,1.129,0.619,0.105,2.21,-36.635,0,0,0,400,0,0,0,1,0,3,L,Kr_Luna,169.8,92.523,0.497,0,69,0,0,0,0,0,0,0,0,0,0,0,0,0,0,0,0,-0.01,-37.035,0,3Ducks,-0.129,-16.874,0,NABIMan,-19.512,-40.962,0,Sabo_10,-10.616,-62.288,0,Pring__,20.893,-42.383,0,ByeolBam,12.377,-61.936,0,눈꽃,44.172,-92.72,0,AI,0,-100.6,0,WhiteMountain,-47.311,-89.936,0,0,0,0,0,0,,0,0,0,16,0,0,0,0,0,0