id,inn,half,scoreA,scoreB,ball,strk,out,b1,b2,b3,b1Idx,b2Idx,b3Idx,pCnt,pSec,pName,pHand,pType,pPow,spdK,zoneX,zoneY,startX,startY,zDist,call,balk,sH,sV,gyro,plx,plz,bSwing,bIdx,bPos,bZone,bName,bHCm,batLen,batCen,batType,bFps,hSec,rotS,rotL,shS,lgS,prepS,batSpd,ev,ldeg,sdeg,hPos,hMoveX,hMoveY,stayCon,buntGrip,handDist,PPosX,PPosY,PThrSpd,CName,CPosX,CPosY,CThrSpd,1BName,1BPosX,1BPosY,1BThrSpd,2BName,2BPosX,2BPosY,2BThrSpd,3BName,3BPosX,3BPosY,3BThrSpd,SSName,SSPosX,SSPosY,SSThrSpd,LFName,LFPosX,LFPosY,LFThrSpd,CFName,CFPosX,CFPosY,CFThrSpd,RFName,RFPosX,RFPosY,RFThrSpd,ltSec,lx,lz,cSec,cPos,cPlr,cx,cz,1BSafe,tag,cpSec,sb2Sec,sb3Sec,sbhSec,ass,result
1,1,1,0,0,0,0,0,0,0,0,255,255,255,0,297.072,"하루（Haru）",R,27,91,140,0.445,0.877,0.02,1.925,-36.336,2,0,87.877,-127.343,10.545,0,0,1,0,5,R,"소솨소솨",165.6,80,0.5,2,81,297.939,113,12,74,41,24,138,106,28.154,41.783,0.68,-0.01,-0.052,0.213,0,0.153,-0.026,-36.751,0,"WhiteMountain",-0.034,-16.544,0,"Pring__",-24.837,-50.44,0,"_Chun",-13.421,-61.599,0,"인생최패망자",15.081,-45.925,0,"-라후이-",10.534,-64.25,0,"AI",35.7,-81.8,0,"AI",0,-100.6,0,"AI",-35.7,-81.8,0,309.002,-7.605,-62.807,309.624,5,"-라후이-",-2.203,-60.184,1,0,0,0,0,0,0,2
2,1,1,0,0,0,0,0,0,1,0,255,5,255,1,338.044,"하루（Haru）",R,0,48,107,0.186,0.004,-0.004,1.865,-36.852,0,0,0,0,0.837,0,0,1,1,3,R,"Pugeuk",160,93.173,0.5,0,82,0,0,0,0,0,0,0,0,0,0,0,0,0,0,0,0,-0.557,-37.761,0,"WhiteMountain",-0.063,-16.673,0,"Pring__",-20.148,-41.325,0,"_Chun",-14.126,-58.434,0,"인생최패망자",18.722,-39.842,0,"-라후이-",5.379,-58.277,0,"AI",35.7,-81.8,0,"AI",0,-100.6,0,"AI",-35.7,-81.8,0,0,0,0,0,0,"",0,0,0,0,0,0,0,0,0,0
3,1,1,0,0,0,1,0,0,1,0,255,5,255,2,356.383,"하루（Haru）",R,10,45,98,0.178,-1.52,-0.028,1.826,-36.686,2,0,0,357.796,-5.085,0,0,1,1,3,R,"Pugeuk",160,93.173,0.5,3,82,357.404,16,12,34,17,11,7,29,-87.545,-83.822,0.93,-0.042,-0.179,0.137,0.286,0.726,-0.599,-36.855,0,"WhiteMountain",-0.071,-16.794,0,"Pring__",-20.325,-45.592,0,"_Chun",-12.155,-59.025,0,"인생최패망자",15.026,-41.096,0,"-라후이-",8.665,-61.252,0,"AI",35.7,-81.8,0,"AI",0,-100.6,0,"AI",-35.7,-81.8,0,357.446,0.167,-20.163,0,0,"",0,0,0,0,0,0,0,0,0,3
4,1,1,0,0,0,2,0,0,1,0,255,5,255,3,376.552,"하루（Haru）",R,27,82,134,0.127,1.552,-0.011,2.009,-36.5,4,0,76.185,-111.758,5.831,0.214,-6.973,1,1,3,R,"Pugeuk",160,93.173,0.5,0,72,0,0,0,0,0,0,0,0,0,0,0,0,0,0,0,0,-0.376,-37.274,0,"WhiteMountain",-0.023,-16.699,0,"Pring__",-19.911,-40.848,0,"_Chun",-14.998,-56.126,0,"인생최패망자",9.459,-32.471,0,"-라후이-",5.759,-57.916,0,"AI",35.7,-81.8,0,"AI",0,-100.6,0,"AI",-35.7,-81.8,0,0,0,0,0,0,"",0,0,1,0,0,0,0,0,0,0
5,1,1,0,0,0,0,1,0,1,0,255,5,255,4,411.735,"하루（Haru）",R,3,44,94,0.747,0.044,0.233,1.777,-36.766,0,0,-427.273,0,8.94,0,0,0,2,4,L,"Kr_Luna",190,94.523,0.497,0,83,0,0,0,0,0,0,0,0,0,0,0,0,0,0,0,0,-0.245,-37.469,0,"WhiteMountain",-0.046,-16.849,0,"Pring__",-20.076,-42.54,0,"_Chun",-13.723,-62.087,0,"인생최패망자",18.265,-40.896,0,"-라후이-",6.356,-59.341,0,"AI",35.7,-81.8,0,"AI",0,-100.6,0,"AI",-35.7,-81.8,0,0,0,0,0,0,"",0,0,0,0,0,0,0,0,0,0
6,1,1,0,0,0,1,1,0,1,0,255,5,255,5,428.119,"하루（Haru）",R,27,90,140,-0.353,0.388,-0.056,1.871,-36.316,0,0,83.429,-135.461,8.088,0,0,1,2,4,L,"Kr_Luna",190,94.523,0.497,0,83,0,0,0,0,0,0,0,0,0,0,0,0,0,0,0,0,-0.088,-37.201,0,"WhiteMountain",0.193,-16.966,0,"Pring__",-19.596,-40.742,0,"_Chun",-13.724,-62.074,0,"인생최패망자",18.463,-41.377,0,"-라후이-",5.932,-60.584,0,"AI",35.7,-81.8,0,"AI",0,-100.6,0,"AI",-35.7,-81.8,0,0,0,0,0,0,"",0,0,0,0,0,0,0,0,0,0
7,1,1,0,0,0,2,1,0,0,1,255,255,5,6,448.943,"하루（Haru）",R,28,82,135,-0.96,0.656,-0.104,1.933,-36.316,2,0,51.765,-88.339,4.214,0,0,1,2,4,L,"Kr_Luna",190,94.523,0.497,5,83,449.765,162,18,141,105,47,150,130,-12.494,2.451,0.51,-0.01,-0.017,0.125,0,0.107,-0.897,-36.913,0,"WhiteMountain",-0.041,-16.916,0,"Pring__",-20.201,-45.208,0,"_Chun",-11.46,-61.182,0,"인생최패망자",18.99,-43.291,0,"-라후이-",9.287,-62.059,0,"AI",35.7,-81.8,0,"AI",0,-100.6,0,"AI",-35.7,-81.8,0,452.857,-3.344,-92.24,456.935,2,"Pring__",-18.623,-41.615,1,0,0,0,0,0,0,2
8,1,1,1,0,0,0,1,1,0,0,4,255,255,7,484.626,"하루（Haru）",R,13,43,93,-1.346,-0.769,0.008,1.83,-36.525,2,0,-330.095,312.348,-5.814,0,0,0,3,2,L,"Sabo_10",179.7,92,0.499,2,84,485.826,143,22,44,104,53,126,62,-10.931,-30.082,0.96,0.078,-0.103,0.154,0,0.549,-0.569,-36.855,0,"WhiteMountain",-0.036,-16.884,0,"Pring__",-18.63,-43.115,0,"_Chun",-11.098,-60.356,0,"인생최패망자",19.85,-46.087,0,"-라후이-",10.881,-63.347,0,"AI",35.7,-81.8,0,"AI",0,-100.6,0,"AI",-35.7,-81.8,0,486.024,1.788,-24.804,487.868,4,"인생최패망자",12.715,-41.267,1,0,0,0,0,0,0,2
9,1,1,1,0,0,0,1,0,1,1,255,2,4,8,531.027,"하루（Haru）",R,27,89,140,-0.385,0.714,-0.056,1.934,-36.432,0,0,83.535,-130.215,4.843,0,0,0,4,1,L,"눈꽃",190,89.906,0.496,0,84,0,0,0,0,0,0,0,0,0,0,0,0,0,0,0,0,0.151,-37.213,0,"WhiteMountain",-0.022,-16.767,0,"Pring__",-20.232,-44.966,0,"_Chun",-12.019,-62.391,0,"인생최패망자",18.61,-40.201,0,"-라후이-",13.183,-59.778,0,"AI",35.7,-81.8,0,"AI",0,-100.6,0,"AI",-35.7,-81.8,0,0,0,0,0,0,"",0,0,0,0,0,0,0,0,0,0
10,1,1,1,0,0,1,1,0,1,1,255,2,4,9,548.506,"하루（Haru）",R,12,43,100,-0.884,-0.59,-0.065,1.823,-36.832,0,0,0,136.65,-13.321,0,0,1,4,1,L,"눈꽃",190,89.906,0.496,0,84,0,0,0,0,0,0,0,0,0,0,0,0,0,0,0,0,-0.207,-37.159,0,"WhiteMountain",0.15,-16.909,0,"Pring__",-20.475,-44.15,0,"_Chun",-5.505,-62.587,0,"인생최패망자",18.765,-40.038,0,"-라후이-",13.045,-59.371,0,"AI",35.7,-81.8,0,"AI",0,-100.6,0,"AI",-35.7,-81.8,0,0,0,0,0,0,"",0,0,0,0,0,0,0,0,0,0
11,1,1,1,0,0,2,1,0,1,1,255,2,4,10,568.628,"하루（Haru）",R,10,40,93,1.161,-1.614,0.116,1.726,-36.648,4,0,-16.893,400,-15.11,0.221,-18.767,1,4,1,L,"눈꽃",190,89.906,0.496,0,84,0,0,0,0,0,0,0,0,0,0,0,0,0,0,0,0,-0.135,-37.217,0,"WhiteMountain",0.091,-16.908,0,"Pring__",-20.8,-42.75,0,"_Chun",-4.22,-62.232,0,"인생최패망자",18.011,-40.203,0,"-라후이-",12.867,-62.865,0,"AI",35.7,-81.8,0,"AI",0,-100.6,0,"AI",-35.7,-81.8,0,0,0,0,0,0,"",0,0,0,0,0,0,0,0,0,0
12,1,1,1,0,0,0,2,0,1,1,255,2,4,11,597.913,"하루（Haru）",R,27,83,136,0.383,1.303,0.015,2.049,-36.409,4,0,80.606,-123.522,7.128,0,0,1,5,0,R,"_VILLAIN",190,99.69,0.398,0,84,0,0,0,0,0,0,0,0,0,0,0,0,0,0,0,0,-0.4,-37.194,0,"WhiteMountain",0.075,-16.768,0,"Pring__",-21.335,-45.035,0,"_Chun",-10.898,-60.681,0,"인생최패망자",16.596,-40.535,0,"-라후이-",14.244,-63.483,0,"AI",35.7,-81.8,0,"AI",0,-100.6,0,"AI",-35.7,-81.8,0,0,0,0,0,0,"",0,0,0,0,0,0,0,0,0,2
13,1,1,2,0,0,1,2,0,0,1,255,255,2,12,636.376,"하루（Haru）",R,10,43,95,0.281,-1.623,0.026,1.721,-36.56,4,0,0,400,-8.525,0.178,-17.496,1,5,0,R,"_VILLAIN",190,99.69,0.398,0,45,0,0,0,0,0,0,0,0,0,0,0,0,0,0,0,0,-0.2,-37.027,0,"WhiteMountain",-0.01,-16.955,0,"Pring__",-20.096,-41.7,0,"_Chun",-11.536,-61.749,0,"인생최패망자",17.349,-38.424,0,"-라후이-",12.934,-63.993,0,"AI",35.7,-81.8,0,"AI",0,-100.6,0,"AI",-35.7,-81.8,0,0,0,0,0,0,"",0,0,0,0,0,0,0,0,0,0
14,1,1,2,0,0,2,2,0,0,1,255,255,2,13,654.814,"하루（Haru）",R,27,93,140,-1.679,0.736,-0.175,1.94,-36.222,1,0,70.139,-127.617,8.612,0,0,0,5,0,R,"_VILLAIN",190,99.69,0.398,0,45,0,0,0,0,0,0,0,0,0,0,0,0,0,0,0,0,0.081,-37.356,0,"WhiteMountain",0.032,-16.84,0,"Pring__",-19.986,-41.065,0,"_Chun",-11.779,-60.989,0,"인생최패망자",18.327,-40.257,0,"-라후이-",14.134,-63.089,0,"AI",35.7,-81.8,0,"AI",0,-100.6,0,"AI",-35.7,-81.8,0,0,0,0,0,0,"",0,0,0,0,0,0,0,0,0,0
15,1,1,2,0,1,2,2,0,0,1,255,255,2,14,669.494,"하루（Haru）",R,27,82,135,1.076,0.918,0.079,1.977,-36.401,0,0,70.321,-112.272,4.49,0,0,0,5,0,R,"_VILLAIN",190,99.69,0.398,0,45,0,0,0,0,0,0,0,0,0,0,0,0,0,0,0,0,-0.372,-37.132,0,"WhiteMountain",0.272,-16.935,0,"Pring__",-19.106,-39.926,0,"_Chun",-12.337,-61.47,0,"인생최패망자",17.589,-40.125,0,"-라후이-",10.401,-59.589,0,"AI",35.7,-81.8,0,"AI",0,-100.6,0,"AI",-35.7,-81.8,0,0,0,0,0,0,"",0,0,0,0,0,0,0,0,0,0
16,1,0,2,0,0,0,0,0,0,0,255,255,255,0,803.274,"_VILLAIN",R,26,106,140,-0.273,-1.669,-0.033,1.547,-36.735,4,0,26.216,-194.421,6.717,0,0,1,0,5,R,"-라후이-",160,90,0.5,0,85,0,0,0,0,0,0,0,0,0,0,0,0,0,0,0,0,-0.093,-36.855,0,"눈꽃",-0.026,-17.02,0,"Sabo_10",-20.78,-49.852,0,"Pugeuk",-13.754,-62.519,0,"Kr_Luna",19.522,-49.943,0,"소솨소솨",13.64,-64.012,0,"AI",35.7,-81.8,0,"AI",0,-100.6,0,"AI",-35.7,-81.8,0,0,0,0,0,0,"",0,0,0,0,0,0,0,0,0,0
17,1,0,2,0,0,1,0,0,0,0,255,255,255,1,830.098,"_VILLAIN",R,13,96,120,-0.125,-0.391,-0.007,1.935,-36.851,2,0,-170.66,400,30.552,0,0,1,0,5,R,"-라후이-",160,90,0.5,2,85,831,189,12,115,49,14,150,55,-30,46.258,1,0.026,-0.042,0.301,0,0.119,-0.175,-36.988,0,"눈꽃",-0.029,-16.959,0,"Sabo_10",-20.523,-49.058,0,"Pugeuk",-14.293,-63.429,0,"Kr_Luna",19.771,-50.017,0,"소솨소솨",13.871,-64.224,0,"AI",35.7,-81.8,0,"AI",0,-100.6,0,"AI",-35.7,-81.8,0,836.857,-33.957,-53.648,0,0,"",0,0,0,0,0,0,0,0,0,2
18,1,0,2,0,0,2,0,0,0,0,255,255,255,2,890.462,"_VILLAIN",R,39,44,89,0.134,4.107,0.236,2.439,-37.103,4,0,-50.422,-200,5.251,0,0,1,0,5,R,"-라후이-",160,90,0.5,0,85,0,0,0,0,0,0,0,0,0,0,0,0,0,0,0,0,0.112,-37.222,0,"눈꽃",-0.077,-16.878,0,"Sabo_10",-21.591,-46.143,0,"Pugeuk",-16.94,-61.965,0,"Kr_Luna",19.073,-51.262,0,"소솨소솨",14.286,-63.87,0,"AI",35.7,-81.8,0,"AI",0,-100.6,0,"AI",-35.7,-81.8,0,0,0,0,893.713,0,"_VILLAIN",0.183,-17.404,0,0,0,0,0,0,0,0
19,1,0,2,0,0,0,1,0,0,0,255,255,255,3,914.115,"_VILLAIN",R,14,69,98,0.71,-0.931,-0.08,1.789,-36.602,2,0,359.169,295.755,39.06,0,0,1,1,3,L,"_Chun",160,107,0.452,0,85,915.299,8,2,20,24,9,2,30,-74.408,41.078,0.72,0.023,-0.051,0.111,1,0.71,0.098,-36.658,0,"눈꽃",-0.107,-17.196,83,"Sabo_10",-17.23,-44.419,0,"Pugeuk",-12.242,-60.542,0,"Kr_Luna",16.881,-44.162,0,"소솨소솨",14.771,-63.647,0,"AI",35.7,-81.8,0,"AI",0,-100.6,0,"AI",-35.7,-81.8,0,915.257,0.036,-20.063,917.957,5,"소솨소솨",-3.711,-23.042,0,0,0,0,0,0,0,3
20,1,0,2,0,0,1,1,0,0,0,255,255,255,4,936,"_VILLAIN",R,26,61,102,-1.425,1.842,-0.169,2.097,-36.592,1,0,-45.252,-198.589,13.296,0,0,0,1,3,L,"_Chun",160,107,0.452,0,87,0,0,0,0,0,0,0,0,0,0,0,0,0,0,0,0,0.133,-36.997,0,"눈꽃",-0.026,-17.182,120,"Sabo_10",-18.389,-40.205,0,"Pugeuk",-10.885,-59.509,0,"Kr_Luna",13.743,-39.238,0,"소솨소솨",15.731,-61.78,0,"AI",35.7,-81.8,0,"AI",0,-100.6,0,"AI",-35.7,-81.8,0,0,0,0,0,0,"",0,0,0,0,0,0,0,0,0,0
21,1,0,2,0,1,1,1,0,0,0,255,255,255,5,949.406,"_VILLAIN",R,10,80,121,0.99,0.296,0.092,2.011,-36.701,0,0,0,400,15.668,0,0,0,1,3,L,"_Chun",160,107,0.452,0,87,0,0,0,0,0,0,0,0,0,0,0,0,0,0,0,0,0.335,-38.208,0,"눈꽃",-0.01,-17.157,0,"Sabo_10",-18.456,-39.255,0,"Pugeuk",-7.143,-46.064,0,"Kr_Luna",17.538,-44.018,0,"소솨소솨",15.374,-61.271,0,"AI",35.7,-81.8,0,"AI",0,-100.6,0,"AI",-35.7,-81.8,0,0,0,0,0,0,"",0,0,0,0,0,0,0,0,0,0
22,1,0,2,0,1,2,1,0,0,0,255,255,255,6,969.92,"_VILLAIN",R,10,59,93,0.322,-2.264,-0.05,1.682,-36.559,4,0,122.713,400,38.923,0.085,-19.596,1,1,3,L,"_Chun",160,107,0.452,0,88,0,0,0,0,0,0,0,0,0,0,0,0,0,0,0,0,0.175,-37.18,0,"눈꽃",-0.052,-17.092,0,"Sabo_10",-19.927,-44.021,92,"Pugeuk",-10.637,-58.126,0,"Kr_Luna",17.238,-43.459,0,"소솨소솨",15.249,-62.062,0,"AI",35.708,-81.807,0,"AI",0,-100.6,0,"AI",-35.708,-81.807,0,0,0,0,0,0,"",0,0,0,0,0,0,0,0,0,0
23,1,0,2,0,0,0,2,0,0,0,255,255,255,8,995.12,"_VILLAIN",R,14,60,91,0.994,1.24,-0.064,2.385,-36.869,1,0,301.429,342.401,0,0,0,0,2,2,L,"Pring__",179.642,95.172,0.477,0,85,0,0,0,0,0,0,0,0,0,0,0,0,0,0,0,0,0.072,-36.964,0,"눈꽃",-0.025,-17.049,0,"Sabo_10",-22.198,-52.166,0,"Pugeuk",-14.319,-63.076,0,"Kr_Luna",19.687,-49.653,0,"소솨소솨",15.528,-63.22,0,"AI",35.7,-81.8,0,"AI",0,-100.6,0,"AI",-35.7,-81.8,0,0,0,0,0,0,"",0,0,0,0,0,0,0,0,0,0
24,1,0,2,0,1,0,2,0,0,0,255,255,255,9,1007.383,"_VILLAIN",R,26,97,140,1.909,2.102,0.16,2.138,-36.732,1,0,60.559,-200,0,0,0,0,2,2,L,"Pring__",179.642,95.172,0.477,0,85,0,0,0,0,0,0,0,0,0,0,0,0,0,0,0,0,0.043,-36.766,0,"눈꽃",-0.033,-17.008,0,"Sabo_10",-22.201,-52.089,0,"Pugeuk",-14.201,-63.262,0,"Kr_Luna",19.657,-49.67,0,"소솨소솨",15.475,-63.564,0,"AI",35.7,-81.8,0,"AI",0,-100.6,0,"AI",-35.7,-81.8,0,0,0,0,0,0,"",0,0,0,0,0,0,0,0,0,0
25,1,0,2,0,2,0,2,0,0,0,255,255,255,10,1018.387,"_VILLAIN",R,13,74,102,1.159,-0.735,0.398,1.847,-36.631,0,0,-362.039,312.348,19.258,0,0,0,2,2,L,"Pring__",179.642,95.172,0.477,0,85,0,0,0,0,0,0,0,0,0,0,0,0,0,0,0,0,0.335,-36.94,0,"눈꽃",-0.064,-17.096,0,"Sabo_10",-22.163,-52.114,0,"Pugeuk",-14.231,-63.198,0,"Kr_Luna",19.771,-49.567,0,"소솨소솨",15.41,-63.279,0,"AI",35.7,-81.8,0,"AI",0,-100.6,0,"AI",-35.7,-81.8,0,0,0,0,0,0,"",0,0,0,0,0,0,0,0,0,0
26,1,0,2,0,2,1,2,0,0,0,255,255,255,11,1032.06,"_VILLAIN",R,26,88,140,-0.694,-1.243,-0.07,1.562,-36.467,1,0,18.888,-200,11.499,0,0,0,2,2,L,"Pring__",179.642,95.172,0.477,0,85,0,0,0,0,0,0,0,0,0,0,0,0,0,0,0,0,0.095,-36.88,0,"눈꽃",-0.142,-17.029,0,"Sabo_10",-22.175,-52.02,0,"Pugeuk",-14.252,-63.317,0,"Kr_Luna",19.642,-49.64,0,"소솨소솨",15.317,-63.039,0,"AI",35.7,-81.8,0,"AI",0,-100.6,0,"AI",-35.7,-81.8,0,0,0,0,0,0,"",0,0,0,0,0,0,0,0,0,0
27,1,0,2,0,3,1,2,0,0,0,255,255,255,11,1044.999,"_VILLAIN",R,38,21,80,2.23,-2.185,0.041,1.98,-37.49,4,0,25.897,19.585,11.523,0.431,-19.673,0,2,2,L,"Pring__",179.642,95.172,0.477,0,85,0,0,0,0,0,0,0,0,0,0,0,0,0,0,0,0,0.209,-37.302,0,"눈꽃",-0.055,-17.093,0,"Sabo_10",-22.167,-50.479,0,"Pugeuk",-14.105,-63.321,0,"Kr_Luna",19.722,-49.611,0,"소솨소솨",15.462,-62.9,0,"AI",35.7,-81.8,0,"AI",0,-100.6,0,"AI",-35.7,-81.8,0,0,0,0,0,0,"",0,0,0,0,0,0,0,0,0,0
28,1,0,2,0,3,2,2,0,0,0,255,255,255,13,1062.72,"_VILLAIN",R,26,92,140,-0.729,-1.362,-0.086,1.542,-36.443,4,0,66.631,-200,13.404,0,0,0,2,2,L,"Pring__",179.642,95.172,0.477,0,85,0,0,0,0,0,0,0,0,0,0,0,0,0,0,0,0,0.053,-36.945,0,"눈꽃",-0.074,-16.998,0,"Sabo_10",-21.41,-52.056,0,"Pugeuk",-12.078,-63.175,0,"Kr_Luna",19.637,-49.821,0,"소솨소솨",15.559,-63.081,0,"AI",35.7,-81.8,0,"AI",0,-100.6,0,"AI",-35.7,-81.8,0,0,0,0,0,0,"",0,0,0,0,0,0,0,0,0,0
29,2,1,2,0,0,0,0,0,0,0,255,255,255,15,1258.046,"하루（Haru）",R,0,8,70,-0.063,-0.843,0.046,1.502,-36.589,2,0,0,0,-4.871,0,0,1,0,5,R,"소솨소솨",165.6,80,0.5,2,85,1259.3,176,24,13,60,57,39,35,20.873,-29.407,0.92,-0.021,-0.065,0.038,0,0.682,-0.037,-37.058,0,"WhiteMountain",-0.063,-16.818,0,"Pring__",-20.809,-47.075,96,"_Chun",-10.067,-60.92,0,"인생최패망자",15.401,-46.886,120,"-라후이-",13.143,-61.494,0,"AI",35.7,-81.8,0,"AI",0,-100.6,0,"AI",-35.7,-81.8,0,1260.891,6.822,-32.884,1262.102,4,"인생최패망자",8.395,-37.323,0,0,0,0,0,0,0,2
30,2,1,2,0,0,0,1,0,0,0,255,255,255,16,1285.935,"하루（Haru）",R,27,83,136,0.542,1.578,0.026,2.01,-36.493,2,0,82.362,-125.198,7.649,0,0,1,1,3,R,"Pugeuk",160,93.173,0.5,3,86,1286.813,164,8,54,24,16,125,92,25.504,44.699,0.24,0.042,0.019,0.221,0,0.576,-0.521,-37.082,0,"WhiteMountain",-0.029,-16.746,0,"Pring__",-19.191,-43.743,0,"_Chun",-10.713,-59.485,0,"인생최패망자",16.675,-47.286,0,"-라후이-",13.805,-64.7,0,"AI",35.7,-81.8,0,"AI",0,-100.6,0,"AI",-35.7,-81.8,0,1290.746,-59.036,-62.895,0,0,"",0,0,0,0,0,0,0,0,0,3
31,2,1,2,0,0,1,1,0,0,0,255,255,255,17,1307.591,"하루（Haru）",R,10,75,117,-3.243,-2.97,-0.302,1.268,-36.086,1,0,0,400,9.641,-0.533,-23.912,0,1,3,R,"Pugeuk",160,93.173,0.5,0,69,0,0,0,0,0,0,0,0,0,0,0,0,0,0,0,0,-0.079,-36.956,0,"WhiteMountain",-0.259,-16.879,0,"Pring__",-21.835,-46.468,0,"_Chun",-12.308,-60.57,0,"인생최패망자",16.467,-44.74,0,"-라후이-",12.486,-58.177,0,"AI",35.7,-81.8,0,"AI",0,-100.6,0,"AI",-35.7,-81.8,0,0,0,0,0,0,"",0,0,0,0,0,0,0,0,0,0
32,2,1,2,0,1,1,1,0,0,0,255,255,255,18,1323.161,"하루（Haru）",R,10,56,105,-1.987,-2.97,-0.184,1.616,-36.468,1,0,0,400,-10.732,-0.438,-17.469,0,1,3,R,"Pugeuk",160,93.173,0.5,0,69,0,0,0,0,0,0,0,0,0,0,0,0,0,0,0,0,-0.241,-37.275,0,"WhiteMountain",-0.225,-16.929,0,"Pring__",-22.017,-47.722,0,"_Chun",-12.252,-61.506,0,"인생최패망자",16.327,-44.27,0,"-라후이-",12.156,-60.766,0,"AI",35.7,-81.8,0,"AI",0,-100.6,0,"AI",-35.7,-81.8,0,0,0,0,0,0,"",0,0,0,0,0,0,0,0,0,0
33,2,1,2,0,2,1,1,0,0,0,255,255,255,19,1337.414,"하루（Haru）",R,27,87,140,0.295,1.081,0.01,1.947,-36.375,0,0,63.304,-113.659,8.375,0,0,0,1,3,R,"Pugeuk",160,93.173,0.5,0,69,0,0,0,0,0,0,0,0,0,0,0,0,0,0,0,0,-0.105,-37.061,0,"WhiteMountain",-0.033,-16.716,0,"Pring__",-21.864,-47.857,0,"_Chun",-12.011,-60.859,0,"인생최패망자",16.808,-44.118,0,"-라후이-",11.266,-62.123,0,"AI",35.7,-81.8,0,"AI",0,-100.6,0,"AI",-35.7,-81.8,0,0,0,0,0,0,"",0,0,0,0,0,0,0,0,0,0
34,2,1,2,0,2,2,1,0,0,0,255,255,255,20,1351.792,"하루（Haru）",R,10,51,101,-1.812,-0.692,-0.168,1.917,-36.582,2,0,0,400,-9.589,0,0,1,1,3,R,"Pugeuk",160,93.173,0.5,3,69,1352.739,116,11,57,41,34,133,107,26.295,-0.408,0.58,-0.081,-0.082,0.252,0,0.577,-0.703,-36.709,0,"WhiteMountain",-0.102,-16.79,0,"Pring__",-21.868,-47.5,0,"_Chun",-11.889,-60.156,0,"인생최패망자",16.157,-47.175,0,"-라후이-",11.29,-62.247,0,"AI",35.7,-81.8,0,"AI",0,-100.6,0,"AI",-35.7,-81.8,0,1357.391,-4.116,-111.48,1362.079,3,"_Chun",-0.95,-61.594,0,0,0,0,0,0,0,1
35,2,1,2,0,0,0,2,0,0,0,255,255,255,21,1382.862,"하루（Haru）",R,6,57,104,5.948,-0.838,0.373,1.675,-36.392,1,0,432.877,0,-3.784,0,0,0,2,4,L,"Kr_Luna",190,94.523,0.497,0,86,0,0,0,0,0,0,0,0,0,0,0,0,0,0,0,0,-0.024,-37.511,0,"WhiteMountain",0.444,-16.744,0,"Pring__",-21.606,-45.708,0,"_Chun",-10.865,-62.84,0,"인생최패망자",18.856,-43.541,0,"-라후이-",12.913,-64.919,0,"AI",35.7,-81.8,0,"AI",0,-100.6,0,"AI",-35.7,-81.8,0,0,0,0,0,0,"",0,0,0,0,0,0,0,0,0,0
36,2,1,2,0,1,0,2,0,0,0,255,255,255,22,1398.881,"하루（Haru）",R,27,76,128,1.364,1.55,0.107,2.096,-36.644,4,0,60.225,-112.333,4.821,0,0,1,2,4,L,"Kr_Luna",190,94.523,0.497,0,86,0,0,0,0,0,0,0,0,0,0,0,0,0,0,0,0,-0.369,-37.255,0,"WhiteMountain",-0.002,-16.653,0,"Pring__",-21.602,-45.709,0,"_Chun",-10.562,-61.991,0,"인생최패망자",17.634,-43.642,0,"-라후이-",12.401,-65.518,0,"AI",35.7,-81.8,0,"AI",0,-100.6,0,"AI",-35.7,-81.8,0,0,0,0,0,0,"",0,0,0,0,0,0,0,0,0,0
37,2,1,2,0,1,1,2,0,0,0,255,255,255,23,1413.922,"하루（Haru）",R,26,88,140,0.527,1.491,0.036,2.078,-36.363,4,0,48.154,-156.491,10.894,0,0,1,2,4,L,"Kr_Luna",190,94.523,0.497,0,86,0,0,0,0,0,0,0,0,0,0,0,0,0,0,0,0,0.096,-37.206,0,"WhiteMountain",-0.013,-16.676,0,"Pring__",-21.611,-45.695,0,"_Chun",-10.892,-62.178,0,"인생최패망자",19.073,-45.049,0,"-라후이-",11.922,-66.961,0,"AI",35.7,-81.8,0,"AI",0,-100.6,0,"AI",-35.7,-81.8,0,0,0,0,0,0,"",0,0,0,0,0,0,0,0,0,0
38,2,1,2,0,1,2,2,0,0,0,255,255,255,24,1429.778,"하루（Haru）",R,6,59,107,2.566,0.286,0.082,1.914,-36.45,4,0,388.056,57.28,-7.724,0,0,1,2,4,L,"Kr_Luna",190,94.523,0.497,0,86,0,0,0,0,0,0,0,0,0,0,0,0,0,0,0,0,-0.059,-37.594,0,"WhiteMountain",0.153,-16.607,0,"Pring__",-20.212,-41.248,0,"_Chun",-10.273,-61.309,0,"인생최패망자",17.871,-41.98,0,"-라후이-",11.306,-65.07,0,"AI",35.7,-81.8,0,"AI",0,-100.6,0,"AI",-35.7,-81.8,0,0,0,0,0,0,"",0,0,0,0,0,0,0,0,0,0
39,2,0,2,0,0,0,0,0,0,0,255,255,255,13,1464.222,"_VILLAIN",R,13,63,94,-0.94,0.628,0.05,2.245,-36.875,0,0,-290.324,366.847,25.088,0,0,0,3,4,R,"인생최패망자",190,80,0.4,0,85,0,0,0,0,0,0,0,0,0,0,0,0,0,0,0,0,-0.02,-37.179,0,"눈꽃",-0.102,-17.155,0,"Sabo_10",-21.146,-49.672,0,"Pugeuk",-15.377,-62.834,0,"Kr_Luna",18.931,-46.423,0,"소솨소솨",13.346,-63.872,0,"AI",35.702,-81.802,0,"AI",0,-100.602,0,"AI",-35.702,-81.802,0,0,0,0,0,0,"",0,0,0,0,0,0,0,0,0,0
40,2,0,2,0,0,1,0,0,0,0,255,255,255,14,1478.024,"_VILLAIN",R,27,96,140,-1.541,-1.51,-0.18,1.498,-36.78,1,0,125.039,-146.541,10.473,0,0,0,3,4,R,"인생최패망자",190,80,0.4,0,85,0,0,0,0,0,0,0,0,0,0,0,0,0,0,0,0,0.121,-36.95,0,"눈꽃",-0.103,-17.024,0,"Sabo_10",-20.934,-49.256,0,"Pugeuk",-15.589,-62.772,0,"Kr_Luna",18.921,-46.416,0,"소솨소솨",13.603,-63.793,0,"AI",35.702,-81.802,0,"AI",0,-100.602,0,"AI",-35.702,-81.802,0,0,0,0,0,0,"",0,0,0,0,0,0,0,0,0,0
41,2,0,2,0,1,1,0,0,0,0,255,255,255,15,1491.567,"_VILLAIN",R,14,69,98,1.376,-0.25,-0.04,1.978,-36.667,2,0,339.416,323.816,6.155,0,0,1,3,4,R,"인생최패망자",190,80,0.4,1,85,1492.811,161,23,108,113,40,150,100,-64.894,-54.461,-0.33,0.002,-0.044,0.086,0,0.341,0.021,-36.974,0,"눈꽃",-0.049,-17.003,0,"Sabo_10",-20.654,-49.032,0,"Pugeuk",-15.424,-62.925,0,"Kr_Luna",18.921,-46.419,0,"소솨소솨",14.219,-63.873,0,"AI",35.703,-81.802,0,"AI",0,-100.603,0,"AI",-35.703,-81.802,0,1492.746,0.85,-21.525,0,0,"",0,0,0,0,0,0,0,0,0,3
42,2,0,2,0,1,2,0,0,0,0,255,255,255,16,1510.963,"_VILLAIN",R,28,41,102,0.893,0.169,0.067,1.833,-36.608,2,0,38.386,-88.748,0.317,0,0,1,3,4,R,"인생최패망자",190,80,0.4,1,82,1512.162,255,11,66,66,42,144,95,-84.838,-82.679,-0.58,0.007,-0.045,0.093,0,0.543,-0.048,-36.909,0,"눈꽃",-0.101,-16.963,0,"Sabo_10",-20.795,-49.966,0,"Pugeuk",-13.574,-63.525,0,"Kr_Luna",20.252,-46.556,0,"소솨소솨",14.515,-63.632,0,"AI",35.703,-81.802,0,"AI",0,-100.603,0,"AI",-35.703,-81.802,0,1512.146,0.908,-21.034,0,0,"",0,0,0,0,0,0,0,0,0,3
43,2,0,2,0,1,2,0,0,0,0,255,255,255,17,1527.318,"_VILLAIN",R,13,61,92,-0.73,-0.403,0.136,1.975,-36.651,0,0,-312.365,332.435,22.775,0,0,1,3,4,R,"인생최패망자",190,80,0.4,0,82,0,0,0,0,0,0,0,0,0,0,0,0,0,0,0,0,0.008,-37.057,0,"눈꽃",-0.112,-17.09,0,"Sabo_10",-20.254,-48.868,0,"Pugeuk",-12.125,-63.928,0,"Kr_Luna",20.13,-48.614,0,"소솨소솨",15.126,-63.244,0,"AI",35.702,-81.801,0,"AI",0,-100.602,0,"AI",-35.702,-81.801,0,0,0,0,0,0,"",0,0,0,0,0,0,0,0,0,0
44,2,0,2,0,0,0,1,0,0,0,255,255,255,18,1551.433,"_VILLAIN",R,38,30,84,-0.262,0.138,0.095,1.951,-37.099,0,0,0,0,0,0,0,1,4,1,R,"WhiteMountain",190,84,0.579,0,86,0,0,0,0,0,0,0,0,0,0,0,0,0,0,0,0,-0.043,-37.136,0,"눈꽃",-0.068,-17.057,0,"Sabo_10",-21.147,-51.335,0,"Pugeuk",-9.454,-61.216,0,"Kr_Luna",20.143,-48.61,0,"소솨소솨",15.232,-63.969,0,"AI",35.702,-81.802,0,"AI",0,-100.602,0,"AI",-35.702,-81.802,0,0,0,0,0,0,"",0,0,0,0,0,0,0,0,0,2
45,2,0,2,0,0,1,1,0,0,0,255,255,255,19,1573.756,"_VILLAIN",R,14,67,97,-0.919,-0.562,-0.364,1.889,-36.66,0,0,343.777,313.076,0,-0.185,-17.712,1,4,1,R,"WhiteMountain",190,84,0.579,0,86,0,0,0,0,0,0,0,0,0,0,0,0,0,0,0,0,-0.153,-37.27,0,"눈꽃",-0.113,-17.1,0,"Sabo_10",-21.22,-51.335,0,"Pugeuk",-9.212,-63.074,0,"Kr_Luna",20.151,-48.633,0,"소솨소솨",15.238,-63.078,0,"AI",35.7,-81.8,0,"AI",0,-100.6,0,"AI",-35.7,-81.8,0,0,0,0,0,0,"",0,0,0,0,0,0,0,0,0,0
46,2,0,2,0,0,2,1,0,0,0,255,255,255,20,1589.985,"_VILLAIN",R,38,50,94,-2.161,1.03,-0.301,2.13,-36.71,4,0,0,0,0,0,0,1,4,1,R,"WhiteMountain",190,84,0.579,0,86,0,0,0,0,0,0,0,0,0,0,0,0,0,0,0,0,-0.211,-37.278,0,"눈꽃",-0.038,-16.965,0,"Sabo_10",-21.839,-49.747,0,"Pugeuk",-9.159,-63.094,0,"Kr_Luna",20.16,-48.628,0,"소솨소솨",14.736,-63.199,0,"AI",35.702,-81.801,0,"AI",0,-100.602,0,"AI",-35.702,-81.801,0,0,0,0,0,0,"",0,0,0,0,0,0,0,0,0,0
47,2,0,2,0,0,0,2,0,0,0,255,255,255,21,1611.977,"_VILLAIN",R,14,69,111,-0.613,-0.15,-0.196,1.942,-36.611,2,0,354.272,352.833,16.587,0,0,1,5,0,L,"하루（Haru）",190,85,0.549,0,86,1613.062,142,18,65,36,42,137,101,63.458,-61.833,-0.03,0.002,0.004,0,0,0.301,-0.349,-37.117,0,"눈꽃",-0.037,-16.993,0,"Sabo_10",-20.647,-51.064,0,"Pugeuk",-9.501,-64.32,0,"Kr_Luna",20.724,-50.022,0,"소솨소솨",16.393,-62.22,0,"AI",35.7,-81.8,0,"AI",0,-100.6,0,"AI",-35.7,-81.8,0,0,0,0,0,0,"",0,0,0,0,0,0,0,0,0,3
48,2,0,2,0,0,1,2,0,0,0,255,255,255,22,1629.019,"_VILLAIN",R,26,100,140,-0.635,1.265,-0.049,2.021,-36.547,1,0,-37.4,-200,28.225,0,0,0,5,0,L,"하루（Haru）",190,85,0.549,0,86,0,0,0,0,0,0,0,0,0,0,0,0,0,0,0,0,-0.203,-36.886,0,"눈꽃",-0.052,-16.946,0,"Sabo_10",-22.118,-50.418,0,"Pugeuk",-12.118,-63.78,0,"Kr_Luna",20.728,-50.033,0,"소솨소솨",16.012,-62.537,0,"AI",35.7,-81.8,0,"AI",0,-100.6,0,"AI",-35.7,-81.8,0,0,0,0,0,0,"",0,0,0,0,0,0,0,0,0,0
49,2,0,2,0,1,1,2,0,0,0,255,255,255,23,1642.662,"_VILLAIN",R,13,68,98,0.297,-0.475,0.28,1.918,-36.627,0,0,-343.958,317.72,15.082,0,0,1,5,0,L,"하루（Haru）",190,85,0.549,0,86,0,0,0,0,0,0,0,0,0,0,0,0,0,0,0,0,0.11,-37.083,0,"눈꽃",-0.041,-17.079,0,"Sabo_10",-22.148,-52.612,0,"Pugeuk",-11.05,-62.652,0,"Kr_Luna",20.719,-50.032,0,"소솨소솨",16.317,-62.874,0,"AI",35.7,-81.8,0,"AI",0,-100.6,0,"AI",-35.7,-81.8,0,0,0,0,0,0,"",0,0,0,0,0,0,0,0,0,0
50,2,0,2,0,1,2,2,0,0,0,255,255,255,24,1657.392,"_VILLAIN",R,10,66,98,4.061,-0.042,0.565,2.102,-36.681,1,0,0,400,3.456,0,0,0,5,0,L,"하루（Haru）",190,85,0.549,0,86,0,0,0,0,0,0,0,0,0,0,0,0,0,0,0,0,0.31,-37.088,0,"눈꽃",0.047,-17.04,0,"Sabo_10",-20.785,-50.255,0,"Pugeuk",-10.893,-63.306,0,"Kr_Luna",20.719,-50.03,0,"소솨소솨",16.256,-63.09,0,"AI",35.7,-81.8,0,"AI",0,-100.6,0,"AI",-35.7,-81.8,0,0,0,0,0,0,"",0,0,0,0,0,0,0,0,0,0
51,2,0,2,0,2,2,2,0,0,0,255,255,255,25,1670.967,"_VILLAIN",R,0,81,119,0.403,1.524,0.056,2.26,-36.777,1,0,0,0,0,0,0,0,5,0,L,"하루（Haru）",190,85,0.549,0,86,0,0,0,0,0,0,0,0,0,0,0,0,0,0,0,0,-0.129,-37.047,0,"눈꽃",-0.039,-16.945,0,"Sabo_10",-20.348,-50.106,0,"Pugeuk",-10.218,-63.023,0,"Kr_Luna",20.742,-50.026,0,"소솨소솨",16.339,-62.999,0,"AI",35.7,-81.8,0,"AI",0,-100.6,0,"AI",-35.7,-81.8,0,0,0,0,0,0,"",0,0,0,0,0,0,0,0,0,0
52,2,0,2,0,3,2,2,0,0,0,255,255,255,26,1684.073,"_VILLAIN",R,0,67,107,2.254,1.057,0.314,2.132,-36.706,1,0,0,0,0,0,0,0,5,0,L,"하루（Haru）",190,85,0.549,0,86,0,0,0,0,0,0,0,0,0,0,0,0,0,0,0,0,0.129,-36.816,0,"눈꽃",-0.015,-16.939,0,"Sabo_10",-21.07,-49.076,0,"Pugeuk",-11.179,-63.766,0,"Kr_Luna",20.722,-50.03,0,"소솨소솨",16.356,-62.282,0,"AI",35.7,-81.8,0,"AI",0,-100.6,0,"AI",-35.7,-81.8,0,0,0,0,0,0,"",0,0,0,0,0,0,0,0,0,5
53,2,0,2,0,0,0,2,1,0,0,9,255,255,27,1707.533,"_VILLAIN",R,26,84,138,-1.13,-0.709,-0.152,1.677,-36.557,0,0,164.063,-200,5.842,0,0,0,0,5,R,"-라후이-",160,90,0.5,0,90,0,0,0,0,0,0,0,0,0,0,0,0,0,0,0,0,-0.128,-36.611,0,"눈꽃",-0.081,-16.956,0,"Sabo_10",-20.204,-41.863,0,"Pugeuk",-8.911,-61.972,0,"Kr_Luna",20.729,-50.028,0,"소솨소솨",13.408,-63.862,0,"AI",35.7,-81.8,0,"AI",0,-100.6,0,"AI",-35.7,-81.8,0,0,0,0,0,0,"",0,0,0,0,0,0,0,0,0,0
54,2,0,2,0,0,1,2,1,0,0,9,255,255,28,1723.281,"_VILLAIN",R,26,80,132,1.172,-0.082,0.076,1.76,-36.528,0,0,107.368,-200,5.309,0,0,1,0,5,R,"-라후이-",160,90,0.5,0,90,0,0,0,0,0,0,0,0,0,0,0,0,0,0,0,0,0.193,-36.925,0,"눈꽃",-0.053,-17.022,0,"Sabo_10",-20.824,-44.775,0,"Pugeuk",-9.252,-62.547,0,"Kr_Luna",20.73,-50.048,0,"소솨소솨",14.496,-63.225,0,"AI",35.7,-81.8,0,"AI",0,-100.6,0,"AI",-35.7,-81.8,0,0,0,0,0,0,"",0,0,0,32,0,0,0,0,0,0
55,3,1,2,0,0,0,0,0,0,0,255,255,255,25,1780.419,"하루（Haru）",R,11,51,106,1.206,-0.605,0.079,1.792,-36.442,0,0,80.789,151.855,-8.884,0,0,0,3,2,L,"Sabo_10",179.7,92,0.499,0,86,0,0,0,0,0,0,0,0,0,0,0,0,0,0,0,0,-0.032,-37.618,0,"WhiteMountain",0.009,-16.88,0,"Pring__",-20.975,-47.293,0,"_Chun",-10.408,-62.205,0,"인생최패망자",18.482,-43.535,0,"-라후이-",15.26,-61.669,0,"AI",35.7,-81.8,0,"AI",0,-100.6,0,"AI",-35.7,-81.8,0,0,0,0,0,0,"",0,0,0,0,0,0,0,0,0,0
56,3,1,2,0,0,1,0,0,0,0,255,255,255,26,1795.345,"하루（Haru）",R,0,43,104,1.863,-0.086,0.127,1.842,-36.827,1,0,0,0,-7.663,0,0,0,3,2,L,"Sabo_10",179.7,92,0.499,0,91,0,0,0,0,0,0,0,0,0,0,0,0,0,0,0,0,-0.071,-36.875,0,"WhiteMountain",0.038,-16.841,0,"Pring__",-21.022,-46.555,0,"_Chun",-10.366,-62.195,0,"인생최패망자",19.212,-44.909,0,"-라후이-",13.889,-61.703,0,"AI",35.7,-81.8,0,"AI",0,-100.6,0,"AI",-35.7,-81.8,0,0,0,0,0,0,"",0,0,0,0,0,0,0,0,0,0
57,3,1,2,0,1,1,0,0,0,0,255,255,255,27,1811.536,"하루（Haru）",R,26,93,140,-0.404,0.447,-0.053,1.868,-36.302,2,0,56.115,-150.453,7.489,0,0,1,3,2,L,"Sabo_10",179.7,92,0.499,2,91,1812.443,164,23,52,73,34,138,116,91.991,86.802,0.43,0.046,-0.044,0.217,0,0.546,-0.641,-37.017,0,"WhiteMountain",-0.012,-16.8,0,"Pring__",-20.981,-46.499,0,"_Chun",-10.136,-61.506,0,"인생최패망자",19.016,-45.337,0,"-라후이-",13.486,-62.706,0,"AI",35.7,-81.8,0,"AI",0,-100.6,0,"AI",-35.7,-81.8,0,0,0,0,0,0,"",0,0,0,0,0,0,0,0,0,3
58,3,1,2,0,1,2,0,0,0,0,255,255,255,28,1830.259,"하루（Haru）",R,6,56,106,2.386,-1.124,0.102,1.7,-36.346,4,0,297.273,146.18,-4.549,0,0,1,3,2,L,"Sabo_10",179.7,92,0.499,0,86,0,0,0,0,0,0,0,0,0,0,0,0,0,0,0,0,-0.351,-37.248,0,"WhiteMountain",0.173,-16.895,0,"Pring__",-19.598,-40.552,0,"_Chun",-10.187,-60.131,0,"인생최패망자",18.073,-41.854,0,"-라후이-",15.011,-62.699,0,"AI",35.7,-81.8,0,"AI",0,-100.6,0,"AI",-35.7,-81.8,0,0,0,0,0,0,"",0,0,0,0,0,0,0,0,0,0
59,3,1,2,0,0,0,1,0,0,0,255,255,255,29,1854.002,"하루（Haru）",R,27,86,140,-0.84,0.464,-0.09,1.893,-36.215,0,0,42.257,-105.616,5.654,0,0,1,4,1,L,"눈꽃",190,89.906,0.496,0,89,0,0,0,0,0,0,0,0,0,0,0,0,0,0,0,0,0.031,-36.824,0,"WhiteMountain",-0.001,-16.83,0,"Pring__",-21.479,-47.938,0,"_Chun",-10.441,-60.779,0,"인생최패망자",18.443,-43.944,0,"-라후이-",15.935,-61.567,0,"AI",35.7,-81.8,0,"AI",0,-100.6,0,"AI",-35.7,-81.8,0,0,0,0,0,0,"",0,0,0,0,0,0,0,0,0,0
60,3,1,2,0,0,1,1,0,0,0,255,255,255,30,1868.56,"하루（Haru）",R,33,88,140,1.013,0.055,0.064,1.819,-36.153,2,0,112.374,-89.848,8.965,0,0,1,4,1,L,"눈꽃",190,89.906,0.496,3,89,1869.627,193,14,96,78,22,150,89,106.899,61.694,-0.39,0.002,-0.045,0.041,0,0.315,-0.017,-36.947,0,"WhiteMountain",-0.017,-16.908,0,"Pring__",-21.499,-47.956,0,"_Chun",-10.355,-60.812,0,"인생최패망자",19.945,-46.059,0,"-라후이-",15.993,-61.453,0,"AI",35.7,-81.8,0,"AI",0,-100.6,0,"AI",-35.7,-81.8,0,0,0,0,0,0,"",0,0,0,0,0,0,0,0,0,3
61,3,1,2,0,0,2,1,0,0,0,255,255,255,31,1888.597,"하루（Haru）",R,10,43,98,-1.719,-1.527,-0.152,1.76,-36.788,2,0,0,277.392,-5.313,0,0,1,4,1,L,"눈꽃",190,89.906,0.496,3,86,1889.884,163,20,66,113,51,142,109,-30,-32.627,0.76,0.027,-0.125,0.056,0,0.423,-0.267,-36.688,0,"WhiteMountain",-0.031,-16.953,0,"Pring__",-21.531,-47.371,0,"_Chun",-9.339,-61.19,0,"인생최패망자",19.876,-46.363,0,"-라후이-",14.894,-62.723,0,"AI",35.7,-81.8,0,"AI",0,-100.6,0,"AI",-35.7,-81.8,0,1889.779,0.042,-20.672,1891.257,4,"인생최패망자",14.157,-42.831,0,0,0,0,0,0,0,2
62,3,1,2,0,0,0,2,0,0,0,255,255,255,32,1927.473,"하루（Haru）",R,0,0,0,0,0,0,0,0,0,0,0,0,0,0,0,0,5,0,R,"_VILLAIN",190,99.69,0.398,0,44,0,0,0,0,0,0,0,0,0,0,0,0,0,0,0,0,0,0,0,"",0,0,0,"",0,0,0,"",0,0,0,"",0,0,0,"",0,0,0,"",0,0,0,"",0,0,0,"",0,0,0,0,0,0,0,0,"",0,0,0,0,0,0,0,0,0,0
63,3,1,2,0,1,0,2,0,0,0,255,255,255,32,1993.211,"하루（Haru）",R,27,77,128,1.829,1.53,0.152,2.095,-36.479,4,0,57.925,-105.714,1.851,0,0,1,5,0,R,"_VILLAIN",190,99.69,0.398,0,44,0,0,0,0,0,0,0,0,0,0,0,0,0,0,0,0,-0.522,-37.168,0,"WhiteMountain",-0.012,-16.71,0,"Pring__",-22.954,-48.763,0,"_Chun",-13.282,-61.157,0,"인생최패망자",16.071,-44.578,0,"-라후이-",11.19,-63.612,0,"AI",35.7,-81.8,0,"AI",0,-100.6,0,"AI",-35.7,-81.8,0,0,0,0,0,0,"",0,0,0,0,0,0,0,0,0,0
64,3,1,2,0,1,1,2,0,0,0,255,255,255,33,2008.472,"하루（Haru）",R,0,89,138,-2.333,-0.429,-0.205,1.749,-36.177,4,0,-42.535,7.79,13.691,0,0,1,5,0,R,"_VILLAIN",190,99.69,0.398,0,44,0,0,0,0,0,0,0,0,0,0,0,0,0,0,0,0,-0.075,-37.394,0,"WhiteMountain",-0.208,-16.767,0,"Pring__",-22.92,-48.75,0,"_Chun",-13.177,-61.299,0,"인생최패망자",17.185,-44.862,0,"-라후이-",11.434,-64.396,0,"AI",35.7,-81.8,0,"AI",0,-100.6,0,"AI",-35.7,-81.8,0,0,0,0,0,0,"",0,0,0,0,0,0,0,0,0,0
65,3,1,2,0,1,2,2,0,0,0,255,255,255,34,2023.383,"하루（Haru）",R,1,33,96,-0.803,-1.021,-0.068,1.771,-36.555,2,0,0,0,1.959,0,0,1,5,0,R,"_VILLAIN",190,99.69,0.398,2,44,2024.561,187,8,2,79,49,19,24,-23.579,16.806,-0.83,-0.038,-0.066,0,0,0.188,-0.335,-36.881,113,"WhiteMountain",-0.09,-16.784,0,"Pring__",-22.952,-48.513,0,"_Chun",-12.804,-61.296,0,"인생최패망자",16.641,-48.046,73,"-라후이-",11.478,-65.059,0,"AI",35.7,-81.8,0,"AI",0,-100.6,0,"AI",-35.7,-81.8,0,2024.657,-0.443,-20.911,2027.513,0,"하루（Haru）",-4.552,-29.114,0,0,0,0,0,0,0,2
66,3,0,2,0,0,0,0,0,0,0,255,255,255,29,2101.644,"_VILLAIN",R,10,40,92,5.864,-0.054,0.549,2.048,-37.064,1,0,-6.933,400,11.153,1.199,-16.747,0,0,5,R,"-라후이-",160,90,0.5,0,86,0,0,0,0,0,0,0,0,0,0,0,0,0,0,0,0,0.015,-36.861,0,"눈꽃",0.347,-16.861,0,"Sabo_10",-22.543,-51.453,0,"Pugeuk",-15.588,-63.519,0,"Kr_Luna",21.169,-49.944,0,"소솨소솨",15.253,-63.172,0,"AI",35.7,-81.8,0,"AI",0,-100.601,0,"AI",-35.7,-81.8,0,0,0,0,0,0,"",0,0,0,0,0,0,0,0,0,0
67,3,0,2,0,1,0,0,0,0,0,255,255,255,30,2121.378,"_VILLAIN",R,10,56,105,0.517,-0.01,0.048,1.992,-36.536,2,0,0,400,17.952,0,0,1,0,5,R,"-라후이-",160,90,0.5,2,86,2122.303,148,16,77,74,48,149,111,18.028,18.774,0.6,0.009,-0.026,0.156,0,0.102,-0.006,-36.995,0,"눈꽃",-0.066,-16.984,0,"Sabo_10",-22.201,-51.428,0,"Pugeuk",-15.182,-62.643,0,"Kr_Luna",19.056,-52.527,0,"소솨소솨",15.299,-62.291,0,"AI",35.7,-81.8,0,"AI",0,-100.6,0,"AI",-35.7,-81.8,0,2128.824,-37.864,-110.51,2133.457,5,"소솨소솨",-0.739,-60.996,1,0,0,0,0,0,0,2
68,3,0,2,0,0,0,0,0,1,0,255,14,255,31,2158.316,"_VILLAIN",R,26,73,126,1.865,2.187,0.165,2.075,-36.543,4,0,26.943,-175.866,25.728,0,0,1,1,3,L,"_Chun",160,107,0.452,0,86,0,0,0,0,0,0,0,0,0,0,0,0,0,0,0,0,0.097,-37.076,0,"눈꽃",-0.018,-17.124,0,"Sabo_10",-18.85,-43.77,0,"Pugeuk",-11.011,-61.562,0,"Kr_Luna",20.433,-48.575,0,"소솨소솨",8.454,-59.7,0,"AI",35.7,-81.8,0,"AI",0,-100.6,0,"AI",-35.7,-81.8,0,0,0,0,0,0,"",0,0,0,0,0,0,0,0,0,0
69,3,0,2,0,0,1,0,0,1,0,255,14,255,32,2176.327,"_VILLAIN",R,13,53,100,4.054,0.054,0.53,1.996,-36.654,1,0,-336.432,336.221,10.665,0,0,0,1,3,L,"_Chun",160,107,0.452,0,86,0,0,0,0,0,0,0,0,0,0,0,0,0,0,0,0,0.146,-37.166,0,"눈꽃",0.089,-17.275,0,"Sabo_10",-18.939,-40.019,0,"Pugeuk",-13.083,-61.147,0,"Kr_Luna",19.376,-46.109,0,"소솨소솨",6.137,-60.33,0,"AI",35.7,-81.8,0,"AI",0,-100.6,0,"AI",-35.7,-81.8,0,0,0,0,0,0,"",0,0,0,0,0,0,0,0,0,0
70,3,0,2,0,1,1,0,0,1,0,255,14,255,33,2192.267,"_VILLAIN",R,26,88,140,0.718,0.785,0.041,1.882,-36.55,2,0,97.746,-200,36.176,0,0,1,1,3,L,"_Chun",160,107,0.452,0,86,2193.244,7,1,4,3,2,0,30,34.962,6.698,-0.71,0.024,-0.023,0,1,0.555,-0.166,-37.027,0,"눈꽃",-0.009,-17.14,0,"Sabo_10",-18.334,-43.487,0,"Pugeuk",-9.783,-61.508,0,"Kr_Luna",17.112,-41.413,81,"소솨소솨",9.456,-62.615,85,"AI",35.7,-81.8,0,"AI",0,-100.6,0,"AI",-35.7,-81.8,0,0,0,0,2195.257,0,"_VILLAIN",-1.118,-31.051,0,0,0,0,0,0,0,1
71,3,0,2,0,0,0,1,0,0,1,255,255,14,35,2278.983,"_VILLAIN",R,26,93,140,1.011,1.236,0.074,1.989,-36.596,4,0,71.987,-200,32.65,0,0,0,2,2,L,"Pring__",179.642,95.172,0.477,0,86,0,0,0,0,0,0,0,0,0,0,0,0,0,0,0,0,0.108,-37.223,120,"눈꽃",0.02,-17.129,0,"Sabo_10",-21.647,-49.245,0,"Pugeuk",-13.039,-63.121,0,"Kr_Luna",20.104,-43.675,78,"소솨소솨",15.857,-57.91,0,"AI",35.7,-81.8,0,"AI",0,-100.6,0,"AI",-35.7,-81.8,0,0,0,0,0,0,"",0,0,0,0,0,0,0,0,0,0
72,3,0,2,0,0,1,1,0,0,1,255,255,14,36,2319.612,"_VILLAIN",R,14,80,106,1.052,-0.021,-0.045,2.066,-36.625,0,0,306.348,385.92,0,0,0,0,2,2,L,"Pring__",179.642,95.172,0.477,0,86,0,0,0,0,0,0,0,0,0,0,0,0,0,0,0,0,0.015,-36.935,0,"눈꽃",0.017,-17.051,0,"Sabo_10",-20.684,-48.866,0,"Pugeuk",-9.62,-61.785,0,"Kr_Luna",19.963,-43.372,0,"소솨소솨",16.93,-59.145,0,"AI",35.7,-81.8,0,"AI",0,-100.6,0,"AI",-35.7,-81.8,0,0,0,0,0,0,"",0,0,0,0,0,0,0,0,0,0
73,3,0,2,0,0,2,1,0,0,1,255,255,14,37,2338.423,"_VILLAIN",R,26,51,110,-0.225,4.038,0.096,2.415,-36.904,1,0,58.307,-200,12.369,0,0,0,2,2,L,"Pring__",179.642,95.172,0.477,0,86,0,0,0,0,0,0,0,0,0,0,0,0,0,0,0,0,-0.08,-37.094,0,"눈꽃",0.052,-16.114,0,"Sabo_10",-21.244,-49.915,0,"Pugeuk",-9.777,-64.807,0,"Kr_Luna",20.143,-42.198,0,"소솨소솨",16.758,-59.659,0,"AI",35.7,-81.8,0,"AI",0,-100.6,0,"AI",-35.7,-81.8,0,0,0,0,0,0,"",0,0,0,0,0,0,0,0,0,0
74,3,0,2,0,1,2,1,0,0,1,255,255,14,38,2356.093,"_VILLAIN",R,10,48,85,-0.221,1.024,0.021,2.459,-36.966,0,0,0,400,0,0,0,0,2,2,L,"Pring__",179.642,95.172,0.477,0,86,0,0,0,0,0,0,0,0,0,0,0,0,0,0,0,0,0.047,-36.92,0,"눈꽃",0.104,-17.225,0,"Sabo_10",-20.583,-49.603,0,"Pugeuk",-10.235,-64.386,0,"Kr_Luna",19.461,-40.868,76,"소솨소솨",16.986,-59.575,0,"AI",35.7,-81.8,0,"AI",0,-100.6,0,"AI",-35.7,-81.8,0,0,0,0,0,0,"",0,0,0,0,0,0,0,0,0,0
75,3,0,2,0,0,0,2,0,0,1,255,255,14,38,2386.681,"_VILLAIN",R,26,79,130,0.366,0.005,0.007,1.775,-36.592,0,0,84.562,-191.627,18.482,0,0,0,3,4,R,"인생최패망자",190,80,0.4,0,86,0,0,0,0,0,0,0,0,0,0,0,0,0,0,0,0,-0.039,-36.944,0,"눈꽃",-0.026,-17.165,0,"Sabo_10",-17.129,-46.139,0,"Pugeuk",-13.519,-62.232,0,"Kr_Luna",18.251,-45.076,0,"소솨소솨",15.273,-61.316,0,"AI",35.7,-81.8,0,"AI",0,-100.6,0,"AI",-35.7,-81.8,0,0,0,0,0,0,"",0,0,0,0,0,0,0,0,0,0
76,3,0,2,0,0,1,2,0,0,1,255,255,14,39,2402.207,"_VILLAIN",R,10,64,97,2.012,0.684,0.28,2.329,-36.936,1,0,0,400,0,0,0,0,3,4,R,"인생최패망자",190,80,0.4,0,86,0,0,0,0,0,0,0,0,0,0,0,0,0,0,0,0,0.109,-37.012,0,"눈꽃",-0.003,-17.111,0,"Sabo_10",-17.435,-45.637,0,"Pugeuk",-13.417,-62.127,0,"Kr_Luna",19.362,-42.273,0,"소솨소솨",14.717,-61.421,0,"AI",35.7,-81.8,0,"AI",0,-100.6,0,"AI",-35.7,-81.8,0,0,0,0,0,0,"",0,0,0,0,0,0,0,0,0,0
77,3,0,2,0,1,1,2,0,0,1,255,255,14,40,2420.708,"_VILLAIN",R,26,83,136,-0.798,-0.367,-0.101,1.704,-36.505,2,0,93.421,-200,9.637,0,0,1,3,4,R,"인생최패망자",190,80,0.4,0,86,2421.778,138,12,60,88,32,139,84,50.311,-54.115,-0.95,-0.031,-0.102,0.061,0,0.364,-0.078,-36.842,0,"눈꽃",-0.028,-17.201,0,"Sabo_10",-18.275,-47.663,0,"Pugeuk",-10.727,-61.387,0,"Kr_Luna",19.534,-44.529,0,"소솨소솨",14.834,-61.575,0,"AI",35.7,-81.8,0,"AI",0,-100.6,0,"AI",-35.7,-81.8,0,2426.246,53.758,-58.201,0,0,"",0,0,0,0,0,0,0,0,0,3
78,3,0,2,0,1,2,2,0,0,1,255,255,14,41,2442.033,"_VILLAIN",R,0,29,84,0.343,0.185,0.126,1.928,-36.813,2,0,0,0,0,0,0,1,3,4,R,"인생최패망자",190,80,0.4,1,79,2443.415,241,12,45,87,50,135,89,-70.719,-54.385,-0.57,0.015,-0.027,0.064,0,0.439,0.226,-36.784,0,"눈꽃",-0.017,-17.126,0,"Sabo_10",-20.527,-47.726,0,"Pugeuk",-12.031,-62.498,0,"Kr_Luna",19.231,-45.279,0,"소솨소솨",15.103,-62.897,0,"AI",35.7,-81.8,0,"AI",0,-100.6,0,"AI",-35.7,-81.8,0,2443.291,0.591,-21.234,0,0,"",0,0,0,0,0,0,0,0,0,3
79,3,0,2,0,1,2,2,0,0,1,255,255,14,42,2464.521,"_VILLAIN",R,38,42,89,-2.604,0.578,-0.362,2.002,-36.52,1,0,0,0,0,0,0,0,3,4,R,"인생최패망자",190,80,0.4,0,79,0,0,0,0,0,0,0,0,0,0,0,0,0,0,0,0,-0.038,-37.126,0,"눈꽃",-0.085,-17.083,0,"Sabo_10",-18.6,-45.016,0,"Pugeuk",-10.541,-63.232,0,"Kr_Luna",18.548,-47.023,0,"소솨소솨",16.011,-63.042,0,"AI",35.7,-81.8,0,"AI",0,-100.6,0,"AI",-35.7,-81.8,0,0,0,0,0,0,"",0,0,0,0,0,0,0,0,0,0
80,3,0,2,0,2,2,2,0,0,1,255,255,14,43,2479.778,"_VILLAIN",R,14,56,89,-1.245,-0.42,-0.411,1.947,-36.576,2,0,315.91,312.328,0,0,0,1,3,4,R,"인생최패망자",190,80,0.4,0,79,2481.112,203,12,55,84,41,139,126,30.654,19.932,0.69,0.009,-0.061,0.077,0,0.402,-0.051,-36.759,0,"눈꽃",-0.078,-17.099,0,"Sabo_10",-19.527,-47.599,0,"Pugeuk",-11.238,-63.06,0,"Kr_Luna",17.958,-44.801,0,"소솨소솨",15.901,-62.956,0,"AI",35.7,-81.8,0,"AI",0,-100.6,0,"AI",-35.7,-81.8,0,2486.19,-41.431,-124.347,0,0,"",0,0,0,0,0,0,0,0,0,4
81,3,0,2,2,0,0,2,0,0,0,255,255,255,44,2532.647,"_VILLAIN",R,27,99,140,-2.051,-1.081,-0.206,1.594,-36.576,1,0,53.624,-100.289,2.414,0,0,0,4,1,R,"WhiteMountain",190,84,0.579,0,86,0,0,0,0,0,0,0,0,0,0,0,0,0,0,0,0,-0.03,-36.948,0,"눈꽃",-0.099,-17.043,0,"Sabo_10",-19.588,-47.66,0,"Pugeuk",-12.598,-62.937,0,"Kr_Luna",19.076,-46.755,0,"소솨소솨",14.821,-63.297,0,"AI",35.7,-81.8,0,"AI",0,-100.6,0,"AI",-35.7,-81.8,0,0,0,0,0,0,"",0,0,0,0,0,0,0,0,0,0
82,3,0,2,2,1,0,2,0,0,0,255,255,255,45,2548.27,"_VILLAIN",R,10,69,113,2.211,1.325,0.316,2.299,-37.116,1,0,0,400,30.372,0.179,-16.925,0,4,1,R,"WhiteMountain",190,84,0.579,0,86,0,0,0,0,0,0,0,0,0,0,0,0,0,0,0,0,0.098,-36.82,0,"눈꽃",0.281,-16.982,0,"Sabo_10",-19.911,-48.54,0,"Pugeuk",-12.504,-62.846,0,"Kr_Luna",18.943,-46.751,0,"소솨소솨",15.585,-62.953,0,"AI",35.7,-81.8,0,"AI",0,-100.6,0,"AI",-35.7,-81.8,0,0,0,0,0,0,"",0,0,0,0,0,0,0,0,0,0
83,3,0,2,2,2,0,2,0,0,0,255,255,255,46,2565.643,"_VILLAIN",R,28,70,124,3.109,1.223,0.282,2.039,-36.662,4,0,22.117,-83.079,4.984,0,0,1,4,1,R,"WhiteMountain",190,84,0.579,0,86,0,0,0,0,0,0,0,0,0,0,0,0,0,0,0,0,-0.061,-36.912,0,"눈꽃",-0.026,-17.057,0,"Sabo_10",-20.014,-48.611,0,"Pugeuk",-12.544,-62.876,0,"Kr_Luna",19.504,-48.931,0,"소솨소솨",14.167,-63.979,0,"AI",35.7,-81.8,0,"AI",0,-100.6,0,"AI",-35.7,-81.8,0,0,0,0,0,0,"",0,0,0,0,0,0,0,0,0,0
84,3,0,2,2,2,1,2,0,0,0,255,255,255,47,2593.189,"_VILLAIN",R,10,51,87,-0.552,-0.661,-0.104,1.971,-36.861,2,0,33.812,400,5.582,0,0,0,4,1,R,"WhiteMountain",190,84,0.579,5,86,2594.657,136,11,48,53,25,132,118,-12.22,11.381,0.77,-0.042,-0.082,0.088,0,0.399,-0.125,-36.929,0,"눈꽃",-0.028,-17.062,0,"Sabo_10",-19.884,-48.413,0,"Pugeuk",-12.631,-63.088,0,"Kr_Luna",18.488,-53.36,0,"소솨소솨",14.143,-64.154,0,"AI",35.7,-81.8,0,"AI",0,-100.6,0,"AI",-35.7,-81.8,0,2601.535,-15.649,-130.363,2606.802,5,"소솨소솨",-0.34,-60.779,1,0,0,0,0,0,0,2
85,3,0,2,2,0,0,2,0,1,0,255,10,255,48,2634.117,"_VILLAIN",R,10,33,79,0.508,0.321,0.211,2.24,-37.124,2,0,0,392.813,1.894,0,0,1,5,0,L,"하루（Haru）",190,85,0.549,0,86,2635.437,168,19,66,61,37,141,106,6.2,9.493,0.9,0.065,0.032,0,0.048,0.379,-0.161,-36.817,0,"눈꽃",-0.005,-16.995,0,"Sabo_10",-18.81,-47.607,0,"Pugeuk",-14.241,-62.751,0,"Kr_Luna",20.261,-47.082,0,"소솨소솨",14.834,-64.874,0,"AI",35.7,-81.8,0,"AI",0,-100.6,0,"AI",-35.7,-81.8,0,2636.835,-6.853,-62.233,2637.179,3,"Pugeuk",-6.829,-62.092,0,0,0,0,0,0,0,2
86,4,1,2,2,0,0,0,0,0,0,255,255,255,35,2685.053,"하루（Haru）",R,27,91,140,-1.825,-0.21,-0.182,1.767,-36.252,1,0,44.593,-122.73,10.174,0,0,0,0,5,R,"소솨소솨",165.6,80,0.5,0,86,0,0,0,0,0,0,0,0,0,0,0,0,0,0,0,0,-0.059,-37.057,0,"WhiteMountain",-0.199,-16.871,0,"Pring__",-21.881,-47.431,0,"_Chun",7.801,-62.217,0,"인생최패망자",16.73,-47.482,0,"-라후이-",-13.751,-62.667,0,"AI",35.7,-81.8,0,"ByeolBam",1.9,-111.231,0,"AI",-35.7,-81.8,0,0,0,0,0,0,"",0,0,0,0,0,0,0,0,0,0
87,4,1,2,2,1,0,0,0,0,0,255,255,255,36,2700.792,"하루（Haru）",R,34,89,140,0.309,0.23,0.003,1.839,-36.199,2,0,92.75,-91.561,9.042,0,0,1,0,5,R,"소솨소솨",165.6,80,0.5,2,86,2701.724,255,2,83,53,22,150,74,-55.993,17.833,-0.79,-0.055,-0.095,0.213,0,0.215,-0.299,-36.761,0,"WhiteMountain",-0.042,-16.79,0,"Pring__",-21.764,-47.292,0,"_Chun",8.498,-62.159,0,"인생최패망자",16.768,-47.479,0,"-라후이-",-13.675,-61.811,0,"AI",35.7,-81.8,0,"ByeolBam",5.651,-106.14,0,"AI",-35.7,-81.8,0,2701.579,-0.103,-19.632,2705.013,5,"-라후이-",-9.062,-48.361,0,0,0,0,0,0,0,2
88,4,1,2,2,0,0,1,0,0,0,255,255,255,37,2733.285,"하루（Haru）",R,10,59,107,-0.791,-2.118,-0.074,1.702,-36.364,4,0,0,400,-7.026,-0.106,-17.503,1,1,3,R,"Pugeuk",160,93.173,0.55,0,85,0,0,0,0,0,0,0,0,0,0,0,0,0,0,0,0,-0.772,-37.449,0,"WhiteMountain",-0.131,-17.018,0,"Pring__",-21.073,-45.763,0,"_Chun",-12.068,-60.994,0,"인생최패망자",15.83,-47.102,0,"-라후이-",11.502,-65.249,0,"AI",35.7,-81.8,0,"ByeolBam",-0.118,-108.805,0,"AI",-35.7,-81.8,0,0,0,0,0,0,"",0,0,0,0,0,0,0,0,0,0
89,4,1,2,2,0,1,1,0,0,0,255,255,255,38,2749.436,"하루（Haru）",R,27,90,140,-0.7,1.071,-0.081,1.939,-36.364,0,0,55.708,-136.307,11.231,0,0,1,1,3,R,"Pugeuk",160,93.173,0.55,0,85,0,0,0,0,0,0,0,0,0,0,0,0,0,0,0,0,-0.38,-37.366,0,"WhiteMountain",-0.1,-16.808,0,"Pring__",-21.689,-46.329,0,"_Chun",-12.009,-60.714,0,"인생최패망자",15.786,-44.924,0,"-라후이-",10.586,-64.96,0,"AI",35.7,-81.8,0,"ByeolBam",-0.425,-113.979,0,"AI",-35.7,-81.8,0,0,0,0,0,0,"",0,0,0,0,0,0,0,0,0,0
90,4,1,2,2,0,2,1,0,0,0,255,255,255,39,2762.499,"하루（Haru）",R,6,42,94,2.129,0.263,0.035,1.87,-36.445,2,0,347.6,0,-11.587,0,0,1,1,3,R,"Pugeuk",160,93.173,0.55,3,85,2763.489,215,11,94,63,47,150,72,-73.716,-20.332,-0.8,-0.051,-0.064,0.286,0,0.597,0.051,-37.186,0,"WhiteMountain",-0.041,-16.8,0,"Pring__",-21.385,-46.668,0,"_Chun",-11.445,-60.233,0,"인생최패망자",17.255,-48.263,0,"-라후이-",10.503,-64.194,0,"AI",35.7,-81.8,0,"ByeolBam",-0.263,-112.315,0,"AI",-35.7,-81.8,0,2763.313,0.457,-20.868,2765.824,0,"하루（Haru）",4.126,-30.952,0,0,0,0,0,0,0,2
91,4,1,2,2,0,0,2,0,0,0,255,255,255,40,2790.226,"하루（Haru）",R,3,40,91,-0.994,-0.214,0.105,1.794,-36.656,2,0,-395.682,0,-2.671,0,0,1,2,4,L,"Kr_Luna",190,94.523,0.497,5,85,2791.201,167,23,131,112,53,150,124,25.957,0.066,0.73,0.013,-0.029,0.115,0,0.095,-0.113,-36.893,0,"WhiteMountain",-0.022,-16.853,0,"Pring__",-17.184,-45.059,0,"_Chun",-11.969,-62.336,0,"인생최패망자",18.852,-45.733,0,"-라후이-",14.418,-64.212,0,"AI",35.7,-81.8,0,"ByeolBam",-0.96,-113.851,0,"AI",-35.7,-81.8,0,2795.157,7.113,-118.641,2795.402,7,"ByeolBam",6.806,-116.518,0,0,0,0,0,0,0,1
92,4,0,2,2,0,0,0,0,0,0,255,255,255,49,2826.319,"_VILLAIN",R,10,74,104,2.024,0.262,0.348,2.079,-36.699,2,0,-141.488,400,35.186,0,0,1,6,7,R,"ByeolBam",174.7,89.801,0.5,0,85,2827.406,187,16,62,43,27,139,91,-17.168,-13.072,-0.35,-0.023,-0.062,0.195,0,0.229,0.135,-36.969,0,"눈꽃",0.006,-17.077,0,"Sabo_10",-21.578,-48.438,0,"Pugeuk",-12.95,-65.647,0,"Kr_Luna",20.409,-47.103,0,"소솨소솨",14.263,-64.352,0,"AI",35.7,-81.8,0,"AI",0,-100.6,0,"AI",-35.7,-81.8,0,2827.302,1.099,-23.788,2829.413,5,"소솨소솨",9.284,-59.263,0,0,0,0,0,0,0,2
93,4,0,2,2,0,0,1,0,0,0,255,255,255,50,2861.339,"_VILLAIN",R,26,84,137,0.835,0.578,0.08,1.853,-36.519,2,0,-6.741,-200,26.317,0,0,1,0,5,R,"-라후이-",160,90,0.5,2,85,2862.171,23,2,5,2,2,1,27,105.302,-30.355,-0.61,-0.027,-0.072,0.013,0.988,0.348,-0.056,-37.103,0,"눈꽃",0.008,-17.063,0,"Sabo_10",-20.304,-48.271,0,"Pugeuk",-13.151,-61.885,0,"Kr_Luna",17.105,-46.924,0,"소솨소솨",12.415,-64.303,0,"AI",35.7,-81.8,0,"AI",0,-100.6,0,"AI",-35.7,-81.8,0,0,0,0,2865.068,1,"눈꽃",-2.519,-15.609,0,0,0,0,0,0,0,1
94,4,0,2,2,0,0,2,0,0,0,255,255,255,51,2886.385,"_VILLAIN",R,13,82,121,1.957,0.471,0.315,1.999,-36.673,1,0,-390.434,312.348,46.955,0.465,-17.594,0,1,3,L,"_Chun",160,80,0.452,0,85,0,0,0,0,0,0,0,0,0,0,0,0,0,0,0,0,0.094,-37.021,0,"눈꽃",-0.004,-17.052,0,"Sabo_10",-18.964,-44.86,0,"Pugeuk",-9.995,-59.861,0,"Kr_Luna",17.72,-47.344,0,"소솨소솨",15.581,-63.121,0,"AI",35.7,-81.8,0,"AI",0,-100.6,0,"AI",-35.7,-81.8,0,0,0,0,0,0,"",0,0,0,0,0,0,0,0,0,0
95,4,0,2,2,1,0,2,0,0,0,255,255,255,52,2899.723,"_VILLAIN",R,10,85,128,-1.05,-2.365,-0.098,1.629,-36.634,1,0,0,400,43.014,0,0,0,1,3,L,"_Chun",160,80,0.452,0,85,0,0,0,0,0,0,0,0,0,0,0,0,0,0,0,0,0.057,-37.162,0,"눈꽃",-0.015,-16.955,0,"Sabo_10",-19.378,-45.953,0,"Pugeuk",-10.051,-59.917,0,"Kr_Luna",17.767,-47.316,0,"소솨소솨",15.665,-63.514,0,"AI",35.7,-81.8,0,"AI",0,-100.6,0,"AI",-35.7,-81.8,0,0,0,0,0,0,"",0,0,0,0,0,0,0,0,0,0
96,4,0,2,2,2,0,2,0,0,0,255,255,255,53,2911.693,"_VILLAIN",R,10,65,110,3.442,2.145,0.267,2.306,-37.062,1,0,118.076,400,37.155,0,0,0,1,3,L,"_Chun",160,80,0.452,0,85,0,0,0,0,0,0,0,0,0,0,0,0,0,0,0,0,0.165,-37.15,0,"눈꽃",0.008,-16.873,0,"Sabo_10",-19.43,-45.952,0,"Pugeuk",-10.044,-59.85,0,"Kr_Luna",17.779,-47.274,0,"소솨소솨",16.055,-63.381,0,"AI",35.7,-81.8,0,"AI",0,-100.6,0,"AI",-35.7,-81.8,0,0,0,0,0,0,"",0,0,0,0,0,0,0,0,0,0
97,4,0,2,2,3,0,2,0,0,0,255,255,255,54,2923.332,"_VILLAIN",R,28,80,132,0.142,0.039,0.01,1.72,-36.467,2,0,25.218,-54.403,6.574,0,0,1,1,3,L,"_Chun",160,80,0.452,0,85,2924.357,117,15,57,45,16,135,122,-30,-2.796,0.57,-0.013,-0.019,0.238,0,0.147,-0.099,-36.991,0,"눈꽃",-0.06,-17.064,0,"Sabo_10",-19.355,-45.824,0,"Pugeuk",-10.25,-59.885,85,"Kr_Luna",17.66,-47.375,0,"소솨소솨",15.261,-63.084,0,"AI",35.7,-81.8,0,"AI",0,-100.6,0,"AI",-35.7,-81.8,0,2928.368,6.819,-94.778,2931.713,3,"Pugeuk",0.216,-60.34,1,0,0,0,0,0,0,2
98,4,0,2,2,0,0,2,1,0,0,12,255,255,56,2951.857,"_VILLAIN",R,27,83,136,-0.04,-0.446,-0.033,1.713,-36.542,0,0,99.116,-142.592,14.323,0,0,0,2,2,L,"Pring__",179.642,95.172,0.477,0,85,0,0,0,0,0,0,0,0,0,0,0,0,0,0,0,0,-0.108,-37.129,0,"눈꽃",0.003,-17.032,0,"Sabo_10",-19.161,-44.333,0,"Pugeuk",-9.805,-61.873,0,"Kr_Luna",19.38,-48.306,0,"소솨소솨",15.596,-63.011,0,"AI",35.7,-81.8,0,"AI",0,-100.6,0,"AI",-35.7,-81.8,0,0,0,0,0,0,"",0,0,0,0,0,0,0,0,0,0
99,4,0,2,2,0,1,2,1,0,0,12,255,255,57,2967.15,"_VILLAIN",R,26,96,140,-1.377,-1.828,-0.146,1.46,-36.371,4,0,64.005,-200,14.451,0,0,0,2,2,L,"Pring__",179.642,95.172,0.477,0,85,0,0,0,0,0,0,0,0,0,0,0,0,0,0,0,0,-0.109,-37.109,0,"눈꽃",-0.5,-18.192,0,"Sabo_10",-18.235,-45.791,90,"Pugeuk",-6.984,-61.265,0,"Kr_Luna",19.634,-48.211,0,"소솨소솨",15.148,-63.557,0,"AI",35.7,-81.8,0,"AI",0,-100.6,0,"AI",-35.7,-81.8,0,0,0,0,0,0,"",0,0,0,0,0,0,0,0,0,0
100,4,0,2,2,0,2,2,0,1,0,255,12,255,58,3018.872,"_VILLAIN",R,38,47,92,1.555,0.563,0.216,1.976,-36.643,2,0,0,0,0,0,0,0,2,2,L,"Pring__",179.642,95.172,0.477,3,85,3019.875,145,19,40,85,56,120,92,90.27,87.282,0.82,-0.006,-0.021,0.18,0,0.414,0.035,-36.917,0,"눈꽃",-0.067,-17.212,0,"Sabo_10",-20.067,-46.88,0,"Pugeuk",-5.869,-62.853,0,"Kr_Luna",19.474,-45.876,0,"소솨소솨",15.523,-63.732,0,"AI",35.7,-81.8,0,"AI",0,-100.6,0,"AI",-35.7,-81.8,0,3026.257,12.816,-13.453,3026.502,1,"눈꽃",12.61,-13.583,0,0,0,0,0,0,0,1
101,5,1,2,2,0,0,0,0,0,0,255,255,255,41,3070.069,"하루（Haru）",R,27,86,140,1.035,1.241,0.07,2.01,-36.426,2,0,91.334,-131.504,9.631,0,0,1,3,2,L,"Sabo_10",179.7,92,0.499,2,85,3071.179,170,10,117,50,16,150,115,28.486,-42.874,0.31,0.006,-0.014,0.271,0,0.357,-0.062,-36.867,0,"WhiteMountain",-0.035,-16.837,0,"Pring__",-22.75,-48.538,0,"_Chun",-10.753,-62.894,0,"인생최패망자",19.089,-45.367,0,"-라후이-",14.387,-63.18,0,"AI",35.7,-81.8,0,"ByeolBam",-0.279,-114.563,0,"AI",-35.7,-81.8,0,3075.624,82.028,-78.778,0,0,"",0,0,0,0,0,0,0,0,0,3
102,5,1,2,2,0,1,0,0,0,0,255,255,255,42,3091.133,"하루（Haru）",R,12,43,102,0.907,-0.644,0.119,1.79,-36.722,2,0,0,68.618,-5.399,0,0,1,3,2,L,"Sabo_10",179.7,92,0.499,2,85,3092.308,173,12,87,102,43,150,69,-0.023,-41.62,0.96,0.036,-0.151,0.152,0,0.562,0.079,-37.042,0,"WhiteMountain",-0.023,-16.865,0,"Pring__",-21.658,-46.855,0,"_Chun",-12.632,-61.043,0,"인생최패망자",19.568,-45.787,0,"-라후이-",15.862,-63.074,0,"AI",35.7,-81.8,0,"ByeolBam",6.423,-109.246,0,"AI",-35.7,-81.8,0,3092.591,8.146,-29.874,3093.868,4,"인생최패망자",17.805,-39.739,0,0,0,0,0,0,0,2
103,5,1,2,2,0,0,1,0,0,0,255,255,255,43,3124.078,"하루（Haru）",R,12,53,109,-0.104,-0.034,0.009,1.917,-36.479,2,0,0,121.02,-4.975,0,0,1,4,1,L,"눈꽃",190,89.906,0.496,0,85,3125.284,121,17,40,97,32,115,79,58.557,-32.795,-0.42,-0.006,-0.019,0.06,0,0.26,-0.683,-36.857,0,"WhiteMountain",-0.024,-16.844,0,"Pring__",-22.295,-48.363,0,"_Chun",-13.773,-59.824,0,"인생최패망자",19.514,-45.617,0,"-라후이-",11.424,-65.118,0,"AI",35.7,-81.8,0,"ByeolBam",-0.599,-111.956,0,"AI",-35.7,-81.8,0,0,0,0,3130.235,4,"인생최패망자",25.305,-57.514,0,0,0,0,0,0,0,1
104,5,1,2,2,0,0,2,0,0,0,255,255,255,44,3160.322,"하루（Haru）",R,27,87,140,-0.786,0.494,-0.088,1.893,-36.308,0,0,54.339,-130.261,9.753,0,0,1,5,0,R,"_VILLAIN",190,99.69,0.398,0,85,0,0,0,0,0,0,0,0,0,0,0,0,0,0,0,0,0.046,-37.027,0,"WhiteMountain",-0.083,-16.719,0,"Pring__",-17.356,-43.421,0,"_Chun",-13.867,-60.853,0,"인생최패망자",14.889,-47.222,0,"-라후이-",10.37,-63.277,0,"AI",35.7,-81.8,0,"ByeolBam",-0.101,-103.559,0,"AI",-35.7,-81.8,0,0,0,0,0,0,"",0,0,0,0,0,0,0,0,0,0
105,5,1,2,2,0,1,2,0,0,0,255,255,255,45,3178.369,"하루（Haru）",R,3,42,92,-1.598,-0.558,0.033,1.854,-36.685,2,0,-362.653,248.969,4.627,0,0,1,5,0,R,"_VILLAIN",190,99.69,0.398,2,85,3179.548,93,11,63,103,33,129,66,-30,47.923,0.96,0.003,-0.015,0.074,0.048,0.29,-0.336,-36.96,0,"WhiteMountain",-0.057,-16.859,0,"Pring__",-17.207,-43.273,0,"_Chun",-13.759,-60.301,0,"인생최패망자",16.874,-48.351,0,"-라후이-",10.351,-63.215,0,"AI",35.7,-81.8,0,"ByeolBam",-0.127,-107.385,0,"AI",-35.7,-81.8,0,3179.346,-1.795,-22.41,0,0,"",0,0,0,0,0,0,0,0,0,3
106,5,1,2,2,1,2,2,0,0,0,255,255,255,46,3201.933,"하루（Haru）",R,0,0,0,0,0,0,0,0,0,0,0,0,0,0,0,0,5,0,R,"_VILLAIN",190,99.69,0.398,0,44,0,0,0,0,0,0,0,0,0,0,0,0,0,0,0,0,0,0,0,"",0,0,0,"",0,0,0,"",0,0,0,"",0,0,0,"",0,0,0,"",0,0,0,"",0,0,0,"",0,0,0,0,0,0,0,0,"",0,0,0,0,0,0,0,0,0,0
107,5,1,2,2,1,2,2,0,0,0,255,255,255,47,3223.406,"하루（Haru）",R,0,45,105,-0.077,-0.323,-0.061,1.824,-36.755,2,0,0,0,1.372,0,0,1,5,0,R,"_VILLAIN",190,99.69,0.398,2,44,3224.451,172,17,196,84,33,150,96,-13.085,0.275,-0.04,-0.038,-0.041,0.19,0.048,0.259,-0.444,-37.115,0,"WhiteMountain",-0.064,-16.845,0,"Pring__",-19.378,-45.646,0,"_Chun",-13.106,-60.54,0,"인생최패망자",16.529,-47.508,0,"-라후이-",9.558,-65.571,0,"AI",35.7,-81.8,0,"ByeolBam",-1.123,-110.811,0,"AI",-35.7,-81.8,0,3224.268,-0.05,-24.572,3226.413,5,"-라후이-",2.406,-62.251,0,0,0,0,0,0,0,2
108,5,0,2,2,0,0,0,0,0,0,255,255,255,58,3258.487,"_VILLAIN",R,0,72,111,0.792,-0.587,0.11,1.65,-36.617,2,0,0,0,0,0,0,1,3,4,R,"인생최패망자",190,80,0.4,5,85,3259.62,144,13,47,64,78,132,107,26.769,1.965,0.06,-0.029,-0.113,0.064,0,0.404,0.042,-37.09,0,"눈꽃",-0.014,-16.983,0,"Sabo_10",-21.587,-52.401,0,"Pugeuk",-14.993,-63.103,0,"Kr_Luna",19.077,-47.542,0,"소솨소솨",13.664,-64.175,0,"AI",35.702,-81.802,0,"AI",0,-100.603,0,"甲斐野柊太",-36.614,-86.474,0,3264.068,-11.016,-111.565,3267.479,3,"Pugeuk",-7.846,-87.494,0,0,0,0,0,0,0,1
109,5,0,2,2,0,0,1,0,0,0,255,255,255,59,3294.569,"_VILLAIN",R,3,54,89,2.148,0.264,0.562,1.912,-36.744,1,0,-339.509,0,0,0,0,0,4,1,R,"WhiteMountain",190,84,0.579,0,85,0,0,0,0,0,0,0,0,0,0,0,0,0,0,0,0,0.292,-36.949,0,"눈꽃",-0.025,-16.929,0,"Sabo_10",-22.962,-51.513,0,"Pugeuk",-13.04,-64.163,0,"Kr_Luna",20.374,-50.489,0,"소솨소솨",13.362,-64.737,0,"AI",35.702,-81.802,0,"AI",0,-100.602,0,"甲斐野柊太",-37.337,-89.221,0,0,0,0,0,0,"",0,0,0,0,0,0,0,0,0,0
110,5,0,2,2,1,0,1,0,0,0,255,255,255,60,3309.707,"_VILLAIN",R,0,91,140,1.978,0.798,0.184,1.984,-36.633,4,0,0,0,0,0.923,-17.409,1,4,1,R,"WhiteMountain",190,84,0.579,0,85,0,0,0,0,0,0,0,0,0,0,0,0,0,0,0,0,-0.021,-37.197,0,"눈꽃",-0.029,-16.992,0,"Sabo_10",-23.807,-50.008,0,"Pugeuk",-13.352,-64.32,0,"Kr_Luna",20.154,-51.737,0,"소솨소솨",12.899,-63.783,0,"AI",35.7,-81.8,0,"AI",0,-100.6,0,"甲斐野柊太",-37.4,-89.225,0,0,0,0,0,0,"",0,0,0,0,0,0,0,0,0,0
111,5,0,2,2,1,1,1,0,0,0,255,255,255,61,3326.035,"_VILLAIN",R,26,85,139,1.035,1.075,0.074,1.982,-36.756,4,0,77.047,-200,32.25,0,0,1,4,1,R,"WhiteMountain",190,84,0.579,0,85,0,0,0,0,0,0,0,0,0,0,0,0,0,0,0,0,0.127,-37.603,0,"눈꽃",-0.033,-16.98,0,"Sabo_10",-22.74,-50.08,0,"Pugeuk",-13.396,-64.378,0,"Kr_Luna",20.314,-50.745,0,"소솨소솨",13.094,-64.12,0,"AI",35.702,-81.802,0,"AI",0,-100.602,0,"甲斐野柊太",-37.443,-89.369,0,0,0,0,0,0,"",0,0,0,0,0,0,0,0,0,0
112,5,0,2,2,1,2,1,0,0,0,255,255,255,62,3340.267,"_VILLAIN",R,13,64,94,1.154,-0.259,0.379,2.058,-36.858,0,0,-280.427,377.242,49.291,0,0,1,4,1,R,"WhiteMountain",190,84,0.579,0,85,0,0,0,0,0,0,0,0,0,0,0,0,0,0,0,0,0.091,-37.202,0,"눈꽃",-0.031,-17.143,0,"Sabo_10",-22.894,-50.885,0,"Pugeuk",-12.03,-64.064,0,"Kr_Luna",20.465,-50.582,0,"소솨소솨",12.939,-64.03,0,"AI",35.7,-81.8,0,"AI",0,-100.6,0,"甲斐野柊太",-37.633,-89.633,0,0,0,0,0,0,"",0,0,0,0,0,0,0,0,0,0
113,5,0,2,2,0,0,2,0,0,0,255,255,255,63,3366.977,"_VILLAIN",R,14,80,119,-0.247,1.816,-0.083,2.327,-36.904,1,0,164.687,400,31.59,0.212,-17.785,0,5,0,R,"하루（Haru）",190,85,0.549,0,85,0,0,0,0,0,0,0,0,0,0,0,0,0,0,0,0,0.036,-37.03,0,"눈꽃",-0.132,-16.916,0,"Sabo_10",-21.795,-49.22,0,"Pugeuk",-12.295,-62.665,0,"Kr_Luna",16.848,-56.536,0,"소솨소솨",7.255,-66.629,0,"AI",35.7,-81.8,0,"AI",0,-100.6,0,"甲斐野柊太",-37.762,-87.268,0,0,0,0,0,0,"",0,0,0,0,0,0,0,0,0,0
114,5,0,2,2,1,0,2,0,0,0,255,255,255,64,3383.346,"_VILLAIN",R,14,64,107,1.127,0.757,-0.059,2.134,-36.747,4,0,343.884,353.582,19.781,-0.434,-20.921,1,5,0,R,"하루（Haru）",190,85,0.549,0,85,0,0,0,0,0,0,0,0,0,0,0,0,0,0,0,0,0.066,-37.249,0,"눈꽃",-0.066,-16.961,0,"Sabo_10",-22.151,-50.455,0,"Pugeuk",-15.213,-63.087,0,"Kr_Luna",16.675,-56.772,0,"소솨소솨",6.602,-67.38,0,"AI",35.7,-81.8,0,"AI",0,-100.6,0,"甲斐野柊太",-37.679,-87.412,0,0,0,0,0,0,"",0,0,0,0,0,0,0,0,0,0
115,5,0,2,2,1,1,2,0,0,0,255,255,255,65,3403.257,"_VILLAIN",R,13,76,115,0.121,0.106,0.107,1.999,-36.664,2,0,-260.142,400,37.16,0,0,1,5,0,R,"하루（Haru）",190,85,0.549,0,85,3404.293,215,16,106,61,27,150,95,-1.089,29.184,-0.57,-0.027,-0.041,0.207,0.048,0.344,-0.045,-36.972,0,"눈꽃",0.001,-16.997,0,"Sabo_10",-22.091,-51.165,0,"Pugeuk",-15.303,-63.448,0,"Kr_Luna",16.83,-56.663,0,"소솨소솨",6.992,-66.797,0,"AI",35.702,-81.802,0,"AI",0,-100.602,0,"甲斐野柊太",-37.846,-87.617,0,3404.524,-7.429,-33.889,3407.424,8,"甲斐野柊太",-30.171,-74.6,0,0,0,0,0,0,0,2
116,6,1,2,2,0,0,0,0,0,0,255,255,255,48,3454.675,"하루（Haru）",R,27,91,140,-1.865,-0.4,-0.186,1.718,-36.303,2,0,54.509,-134.756,10.912,0,0,1,6,8,R,"甲斐野柊太",190,80,0.2,3,85,3455.734,255,20,104,80,0,150,60,22.066,4.789,1,-0.01,-0.041,0.111,0.048,0.094,0.234,-37.038,0,"WhiteMountain",-0.083,-16.886,0,"Pring__",-14.067,-39.997,0,"_Chun",-11.305,-61.226,0,"인생최패망자",13.734,-39.485,0,"-라후이-",11.043,-66.522,0,"AI",35.7,-81.8,0,"ByeolBam",-0.155,-104.628,0,"AI",-35.7,-81.8,0,3458.313,-3.272,-53.829,3459.046,2,"Pring__",-4.437,-56.282,0,0,0,0,0,0,0,2
117,6,1,2,2,0,0,1,0,0,0,255,255,255,49,3487.888,"하루（Haru）",R,10,57,106,-0.346,-2.15,-0.032,1.68,-36.378,2,0,0,400,-4.364,0,0,1,0,5,R,"소솨소솨",165.6,80,0.5,2,49,3488.963,255,19,79,65,76,150,99,-30,26.148,0.09,-0.028,-0.082,0.071,0,0.452,0.03,-36.742,0,"WhiteMountain",-0.087,-16.89,0,"Pring__",-21.377,-47.051,0,"_Chun",-12.754,-59.332,0,"인생최패망자",12.912,-39.314,0,"-라후이-",9.672,-63.75,0,"AI",35.7,-81.8,0,"ByeolBam",-0.375,-108.142,0,"AI",-35.7,-81.8,0,3488.635,-0.237,-20.782,3491.413,2,"Sabo_10",-17.104,-55.276,0,0,0,0,0,0,0,2
118,6,1,2,2,0,0,2,0,0,0,255,255,255,50,3544.269,"하루（Haru）",R,14,41,91,1.601,-1.722,0.004,1.755,-36.365,4,0,314.392,324.922,-46.81,0.373,-21.053,1,1,3,R,"Pugeuk",160,93.173,0.55,3,70,3547.022,76,17,0,0,0,2,5,-86.918,-79.054,-0.41,0.051,0.024,0.152,0,0.651,-0.396,-37.132,0,"WhiteMountain",-0.044,-16.878,0,"Pring__",-20.31,-43.558,0,"_Chun",-9.714,-58.397,0,"인생최패망자",12.156,-36.698,0,"-라후이-",9.922,-62.45,0,"AI",35.7,-81.8,0,"ByeolBam",-0.523,-105.003,0,"それいゆ るな",-39.893,-87.881,0,0,0,0,3556.613,2,"Pring__",0.169,-37.291,0,0,0,0,0,0,0,0
119,6,1,2,2,0,1,2,0,0,0,255,255,255,51,3566.013,"하루（Haru）",R,13,54,101,-2.014,-1.746,-0.037,1.728,-36.249,2,0,-358.49,312.348,-9.736,0,0,1,1,3,R,"Pugeuk",160,93.173,0.55,3,70,3566.948,184,18,112,95,52,150,89,26.096,46.909,0.89,-0.053,-0.12,0.252,0,0.654,-0.225,-36.945,0,"WhiteMountain",-0.057,-16.902,0,"Pring__",-21.062,-46.408,0,"_Chun",-11.658,-61.343,0,"인생최패망자",12.226,-37.134,0,"-라후이-",13.594,-63.858,0,"AI",35.7,-81.8,0,"ByeolBam",-0.034,-108.22,0,"それいゆ るな",-42,-85.801,0,3570.146,-49.413,-62.555,0,0,"",0,0,0,0,0,0,0,0,0,2
120,6,1,2,2,0,2,2,0,0,0,255,255,255,52,3593.765,"하루（Haru）",R,27,88,140,0.375,1.905,-0.045,2.031,-36.335,2,0,59.089,-125.369,8.195,0,0,1,1,3,R,"Pugeuk",160,93.173,0.55,3,70,3594.529,104,7,79,14,7,126,74,-21.379,34.946,-0.03,-0.013,0.058,0.218,0,0.523,-0.552,-36.602,0,"WhiteMountain",-0.039,-16.94,0,"Pring__",-21.828,-47.278,0,"_Chun",-13.452,-59.602,0,"인생최패망자",10.375,-36.077,0,"-라후이-",12.138,-64.312,0,"AI",35.7,-81.8,0,"ByeolBam",-0.944,-106.613,0,"それいゆ るな",-45.753,-89.364,0,3594.357,-2.174,-22.453,3596.068,2,"Pring__",-16.925,-43.209,0,0,0,0,0,0,0,2
121,6,0,2,2,0,0,0,0,0,0,255,255,255,66,3633.424,"_VILLAIN",R,38,47,91,1.711,1.153,0.238,2.117,-36.727,1,0,0,0,0,0,0,0,6,7,R,"ByeolBam",175.4,84.801,0.5,0,85,0,0,0,0,0,0,0,0,0,0,0,0,0,0,0,0,0.208,-36.94,0,"눈꽃",-0.012,-16.921,0,"Sabo_10",-23.582,-52.178,0,"Pugeuk",-11.466,-63.566,0,"Kr_Luna",19.202,-51.476,0,"소솨소솨",12.527,-65.521,0,"AI",35.7,-81.8,0,"AI",0,-100.6,0,"甲斐野柊太",-35.538,-80.198,0,0,0,0,0,0,"",0,0,0,0,0,0,0,0,0,0
122,6,0,2,2,1,0,0,0,0,0,255,255,255,67,3644.894,"_VILLAIN",R,14,80,106,-0.123,-1.038,-0.243,1.762,-36.428,2,0,376.237,312.348,0,0,0,1,6,7,R,"ByeolBam",175.4,84.801,0.5,0,85,3646.011,224,7,87,57,24,150,122,-22.467,9.049,0.74,-0.043,-0.116,0.237,0,0.174,-0.253,-37.055,0,"눈꽃",-0.026,-16.921,0,"Sabo_10",-23.505,-52.08,0,"Pugeuk",-11.525,-63.596,0,"Kr_Luna",19.265,-51.567,0,"소솨소솨",13.649,-65.689,0,"AI",35.7,-81.8,0,"AI",0,-100.6,0,"甲斐野柊太",-39.156,-85.901,0,3645.691,-0.205,-21.388,3647.757,2,"Pring__",-9.435,-62.519,0,0,0,0,0,0,0,2
123,6,0,2,2,0,0,1,0,0,0,255,255,255,68,3673.792,"_VILLAIN",R,3,60,93,3.012,-0.747,0.633,1.779,-36.902,3,0,-368.457,86.231,0,-0.006,-20.408,0,7,8,R,"それいゆ るな",172.191,89.534,0.45,0,85,0,0,0,0,0,0,0,0,0,0,0,0,0,0,0,0,0.207,-37.029,0,"눈꽃",-0.065,-16.98,0,"Sabo_10",-22.813,-48.973,0,"Pugeuk",-13.497,-62.409,0,"Kr_Luna",18.744,-50.546,0,"소솨소솨",10.83,-65.107,0,"AI",35.7,-81.8,0,"AI",0,-100.6,0,"甲斐野柊太",-36.099,-82.049,0,0,0,0,0,0,"",0,0,0,0,0,0,0,0,0,6
124,6,0,2,2,0,0,1,0,0,0,255,255,255,69,3755.912,"_VILLAIN",R,38,47,92,-3.81,1.423,-0.231,2.256,-36.985,1,0,0,0,0,-0.922,-12.797,0,0,5,R,"-라후이-",160,90,0.5,0,91,0,0,0,0,0,0,0,0,0,0,0,0,0,0,0,0,-0.046,-37.419,0,"눈꽃",-0.132,-16.913,0,"Sabo_10",-21.054,-49.845,0,"Pugeuk",-15.007,-61.418,0,"Kr_Luna",18.724,-50.59,0,"소솨소솨",11.464,-65.192,0,"AI",35.7,-81.8,0,"AI",0,-100.6,0,"甲斐野柊太",-36.5,-82.706,0,0,0,0,0,0,"",0,0,0,0,0,0,0,0,0,0
125,6,0,2,2,1,0,1,0,0,0,255,255,255,70,3773.865,"_VILLAIN",R,26,85,138,1.947,1.012,0.167,1.92,-36.639,2,0,47.983,-169.994,0,0,0,1,0,5,R,"-라후이-",160,90,0.5,2,91,3774.704,159,20,84,49,17,145,93,94.385,-81.874,0.14,-0.015,-0.057,0.163,0,0.043,0.052,-36.977,0,"눈꽃",-0.035,-16.927,0,"Sabo_10",-22.603,-51.358,0,"Pugeuk",-14.943,-61.565,0,"Kr_Luna",18.888,-51.021,0,"소솨소솨",12.156,-65.503,0,"AI",35.7,-81.8,0,"AI",0,-100.6,0,"甲斐野柊太",-34.998,-79.69,0,0,0,0,0,0,"",0,0,0,0,0,0,0,0,0,3
126,6,0,2,2,1,1,1,0,0,0,255,255,255,71,3792.285,"_VILLAIN",R,27,91,140,2.046,-0.193,0.116,1.796,-36.588,2,0,46.747,-110.784,0,0,0,1,0,5,R,"-라후이-",160,90,0.5,2,91,3793.118,197,12,116,53,34,150,75,27.702,38.383,-0.63,-0.009,-0.059,0.216,0,0.053,-0.112,-37.121,0,"눈꽃",0.006,-16.936,0,"Sabo_10",-22.931,-51.41,0,"Pugeuk",-15.209,-62.232,0,"Kr_Luna",18.86,-51,0,"소솨소솨",11.093,-66.04,0,"AI",35.7,-81.8,0,"AI",0,-100.6,0,"甲斐野柊太",-34.566,-80.142,0,3796.402,-36.982,-59.9,3797.724,0,"Pring__",-41.786,-71.084,1,0,0,0,0,0,0,2
127,6,0,2,2,0,0,1,1,0,0,14,255,255,72,3826.322,"_VILLAIN",R,26,79,130,0.616,4.094,0.072,2.329,-36.738,1,0,-43.847,-200,0,0,0,0,1,3,L,"_Chun",160,107,0.452,0,84,0,0,0,0,0,0,0,0,0,0,0,0,0,0,0,0,0.146,-37.059,0,"눈꽃",-0.013,-16.846,0,"Sabo_10",-19.348,-41.958,0,"Pugeuk",-6.364,-53.359,0,"Kr_Luna",14.716,-41.641,0,"소솨소솨",3.771,-31.85,0,"AI",35.7,-81.8,0,"AI",0,-100.6,0,"甲斐野柊太",-30.459,-79.364,0,0,0,0,0,0,"",0,0,0,0,0,0,0,0,0,0
128,6,0,2,2,1,0,1,0,1,0,255,14,255,73,3847.06,"_VILLAIN",R,26,80,132,3.256,1.23,0.276,1.948,-36.539,2,0,88.524,-168.95,0,0,0,1,1,3,L,"_Chun",160,107,0.452,0,84,3848.022,8,1,14,6,3,1,30,5.765,17.013,0.87,0.021,0.007,0.016,1,0.458,0.066,-37.051,0,"눈꽃",0.004,-17.147,0,"Sabo_10",-17.656,-43.612,103,"Pugeuk",-5.547,-61.341,0,"Kr_Luna",16.728,-44.583,0,"소솨소솨",7.235,-38,92,"AI",35.7,-81.8,0,"AI",0,-100.6,0,"甲斐野柊太",-28.637,-78.509,0,3848.546,-1.538,-27.585,3850.201,0,"Pring__",0.124,-33.888,0,1,0,0,0,0,0,2
129,7,1,2,2,0,0,0,0,0,0,255,255,255,53,3930.737,"Pring__",R,10,71,102,1.372,1.034,0.193,1.847,-36.564,1,0,-128.759,400,0,0.635,-16.883,0,2,4,L,"Kr_Luna",190,94.523,0.497,0,84,0,0,0,0,0,0,0,0,0,0,0,0,0,0,0,0,-0.004,-37.778,0,"WhiteMountain",0.07,-16.763,0,"하루（Haru）",-17.963,-44.576,0,"_Chun",-10.944,-60.252,0,"인생최패망자",18.765,-45.329,0,"-라후이-",13.361,-62.629,0,"AI",35.7,-81.8,0,"ByeolBam",4.515,-107.681,0,"それいゆ るな",-39.501,-86.84,0,0,0,0,0,0,"",0,0,0,0,0,0,0,0,0,0
130,7,1,2,2,1,0,0,0,0,0,255,255,255,54,3951.599,"Pring__",R,32,66,121,2.868,-0.133,0.196,1.378,-36.618,1,0,179.783,-19.693,0,0,0,0,2,4,L,"Kr_Luna",190,94.523,0.497,0,84,0,0,0,0,0,0,0,0,0,0,0,0,0,0,0,0,-0.25,-37.88,0,"WhiteMountain",-0.029,-16.461,0,"하루（Haru）",-18.003,-45.178,0,"_Chun",-11.099,-59.984,0,"인생최패망자",18.449,-44.026,0,"-라후이-",12.975,-63.078,0,"AI",35.7,-81.8,0,"ByeolBam",2.222,-111.027,0,"それいゆ るな",-39.559,-86.854,0,0,0,0,0,0,"",0,0,0,0,0,0,0,0,0,0
131,7,1,2,2,2,0,0,0,0,0,255,255,255,55,3968.318,"Pring__",R,32,79,130,-0.882,-0.331,-0.158,1.347,-36.314,0,0,250,-117.514,0,0,0,1,2,4,L,"Kr_Luna",190,94.523,0.497,0,84,0,0,0,0,0,0,0,0,0,0,0,0,0,0,0,0,-0.44,-37.375,0,"WhiteMountain",-0.069,-16.447,0,"하루（Haru）",-18.057,-44.308,0,"_Chun",-10.721,-60.144,0,"인생최패망자",18.438,-44.471,0,"-라후이-",14.199,-63.483,0,"AI",35.7,-81.8,0,"ByeolBam",0.427,-109.762,0,"それいゆ るな",-39.522,-86.832,0,0,0,0,0,0,"",0,0,0,0,0,0,0,0,0,0
132,7,1,2,2,2,1,0,0,0,0,255,255,255,56,3982.084,"Pring__",R,32,79,130,0.384,0.497,-0.032,1.498,-36.38,2,0,196.783,-115.113,0,0,0,1,2,4,L,"Kr_Luna",190,94.523,0.497,0,84,3982.929,142,21,116,69,34,150,115,29.637,-27.346,0.82,0.005,-0.02,0.211,0,0.043,-0.568,-37.009,0,"WhiteMountain",-0.079,-16.485,0,"하루（Haru）",-18.259,-45.487,0,"_Chun",-10.25,-60.94,0,"인생최패망자",18.679,-44.645,0,"-라후이-",11.788,-65.38,0,"AI",35.7,-81.8,0,"ByeolBam",0.066,-113.981,0,"それいゆ るな",-39.584,-86.855,0,3987.946,54.672,-103.185,3991.813,-1,"세잎 c191",31.634,-82.579,1,0,0,0,0,0,0,2
133,7,1,2,2,0,0,0,0,1,0,255,4,255,57,4024.789,"Pring__",R,14,63,94,1.556,-0.351,0.023,1.606,-36.339,2,0,286.201,371.256,-18.63,0,0,1,3,2,L,"Sabo_10",179.7,92,0.499,2,84,4026.059,213,12,66,75,45,144,71,24.352,-27.574,0.96,0.022,-0.066,0.181,0,0.514,0.005,-37.195,0,"WhiteMountain",-0.022,-16.67,0,"하루（Haru）",-16.48,-48.078,0,"_Chun",-3.782,-61.233,0,"인생최패망자",18.866,-45.645,0,"-라후이-",14.9,-63.504,0,"AI",35.7,-81.8,0,"ByeolBam",5.496,-105.683,0,"それいゆ るな",-37.728,-88.155,0,4028.857,25.153,-62.198,4033.969,8,"それいゆ るな",0.275,-59.436,1,0,0,0,0,0,0,2
134,7,1,2,2,0,0,0,1,1,0,2,4,255,58,4060.259,"Pring__",R,3,63,97,2.24,0.398,0.485,1.531,-36.559,1,0,-329.888,0.509,-9.261,-0.275,-10.573,0,4,0,L,"눈꽃",190,84.906,0.496,0,84,0,0,0,0,0,0,0,0,0,0,0,0,0,0,0,0,-0.053,-37.214,0,"WhiteMountain",0.045,-16.79,0,"하루（Haru）",-17.849,-45.61,0,"_Chun",-0.103,-60.762,0,"인생최패망자",18.358,-41.262,0,"-라후이-",13.226,-59.75,0,"AI",35.7,-81.8,0,"ByeolBam",3.766,-99.077,0,"それいゆ るな",-39.016,-94.52,0,0,0,0,0,0,"",0,0,0,0,0,0,0,0,0,0
135,7,1,2,2,1,0,0,1,0,1,2,255,4,59,4087.249,"Pring__",R,13,74,102,-1.917,-0.571,-0.045,1.482,-36.286,4,0,-357.428,318.464,13.675,0,0,1,4,0,L,"눈꽃",190,84.906,0.496,0,84,0,0,0,0,0,0,0,0,0,0,0,0,0,0,0,0,-0.235,-37.475,0,"WhiteMountain",-0.104,-16.901,0,"하루（Haru）",-17.065,-44.335,0,"_Chun",-8.07,-61.563,0,"인생최패망자",17.984,-41.667,0,"-라후이-",14.684,-59.939,0,"AI",35.7,-81.8,0,"ByeolBam",4.685,-107.463,0,"それいゆ るな",-35.489,-93.879,0,0,0,0,0,0,"",0,0,0,0,0,0,0,0,0,0
136,7,1,2,2,1,1,0,0,1,1,255,2,4,60,4111.812,"Pring__",R,26,66,121,-1.14,0.715,-0.052,1.523,-36.21,0,0,-165.498,-200,-22.594,0,0,1,4,0,L,"눈꽃",190,84.906,0.496,0,84,0,0,0,0,0,0,0,0,0,0,0,0,0,0,0,0,-0.093,-37.441,0,"WhiteMountain",-0.089,-16.847,0,"하루（Haru）",-17.599,-45.76,0,"_Chun",-7.929,-61.694,0,"인생최패망자",18.467,-41.284,0,"-라후이-",16.575,-61.68,0,"AI",35.7,-81.8,0,"ByeolBam",2.16,-107.48,0,"それいゆ るな",-43.233,-93.075,0,0,0,0,0,0,"",0,0,0,4,0,0,0,0,0,0
137,7,1,2,2,1,2,1,0,1,0,255,2,255,61,4136.995,"Pring__",R,13,71,100,0.749,-0.714,0.32,1.472,-36.381,0,0,-327.512,346.714,0.182,0,0,1,4,0,L,"눈꽃",190,84.906,0.496,0,84,0,0,0,0,0,0,0,0,0,0,0,0,0,0,0,0,-0.198,-37.783,0,"WhiteMountain",0.087,-16.954,0,"하루（Haru）",-17.713,-45.043,0,"_Chun",-5.215,-61.362,0,"인생최패망자",17.814,-43.1,0,"-라후이-",15.882,-63.33,0,"AI",35.7,-81.8,0,"ByeolBam",0.631,-107.135,0,"それいゆ るな",-44.772,-96.67,0,0,0,0,0,0,"",0,0,0,0,0,0,0,0,0,0
138,7,1,2,2,0,0,2,0,1,0,255,2,255,62,4162.059,"Pring__",R,3,64,95,0.424,-0.454,0.352,1.315,-36.412,2,0,-431.818,0,3.103,0,0,1,5,1,R,"_VILLAIN",190,99.69,0.398,2,84,4163.142,102,21,77,39,24,134,100,113.935,-55.863,0.14,-0.003,-0.077,0.134,0,0.28,-0.36,-36.744,0,"WhiteMountain",-0.005,-16.882,0,"하루（Haru）",-17.532,-45.337,0,"_Chun",-3.428,-62.036,0,"인생최패망자",16.234,-43.193,0,"-라후이-",13.756,-63.944,0,"AI",35.7,-81.8,0,"ByeolBam",1.626,-98.558,0,"それいゆ るな",-43.695,-93.503,0,0,0,0,0,0,"",0,0,0,0,0,0,0,0,0,3
139,7,1,2,2,0,1,2,0,1,0,255,255,255,63,4182.904,"Pring__",R,13,78,105,-0.362,-0.885,0.157,1.352,-36.234,2,0,-372.687,312.348,-2.618,0,0,1,5,1,R,"_VILLAIN",190,99.69,0.398,2,84,4184.111,140,21,3,133,58,17,24,-73.08,65.628,0.97,-0.016,-0.022,0.073,0.048,0.437,-0.216,-36.998,0,"WhiteMountain",-0.04,-16.957,120,"하루（Haru）",-18.546,-46.313,0,"_Chun",-6.764,-62.1,0,"인생최패망자",16.261,-43.569,0,"-라후이-",13.813,-63.541,0,"AI",35.7,-81.8,0,"ByeolBam",0.352,-106.999,0,"それいゆ るな",-46.109,-90.999,0,4183.857,-0.484,-21.812,4186.779,1,"WhiteMountain",-2.902,-25.047,0,32,0,0,0,0,0,2
140,7,0,2,2,0,0,0,0,0,0,255,255,255,75,4287.626,"눈꽃",R,26,70,124,0.252,-0.564,0.129,1.746,-36.455,2,0,-176.543,-200,13.528,0,0,0,2,0,L,"Pring__",179.642,95.172,0.477,3,84,4288.404,174,17,47,93,68,135,98,13.987,-11.707,0.13,-0.006,-0.05,0.136,0,0.47,-0.325,-36.955,0,"_VILLAIN",-0.046,-17.054,0,"Sabo_10",-23.307,-52.756,0,"Pugeuk",-12.498,-61.465,0,"Kr_Luna",21.359,-52.157,0,"소솨소솨",15.146,-63.147,0,"AI",35.7,-81.8,0,"AI",0,-100.6,0,"甲斐野柊太",-35.03,-84.817,0,4296.324,36.947,-112.978,4299.757,8,"甲斐野柊太",8.789,-82.747,0,0,0,0,0,0,0,2
141,7,0,2,2,0,0,0,0,1,0,255,9,255,75,4325.404,"눈꽃",R,0,84,137,-0.279,0.222,0.094,2.063,-36.653,0,0,44.247,-46.246,13.38,0,0,0,3,4,R,"인생최패망자",190,80,0.4,0,84,0,0,0,0,0,0,0,0,0,0,0,0,0,0,0,0,0.373,-37.547,0,"_VILLAIN",-0.111,-17.125,0,"Sabo_10",-21.675,-47.854,0,"Pugeuk",-13.37,-63.163,0,"Kr_Luna",19.793,-41.011,0,"소솨소솨",0.44,-60.326,0,"AI",35.7,-81.8,0,"AI",0,-100.6,0,"甲斐野柊太",-32.818,-79.933,0,0,0,0,0,0,"",0,0,0,0,0,0,0,0,0,0
142,7,0,2,2,0,1,0,0,1,0,255,9,255,76,4346.859,"눈꽃",R,28,88,140,1.398,0.446,0.091,2.027,-36.545,4,0,26.157,-74.23,24.157,0.491,-21.346,1,3,4,R,"인생최패망자",190,80,0.4,0,74,0,0,0,0,0,0,0,0,0,0,0,0,0,0,0,0,0.394,-37.402,0,"_VILLAIN",0.128,-18.05,0,"Sabo_10",-20.247,-49.335,0,"Pugeuk",-13.383,-63.395,0,"Kr_Luna",19.908,-42.919,0,"소솨소솨",3.302,-60.741,0,"AI",35.7,-81.8,0,"AI",0,-100.6,0,"甲斐野柊太",-33.491,-81.606,0,0,0,0,0,0,"",0,0,0,0,0,0,0,0,0,0
143,7,0,2,2,0,2,0,0,1,0,255,9,255,77,4367.468,"눈꽃",R,13,69,111,-3.241,-0.84,-0.023,1.869,-36.496,1,0,-416.548,276.565,10.64,-1.114,-16.784,0,3,4,R,"인생최패망자",190,80,0.4,0,74,0,0,0,0,0,0,0,0,0,0,0,0,0,0,0,0,0.204,-37.616,0,"_VILLAIN",-0.891,-16.74,0,"Sabo_10",-21.183,-49.708,0,"Pugeuk",-13.379,-63.392,0,"Kr_Luna",19.166,-43.971,0,"소솨소솨",2.008,-59.405,0,"AI",35.7,-81.8,0,"AI",0,-100.6,0,"甲斐野柊太",-33.491,-81.393,0,0,0,0,0,0,"",0,0,0,0,0,0,0,0,0,0
144,7,0,2,2,1,2,0,0,1,0,255,9,255,78,4387.82,"눈꽃",R,7,64,115,0.904,-0.066,0.037,1.972,-36.617,2,0,213.801,0,10.685,0,0,1,3,4,R,"인생최패망자",190,80,0.4,0,74,4388.914,180,16,47,105,2,135,85,59.649,-55.286,-0.8,-0.022,-0.06,0.068,0,0.419,-0.269,-37.155,0,"_VILLAIN",-0.061,-16.792,0,"Sabo_10",-19.891,-49.043,0,"Pugeuk",-12.838,-63.44,0,"Kr_Luna",17.374,-45.927,0,"소솨소솨",0.771,-59.726,0,"AI",35.7,-81.8,0,"AI",0,-100.6,0,"甲斐野柊太",-31.65,-79.985,0,4393.579,50.203,-54.925,0,0,"",0,0,0,0,0,0,0,0,0,3
145,7,0,2,2,1,2,0,0,1,0,255,9,255,79,4408.653,"눈꽃",R,28,92,140,0.515,-0.063,-0.049,1.954,-36.461,0,0,27.98,-58.64,21.207,0,0,1,3,4,R,"인생최패망자",190,80,0.4,0,74,0,0,0,0,0,0,0,0,0,0,0,0,0,0,0,0,-0.027,-37.664,0,"_VILLAIN",-0.098,-17.504,0,"Sabo_10",-19.642,-47.776,0,"Pugeuk",-13.613,-63.167,0,"Kr_Luna",19.229,-48.304,0,"소솨소솨",0.743,-59.71,0,"AI",35.7,-81.8,0,"AI",0,-100.6,0,"甲斐野柊太",-31.476,-80.015,0,0,0,0,0,0,"",0,0,0,0,0,0,0,0,0,0
146,7,0,2,2,0,0,1,0,1,0,255,9,255,80,4441.154,"눈꽃",R,6,64,113,-0.62,0.076,-0.05,2.048,-36.706,0,0,285.427,0,11.061,0,0,1,4,1,R,"WhiteMountain",190,84,0.579,0,84,0,0,0,0,0,0,0,0,0,0,0,0,0,0,0,0,0.209,-37.614,0,"_VILLAIN",0.145,-18.187,0,"Sabo_10",-20.056,-47.451,0,"Pugeuk",-10.093,-63.613,0,"Kr_Luna",18.97,-47.417,0,"소솨소솨",1.359,-60.048,0,"AI",35.7,-81.8,0,"AI",0,-100.6,0,"甲斐野柊太",-31.41,-79.245,0,0,0,0,0,0,"",0,0,0,0,0,0,0,0,0,0
147,7,0,2,2,0,1,1,0,1,0,255,9,255,81,4461.554,"눈꽃",R,28,91,140,1.304,-1.014,0.107,1.745,-36.524,4,0,26.245,-94.389,20.494,0,0,1,4,1,R,"WhiteMountain",190,84,0.579,0,84,0,0,0,0,0,0,0,0,0,0,0,0,0,0,0,0,0.462,-37.315,0,"_VILLAIN",0.075,-18.028,0,"Sabo_10",-19.274,-45.964,0,"Pugeuk",-10.687,-63.166,0,"Kr_Luna",18.782,-44.66,0,"소솨소솨",0.915,-59.528,0,"AI",35.7,-81.8,0,"AI",0,-100.6,0,"甲斐野柊太",-31.376,-79.314,0,0,0,0,0,0,"",0,0,0,0,0,0,0,0,0,0
148,7,0,2,2,0,2,1,0,1,0,255,9,255,82,4488.219,"눈꽃",R,0,91,140,0.81,0.058,0.046,1.985,-36.574,2,0,25.617,-45.453,16.373,0,0,1,4,1,R,"WhiteMountain",190,84,0.579,0,44,4489.286,237,6,80,50,41,146,90,49.966,-44.781,-0.81,-0.039,-0.039,0.126,0,0.486,-0.141,-37.147,0,"_VILLAIN",-0.124,-17.01,0,"Sabo_10",-19.784,-47.634,0,"Pugeuk",-11.992,-64.904,0,"Kr_Luna",18.191,-47.248,0,"소솨소솨",6.323,-60.06,0,"AI",35.7,-81.8,0,"AI",0,-100.6,0,"甲斐野柊太",-31.351,-82.273,0,4494.046,47.055,-68.188,4498.501,3,"Pugeuk",1.638,-58.942,0,0,0,0,0,0,0,1
149,7,0,2,2,0,0,2,0,1,0,255,9,255,83,4526.483,"눈꽃",R,30,73,126,0.397,-0.271,0.149,1.8,-36.455,0,0,-127.45,-118.665,15.793,0,0,0,5,2,L,"하루（Haru）",190,85,0.549,0,84,0,0,0,0,0,0,0,0,0,0,0,0,0,0,0,0,0.145,-37.352,0,"_VILLAIN",-0.188,-17.314,0,"Sabo_10",-19.054,-48.066,0,"Pugeuk",-11.831,-63.488,0,"Kr_Luna",19.704,-45.832,0,"소솨소솨",11.45,-63.628,0,"AI",35.7,-81.8,0,"AI",0,-100.6,0,"甲斐野柊太",-32.571,-81.058,0,0,0,0,0,0,"",0,0,0,0,0,0,0,0,0,0
150,7,0,2,2,0,1,2,0,1,0,255,9,255,84,4544.484,"눈꽃",R,13,63,108,-0.894,-0.716,0.12,1.914,-36.53,2,0,-313.633,325.575,15.63,0,0,1,5,2,L,"하루（Haru）",190,85,0.549,5,84,4545.486,128,17,77,56,50,140,117,-30,23.783,0.13,0.037,-0.042,0.044,0.095,0.21,-0.028,-37.148,0,"_VILLAIN",-0.108,-17.04,0,"Sabo_10",-20.023,-49.308,0,"Pugeuk",-9.771,-63.293,0,"Kr_Luna",19.176,-48.385,0,"소솨소솨",15.293,-63.063,0,"AI",35.7,-81.8,0,"AI",0,-100.6,0,"甲斐野柊太",-32.339,-81.224,0,4545.079,-0.68,-21.416,4547.846,8,"甲斐野柊太",-24.039,-74.026,1,0,0,0,0,0,0,2
151,7,0,2,3,0,0,2,0,1,0,255,255,255,85,4589.542,"눈꽃",R,33,94,140,-1.709,-1.152,-0.116,1.82,-36.559,1,0,103.708,-68.084,14.041,0,0,0,6,7,R,"ByeolBam",175.4,84.801,0.5,0,84,0,0,0,0,0,0,0,0,0,0,0,0,0,0,0,0,0.045,-37.213,0,"_VILLAIN",-0.783,-18.135,0,"Sabo_10",-20.807,-49.406,0,"Pugeuk",-12.869,-63.23,0,"Kr_Luna",18.672,-49.978,0,"소솨소솨",4.322,-60.034,0,"AI",35.7,-81.8,0,"AI",0,-100.6,0,"甲斐野柊太",-32,-78.459,0,0,0,0,0,0,"",0,0,0,0,0,0,0,0,0,0
152,7,0,2,3,1,0,2,0,1,0,255,255,255,86,4605.938,"눈꽃",R,33,87,140,1.347,0.738,0.197,2.085,-36.664,0,0,126.265,-63.575,14.348,0,0,1,6,7,R,"ByeolBam",175.4,84.801,0.5,0,84,0,0,0,0,0,0,0,0,0,0,0,0,0,0,0,0,0.217,-37.319,0,"_VILLAIN",-0.069,-17.311,0,"Sabo_10",-21.507,-48.485,0,"Pugeuk",-13.069,-63.34,0,"Kr_Luna",19.381,-47.81,0,"소솨소솨",3.29,-59.8,0,"AI",35.7,-81.8,0,"AI",0,-100.6,0,"甲斐野柊太",-30.831,-79.026,0,0,0,0,0,0,"",0,0,0,0,0,0,0,0,0,0
153,7,0,2,3,1,1,2,0,1,0,255,255,255,87,4626.475,"눈꽃",R,29,75,127,0.439,-0.439,0.151,1.868,-36.501,0,0,-211.744,-200,12.638,0,0,0,6,7,R,"ByeolBam",175.4,84.801,0.5,0,84,0,0,0,0,0,0,0,0,0,0,0,0,0,0,0,0,-0.012,-37.737,0,"_VILLAIN",0.02,-16.85,0,"Sabo_10",-21.158,-48.117,0,"Pugeuk",-13.114,-64.63,0,"Kr_Luna",19.157,-48.153,0,"소솨소솨",3.759,-60.42,0,"AI",35.7,-81.8,0,"AI",0,-100.6,0,"甲斐野柊太",-31.786,-78.524,0,0,0,0,0,0,"",0,0,0,0,0,0,0,0,0,0
154,7,0,2,3,1,2,2,0,1,0,255,255,255,88,4644.653,"눈꽃",R,27,78,129,0.612,1.297,0.145,2.187,-36.719,4,0,53.974,-135.181,38.123,0,0,1,6,7,R,"ByeolBam",175.4,84.801,0.5,0,84,0,0,0,0,0,0,0,0,0,0,0,0,0,0,0,0,0.427,-37.319,0,"_VILLAIN",0.426,-19.46,0,"Sabo_10",-21.139,-48.791,0,"Pugeuk",-13.299,-64.645,0,"Kr_Luna",19.361,-46.056,0,"소솨소솨",3.27,-60.637,0,"AI",35.7,-81.8,0,"AI",0,-100.6,0,"甲斐野柊太",-31.888,-78.809,0,0,0,0,0,0,"",0,0,0,64,0,0,0,0,0,0
155,8,1,2,3,0,0,0,0,0,0,255,255,255,64,4683.961,"Pring__",R,32,80,132,-0.706,-0.49,-0.14,1.308,-36.256,2,0,250,-147.956,15.91,0,0,1,6,8,R,"甲斐野柊太",190,80,0.2,1,33,4685.096,204,25,101,91,59,150,119,-30,-19.832,0.14,0.039,-0.005,0.078,0.048,0.108,-0.422,-37.374,0,"WhiteMountain",-0.104,-16.675,0,"하루（Haru）",-19.038,-45.577,0,"_Chun",-8.101,-61.714,0,"인생최패망자",16.982,-46.891,0,"-라후이-",12.999,-64.234,0,"AI",35.7,-81.8,0,"ByeolBam",0.082,-111.539,0,"それいゆ るな",-43.922,-88.469,0,4684.702,0.336,-20.4,4686.69,5,"-라후이-",14.914,-59.878,0,0,0,0,0,0,0,2
156,8,1,2,3,0,0,1,0,0,0,255,255,255,65,4712.433,"Pring__",R,0,54,112,-1.815,-0.21,-0.169,1.413,-36.245,4,0,0.044,0,15.118,0,0,1,0,5,R,"소솨소솨",165.6,80,0.5,0,84,0,0,0,0,0,0,0,0,0,0,0,0,0,0,0,0,-0.41,-37.597,0,"WhiteMountain",-0.181,-16.655,0,"하루（Haru）",-19.229,-45.274,0,"_Chun",-10.523,-60.455,0,"인생최패망자",11.594,-39.405,0,"-라후이-",10.652,-63.468,0,"AI",35.7,-81.8,0,"ByeolBam",0.1,-112.307,0,"それいゆ るな",-45.858,-96.687,0,0,0,0,0,0,"",0,0,0,0,0,0,0,0,0,0
157,8,1,2,3,0,1,1,0,0,0,255,255,255,66,4726.62,"Pring__",R,13,77,116,-1.632,-1.078,-0.032,1.414,-36.205,2,0,-341.162,365.525,13.564,0,0,1,0,5,R,"소솨소솨",165.6,80,0.5,2,84,4727.687,255,30,111,58,72,150,74,-17.877,26.597,-0.77,-0.012,-0.096,0.074,0,0.415,0.003,-37.373,0,"WhiteMountain",-0.067,-16.633,0,"하루（Haru）",-19.492,-46.16,0,"_Chun",-11.079,-59.811,0,"인생최패망자",12.157,-39.67,0,"-라후이-",10.7,-63.514,0,"AI",35.7,-81.8,0,"ByeolBam",0.099,-112.311,0,"それいゆ るな",-45.94,-96.787,0,4727.313,-1.005,-21.434,4729.379,2,"하루（Haru）",-13.572,-44.932,0,0,0,0,0,0,0,2
158,8,1,2,3,0,0,2,0,0,0,255,255,255,67,4754.68,"Pring__",R,32,74,126,2.23,-0.347,0.126,1.375,-36.422,2,0,250,-61.282,1.063,0,0,1,1,3,R,"Pugeuk",160,93.173,0.53,3,84,4755.607,162,7,104,48,25,150,72,4.686,-18.736,-0.78,-0.024,-0.022,0.319,0,0.721,-0.143,-36.92,0,"WhiteMountain",-0.049,-16.669,0,"하루（Haru）",-18.794,-46.196,0,"_Chun",-12.515,-59.995,0,"인생최패망자",13.402,-41.776,0,"-라후이-",9.937,-63.948,0,"AI",35.7,-81.8,0,"ByeolBam",0.35,-112.542,0,"それいゆ るな",-46.463,-92.298,0,4756.446,8.134,-43.274,4756.612,4,"인생최패망자",6.686,-38.863,0,0,0,0,0,0,0,1
159,8,0,2,3,0,0,0,0,0,0,255,255,255,89,4811.674,"눈꽃",R,31,80,131,-0.058,0.12,-0.006,1.992,-36.573,0,0,-72.388,-11.533,21.097,0,0,0,7,8,R,"それいゆ るな",160,89.534,0.45,0,38,0,0,0,0,0,0,0,0,0,0,0,0,0,0,0,0,-0.011,-37.144,0,"_VILLAIN",-0.057,-16.927,0,"Sabo_10",-21.226,-47.829,0,"Pugeuk",-14.318,-62.054,0,"Kr_Luna",19.852,-55.458,0,"소솨소솨",11.582,-64.719,0,"AI",35.7,-81.8,0,"AI",0,-100.6,0,"甲斐野柊太",-18.813,-23.67,0,0,0,0,0,0,"",0,0,0,0,0,0,0,0,0,0
160,8,0,2,3,0,1,0,0,0,0,255,255,255,90,4825.972,"눈꽃",R,26,85,138,2.125,1.268,0.182,2.096,-36.598,2,0,61.552,-191.546,22.677,0,0,1,7,8,R,"それいゆ るな",160,89.534,0.45,2,38,4827.048,167,4,33,7,0,47,42,-37.276,46.717,-0.81,0.033,0.001,0.083,0,0.13,0.261,-37.133,0,"_VILLAIN",-0.056,-16.972,0,"Sabo_10",-21.056,-48.432,0,"Pugeuk",-13.889,-61.553,0,"Kr_Luna",19.847,-55.468,0,"소솨소솨",12.014,-65.392,0,"AI",35.7,-81.8,0,"AI",0,-100.6,0,"甲斐野柊太",-18.819,-23.66,0,4826.746,-1.113,-20.8,4830.257,2,"Sabo_10",-12.893,-38.645,0,0,0,0,0,0,0,2
161,8,0,2,3,0,0,1,0,0,0,255,255,255,91,4863.336,"눈꽃",R,3,76,116,1.817,-0.996,0.34,1.923,-36.676,1,0,-448.825,0,13.162,0,0,0,0,5,R,"-라후이-",160,90,0.5,0,84,0,0,0,0,0,0,0,0,0,0,0,0,0,0,0,0,0.388,-37.433,0,"_VILLAIN",-0.051,-17.422,0,"Sabo_10",-19.346,-47.382,0,"Pugeuk",-14.118,-59.9,0,"Kr_Luna",19.18,-53.506,0,"소솨소솨",11.492,-65.196,0,"AI",35.7,-81.8,0,"AI",0,-100.6,0,"甲斐野柊太",-36.875,-86.414,0,0,0,0,0,0,"",0,0,0,0,0,0,0,0,0,0
162,8,0,2,3,1,0,1,0,0,0,255,255,255,92,4880.829,"눈꽃",R,0,93,140,-0.239,-0.594,-0.01,1.903,-36.572,0,0,32.581,-47.609,17.439,0,0,1,0,5,R,"-라후이-",160,90,0.5,0,84,0,0,0,0,0,0,0,0,0,0,0,0,0,0,0,0,-0.065,-37.33,0,"_VILLAIN",-0.072,-16.846,0,"Sabo_10",-19.978,-47.533,0,"Pugeuk",-12.973,-60.515,0,"Kr_Luna",19.105,-53.01,0,"소솨소솨",10.056,-65.447,0,"AI",35.7,-81.8,0,"AI",0,-100.6,0,"甲斐野柊太",-37.157,-86.57,0,0,0,0,0,0,"",0,0,0,0,0,0,0,0,0,0
163,8,0,2,3,1,1,1,0,0,0,255,255,255,93,4893.981,"눈꽃",R,28,87,140,0.342,0.875,-0.001,2.049,-36.564,2,0,14.456,-64.494,12.488,0,0,1,0,5,R,"-라후이-",160,90,0.5,2,84,4894.773,220,13,86,82,45,150,100,26.246,-7.665,0.75,-0.008,-0.027,0.044,0,0.06,-0.193,-37.123,0,"_VILLAIN",-0.059,-16.924,0,"Sabo_10",-20.098,-48.259,0,"Pugeuk",-12.885,-60.591,0,"Kr_Luna",19.35,-53.021,0,"소솨소솨",12.827,-64.686,0,"AI",35.7,-81.8,0,"AI",0,-100.6,0,"甲斐野柊太",-36.589,-85.883,0,4898.09,5.159,-93.635,4901.779,3,"Pugeuk",-4.818,-67.342,0,0,0,0,0,0,0,1
164,8,0,2,3,0,0,2,0,0,0,255,255,255,94,4928.021,"눈꽃",R,14,65,109,-0.451,-1.248,-0.025,2.053,-36.743,2,0,356.84,346.869,18.867,0,0,1,1,3,L,"_Chun",160,80,0.452,0,87,4929.071,239,10,115,53,42,150,122,-15,21.751,0.69,-0.045,-0.03,0.209,0,0.288,0.059,-37.075,0,"_VILLAIN",-0.02,-16.757,0,"Sabo_10",-20.839,-48.861,0,"Pugeuk",-11.027,-60.874,0,"Kr_Luna",17.592,-47.808,0,"소솨소솨",15.496,-65.667,0,"AI",35.7,-81.8,0,"AI",0,-100.6,0,"甲斐野柊太",-34.064,-79.298,0,4928.59,-0.975,-22.795,4931.291,8,"甲斐野柊太",-24.712,-79.443,0,0,0,0,0,0,0,2
165,9,1,2,3,0,0,0,0,0,0,255,255,255,68,4971.046,"Pring__",R,14,53,87,-1.54,-0.115,-0.347,1.724,-36.299,1,0,176.828,400,-2.428,0,0,0,2,4,L,"Kr_Luna",190,94.523,0.497,0,63,0,0,0,0,0,0,0,0,0,0,0,0,0,0,0,0,-0.366,-37.761,0,"WhiteMountain",-0.03,-16.66,0,"하루（Haru）",-19.379,-44.733,0,"_Chun",-11.077,-61.425,0,"인생최패망자",17.92,-44.183,0,"-라후이-",13.91,-64.648,0,"AI",35.7,-81.8,0,"ByeolBam",-0.023,-112.712,0,"それいゆ るな",-36.97,-86.768,0,0,0,0,0,0,"",0,0,0,0,0,0,0,0,0,0
166,9,1,2,3,1,0,0,0,0,0,255,255,255,69,4985.934,"Pring__",R,14,72,100,2.229,-1.931,0.087,1.096,-36.214,1,0,351.058,317.613,10.348,0.508,-18.84,0,2,4,L,"Kr_Luna",190,94.523,0.497,0,63,0,0,0,0,0,0,0,0,0,0,0,0,0,0,0,0,-0.304,-37.789,0,"WhiteMountain",0.226,-16.756,0,"하루（Haru）",-19.039,-43.727,0,"_Chun",-10.814,-61.574,0,"인생최패망자",18.409,-44.775,0,"-라후이-",12.755,-63.148,0,"AI",35.7,-81.8,0,"ByeolBam",-0.178,-111.428,0,"それいゆ るな",-36.973,-86.782,0,0,0,0,0,0,"",0,0,0,0,0,0,0,0,0,0
167,9,1,2,3,2,0,0,0,0,0,255,255,255,70,4998.848,"Pring__",R,14,57,89,0.458,0.283,-0.169,1.794,-36.407,2,0,300.415,334.868,-24.172,0,0,1,2,4,L,"Kr_Luna",190,94.523,0.497,0,63,4999.828,112,18,69,69,45,138,130,-14.764,8.265,0.59,-0.025,-0.032,0.086,0,0.09,-0.04,-37.006,0,"WhiteMountain",-0.03,-16.747,0,"하루（Haru）",-18.35,-45.286,0,"_Chun",-10.69,-61.586,0,"인생최패망자",18.818,-45.285,0,"-라후이-",12.468,-63.977,0,"AI",35.7,-81.8,0,"ByeolBam",0.205,-111.655,0,"それいゆ るな",-36.953,-86.753,0,4999.49,-0.48,-24.325,5001.557,7,"ByeolBam",-5.585,-60.961,0,0,0,0,0,0,0,2
168,9,1,2,3,0,0,1,0,0,0,255,255,255,71,5027.412,"Pring__",R,32,78,129,-1.271,0.038,-0.175,1.398,-36.26,4,0,234.034,-200,18.322,0.131,-21.119,1,3,2,L,"Sabo_10",179.7,92,0.499,0,84,0,0,0,0,0,0,0,0,0,0,0,0,0,0,0,0,-0.332,-37.656,0,"WhiteMountain",0.15,-17.424,0,"하루（Haru）",-18.438,-46.128,0,"_Chun",-12.032,-61.406,0,"인생최패망자",18.646,-45.059,0,"-라후이-",9.491,-66.357,0,"AI",35.7,-81.8,0,"ByeolBam",-0.147,-100.044,0,"それいゆ るな",-40.266,-87.425,0,0,0,0,0,0,"",0,0,0,0,0,0,0,0,0,0
169,9,1,2,3,0,1,1,0,0,0,255,255,255,72,5044.821,"Pring__",R,32,81,133,0.055,0.241,-0.068,1.431,-36.252,0,0,250,-200,22.435,0,0,1,3,2,L,"Sabo_10",179.7,92,0.499,0,84,0,0,0,0,0,0,0,0,0,0,0,0,0,0,0,0,-0.698,-37.869,0,"WhiteMountain",0.019,-16.686,0,"하루（Haru）",-19.204,-45.053,0,"_Chun",-10.337,-61.011,0,"인생최패망자",19.162,-45.065,0,"-라후이-",10.01,-65.467,0,"AI",35.7,-81.8,0,"ByeolBam",0.723,-103.099,0,"それいゆ るな",-39.436,-88.433,0,0,0,0,0,0,"",0,0,0,0,0,0,0,0,0,0
170,9,1,2,3,0,2,1,0,0,0,255,255,255,73,5059.006,"Pring__",R,13,76,104,-1.661,-1.447,-0.104,1.313,-36.139,4,0,-213.135,400,0,-0.473,-17.374,1,3,2,L,"Sabo_10",179.7,92,0.499,0,84,0,0,0,0,0,0,0,0,0,0,0,0,0,0,0,0,-0.329,-37.895,0,"WhiteMountain",-0.23,-17.198,0,"하루（Haru）",-18.878,-44.68,0,"_Chun",-10.728,-60.795,0,"인생최패망자",17.672,-44.08,0,"-라후이-",9.713,-65.497,0,"AI",35.7,-81.8,0,"ByeolBam",-0.093,-104.155,0,"それいゆ るな",-39.427,-88.412,0,0,0,0,0,0,"",0,0,0,0,0,0,0,0,0,0
171,9,1,2,3,0,0,2,0,0,0,255,255,255,74,5087.448,"Pring__",R,26,68,122,-0.822,-0.494,-0.03,1.29,-36.079,0,0,-147.421,-200,0,0,0,0,4,0,L,"눈꽃",190,84.906,0.496,0,84,0,0,0,0,0,0,0,0,0,0,0,0,0,0,0,0,-0.099,-37.77,0,"WhiteMountain",-0.007,-16.792,0,"하루（Haru）",-19.221,-45.742,0,"_Chun",-11.333,-62.058,0,"인생최패망자",18.27,-44.404,0,"-라후이-",13.633,-64.208,0,"AI",35.7,-81.8,0,"ByeolBam",0.079,-107.968,0,"それいゆ るな",-39.438,-88.42,0,0,0,0,0,0,"",0,0,0,0,0,0,0,0,0,0
172,9,1,2,3,0,1,2,0,0,0,255,255,255,75,5101.609,"Pring__",R,26,70,124,-0.42,0.576,0.01,1.497,-36.247,0,0,-151.465,-200,0,0,0,1,4,0,L,"눈꽃",190,84.906,0.496,0,84,0,0,0,0,0,0,0,0,0,0,0,0,0,0,0,0,-0.213,-37.574,0,"WhiteMountain",0.027,-16.679,0,"하루（Haru）",-19.168,-44.867,0,"_Chun",-11.092,-61.174,0,"인생최패망자",18.451,-44.289,0,"-라후이-",12.38,-64.151,0,"AI",35.7,-81.8,0,"ByeolBam",3.266,-106.696,0,"それいゆ るな",-39.44,-88.427,0,0,0,0,0,0,"",0,0,0,0,0,0,0,0,0,0
173,9,1,2,3,0,2,2,0,0,0,255,255,255,76,5115.717,"Pring__",R,29,73,126,0.039,-1.448,0.069,1.106,-36.278,2,0,-206.128,-200,0,0,0,1,4,0,L,"눈꽃",190,84.906,0.496,0,84,5116.803,255,14,89,103,25,150,127,-15.001,31.01,0.32,0.015,-0.142,0.063,0,0.407,-0.236,-37.167,0,"WhiteMountain",0.017,-16.864,0,"하루（Haru）",-18.771,-45.535,0,"_Chun",-11.107,-61.164,0,"인생최패망자",19.443,-45.856,0,"-라후이-",12.27,-65.425,0,"AI",35.7,-81.8,0,"ByeolBam",-0.665,-103.292,0,"それいゆ るな",-39.386,-88.402,0,5116.346,-0.929,-22.221,5119.212,8,"それいゆ るな",-36.316,-81.092,0,0,0,0,0,0,0,2
