id,inn,half,scoreA,scoreB,ball,strk,out,b1,b2,b3,b1Idx,b2Idx,b3Idx,pCnt,pSec,pName,pHand,pType,pPow,spdK,zoneX,zoneY,startX,startY,zDist,call,balk,sH,sV,gyro,plx,plz,bSwing,bIdx,bPos,bZone,bName,bHCm,batLen,batCen,batType,bFps,hSec,rotS,rotL,shS,lgS,prepS,batSpd,ev,ldeg,sdeg,hPos,hMoveX,hMoveY,stayCon,buntGrip,handDist,PPosX,PPosY,PThrSpd,CName,CPosX,CPosY,CThrSpd,1BName,1BPosX,1BPosY,1BThrSpd,2BName,2BPosX,2BPosY,2BThrSpd,3BName,3BPosX,3BPosY,3BThrSpd,SSName,SSPosX,SSPosY,SSThrSpd,LFName,LFPosX,LFPosY,LFThrSpd,CFName,CFPosX,CFPosY,CFThrSpd,RFName,RFPosX,RFPosY,RFThrSpd,ltSec,lx,lz,cSec,cPos,cPlr,cx,cz,1BSafe,tag,cpSec,sb2Sec,sb3Sec,sbhSec,ass,result
1,1,1,0,0,0,0,0,0,0,0,255,255,255,0,308.269,"눈꽃",R,32,86,140,-1.874,1.494,0.47,1.873,-36.564,1,0,212.341,25.273,19.189,-0.64,-6.192,0,0,4,R,"인생최패망자",190,80,0.4,0,33,0,0,0,0,0,0,0,0,0,0,0,0,0,0,0,0,0.576,-37.298,0,"Kr_Luna",-0.036,-17.161,0,"coder_",-22.292,-49.151,0,"아침땅_",-14.529,-64.33,0,"하루（Haru）",19.067,-49.507,0,"ke ro",10.442,-64.943,0,"소솨소솨",40.554,-93.755,0,"AI",0,-100.6,0,"Sabo_10",-42.877,-94.069,0,0,0,0,0,0,"",0,0,0,0,0,0,0,0,0,0
2,1,1,0,0,1,0,0,0,0,0,255,255,255,1,322.32,"눈꽃",R,32,88,140,0.336,0.273,0.479,1.678,-36.581,2,0,250,-43.323,44.379,0,0,1,0,4,R,"인생최패망자",190,80,0.4,3,33,323.376,161,14,69,97,39,143,89,91.641,79.009,-0.84,0.018,-0.055,0.057,0,0.378,0.505,-36.964,0,"Kr_Luna",0.066,-17.134,0,"coder_",-21.427,-48.502,0,"아침땅_",-14.013,-64.527,0,"하루（Haru）",20.036,-49.068,0,"ke ro",10.275,-64.252,0,"소솨소솨",43.167,-96.81,0,"AI",0,-100.6,0,"Sabo_10",-42.894,-97.276,0,329.886,12.521,-11.953,0,0,"",0,0,0,0,0,0,0,0,0,3
3,1,1,0,0,1,1,0,0,0,0,255,255,255,2,349.823,"눈꽃",R,13,80,118,-8.034,-1.579,0.147,1.385,-36.52,4,0,-390.434,312.348,25.064,-1.781,-18.527,1,0,4,R,"인생최패망자",190,80,0.4,0,33,0,0,0,0,0,0,0,0,0,0,0,0,0,0,0,0,-0.088,-37.432,0,"Kr_Luna",-2.112,-16.86,0,"coder_",-22.587,-50.477,0,"아침땅_",-14.759,-64.185,0,"하루（Haru）",17.621,-46.947,0,"ke ro",8.683,-64.723,0,"소솨소솨",43.604,-94.784,0,"AI",0,-100.6,0,"Sabo_10",-46.178,-100.335,0,0,0,0,0,0,"",0,0,0,0,0,0,0,0,0,0
4,1,1,0,0,1,2,0,0,0,0,255,255,255,3,369.721,"눈꽃",R,32,92,140,-2.27,1.493,0.365,1.881,-36.617,4,0,190.136,84.965,22.409,0,0,1,0,4,R,"인생최패망자",190,80,0.4,0,33,0,0,0,0,0,0,0,0,0,0,0,0,0,0,0,0,0.532,-37.028,0,"Kr_Luna",-0.024,-17.241,0,"coder_",-22.038,-49.402,0,"아침땅_",-14.512,-64.308,0,"하루（Haru）",20.089,-46.502,0,"ke ro",9.098,-65.637,0,"소솨소솨",44.763,-93.999,0,"AI",0,-100.6,0,"Sabo_10",-44.764,-102.256,0,0,0,0,0,0,"",0,0,0,0,0,0,0,0,0,0
5,1,1,0,0,0,0,1,0,0,0,255,255,255,4,392.434,"눈꽃",R,26,75,127,-2.721,0.279,0.345,1.587,-36.484,2,0,-80.956,-184.069,26.582,0,0,1,1,2,L,"_Chun",190,80,0.452,3,33,393.386,226,19,87,75,43,150,92,14.628,3.18,-0.75,-0.076,-0.045,0.203,0,0.255,0.538,-36.915,0,"Kr_Luna",0.041,-17.293,0,"coder_",-21.718,-49.265,0,"아침땅_",-13.081,-64.915,0,"하루（Haru）",20.651,-47.754,0,"ke ro",8.638,-65.059,0,"소솨소솨",45.223,-93.683,0,"AI",0,-100.6,0,"Sabo_10",-41.228,-97.263,0,396.669,1.28,-85.538,401.403,2,"coder_",-18.231,-41.907,1,0,0,0,0,0,0,2
6,1,1,0,0,0,0,1,1,0,0,2,255,255,5,435.512,"눈꽃",R,33,93,140,-2.506,0.144,0.249,1.69,-36.549,1,0,145.189,24.748,20.491,0,0,0,2,1,L,"Pring__",180.4,95.172,0.477,0,33,0,0,0,0,0,0,0,0,0,0,0,0,0,0,0,0,-0.112,-37.297,0,"Kr_Luna",-0.078,-17.184,0,"coder_",-19.688,-47.358,0,"아침땅_",-12.048,-65.46,0,"하루（Haru）",22.841,-46.787,0,"ke ro",10.021,-64.242,0,"소솨소솨",49.623,-91.899,0,"AI",0,-100.6,0,"Sabo_10",-41.401,-97.896,0,0,0,0,0,0,"",0,0,0,0,0,0,0,0,0,0
7,1,1,0,0,1,0,1,1,0,0,2,255,255,6,450.987,"눈꽃",R,32,79,131,1.153,-0.182,0.632,1.521,-36.686,2,0,245.143,98.902,32.903,0,0,1,2,1,L,"Pring__",180.4,95.172,0.477,3,33,451.836,154,19,45,109,94,130,129,27.548,7.422,0.52,0.004,-0.059,0.162,0,0.469,-0.199,-36.922,0,"Kr_Luna",0.044,-17.225,0,"coder_",-20.723,-44.912,0,"아침땅_",-11.717,-65.543,0,"하루（Haru）",21.661,-48.129,0,"ke ro",10.041,-64.23,0,"소솨소솨",49.02,-92.422,0,"AI",0,-100.6,0,"Sabo_10",-41.424,-97.914,0,463.303,7.826,-104.945,468.053,4,"하루（Haru）",18.421,-45.962,1,0,0,0,0,0,0,2
8,1,1,0,0,0,0,1,0,1,1,255,1,2,7,515.583,"눈꽃",R,32,83,136,1.371,0.098,0.611,1.62,-36.637,0,0,250,59.685,35.297,0.411,-11.851,0,3,7,R,"それいゆ るな",160,89.534,0.45,0,34,0,0,0,0,0,0,0,0,0,0,0,0,0,0,0,0,0.463,-37.634,0,"Kr_Luna",0.03,-17.228,0,"coder_",-19.262,-45.161,0,"아침땅_",-14.419,-64.547,0,"하루（Haru）",19.645,-41.171,0,"ke ro",7.604,-63.479,0,"소솨소솨",41.09,-95.8,0,"AI",0,-100.6,0,"Sabo_10",-42.484,-93.539,0,0,0,0,0,0,"",0,0,0,0,0,0,0,0,0,0
9,1,1,0,0,0,1,1,0,1,1,255,1,2,8,540.888,"눈꽃",R,32,74,126,0.223,0.094,0.529,1.581,-36.595,2,0,216.628,-107.33,32.412,0,0,1,3,7,R,"それいゆ るな",160,89.534,0.45,2,34,542.071,174,4,35,29,3,98,99,-30,43.232,0.45,0.036,-0.019,0.12,0,0.141,0.539,-36.841,0,"Kr_Luna",-0.037,-17.203,0,"coder_",-20.928,-45.514,0,"아침땅_",-14.538,-64.423,0,"하루（Haru）",18.925,-44.669,0,"ke ro",8.8,-64.747,0,"소솨소솨",40.443,-94.271,0,"AI",0,-100.6,0,"Sabo_10",-43.596,-94.755,0,543.369,-1.204,-20.501,545.636,2,"coder_",-17.897,-38.085,0,0,0,0,0,0,0,2
10,1,1,0,0,0,0,2,0,1,1,255,1,2,9,579.957,"눈꽃",R,32,68,122,-0.62,-0.893,0.827,1.435,-36.813,0,0,250,-38.712,8.742,0,0,0,4,3,R,"_앰프_",160,80,0.396,0,35,0,0,0,0,0,0,0,0,0,0,0,0,0,0,0,0,0.297,-37.136,0,"Kr_Luna",0.059,-17.26,0,"coder_",-20.849,-47.357,0,"아침땅_",-14.34,-64.291,0,"하루（Haru）",17.344,-43.177,0,"ke ro",9.998,-65.253,0,"소솨소솨",44.372,-94.954,0,"AI",0,-100.6,0,"Sabo_10",-43.517,-94.475,0,0,0,0,0,0,"",0,0,0,0,0,0,0,0,0,0
11,1,1,0,0,0,1,2,0,1,1,255,1,2,10,594.491,"눈꽃",R,32,91,140,-0.83,0.35,0.52,1.658,-36.559,0,0,250,-131.605,14.252,0,0,0,4,3,R,"_앰프_",160,80,0.396,0,35,0,0,0,0,0,0,0,0,0,0,0,0,0,0,0,0,0.283,-37.54,0,"Kr_Luna",0.073,-17.097,0,"coder_",-21.072,-47.618,0,"아침땅_",-14.425,-64.318,0,"하루（Haru）",19.023,-42.034,0,"ke ro",7.189,-66.505,0,"소솨소솨",46.831,-97.047,0,"AI",0,-100.6,0,"Sabo_10",-43.5,-94.43,0,0,0,0,0,0,"",0,0,0,0,0,0,0,0,0,0
12,1,1,0,0,0,2,2,0,1,1,255,1,2,11,610.061,"눈꽃",R,32,90,140,0.319,1.498,0.505,1.795,-36.511,1,0,250,-79.024,31.045,0.55,-5.4,0,4,3,R,"_앰프_",160,80,0.396,0,35,0,0,0,0,0,0,0,0,0,0,0,0,0,0,0,0,0.31,-37.196,0,"Kr_Luna",0.009,-16.374,0,"coder_",-21.125,-47.281,0,"아침땅_",-14.416,-64.29,0,"하루（Haru）",18.785,-42.959,0,"ke ro",7.044,-63.416,0,"소솨소솨",46.831,-97.041,0,"AI",0,-100.6,0,"Sabo_10",-43.814,-95.131,0,0,0,0,0,0,"",0,0,0,0,0,0,0,0,0,0
13,1,1,0,0,1,2,2,0,1,1,255,1,2,12,634.042,"눈꽃",R,32,89,140,2.309,0.08,0.539,1.569,-36.508,2,0,217.778,-17.603,14.756,0,0,1,4,3,R,"_앰프_",160,80,0.396,3,35,635.082,72,5,29,24,18,47,52,-3.14,37.155,0.5,-0.035,-0.057,0.086,0,0.09,0.498,-37.001,0,"Kr_Luna",0.062,-17.337,0,"coder_",-21.676,-47.33,0,"아침땅_",-14.395,-64.361,0,"하루（Haru）",18.466,-45.48,0,"ke ro",5.975,-64.171,0,"소솨소솨",44.732,-88.824,0,"AI",0,-100.6,0,"Sabo_10",-45.389,-94.727,0,635.503,-3.895,-25.114,637.703,2,"coder_",-16.888,-39.789,0,0,0,0,0,0,0,2
14,1,0,0,0,0,0,0,0,0,0,255,255,255,0,727.576,"Pugeuk",R,28,74,126,-2.42,-2.97,-0.148,1.13,-36.467,1,0,-71.2,-84.659,24.054,-0.425,-21.489,0,0,3,R,"아침땅_",160,95.405,0.5,0,35,0,0,0,0,0,0,0,0,0,0,0,0,0,0,0,0,0.144,-37.635,0,"Pring__",-0.132,-17.016,0,"_Chun",-22.431,-49.206,0,"_앰프_",-13.624,-64.2,0,"인생최패망자",16.101,-47.788,0,"Multeinn",12.399,-58.487,0,"AI",35.7,-81.8,0,"それいゆ るな",0.673,-115.205,0,"WhiteMountain",-46.767,-94.098,0,0,0,0,0,0,"",0,0,0,0,0,0,0,0,0,0
15,1,0,0,0,1,0,0,0,0,0,255,255,255,1,775.218,"Pugeuk",R,30,74,126,-2.143,-1.207,-0.161,1.093,-36.342,1,0,-124.379,-103.525,35.167,0,0,0,0,3,R,"아침땅_",160,95.405,0.5,0,37,0,0,0,0,0,0,0,0,0,0,0,0,0,0,0,0,-0.222,-37.54,0,"Pring__",-0.027,-16.886,0,"_Chun",-22.955,-48.459,0,"_앰프_",-13.678,-64.476,0,"인생최패망자",14.823,-47.743,0,"Multeinn",12.449,-53.206,0,"AI",35.7,-81.8,0,"それいゆ るな",1.101,-115.25,0,"WhiteMountain",-46.861,-94.018,0,0,0,0,0,0,"",0,0,0,0,0,0,0,0,0,0
16,1,0,0,0,2,0,0,0,0,0,255,255,255,2,791.599,"Pugeuk",R,27,83,135,-0.957,-0.983,-0.059,1.122,-36.362,0,0,-103.635,-121.714,25.678,0,0,0,0,3,R,"아침땅_",160,95.405,0.5,0,37,0,0,0,0,0,0,0,0,0,0,0,0,0,0,0,0,-0.042,-37.501,0,"Pring__",-0.031,-16.89,0,"_Chun",-23.047,-48.442,0,"_앰프_",-13.671,-64.496,0,"인생최패망자",15.119,-46.594,0,"Multeinn",11.801,-56.885,0,"AI",35.7,-81.8,0,"それいゆ るな",1.331,-115.284,0,"WhiteMountain",-46.832,-94.065,0,0,0,0,0,0,"",0,0,0,0,0,0,0,0,0,0
17,1,0,0,0,2,1,0,0,0,0,255,255,255,3,802.492,"Pugeuk",R,3,74,105,-0.495,-0.477,0.249,1.206,-36.494,0,0,-344.788,0,28.281,0,0,1,0,3,R,"아침땅_",160,95.405,0.5,0,37,0,0,0,0,0,0,0,0,0,0,0,0,0,0,0,0,0.027,-37.284,0,"Pring__",-0.039,-16.913,0,"_Chun",-23.023,-48.505,0,"_앰프_",-13.682,-64.527,0,"인생최패망자",16.575,-45.556,0,"Multeinn",10.727,-53.269,0,"AI",35.7,-81.8,0,"それいゆ るな",1.33,-115.293,0,"WhiteMountain",-46.552,-94.477,0,0,0,0,0,0,"",0,0,0,0,0,0,0,0,0,0
18,1,0,0,0,2,2,0,0,0,0,255,255,255,4,854.49,"Pugeuk",R,3,87,113,-3.99,-0.183,-0.315,1.295,-36.427,1,0,-422.901,0,19.865,0,0,0,0,3,R,"아침땅_",160,95.405,0.5,0,38,0,0,0,0,0,0,0,0,0,0,0,0,0,0,0,0,0.017,-37.61,0,"Pring__",-0.902,-16.932,0,"_Chun",-22.318,-47.774,0,"_앰프_",-13.672,-64.481,0,"인생최패망자",16.022,-46.652,0,"Multeinn",12.614,-58.442,0,"AI",35.7,-81.8,0,"それいゆ るな",1.326,-115.29,0,"WhiteMountain",-46.75,-94.349,0,0,0,0,0,0,"",0,0,0,0,0,0,0,0,0,0
19,1,0,0,0,0,0,0,1,0,0,255,255,255,5,894.282,"Pugeuk",R,26,89,140,1.015,0.405,0.097,1.301,-36.371,0,0,-10.813,-172.85,14.614,0,0,0,1,5,R,"ke ro",160,85.038,0.399,0,34,0,0,0,0,0,0,0,0,0,0,0,0,0,0,0,0,-0.086,-37.076,0,"Pring__",-0.068,-16.893,0,"_Chun",-20.288,-41.194,0,"_앰프_",-13.511,-64.115,0,"인생최패망자",16.033,-47.491,0,"Multeinn",4.229,-62.477,0,"AI",35.7,-81.8,0,"それいゆ るな",0.326,-115.23,0,"WhiteMountain",-46.884,-94.35,0,0,0,0,0,0,"",0,0,0,0,0,0,0,0,0,0
20,1,0,0,0,0,1,0,1,0,0,255,255,255,6,909.187,"Pugeuk",R,27,95,140,-0.057,-0.155,-0.007,1.233,-36.329,2,0,4.331,-138.422,18.589,0,0,1,1,5,R,"ke ro",160,85.038,0.399,2,34,910.287,173,11,14,0,0,17,56,50.833,-7.759,-0.79,-0.043,-0.079,0.066,0,0.738,-0.008,-36.777,0,"Pring__",-0.02,-16.953,0,"_Chun",-19.613,-45.56,0,"_앰프_",-13.544,-64.105,0,"인생최패망자",16.988,-48.892,0,"Multeinn",6.807,-66.325,0,"AI",35.7,-81.8,0,"それいゆ るな",0.453,-114.774,0,"WhiteMountain",-46.739,-94.451,0,914.986,4.547,-53.474,915.386,4,"인생최패망자",4.575,-53.724,0,1,0,0,0,0,0,2
21,1,0,0,0,0,0,2,0,0,0,255,255,255,7,986.909,"Pugeuk",R,26,83,136,1.643,-0.676,0.177,1.108,-36.368,4,0,-108.578,-198.506,26.058,0,0,1,2,4,L,"하루（Haru）",190,85,0.549,0,34,0,0,0,0,0,0,0,0,0,0,0,0,0,0,0,0,0.156,-37.337,0,"Pring__",0.009,-16.891,0,"_Chun",-22.672,-46.884,0,"_앰프_",-7.56,-64.545,0,"인생최패망자",19.559,-44.723,0,"Multeinn",13.057,-63.919,0,"Yaksok~",42.352,-84.723,0,"それいゆ るな",1.423,-111.057,0,"WhiteMountain",-46.992,-92.945,0,0,0,0,0,0,"",0,0,0,0,0,0,0,0,0,0
22,1,0,0,0,0,1,2,0,0,0,255,255,255,8,1004.513,"Pugeuk",R,26,79,130,-3.666,-1.092,-0.283,1.024,-36.407,1,0,-189.181,-200,26.81,-1.186,-11.725,0,2,4,L,"하루（Haru）",190,85,0.549,0,34,0,0,0,0,0,0,0,0,0,0,0,0,0,0,0,0,-0.252,-37.424,0,"Pring__",-0.264,-16.987,0,"_Chun",-22.366,-46.945,0,"_앰프_",-11.525,-64.784,0,"인생최패망자",19.005,-45.015,0,"Multeinn",12.948,-63.414,0,"Yaksok~",42.498,-86.614,0,"それいゆ るな",1.007,-110.911,0,"WhiteMountain",-47.255,-92.84,0,0,0,0,0,0,"",0,0,0,0,0,0,0,0,0,0
23,1,0,0,0,1,1,2,0,0,0,255,255,255,9,1020.276,"Pugeuk",R,14,87,126,2.895,-1.286,-0.064,1.286,-36.438,1,0,373.632,332.264,29.95,1.143,-16.711,0,2,4,L,"하루（Haru）",190,85,0.549,0,34,0,0,0,0,0,0,0,0,0,0,0,0,0,0,0,0,-0.074,-37.926,0,"Pring__",0.389,-16.962,0,"_Chun",-22.945,-46.979,0,"_앰프_",-11.505,-64.754,0,"인생최패망자",19.008,-44.717,0,"Multeinn",13.332,-63.315,0,"Yaksok~",40.81,-85.885,0,"それいゆ るな",1.206,-110.959,0,"WhiteMountain",-48.338,-92.454,0,0,0,0,0,0,"",0,0,0,0,0,0,0,0,0,0
24,1,0,0,0,2,1,2,0,0,0,255,255,255,10,1034.771,"Pugeuk",R,26,91,140,-0.264,-0.252,-0.007,1.198,-36.323,0,0,-62.659,-176.851,16.455,0,0,0,2,4,L,"하루（Haru）",190,85,0.549,0,34,0,0,0,0,0,0,0,0,0,0,0,0,0,0,0,0,-0.076,-37.527,0,"Pring__",0.011,-16.844,0,"_Chun",-22.676,-47.706,0,"_앰프_",-11.531,-64.773,0,"인생최패망자",20.442,-45.956,0,"Multeinn",12.601,-60.743,0,"Yaksok~",40.77,-85.877,0,"それいゆ るな",0.969,-110.967,0,"WhiteMountain",-47.59,-92.421,0,0,0,0,0,0,"",0,0,0,0,0,0,0,0,0,0
25,1,0,0,0,2,2,2,0,0,0,255,255,255,11,1050.635,"Pugeuk",R,6,69,112,4.899,-1.127,0.129,1.322,-36.415,1,0,442.256,0,22.038,0,0,0,2,4,L,"하루（Haru）",190,85,0.549,0,34,0,0,0,0,0,0,0,0,0,0,0,0,0,0,0,0,-0.074,-37.94,0,"Pring__",0.585,-16.814,0,"_Chun",-22.673,-47.685,0,"_앰프_",-10.176,-63.958,0,"인생최패망자",18.926,-42.372,0,"Multeinn",10.217,-59.007,0,"Yaksok~",43.868,-85.788,0,"それいゆ るな",1.204,-110.929,0,"WhiteMountain",-47.412,-92.541,0,0,0,0,0,0,"",0,0,0,0,0,0,0,0,0,0
26,1,0,0,0,3,2,2,0,0,0,255,255,255,12,1062.943,"Pugeuk",R,27,75,127,-2.024,-0.343,-0.154,1.194,-36.255,2,0,-108.979,-109.453,20.35,0,0,1,2,4,L,"하루（Haru）",190,85,0.549,3,34,1063.911,135,20,52,105,28,136,98,43.967,47.764,-0.16,0.024,-0.022,0.024,0,0.322,-0.244,-37.292,0,"Pring__",-0.177,-17.127,0,"_Chun",-22.335,-47.419,0,"_앰프_",-11.748,-64.241,0,"인생최패망자",20.272,-45.854,0,"Multeinn",14.064,-62.331,0,"Yaksok~",42.294,-85.401,0,"それいゆ るな",2.345,-111.948,0,"WhiteMountain",-47.763,-92.329,0,1068.436,-57.957,-71.308,0,0,"",0,0,0,0,0,0,0,0,0,3
27,1,0,0,0,3,2,2,0,0,0,255,255,255,13,1085.35,"Pugeuk",R,26,88,140,1.23,0.122,0.117,1.269,-36.359,0,0,-10.531,-180.694,21.098,0,0,0,2,4,L,"하루（Haru）",190,85,0.549,0,40,0,0,0,0,0,0,0,0,0,0,0,0,0,0,0,0,-0.126,-37.224,0,"Pring__",0.011,-16.864,0,"_Chun",-21.897,-45.362,0,"_앰프_",-12.406,-65.231,0,"인생최패망자",19.647,-43.372,0,"Multeinn",13.212,-60.306,0,"Yaksok~",43.054,-85.951,0,"それいゆ るな",1.014,-112.607,0,"WhiteMountain",-48.524,-91.433,0,0,0,0,0,0,"",0,0,0,0,0,0,0,0,0,0
28,2,1,0,0,0,0,0,0,0,0,255,255,255,13,1136.683,"눈꽃",R,32,86,140,2.389,-1.679,0.663,1.403,-36.556,2,0,250,-49.796,31.246,0,0,0,5,5,R,"Multeinn",160,94.907,0.2,3,33,1137.708,132,25,32,83,12,85,61,-3.78,-25.23,0.99,-0.101,-0.079,0.12,0,0.371,0.115,-36.96,0,"Kr_Luna",0.059,-17.108,0,"coder_",-20.905,-47.016,0,"아침땅_",-14.401,-64.263,0,"하루（Haru）",19.838,-47.991,0,"ke ro",8.267,-66.58,0,"소솨소솨",41.65,-90.842,0,"AI",0,-100.6,0,"Sabo_10",-40.198,-88.561,0,1137.653,1.186,-19.382,1140.186,4,"하루（Haru）",13.687,-43.491,0,0,0,0,0,0,0,2
29,2,1,0,0,0,0,1,0,0,0,255,255,255,14,1169.002,"눈꽃",R,34,95,140,-3.399,-0.987,0.183,1.419,-36.377,1,0,77.24,-29.386,8.692,0,0,0,6,0,R,"Pugeuk",190,89.157,0.32,0,33,0,0,0,0,0,0,0,0,0,0,0,0,0,0,0,0,0.768,-36.949,0,"Kr_Luna",0.055,-17.012,0,"coder_",-22.158,-48.721,0,"아침땅_",-14.397,-64.384,0,"하루（Haru）",17.491,-49.174,0,"ke ro",7.959,-66.175,0,"소솨소솨",41.991,-91.091,0,"AI",0,-100.6,0,"Sabo_10",-41.975,-92.15,0,0,0,0,0,0,"",0,0,0,0,0,0,0,0,0,0
30,2,1,0,0,1,0,1,0,0,0,255,255,255,15,1183.737,"눈꽃",R,0,42,103,2.477,0.655,0.719,1.86,-37.382,4,0,0,0,-1.389,0,0,1,6,0,R,"Pugeuk",190,89.157,0.32,0,33,0,0,0,0,0,0,0,0,0,0,0,0,0,0,0,0,0.595,-36.999,0,"Kr_Luna",0.125,-17.301,0,"coder_",-22.202,-48.732,0,"아침땅_",-14.375,-64.4,0,"하루（Haru）",18.736,-50.056,0,"ke ro",7.81,-65.635,0,"소솨소솨",44.003,-91.229,0,"AI",0,-100.6,0,"Sabo_10",-42.008,-92.21,0,0,0,0,0,0,"",0,0,0,0,0,0,0,0,0,0
31,2,1,0,0,1,1,1,0,0,0,255,255,255,16,1197.801,"눈꽃",R,32,91,140,-1.118,-1.061,0.572,1.421,-36.507,1,0,154.739,-6.258,5.473,0,0,0,6,0,R,"Pugeuk",190,89.157,0.32,0,33,0,0,0,0,0,0,0,0,0,0,0,0,0,0,0,0,0.376,-37.285,0,"Kr_Luna",-0.028,-17.327,0,"coder_",-22.27,-48.705,0,"아침땅_",-14.362,-64.387,0,"하루（Haru）",17.96,-50.155,0,"ke ro",7.813,-65.705,0,"소솨소솨",42.918,-92.062,0,"AI",0,-100.6,0,"Sabo_10",-42.018,-92.222,0,0,0,0,0,0,"",0,0,0,0,0,0,0,0,0,0
32,2,1,0,0,2,1,1,0,0,0,255,255,255,17,1211.278,"눈꽃",R,3,82,123,-2.353,-1.091,0.594,1.383,-36.465,1,0,-417.342,0,-2.93,0,0,0,6,0,R,"Pugeuk",190,89.157,0.32,0,33,0,0,0,0,0,0,0,0,0,0,0,0,0,0,0,0,0.453,-36.832,0,"Kr_Luna",-0.034,-17.339,0,"coder_",-22.247,-48.699,0,"아침땅_",-14.375,-64.418,0,"하루（Haru）",18.067,-50.697,0,"ke ro",7.808,-65.674,0,"소솨소솨",42.918,-92.061,0,"AI",0,-100.6,0,"Sabo_10",-42.029,-92.214,0,0,0,0,0,0,"",0,0,0,0,0,0,0,0,0,0
33,2,1,0,0,3,1,1,0,0,0,255,255,255,18,1229.186,"눈꽃",R,32,85,138,0.164,0.226,0.54,1.606,-36.446,0,0,250,-200,35.876,0.502,-5.521,0,6,0,R,"Pugeuk",190,89.157,0.32,0,33,0,0,0,0,0,0,0,0,0,0,0,0,0,0,0,0,-0.228,-37,0,"Kr_Luna",0.006,-17.244,0,"coder_",-22.132,-48.646,0,"아침땅_",-14.365,-64.413,0,"하루（Haru）",17.826,-48.488,0,"ke ro",7.812,-65.679,0,"소솨소솨",42.915,-92.06,0,"AI",0,-100.6,0,"Sabo_10",-42.724,-91.768,0,0,0,0,0,0,"",0,0,0,0,0,0,0,0,0,0
34,2,1,0,0,3,2,1,0,0,0,255,255,255,19,1249.155,"눈꽃",R,26,85,139,0.604,0.284,0.477,1.598,-36.347,0,0,170.934,-176.161,27.857,0,0,1,6,0,R,"Pugeuk",190,89.157,0.32,0,33,0,0,0,0,0,0,0,0,0,0,0,0,0,0,0,0,0.656,-36.813,0,"Kr_Luna",0.004,-17.222,0,"coder_",-21.304,-46.106,0,"아침땅_",-14.369,-64.408,0,"하루（Haru）",17.096,-48.383,0,"ke ro",7.589,-65.358,0,"소솨소솨",42.929,-92.045,0,"AI",0,-100.6,0,"Sabo_10",-42.965,-91.252,0,0,0,0,0,0,"",0,0,0,0,0,0,0,0,0,0
35,2,1,0,0,0,0,2,0,0,0,255,255,255,20,1314.448,"눈꽃",R,32,81,133,0.523,0.371,0.581,1.582,-36.494,2,0,191.123,-64.811,17.957,0,0,1,7,8,R,"WhiteMountain",190,87.515,0.398,2,33,1315.527,255,10,102,0,0,136,85,42.976,48.172,-0.79,-0.033,-0.018,0.163,0,0.579,0.463,-36.821,0,"Kr_Luna",0.036,-17.235,0,"coder_",-20.474,-45.379,0,"아침땅_",-14.38,-64.424,0,"하루（Haru）",20.275,-52.585,0,"ke ro",7.847,-65.412,0,"소솨소솨",42.919,-92.048,0,"AI",0,-100.6,0,"Sabo_10",-46.815,-89.746,0,1320.169,-56.235,-57.076,0,0,"",0,0,0,0,0,0,0,0,0,3
36,2,1,0,0,0,1,2,0,0,0,255,255,255,21,1335.271,"눈꽃",R,13,75,114,2.286,0.73,0.844,1.72,-36.76,2,0,-390.434,312.348,-7.702,0,0,1,7,8,R,"WhiteMountain",190,87.515,0.398,2,33,1336.411,214,15,85,96,73,150,103,-6.207,-22.627,0.93,-0.015,0.014,0.081,0,0.38,0.278,-37.363,0,"Kr_Luna",0.104,-17.271,0,"coder_",-20.765,-46.572,0,"아침땅_",-14.391,-64.367,0,"하루（Haru）",15.558,-49.423,0,"ke ro",8.894,-65.361,0,"소솨소솨",43.897,-90.402,0,"AI",0,-100.6,0,"Sabo_10",-48.867,-87.665,0,1336.703,4.21,-30.524,1337.903,4,"하루（Haru）",11.792,-48.397,0,0,0,0,0,0,0,2
37,2,0,0,0,0,0,0,0,0,0,255,255,255,14,1420.932,"Pugeuk",R,29,84,137,-3.793,-1.18,-0.101,1.035,-36.388,1,0,-233.264,-200,54.924,-1.284,-16.291,0,3,8,L,"Sabo_10",179.7,92,0.499,0,32,0,0,0,0,0,0,0,0,0,0,0,0,0,0,0,0,0.006,-37.092,0,"Pring__",-0.128,-16.882,0,"_Chun",-20.556,-44.997,0,"_앰프_",-13.279,-64.863,0,"인생최패망자",20.301,-46.22,0,"Multeinn",14.618,-63.509,0,"Yaksok~",47.358,-89.563,0,"それいゆ るな",0.476,-111.822,0,"WhiteMountain",-45.178,-91.461,0,0,0,0,0,0,"",0,0,0,0,0,0,0,0,0,0
38,2,0,0,0,1,0,0,0,0,0,255,255,255,15,1436.503,"Pugeuk",R,26,86,140,-0.116,-0.046,0.099,1.232,-36.336,0,0,-37.396,-200,22.234,0,0,0,3,8,L,"Sabo_10",179.7,92,0.499,0,32,0,0,0,0,0,0,0,0,0,0,0,0,0,0,0,0,0.127,-37.192,0,"Pring__",0.004,-16.736,0,"_Chun",-20.898,-45.075,0,"_앰프_",-13.277,-64.861,0,"인생최패망자",20.045,-45.949,0,"Multeinn",13.922,-61.271,0,"Yaksok~",45.375,-85.71,0,"それいゆ るな",0.475,-111.839,0,"WhiteMountain",-45.527,-90.926,0,0,0,0,0,0,"",0,0,0,0,0,0,0,0,0,0
39,2,0,0,0,1,1,0,0,0,0,255,255,255,16,1449.088,"Pugeuk",R,26,85,138,1.835,-0.509,0.274,1.155,-36.392,2,0,-14.753,-184.478,14.596,0,0,1,3,8,L,"Sabo_10",179.7,92,0.499,3,32,1450.191,200,12,65,37,23,139,117,28.553,-48.065,0.21,0.043,-0.087,0.199,0,0.156,0.159,-37.107,0,"Pring__",0.006,-16.775,0,"_Chun",-20.527,-44.913,0,"_앰프_",-13.262,-64.854,0,"인생최패망자",20.167,-46.218,0,"Multeinn",12.089,-61.136,0,"Yaksok~",45.379,-85.719,0,"それいゆ るな",0.463,-111.841,0,"WhiteMountain",-45.464,-91.008,0,1454.619,86.659,-72.432,0,0,"",0,0,0,0,0,0,0,0,0,3
40,2,0,0,0,1,2,0,0,0,0,255,255,255,17,1470.161,"Pugeuk",R,6,88,127,3.219,-0.153,0.044,1.437,-36.461,1,0,433.462,122.054,34.721,1.588,-12.335,0,3,8,L,"Sabo_10",179.7,92,0.499,0,84,0,0,0,0,0,0,0,0,0,0,0,0,0,0,0,0,0.043,-37.9,0,"Pring__",0.151,-16.781,0,"_Chun",-21.029,-45.548,0,"_앰프_",-12.898,-65.063,0,"인생최패망자",18.91,-44.174,0,"Multeinn",13.698,-61.799,0,"Yaksok~",44.737,-85.742,0,"それいゆ るな",0.591,-115.001,0,"WhiteMountain",-45.656,-90.904,0,0,0,0,0,0,"",0,0,0,0,0,0,0,0,0,0
41,2,0,0,0,2,2,0,0,0,0,255,255,255,18,1483.06,"Pugeuk",R,6,86,126,-0.55,0.383,-0.104,1.396,-36.442,0,0,483.538,127.244,40.354,0,0,1,3,8,L,"Sabo_10",179.7,92,0.499,0,84,0,0,0,0,0,0,0,0,0,0,0,0,0,0,0,0,-0.133,-38.006,0,"Pring__",0.003,-16.781,0,"_Chun",-20.831,-44.729,0,"_앰프_",-12.906,-65.054,0,"인생최패망자",19.323,-45.083,0,"Multeinn",14.473,-62.908,0,"Yaksok~",44.716,-85.734,0,"それいゆ るな",1.743,-113.342,0,"WhiteMountain",-45.518,-90.994,0,0,0,0,0,0,"",0,0,0,0,0,0,0,0,0,0
42,2,0,0,0,0,0,1,0,0,0,255,255,255,19,1512.154,"Pugeuk",R,14,89,126,-7.303,-0.777,-0.567,1.214,-36.668,1,0,380.896,323.911,37.426,-1.306,-15.056,0,4,1,L,"Kr_Luna",190,94.523,0.497,0,60,0,0,0,0,0,0,0,0,0,0,0,0,0,0,0,0,0.267,-37.388,0,"Pring__",-0.024,-16.81,0,"_Chun",-21.621,-47.437,0,"_앰프_",-13.306,-64.989,0,"인생최패망자",19.896,-45.279,0,"Multeinn",10.291,-63.942,0,"Yaksok~",44.774,-85.954,0,"それいゆ るな",1.788,-114.019,0,"WhiteMountain",-43.997,-91.629,0,0,0,0,0,0,"",0,0,0,0,0,0,0,0,0,0
43,2,0,0,0,1,0,1,0,0,0,255,255,255,20,1531.895,"Pugeuk",R,26,84,138,-2.52,-1.402,0.152,1.177,-36.466,2,0,-112.743,-190.911,30.787,0,0,1,4,1,L,"Kr_Luna",190,94.523,0.497,2,60,1532.647,201,11,75,79,32,150,130,3.051,-29.673,0.65,0.009,-0.045,0.107,0,0.068,-0.001,-37.12,0,"Pring__",0.008,-16.798,0,"_Chun",-21.624,-47.594,0,"_앰프_",-13.281,-64.964,0,"인생최패망자",19.67,-45.108,0,"Multeinn",14.002,-61.479,0,"Yaksok~",44.316,-86.919,0,"それいゆ るな",1.788,-113.983,0,"WhiteMountain",-43.075,-93.457,0,1533.619,16.491,-48.978,1535.453,6,"Yaksok~",36.489,-83.145,1,0,0,0,0,0,0,2
44,2,0,0,0,0,0,1,1,0,0,10,255,255,21,1562.863,"Pugeuk",R,26,89,140,1.823,0.519,0.283,1.377,-36.438,1,0,31.316,-171.955,20.051,0,0,0,5,2,R,"coder_",175.6,88.485,0.402,0,32,0,0,0,0,0,0,0,0,0,0,0,0,0,0,0,0,0.111,-37.094,0,"Pring__",-0.032,-16.872,0,"_Chun",-20.358,-43.666,0,"_앰프_",-12.487,-64.268,0,"인생최패망자",18.692,-44.825,0,"Multeinn",4.846,-63.44,0,"Yaksok~",45.724,-88.271,0,"それいゆ るな",1.202,-112.625,0,"WhiteMountain",-44.317,-93.283,0,0,0,0,0,0,"",0,0,0,0,0,0,0,0,0,0
45,2,0,0,0,1,0,1,1,0,0,10,255,255,22,1577.795,"Pugeuk",R,26,84,137,-0.539,0.534,0.144,1.331,-36.407,0,0,14.347,-180.604,22.722,0,0,1,5,2,R,"coder_",175.6,88.485,0.402,0,32,0,0,0,0,0,0,0,0,0,0,0,0,0,0,0,0,0.21,-37.618,0,"Pring__",-0.06,-16.873,0,"_Chun",-20.209,-43.184,0,"_앰프_",-12.433,-64.403,0,"인생최패망자",17.811,-44.426,0,"Multeinn",3.512,-63.742,0,"Yaksok~",41.834,-84.476,0,"それいゆ るな",1.178,-112.612,0,"WhiteMountain",-45.684,-92.513,0,0,0,0,0,0,"",0,0,0,0,0,0,0,0,0,0
46,2,0,0,0,1,1,1,1,0,0,10,255,255,23,1616.086,"Pugeuk",R,26,91,140,-1.093,0.186,0.105,1.274,-36.388,0,0,-27.714,-185.532,19.34,0,0,0,5,2,R,"coder_",175.6,88.485,0.402,0,32,0,0,0,0,0,0,0,0,0,0,0,0,0,0,0,0,-0.032,-38.052,0,"Pring__",-0.044,-16.863,0,"_Chun",-20.291,-41.968,0,"_앰프_",-12.383,-63.966,0,"인생최패망자",16.91,-47.025,0,"Multeinn",1.018,-60.436,0,"Yaksok~",42.937,-90.834,0,"それいゆ るな",1.162,-112.6,0,"WhiteMountain",-48.273,-93.329,0,0,0,0,0,0,"",0,0,0,0,0,0,0,0,0,0
47,2,0,0,0,1,2,1,1,0,0,10,255,255,24,1630.344,"Pugeuk",R,2,68,98,0.167,1.349,0.41,1.359,-36.584,2,0,-291.075,-378.492,21.736,0,0,1,5,2,R,"coder_",175.6,88.485,0.402,3,32,1631.512,246,15,81,136,80,150,88,108.035,-71,-0.06,-0.208,-0.023,0.177,0,0.507,-0.427,-36.957,0,"Pring__",-0.025,-16.981,0,"_Chun",-19.782,-44.372,0,"_앰프_",-12.956,-64.283,0,"인생최패망자",14.396,-48.713,0,"Multeinn",9.172,-64.601,0,"Yaksok~",42.145,-86.994,0,"それいゆ るな",2.602,-112.167,0,"WhiteMountain",-48.202,-93.415,0,1636.769,-61.484,-7.003,0,0,"",0,0,0,0,0,0,0,0,0,3
48,2,0,0,0,1,2,1,1,0,0,10,255,255,25,1647.216,"Pugeuk",R,27,93,140,-1.665,0.04,-0.156,1.232,-36.416,2,0,-22.47,-135.451,11.425,0,0,1,5,2,R,"coder_",175.6,88.485,0.402,3,32,1648.239,187,11,110,92,37,150,112,-30,46.919,0.31,-0.323,-0.106,0.125,0,0.268,0.03,-37.136,0,"Pring__",-0.036,-16.985,0,"_Chun",-19.662,-42.585,0,"_앰프_",-13.755,-64.215,0,"인생최패망자",15.488,-48.546,0,"Multeinn",8.913,-65.747,0,"Yaksok~",40.796,-85.098,0,"それいゆ るな",0.071,-111.846,0,"WhiteMountain",-48.625,-93.183,0,1648.303,-2.236,-20.588,0,0,"",0,0,0,0,0,0,0,0,0,3
49,2,0,0,0,1,2,1,1,0,0,10,255,255,26,1667.043,"Pugeuk",R,6,67,100,0.779,0.008,0.006,1.298,-36.367,0,0,310.156,0,15.498,0,0,0,5,2,R,"coder_",175.6,88.485,0.402,0,32,0,0,0,0,0,0,0,0,0,0,0,0,0,0,0,0,-0.293,-37.889,0,"Pring__",0.044,-16.914,0,"_Chun",-20.449,-43.599,0,"_앰프_",-13.602,-64.723,0,"인생최패망자",18.254,-44.019,0,"Multeinn",4.719,-63.341,0,"Yaksok~",42.317,-87.601,0,"それいゆ るな",0.113,-110.371,0,"WhiteMountain",-49.377,-92.02,0,0,0,0,0,0,"",0,0,0,0,0,0,0,0,0,0
50,2,0,0,0,0,0,2,1,0,0,10,255,255,27,1686.184,"Pugeuk",R,26,91,140,0.498,-1.234,0.113,1.279,-36.527,1,0,-70.548,-200,14.361,0,0,0,6,6,R,"소솨소솨",175.4,89.728,0.5,0,32,0,0,0,0,0,0,0,0,0,0,0,0,0,0,0,0,-0.022,-38.036,0,"Pring__",-0.08,-16.769,0,"_Chun",-20.006,-41.115,0,"_앰프_",-13.345,-65.211,0,"인생최패망자",9.339,-38.184,0,"Multeinn",3.394,-59.38,0,"Yaksok~",45.367,-88.904,0,"それいゆ るな",0.873,-110.166,0,"WhiteMountain",-49.289,-92.125,0,0,0,0,0,0,"",0,0,0,0,0,0,0,0,0,0
51,2,0,0,0,1,0,2,1,0,0,10,255,255,28,1700.613,"Pugeuk",R,3,84,123,-1.379,1.243,0.152,1.47,-36.516,2,0,-500,0,47.391,0,0,1,6,6,R,"소솨소솨",175.4,89.728,0.5,2,32,1701.672,255,18,3,89,46,23,57,41.725,40.318,-0.78,0.043,-0.042,0.105,0,0.888,-0.236,-36.925,0,"Pring__",-0.036,-16.854,0,"_Chun",-19.988,-42.101,0,"_앰프_",-15.337,-63.158,0,"인생최패망자",8.916,-38.287,0,"Multeinn",14.077,-62.414,0,"Yaksok~",45.535,-88.444,0,"それいゆ るな",0.634,-110.136,0,"WhiteMountain",-49.205,-92.374,0,0,0,0,1705.669,2,"_Chun",-24.829,-49.102,0,0,0,0,0,0,0,1
52,3,1,0,0,0,0,0,0,0,0,255,255,255,22,1754.889,"눈꽃",R,32,87,140,1.382,-0.318,0.591,1.505,-36.63,2,0,250,-145.218,64.852,0,0,1,8,6,R,"Yaksok~",190,84.7,0.301,3,32,1755.713,206,11,69,67,0,146,111,-30,-34.662,0.9,-0.116,-0.065,0.142,0,0.419,0.432,-37.283,0,"Kr_Luna",0.045,-17.423,0,"coder_",-20.091,-47.072,0,"아침땅_",-14.379,-64.387,0,"하루（Haru）",17.271,-48.544,0,"ke ro",8.735,-65.593,0,"소솨소솨",40.881,-85.663,0,"AI",0,-100.601,0,"Sabo_10",-38.766,-86.073,0,1755.719,1.17,-20.433,1757.253,4,"하루（Haru）",18.207,-44.693,0,0,0,0,0,0,0,2
53,3,1,0,0,0,0,1,0,0,0,255,255,255,23,1779.769,"눈꽃",R,32,93,140,-3.071,0.354,0.191,1.69,-36.527,2,0,237.947,98.399,34.305,0,0,1,0,4,R,"인생최패망자",190,80,0.4,3,32,1780.819,191,19,100,126,77,150,114,25.822,-2.852,0.82,-0.056,-0.024,0.062,0,0.344,0.608,-37.052,0,"Kr_Luna",-0.023,-17.247,0,"coder_",-21.579,-48.24,0,"아침땅_",-14.495,-64.342,0,"하루（Haru）",16.742,-48.5,0,"ke ro",9.241,-66.276,0,"소솨소솨",39.674,-91.103,0,"AI",0,-100.602,0,"Sabo_10",-41.728,-91.993,0,1792.186,0.023,-69.133,0,0,"",0,0,1,0,0,0,0,0,0,2
54,3,1,0,0,0,0,1,0,1,0,255,0,255,24,1826.995,"눈꽃",R,13,62,106,-1.566,-0.303,0.62,1.701,-36.703,2,0,-364.799,326.632,20.939,0,0,1,1,2,L,"_Chun",190,80,0.452,3,32,1828.03,208,14,71,44,37,141,95,16.919,21.148,-0.46,0.002,0.006,0.157,0,0.183,0.176,-37.3,0,"Kr_Luna",0.026,-17.313,0,"coder_",-22.302,-47.225,0,"아침땅_",-3.553,-65.533,0,"하루（Haru）",19.39,-49.314,0,"ke ro",10.285,-64.657,0,"소솨소솨",43.729,-90.611,0,"AI",0,-100.602,0,"Sabo_10",-37.826,-87.217,0,1837.703,-29.372,-123.867,0,0,"",0,0,1,0,0,0,0,0,0,2
55,3,1,1,0,0,0,1,0,1,0,255,2,255,25,1870.244,"눈꽃",R,32,85,139,-1.157,0.513,0.119,1.617,-36.6,2,0,250,-200,38.754,0,0,1,2,1,L,"Pring__",180.4,95.172,0.477,3,32,1871.019,134,15,68,74,52,141,89,12.041,-16.825,-0.58,-0.027,-0.059,0.183,0,0.236,0.035,-37.171,0,"Kr_Luna",-0.037,-17.3,0,"coder_",-22.123,-48.403,0,"아침땅_",-3.984,-65.746,0,"하루（Haru）",19.695,-47.482,0,"ke ro",10.965,-64.607,0,"소솨소솨",51.65,-96.725,0,"AI",0,-100.601,0,"Sabo_10",-39.875,-92.726,0,0,0,0,0,0,"",0,0,0,0,0,0,0,0,0,1
56,3,1,1,0,0,0,2,0,1,0,255,2,255,26,1902.992,"눈꽃",R,34,87,140,2.144,0.76,0.663,1.592,-36.729,1,0,67.615,2.439,3.32,0.316,-7.735,0,3,7,R,"それいゆ るな",160,89.534,0.45,0,32,0,0,0,0,0,0,0,0,0,0,0,0,0,0,0,0,0.72,-37.386,0,"Kr_Luna",0.167,-16.84,0,"coder_",-21.243,-47.832,0,"아침땅_",-14.404,-64.447,0,"하루（Haru）",18.378,-46.994,0,"ke ro",8.625,-65.218,0,"소솨소솨",38.915,-94.335,0,"AI",0,-100.6,0,"Sabo_10",-36.907,-87.299,0,0,0,0,0,0,"",0,0,0,2,0,0,0,0,0,0
57,3,0,1,0,0,0,0,0,0,0,255,255,255,29,1962.153,"Pugeuk",R,26,87,140,2.525,-0.569,0.17,1.18,-36.444,1,0,-22.923,-188.805,15.405,0,0,0,7,0,L,"눈꽃",190,85,0.496,0,89,0,0,0,0,0,0,0,0,0,0,0,0,0,0,0,0,0.127,-37.885,0,"Pring__",0.062,-16.927,0,"_Chun",-20.994,-43.499,0,"_앰프_",-15.487,-64.247,0,"인생최패망자",19.461,-45.136,0,"Multeinn",13.296,-58.712,0,"Yaksok~",41.428,-90.263,0,"それいゆ るな",-0.034,-111.127,0,"WhiteMountain",-46.622,-95.486,0,0,0,0,0,0,"",0,0,0,0,0,0,0,0,0,0
58,3,0,1,0,1,0,0,0,0,0,255,255,255,30,1973.208,"Pugeuk",R,3,77,116,0.43,0.995,0.207,1.485,-36.47,4,0,-463.075,0,42.416,0,0,1,7,0,L,"눈꽃",190,85,0.496,0,89,0,0,0,0,0,0,0,0,0,0,0,0,0,0,0,0,0.038,-37.591,0,"Pring__",0.034,-16.94,0,"_Chun",-21.757,-46.683,0,"_앰프_",-13.371,-64.568,0,"인생최패망자",19.506,-45.305,0,"Multeinn",15.277,-56.394,0,"Yaksok~",41.575,-89.957,0,"それいゆ るな",-0.038,-111.131,0,"WhiteMountain",-46.967,-94.705,0,0,0,0,0,0,"",0,0,0,0,0,0,0,0,0,0
59,3,0,1,0,1,1,0,0,0,0,255,255,255,31,1986.15,"Pugeuk",R,6,94,127,2.51,0.091,-0.045,1.495,-36.532,2,0,448.321,58.434,28.046,0,0,1,7,0,L,"눈꽃",190,85,0.496,3,89,1987.239,177,18,28,126,21,88,87,25.45,-30.482,0.64,-0.002,0,0.027,0,0.332,-0.178,-37.163,0,"Pring__",0.038,-16.999,0,"_Chun",-21.962,-46.309,0,"_앰프_",-13.322,-64.668,0,"인생최패망자",19.468,-45.488,0,"Multeinn",13.558,-62.431,0,"Yaksok~",41.568,-89.956,0,"それいゆ るな",-0.035,-111.13,0,"WhiteMountain",-47.042,-94.671,0,1991.453,40.438,-78.698,0,0,"",0,0,0,0,0,0,0,0,0,1
60,3,0,1,0,0,0,1,0,0,0,255,255,255,32,2012.003,"Pugeuk",R,2,69,111,1.907,0.508,0.338,1.308,-36.593,4,0,-354.992,-352.109,50.508,0,0,1,0,3,R,"아침땅_",160,95.405,0.5,0,32,0,0,0,0,0,0,0,0,0,0,0,0,0,0,0,0,-0.064,-37.214,0,"Pring__",0.029,-16.965,0,"_Chun",-22.457,-46.145,0,"_앰프_",-15.3,-63.48,0,"인생최패망자",16.93,-48.37,0,"Multeinn",13.827,-58.99,0,"Yaksok~",41.813,-86.479,0,"それいゆ るな",0.346,-112.631,0,"WhiteMountain",-46.935,-94.791,0,0,0,0,0,0,"",0,0,0,0,0,0,0,0,0,0
61,3,0,1,0,0,1,1,0,0,0,255,255,255,33,2025.985,"Pugeuk",R,10,82,124,0.557,-2.491,-0.06,1.211,-36.482,1,0,75.152,400,24.929,0.119,-19.489,0,0,3,R,"아침땅_",160,95.405,0.5,0,36,0,0,0,0,0,0,0,0,0,0,0,0,0,0,0,0,-0.056,-37.76,0,"Pring__",0.053,-16.942,0,"_Chun",-22.427,-46.154,0,"_앰프_",-15.289,-63.482,0,"인생최패망자",15.904,-47.767,0,"Multeinn",12.966,-57.92,0,"Yaksok~",41.134,-84.373,0,"それいゆ るな",0.344,-112.63,0,"WhiteMountain",-47.16,-94.654,0,0,0,0,0,0,"",0,0,0,0,0,0,0,0,0,0
62,3,0,1,0,1,1,1,0,0,0,255,255,255,34,2037.91,"Pugeuk",R,3,72,102,-1.282,-0.664,0.051,1.155,-36.366,2,0,-367.81,0,3.613,0,0,1,0,3,R,"아침땅_",160,95.405,0.5,2,36,2038.908,124,19,93,106,95,141,107,-30,21.187,0.88,-0.012,-0.034,0.032,0,0.3,0.091,-36.767,0,"Pring__",0.034,-17.007,0,"_Chun",-22.033,-46.099,0,"_앰프_",-15.279,-63.42,0,"인생최패망자",15.914,-47.388,0,"Multeinn",13.009,-59.085,0,"Yaksok~",41.115,-84.358,0,"それいゆ るな",0.348,-112.629,0,"WhiteMountain",-47.683,-94.308,0,2038.92,-0.645,-21.223,0,0,"",0,0,0,0,0,0,0,0,0,2
63,3,0,1,0,0,0,2,0,0,0,255,255,255,35,2056.619,"Pugeuk",R,29,93,140,-1.758,-2.179,-0.112,1.113,-36.393,4,0,-234.078,-200,31.292,-0.486,-17.455,1,1,5,R,"ke ro",160,85.038,0.399,0,32,0,0,0,0,0,0,0,0,0,0,0,0,0,0,0,0,-0.387,-37.97,0,"Pring__",-0.264,-17.282,0,"_Chun",-21.471,-46.301,0,"_앰프_",-14.406,-64.137,0,"인생최패망자",15.904,-45.495,0,"Multeinn",8.262,-59.76,0,"Yaksok~",41.469,-84.187,0,"それいゆ るな",-0.887,-111.841,0,"WhiteMountain",-47.591,-92.051,0,0,0,0,0,0,"",0,0,0,0,0,0,0,0,0,0
64,3,0,1,0,0,1,2,0,0,0,255,255,255,36,2068.456,"Pugeuk",R,3,82,121,0.649,0.42,0.231,1.375,-36.507,0,0,-493.412,-44.978,76.402,0,0,1,1,5,R,"ke ro",160,85.038,0.399,0,32,0,0,0,0,0,0,0,0,0,0,0,0,0,0,0,0,0.039,-36.798,0,"Pring__",0.007,-16.954,0,"_Chun",-21.45,-45.849,0,"_앰프_",-14.423,-64.09,0,"인생최패망자",15.15,-46.995,0,"Multeinn",11.351,-63.796,0,"Yaksok~",41.358,-84.263,0,"それいゆ るな",-0.887,-111.846,0,"WhiteMountain",-47.244,-92.08,0,0,0,0,0,0,"",0,0,0,0,0,0,0,0,0,0
65,3,0,1,0,0,2,2,0,0,0,255,255,255,37,2081.314,"Pugeuk",R,10,76,105,-0.643,-0.054,-0.152,1.695,-36.605,0,0,0,400,14.444,0,0,1,1,5,R,"ke ro",160,85.038,0.399,0,88,0,0,0,0,0,0,0,0,0,0,0,0,0,0,0,0,-0.128,-37.388,0,"Pring__",-0.002,-16.991,0,"_Chun",-21.165,-44.703,0,"_앰프_",-14.724,-62.994,0,"인생최패망자",17.751,-44.314,0,"Multeinn",8.127,-59.757,0,"Yaksok~",40.049,-85.468,0,"それいゆ るな",-0.543,-111.718,0,"WhiteMountain",-47.153,-92.098,0,0,0,0,0,0,"",0,0,0,0,0,0,0,0,0,0
66,4,1,1,0,0,0,0,0,0,0,255,255,255,27,2125.636,"눈꽃",R,32,90,140,0.202,0.016,0.465,1.605,-36.554,0,0,250,7.53,20.767,0,0,0,3,7,R,"それいゆ るな",160,89.534,0.45,0,32,0,0,0,0,0,0,0,0,0,0,0,0,0,0,0,0,0.566,-36.978,0,"Kr_Luna",-0.035,-17.274,0,"coder_",-19.234,-46.944,0,"아침땅_",-14.574,-64.437,0,"하루（Haru）",18.003,-49.516,0,"ke ro",7.772,-65.244,0,"소솨소솨",46.558,-90.573,0,"AI",0,-100.6,0,"Sabo_10",-38.276,-88.025,0,0,0,0,0,0,"",0,0,0,0,0,0,0,0,0,0
67,4,1,1,0,0,1,0,0,0,0,255,255,255,28,2146.691,"눈꽃",R,32,89,140,1.293,0.008,0.558,1.634,-36.542,0,0,250,30.851,34.009,0.455,-11.915,1,3,7,R,"それいゆ るな",160,89.534,0.45,0,32,0,0,0,0,0,0,0,0,0,0,0,0,0,0,0,0,-0.314,-36.942,0,"Kr_Luna",-0.014,-17.283,0,"coder_",-20.128,-46.721,0,"아침땅_",-14.482,-64.26,0,"하루（Haru）",18.439,-49.653,0,"ke ro",7.729,-65.658,0,"소솨소솨",42.894,-92.4,0,"AI",0,-100.6,0,"Sabo_10",-38.271,-88.036,0,0,0,0,0,0,"",0,0,0,0,0,0,0,0,0,0
68,4,1,1,0,0,2,0,0,0,0,255,255,255,29,2169.945,"눈꽃",R,34,77,128,-1.697,1.289,0.355,1.72,-36.461,4,0,73.779,-9.624,28.038,-0.633,-7.355,1,3,7,R,"それいゆ るな",160,89.534,0.45,0,32,0,0,0,0,0,0,0,0,0,0,0,0,0,0,0,0,0.12,-37.204,0,"Kr_Luna",0.102,-17.297,0,"coder_",-20.244,-46.821,0,"아침땅_",-14.461,-64.277,0,"하루（Haru）",18.382,-49.995,0,"ke ro",8.109,-65.448,0,"소솨소솨",39.668,-88.634,0,"AI",0,-100.6,0,"Sabo_10",-38.76,-88.512,0,0,0,0,0,0,"",0,0,1,0,0,0,0,0,0,0
69,4,1,1,0,0,0,1,0,0,0,255,255,255,30,2336.13,"눈꽃",R,5,66,118,1.787,1.432,0.753,1.746,-36.802,1,0,-146.343,0,-8.866,0,0,0,3,3,R,"_앰프_",160,80,0.396,0,32,0,0,0,0,0,0,0,0,0,0,0,0,0,0,0,0,0.738,-37.445,0,"Kr_Luna",0.092,-17.293,0,"coder_",-22.488,-49.53,0,"아침땅_",-14.415,-64.415,0,"하루（Haru）",18.63,-48.495,0,"ke ro",9.973,-65.401,0,"소솨소솨",41.005,-88.997,0,"AI",0,-100.6,0,"Sabo_10",-36.693,-84.538,0,0,0,0,0,0,"",0,0,0,0,0,0,0,0,0,0
70,4,1,1,0,1,0,1,0,0,0,255,255,255,31,2349.458,"눈꽃",R,34,81,133,-1.504,-0.921,0.469,1.395,-36.576,2,0,66.024,-51.399,0.819,0,0,1,3,3,R,"_앰프_",160,80,0.396,3,32,2350.502,255,24,45,103,57,135,91,10.943,10.655,0.9,-0.061,-0.055,0.06,0,0.166,-0.095,-37.134,0,"Kr_Luna",0.01,-17.349,0,"coder_",-22.506,-49.573,0,"아침땅_",-14.404,-64.36,0,"하루（Haru）",18.096,-48.05,0,"ke ro",10.207,-65.538,0,"소솨소솨",44.766,-90.656,0,"AI",0,-100.6,0,"Sabo_10",-37.173,-84.554,0,2352.72,-14.688,-68.434,0,0,"",0,0,1,0,0,0,0,0,0,2
71,4,1,1,0,0,0,1,1,0,0,3,255,255,32,2388.789,"눈꽃",R,32,82,134,-0.891,-0.996,0.512,1.431,-36.572,0,0,204.926,-66.407,2.839,0,0,0,4,5,R,"Multeinn",160,94.907,0.2,0,32,0,0,0,0,0,0,0,0,0,0,0,0,0,0,0,0,-0.593,-35.694,0,"Kr_Luna",-0.061,-17.364,0,"coder_",-19.795,-43.115,0,"아침땅_",-14.184,-64.421,0,"하루（Haru）",16.014,-47.612,0,"ke ro",10.484,-63.692,0,"소솨소솨",37.235,-91.524,0,"AI",0,-100.6,0,"Sabo_10",-32.62,-79.698,0,0,0,0,0,0,"",0,0,0,0,0,0,0,0,0,0
72,4,1,1,0,0,1,1,1,0,0,3,255,255,33,2406.46,"눈꽃",R,32,85,139,1.112,0.183,0.615,1.57,-36.518,0,0,205.848,-27.004,21.659,0,0,0,4,5,R,"Multeinn",160,94.907,0.2,0,32,0,0,0,0,0,0,0,0,0,0,0,0,0,0,0,0,0.458,-36.894,0,"Kr_Luna",-0.059,-17.361,0,"coder_",-19.518,-41.012,0,"아침땅_",-14.303,-64.334,0,"하루（Haru）",17.266,-47.144,0,"ke ro",9.077,-64.192,0,"소솨소솨",39.261,-88.052,0,"AI",0,-100.6,0,"Sabo_10",-34.323,-80.885,0,0,0,0,0,0,"",0,0,0,0,0,0,0,0,0,0
73,4,1,1,0,0,2,1,1,0,0,3,255,255,34,2425.533,"눈꽃",R,13,62,107,-0.568,-0.383,0.616,1.518,-36.56,2,0,-360.318,335.841,-16.066,0,0,0,4,5,R,"Multeinn",160,94.907,0.2,3,31,2426.644,140,21,10,61,67,28,38,-56.687,15.76,0.99,-0.054,-0.118,0.035,0,0.455,0.064,-37.029,120,"Kr_Luna",0.02,-17.359,0,"coder_",-19.987,-44.165,70,"아침땅_",-14.02,-63.529,0,"하루（Haru）",16.982,-47.538,0,"ke ro",8.78,-65.832,85,"소솨소솨",38.67,-87.877,0,"AI",0,-100.6,0,"Sabo_10",-36.741,-83.091,0,2426.536,-0.237,-20.902,0,0,"",0,0,1,0,0,0,0,0,0,2
74,4,1,1,0,0,0,2,1,0,0,5,255,255,35,2458.117,"눈꽃",R,5,78,127,0.487,0.557,0.752,1.543,-36.67,0,0,-94.025,0,-4.8,0,0,0,5,0,R,"Pugeuk",190,93.173,0.548,0,31,0,0,0,0,0,0,0,0,0,0,0,0,0,0,0,0,0.426,-37.169,0,"Kr_Luna",-0.084,-17.29,119,"coder_",-20.15,-43.851,0,"아침땅_",-14.576,-64.342,0,"하루（Haru）",17.757,-47.324,0,"ke ro",9.968,-64.679,0,"소솨소솨",40.301,-94.665,0,"AI",0,-100.6,0,"Sabo_10",-41.048,-86.959,0,0,0,0,0,0,"",0,0,0,0,0,0,0,0,0,0
75,4,1,1,0,0,1,2,0,1,0,255,5,255,36,2475.872,"눈꽃",R,32,88,140,-3.864,-0.786,0.182,1.443,-36.582,1,0,250,77.097,18.108,0,0,0,5,0,R,"Pugeuk",190,93.173,0.548,0,31,0,0,0,0,0,0,0,0,0,0,0,0,0,0,0,0,0.308,-37.264,0,"Kr_Luna",-0.545,-17.737,0,"coder_",-21.654,-46.396,0,"아침땅_",-14.034,-64.695,0,"하루（Haru）",19.177,-43.587,0,"ke ro",1.659,-60.697,0,"소솨소솨",40.806,-94.327,0,"AI",0,-100.6,0,"Sabo_10",-39.551,-89.69,0,0,0,0,0,0,"",0,0,0,0,0,0,0,0,0,0
76,4,1,1,0,1,1,2,0,1,0,255,5,255,37,2493.134,"눈꽃",R,34,93,140,-1.495,0.671,0.5,1.718,-36.553,4,0,72.327,-9.376,7.342,0,0,1,5,0,R,"Pugeuk",190,93.173,0.548,0,31,0,0,0,0,0,0,0,0,0,0,0,0,0,0,0,0,0.171,-37.457,0,"Kr_Luna",0.122,-17.241,0,"coder_",-22.802,-48.527,0,"아침땅_",-14.097,-64.629,0,"하루（Haru）",18.413,-45.928,80,"ke ro",2.195,-62.874,0,"소솨소솨",40.806,-94.332,0,"AI",0,-100.6,0,"Sabo_10",-43.052,-89.549,0,0,0,0,0,0,"",0,0,0,0,0,0,0,0,0,0
77,4,1,1,0,1,2,2,0,0,1,255,255,5,38,2529.946,"눈꽃",R,46,57,99,1.426,-0.898,0.725,1.224,-36.753,0,0,139.885,12.557,6.021,0,0,0,5,0,R,"Pugeuk",190,93.173,0.548,0,31,0,0,0,0,0,0,0,0,0,0,0,0,0,0,0,0,0.515,-37.204,0,"Kr_Luna",0.151,-17.274,0,"coder_",-24.212,-49.13,0,"아침땅_",-14.418,-64.34,0,"하루（Haru）",18.981,-41.483,0,"ke ro",6.41,-63.674,0,"소솨소솨",41.817,-93.416,0,"AI",0,-100.6,0,"Sabo_10",-42.544,-87.745,0,0,0,0,0,0,"",0,0,0,0,0,0,0,0,0,0
78,4,0,1,0,0,0,0,0,0,0,255,255,255,38,2577.022,"Pugeuk",R,3,72,113,1.907,0.951,0.338,1.518,-36.606,2,0,-500,0,68.901,0,0,1,2,4,R,"하루（Haru）",190,85,0.549,3,38,2578.059,146,18,19,49,56,50,56,110.386,-58.501,0.22,-0.017,0.003,0.067,0,0.301,-0.11,-37.257,0,"Pring__",0.013,-17.01,0,"_Chun",-21.944,-46.008,0,"_앰프_",-14.026,-63.765,0,"인생최패망자",16.83,-47.655,0,"Multeinn",14.183,-62.881,0,"AI",35.7,-81.8,0,"Yaksok~",1.804,-112.591,0,"WhiteMountain",-49.318,-94.241,0,2582.703,-25.874,-2.663,0,0,"",0,0,0,0,0,0,0,0,0,3
79,4,0,1,0,0,1,0,0,0,0,255,255,255,39,2597.001,"Pugeuk",R,3,82,120,-1.263,-0.158,0.089,1.324,-36.497,0,0,-500,0,42.623,0,0,0,2,4,R,"하루（Haru）",190,85,0.549,0,31,0,0,0,0,0,0,0,0,0,0,0,0,0,0,0,0,0.057,-37.151,0,"Pring__",-0.093,-17.059,0,"_Chun",-21.719,-45.48,0,"_앰프_",-15.183,-63.78,0,"인생최패망자",18.436,-45.06,0,"Multeinn",11.73,-61.647,0,"AI",35.7,-81.8,0,"Yaksok~",0.147,-109.623,0,"WhiteMountain",-51.167,-91.781,0,0,0,0,0,0,"",0,0,0,0,0,0,0,0,0,0
80,4,0,1,0,0,2,0,0,0,0,255,255,255,40,2613.679,"Pugeuk",R,6,71,102,-0.055,-0.659,-0.41,1.308,-36.536,0,0,354.392,0,17.664,0,0,1,2,4,R,"하루（Haru）",190,85,0.549,0,31,0,0,0,0,0,0,0,0,0,0,0,0,0,0,0,0,-0.239,-37.298,0,"Pring__",-0.015,-17.064,0,"_Chun",-22.559,-46.481,0,"_앰프_",-15.149,-63.702,0,"인생최패망자",17.031,-44.419,0,"Multeinn",9.35,-59.749,0,"AI",35.7,-81.8,0,"Yaksok~",-7.176,-111.888,0,"WhiteMountain",-51.205,-91.797,0,0,0,0,0,0,"",0,0,0,0,0,0,0,0,0,0
81,4,0,1,0,0,0,1,0,0,0,255,255,255,41,2643.19,"Pugeuk",R,6,62,93,3.679,-0.032,0.057,1.43,-36.428,4,0,422.727,0,22.021,0,0,1,3,8,L,"Sabo_10",179.7,92,0.499,0,31,0,0,0,0,0,0,0,0,0,0,0,0,0,0,0,0,-0.179,-37.552,0,"Pring__",0.253,-16.991,0,"_Chun",-21.971,-46.068,0,"_앰프_",-12.069,-61.637,0,"인생최패망자",19.399,-45.475,0,"Multeinn",13.445,-60.176,0,"AI",35.7,-81.8,0,"Yaksok~",7.116,-113.207,0,"WhiteMountain",-51.334,-91.796,0,0,0,0,0,0,"",0,0,0,0,0,0,0,0,0,0
82,4,0,1,0,0,1,1,0,0,0,255,255,255,42,2656.538,"Pugeuk",R,26,91,140,1.935,-0.631,0.114,1.194,-36.436,1,0,15.818,-173.382,13.714,0,0,0,3,8,L,"Sabo_10",179.7,92,0.499,0,31,0,0,0,0,0,0,0,0,0,0,0,0,0,0,0,0,0.132,-36.969,0,"Pring__",0.139,-17.008,0,"_Chun",-21.996,-45.966,0,"_앰프_",-12.113,-61.56,0,"인생최패망자",20.075,-46.118,0,"Multeinn",12.776,-60.56,0,"AI",35.7,-81.8,0,"Yaksok~",7.424,-112.634,0,"WhiteMountain",-51.238,-91.85,0,0,0,0,0,0,"",0,0,0,0,0,0,0,0,0,0
83,4,0,1,0,1,1,1,0,0,0,255,255,255,43,2667.841,"Pugeuk",R,26,60,117,1.28,-0.749,0.123,1.558,-36.591,0,0,-24.833,-157.999,2.474,0,0,1,3,8,L,"Sabo_10",179.7,92,0.499,0,31,0,0,0,0,0,0,0,0,0,0,0,0,0,0,0,0,-0.023,-37.069,0,"Pring__",0.134,-16.981,0,"_Chun",-21.93,-46.083,0,"_앰프_",-12.116,-61.586,0,"인생최패망자",19.59,-45.714,0,"Multeinn",13.807,-62.915,0,"AI",35.7,-81.8,0,"Yaksok~",7.417,-112.634,0,"WhiteMountain",-51.372,-91.777,0,0,0,0,0,0,"",0,0,0,0,0,0,0,0,0,0
84,4,0,1,0,1,2,1,0,0,0,255,255,255,44,2682.477,"Pugeuk",R,3,64,95,-1.502,-0.476,0.077,1.09,-36.415,4,0,-410.847,-153.924,9.338,0,0,1,3,8,L,"Sabo_10",179.7,92,0.499,0,31,0,0,0,0,0,0,0,0,0,0,0,0,0,0,0,0,-0.146,-37.218,0,"Pring__",-0.2,-16.935,0,"_Chun",-22,-45.468,0,"_앰프_",-13.289,-62.252,0,"인생최패망자",19.632,-43.796,0,"Multeinn",11.586,-59.747,0,"AI",35.7,-81.8,0,"Yaksok~",9.979,-111.877,0,"WhiteMountain",-51.263,-91.801,0,0,0,0,0,0,"",0,0,0,0,0,0,0,0,0,0
85,4,0,1,0,0,0,2,0,0,0,255,255,255,45,2707.58,"Pugeuk",R,27,88,140,-0.681,0.08,-0.061,1.273,-36.325,0,0,-9.383,-134.651,4.451,0,0,1,4,1,L,"Kr_Luna",190,94.523,0.497,0,31,0,0,0,0,0,0,0,0,0,0,0,0,0,0,0,0,-0.035,-37.173,0,"Pring__",-0.045,-16.894,0,"_Chun",-21.981,-46.106,0,"_앰프_",-13.944,-63.657,0,"인생최패망자",18.695,-45.748,0,"Multeinn",15.817,-63.207,0,"AI",35.7,-81.8,0,"Yaksok~",8.923,-111.866,0,"WhiteMountain",-51.223,-91.88,0,0,0,0,0,0,"",0,0,0,0,0,0,0,0,0,0
86,4,0,1,0,0,1,2,0,0,0,255,255,255,46,2721.367,"Pugeuk",R,7,56,94,-0.152,-0.782,-0.17,1.075,-36.41,0,0,209.275,0,6.134,0,0,0,4,1,L,"Kr_Luna",190,94.523,0.497,0,31,0,0,0,0,0,0,0,0,0,0,0,0,0,0,0,0,-0.058,-37.21,0,"Pring__",0.134,-16.87,0,"_Chun",-21.694,-45.631,0,"_앰프_",-13.929,-63.632,0,"인생최패망자",18.976,-46.425,0,"Multeinn",15.813,-63.225,0,"AI",35.7,-81.8,0,"Yaksok~",8.056,-111.907,0,"WhiteMountain",-51.246,-91.842,0,0,0,0,0,0,"",0,0,0,0,0,0,0,0,0,0
87,4,0,1,0,0,2,2,0,0,0,255,255,255,47,2736.214,"Pugeuk",R,26,85,139,-0.587,1.207,-0.039,1.476,-36.441,4,0,-55.439,-189.654,13.831,0,0,1,4,1,L,"Kr_Luna",190,94.523,0.497,0,31,0,0,0,0,0,0,0,0,0,0,0,0,0,0,0,0,-0.19,-37.17,0,"Pring__",-0.033,-17.023,0,"_Chun",-21.592,-45.921,0,"_앰프_",-13.92,-63.652,0,"인생최패망자",19.054,-44.965,0,"Multeinn",15.477,-62.407,0,"AI",35.7,-81.8,0,"Yaksok~",8.041,-111.9,0,"WhiteMountain",-51.07,-91.937,0,0,0,0,0,0,"",0,0,0,0,0,0,0,0,0,0
88,5,1,1,0,0,0,0,0,0,0,255,255,255,39,2824.886,"눈꽃",R,0,87,140,-2.249,-0.946,0.422,1.4,-36.546,1,0,28.388,-14.163,3.238,0,0,0,6,8,R,"WhiteMountain",190,87.515,0.398,0,31,0,0,0,0,0,0,0,0,0,0,0,0,0,0,0,0,0.254,-37.193,0,"Kr_Luna",-0.014,-17.286,0,"coder_",-21.366,-46.199,0,"아침땅_",-14.399,-64.36,0,"하루（Haru）",18.044,-47.348,0,"ke ro",6.496,-66.521,0,"소솨소솨",40.869,-95.996,0,"AI",0,-100.6,0,"Sabo_10",-43.836,-86.1,0,0,0,0,0,0,"",0,0,0,0,0,0,0,0,0,0
89,5,1,1,0,1,0,0,0,0,0,255,255,255,40,2838.676,"눈꽃",R,32,91,140,-0.876,-0.797,0.43,1.406,-36.501,2,0,204.036,-40.212,5.729,0,0,1,6,8,R,"WhiteMountain",190,87.515,0.398,2,31,2839.73,112,14,63,51,0,137,129,-30,-5.508,0.62,-0.061,-0.122,0.068,0,0.58,0.115,-37.114,0,"Kr_Luna",-0.026,-17.289,0,"coder_",-21.442,-48.864,0,"아침땅_",-14.39,-64.373,0,"하루（Haru）",18.178,-47.546,0,"ke ro",5.632,-67.319,0,"소솨소솨",40.814,-95.365,0,"AI",0,-100.6,0,"Sabo_10",-43.816,-86.045,0,2839.72,-0.104,-20.074,0,0,"",0,0,1,0,0,0,0,0,0,2
90,5,1,1,0,0,0,0,1,0,0,8,255,255,41,2870.027,"눈꽃",R,32,89,140,0.42,-0.114,0.471,1.521,-36.505,2,0,250,-200,20.126,0,0,1,7,0,R,"Yaksok~",190,99.236,0.301,3,32,2870.82,8,0,0,4,0,0,47,-43.818,-10.924,0.68,-0.042,-0.055,0,1,0.566,0.337,-36.894,0,"Kr_Luna",-0.089,-17.285,0,"coder_",-20.239,-45.228,0,"아침땅_",-14.084,-64.599,0,"하루（Haru）",16.977,-49.282,0,"ke ro",4.251,-62.624,0,"소솨소솨",36.393,-90.369,0,"AI",0,-100.6,0,"Sabo_10",-38.247,-79.847,0,2870.836,0.247,-21.02,0,0,"",0,0,1,0,0,0,0,0,0,2
91,5,1,1,0,0,0,0,1,1,0,255,8,255,42,2900.896,"눈꽃",R,0,45,105,6.854,-1.037,0.758,1.175,-37.407,1,0,44.9,43.028,-0.261,1.471,-14.884,0,0,4,R,"인생최패망자",190,80,0.4,0,32,0,0,0,0,0,0,0,0,0,0,0,0,0,0,0,0,0.221,-37.009,0,"Kr_Luna",0.42,-16.436,0,"coder_",-20.658,-42.92,0,"아침땅_",-14.467,-64.383,0,"하루（Haru）",19.869,-43.909,0,"ke ro",7.682,-62.018,0,"소솨소솨",41.534,-92.236,0,"AI",0,-100.6,0,"Sabo_10",-38.436,-88.587,0,0,0,0,0,0,"",0,0,0,0,0,0,0,0,0,0
92,5,1,1,0,1,0,0,1,1,0,255,8,255,43,2934.108,"눈꽃",R,32,69,123,1.449,0.542,0.66,1.599,-36.581,0,0,250,15.904,25.177,0.669,-7.198,0,0,4,R,"인생최패망자",190,80,0.4,0,32,0,0,0,0,0,0,0,0,0,0,0,0,0,0,0,0,0.409,-37.039,0,"Kr_Luna",-0.012,-15.548,0,"coder_",-20.318,-44.123,0,"아침땅_",-14.392,-64.484,0,"하루（Haru）",18.232,-43.538,0,"ke ro",6.756,-63.653,0,"소솨소솨",40.826,-90.793,0,"AI",0,-100.6,0,"Sabo_10",-39.717,-85.129,0,0,0,0,0,0,"",0,0,0,0,0,0,0,0,0,0
93,5,1,1,0,1,1,0,1,1,0,0,8,255,44,2957.48,"눈꽃",R,3,59,105,-1.779,0.264,0.58,1.493,-36.509,4,0,-477.273,0,4.341,-1.821,-10.151,1,0,4,R,"인생최패망자",190,80,0.4,0,32,0,0,0,0,0,0,0,0,0,0,0,0,0,0,0,0,0.525,-37.296,0,"Kr_Luna",-1.084,-16.375,0,"coder_",-20.578,-44.328,0,"아침땅_",-14.097,-64.449,0,"하루（Haru）",19.37,-44.801,0,"ke ro",8.327,-63.38,0,"소솨소솨",41.95,-92.207,0,"AI",0,-100.6,0,"Sabo_10",-37.31,-82.445,0,0,0,0,0,0,"",0,0,0,0,0,0,0,0,0,0
94,5,1,1,0,1,2,0,0,1,1,255,7,8,45,2987.195,"눈꽃",R,32,79,130,1.296,1.048,0.583,1.764,-36.55,4,0,169.957,-56.701,31.152,0,0,1,0,4,R,"인생최패망자",190,107,0.4,0,32,0,0,0,0,0,0,0,0,0,0,0,0,0,0,0,0,0.478,-37.058,0,"Kr_Luna",0.234,-17.276,0,"coder_",-18.639,-42.226,0,"아침땅_",-14.447,-64.356,0,"하루（Haru）",18.456,-41.989,0,"ke ro",4.189,-61.531,0,"소솨소솨",40.173,-91.245,0,"AI",0,-100.601,0,"Sabo_10",-39.13,-85.079,0,0,0,0,0,0,"",0,0,0,0,0,0,0,0,0,0
95,5,1,1,0,0,0,1,0,1,1,255,7,8,46,3015.452,"눈꽃",R,5,67,120,1.223,0.122,0.718,1.561,-36.658,0,0,-69.231,0,10.13,0,0,0,1,2,L,"_Chun",190,80,0.452,0,32,0,0,0,0,0,0,0,0,0,0,0,0,0,0,0,0,0.146,-37.538,0,"Kr_Luna",-0.013,-17.087,0,"coder_",-20.12,-43.459,0,"아침땅_",-1.83,-65.674,0,"하루（Haru）",19.615,-44.466,0,"ke ro",8.13,-64.658,0,"소솨소솨",45.245,-91.015,0,"AI",0,-100.601,0,"Sabo_10",-30.936,-83.136,0,0,0,0,0,0,"",0,0,0,0,0,0,0,0,0,0
96,5,1,1,0,0,1,1,0,1,1,255,7,8,47,3033.687,"눈꽃",R,33,77,129,-0.089,-0.767,0.341,1.46,-36.422,2,0,118.602,-51.582,22.3,0,0,1,1,2,L,"_Chun",190,80,0.452,3,32,3034.629,255,8,70,61,34,145,123,106.18,70.06,0.74,-0.003,-0.014,0.237,0,0.344,0.148,-37.127,0,"Kr_Luna",-0.018,-17.167,0,"coder_",-18.644,-45.465,0,"아침땅_",-1.766,-65.996,0,"하루（Haru）",18.386,-47.1,0,"ke ro",9.907,-64.448,0,"소솨소솨",45.954,-90.46,0,"AI",0,-100.602,0,"Sabo_10",-30.96,-83.129,0,0,0,0,0,0,"",0,0,0,0,0,0,0,0,0,3
97,5,1,1,0,0,2,1,0,1,1,255,7,8,48,3050.71,"눈꽃",R,34,87,140,2.302,0.022,0.681,1.584,-36.525,4,0,79.895,-69.987,15.949,0,0,1,1,2,L,"_Chun",190,80,0.452,0,32,0,0,0,0,0,0,0,0,0,0,0,0,0,0,0,0,0.841,-37.243,0,"Kr_Luna",0.002,-17.09,0,"coder_",-20.631,-43.45,0,"아침땅_",-7.512,-66.002,0,"하루（Haru）",20.135,-43.871,0,"ke ro",10.451,-64.73,0,"소솨소솨",46.971,-90.409,0,"AI",0,-100.601,0,"Sabo_10",-29.91,-82.393,0,0,0,0,0,0,"",0,0,0,0,0,0,0,0,0,0
98,5,1,1,0,0,0,2,0,1,1,255,7,8,49,3094.575,"눈꽃",R,3,83,123,-1.195,1.183,0.674,1.701,-36.713,2,0,-468.01,0,14.283,0,0,1,2,1,L,"Pring__",180.4,95.172,0.477,3,32,3095.389,220,20,55,84,67,139,93,107.408,-34.472,-0.35,-0.011,-0.014,0.236,0,0.444,0.435,-37.259,0,"Kr_Luna",0.044,-17.203,0,"coder_",-19.353,-46.919,0,"아침땅_",-13.223,-64.983,0,"하루（Haru）",18.324,-42.558,0,"ke ro",8.556,-61.741,0,"소솨소솨",47.673,-88.907,0,"AI",0,-100.602,0,"Sabo_10",-36.98,-99.171,0,3101.853,-17.228,16.896,0,0,"",0,0,0,0,0,0,0,0,0,3
99,5,1,1,0,0,1,2,0,1,1,255,7,8,50,3115.761,"눈꽃",R,3,86,127,-0.591,0.152,0.797,1.49,-36.733,2,0,-435.723,0,8.368,0,0,1,2,1,L,"Pring__",180.4,95.172,0.477,3,32,3116.603,214,15,59,76,59,140,86,108.934,17.507,-0.76,0.012,-0.074,0.166,0,0.466,0.39,-37.191,0,"Kr_Luna",0.077,-17.267,0,"coder_",-19.719,-46.952,0,"아침땅_",-13.427,-64.797,0,"하루（Haru）",17.487,-44.316,0,"ke ro",7.26,-65.381,0,"소솨소솨",46.899,-90.805,0,"AI",0,-100.601,0,"Sabo_10",-40.305,-96.874,0,0,0,0,0,0,"",0,0,0,0,0,0,0,0,0,3
100,5,1,1,0,0,2,2,0,1,1,255,7,8,51,3134.423,"눈꽃",R,47,57,100,-0.059,-0.802,0.607,1.271,-36.631,0,0,93.684,-34.401,6.151,0,0,1,2,1,L,"Pring__",180.4,95.172,0.477,0,32,0,0,0,0,0,0,0,0,0,0,0,0,0,0,0,0,0.43,-37.605,0,"Kr_Luna",0.024,-17.287,0,"coder_",-20.753,-44.929,0,"아침땅_",-13.301,-64.945,0,"하루（Haru）",19.229,-41.521,0,"ke ro",6.747,-63.658,0,"소솨소솨",48.035,-93.436,0,"AI",0,-100.601,0,"Sabo_10",-40.662,-97.324,0,0,0,0,0,0,"",0,0,0,0,0,0,0,0,0,0
101,5,0,1,0,0,0,0,0,0,0,255,255,255,48,3220.835,"Yaksok~",R,28,83,136,2.325,0.399,0.028,1.509,-36.324,2,0,87.862,-87.964,-1.581,0,0,1,5,0,R,"coder_",175.6,88.485,0.402,3,32,3221.871,130,16,85,53,23,140,91,21.461,6.302,-0.28,-0.114,-0.049,0.19,0,0.331,0.005,-36.672,0,"Pring__",-0.016,-17.022,0,"_Chun",-21.317,-46.258,0,"_앰프_",-14.899,-63.361,0,"인생최패망자",16.171,-47.539,0,"Multeinn",8.716,-53.98,0,"Pugeuk",48.219,-89.085,0,"AI",0,-100.6,0,"WhiteMountain",-51.835,-91.462,0,3232.136,-26.368,-128.146,0,0,"",0,0,1,0,0,0,0,0,0,2
102,5,0,1,0,0,0,0,0,0,1,255,255,9,49,3258.037,"Yaksok~",R,33,94,140,-0.347,-0.189,-0.066,1.387,-36.267,2,0,123.987,-113.568,-1.858,0,0,1,6,6,R,"소솨소솨",175.4,89.728,0.5,2,32,3258.913,242,6,72,50,24,142,121,-30,42.245,0.22,-0.043,-0.11,0.248,0,0.262,-0.178,-36.634,0,"Pring__",-0.034,-17.04,0,"_Chun",-20.408,-45.096,0,"_앰프_",-14.57,-62.024,0,"인생최패망자",15.551,-43.542,0,"Multeinn",12.787,-59.511,0,"Pugeuk",44.563,-83.565,0,"AI",0,-100.6,0,"WhiteMountain",-47.055,-93.246,0,3258.953,-1.187,-20.002,0,0,"",0,0,0,0,0,0,0,0,0,2
103,5,0,1,0,0,0,1,0,0,1,255,255,9,50,3291.427,"Yaksok~",R,32,77,128,4.367,1.596,0.127,1.679,-36.447,4,0,155.931,-134.386,-3.663,2.202,-6.517,1,7,2,L,"눈꽃",190,85,0.496,0,32,0,0,0,0,0,0,0,0,0,0,0,0,0,0,0,0,0.259,-36.564,0,"Pring__",0.646,-16.081,0,"_Chun",-21.069,-44.453,0,"_앰프_",-11.608,-60.532,0,"인생최패망자",19.194,-40.77,0,"Multeinn",14.797,-57.717,0,"Pugeuk",44.433,-89.665,0,"AI",0,-100.6,0,"WhiteMountain",-47.911,-91.965,0,0,0,0,0,0,"",0,0,0,32,0,0,0,0,0,0
104,5,0,1,0,0,1,2,0,0,0,255,255,255,51,3314.733,"Yaksok~",R,33,76,128,2.212,1.595,0.165,1.721,-36.433,1,0,128.644,-120.338,-1.978,0,0,0,7,2,L,"눈꽃",190,85,0.496,0,32,0,0,0,0,0,0,0,0,0,0,0,0,0,0,0,0,0.513,-35.548,0,"Pring__",0.023,-16.902,0,"_Chun",-20.947,-46.075,0,"_앰프_",-12.351,-64.567,0,"인생최패망자",20.312,-43.397,0,"Multeinn",12.932,-55.095,0,"Pugeuk",45.768,-89.653,0,"AI",0,-100.6,0,"WhiteMountain",-49.467,-94.307,0,0,0,0,0,0,"",0,0,0,0,0,0,0,0,0,0
105,5,0,1,0,1,1,2,0,0,0,255,255,255,52,3330.083,"Yaksok~",R,33,84,138,-3.4,-0.658,-0.358,1.29,-36.267,1,0,146.985,-119.375,5.237,-0.881,-17.596,0,7,2,L,"눈꽃",190,85,0.496,0,32,0,0,0,0,0,0,0,0,0,0,0,0,0,0,0,0,-0.383,-37.869,0,"Pring__",-0.429,-17.109,0,"_Chun",-21.265,-46.472,0,"_앰프_",-12.417,-63.931,0,"인생최패망자",19.321,-44.519,0,"Multeinn",15.135,-57.972,0,"Pugeuk",46.148,-90.634,0,"AI",0,-100.6,0,"WhiteMountain",-49.393,-94.363,0,0,0,0,0,0,"",0,0,0,0,0,0,0,0,0,0
106,5,0,1,0,2,1,2,0,0,0,255,255,255,53,3344.841,"Yaksok~",R,32,83,135,0.69,0.589,0.019,1.527,-36.247,2,0,157.464,-128.1,-0.134,0,0,1,7,2,L,"눈꽃",190,85,0.496,3,89,3345.889,255,16,92,90,47,150,130,90.494,-81.459,0.32,0.014,0.031,0.03,0,0.263,-0.2,-36.758,0,"Pring__",0.03,-17.131,0,"_Chun",-21.061,-46.785,0,"_앰프_",-12.414,-63.931,0,"인생최패망자",19.737,-45.78,0,"Multeinn",15.715,-58.972,0,"Pugeuk",46.291,-90.454,0,"AI",0,-100.6,0,"WhiteMountain",-49.364,-94.416,0,3354.62,5.44,-10.147,0,0,"",0,0,0,0,0,0,0,0,0,2
107,5,0,1,0,2,2,2,0,0,0,255,255,255,54,3375.371,"Yaksok~",R,33,85,138,-0.548,0.46,-0.079,1.519,-36.191,0,0,100.533,-70.793,0.047,0,0,0,7,2,L,"눈꽃",190,85,0.496,0,32,0,0,0,0,0,0,0,0,0,0,0,0,0,0,0,0,-0.886,-38.127,0,"Pring__",0.003,-16.875,0,"_Chun",-21.175,-45.891,0,"_앰프_",-12.635,-64.69,0,"인생최패망자",19.059,-41.623,0,"Multeinn",13.791,-60.603,0,"Pugeuk",43.046,-91.731,0,"AI",0,-100.6,0,"WhiteMountain",-50.362,-94.88,0,0,0,0,0,0,"",0,0,0,0,0,0,0,0,0,0
108,6,1,1,0,0,0,0,0,0,0,255,255,255,52,3457.566,"coder_",R,27,64,120,1.118,1.783,0.107,1.749,-36.683,1,0,-7.844,-108.355,4.59,0,0,0,3,3,R,"_앰프_",160,80,0.396,0,31,0,0,0,0,0,0,0,0,0,0,0,0,0,0,0,0,0.181,-37.545,0,"Kr_Luna",-0.084,-16.966,0,"눈꽃",-19.033,-45.853,0,"아침땅_",-14.403,-64.355,0,"하루（Haru）",18.723,-45.11,0,"ke ro",6.679,-63.933,0,"소솨소솨",39.783,-84.583,0,"AI",0,-100.6,0,"Sabo_10",-34.412,-81.559,0,0,0,0,0,0,"",0,0,0,0,0,0,0,0,0,0
109,6,1,1,0,1,0,0,0,0,0,255,255,255,53,3468.914,"coder_",R,27,77,129,1.304,-0.864,0.141,1.382,-36.585,0,0,-61.74,-129.815,7.081,0,0,0,3,3,R,"_앰프_",160,80,0.396,0,31,0,0,0,0,0,0,0,0,0,0,0,0,0,0,0,0,0.163,-37.322,0,"Kr_Luna",0.015,-17.02,0,"눈꽃",-19.039,-45.85,0,"아침땅_",-14.371,-64.315,0,"하루（Haru）",18.155,-45.206,0,"ke ro",6.228,-64.071,0,"소솨소솨",38.681,-84.806,0,"AI",0,-100.6,0,"Sabo_10",-35.056,-83.298,0,0,0,0,0,0,"",0,0,0,0,0,0,0,0,0,0
110,6,1,1,0,1,1,0,0,0,0,255,255,255,54,3482.005,"coder_",R,0,70,124,-1.266,-0.184,-0.118,1.512,-36.698,0,0,0,0,27.86,0,0,0,3,3,R,"_앰프_",160,80,0.396,0,31,0,0,0,0,0,0,0,0,0,0,0,0,0,0,0,0,0.112,-37.408,0,"Kr_Luna",-0.038,-17.056,0,"눈꽃",-19.046,-45.867,0,"아침땅_",-14.421,-64.397,0,"하루（Haru）",19.588,-44.217,0,"ke ro",6.203,-63.932,0,"소솨소솨",39.525,-87.654,0,"AI",0,-100.6,0,"Sabo_10",-34.268,-81.855,0,0,0,0,0,0,"",0,0,0,0,0,0,0,0,0,0
111,6,1,1,0,1,2,0,0,0,0,255,255,255,55,3502.615,"coder_",R,13,64,95,-3.646,-1.826,-0.326,1.468,-36.631,1,0,-246.952,400,23.796,-0.768,-18.814,0,3,3,R,"_앰프_",160,80,0.396,0,31,0,0,0,0,0,0,0,0,0,0,0,0,0,0,0,0,0.022,-37.482,0,"Kr_Luna",-0.015,-17.061,0,"눈꽃",-19.239,-46.422,0,"아침땅_",-14.416,-64.406,0,"하루（Haru）",18.658,-44.564,0,"ke ro",7.471,-63.417,0,"소솨소솨",39.927,-90.227,0,"AI",0,-100.6,0,"Sabo_10",-36.758,-83.921,0,0,0,0,0,0,"",0,0,0,0,0,0,0,0,0,0
112,6,1,1,0,2,2,0,0,0,0,255,255,255,56,3514.576,"coder_",R,10,65,97,0.732,-2.078,0.128,1.413,-36.595,4,0,-35.812,400,27.761,0.129,-19.222,1,3,3,R,"_앰프_",160,80,0.396,0,31,0,0,0,0,0,0,0,0,0,0,0,0,0,0,0,0,0.054,-37.506,0,"Kr_Luna",0.049,-17.06,0,"눈꽃",-19.13,-44.013,0,"아침땅_",-14.41,-64.372,0,"하루（Haru）",19.108,-46.101,0,"ke ro",7.127,-63.64,0,"소솨소솨",39.863,-89.77,0,"AI",0,-100.6,0,"Sabo_10",-37.058,-85.34,0,0,0,0,0,0,"",0,0,0,0,0,0,0,0,0,0
113,6,1,1,0,0,0,1,0,0,0,255,255,255,57,3532.063,"coder_",R,27,83,135,0.874,0.648,0.074,1.593,-36.585,2,0,25.015,-123.297,4.78,0,0,0,4,5,R,"Multeinn",160,94.907,0.2,3,31,3533.181,255,28,67,128,64,145,78,6.334,1.278,-0.89,-0.097,-0.042,0.052,0,0.438,-0.151,-36.864,0,"Kr_Luna",-0.051,-17.07,0,"눈꽃",-19.547,-47.074,0,"아침땅_",-14.207,-63.461,0,"하루（Haru）",17.854,-48.008,0,"ke ro",5.903,-63.816,0,"소솨소솨",38.738,-85.485,0,"AI",0,-100.6,0,"Sabo_10",-35.058,-86.239,0,3534.653,1.794,-50.114,0,0,"",0,0,0,0,0,0,0,0,0,2
114,6,1,1,0,0,0,2,0,0,0,255,255,255,58,3556.249,"coder_",R,27,70,123,2.008,0.26,0.191,1.552,-36.575,2,0,-11.592,-125.744,8.656,0,0,1,5,6,R,"Pugeuk",190,93.173,0.548,3,31,3557.133,176,18,133,24,0,150,91,49.526,7.695,-0.8,-0.062,-0.101,0.272,0,0.862,0.296,-36.877,0,"Kr_Luna",0.003,-17.073,0,"눈꽃",-19.248,-45.914,0,"아침땅_",-14.351,-64.433,0,"하루（Haru）",18.345,-50.233,0,"ke ro",8.597,-63.735,0,"소솨소솨",38.849,-104.985,0,"AI",0,-100.6,0,"Sabo_10",-39.555,-90.037,0,3562.836,-9.375,-78.172,0,0,"",0,0,0,0,0,0,0,0,0,1
115,6,0,1,0,0,0,0,0,0,0,255,255,255,55,3602.33,"Yaksok~",R,33,85,139,0.993,0.658,0.058,1.507,-36.232,2,0,124.833,-115.008,-2.631,0,0,1,0,3,R,"아침땅_",160,95.405,0.5,2,31,3603.204,94,6,57,67,0,128,69,28.627,30.507,-0.88,-0.01,-0.04,0.118,0,0.229,-0.09,-36.395,0,"Pring__",-0.024,-16.965,0,"_Chun",-22.826,-45.523,0,"_앰프_",-13.234,-63.812,0,"인생최패망자",14.399,-49.49,0,"Multeinn",11.471,-64.482,0,"Pugeuk",42.198,-85.35,0,"AI",0,-100.6,0,"WhiteMountain",-50.862,-98.064,0,3606.886,-27.25,-61.463,0,0,"",0,0,0,0,0,0,0,0,0,1
116,6,0,1,0,0,0,1,0,0,0,255,255,255,56,3625.961,"Yaksok~",R,26,91,140,1.132,-0.118,0.067,1.389,-36.184,2,0,140.465,-164.874,5.179,0,0,1,1,5,R,"ke ro",160,85.038,0.399,2,31,3626.801,109,11,41,0,6,33,63,24.088,-35.693,-0.89,-0.059,-0.09,0.126,0,0.664,0.014,-36.584,0,"Pring__",-0.026,-16.96,0,"_Chun",-22.888,-47.342,0,"_앰프_",-14.823,-63.895,0,"인생최패망자",10.29,-43.279,0,"Multeinn",15.114,-61.852,0,"Pugeuk",46.658,-91.81,0,"AI",0,-100.6,0,"WhiteMountain",-46.517,-93.184,0,3629.486,22.419,-49.854,0,0,"",0,0,1,0,0,0,0,0,0,2
117,6,0,1,0,1,0,1,0,1,0,255,14,255,57,3743.897,"Yaksok~",R,14,69,111,2.571,-0.499,-0.01,1.747,-36.469,2,0,371.079,335.113,13.286,0,0,1,2,4,R,"하루（Haru）",190,85,0.549,3,38,3744.933,143,18,57,72,50,139,91,-50.229,-46.658,-0.6,-0.06,0.029,0.115,0,0.325,-0.254,-36.712,0,"Pring__",0.004,-16.932,0,"_Chun",-22.673,-47.862,0,"_앰프_",-14.818,-63.321,0,"인생최패망자",15.841,-47.544,0,"Multeinn",11.725,-61.378,0,"Pugeuk",41.269,-88.313,0,"AI",0,-100.6,0,"WhiteMountain",-46.644,-93.544,0,3744.97,1.129,-20.669,0,0,"",0,0,0,0,0,0,0,0,0,3
118,6,0,1,0,1,1,1,0,1,0,255,14,255,58,3763.934,"Yaksok~",R,14,67,110,2.845,0.144,0.069,1.697,-36.361,4,0,385.767,318.094,12.737,0.28,-19.818,1,2,4,R,"하루（Haru）",190,85,0.549,0,31,0,0,0,0,0,0,0,0,0,0,0,0,0,0,0,0,-0.124,-37.184,0,"Pring__",0.023,-17.361,0,"_Chun",-20.893,-44.74,0,"_앰프_",-14.564,-63.023,0,"인생최패망자",18.201,-43.324,0,"Multeinn",8.389,-62.406,0,"Pugeuk",40.237,-87.378,0,"AI",0,-100.6,0,"WhiteMountain",-51.136,-90.597,0,0,0,0,0,0,"",0,0,0,0,0,0,0,0,0,0
119,6,0,1,0,1,2,1,0,1,0,255,14,255,59,3783.497,"Yaksok~",R,13,74,114,-2.395,0.118,0.046,1.722,-36.593,1,0,-364.944,341.783,2.222,0,0,0,2,4,R,"하루（Haru）",190,85,0.549,0,31,0,0,0,0,0,0,0,0,0,0,0,0,0,0,0,0,-0.218,-37.137,0,"Pring__",-0.14,-17.032,0,"_Chun",-20.898,-45.35,0,"_앰프_",-14.408,-63.425,0,"인생최패망자",18.833,-42.43,0,"Multeinn",8.238,-62.092,0,"Pugeuk",40.172,-87.453,0,"AI",0,-100.6,0,"WhiteMountain",-49.231,-91.733,0,0,0,0,0,0,"",0,0,0,0,0,0,0,0,0,0
120,6,0,1,0,2,2,1,0,1,0,255,14,255,60,3798.778,"Yaksok~",R,33,88,140,-0.784,0.783,-0.103,1.58,-36.298,0,0,108.523,-78.443,3.73,-0.291,-17.741,1,2,4,R,"하루（Haru）",190,85,0.549,0,31,0,0,0,0,0,0,0,0,0,0,0,0,0,0,0,0,0.008,-36.891,0,"Pring__",-0.061,-17.018,0,"_Chun",-20.58,-44.155,0,"_앰프_",-13.487,-63.304,0,"인생최패망자",17.801,-43.26,0,"Multeinn",7.417,-63.22,0,"Pugeuk",40.181,-87.485,0,"AI",0,-100.6,0,"WhiteMountain",-49.405,-91.641,0,0,0,0,0,0,"",0,0,0,0,0,0,0,0,0,0
121,6,0,1,0,0,0,2,0,0,1,255,255,14,61,3840.194,"Yaksok~",R,33,88,140,-0.318,-0.268,-0.081,1.501,-36.347,0,0,115.668,-79.571,-1.68,0,0,0,3,8,L,"Sabo_10",179.7,92,0.499,0,79,0,0,0,0,0,0,0,0,0,0,0,0,0,0,0,0,-0.403,-37.779,0,"Pring__",0.025,-16.774,0,"_Chun",-21.283,-46.411,0,"_앰프_",-13.299,-63.981,0,"인생최패망자",19.572,-40.51,0,"Multeinn",13.994,-56.479,0,"Pugeuk",52.098,-92.303,0,"AI",0,-100.6,0,"WhiteMountain",-48.061,-94.735,0,0,0,0,0,0,"",0,0,0,0,0,0,0,0,0,0
122,6,0,1,0,0,1,2,0,0,1,255,255,14,62,3856.719,"Yaksok~",R,14,77,116,1.868,-0.104,-0.01,1.632,-36.247,4,0,397.232,303.656,12.648,0,0,1,3,8,L,"Sabo_10",179.7,92,0.499,0,79,0,0,0,0,0,0,0,0,0,0,0,0,0,0,0,0,-0.212,-36.701,0,"Pring__",0.073,-16.914,0,"_Chun",-21.561,-45.125,0,"_앰프_",-10.962,-62.711,0,"인생최패망자",19.673,-41.106,0,"Multeinn",15.231,-61.927,0,"Pugeuk",52.231,-92.35,0,"AI",0,-100.6,0,"WhiteMountain",-48.147,-94.669,0,0,0,0,0,0,"",0,0,0,0,0,0,0,0,0,0
123,6,0,1,0,0,2,2,0,0,1,255,255,14,63,3871.994,"Yaksok~",R,10,69,114,-1.54,-0.755,-0.207,1.59,-36.337,4,0,-23.95,400,18.663,0.283,-20.594,1,3,8,L,"Sabo_10",179.7,92,0.499,0,79,0,0,0,0,0,0,0,0,0,0,0,0,0,0,0,0,-0.375,-36.621,0,"Pring__",-0.021,-17.205,0,"_Chun",-21.169,-45.554,0,"_앰프_",-10.421,-61.847,0,"인생최패망자",19.644,-40.921,0,"Multeinn",13.313,-58.601,0,"Pugeuk",52.143,-92.36,0,"AI",0,-100.6,0,"WhiteMountain",-48.14,-94.656,0,0,0,0,0,0,"",0,0,0,0,0,0,0,0,0,0
124,7,1,1,0,0,0,0,0,0,0,255,255,255,59,3923.443,"coder_",R,26,73,126,0.36,0.165,0.055,1.522,-36.541,2,0,-64.732,-167.751,17.594,0,0,1,6,8,R,"WhiteMountain",190,87.515,0.398,2,31,3924.6,119,14,109,77,45,140,129,104.84,-35.647,0.63,-0.092,-0.068,0.109,0,0.363,0.253,-36.965,0,"Kr_Luna",-0.074,-17.337,0,"눈꽃",-19.648,-46.76,0,"아침땅_",-14.375,-64.353,0,"하루（Haru）",17.389,-47.836,0,"ke ro",8.786,-66.532,0,"AI",35.7,-81.8,0,"AI",0,-100.6,0,"Sabo_10",-42.705,-88.154,0,0,0,0,0,0,"",0,0,0,0,0,0,0,0,0,3
125,7,1,1,0,0,1,0,0,0,0,255,255,255,60,3940.887,"coder_",R,10,63,98,-3.057,-2.093,-0.425,1.174,-36.573,1,0,0,320.746,27.012,-0.574,-19.415,0,6,8,R,"WhiteMountain",190,87.515,0.398,0,31,0,0,0,0,0,0,0,0,0,0,0,0,0,0,0,0,-0.021,-37.626,0,"Kr_Luna",0.025,-17.165,0,"눈꽃",-19.779,-46.6,0,"아침땅_",-14.441,-64.391,0,"하루（Haru）",18.495,-47.108,0,"ke ro",9.517,-65.331,0,"AI",35.7,-81.8,0,"AI",0,-100.6,0,"Sabo_10",-44.116,-87.486,0,0,0,0,0,0,"",0,0,0,0,0,0,0,0,0,0
126,7,1,1,0,1,1,0,0,0,0,255,255,255,61,3954.778,"coder_",R,10,55,90,1.877,0.196,0.172,1.911,-36.601,1,0,117.904,400,5.162,0,0,0,6,8,R,"WhiteMountain",190,87.515,0.398,0,31,0,0,0,0,0,0,0,0,0,0,0,0,0,0,0,0,0,-37.442,0,"Kr_Luna",0.118,-17.119,0,"눈꽃",-19.723,-46.051,0,"아침땅_",-14.42,-64.355,0,"하루（Haru）",18.392,-48.471,0,"ke ro",9.531,-65.34,0,"AI",35.7,-81.8,0,"AI",0,-100.6,0,"Sabo_10",-44.458,-88.006,0,0,0,0,0,0,"",0,0,0,0,0,0,0,0,0,0
127,7,1,1,0,2,1,0,0,0,0,255,255,255,62,3967.55,"coder_",R,13,58,91,-2.736,-1.728,-0.231,1.354,-36.595,4,0,-198.808,400,18.133,-0.578,-18.764,1,6,8,R,"WhiteMountain",190,87.515,0.398,0,31,0,0,0,0,0,0,0,0,0,0,0,0,0,0,0,0,-0.014,-37.491,0,"Kr_Luna",0.071,-17.145,0,"눈꽃",-19.892,-44.722,0,"아침땅_",-14.419,-64.377,0,"하루（Haru）",17.887,-46.659,0,"ke ro",9.684,-65.418,0,"AI",35.7,-81.8,0,"AI",0,-100.6,0,"Sabo_10",-44.497,-87.999,0,0,0,0,0,0,"",0,0,0,0,0,0,0,0,0,0
128,7,1,1,0,2,2,0,0,0,0,255,255,255,63,3981.167,"coder_",R,0,46,89,2.509,1.193,0.578,2.043,-37.053,2,0,-47.803,0,-0.649,0,0,0,6,8,R,"WhiteMountain",190,87.515,0.398,2,31,3982.508,211,10,73,57,43,144,130,-30,-12.172,0.63,0.006,-0.098,0.145,0,0.148,0.331,-37.178,0,"Kr_Luna",0.097,-17.153,0,"눈꽃",-20.294,-46.997,0,"아침땅_",-14.406,-64.314,0,"하루（Haru）",17.898,-49.306,0,"ke ro",9.698,-65.31,0,"AI",35.7,-81.8,0,"AI",0,-100.6,0,"Sabo_10",-44.483,-88.011,0,3982.52,1.014,-23.607,0,0,"",0,0,0,0,0,0,0,0,0,2
129,7,1,1,0,0,0,1,0,0,0,255,255,255,64,4003.25,"coder_",R,25,68,121,1.389,0.216,0.111,1.605,-36.557,2,0,50.773,65.258,-2.697,0,0,1,7,0,R,"Yaksok~",190,85.308,0.301,3,31,4004.176,98,10,0,0,0,2,33,-61.66,-43.134,-0.8,0.106,0.084,0,0,0.463,0.241,-36.899,0,"Kr_Luna",0.035,-17.177,0,"눈꽃",-20.408,-47.094,0,"아침땅_",-14.394,-64.288,0,"하루（Haru）",16.537,-49.213,0,"ke ro",8.803,-65.527,0,"AI",35.7,-81.8,0,"AI",0,-100.6,0,"Sabo_10",-43.425,-87.072,0,4004.22,0.735,-19.842,0,0,"",0,0,0,0,0,0,0,0,0,3
130,7,1,1,0,0,1,1,0,0,0,255,255,255,65,4021.634,"coder_",R,27,66,121,0.594,2.867,0.05,2.055,-36.738,1,0,15.32,-123.08,-1.06,0.252,-6.888,0,7,0,R,"Yaksok~",190,85.308,0.301,0,68,0,0,0,0,0,0,0,0,0,0,0,0,0,0,0,0,0.172,-37.198,0,"Kr_Luna",0.108,-17.245,0,"눈꽃",-20.037,-45.933,0,"아침땅_",-14.264,-64.552,0,"하루（Haru）",18.258,-45.444,0,"ke ro",9.03,-64.636,0,"AI",35.7,-81.8,0,"AI",0,-100.6,0,"Sabo_10",-38.768,-82.722,0,0,0,0,0,0,"",0,0,0,0,0,0,0,0,0,0
131,7,1,1,0,1,1,1,0,0,0,255,255,255,66,4034.203,"coder_",R,10,52,88,1.445,0.904,0.131,2.255,-36.88,2,0,36.938,400,1.329,0,0,1,7,0,R,"Yaksok~",190,85.308,0.301,3,68,4035.335,214,20,76,57,22,147,91,22.779,38.522,-0.78,-0.035,-0.023,0.306,0,0.456,0.184,-36.905,0,"Kr_Luna",0.076,-17.279,0,"눈꽃",-19.931,-45.861,0,"아침땅_",-14.302,-64.414,0,"하루（Haru）",16.812,-46.736,0,"ke ro",9.026,-64.618,0,"AI",35.7,-81.8,0,"AI",0,-100.6,0,"Sabo_10",-41.25,-85.191,0,0,0,0,0,0,"",0,0,0,0,0,0,0,0,0,1
132,7,1,1,0,0,0,2,0,0,0,255,255,255,67,4061.441,"coder_",R,5,60,99,-1.204,0.593,-0.073,1.716,-36.716,0,0,-135.432,0,4.133,0,0,1,0,4,R,"인생최패망자",190,80,0.4,0,31,0,0,0,0,0,0,0,0,0,0,0,0,0,0,0,0,-0.072,-37.651,0,"Kr_Luna",0.019,-17.241,0,"눈꽃",-20.374,-45.875,0,"아침땅_",-14.431,-64.538,0,"하루（Haru）",16.508,-46.29,0,"ke ro",7.545,-64.102,0,"AI",35.7,-81.8,0,"AI",0,-100.6,0,"Sabo_10",-41.755,-88.023,0,0,0,0,0,0,"",0,0,0,0,0,0,0,0,0,0
133,7,1,1,0,0,1,2,0,0,0,255,255,255,68,4078.24,"coder_",R,26,79,130,-2.328,0.403,-0.21,1.573,-36.782,4,0,-19.33,-155.769,8.343,0,0,1,0,4,R,"인생최패망자",190,80,0.4,0,80,0,0,0,0,0,0,0,0,0,0,0,0,0,0,0,0,-0.208,-37.812,0,"Kr_Luna",-0.018,-17.235,0,"눈꽃",-19.996,-44.704,0,"아침땅_",-14.42,-64.531,0,"하루（Haru）",16.949,-47.837,0,"ke ro",7.522,-64.217,0,"소솨소솨",15.535,-12.125,0,"AI",0,-100.6,0,"Sabo_10",-40.307,-86.901,0,0,0,0,0,0,"",0,0,0,0,0,0,0,0,0,0
134,7,1,1,0,0,2,2,0,0,0,255,255,255,69,4095.207,"coder_",R,11,69,117,1.889,-1.241,0.176,1.383,-36.545,4,0,0,223.951,8.055,0,0,1,0,4,R,"인생최패망자",190,80,0.4,0,80,0,0,0,0,0,0,0,0,0,0,0,0,0,0,0,0,0.339,-37.556,0,"Kr_Luna",0.119,-17.207,0,"눈꽃",-20.522,-44.129,0,"아침땅_",-14.394,-64.524,0,"하루（Haru）",17.123,-48.08,0,"ke ro",7.152,-63.965,0,"소솨소솨",14.759,-14.179,0,"AI",0,-100.6,0,"Sabo_10",-41.4,-86.748,0,0,0,0,0,0,"",0,0,0,0,0,0,0,0,0,0
135,7,0,1,0,0,0,0,0,0,0,255,255,255,64,4136.093,"Yaksok~",R,14,73,113,-1.129,0.301,-0.281,1.722,-36.354,2,0,375.821,329.785,5.141,0,0,1,4,1,L,"Kr_Luna",190,94.523,0.497,2,31,4136.994,233,18,117,66,45,150,130,-30,-40.235,0.56,0.005,-0.013,0.147,0,0.09,-0.722,-36.401,0,"Pring__",0.012,-17.007,0,"_Chun",-21.209,-45.885,0,"_앰프_",-12.252,-59.411,0,"인생최패망자",19.652,-45.428,0,"Multeinn",14.996,-63.634,0,"Pugeuk",40.085,-96.026,0,"AI",0,-100.6,0,"WhiteMountain",-46.295,-93.219,0,4136.969,1.359,-21.465,0,0,"",0,0,1,0,0,0,0,0,0,2
136,7,0,1,0,0,0,0,0,1,0,255,10,255,65,4169.103,"Yaksok~",R,14,68,110,1.636,-0.165,-0.012,1.759,-36.458,2,0,382.442,322.084,5.669,0,0,1,5,0,R,"coder_",175.6,88.485,0.402,3,31,4170.159,255,11,87,135,86,150,82,-81.146,-78.956,-0.84,-0.125,-0.058,0.273,0,0.384,-0.065,-35.12,0,"Pring__",0.016,-17.076,0,"_Chun",-21.13,-45.895,0,"_앰프_",-13.163,-63.024,0,"인생최패망자",15.214,-40.095,0,"Multeinn",10.028,-63.058,0,"Pugeuk",40.726,-96.094,0,"AI",0,-100.6,0,"WhiteMountain",-47.429,-88.521,0,4170.169,0.949,-21.059,0,0,"",0,0,0,0,0,0,0,0,0,3
137,7,0,1,0,0,1,0,0,1,0,255,10,255,66,4185.409,"Yaksok~",R,10,60,94,-0.059,1.081,0.063,2.088,-36.747,2,0,0,400,-5.124,0,0,1,5,0,R,"coder_",175.6,88.485,0.402,3,31,4186.602,80,20,94,136,75,126,118,14.076,6.706,0.53,-0.158,0.023,0.239,0,0.447,-0.025,-35.346,0,"Pring__",-0.001,-17.101,0,"_Chun",-22.241,-47.226,0,"_앰프_",-14.356,-63.299,0,"인생최패망자",13.305,-37.169,0,"Multeinn",13.037,-62.855,0,"Pugeuk",39.72,-96.822,0,"AI",0,-100.6,0,"WhiteMountain",-46.061,-88.861,0,4193.536,-18.284,-124.106,0,0,"",0,0,1,0,0,0,0,0,0,2
138,7,0,1,1,0,0,0,0,1,0,255,255,255,67,4218.713,"Yaksok~",R,1,55,98,-2.465,-0.039,0.039,1.888,-36.584,4,0,0,0,-1.019,0,0,1,6,6,R,"소솨소솨",176.1,89.728,0.5,0,31,0,0,0,0,0,0,0,0,0,0,0,0,0,0,0,0,-0.223,-37.148,0,"Pring__",-0.139,-17.15,0,"_Chun",-21.609,-45.041,0,"_앰프_",-13.679,-64.309,0,"인생최패망자",17.268,-42.923,0,"Multeinn",1.402,-59.867,0,"Pugeuk",40.995,-89.794,0,"AI",0,-100.6,0,"WhiteMountain",-44.826,-95.844,0,0,0,0,0,0,"",0,0,0,0,0,0,0,0,0,0
139,7,0,1,1,0,1,0,0,1,0,255,255,255,68,4231.254,"Yaksok~",R,14,63,107,4.088,-0.391,0.112,1.795,-36.504,4,0,377.585,315.155,5.795,0.153,-20.393,1,6,6,R,"소솨소솨",176.1,89.728,0.5,0,31,0,0,0,0,0,0,0,0,0,0,0,0,0,0,0,0,0.086,-37.554,0,"Pring__",0.156,-17.637,0,"_Chun",-21.383,-44.664,0,"_앰프_",-12.161,-64.583,0,"인생최패망자",18.172,-42.537,0,"Multeinn",5.948,-60.437,0,"Pugeuk",42.412,-91.898,0,"AI",0,-100.6,0,"WhiteMountain",-45.046,-95.749,0,0,0,0,0,0,"",0,0,0,0,0,0,0,0,0,0
140,7,0,1,1,0,2,0,0,1,0,255,255,255,69,4245.76,"Yaksok~",R,10,66,111,-1.506,-0.491,-0.004,1.728,-36.613,2,0,0,400,0.941,0,0,1,6,6,R,"소솨소솨",176.1,89.728,0.5,2,31,4246.908,220,18,2,86,57,22,51,-28.773,17.994,-0.32,-0.057,-0.079,0.066,0,0.867,-0.44,-36.557,0,"Pring__",-0.018,-17.044,0,"_Chun",-22.725,-46.957,0,"_앰프_",-15.082,-63.201,0,"인생최패망자",15.987,-46.031,0,"Multeinn",12.616,-61.773,0,"Pugeuk",41.178,-93.466,0,"AI",0,-100.6,0,"WhiteMountain",-45.008,-95.77,0,4246.953,-0.681,-21.428,0,0,"",0,0,0,0,0,0,0,0,0,2
141,7,0,1,1,0,0,1,0,1,0,255,255,255,70,4276.64,"Yaksok~",R,14,62,107,2.012,-0.299,-0.011,1.794,-36.509,4,0,365.328,330.071,4.576,0,0,1,7,2,L,"눈꽃",190,85,0.496,0,31,0,0,0,0,0,0,0,0,0,0,0,0,0,0,0,0,0.156,-37.519,0,"Pring__",0.062,-16.444,0,"_Chun",-20.715,-44.568,0,"_앰프_",-3.896,-63.378,0,"인생최패망자",18.939,-40.414,0,"Multeinn",8.75,-61.397,0,"Pugeuk",43.464,-93.305,0,"AI",0,-100.6,0,"WhiteMountain",-45.364,-96.798,0,0,0,0,0,0,"",0,0,0,0,0,0,0,0,0,0
142,7,0,1,1,0,1,1,0,1,0,255,255,255,71,4290.785,"Yaksok~",R,33,87,140,-1.981,0.377,-0.217,1.503,-36.306,1,0,117.125,-72.729,-0.913,0,0,0,7,2,L,"눈꽃",190,85,0.496,0,31,0,0,0,0,0,0,0,0,0,0,0,0,0,0,0,0,-0.217,-38.307,0,"Pring__",0.017,-16.506,0,"_Chun",-21.385,-45.62,0,"_앰프_",-6.405,-63.774,0,"인생최패망자",18.92,-40.7,0,"Multeinn",7.32,-62.756,0,"Pugeuk",43.474,-93.325,0,"AI",0,-100.6,0,"WhiteMountain",-45.415,-96.82,0,0,0,0,0,0,"",0,0,0,0,0,0,0,0,0,0
143,7,0,1,1,1,1,1,0,1,0,255,255,255,72,4304.594,"Yaksok~",R,32,81,133,-1.586,1.297,-0.21,1.644,-36.386,4,0,206.221,-200,4.952,0,0,1,7,2,L,"눈꽃",190,85,0.496,0,31,0,0,0,0,0,0,0,0,0,0,0,0,0,0,0,0,-0.272,-37.671,0,"Pring__",0.028,-16.752,0,"_Chun",-21.289,-45.836,0,"_앰프_",-5.932,-62.966,0,"인생최패망자",18.773,-41.349,0,"Multeinn",8.371,-65.106,0,"Pugeuk",43.074,-93.443,0,"AI",0,-100.6,0,"WhiteMountain",-45.577,-96.67,0,0,0,0,0,0,"",0,0,0,0,0,0,0,0,0,0
144,7,0,1,1,1,2,1,0,1,0,255,255,255,73,4321.001,"Yaksok~",R,28,88,140,-2.783,-0.263,-0.28,1.377,-36.291,1,0,75.958,-79.28,0.802,0,0,0,7,2,L,"눈꽃",190,85,0.496,0,88,0,0,0,0,0,0,0,0,0,0,0,0,0,0,0,0,-0.359,-36.905,0,"Pring__",-0.007,-16.783,0,"_Chun",-21.288,-45.248,0,"_앰프_",-6.689,-63.336,0,"인생최패망자",19.01,-40.925,0,"Multeinn",9.466,-65.073,0,"Pugeuk",43.11,-93.454,0,"AI",0,-100.6,0,"WhiteMountain",-45.569,-96.677,0,0,0,0,0,0,"",0,0,0,0,0,0,0,0,0,0
145,7,0,1,1,2,2,1,0,1,0,255,255,255,74,4335.434,"Yaksok~",R,14,63,107,2.152,0.908,0.015,1.905,-36.512,2,0,347.527,349.796,-10.341,0,0,1,7,2,L,"눈꽃",190,85,0.496,3,88,4336.623,237,17,108,86,32,150,130,26.015,-29.918,0.31,-0.022,0.03,0.05,0,0.434,-0.402,-36.364,0,"Pring__",0.039,-16.841,0,"_Chun",-21.865,-46.894,0,"_앰프_",-10.019,-62.647,0,"인생최패망자",18.896,-44.733,0,"Multeinn",13.558,-62.959,0,"Pugeuk",44.348,-93.228,0,"AI",0,-100.6,0,"WhiteMountain",-45.453,-96.777,0,4341.719,40.336,-130.653,0,0,"",0,0,0,0,0,0,0,0,0,4
146,7,0,1,3,0,0,1,0,0,0,255,255,255,75,4374.335,"Yaksok~",R,14,68,97,0.625,-1.154,-0.235,1.653,-36.424,0,0,344.292,312.348,3.429,0,0,0,0,3,R,"아침땅_",160,95.405,0.5,0,31,0,0,0,0,0,0,0,0,0,0,0,0,0,0,0,0,-0.261,-37.408,0,"Pring__",-0.028,-16.894,0,"_Chun",-21.323,-46.125,0,"_앰프_",-13.77,-62.398,0,"인생최패망자",17.16,-47.36,0,"Multeinn",8.717,-59.897,0,"Pugeuk",37.713,-89.714,0,"AI",0,-100.6,0,"WhiteMountain",-45.483,-96.836,0,0,0,0,0,0,"",0,0,0,0,0,0,0,0,0,0
147,7,0,1,3,0,1,1,0,0,0,255,255,255,76,4387.534,"Yaksok~",R,14,70,112,1.017,-1.228,-0.052,1.556,-36.328,2,0,278.626,353.461,6.659,0,0,1,0,3,R,"아침땅_",160,95.405,0.5,2,36,4388.524,150,13,98,102,40,150,124,-30,-13.968,0.39,-0.004,-0.013,0.047,0,0.332,-0.391,-36.542,0,"Pring__",-0.044,-16.922,0,"_Chun",-21.309,-45.265,0,"_앰프_",-13.681,-62.218,0,"인생최패망자",16.477,-47.963,0,"Multeinn",13.559,-63.121,0,"Pugeuk",39.189,-94.322,0,"AI",0,-100.6,0,"WhiteMountain",-45.579,-96.748,0,4388.453,0.368,-20.813,0,0,"",0,0,0,0,0,0,0,0,0,2
148,7,0,1,3,0,0,2,0,0,0,255,255,255,77,4414.111,"Yaksok~",R,28,86,140,-1.431,-0.572,-0.155,1.348,-36.265,0,0,79.308,-79.809,2.16,0,0,0,1,5,R,"ke ro",160,85.038,0.399,0,31,0,0,0,0,0,0,0,0,0,0,0,0,0,0,0,0,-0.046,-37.013,0,"Pring__",0.022,-16.967,0,"_Chun",-20.868,-45.21,0,"_앰프_",-13.836,-63.775,0,"인생최패망자",12.109,-34.755,0,"Multeinn",17.578,-55.938,0,"Pugeuk",33.367,-81.108,0,"AI",0,-100.6,0,"WhiteMountain",-45.918,-96.436,0,0,0,0,0,0,"",0,0,0,0,0,0,0,0,0,0
149,7,0,1,3,0,1,2,0,0,0,255,255,255,78,4426.071,"Yaksok~",R,14,73,113,2.134,0.286,0.02,1.762,-36.379,2,0,388.822,314.352,-2.499,0,0,1,1,5,R,"ke ro",160,85.038,0.399,2,31,4427.235,161,7,1,9,12,9,45,-3.441,-25.28,-0.15,-0.007,-0.039,0.228,0,0.513,-0.331,-36.503,0,"Pring__",0.002,-17.044,0,"_Chun",-21.433,-45.746,0,"_앰프_",-14.005,-63.827,0,"인생최패망자",12.075,-34.708,0,"Multeinn",19.559,-57.412,0,"Pugeuk",37.512,-89.062,0,"AI",0,-100.6,0,"WhiteMountain",-45.192,-94.056,0,4427.686,3.121,-26.311,0,0,"",0,0,0,0,0,0,0,0,0,2
150,8,1,1,3,0,0,0,0,0,0,255,255,255,70,4468.17,"coder_",R,0,73,112,1.568,-0.163,0.207,1.492,-36.661,1,0,19.42,0,-1.903,0,0,0,1,2,L,"_Chun",190,80,0.452,0,31,0,0,0,0,0,0,0,0,0,0,0,0,0,0,0,0,0.113,-37.361,0,"Kr_Luna",0.093,-17.043,0,"눈꽃",-20.047,-45.179,0,"아침땅_",-12.388,-65.394,0,"하루（Haru）",19.756,-46.71,0,"ke ro",10.751,-64.345,0,"소솨소솨",43.504,-89.573,0,"AI",0,-100.6,0,"Sabo_10",-33.144,-88.174,0,0,0,0,0,0,"",0,0,0,0,0,0,0,0,0,0
151,8,1,1,3,1,0,0,0,0,0,255,255,255,71,4478.336,"coder_",R,14,70,112,3.757,-1.244,0.197,1.424,-36.602,1,0,393.951,307.901,-11.397,0.962,-16.927,0,1,2,L,"_Chun",190,80,0.452,0,31,0,0,0,0,0,0,0,0,0,0,0,0,0,0,0,0,0.104,-37.323,0,"Kr_Luna",0.573,-17.121,0,"눈꽃",-18.838,-45.345,0,"아침땅_",-12.396,-65.376,0,"하루（Haru）",18.963,-47.203,0,"ke ro",9.265,-64.957,0,"소솨소솨",44.934,-89.525,0,"AI",0,-100.6,0,"Sabo_10",-31.245,-86.506,0,0,0,0,0,0,"",0,0,0,0,0,0,0,0,0,0
152,8,1,1,3,2,0,0,0,0,0,255,255,255,72,4488.237,"coder_",R,30,64,120,0.657,0.029,0.105,1.524,-36.663,2,0,-122.279,-71.598,-3.764,0,0,1,1,2,L,"_Chun",190,80,0.452,3,31,4489.317,188,12,80,55,33,148,129,113.142,60.725,0.29,-0.075,0.012,0.238,0,0.325,0.28,-36.955,0,"Kr_Luna",0.341,-17.153,0,"눈꽃",-20.32,-45.224,0,"아침땅_",-12.155,-65.419,0,"하루（Haru）",18.148,-48.587,0,"ke ro",9.258,-64.964,0,"소솨소솨",45.875,-88.129,0,"AI",0,-100.6,0,"Sabo_10",-32.839,-85.503,0,0,0,0,0,0,"",0,0,0,0,0,0,0,0,0,3
153,8,1,1,3,2,1,0,0,0,0,255,255,255,73,4504.765,"coder_",R,0,70,124,-3.861,0.056,-0.338,1.556,-36.662,2,0,0,0,-1.34,0,0,1,1,2,L,"_Chun",190,80,0.452,3,31,4505.849,255,15,97,71,39,150,90,5.604,44.03,-0.83,-0.069,0.023,0.231,0,0.264,-0.185,-37.015,0,"Kr_Luna",-0.081,-17.321,0,"눈꽃",-20.197,-47.559,0,"아침땅_",-12.504,-65.288,0,"하루（Haru）",19.057,-48.279,0,"ke ro",9.592,-65.201,0,"소솨소솨",49.81,-90.871,0,"AI",0,-100.6,0,"Sabo_10",-32.644,-85.281,0,4506.87,-18.418,-37.056,0,0,"",0,0,0,0,0,0,0,0,0,3
154,8,1,1,3,2,2,0,0,0,0,255,255,255,74,4526.822,"coder_",R,26,76,128,-0.848,0.925,-0.056,1.692,-36.582,2,0,-32.659,-173.685,6.009,0,0,1,1,2,L,"_Chun",190,80,0.452,3,31,4527.839,194,6,84,66,38,150,95,108.644,41.166,-0.61,-0.076,-0.002,0.158,0,0.367,0.147,-36.967,0,"Kr_Luna",0.045,-17.335,0,"눈꽃",-20.252,-45.695,0,"아침땅_",-13.432,-64.82,0,"하루（Haru）",18.471,-49.367,0,"ke ro",8.633,-63.582,0,"소솨소솨",47.957,-88.245,0,"AI",0,-100.6,0,"Sabo_10",-34.997,-80.769,0,4534.12,24.846,21.059,0,0,"",0,0,0,0,0,0,0,0,0,3
155,8,1,1,3,2,2,0,0,0,0,255,255,255,75,4545.754,"coder_",R,10,58,92,-1.367,0.55,-0.19,2.009,-36.676,0,0,0,400,6.231,0,0,1,1,2,L,"_Chun",190,80,0.452,0,31,0,0,0,0,0,0,0,0,0,0,0,0,0,0,0,0,0.035,-37.421,0,"Kr_Luna",-0.003,-17.192,0,"눈꽃",-19.257,-44.787,0,"아침땅_",-13.068,-65.096,0,"하루（Haru）",19.134,-48.331,0,"ke ro",10.286,-65.702,0,"소솨소솨",48.627,-87.541,0,"AI",0,-100.6,0,"Sabo_10",-35.308,-80.156,0,0,0,0,0,0,"",0,0,0,0,0,0,0,0,0,0
156,8,1,1,3,0,0,1,0,0,0,255,255,255,76,4564.814,"coder_",R,0,74,127,0.61,-0.057,0.056,1.529,-36.68,0,0,2.211,0,1.353,0,0,0,2,1,L,"Pring__",180.4,95.172,0.477,0,31,0,0,0,0,0,0,0,0,0,0,0,0,0,0,0,0,0.024,-37.385,0,"Kr_Luna",0.085,-17.24,0,"눈꽃",-19.338,-47.741,0,"아침땅_",-13.071,-65.108,0,"하루（Haru）",18.652,-47.064,0,"ke ro",9.997,-64.539,0,"소솨소솨",48.678,-93.563,0,"AI",0,-100.6,0,"Sabo_10",-41.081,-97.393,0,0,0,0,0,0,"",0,0,0,0,0,0,0,0,0,0
157,8,1,1,3,0,1,1,0,0,0,255,255,255,77,4576.411,"coder_",R,6,59,92,0.276,-0.702,-0.218,1.353,-36.683,2,0,355.182,0,5.338,0,0,1,2,1,L,"Pring__",180.4,95.172,0.477,3,31,4577.47,159,15,35,63,60,113,76,92.14,87.395,0.92,0.011,-0.063,0.04,0,0.56,0.019,-37.235,0,"Kr_Luna",0.04,-17.238,0,"눈꽃",-18.438,-48.129,0,"아침땅_",-12.981,-65.055,0,"하루（Haru）",18.178,-48.276,0,"ke ro",9.987,-64.515,0,"소솨소솨",48.673,-93.616,0,"AI",0,-100.6,0,"Sabo_10",-38.148,-100.77,0,0,0,0,0,0,"",0,0,0,0,0,0,0,0,0,3
158,8,1,1,3,0,2,1,0,0,0,255,255,255,78,4590.778,"coder_",R,27,73,126,0.431,1.924,0.017,1.831,-36.769,2,0,67.464,-145.76,-3.796,0,0,1,2,1,L,"Pring__",180.4,95.172,0.477,3,31,4591.713,219,16,55,67,42,139,106,-30,-48.095,0.91,-0.039,-0.036,0.311,0,0.38,0.097,-37.07,0,"Kr_Luna",0.065,-17.189,0,"눈꽃",-19.673,-48.305,0,"아침땅_",-12.885,-64.989,0,"하루（Haru）",19.255,-48.743,0,"ke ro",9.693,-64.246,0,"소솨소솨",49.175,-93.355,0,"AI",0,-100.6,0,"Sabo_10",-39.944,-103.173,0,4591.919,2.878,-21.357,0,0,"",0,0,0,0,0,0,0,0,0,3
159,8,1,1,3,0,2,1,0,0,0,255,255,255,79,4603.244,"coder_",R,10,78,119,-0.385,-2.654,-0.029,1.266,-36.563,2,0,0,400,2.379,-0.071,-20.688,1,2,1,L,"Pring__",180.4,95.172,0.477,3,31,4604.149,141,15,70,96,67,143,129,-30,4.274,0.52,0.039,-0.117,0.145,0,0.382,-0.001,-36.912,0,"Kr_Luna",0.064,-17.208,0,"눈꽃",-18.509,-49.058,0,"아침땅_",-12.656,-65.173,0,"하루（Haru）",20.405,-48.803,0,"ke ro",8.681,-64.293,0,"소솨소솨",49.222,-93.275,0,"AI",0,-100.6,0,"Sabo_10",-38.988,-103.375,0,4611.52,-18.03,-41.727,0,0,"",0,0,1,0,0,0,0,0,0,2
160,8,1,1,3,0,0,1,1,0,0,1,255,255,80,4636.843,"coder_",R,10,47,84,1.172,1.05,0.163,2.099,-36.764,0,0,0,400,-15.277,0,0,0,3,3,R,"_앰프_",160,80,0.396,0,31,0,0,0,0,0,0,0,0,0,0,0,0,0,0,0,0,-0.041,-37.618,0,"Kr_Luna",0.133,-17.195,0,"눈꽃",-18.326,-43.169,0,"아침땅_",-14.384,-64.481,0,"하루（Haru）",19.172,-47.344,0,"ke ro",5.226,-63.039,0,"소솨소솨",46.653,-94.063,0,"AI",0,-100.6,0,"Sabo_10",-34.271,-79.745,0,0,0,0,0,0,"",0,0,0,0,0,0,0,0,0,0
161,8,1,1,3,0,1,1,1,0,0,1,255,255,81,4649.073,"coder_",R,26,77,128,-2.815,0.722,-0.258,1.58,-36.575,1,0,-12.254,-197.547,5.959,0,0,0,3,3,R,"_앰프_",160,80,0.396,0,31,0,0,0,0,0,0,0,0,0,0,0,0,0,0,0,0,-0.139,-37.708,0,"Kr_Luna",-0.045,-17.216,0,"눈꽃",-18.105,-43.28,0,"아침땅_",-14.37,-64.458,0,"하루（Haru）",19.703,-46.577,0,"ke ro",5.204,-63.008,0,"소솨소솨",44.906,-91.41,0,"AI",0,-100.6,0,"Sabo_10",-34.412,-78.089,0,0,0,0,0,0,"",0,0,0,0,0,0,0,0,0,0
162,8,1,1,3,1,1,1,1,0,0,1,255,255,82,4661.092,"coder_",R,10,62,95,-0.94,-2.049,-0.131,1.388,-36.642,2,0,0,400,19.101,0,0,1,3,3,R,"_앰프_",160,80,0.396,3,31,4662.389,219,24,30,59,72,112,61,-9.313,38.964,0.96,-0.076,-0.075,0.043,0,0.263,-0.26,-37.236,0,"Kr_Luna",-0.006,-17.29,0,"눈꽃",-17.906,-44.351,0,"아침땅_",-14.353,-64.425,0,"하루（Haru）",17.223,-47.378,0,"ke ro",5.18,-63.324,0,"소솨소솨",44.896,-91.439,0,"AI",0,-100.6,0,"Sabo_10",-34.394,-78.134,0,4662.553,-1.634,-23.103,0,0,"",0,0,0,4,0,0,0,0,0,2
163,8,0,1,3,0,0,0,0,0,0,255,255,255,79,4730.084,"Yaksok~",R,34,92,140,-1.284,0.002,-0.138,1.435,-36.237,0,0,68.391,-54.644,0.163,0,0,0,2,4,R,"하루（Haru）",190,85,0.549,0,32,0,0,0,0,0,0,0,0,0,0,0,0,0,0,0,0,0.157,-36.988,0,"Pring__",0.002,-16.948,0,"_Chun",-20.882,-44.993,0,"_앰프_",-13.666,-64.095,0,"인생최패망자",16.479,-46.934,0,"Multeinn",14.706,-60.372,0,"Pugeuk",40.265,-86.834,0,"AI",0,-100.6,0,"WhiteMountain",-45.009,-97.595,0,0,0,0,0,0,"",0,0,0,0,0,0,0,0,0,0
164,8,0,1,3,0,1,0,0,0,0,255,255,255,80,4743.612,"Yaksok~",R,33,87,140,-1.843,-0.431,-0.203,1.34,-36.265,2,0,114.297,-97.976,1.199,0,0,1,2,4,R,"하루（Haru）",190,85,0.549,3,32,4744.526,177,13,85,91,46,150,108,-16.343,44.821,0.03,-0.02,-0.022,0.113,0,0.331,-0.454,-36.378,0,"Pring__",0.003,-16.987,0,"_Chun",-20.758,-45.046,0,"_앰프_",-13.608,-64.046,0,"인생최패망자",16.337,-47.734,0,"Multeinn",14.287,-60.778,0,"Pugeuk",39.033,-88.329,0,"AI",0,-100.6,0,"WhiteMountain",-45.055,-97.581,0,4744.603,-2.897,-21.023,0,0,"",0,0,0,0,0,0,0,0,0,3
165,8,0,1,3,0,2,0,0,0,0,255,255,255,81,4761.037,"Yaksok~",R,10,73,116,-2.574,-0.659,-0.144,1.609,-36.368,4,0,0,400,-2.604,0,0,1,2,4,R,"하루（Haru）",190,85,0.549,0,32,0,0,0,0,0,0,0,0,0,0,0,0,0,0,0,0,-0.191,-36.858,0,"Pring__",-0.079,-17.013,0,"_Chun",-21.318,-45.307,0,"_앰프_",-11.314,-64.259,0,"인생최패망자",16.737,-44.311,0,"Multeinn",10.282,-62.102,0,"Pugeuk",37.951,-86.509,0,"AI",0,-100.6,0,"WhiteMountain",-49.286,-93.788,0,0,0,0,0,0,"",0,0,0,0,0,0,0,0,0,0
166,8,0,1,3,0,0,1,0,0,0,255,255,255,82,4834.07,"Yaksok~",R,33,84,138,0.252,0.749,-0.013,1.595,-36.357,2,0,126.208,-108.442,0.305,0,0,1,3,0,L,"Sabo_10",179.7,92,0.499,3,78,4835.17,43,7,42,41,25,37,46,35.409,-3.224,0.89,0.039,-0.05,0.017,0,0.152,-0.313,-36.61,0,"Pring__",0.024,-16.875,0,"_Chun",-21.973,-46.957,0,"_앰프_",-13.055,-64.836,0,"인생최패망자",19.397,-44.926,0,"Multeinn",15.164,-63.472,0,"Pugeuk",49.176,-90.066,0,"AI",0,-100.6,0,"WhiteMountain",-45.998,-96.175,0,0,0,0,0,0,"",0,0,0,0,0,0,0,0,0,1
167,8,0,1,3,0,0,2,0,0,0,255,255,255,83,4861.103,"Yaksok~",R,33,87,140,-3.119,-0.111,-0.321,1.446,-36.322,1,0,109.278,-104.362,-1.3,-1.095,-16.975,0,4,1,L,"Kr_Luna",190,94.523,0.497,0,32,0,0,0,0,0,0,0,0,0,0,0,0,0,0,0,0,-0.201,-36.95,0,"Pring__",-0.161,-16.883,0,"_Chun",-21.556,-46.709,0,"_앰프_",-12.773,-64.033,0,"인생최패망자",19.411,-44.856,0,"Multeinn",14.256,-62.378,0,"Pugeuk",42.053,-91.582,0,"AI",0,-100.6,0,"WhiteMountain",-45.943,-96.108,0,0,0,0,0,0,"",0,0,0,0,0,0,0,0,0,0
168,8,0,1,3,1,0,2,0,0,0,255,255,255,84,4875.741,"Yaksok~",R,34,90,140,-1.933,-0.211,-0.203,1.433,-36.22,2,0,83.929,-81.871,1.113,0,0,1,4,1,L,"Kr_Luna",190,94.523,0.497,2,32,4876.489,204,10,90,54,31,150,130,-30,-39.434,0.39,0.05,-0.022,0.09,0,0.053,-0.337,-36.493,0,"Pring__",0.025,-16.879,0,"_Chun",-21.43,-46.164,0,"_앰프_",-13.54,-64.169,0,"인생최패망자",19.348,-45.161,0,"Multeinn",12.849,-63.942,0,"Pugeuk",41.779,-91.881,0,"AI",0,-100.6,0,"WhiteMountain",-45.621,-96.181,0,4876.503,0.821,-21.033,0,0,"",0,0,0,0,0,0,0,0,0,2
169,9,1,1,3,0,0,0,0,0,0,255,255,255,83,4969.015,"Sabo_10",L,0,0,0,0,0,0,0,0,0,0,0,0,0,0,0,0,4,5,R,"Multeinn",160,94.907,0.2,0,32,0,0,0,0,0,0,0,0,0,0,0,0,0,0,0,0,0,0,0,"",0,0,0,"",0,0,0,"",0,0,0,"",0,0,0,"",0,0,0,"",0,0,0,"",0,0,0,"",0,0,0,0,0,0,0,0,"",0,0,0,0,0,0,0,0,0,0
170,9,1,1,3,1,0,0,0,0,0,255,255,255,84,4986.518,"Sabo_10",L,34,82,134,1.626,1.261,-0.169,1.552,-36.683,1,0,-94.315,-56.074,-34.7,0,0,0,4,5,R,"Multeinn",160,94.907,0.2,0,32,0,0,0,0,0,0,0,0,0,0,0,0,0,0,0,0,-0.324,-37.543,0,"Kr_Luna",0.078,-17.231,0,"coder_",-17.474,-43.343,0,"아침땅_",-14.172,-63.333,0,"하루（Haru）",19.642,-47.888,0,"ke ro",7.051,-65.787,0,"소솨소솨",42.146,-92.192,0,"AI",0,-100.6,0,"눈꽃",-45.834,-89.682,0,0,0,0,0,0,"",0,0,0,0,0,0,0,0,0,0
171,9,1,1,3,1,1,0,0,0,0,255,255,255,85,5034.118,"Sabo_10",L,28,82,134,3.182,-2.67,-0.207,1.421,-36.715,3,0,-40.136,-55.183,-13.445,0.352,-20.266,0,4,5,R,"Multeinn",160,94.907,0.2,0,32,0,0,0,0,0,0,0,0,0,0,0,0,0,0,0,0,-0.236,-37.443,0,"Kr_Luna",0.1,-17.282,0,"coder_",-17.94,-42.923,0,"아침땅_",-14.131,-63.398,0,"하루（Haru）",16.506,-50.208,0,"ke ro",6.576,-66.161,0,"소솨소솨",41.566,-87.011,0,"AI",0,-100.6,0,"눈꽃",-45.586,-89.86,0,0,0,0,0,0,"",0,0,0,0,0,0,0,0,0,6
172,9,1,1,3,0,0,0,1,0,0,5,255,255,86,5059.725,"Sabo_10",L,26,82,135,0.746,0.796,-0.272,1.714,-36.803,0,0,-141.058,-175.184,-18.134,0.129,-5.882,0,5,6,R,"Pugeuk",190,88.641,0.337,0,32,0,0,0,0,0,0,0,0,0,0,0,0,0,0,0,0,-0.36,-38.014,0,"Kr_Luna",0.037,-16.762,0,"coder_",-19.81,-43.721,0,"아침땅_",-13.991,-64.389,0,"하루（Haru）",17.217,-49.306,0,"ke ro",6.657,-66.119,0,"소솨소솨",43.903,-83.902,0,"AI",0,-100.6,0,"눈꽃",-45.139,-92.328,0,0,0,0,0,0,"",0,0,0,0,0,0,0,0,0,0
173,9,1,1,3,0,1,0,1,0,0,5,255,255,87,5079.957,"Sabo_10",L,33,71,125,0.568,0.633,-0.438,1.69,-36.88,2,0,-137.797,-125.768,-7.078,0,0,1,5,6,R,"Pugeuk",190,88.641,0.337,3,32,5080.799,158,7,71,73,38,145,130,25.966,11.861,0.34,-0.053,-0.029,0.167,0,0.667,-0.194,-37.521,0,"Kr_Luna",0.017,-17.258,0,"coder_",-20.21,-44.272,0,"아침땅_",-14.368,-64.394,0,"하루（Haru）",16.706,-48.108,0,"ke ro",5.653,-65.243,0,"소솨소솨",38.765,-89.011,0,"AI",0,-100.6,0,"눈꽃",-43.585,-87.8,0,5086.253,-39.56,-133.331,0,0,"",0,0,0,0,0,0,0,0,0,4
174,9,1,3,3,0,0,0,0,0,0,255,255,255,88,5124.077,"Sabo_10",L,33,95,140,0.732,-0.108,-0.181,1.511,-36.65,0,0,-149.572,-94.812,-36.666,0,0,0,6,8,R,"WhiteMountain",190,87.515,0.398,0,32,0,0,0,0,0,0,0,0,0,0,0,0,0,0,0,0,-0.405,-37.704,0,"Kr_Luna",0.066,-17.23,0,"coder_",-21.21,-48.23,0,"아침땅_",-14.632,-64.373,0,"하루（Haru）",18.835,-48.082,0,"ke ro",7.84,-66.165,0,"소솨소솨",43.063,-88.506,0,"AI",0,-100.6,0,"눈꽃",-43.165,-92.14,0,0,0,0,0,0,"",0,0,0,0,0,0,0,0,0,0
175,9,1,3,3,0,1,0,0,0,0,255,255,255,89,5140.556,"Sabo_10",L,32,94,140,4.833,1.404,-0.221,1.604,-36.729,2,0,-250,-117.598,-30.75,0,0,1,6,8,R,"WhiteMountain",190,87.515,0.398,2,32,5141.574,148,17,129,0,0,139,99,-0.94,10.664,-0.21,-0.039,-0.032,0.249,0,0.44,-0.348,-37.289,0,"Kr_Luna",0.017,-17.268,0,"coder_",-20.797,-48.28,0,"아침땅_",-14.448,-64.377,0,"하루（Haru）",17.566,-48.587,0,"ke ro",7.892,-66.028,0,"소솨소솨",44.036,-88.037,0,"AI",0,-100.6,0,"눈꽃",-42.803,-91.578,0,5142.22,-3.15,-37.587,0,0,"",0,0,0,0,0,0,0,0,0,2
176,9,1,3,3,0,0,1,0,0,0,255,255,255,90,5168.268,"Sabo_10",L,3,84,129,2.194,-0.446,-0.3,1.523,-36.712,2,0,294.192,0,-18.872,0,0,1,7,0,R,"Yaksok~",190,85.308,0.301,3,32,5169.049,179,19,77,0,0,109,69,22.63,8.872,-0.77,-0.042,-0.026,0.228,0,0.551,-0.222,-37.193,0,"Kr_Luna",-0.325,-17.147,0,"coder_",-21.829,-48.74,0,"아침땅_",-14.4,-64.422,0,"하루（Haru）",17.71,-50.566,0,"ke ro",7.008,-66.355,0,"소솨소솨",44.994,-90.885,0,"AI",0,-100.6,0,"눈꽃",-41.718,-89.138,0,5174.62,-9.695,-82.568,0,0,"",0,0,1,0,0,0,0,0,0,2
177,9,1,3,3,0,0,1,0,1,0,255,7,255,91,5221.233,"Sabo_10",L,3,91,126,2.737,0.275,-0.391,1.63,-36.78,2,0,500,0,-26.719,0,0,1,0,4,R,"인생최패망자",190,80,0.4,3,32,5222.258,211,19,96,119,100,150,130,28.02,-34.752,0.36,-0.042,-0.005,0.043,0,0.496,-0.368,-37.281,0,"Kr_Luna",0.006,-17.297,0,"coder_",-18.757,-44.035,0,"아침땅_",-14.251,-64.387,0,"하루（Haru）",18.498,-47.778,0,"ke ro",4.268,-63.434,0,"소솨소솨",36.228,-92.604,0,"AI",0,-100.6,0,"눈꽃",-42.219,-88.484,0,5227.736,83.862,-109.943,0,0,"",0,0,0,0,0,0,0,0,0,4
178,9,1,5,3,0,0,1,0,0,0,255,255,255,92,5294.584,"Sabo_10",L,0,85,138,3.116,-0.442,-0.29,1.619,-36.777,1,0,31.905,0,-22.273,1.096,-11.37,0,1,2,L,"_Chun",190,80,0.452,0,32,0,0,0,0,0,0,0,0,0,0,0,0,0,0,0,0,-0.274,-37.37,0,"Kr_Luna",0.11,-17.304,0,"coder_",-20.71,-45.947,0,"아침땅_",-12.849,-65.166,0,"하루（Haru）",18.274,-46.809,0,"ke ro",9.596,-65.092,0,"소솨소솨",46.983,-94.423,0,"AI",0,-100.6,0,"눈꽃",-41.497,-91.668,0,0,0,0,0,0,"",0,0,0,0,0,0,0,0,0,0
179,9,1,5,3,1,0,1,0,0,0,255,255,255,93,5306.452,"Sabo_10",L,0,89,139,-0.064,0.08,-0.289,1.511,-36.717,2,0,5.861,0,-15.158,0,0,1,1,2,L,"_Chun",190,80,0.452,3,32,5307.322,159,11,67,42,20,139,104,112.007,65.39,0.04,0.002,0.002,0.222,0,0.12,-0.181,-37.206,0,"Kr_Luna",0.085,-17.322,0,"coder_",-20.818,-46.062,0,"아침땅_",-12.798,-65.07,0,"하루（Haru）",17.796,-47.101,0,"ke ro",8.705,-65.463,0,"소솨소솨",43.01,-92.219,0,"AI",0,-100.6,0,"눈꽃",-41.532,-91.66,0,0,0,0,0,0,"",0,0,0,0,0,0,0,0,0,3
180,9,1,5,3,1,1,1,0,0,0,255,255,255,94,5321.303,"Sabo_10",L,3,73,117,1.149,0.166,-0.322,1.525,-36.753,0,0,355.311,0,-33.22,0,0,1,1,2,L,"_Chun",190,80,0.452,0,32,0,0,0,0,0,0,0,0,0,0,0,0,0,0,0,0,-0.476,-37.393,0,"Kr_Luna",0.161,-17.272,0,"coder_",-20.462,-44.942,0,"아침땅_",-12.629,-65.272,0,"하루（Haru）",19.134,-46.923,0,"ke ro",9.018,-65.053,0,"소솨소솨",49.693,-92.067,0,"AI",0,-100.6,0,"눈꽃",-40.01,-92.368,0,0,0,0,0,0,"",0,0,0,0,0,0,0,0,0,0
181,9,1,5,3,1,2,1,0,0,0,255,255,255,95,5334.76,"Sabo_10",L,3,88,128,2.179,0.16,-0.229,1.523,-36.725,4,0,424.469,0,-36.74,0,0,1,1,2,L,"_Chun",190,80,0.452,0,32,0,0,0,0,0,0,0,0,0,0,0,0,0,0,0,0,-0.339,-37.495,0,"Kr_Luna",0.329,-17.091,0,"coder_",-20.975,-43.619,0,"아침땅_",-12.62,-65.312,0,"하루（Haru）",17.856,-49.389,0,"ke ro",8.489,-65.678,0,"소솨소솨",49.533,-92.202,0,"AI",0,-100.6,0,"눈꽃",-40.003,-92.378,0,0,0,0,0,0,"",0,0,0,0,0,0,0,0,0,0
182,9,1,5,3,0,0,2,0,0,0,255,255,255,96,5357.443,"Sabo_10",L,3,84,125,-0.977,-0.647,-0.73,1.552,-36.822,0,0,430.042,6.446,-17.152,0,0,0,2,1,L,"Pring__",180.4,95.172,0.477,0,32,0,0,0,0,0,0,0,0,0,0,0,0,0,0,0,0,-0.64,-37.668,0,"Kr_Luna",0.066,-17.188,0,"coder_",-21.333,-47.326,0,"아침땅_",-12.308,-65.45,0,"하루（Haru）",19.005,-49.259,0,"ke ro",8.649,-64.638,0,"소솨소솨",50.406,-94.032,0,"AI",0,-100.6,0,"눈꽃",-40.02,-92.384,0,0,0,0,0,0,"",0,0,0,0,0,0,0,0,0,0
183,9,1,5,3,0,1,2,0,0,0,255,255,255,97,5370.559,"Sabo_10",L,3,76,115,-0.155,-0.935,-0.697,1.541,-36.824,2,0,432.849,247.322,-19.676,0,0,1,2,1,L,"Pring__",180.4,95.172,0.477,3,32,5371.359,255,23,49,0,0,68,71,-30,24.739,0.93,0.024,-0.038,0.185,0,1.105,-0.179,-37.316,0,"Kr_Luna",0.045,-17.222,0,"coder_",-21.256,-47.267,0,"아침땅_",-12.285,-65.33,0,"하루（Haru）",19.62,-49.697,0,"ke ro",8.627,-64.556,0,"소솨소솨",48.852,-94.249,0,"AI",0,-100.6,0,"눈꽃",-37.02,-96.582,0,5371.486,-0.347,-22.082,0,0,"",0,0,0,0,0,0,0,0,0,2
184,9,0,5,3,0,0,0,0,0,0,255,255,255,85,5436.766,"Yaksok~",R,10,66,98,-1.18,-1.436,0.001,1.754,-36.664,2,0,0,400,-0.419,0,0,1,5,2,R,"coder_",175.6,88.485,0.402,3,32,5437.929,160,18,52,136,107,137,80,-30,44.035,0.94,-0.3,-0.087,0.022,0,0.582,-0.357,-36.82,0,"Pring__",-0.037,-17.047,0,"_Chun",-21.146,-46.226,0,"_앰프_",-13.642,-63.134,0,"인생최패망자",16.229,-47.199,0,"Multeinn",16.629,-62.191,0,"Pugeuk",42.418,-89.09,0,"AI",0,-100.6,0,"WhiteMountain",-45.488,-95.692,0,5437.986,-0.993,-21.614,0,0,"",0,0,0,0,0,0,0,0,0,2
185,9,0,5,3,0,0,1,0,0,0,255,255,255,86,5461.085,"Yaksok~",R,6,67,110,1.513,-0.019,-0.064,1.769,-36.421,2,0,447.365,223.303,4.613,0,0,1,6,6,R,"소솨소솨",176.1,89.728,0.5,2,32,5462.052,255,18,104,81,38,150,84,-14.95,-39.535,-0.89,-0.014,-0.038,0.151,0,0.5,-0.475,-36.293,0,"Pring__",-0.009,-16.922,0,"_Chun",-21.792,-46.528,0,"_앰프_",-13.038,-63.96,0,"인생최패망자",14.845,-47.748,0,"Multeinn",12.023,-62.888,0,"Pugeuk",42.686,-82.274,0,"AI",0,-100.6,0,"WhiteMountain",-43.851,-95.685,0,5462.22,2.594,-22.234,0,0,"",0,0,1,0,0,0,0,0,0,2
186,9,0,5,3,0,0,1,1,0,0,15,255,255,87,5490.057,"Yaksok~",R,34,82,135,-2.612,0.207,-0.271,1.513,-36.338,1,0,96.811,-76.533,-1.322,-0.962,-17.125,0,6,8,L,"눈꽃",190,85,0.496,0,86,0,0,0,0,0,0,0,0,0,0,0,0,0,0,0,0,-0.537,-38.002,0,"Pring__",-0.749,-16.777,0,"_Chun",-20.542,-43.833,0,"_앰프_",-8.747,-62.899,0,"인생최패망자",19.521,-44.629,0,"Multeinn",14.782,-59.418,0,"Pugeuk",41.261,-89.792,0,"AI",0,-100.6,0,"WhiteMountain",-44.568,-95.716,0,0,0,0,0,0,"",0,0,0,0,0,0,0,0,0,0
187,9,0,5,3,1,0,1,1,0,0,15,255,255,88,5504.042,"Yaksok~",R,14,68,97,1.1,0.315,-0.099,1.986,-36.605,2,0,318.159,346.156,-5.889,0,0,1,6,8,L,"눈꽃",190,85,0.496,3,86,5505.269,235,31,101,108,68,150,114,-12.323,0.399,0.9,0.01,0.027,0.06,0,0.466,-0.437,-36.857,0,"Pring__",0.066,-17.042,0,"_Chun",-20.721,-45.083,0,"_앰프_",-12.151,-61.102,0,"인생최패망자",19.154,-45.203,0,"Multeinn",14.649,-60.815,0,"Pugeuk",40.528,-89.549,0,"AI",0,-100.6,0,"WhiteMountain",-44.31,-95.849,0,5508.736,-6.721,-93.042,0,0,"",0,0,1,0,0,0,0,0,0,2
188,9,0,5,3,0,0,1,1,1,0,255,15,255,89,5528.765,"Yaksok~",R,6,61,93,-0.883,-0.901,-0.443,1.795,-36.581,0,0,365.664,247.212,7.874,0,0,0,6,3,R,"아침땅_",160,95.405,0.5,0,32,0,0,0,0,0,0,0,0,0,0,0,0,0,0,0,0,-0.13,-37.593,0,"Pring__",0.362,-17.739,0,"_Chun",-20.562,-42.582,0,"_앰프_",-9.201,-62.517,0,"인생최패망자",18.69,-40.154,0,"Multeinn",3.757,-62.979,0,"Pugeuk",45.392,-86.036,0,"AI",0,-100.6,0,"WhiteMountain",-44.934,-95.111,0,0,0,0,0,0,"",0,0,0,0,0,0,0,0,0,0
189,9,0,5,3,0,1,1,1,0,1,17,255,15,90,5548.9,"Yaksok~",R,14,72,100,1.937,-1.043,-0.094,1.788,-36.433,1,0,339.386,332.609,-3.223,0.566,-17.517,0,6,3,R,"아침땅_",160,95.405,0.5,0,32,0,0,0,0,0,0,0,0,0,0,0,0,0,0,0,0,-0.33,-37.248,0,"Pring__",0.458,-17.096,0,"_Chun",-20.289,-41.83,0,"_앰프_",-9.262,-63.302,0,"인생최패망자",17.74,-40.817,0,"Multeinn",3.774,-62.001,0,"Pugeuk",42.065,-86.802,0,"AI",0,-100.6,0,"WhiteMountain",-45.069,-95.1,0,0,0,0,0,0,"",0,0,0,0,0,0,0,0,0,0
190,9,0,5,3,1,1,1,1,0,1,17,255,15,91,5566.061,"Yaksok~",R,14,61,93,-0.746,-0.855,-0.015,1.875,-36.579,2,0,307.427,343.189,1.424,0,0,1,6,3,R,"아침땅_",160,95.405,0.5,2,32,5567.099,100,7,73,59,49,134,75,9.514,-37.791,-0.73,0.003,-0.014,0.049,0,0.248,-0.482,-36.79,0,"Pring__",0.02,-16.898,0,"_Chun",-20.681,-44.247,0,"_앰프_",-12.412,-62.953,0,"인생최패망자",17.046,-44.418,0,"Multeinn",9.304,-66.569,0,"Pugeuk",42.251,-86.855,0,"AI",0,-100.6,0,"WhiteMountain",-44.133,-95.055,0,5568.336,16.909,-38.464,0,0,"",0,0,1,64,0,0,0,0,0,2
191,9,0,5,3,0,0,2,1,1,0,12,17,255,92,5640.775,"Yaksok~",R,34,89,140,-2.671,-0.313,-0.269,1.436,-36.26,1,0,75.275,-49.57,1.336,0,0,0,6,5,R,"ke ro",160,85.038,0.399,0,31,0,0,0,0,0,0,0,0,0,0,0,0,0,0,0,0,0.269,-37.169,0,"Pring__",-0.14,-16.814,0,"_Chun",-20.542,-44.111,0,"_앰프_",-10.787,-62.962,0,"인생최패망자",17.907,-42.323,0,"Multeinn",13.601,-60.757,0,"Pugeuk",40.469,-85.651,0,"AI",0,-100.6,0,"WhiteMountain",-44.344,-94.19,0,0,0,0,0,0,"",0,0,0,0,0,0,0,0,0,0
192,9,0,5,3,1,0,2,1,1,0,12,17,255,93,5657.24,"Yaksok~",R,26,79,129,2.857,1.388,0.209,1.625,-36.421,4,0,177.812,-200,10.102,0,0,1,6,5,R,"ke ro",160,85.038,0.399,0,31,0,0,0,0,0,0,0,0,0,0,0,0,0,0,0,0,0.248,-37.218,0,"Pring__",-0.041,-16.883,0,"_Chun",-20.405,-43.875,0,"_앰프_",-12.734,-62.693,0,"인생최패망자",19.062,-41.711,0,"Multeinn",9.662,-63.539,0,"Pugeuk",40.356,-85.833,0,"AI",0,-100.6,0,"WhiteMountain",-45.345,-94.243,0,0,0,0,0,0,"",0,0,0,0,0,0,0,0,0,0
193,9,0,5,3,1,1,2,1,1,0,12,17,255,94,5672.974,"Yaksok~",R,33,79,130,2.378,1.265,0.179,1.638,-36.387,2,0,135.013,-93.64,-4.154,0,0,1,6,5,R,"ke ro",160,85.038,0.399,2,31,5674.061,207,11,29,25,20,89,62,105.357,64.349,-0.84,0.021,-0.021,0.146,0,0.279,-0.004,-36.614,0,"Pring__",-0.027,-16.96,0,"_Chun",-20.565,-44.923,0,"_앰프_",-12.961,-62.699,0,"인생최패망자",16.849,-46.441,0,"Multeinn",14.574,-64.133,0,"Pugeuk",42.217,-85.286,0,"AI",0,-100.6,0,"WhiteMountain",-45.408,-94.231,0,0,0,0,0,0,"",0,0,0,0,0,0,0,0,0,3
194,9,0,5,3,1,2,2,1,1,0,12,17,255,95,5690.2,"Yaksok~",R,10,68,100,-2.39,-1.138,-0.129,1.759,-36.516,4,0,0,400,4.791,0,0,1,6,5,R,"ke ro",160,85.038,0.399,0,87,0,0,0,0,0,0,0,0,0,0,0,0,0,0,0,0,-1.423,-35.607,0,"Pring__",-0.25,-17.138,0,"_Chun",-20.311,-42.35,0,"_앰프_",-10.38,-63.745,0,"인생최패망자",18.022,-42.533,0,"Multeinn",8.024,-60.844,0,"Pugeuk",41.347,-84.649,0,"AI",0,-100.6,0,"WhiteMountain",-47.584,-92.886,0,0,0,0,0,0,"",0,0,0,0,0,0,0,0,0,0
