id,inn,half,scoreA,scoreB,ball,strk,out,b1,b2,b3,b1Idx,b2Idx,b3Idx,pCnt,pSec,pName,pHand,pType,pPow,spdK,zoneX,zoneY,startX,startY,zDist,call,balk,sH,sV,gyro,plx,plz,bSwing,bIdx,bPos,bZone,bName,bHCm,batLen,batCen,batType,bFps,hSec,rotS,rotL,shS,lgS,prepS,batSpd,ev,ldeg,sdeg,hPos,hMoveX,hMoveY,stayCon,buntGrip,handDist,PPosX,PPosY,PThrSpd,CName,CPosX,CPosY,CThrSpd,1BName,1BPosX,1BPosY,1BThrSpd,2BName,2BPosX,2BPosY,2BThrSpd,3BName,3BPosX,3BPosY,3BThrSpd,SSName,SSPosX,SSPosY,SSThrSpd,LFName,LFPosX,LFPosY,LFThrSpd,CFName,CFPosX,CFPosY,CFThrSpd,RFName,RFPosX,RFPosY,RFThrSpd,ltSec,lx,lz,cSec,cPos,cPlr,cx,cz,1BSafe,tag,cpSec,sb2Sec,sb3Sec,sbhSec,ass,result
1,1,1,0,0,0,0,0,0,0,0,255,255,255,0,134.651,"주저하는 연인들을 위해",R,0,64,120,-1.764,-0.979,0.124,1.266,-36.813,1,0,0,0,0,0,0,0,0,9,L,"Sabo_10",180.1,90,0.502,0,83,0,0,0,0,0,0,0,0,0,0,0,0,0,0,0,0,-0.223,-37.909,0,"눈꽃",-0.042,-17.536,0,"encounter v",-23.112,-50.494,0,"vovopo 보보포",-7.96,-66.176,0,"magimari",21.875,-47.852,0,"それいゆ るな",14.41,-61.824,0,"아침땅_",43.658,-83.72,0,"ByeolBam",0.091,-111.867,0,"Pugeuk",-35.796,-95.902,0,0,0,0,0,0,"",0,0,0,0,0,0,0,0,0,0
2,1,1,0,0,1,0,0,0,0,0,255,255,255,1,148.986,"주저하는 연인들을 위해",R,10,49,100,1.029,0.264,0.096,1.863,-36.599,2,0,0,399.978,0,0,0,1,0,9,L,"Sabo_10",180.1,90,0.502,3,83,150.127,206,15,86,114,85,150,97,19.278,-19.454,0.92,0.051,-0.036,0.275,0,0.579,-0.19,-37.385,0,"눈꽃",-0.044,-17.35,0,"encounter v",-23.498,-51.123,0,"vovopo 보보포",-8.378,-66.518,0,"magimari",21.548,-47.798,0,"それいゆ るな",13.675,-61.883,0,"아침땅_",47.166,-87.414,0,"ByeolBam",0.139,-111.945,0,"Pugeuk",-34.433,-96.299,0,153.66,32.053,-80.725,160.293,6,"아침땅_",52.97,-111.469,1,0,0,0,0,0,0,2
3,1,1,0,0,0,0,0,0,0,1,255,255,0,2,193.471,"주저하는 연인들을 위해",R,0,70,124,-0.976,-0.539,0.07,1.399,-36.683,0,0,0,0,0,0,0,0,1,4,R,"NABIMan",190,89.844,0.376,0,83,0,0,0,0,0,0,0,0,0,0,0,0,0,0,0,0,-0.346,-37.998,0,"눈꽃",-0.116,-17.037,0,"encounter v",-23.131,-51.093,0,"vovopo 보보포",-11.378,-64.594,0,"magimari",21.04,-46.499,0,"それいゆ るな",13.414,-61.058,0,"아침땅_",38.574,-87.086,0,"ByeolBam",-0.029,-112.153,0,"Pugeuk",-37.953,-98.971,0,0,0,0,0,0,"",0,0,0,0,0,0,0,0,0,0
4,1,1,0,0,0,1,0,0,0,1,255,255,0,3,207.797,"주저하는 연인들을 위해",R,0,58,115,0.707,-0.857,0.232,1.353,-36.792,0,0,0,0,0,0,0,0,1,4,R,"NABIMan",190,89.844,0.376,0,83,0,0,0,0,0,0,0,0,0,0,0,0,0,0,0,0,-0.11,-37.953,0,"눈꽃",-0.043,-17.044,0,"encounter v",-23.2,-51.127,0,"vovopo 보보포",-14.312,-64.024,0,"magimari",21.486,-44.518,0,"それいゆ るな",12.983,-61.391,0,"아침땅_",37.85,-87.508,0,"ByeolBam",0.097,-109.605,0,"Pugeuk",-38.758,-98.658,0,0,0,0,0,0,"",0,0,0,0,0,0,0,0,0,0
5,1,1,0,0,0,2,0,0,0,1,255,255,0,4,220.926,"주저하는 연인들을 위해",R,0,49,108,-2.304,0.052,-0.214,1.647,-36.647,2,0,0,0,0,0,0,1,1,4,R,"NABIMan",190,89.844,0.376,3,83,221.929,255,23,92,117,36,150,117,5.742,7.774,0.72,-0.157,-0.109,0.052,0,0.667,-0.393,-37.443,0,"눈꽃",-0.244,-16.99,0,"encounter v",-21.636,-49.99,0,"vovopo 보보포",-14.833,-64.072,0,"magimari",20.368,-45.314,0,"それいゆ るな",13.522,-61.698,0,"아침땅_",37.024,-87.922,0,"ByeolBam",0.116,-109.794,0,"Pugeuk",-38.742,-98.72,0,223.737,-10.462,-67.026,223.871,3,"vovopo 보보포",-8.921,-61.84,0,0,0,0,0,0,0,1
6,1,1,0,0,0,0,1,0,0,1,255,255,0,5,248.315,"주저하는 연인들을 위해",R,0,55,113,0.5,-1.051,0.214,1.38,-36.834,2,0,0,0,0,0,0,1,2,7,R,"ke ro",164.9,80,0.251,2,84,249.333,150,16,57,67,47,139,122,16.529,1.914,0.53,-0.035,-0.096,0.123,0,0.195,-0.215,-37.056,0,"눈꽃",-0.094,-17.011,0,"encounter v",-22.922,-51.117,0,"vovopo 보보포",-15.433,-63.983,0,"magimari",20.921,-45.737,0,"それいゆ るな",12.875,-63.724,0,"아침땅_",34.424,-87.412,0,"ByeolBam",-0.31,-111.126,0,"Pugeuk",-36.365,-88.683,0,0,0,0,253.904,7,"ByeolBam",-6.096,-118.204,0,0,0,0,0,0,0,1
7,1,1,1,0,0,0,2,0,0,0,255,255,255,6,281.768,"주저하는 연인들을 위해",R,0,58,115,-0.028,-0.866,0.213,1.411,-36.837,2,0,0,0,0,0,0,1,3,3,R,"장덕춘_",164.7,94.644,0.8,3,85,282.618,148,24,74,113,48,148,123,7.769,-26.912,0.4,-0.04,-0.009,0.057,0,0.189,-0.186,-36.962,0,"눈꽃",-0.018,-17.183,0,"encounter v",-21.679,-49.844,0,"vovopo 보보포",-13.993,-64.511,0,"magimari",21.625,-46.917,0,"それいゆ るな",13.986,-61.762,0,"아침땅_",35.685,-85.868,0,"ByeolBam",-0.262,-112.169,0,"Pugeuk",-38.103,-93.935,0,284.337,20.17,-62.375,291.571,7,"ByeolBam",36.419,-107.858,1,0,0,0,0,0,0,2
8,1,1,1,0,0,0,2,0,1,0,255,3,255,7,313.718,"주저하는 연인들을 위해",R,0,48,107,-2.128,-0.465,-0.1,1.528,-36.807,4,0,0,0,0,0,0,1,4,5,R,"Yaksok~",173.2,89.922,0.303,0,74,0,0,0,0,0,0,0,0,0,0,0,0,0,0,0,0,-0.303,-37.65,0,"눈꽃",-0.283,-16.903,0,"encounter v",-22.632,-51.452,0,"vovopo 보보포",-12.426,-63.92,0,"magimari",20.522,-45.6,0,"それいゆ るな",11.314,-63.376,0,"아침땅_",34.08,-86.233,0,"ByeolBam",0.918,-110.884,0,"Pugeuk",-37.622,-92.983,0,0,0,0,0,0,"",0,0,0,0,0,0,0,0,0,0
9,1,1,1,0,0,1,2,0,1,0,255,3,255,8,329.687,"주저하는 연인들을 위해",R,0,53,111,-0.008,-0.787,0.166,1.445,-36.789,2,0,0,0,0,0,0,1,4,5,R,"Yaksok~",173.2,89.922,0.303,3,74,330.68,192,22,130,32,0,150,91,2.589,40.03,0.94,-0.124,-0.087,0.236,0,0.685,-0.172,-36.917,0,"눈꽃",-0.026,-17.074,0,"encounter v",-22.672,-51.427,0,"vovopo 보보포",-13.938,-62.626,0,"magimari",20.477,-46.947,0,"それいゆ るな",3.424,-61.856,0,"아침땅_",35.318,-86.977,0,"ByeolBam",1.015,-110.875,0,"Pugeuk",-38.494,-92.922,0,331.649,-11.884,-34.724,332.793,2,"encounter v",-22.02,-46.842,0,0,0,0,0,0,0,2
10,1,0,1,0,0,0,0,0,0,0,255,255,255,0,373.748,"HANA_ARASHI",R,14,67,110,2.594,-1.889,0.125,1.691,-36.317,1,0,358.349,348.692,4.12,0.576,-18.604,0,0,3,L,"vovopo 보보포",159.5,80,0.6,0,86,0,0,0,0,0,0,0,0,0,0,0,0,0,0,0,0,-0.154,-36.986,0,"_Chun",0.119,-17.079,0,"Pring__",-22.585,-46.59,0,"장덕춘_",-13.771,-63.342,0,"NABIMan",20.802,-47.097,0,"Yaksok~",14.289,-63.334,0,"소솨소솨",41.798,-84.579,0,"ke ro",8.326,-106.54,0,"Kr_Luna",-49.306,-85.711,0,0,0,0,0,0,"",0,0,0,0,0,0,0,0,0,0
11,1,0,1,0,1,0,0,0,0,0,255,255,255,1,386.198,"HANA_ARASHI",R,30,71,125,-1.341,1.254,-0.032,1.769,-36.32,2,0,-144.64,-127.136,4.365,0,0,1,0,3,L,"vovopo 보보포",159.5,80,0.6,3,86,387.376,255,31,84,25,19,140,77,-45.298,-10.463,-0.81,-0.034,-0.023,0.24,0,0.531,-0.011,-36.617,0,"_Chun",-0.023,-17.053,0,"Pring__",-22.357,-48.313,0,"장덕춘_",-13.576,-63.226,0,"NABIMan",20.606,-47.114,0,"Yaksok~",14.312,-63.401,0,"소솨소솨",43.039,-86.063,0,"ke ro",6.696,-104.501,0,"Kr_Luna",-49.306,-85.708,0,387.615,-0.082,-20.306,389.182,0,"HANA_ARASHI",2.461,-34.026,0,0,0,0,0,0,0,2
12,1,0,1,0,0,0,1,0,0,0,255,255,255,2,412.013,"HANA_ARASHI",R,29,74,126,-1.548,0.762,-0.002,1.909,-36.42,4,0,-181.337,-170.238,-9.36,0,0,1,1,7,R,"ByeolBam",175.3,85,0.5,0,86,0,0,0,0,0,0,0,0,0,0,0,0,0,0,0,0,-0.34,-37.426,0,"_Chun",-0.055,-17.114,0,"Pring__",-22.232,-48.562,0,"장덕춘_",-12.001,-63.848,0,"NABIMan",18.119,-49.493,0,"Yaksok~",13.067,-64.49,0,"소솨소솨",38.258,-92.575,0,"ke ro",-3.728,-105.274,0,"Kr_Luna",-41.712,-100.058,0,0,0,0,0,0,"",0,0,0,0,0,0,0,0,0,0
13,1,0,1,0,0,1,1,0,0,0,255,255,255,3,425.8,"HANA_ARASHI",R,26,82,134,0.996,0.371,0.153,1.645,-36.403,0,0,-47.632,-191.109,0,0,0,1,1,7,R,"ByeolBam",175.3,85,0.5,0,86,0,0,0,0,0,0,0,0,0,0,0,0,0,0,0,0,-0.014,-37.442,0,"_Chun",0.016,-17.107,0,"Pring__",-21.144,-46.852,0,"장덕춘_",-12.529,-62.718,0,"NABIMan",19.742,-49.893,0,"Yaksok~",11.388,-64.99,0,"소솨소솨",36.791,-90.136,0,"ke ro",-1.969,-104.796,0,"Kr_Luna",-41.819,-100.417,0,0,0,0,0,0,"",0,0,0,0,0,0,0,0,0,0
14,1,0,1,0,0,2,1,0,0,0,255,255,255,4,440.101,"HANA_ARASHI",R,13,74,102,-3.701,-1.465,-0.114,1.7,-36.263,4,0,-325.034,356.554,0,-0.854,-18.142,1,1,7,R,"ByeolBam",175.3,85,0.5,0,86,0,0,0,0,0,0,0,0,0,0,0,0,0,0,0,0,-0.344,-37.386,0,"_Chun",-0.09,-17.106,0,"Pring__",-20.898,-42.167,0,"장덕춘_",-13.078,-62.635,0,"NABIMan",18.205,-49.299,0,"Yaksok~",11.367,-64.968,0,"소솨소솨",37.864,-91.091,0,"ke ro",-1.023,-105.129,0,"Kr_Luna",-41.917,-100.371,0,0,0,0,0,0,"",0,0,0,0,0,0,0,0,0,0
15,1,0,1,0,0,0,2,0,0,0,255,255,255,5,464.481,"HANA_ARASHI",R,10,70,114,1.962,0.856,0.287,1.898,-36.48,1,0,-14.763,400,0,0,0,0,2,8,R,"Pugeuk",170.1,90.921,0.474,0,86,0,0,0,0,0,0,0,0,0,0,0,0,0,0,0,0,0.036,-37.125,0,"_Chun",0.029,-17.016,0,"Pring__",-21.224,-47.099,0,"장덕춘_",-13.583,-64.506,0,"NABIMan",19.489,-49.578,0,"Yaksok~",11.923,-65.149,0,"소솨소솨",36.904,-90.292,0,"ke ro",-0.158,-105.588,0,"Kr_Luna",-47.347,-95.01,0,0,0,0,0,0,"",0,0,0,0,0,0,0,0,0,0
16,1,0,1,0,1,0,2,0,0,0,255,255,255,6,478.525,"HANA_ARASHI",R,0,78,129,0.759,-0.618,0.17,1.735,-36.367,2,0,0,0,0,0,0,1,2,8,R,"Pugeuk",170.1,90.921,0.474,3,86,479.615,255,15,163,90,44,150,95,63.767,47.388,-0.19,-0.07,-0.056,0.231,0,0.728,-0.098,-36.799,0,"_Chun",0.023,-17.075,0,"Pring__",-21.1,-46.727,0,"장덕춘_",-13.391,-64.523,0,"NABIMan",20.738,-49.22,0,"Yaksok~",11.912,-65.146,0,"소솨소솨",36.902,-90.294,0,"ke ro",0.083,-105.633,0,"Kr_Luna",-55.522,-97.592,0,485.704,-51.916,-56.529,0,0,"",0,0,0,0,0,0,0,0,0,3
17,1,0,1,0,1,1,2,0,0,0,255,255,255,7,501.146,"HANA_ARASHI",R,26,88,140,-2.786,-0.54,-0.136,1.5,-36.395,2,0,-85.493,-200,0,0,0,1,2,8,R,"Pugeuk",170.1,90.921,0.474,3,86,502.23,178,5,73,55,39,143,75,93.926,-84.004,0.96,-0.054,-0.063,0.247,0,0.732,-0.274,-37.067,0,"_Chun",-0.045,-17.169,0,"Pring__",-22.167,-48.112,0,"장덕춘_",-13.517,-64.571,0,"NABIMan",18.724,-50.673,0,"Yaksok~",11.807,-64.881,0,"소솨소솨",35.503,-90.198,0,"ke ro",-0.373,-105.166,0,"Kr_Luna",-54.698,-95.59,0,507.793,-40.814,-11.871,0,0,"",0,0,0,0,0,0,0,0,0,3
18,1,0,1,0,1,2,2,0,0,0,255,255,255,8,517.263,"HANA_ARASHI",R,13,75,103,-3.86,-2.199,-0.217,1.536,-36.381,1,0,-351.004,330.879,0,-0.786,-19.371,0,2,8,R,"Pugeuk",170.1,90.921,0.474,0,86,0,0,0,0,0,0,0,0,0,0,0,0,0,0,0,0,-0.201,-37.296,0,"_Chun",-0.171,-16.809,0,"Pring__",-22.509,-45.553,0,"장덕춘_",-13.549,-62.925,0,"NABIMan",20.129,-49.534,0,"Yaksok~",11.368,-64.706,0,"소솨소솨",35.827,-90.577,0,"ke ro",-1.614,-104.754,0,"Kr_Luna",-52.623,-97.438,0,0,0,0,0,0,"",0,0,0,0,0,0,0,0,0,0
19,1,0,1,0,2,2,2,0,0,0,255,255,255,9,530.872,"HANA_ARASHI",R,13,74,102,-3.293,-1.644,-0.049,1.672,-36.3,4,0,-336.457,344.01,0,-0.76,-18.397,1,2,8,R,"Pugeuk",170.1,90.921,0.474,0,86,0,0,0,0,0,0,0,0,0,0,0,0,0,0,0,0,-0.261,-36.549,0,"_Chun",-0.275,-16.681,0,"Pring__",-20.765,-42.098,0,"장덕춘_",-13.59,-62.636,0,"NABIMan",19.8,-50.028,0,"Yaksok~",10.336,-64.677,0,"소솨소솨",35.831,-90.544,0,"ke ro",-1.605,-104.779,0,"Kr_Luna",-52.686,-97.38,0,0,0,0,0,0,"",0,0,0,2,0,0,0,0,0,0
20,2,1,1,0,0,0,0,0,0,0,255,255,255,9,566.555,"주저하는 연인들을 위해",R,0,60,117,0.217,-1.206,0.186,1.268,-36.84,1,0,0,0,0,0,0,0,5,2,L,"Pring__",179.734,94.516,0.485,0,87,0,0,0,0,0,0,0,0,0,0,0,0,0,0,0,0,-0.111,-37.981,0,"눈꽃",-0.004,-17.088,0,"encounter v",-21.87,-50.492,0,"vovopo 보보포",-9.021,-65.212,0,"magimari",22.062,-47.712,0,"それいゆ るな",13.375,-60.325,0,"아침땅_",42.423,-87.9,0,"ByeolBam",0.373,-111.189,0,"Pugeuk",-34.712,-93.68,0,0,0,0,0,0,"",0,0,0,0,0,0,0,0,0,0
21,2,1,1,0,1,0,0,0,0,0,255,255,255,10,579.75,"주저하는 연인들을 위해",R,0,62,118,-2.079,-1.255,0.09,1.252,-36.897,2,0,0,0,0,0,0,0,5,2,L,"Pring__",179.734,94.516,0.485,3,87,580.604,169,24,69,115,84,145,100,56.226,-31.788,-0.17,-0.003,-0.069,0.062,0,0.46,-0.212,-37.094,0,"눈꽃",-0.008,-17.124,0,"encounter v",-21.834,-50.491,0,"vovopo 보보포",-12.507,-65.35,0,"magimari",22.036,-47.849,0,"それいゆ るな",14.008,-62.794,0,"아침땅_",42.774,-88.333,0,"ByeolBam",0.613,-109.816,0,"Pugeuk",-35.39,-103.164,0,586.76,42.746,-73.112,587.537,0,"HANA_ARASHI",42.987,-73.387,0,0,0,0,0,0,0,1
22,2,1,1,0,0,0,1,0,0,0,255,255,255,11,608.341,"주저하는 연인들을 위해",R,0,66,121,0.061,-2.017,0.157,1.116,-37.08,1,0,0,0,0,0,0,0,6,1,L,"_Chun",190,80,0.455,0,87,0,0,0,0,0,0,0,0,0,0,0,0,0,0,0,0,-0.123,-37.46,0,"눈꽃",-0.009,-17.071,0,"encounter v",-22.661,-51.086,0,"vovopo 보보포",-10.426,-64.864,0,"magimari",21.737,-47.629,0,"それいゆ るな",15.158,-62.312,0,"아침땅_",46.004,-87.174,0,"ByeolBam",0.664,-106.412,0,"Pugeuk",-37.232,-97.545,0,0,0,0,0,0,"",0,0,0,0,0,0,0,0,0,0
23,2,1,1,0,1,0,1,0,0,0,255,255,255,12,622.891,"주저하는 연인들을 위해",R,0,59,116,1.028,-1.151,0.228,1.254,-36.848,2,0,0,0,0,0,0,1,6,1,L,"_Chun",190,80,0.455,3,87,623.975,255,13,118,92,46,150,130,-13.242,-34.709,0.35,-0.004,-0.036,0.158,0,0.258,-0.276,-36.995,0,"눈꽃",-0.044,-17.153,0,"encounter v",-22.901,-51.685,0,"vovopo 보보포",-12.556,-64.908,0,"magimari",22.384,-48.24,0,"それいゆ るな",15.18,-62.381,0,"아침땅_",44.983,-88.086,0,"ByeolBam",0.646,-106.469,0,"Pugeuk",-38.041,-96.274,0,624.204,1.613,-22.081,627.149,9,"Sabo_10",44.179,-82.497,1,0,0,0,0,0,0,2
24,2,1,1,0,0,0,1,1,0,0,1,255,255,13,653.866,"주저하는 연인들을 위해",R,38,50,94,1.334,-0.096,0.324,1.569,-36.738,2,0,0,0,0,0,0,1,7,8,L,"Kr_Luna",165.7,92.367,0.505,2,63,654.919,182,13,93,74,59,150,91,20.366,-30.874,0.92,-0.042,-0.002,0.107,0,0.092,-0.069,-37.437,0,"눈꽃",-0.034,-17.144,0,"encounter v",-17.434,-43.931,0,"vovopo 보보포",-14.064,-62.874,0,"magimari",21.231,-47.958,0,"それいゆ るな",14.432,-62.516,0,"아침땅_",44.439,-87.059,0,"ByeolBam",0.533,-110.707,0,"Pugeuk",-34.853,-94.423,0,658.337,40.141,-69.195,665.115,6,"아침땅_",67.713,-94.685,1,0,0,0,0,0,0,2
25,2,1,1,0,0,0,1,0,1,1,255,255,1,14,692.39,"주저하는 연인들을 위해",R,38,44,89,-1.034,0.764,0.052,1.808,-36.925,2,0,0,0,0,0,0,1,8,6,R,"소솨소솨",175.4,80,0.5,2,84,693.511,191,16,109,0,14,137,74,110.882,-31.127,0.96,0.068,-0.031,0.254,0,0.463,-0.257,-36.915,0,"눈꽃",-0.074,-17.123,0,"encounter v",-21.508,-47.154,0,"vovopo 보보포",-11.418,-61.275,0,"magimari",20.778,-46.358,0,"それいゆ るな",15.748,-60.301,0,"아침땅_",37.813,-87.897,0,"ByeolBam",0.754,-108.785,0,"Pugeuk",-35.956,-87.335,0,699.237,-14.98,5.972,0,0,"",0,0,0,0,0,0,0,0,0,3
26,2,1,1,0,0,1,1,0,1,1,255,255,1,15,709.891,"주저하는 연인들을 위해",R,0,65,120,0.13,-0.853,0.255,1.337,-36.839,0,0,0,0,0,0,0,0,8,6,R,"소솨소솨",175.4,80,0.5,0,84,0,0,0,0,0,0,0,0,0,0,0,0,0,0,0,0,-0.168,-37.855,0,"눈꽃",-0.043,-17.087,0,"encounter v",-21.934,-49.022,0,"vovopo 보보포",-11.964,-58.539,0,"magimari",20.118,-46.341,0,"それいゆ るな",15.504,-59.56,0,"아침땅_",37.229,-85.952,0,"ByeolBam",-0.054,-107.36,0,"Pugeuk",-39.182,-89.131,0,0,0,0,0,0,"",0,0,0,0,0,0,0,0,0,0
27,2,1,1,0,0,2,1,0,1,1,255,255,1,16,725.55,"주저하는 연인들을 위해",R,0,68,122,-2.037,-0.551,-0.007,1.449,-36.687,2,0,0,0,0,0,0,1,8,6,R,"소솨소솨",175.4,80,0.5,2,84,726.493,208,26,94,116,75,150,70,100.738,-75.489,0.98,-0.06,-0.1,0.058,0,0.458,-0.287,-36.986,0,"눈꽃",-0.054,-17.156,0,"encounter v",-21.875,-48.872,0,"vovopo 보보포",-10.908,-58.852,0,"magimari",20.058,-47.072,0,"それいゆ るな",15.062,-60.522,0,"아침땅_",37.853,-87.511,0,"ByeolBam",-0.053,-111.52,0,"Pugeuk",-39.661,-90.219,0,0,0,0,0,0,"",0,0,0,0,0,0,0,0,0,3
28,2,1,1,0,0,2,1,0,1,1,255,255,1,17,742.66,"주저하는 연인들을 위해",R,0,58,115,0.24,-2.174,0.128,1.079,-36.903,2,0,0,0,0,0,0,1,8,6,R,"소솨소솨",175.4,80,0.5,2,84,743.603,239,30,102,110,83,150,129,-30,19.506,0.68,-0.07,-0.084,0.079,0,0.397,-0.239,-37.132,0,"눈꽃",-0.019,-17.203,0,"encounter v",-21.589,-48.84,0,"vovopo 보보포",-12.684,-59.326,0,"magimari",20.03,-46.749,0,"それいゆ るな",15.074,-61.55,0,"아침땅_",38.23,-88.917,0,"ByeolBam",0.243,-115.82,0,"Pugeuk",-41.898,-87.068,0,743.815,-0.039,-20.432,745.471,3,"vovopo 보보포",-8.365,-56.21,0,0,0,0,0,0,0,2
29,2,1,3,0,0,0,2,0,0,0,255,255,255,18,797.197,"주저하는 연인들을 위해",R,0,0,0,0,0,0,0,0,0,0,0,0,0,0,0,0,0,9,L,"Sabo_10",180.1,90,0.502,0,82,0,0,0,0,0,0,0,0,0,0,0,0,0,0,0,0,0,0,0,"",0,0,0,"",0,0,0,"",0,0,0,"",0,0,0,"",0,0,0,"",0,0,0,"",0,0,0,"",0,0,0,0,0,0,0,0,"",0,0,0,0,0,0,0,0,0,0
30,2,1,3,0,0,0,2,0,0,0,255,255,255,18,848.508,"주저하는 연인들을 위해",R,0,0,0,0,0,0,0,0,0,0,0,0,0,0,0,0,0,9,L,"Sabo_10",180.1,90,0.502,0,80,0,0,0,0,0,0,0,0,0,0,0,0,0,0,0,0,0,0,0,"",0,0,0,"",0,0,0,"",0,0,0,"",0,0,0,"",0,0,0,"",0,0,0,"",0,0,0,"",0,0,0,0,0,0,0,0,"",0,0,0,0,0,0,0,0,0,0
31,2,1,3,0,0,0,2,0,0,0,255,255,255,18,891.75,"주저하는 연인들을 위해",R,38,34,96,-12.117,6.788,0.155,1.401,-37.188,1,0,0,0,0,-4.971,-6.574,0,0,9,L,"Sabo_10",180.1,90,0.502,0,80,0,0,0,0,0,0,0,0,0,0,0,0,0,0,0,0,0,-36.876,0,"눈꽃",-0.167,-16.002,0,"encounter v",-23.615,-50.816,0,"vovopo 보보포",-13.345,-64.812,0,"magimari",20.942,-46.408,0,"それいゆ るな",14.568,-61.295,0,"아침땅_",44.299,-84.423,0,"ByeolBam",0.228,-107.488,0,"Pugeuk",-37.071,-92.307,0,0,0,0,0,0,"",0,0,0,0,0,0,0,0,0,0
32,2,1,3,0,1,0,2,0,0,0,255,255,255,19,915.305,"주저하는 연인들을 위해",R,0,58,115,1.795,-0.391,0.236,1.452,-36.747,1,0,0,0,0,0,0,0,0,9,L,"Sabo_10",180.1,90,0.502,0,80,0,0,0,0,0,0,0,0,0,0,0,0,0,0,0,0,-0.21,-37.826,0,"눈꽃",-0.073,-16.984,0,"encounter v",-22.365,-49.44,0,"vovopo 보보포",-10.847,-64.273,0,"magimari",21.647,-47.831,0,"それいゆ るな",14.587,-61.697,0,"아침땅_",44.238,-84.353,0,"ByeolBam",0.161,-107.547,0,"Pugeuk",-36.702,-92.547,0,0,0,0,0,0,"",0,0,0,0,0,0,0,0,0,0
33,2,1,3,0,2,0,2,0,0,0,255,255,255,20,928.859,"주저하는 연인들을 위해",R,0,58,115,-0.056,-2.267,-0.005,1.244,-36.639,4,0,0,0,0,-0.011,-19.303,0,0,9,L,"Sabo_10",180.1,90,0.502,0,80,0,0,0,0,0,0,0,0,0,0,0,0,0,0,0,0,-0.259,-37.353,0,"눈꽃",-0.087,-17.037,0,"encounter v",-22.386,-49.401,0,"vovopo 보보포",-11.706,-64.391,0,"magimari",21.619,-47.74,0,"それいゆ るな",14.597,-61.735,0,"아침땅_",44.255,-84.362,0,"ByeolBam",0.377,-107.076,0,"Pugeuk",-37.028,-95.867,0,0,0,0,0,0,"",0,0,0,0,0,0,0,0,0,0
34,2,1,3,0,2,1,2,0,0,0,255,255,255,21,941.06,"주저하는 연인들을 위해",R,0,52,110,0.575,-0.736,0.071,1.509,-36.474,2,0,-46.946,0,0,0,0,1,0,9,L,"Sabo_10",180.1,90,0.502,3,80,942.228,227,17,94,120,83,150,105,-30,17.31,0.92,0.071,-0.098,0.217,0,0.524,-0.272,-36.959,0,"눈꽃",-0.055,-17.049,0,"encounter v",-22.38,-49.394,0,"vovopo 보보포",-12.66,-64.678,0,"magimari",21.704,-47.828,0,"それいゆ るな",14.6,-61.78,0,"아침땅_",44.289,-84.418,0,"ByeolBam",0.147,-107.017,0,"Pugeuk",-38.229,-99.045,0,942.415,-0.205,-22.185,944.382,3,"vovopo 보보포",-11.201,-57.581,0,0,0,0,0,0,0,2
35,2,0,3,0,0,0,0,0,0,0,255,255,255,10,1008.739,"HANA_ARASHI",R,10,60,107,1.371,-0.665,0.196,1.848,-36.409,0,0,90.339,400,0,0,0,1,3,1,L,"눈꽃",190,85,0.496,0,78,0,0,0,0,0,0,0,0,0,0,0,0,0,0,0,0,-0.198,-37.032,0,"_Chun",0.092,-16.872,0,"Pring__",-22.056,-47.634,0,"장덕춘_",-13.601,-64.652,0,"NABIMan",21.189,-48.582,0,"Yaksok~",15.948,-61.619,0,"소솨소솨",40.707,-82.683,0,"ke ro",-2.759,-116.217,0,"Kr_Luna",-43.85,-90.095,0,0,0,0,0,0,"",0,0,0,0,0,0,0,0,0,0
36,2,0,3,0,0,1,0,0,0,0,255,255,255,11,1024.707,"HANA_ARASHI",R,14,70,112,1.693,-0.475,0.222,1.697,-36.315,1,0,285.336,400,0,0,0,0,3,1,L,"눈꽃",190,85,0.496,0,78,0,0,0,0,0,0,0,0,0,0,0,0,0,0,0,0,-0.007,-36.941,0,"_Chun",0.058,-17.108,0,"Pring__",-22.068,-47.632,0,"장덕춘_",-13.586,-64.774,0,"NABIMan",21.053,-48.994,0,"Yaksok~",16.168,-61.985,0,"소솨소솨",42.382,-84.931,0,"ke ro",-2.634,-116.242,0,"Kr_Luna",-43.859,-90.105,0,0,0,0,0,0,"",0,0,0,0,0,0,0,0,0,0
37,2,0,3,0,1,1,0,0,0,0,255,255,255,12,1039.24,"HANA_ARASHI",R,26,75,127,-0.948,0.22,0.138,1.62,-36.298,2,0,-179.755,-199.59,1.585,0,0,1,3,1,L,"눈꽃",190,85,0.496,3,78,1040.309,255,26,198,110,100,150,111,15.565,-8.144,0.89,0.08,0.012,0.117,0,0.409,-0.05,-36.951,0,"_Chun",0.022,-17.135,0,"Pring__",-22.043,-47.616,0,"장덕춘_",-13.442,-64.683,0,"NABIMan",21.386,-49.191,0,"Yaksok~",16.19,-62.024,0,"소솨소솨",42.353,-84.967,0,"ke ro",-2.637,-116.254,0,"Kr_Luna",-43.859,-90.108,0,1043.293,12.816,-89.624,1047.438,7,"ke ro",20.744,-130.474,1,0,0,0,0,0,0,2
38,2,0,3,0,0,0,0,0,1,0,255,10,255,13,1081.163,"HANA_ARASHI",R,26,77,129,2.153,0.758,0.177,1.772,-36.497,2,0,-29.205,-200,0,0,0,1,4,4,R,"magimari",190,94.666,0.554,3,77,1082.293,195,28,140,138,73,150,90,36.484,2.459,-0.85,-0.012,0.017,0.116,0,0.635,0.107,-36.94,0,"_Chun",0.029,-17.109,0,"Pring__",-20.618,-44.536,0,"장덕춘_",-13.267,-63.781,0,"NABIMan",20.846,-47.773,0,"Yaksok~",10.713,-62.511,0,"소솨소솨",41.038,-86.83,0,"ke ro",0.619,-109.94,0,"Kr_Luna",-40.219,-87.866,0,1087.493,2.846,-88.354,1087.693,7,"ke ro",2.811,-87.713,0,0,0,0,0,0,0,1
39,2,0,3,0,0,0,1,0,1,0,255,10,255,14,1144.789,"HANA_ARASHI",R,26,81,133,0.961,0.483,0.094,1.646,-36.38,2,0,-19.192,-200,0,0,0,1,5,6,R,"아침땅_",160,95,0.5,2,34,1145.773,132,9,106,50,0,142,78,58.481,37.341,-0.83,-0.053,-0.05,0.149,0,0.186,-0.145,-36.883,0,"_Chun",0.007,-17.13,0,"Pring__",-22.574,-49.594,0,"장덕춘_",-12.566,-64.661,0,"NABIMan",20.483,-48.294,0,"Yaksok~",9.317,-61.228,0,"소솨소솨",34.784,-85.377,0,"ke ro",-1.523,-109.611,0,"Kr_Luna",-46.547,-90.365,0,0,0,0,1151.16,2,"Pring__",-29.387,-53.8,0,0,0,0,0,0,0,1
40,2,0,3,0,0,0,2,0,1,0,255,10,255,15,1180.33,"HANA_ARASHI",R,14,71,112,2.415,-1.18,0.115,1.724,-36.335,2,0,346.902,360.082,0,0,0,1,6,2,L,"encounter v",190,86,0.447,3,75,1181.48,215,30,153,120,99,150,68,-30,-45.65,0.99,0.048,-0.139,0.087,0,0.667,-0.313,-36.965,0,"_Chun",-0.015,-17.111,0,"Pring__",-21.143,-46.667,0,"장덕춘_",-13.063,-64.807,0,"NABIMan",21.977,-48.716,0,"Yaksok~",14.79,-63.346,0,"소솨소솨",46.052,-82.392,0,"ke ro",1.447,-119.027,0,"Kr_Luna",-34.822,-105.697,0,1181.682,1.276,-20.91,1187.215,6,"소솨소솨",43.128,-58.983,0,0,0,0,0,0,0,2
41,2,0,3,0,0,1,2,0,1,0,255,10,255,16,1213.092,"HANA_ARASHI",R,27,85,139,-1.328,0.096,-0.111,1.622,-36.366,0,0,-43.51,-128.234,0,0,0,1,6,2,L,"encounter v",190,86,0.447,0,75,0,0,0,0,0,0,0,0,0,0,0,0,0,0,0,0,-0.497,-37.332,0,"_Chun",-0.058,-17.092,0,"Pring__",-22.144,-47.115,0,"장덕춘_",-13.134,-64.634,0,"NABIMan",18.626,-47.054,0,"Yaksok~",16.613,-62.543,0,"소솨소솨",42.168,-82.555,0,"ke ro",2.707,-106.459,0,"Kr_Luna",-35.379,-103.491,0,0,0,0,0,0,"",0,0,0,0,0,0,0,0,0,0
42,2,0,3,0,0,2,2,0,1,0,255,10,255,17,1230.487,"HANA_ARASHI",R,10,68,100,-1.147,-0.349,-0.062,1.956,-36.459,2,0,-32.083,348.907,0,0,0,1,6,2,L,"encounter v",190,86,0.447,3,75,1231.724,255,14,138,100,89,150,122,2.983,1.874,0.3,0.035,-0.207,0.096,0,0.587,-0.428,-37.316,0,"_Chun",0.003,-17.133,0,"Pring__",-22.36,-47.354,0,"장덕춘_",-8.471,-65.662,0,"NABIMan",21.112,-47.657,0,"Yaksok~",16.314,-62.706,0,"소솨소솨",42.408,-82.848,0,"ke ro",1.857,-106.315,0,"Kr_Luna",-35.251,-103.242,0,1232.793,0.026,-50.374,1234.926,7,"ke ro",0.618,-95.757,1,0,0,0,0,0,0,2
43,2,0,3,1,0,0,2,1,0,0,11,255,255,18,1301.384,"HANA_ARASHI",R,13,74,102,-2.387,-1.821,-0.005,1.649,-36.301,4,0,-329.731,351.502,0,-0.551,-18.591,1,7,5,R,"それいゆ るな",160,86.073,0.433,0,31,0,0,0,0,0,0,0,0,0,0,0,0,0,0,0,0,-0.385,-37.147,0,"_Chun",-0.081,-17.005,0,"Pring__",-19.521,-39.842,0,"장덕춘_",-12.943,-63.989,0,"NABIMan",19.204,-46.93,0,"Yaksok~",5.858,-61.916,0,"소솨소솨",24.39,-96.541,0,"ke ro",-8.604,-104.632,0,"Kr_Luna",-48.674,-91.105,0,0,0,0,0,0,"",0,0,0,0,0,0,0,0,0,0
44,2,0,3,1,0,1,2,1,0,0,11,255,255,19,1316.555,"HANA_ARASHI",R,26,83,135,0.983,0.931,0.193,1.708,-36.397,0,0,-84.638,-200,0,0,0,1,7,5,R,"それいゆ るな",160,86.073,0.433,0,31,0,0,0,0,0,0,0,0,0,0,0,0,0,0,0,0,-0.044,-37.02,0,"_Chun",0.006,-17.02,0,"Pring__",-19.296,-39.857,0,"장덕춘_",-11.134,-61.902,0,"NABIMan",19.751,-44.11,0,"Yaksok~",8.146,-61.988,0,"소솨소솨",24.39,-96.545,0,"ke ro",-10.974,-102.804,0,"Kr_Luna",-48.688,-91.111,0,0,0,0,0,0,"",0,0,0,0,0,0,0,0,0,0
45,2,0,3,1,0,2,2,1,0,0,11,255,255,20,1331.894,"HANA_ARASHI",R,13,73,101,-2.824,-1.885,-0.003,1.668,-36.31,4,0,-335.786,340.966,0,-0.64,-18.767,1,7,5,R,"それいゆ るな",160,86.073,0.433,0,31,0,0,0,0,0,0,0,0,0,0,0,0,0,0,0,0,-0.175,-37.378,0,"_Chun",0.011,-17.109,0,"Pring__",-19.245,-39.589,0,"장덕춘_",-12.241,-61.701,0,"NABIMan",21.171,-46.164,0,"Yaksok~",5.683,-61.414,0,"소솨소솨",24.382,-96.541,0,"ke ro",-15.158,-104.787,0,"Kr_Luna",-48.738,-89.784,0,0,0,0,0,0,"",0,0,0,0,0,0,0,0,0,0
46,3,1,3,1,0,0,0,0,0,0,255,255,255,22,1380.742,"주저하는 연인들을 위해",R,0,59,116,-1.617,-0.747,0.123,1.333,-36.897,1,0,0,0,0,0,0,0,1,4,L,"NABIMan",190,89.844,0.376,0,73,0,0,0,0,0,0,0,0,0,0,0,0,0,0,0,0,-0.277,-37.918,0,"눈꽃",-0.042,-17.165,0,"encounter v",-21.91,-50.135,0,"vovopo 보보포",-10.779,-63.682,0,"magimari",22.183,-48.338,0,"それいゆ るな",13.98,-61.178,0,"아침땅_",44.582,-87.486,0,"ByeolBam",0.117,-110.35,0,"Pugeuk",-30.895,-82.457,0,0,0,0,0,0,"",0,0,0,0,0,0,0,0,0,0
47,3,1,3,1,1,0,0,0,0,0,255,255,255,23,1394.693,"주저하는 연인들을 위해",R,0,45,105,3.038,0.548,0.34,1.673,-37.056,4,0,0,0,0,0.708,-9.447,1,1,4,L,"NABIMan",190,89.844,0.376,0,73,0,0,0,0,0,0,0,0,0,0,0,0,0,0,0,0,0.045,-37.754,0,"눈꽃",-0.024,-17.142,0,"encounter v",-21.94,-49.252,0,"vovopo 보보포",-9.135,-64.156,0,"magimari",22.24,-48.421,0,"それいゆ るな",13.25,-62.666,0,"아침땅_",44.517,-87.438,0,"ByeolBam",0.016,-110.401,0,"Pugeuk",-33.885,-96.139,0,0,0,0,0,0,"",0,0,0,0,0,0,0,0,0,0
48,3,1,3,1,1,1,0,0,0,0,255,255,255,24,1417.436,"주저하는 연인들을 위해",R,0,66,121,0.084,-1.903,0.191,1.117,-36.701,2,0,0,0,0,0.05,-19.792,1,1,4,L,"NABIMan",190,89.844,0.376,3,35,1418.466,255,9,148,51,0,150,86,-62.868,-24.45,-0.44,0.142,-0.208,0.236,0,0.617,-0.249,-36.952,0,"눈꽃",-0.041,-16.903,0,"encounter v",-21.918,-49.052,0,"vovopo 보보포",-13.349,-64.814,0,"magimari",22.247,-48.397,0,"それいゆ るな",13.306,-62.612,0,"아침땅_",44.552,-87.482,0,"ByeolBam",0.256,-109.419,0,"Pugeuk",-33.473,-93.603,0,1418.604,0.324,-19.713,1422.171,4,"magimari",12.652,-46.717,0,0,0,0,0,0,0,2
49,3,1,3,1,0,0,1,0,0,0,255,255,255,25,1445.862,"주저하는 연인들을 위해",R,0,53,112,-2.623,-1.112,-0.062,1.401,-36.681,1,0,0,0,0,0,0,0,2,7,R,"ke ro",164.9,80,0.251,0,72,0,0,0,0,0,0,0,0,0,0,0,0,0,0,0,0,-0.28,-37.69,0,"눈꽃",-0.276,-17.053,0,"encounter v",-21.516,-48.952,0,"vovopo 보보포",-10.763,-62.914,0,"magimari",20.135,-46.778,0,"それいゆ るな",12.444,-61.276,0,"아침땅_",35.165,-86.291,0,"ByeolBam",0.27,-111.319,0,"Pugeuk",-36.796,-88.934,0,0,0,0,0,0,"",0,0,0,0,0,0,0,0,0,0
50,3,1,3,1,1,0,1,0,0,0,255,255,255,26,1457.475,"주저하는 연인들을 위해",R,0,52,110,1.578,-1.343,0.182,1.482,-36.618,2,0,0,0,0,0,0,1,2,7,R,"ke ro",164.9,80,0.251,2,72,1458.532,174,11,55,60,38,139,89,110.72,-61.653,-0.24,-0.025,-0.082,0.169,0,0.244,-0.128,-37.007,0,"눈꽃",-0.049,-17.067,0,"encounter v",-21.709,-49.303,0,"vovopo 보보포",-14.389,-64.024,0,"magimari",20.078,-46.811,0,"それいゆ るな",12.467,-61.349,0,"아침땅_",35.236,-86.392,0,"ByeolBam",0.218,-111.359,0,"Pugeuk",-36.62,-89.032,0,0,0,0,0,0,"",0,0,0,0,0,0,0,0,0,3
51,3,1,3,1,1,1,1,0,0,0,255,255,255,27,1474.338,"주저하는 연인들을 위해",R,0,46,106,-0.107,-1.749,0.145,1.273,-37.006,2,0,0,0,0,0,0,1,2,7,R,"ke ro",164.9,80,0.251,2,79,1475.359,226,12,77,77,40,150,79,7.89,-2.984,0.95,-0.001,-0.073,0.216,0,0.212,-0.153,-37.172,0,"눈꽃",-0.063,-17.139,0,"encounter v",-22.747,-50.608,0,"vovopo 보보포",-15.478,-63.737,0,"magimari",20.841,-47.764,0,"それいゆ るな",12.471,-61.568,0,"아침땅_",35.074,-85.81,0,"ByeolBam",0.401,-109.735,0,"Pugeuk",-36.87,-87.497,0,1476.693,-0.072,-46.04,1480.26,7,"ByeolBam",-3.989,-88.182,1,0,0,0,0,0,0,2
52,3,1,3,1,0,0,1,1,0,0,7,255,255,28,1503.89,"주저하는 연인들을 위해",R,0,63,119,-3.527,-0.839,-0.13,1.365,-36.786,1,0,0,0,0,0,0,0,3,3,R,"장덕춘_",164.7,94.644,0.8,0,72,0,0,0,0,0,0,0,0,0,0,0,0,0,0,0,0,-0.274,-37.926,0,"눈꽃",-0.323,-17.374,0,"encounter v",-18.556,-44.119,0,"vovopo 보보포",-15.675,-62.307,0,"magimari",20.426,-47.776,0,"それいゆ るな",11.48,-62.751,0,"아침땅_",35.189,-86.385,0,"ByeolBam",-0.414,-106.52,0,"Pugeuk",-35.446,-84.848,0,0,0,0,0,0,"",0,0,0,0,0,0,0,0,0,0
53,3,1,3,1,1,0,1,1,0,0,7,255,255,29,1517.89,"주저하는 연인들을 위해",R,0,61,117,-1.25,-0.475,0.074,1.363,-36.861,0,0,0,0,0,0,0,1,3,3,R,"장덕춘_",164.7,94.644,0.8,0,72,0,0,0,0,0,0,0,0,0,0,0,0,0,0,0,0,-0.221,-37.904,0,"눈꽃",-0.01,-17.926,0,"encounter v",-20.13,-46.316,0,"vovopo 보보포",-9.776,-62.677,0,"magimari",20.461,-47.79,0,"それいゆ るな",6.841,-64.129,0,"아침땅_",35.26,-86.474,0,"ByeolBam",-0.321,-106.73,0,"Pugeuk",-31.59,-85.261,0,0,0,0,0,0,"",0,0,0,0,0,0,0,0,0,0
54,3,1,3,1,1,1,1,0,1,0,255,7,255,30,1536.941,"주저하는 연인들을 위해",R,0,57,114,-1.723,1.461,-0.048,1.729,-36.616,4,0,0,0,0,0,0,1,3,3,R,"장덕춘_",164.7,94.644,0.8,0,44,0,0,0,0,0,0,0,0,0,0,0,0,0,0,0,0,-0.158,-37.864,0,"눈꽃",-0.054,-17.088,0,"encounter v",-21.311,-49.735,0,"vovopo 보보포",-15.768,-61.503,0,"magimari",20.425,-47.348,0,"それいゆ るな",11.526,-64.326,0,"아침땅_",35.214,-86.387,0,"ByeolBam",-0.453,-105.81,0,"Pugeuk",-36.936,-89.34,0,0,0,0,0,0,"",0,0,0,0,0,0,0,0,0,0
55,3,1,3,1,1,2,1,0,1,0,255,7,255,31,1555.729,"주저하는 연인들을 위해",R,0,44,104,-0.906,0.872,-0.084,1.763,-36.569,2,0,0,0,0,0,0,1,3,3,R,"장덕춘_",164.7,94.644,0.8,3,44,1556.733,187,20,85,102,62,150,108,12.724,43.023,0.17,-0.09,0.002,0.11,0,0.317,-0.317,-37.381,0,"눈꽃",-0.056,-17.178,0,"encounter v",-21.056,-48.907,0,"vovopo 보보포",-14.119,-62.137,0,"magimari",20.572,-47.378,0,"それいゆ るな",12.19,-62.67,0,"아침땅_",35.255,-86.444,0,"ByeolBam",-0.626,-108.554,0,"Pugeuk",-36.88,-89.516,0,1559.459,-37.522,-72.383,1560.437,8,"Pugeuk",-41.367,-79.463,1,0,0,0,0,0,0,2
56,3,1,4,1,0,0,1,0,0,1,255,255,3,32,1620.925,"주저하는 연인들을 위해",R,0,57,114,1.698,-2.758,0.258,1.166,-37.259,1,0,0,0,0,0.308,-22.356,0,4,5,R,"Yaksok~",173.2,89.922,0.303,0,71,0,0,0,0,0,0,0,0,0,0,0,0,0,0,0,0,-0.055,-37.634,0,"눈꽃",-0.039,-17.056,0,"encounter v",-18.61,-46.633,0,"vovopo 보보포",-13.329,-61.923,0,"magimari",20.79,-47.262,0,"それいゆ るな",13.307,-63.772,0,"아침땅_",35.83,-85.09,0,"ByeolBam",1.071,-111.302,0,"Pugeuk",-34.226,-89.387,0,0,0,0,0,0,"",0,0,0,0,0,0,0,0,0,0
57,3,1,4,1,1,0,1,0,0,1,255,255,3,33,1635.701,"주저하는 연인들을 위해",R,0,61,118,0.944,-0.286,0.272,1.5,-36.781,2,0,0,0,0,0,0,1,4,5,R,"Yaksok~",173.2,89.922,0.303,3,71,1636.57,247,17,141,119,0,150,125,91.686,-86.681,0.64,-0.106,-0.095,0.353,0,0.598,-0.321,-37.054,0,"눈꽃",-0.047,-17.05,0,"encounter v",-18.666,-46.582,0,"vovopo 보보포",-15.25,-62.96,0,"magimari",19.928,-45.335,0,"それいゆ るな",13.034,-64.663,0,"아침땅_",36.015,-84.945,0,"ByeolBam",0.946,-109,0,"Pugeuk",-34.167,-89.546,0,0,0,0,0,0,"",0,0,0,0,0,0,0,0,0,3
58,3,1,4,1,1,1,1,0,0,1,255,255,3,34,1652.808,"주저하는 연인들을 위해",R,0,57,115,-1.375,0.516,0.097,1.597,-36.831,0,0,0,0,0,0,0,0,4,5,R,"Yaksok~",173.2,89.922,0.303,0,70,0,0,0,0,0,0,0,0,0,0,0,0,0,0,0,0,-0.293,-37.452,0,"눈꽃",0.417,-17.478,0,"encounter v",-18.924,-46.9,0,"vovopo 보보포",-12.314,-63.518,0,"magimari",19.884,-41.562,0,"それいゆ るな",11.221,-64.336,0,"아침땅_",36.504,-85.319,0,"ByeolBam",0.811,-110.063,0,"Pugeuk",-39.922,-89.618,0,0,0,0,0,0,"",0,0,0,0,0,0,0,0,0,0
59,3,1,4,1,1,2,1,0,0,1,255,255,3,35,1671.764,"주저하는 연인들을 위해",R,0,59,116,-0.307,-0.743,-0.029,1.517,-36.64,2,0,0,0,0,0,0,1,4,5,R,"Yaksok~",173.2,89.922,0.303,3,70,1672.75,181,34,92,0,0,128,107,-9.975,38.175,0.8,-0.126,-0.095,0.263,0,0.679,-0.315,-37.129,0,"눈꽃",-0.029,-17.198,0,"encounter v",-19.691,-47.911,0,"vovopo 보보포",-15.93,-62.928,0,"magimari",20.912,-43.981,0,"それいゆ るな",13.173,-65.374,0,"아침땅_",35.903,-85.817,0,"ByeolBam",0.01,-113.521,0,"Pugeuk",-40.004,-89.687,0,1672.948,-2.285,-21.96,1674.448,2,"encounter v",-21.41,-43.565,0,8,0,0,0,0,0,2
60,3,0,4,1,0,0,0,0,0,0,255,255,255,21,1785.091,"HANA_ARASHI",R,13,68,110,-2.448,-0.635,0.113,1.83,-36.385,4,0,-390.434,312.348,0,0,0,1,8,9,R,"_이누_",190,90.187,0.45,0,70,0,0,0,0,0,0,0,0,0,0,0,0,0,0,0,0,-0.459,-37.068,0,"_Chun",-0.109,-16.963,0,"Pring__",-23.053,-49.532,0,"장덕춘_",-13.239,-63.815,0,"NABIMan",20.423,-47.734,0,"Yaksok~",12.406,-63.603,0,"소솨소솨",38.223,-85.709,0,"ke ro",0.194,-112.389,0,"Kr_Luna",-45.77,-93.661,0,0,0,0,0,0,"",0,0,0,0,0,0,0,0,0,0
61,3,0,4,1,0,1,0,0,0,0,255,255,255,22,1803.098,"HANA_ARASHI",R,14,65,109,-1.089,0.246,0.046,1.925,-36.493,0,0,214.081,400,-2.947,-0.05,-17.883,1,8,9,R,"_이누_",190,90.187,0.45,0,70,0,0,0,0,0,0,0,0,0,0,0,0,0,0,0,0,-0.188,-36.86,0,"_Chun",-0.075,-17.034,0,"Pring__",-23.038,-49.499,0,"장덕춘_",-13.479,-64.626,0,"NABIMan",20.157,-47.926,0,"Yaksok~",12.427,-63.602,0,"소솨소솨",38.221,-85.719,0,"ke ro",0.09,-112.382,0,"Kr_Luna",-47.357,-93.958,0,0,0,0,0,0,"",0,0,0,0,0,0,0,0,0,0
62,3,0,4,1,0,2,0,0,0,0,255,255,255,23,1818.455,"HANA_ARASHI",R,29,79,130,-1.716,0.612,0.102,1.705,-36.26,4,0,-207.453,-179.365,-1.363,0,0,1,8,9,R,"_이누_",190,90.187,0.45,0,70,0,0,0,0,0,0,0,0,0,0,0,0,0,0,0,0,-0.465,-36.966,0,"_Chun",-0.136,-17.059,0,"Pring__",-21.988,-46.05,0,"장덕춘_",-13.438,-64.702,0,"NABIMan",19.345,-48.22,0,"Yaksok~",11.53,-64.085,0,"소솨소솨",37.643,-86.95,0,"ke ro",0.297,-112.415,0,"Kr_Luna",-47.349,-93.955,0,0,0,0,0,0,"",0,0,0,0,0,0,0,0,0,0
63,3,0,4,1,0,0,1,0,0,0,255,255,255,24,1843.855,"HANA_ARASHI",R,13,79,117,-1.405,-0.008,0.093,1.755,-36.316,2,0,-358.454,348.584,2.698,0,0,1,0,3,L,"vovopo 보보포",159.5,80,0.6,3,70,1845.014,255,35,159,25,27,150,81,-27.195,15.78,-0.75,-0.016,-0.019,0.332,0,0.735,-0.346,-37.144,0,"_Chun",-0.014,-17.045,0,"Pring__",-21.912,-47.734,0,"장덕춘_",-13.51,-64.385,0,"NABIMan",21.598,-47.117,0,"Yaksok~",15.303,-62.285,0,"소솨소솨",43.073,-86.118,0,"ke ro",7.699,-107.752,0,"Kr_Luna",-31.748,-103.198,0,1845.015,-0.702,-21.476,1847.482,3,"장덕춘_",-11.044,-55.993,0,0,0,0,0,0,0,2
64,3,0,4,1,0,0,2,0,0,0,255,255,255,25,1876.608,"HANA_ARASHI",R,10,74,116,-1.549,-1.912,-0.1,1.662,-36.336,2,0,-123.986,400,0.059,0,0,1,1,7,R,"ByeolBam",175.3,90,0.5,3,70,1877.635,92,20,96,103,102,135,60,-30,21.548,0.97,-0.161,-0.159,0,0,0.459,-0.255,-37.071,0,"_Chun",0.164,-17.196,0,"Pring__",-22.981,-48.463,0,"장덕춘_",-13.657,-64.903,0,"NABIMan",21.85,-49.285,0,"Yaksok~",11.407,-64.852,0,"소솨소솨",40.149,-88.444,0,"ke ro",-1.902,-109.544,0,"Kr_Luna",-48.925,-101.148,0,1877.637,-0.465,-21.066,1880.993,3,"장덕춘_",-8.316,-58.792,0,0,0,0,0,0,0,2
65,4,1,4,1,0,0,0,0,0,0,255,255,255,36,1929.333,"주저하는 연인들을 위해",R,0,54,112,3.318,-2.32,0.353,1.169,-37.206,1,0,0,0,0,0.63,-19.375,0,5,2,L,"Pring__",180.117,94.516,0.485,0,69,0,0,0,0,0,0,0,0,0,0,0,0,0,0,0,0,-0.026,-37.476,0,"눈꽃",0.067,-16.997,0,"encounter v",-22.117,-50.419,0,"vovopo 보보포",-10.985,-63.643,0,"magimari",21.687,-47.504,0,"それいゆ るな",14.072,-63.998,0,"아침땅_",44.853,-87.547,0,"ByeolBam",0.089,-111.611,0,"Pugeuk",-32.591,-96.771,0,0,0,0,0,0,"",0,0,0,0,0,0,0,0,0,0
66,4,1,4,1,1,0,0,0,0,0,255,255,255,37,1943.121,"주저하는 연인들을 위해",R,0,67,122,-2.419,-0.042,-0.022,1.464,-36.69,2,0,0,0,0,0,0,0,5,2,L,"Pring__",180.117,94.516,0.485,3,69,1943.954,227,19,101,94,68,150,87,97.677,-76.988,-0.79,-0.029,-0.027,0.326,0,0.407,-0.412,-37.056,0,"눈꽃",-0.051,-17,0,"encounter v",-17.647,-45.887,0,"vovopo 보보포",-13.055,-65.008,0,"magimari",21.721,-47.427,0,"それいゆ るな",14.088,-64.003,0,"아침땅_",44.209,-88.188,0,"ByeolBam",0.19,-111.671,0,"Pugeuk",-32.671,-96.086,0,0,0,0,0,0,"",0,0,0,0,0,0,0,0,0,3
67,4,1,4,1,1,1,0,0,0,0,255,255,255,38,1958.95,"주저하는 연인들을 위해",R,0,65,120,-1.35,-0.212,0.01,1.408,-36.661,2,0,0,0,0,0,0,0,5,2,L,"Pring__",180.117,94.516,0.485,3,69,1959.789,223,8,93,91,42,150,87,30.53,-0.221,-0.82,-0.011,-0.057,0.224,0,0.318,-0.34,-37.025,0,"눈꽃",-0.02,-17.005,0,"encounter v",-17.972,-44.655,0,"vovopo 보보포",-12.723,-64.963,0,"magimari",21.635,-47.947,0,"それいゆ るな",13.697,-65.328,0,"아침땅_",44.405,-88.986,0,"ByeolBam",0.466,-112.664,0,"Pugeuk",-35.782,-97.387,0,1964.371,2.308,-90.651,1964.948,7,"ByeolBam",2.382,-92.195,1,0,0,0,0,0,0,2
68,4,1,4,1,0,0,0,1,0,0,2,255,255,39,1990.29,"주저하는 연인들을 위해",R,0,65,120,-0.392,0.029,0.188,1.432,-36.744,0,0,0,0,0,0,0,0,6,1,L,"_Chun",190,80,0.455,0,69,0,0,0,0,0,0,0,0,0,0,0,0,0,0,0,0,-0.366,-37.98,0,"눈꽃",-0.034,-16.957,0,"encounter v",-19.472,-42.481,0,"vovopo 보보포",-8.833,-63.896,0,"magimari",20.483,-47.162,0,"それいゆ るな",11.883,-64.308,0,"아침땅_",42.961,-86.218,0,"ByeolBam",-0.622,-108.43,0,"Pugeuk",-38.217,-94.68,0,0,0,0,0,0,"",0,0,0,0,0,0,0,0,0,0
69,4,1,4,1,0,1,0,1,0,0,2,255,255,40,2005.379,"주저하는 연인들을 위해",R,0,62,118,0.287,-0.777,0.027,1.487,-36.588,2,0,0,0,0,0,0,1,6,1,L,"_Chun",190,80,0.455,3,69,2006.431,255,15,111,76,42,150,128,105.064,67.636,0.63,-0.099,0.023,0.241,0,0.339,0.321,-37.421,0,"눈꽃",-0.141,-17.482,0,"encounter v",-18.417,-47.993,0,"vovopo 보보포",-8.367,-64.03,0,"magimari",20.415,-47.195,0,"それいゆ るな",11.388,-64.719,0,"아침땅_",43.314,-86.065,0,"ByeolBam",-0.616,-108.424,0,"Pugeuk",-38.021,-94.674,0,2013.549,87.879,19.869,0,0,"",0,0,0,0,0,0,0,0,0,3
70,4,1,4,1,0,2,0,1,0,0,2,255,255,41,2046.254,"주저하는 연인들을 위해",R,0,64,120,-0.32,0.035,0.278,1.403,-36.969,2,0,0,0,0,0,0,1,6,1,L,"_Chun",190,80,0.455,3,90,2047.314,197,11,113,79,48,150,93,19.779,-1.891,-0.67,0.02,0.024,0.141,0,0.238,-0.365,-37.021,0,"눈꽃",-0.056,-17.15,0,"encounter v",-15.939,-45.52,0,"vovopo 보보포",-7.772,-61.416,0,"magimari",20.476,-46.895,0,"それいゆ るな",13.252,-63.318,0,"아침땅_",43.674,-85.696,0,"ByeolBam",0.695,-108.512,0,"Pugeuk",-39.587,-95.662,0,2051.537,9.622,-96.796,2051.626,7,"ByeolBam",9.166,-94.188,0,0,0,0,0,0,0,1
71,4,1,4,1,0,0,2,0,0,0,255,255,255,42,2078.251,"주저하는 연인들을 위해",R,0,57,114,2.421,-1.045,0.413,1.529,-36.748,1,0,0,0,0,0,0,0,7,8,L,"Kr_Luna",165.7,92.367,0.505,0,59,0,0,0,0,0,0,0,0,0,0,0,0,0,0,0,0,0.06,-37.349,0,"눈꽃",-0.005,-17.084,0,"encounter v",-20.08,-49.561,0,"vovopo 보보포",-10.065,-64.417,0,"magimari",20.634,-47.178,0,"それいゆ るな",14.361,-62.639,0,"아침땅_",41.31,-84.537,0,"ByeolBam",0.368,-107.7,0,"Pugeuk",-36.254,-96.273,0,0,0,0,0,0,"",0,0,0,0,0,0,0,0,0,0
72,4,1,4,1,1,0,2,0,0,0,255,255,255,43,2089.099,"주저하는 연인들을 위해",R,0,56,114,-0.019,0.028,-0.002,1.641,-36.575,2,0,0,0,0,0,0,1,7,8,L,"Kr_Luna",165.7,92.367,0.505,2,69,2090.038,195,12,144,70,42,150,126,37.668,-32.27,0.49,0.005,-0.045,0.236,0,0.054,-0.332,-36.893,0,"눈꽃",-0.077,-17.16,0,"encounter v",-19.954,-49.591,0,"vovopo 보보포",-14.233,-64.145,0,"magimari",20.606,-47.266,0,"それいゆ るな",14.366,-62.64,0,"아침땅_",41.36,-84.622,0,"ByeolBam",0.289,-107.789,0,"Pugeuk",-36.407,-96.184,0,2095.737,72.378,-105.71,0,0,"",0,0,0,0,0,0,0,0,0,4
73,4,1,5,1,0,0,2,0,0,0,255,255,255,44,2133.59,"주저하는 연인들을 위해",R,0,57,115,-1.453,-0.383,-0.135,1.574,-36.559,2,0,0,0,0,0,0,1,8,6,R,"소솨소솨",175.4,80,0.5,2,46,2134.511,173,24,98,75,90,150,106,-30,5.967,0.91,-0.054,-0.12,0.075,0,0.45,-0.465,-37.059,0,"눈꽃",-0.052,-17.166,0,"encounter v",-19.927,-47.662,0,"vovopo 보보포",-14.106,-63.669,0,"magimari",21.022,-47.371,0,"それいゆ るな",18.767,-62.753,0,"아침땅_",35.663,-87.083,0,"ByeolBam",0.166,-107.23,0,"Pugeuk",-37.498,-94.222,0,2134.515,-0.397,-20.351,2136.637,3,"vovopo 보보포",-4.501,-59.563,0,0,0,0,0,0,0,2
74,4,0,5,1,0,0,0,0,0,0,255,255,255,26,2173.223,"HANA_ARASHI",R,10,66,111,0.742,0.193,0.04,2.022,-36.486,0,0,74.606,400,-3.778,0,0,0,2,8,R,"Pugeuk",170.1,90.921,0.474,0,68,0,0,0,0,0,0,0,0,0,0,0,0,0,0,0,0,-0.345,-37.081,0,"_Chun",0.064,-17.115,0,"Pring__",-22.514,-48.156,0,"장덕춘_",-13.774,-66.422,0,"NABIMan",20.792,-50.778,0,"Yaksok~",11.966,-61.953,0,"소솨소솨",42.672,-91.193,0,"ke ro",-0.016,-107.066,0,"Kr_Luna",-35.134,-88.56,0,0,0,0,0,0,"",0,0,0,0,0,0,0,0,0,0
75,4,0,5,1,0,1,0,0,0,0,255,255,255,27,2191.999,"HANA_ARASHI",R,14,77,115,2.182,-1.234,0.07,1.76,-36.225,1,0,377.782,327.538,-1.747,0,0,0,2,8,R,"Pugeuk",170.1,90.921,0.474,0,68,0,0,0,0,0,0,0,0,0,0,0,0,0,0,0,0,0.016,-37.006,0,"_Chun",0.054,-17.134,0,"Pring__",-22.516,-48.158,0,"장덕춘_",-10.635,-64.816,0,"NABIMan",21.408,-50.923,0,"Yaksok~",9.073,-65.135,0,"소솨소솨",33.689,-89.955,0,"ke ro",-0.029,-110.128,0,"Kr_Luna",-49.972,-91.409,0,0,0,0,0,0,"",0,0,0,0,0,0,0,0,0,0
76,4,0,5,1,1,1,0,0,0,0,255,255,255,28,2206.061,"HANA_ARASHI",R,29,78,129,-1.713,-0.826,0.01,1.457,-36.288,1,0,-225.194,-178.739,6.89,0,0,0,2,8,R,"Pugeuk",170.1,90.921,0.474,0,68,0,0,0,0,0,0,0,0,0,0,0,0,0,0,0,0,-0.162,-36.859,0,"_Chun",-0.027,-17.16,0,"Pring__",-22.514,-48.156,0,"장덕춘_",-10.699,-64.864,0,"NABIMan",21.96,-49.324,0,"Yaksok~",9.123,-65.366,0,"소솨소솨",36.435,-94.282,0,"ke ro",-0.143,-110.126,0,"Kr_Luna",-51.236,-92.131,0,0,0,0,0,0,"",0,0,0,0,0,0,0,0,0,0
77,4,0,5,1,2,1,0,0,0,0,255,255,255,29,2220.376,"HANA_ARASHI",R,26,69,123,2.64,3.473,0.247,2.11,-36.769,1,0,-4.289,-200,0,0,0,0,2,8,R,"Pugeuk",170.1,90.921,0.474,0,68,0,0,0,0,0,0,0,0,0,0,0,0,0,0,0,0,-0.082,-37.58,0,"_Chun",0.221,-17.248,0,"Pring__",-22.516,-48.165,0,"장덕춘_",-10.716,-64.878,0,"NABIMan",21.961,-49.329,0,"Yaksok~",9.132,-65.364,0,"소솨소솨",35.269,-92.576,0,"ke ro",-0.176,-110.151,0,"Kr_Luna",-50.654,-91.498,0,0,0,0,0,0,"",0,0,0,0,0,0,0,0,0,0
78,4,0,5,1,3,1,0,0,0,0,255,255,255,30,2236,"HANA_ARASHI",R,26,84,137,-1.203,-0.207,-0.089,1.552,-36.293,0,0,-80.906,-195.175,0,0,0,0,2,8,R,"Pugeuk",170.1,90.921,0.474,0,68,0,0,0,0,0,0,0,0,0,0,0,0,0,0,0,0,-0.297,-37.357,0,"_Chun",-0.072,-17.088,0,"Pring__",-20.874,-45.381,0,"장덕춘_",-10.712,-64.921,0,"NABIMan",21.29,-50.796,0,"Yaksok~",9.171,-65.553,0,"소솨소솨",35.27,-92.584,0,"ke ro",-0.013,-110.086,0,"Kr_Luna",-49.018,-91.673,0,0,0,0,0,0,"",0,0,0,0,0,0,0,0,0,0
79,4,0,5,1,3,2,0,0,0,0,255,255,255,31,2249.44,"HANA_ARASHI",R,13,73,113,1.28,0.618,0.256,1.859,-36.376,2,0,-367.805,338.703,0,0,0,1,2,8,R,"Pugeuk",170.1,90.921,0.474,3,68,2250.731,199,6,108,69,30,150,89,22.377,8.505,-0.51,0.027,0.013,0.348,0,0.74,-0.089,-37.02,0,"_Chun",0.09,-17.2,0,"Pring__",-21.181,-46.314,0,"장덕춘_",-10.942,-65.455,0,"NABIMan",21.82,-49.955,0,"Yaksok~",9.174,-65.57,0,"소솨소솨",35.279,-92.646,0,"ke ro",-0.008,-110.094,0,"Kr_Luna",-50.495,-94.815,0,2255.293,-15.256,-94.635,2256.015,7,"ke ro",-16.141,-98.475,1,0,0,0,0,0,0,2
80,4,0,5,1,0,0,0,0,0,1,255,255,17,32,2294.549,"HANA_ARASHI",R,26,76,128,-1.022,0.924,-0.078,1.765,-36.47,0,0,-53.828,-173.059,0,0,0,0,3,1,L,"눈꽃",190,85,0.496,0,68,0,0,0,0,0,0,0,0,0,0,0,0,0,0,0,0,-0.36,-37.416,0,"_Chun",0.022,-17.119,0,"Pring__",-20.072,-43.428,0,"장덕춘_",-13.487,-64.838,0,"NABIMan",19.985,-42.266,0,"Yaksok~",15.066,-62.679,0,"소솨소솨",40.269,-85.586,0,"ke ro",2.835,-111.247,0,"Kr_Luna",-38.108,-84.893,0,0,0,0,0,0,"",0,0,0,0,0,0,0,0,0,0
81,4,0,5,1,0,1,0,0,0,1,255,255,17,33,2311.856,"HANA_ARASHI",R,14,78,116,2.852,-1.429,0.139,1.683,-36.276,1,0,358.307,348.735,0,0.941,-16.712,0,3,1,L,"눈꽃",190,85,0.496,0,68,0,0,0,0,0,0,0,0,0,0,0,0,0,0,0,0,-0.25,-37.021,0,"_Chun",0.25,-17.168,0,"Pring__",-20.509,-42.904,0,"장덕춘_",-12.988,-64.739,0,"NABIMan",19.765,-42.322,0,"Yaksok~",14.546,-62.981,0,"소솨소솨",41.938,-84.339,0,"ke ro",2.63,-112.25,0,"Kr_Luna",-36.47,-102.943,0,0,0,0,0,0,"",0,0,0,0,0,0,0,0,0,0
82,4,0,5,1,1,1,0,0,0,1,255,255,17,34,2326.722,"HANA_ARASHI",R,14,80,119,1.168,-0.246,0.073,1.698,-36.324,0,0,390.434,312.348,0,0,0,0,3,1,L,"눈꽃",190,85,0.496,0,68,0,0,0,0,0,0,0,0,0,0,0,0,0,0,0,0,-0.359,-37.286,0,"_Chun",0.072,-17.101,0,"Pring__",-21.22,-45.792,0,"장덕춘_",-12.808,-65.21,0,"NABIMan",20.327,-42.898,0,"Yaksok~",14.568,-62.985,0,"소솨소솨",42.514,-87.165,0,"ke ro",2.753,-112.269,0,"Kr_Luna",-35.638,-103.108,0,0,0,0,0,0,"",0,0,0,0,0,0,0,0,0,0
83,4,0,5,1,1,2,0,0,0,1,255,255,17,35,2340.47,"HANA_ARASHI",R,10,67,112,-1.053,0.479,0.001,1.884,-36.391,0,0,0,400,4.404,-0.198,-17.7,0,3,1,L,"눈꽃",190,85,0.496,0,68,0,0,0,0,0,0,0,0,0,0,0,0,0,0,0,0,-0.367,-37.352,0,"_Chun",-0.02,-17.029,0,"Pring__",-21.21,-44.622,0,"장덕춘_",-12.679,-65.246,0,"NABIMan",19.152,-40.591,0,"Yaksok~",14.572,-62.982,0,"소솨소솨",42.517,-87.17,0,"ke ro",2.771,-112.314,0,"Kr_Luna",-41.079,-103.01,0,0,0,0,0,0,"",0,0,0,0,0,0,0,0,0,0
84,4,0,5,1,0,0,1,0,0,1,255,255,17,36,2371.778,"HANA_ARASHI",R,14,64,109,1.557,-0.493,0.078,1.901,-36.442,1,0,170.264,400,-5.018,0,0,0,4,4,R,"magimari",190,94.666,0.554,0,67,0,0,0,0,0,0,0,0,0,0,0,0,0,0,0,0,0.001,-36.991,0,"_Chun",0.071,-17.038,0,"Pring__",-22.845,-48.29,0,"장덕춘_",-12.766,-65.221,0,"NABIMan",19.954,-40.896,0,"Yaksok~",11.138,-65.351,0,"소솨소솨",36.876,-87.598,0,"ke ro",-0.042,-107.823,0,"Kr_Luna",-37.281,-96.245,0,0,0,0,0,0,"",0,0,0,0,0,0,0,0,0,0
85,4,0,5,1,1,0,1,0,0,1,255,255,17,37,2385.333,"HANA_ARASHI",R,30,78,129,0.161,-1.121,0.127,1.384,-36.261,2,0,-142.275,-120.859,7.692,0,0,1,4,4,R,"magimari",190,94.666,0.554,2,67,2386.444,221,17,107,99,64,150,130,25.628,-7.72,0.32,0.001,-0.06,0.077,0,0.577,-0.126,-36.825,0,"_Chun",-0.006,-17.072,0,"Pring__",-22.858,-48.287,0,"장덕춘_",-12.721,-65.091,0,"NABIMan",19.61,-43.047,0,"Yaksok~",11.088,-65.32,0,"소솨소솨",36.837,-87.661,0,"ke ro",0.134,-108.792,0,"Kr_Luna",-42.291,-95.45,0,2391.404,14.081,-134.975,2392.871,7,"ke ro",15.006,-128.803,1,0,0,0,0,0,0,2
86,4,0,5,1,0,0,1,1,0,0,13,255,255,38,2418.308,"HANA_ARASHI",R,13,65,109,0.73,0.1,0.227,1.811,-36.425,0,0,-229.256,400,-6.582,0,0,0,5,6,R,"아침땅_",160,95,0.5,0,67,0,0,0,0,0,0,0,0,0,0,0,0,0,0,0,0,-0.149,-37.14,0,"_Chun",-0.011,-16.968,0,"Pring__",-19.605,-40.315,0,"장덕춘_",-12.408,-64.848,0,"NABIMan",20.986,-46.425,0,"Yaksok~",8.359,-62.419,0,"소솨소솨",37.208,-87.978,0,"ke ro",0.825,-104.821,0,"Kr_Luna",-42.945,-97.085,0,0,0,0,0,0,"",0,0,0,0,0,0,0,0,0,0
87,4,0,5,1,0,1,1,1,0,0,13,255,255,39,2430.16,"HANA_ARASHI",R,26,74,127,-0.904,1.715,0.006,1.812,-36.335,1,0,-66.994,-200,5.064,0,0,0,5,6,R,"아침땅_",160,95,0.5,0,67,0,0,0,0,0,0,0,0,0,0,0,0,0,0,0,0,-0.119,-36.897,0,"_Chun",-0.076,-16.925,0,"Pring__",-19.694,-40.38,0,"장덕춘_",-12.401,-64.87,0,"NABIMan",19.958,-45.003,0,"Yaksok~",6.251,-61.558,0,"소솨소솨",37.016,-86.805,0,"ke ro",0.89,-104.838,0,"Kr_Luna",-42.722,-95.445,0,0,0,0,0,0,"",0,0,0,0,0,0,0,0,0,0
88,4,0,5,2,1,1,1,1,0,0,13,255,255,40,2451.927,"HANA_ARASHI",R,13,79,118,-2.996,-0.107,-0.08,1.737,-36.318,4,0,-372.752,333.251,-0.066,0,0,1,5,6,R,"아침땅_",160,95,0.5,0,67,0,0,0,0,0,0,0,0,0,0,0,0,0,0,0,0,-0.519,-37.224,0,"_Chun",-0.327,-16.906,0,"Pring__",-19.373,-40.51,0,"장덕춘_",-12.878,-64.656,0,"NABIMan",20.236,-44.098,0,"Yaksok~",6.412,-60.42,0,"소솨소솨",35.878,-86.268,0,"ke ro",0.194,-105.233,0,"Kr_Luna",-42.382,-93.117,0,0,0,0,0,0,"",0,0,0,0,0,0,0,0,0,0
89,4,0,5,2,1,2,1,1,0,0,13,255,255,41,2466.423,"HANA_ARASHI",R,6,81,120,0.424,0.127,-0.064,1.651,-36.383,0,0,500,0.001,16.012,0,0,0,5,6,R,"아침땅_",160,95,0.5,0,67,0,0,0,0,0,0,0,0,0,0,0,0,0,0,0,0,-0.261,-36.829,0,"_Chun",0.069,-17.128,0,"Pring__",-19.46,-39.888,0,"장덕춘_",-12.793,-64.428,0,"NABIMan",19.65,-43.256,0,"Yaksok~",6.869,-60.854,0,"소솨소솨",35.898,-86.295,0,"ke ro",0.85,-104.461,0,"Kr_Luna",-41.222,-92.628,0,0,0,0,0,0,"",0,0,0,0,0,0,0,0,0,0
90,4,0,5,2,0,0,2,1,0,0,13,255,255,42,2487.954,"HANA_ARASHI",R,10,80,121,-1.063,-1.758,0.018,1.628,-36.265,2,0,0,400,-0.616,0,0,1,6,2,L,"encounter v",190,86,0.447,3,67,2489.084,255,20,87,158,99,150,126,-30,-25.467,0.65,0.046,-0.146,0.055,0,0.641,-0.345,-36.63,0,"_Chun",-0.017,-16.972,0,"Pring__",-19.76,-44.101,0,"장덕춘_",-13.216,-64.771,0,"NABIMan",20.936,-47.869,0,"Yaksok~",15.14,-62.978,0,"소솨소솨",43.054,-79.233,0,"ke ro",4.185,-111.633,0,"Kr_Luna",-25.628,-112.172,0,2489.049,0.005,-20.55,2490.893,5,"Yaksok~",17.516,-57.416,0,0,0,0,0,0,0,2
91,5,1,5,2,0,0,0,0,0,0,255,255,255,45,2546.562,"주저하는 연인들을 위해",R,0,0,0,0,0,0,0,0,0,0,0,0,0,0,0,0,0,9,L,"Sabo_10",180.1,90,0.502,0,66,0,0,0,0,0,0,0,0,0,0,0,0,0,0,0,0,0,0,0,"",0,0,0,"",0,0,0,"",0,0,0,"",0,0,0,"",0,0,0,"",0,0,0,"",0,0,0,"",0,0,0,0,0,0,0,0,"",0,0,0,0,0,0,0,0,0,0
92,5,1,5,2,0,0,0,0,0,0,255,255,255,45,2611.331,"주저하는 연인들을 위해",R,38,39,99,1.54,0.604,0.143,1.748,-36.706,1,0,0,0,0,0,0,0,0,9,L,"Sabo_10",180.1,90,0.502,0,66,0,0,0,0,0,0,0,0,0,0,0,0,0,0,0,0,-0.075,-37.905,0,"눈꽃",-0.02,-16.984,0,"encounter v",-19.749,-48.253,0,"vovopo 보보포",-8.146,-62.648,0,"magimari",22.445,-48.605,0,"それいゆ るな",13.851,-58.823,0,"아침땅_",43.578,-85.714,0,"ByeolBam",0.013,-106.44,0,"Pugeuk",-31.384,-90.809,0,0,0,0,0,0,"",0,0,0,0,0,0,0,0,0,0
93,5,1,5,2,1,0,0,0,0,0,255,255,255,46,2621.63,"주저하는 연인들을 위해",R,0,56,114,-0.06,-0.587,-0.006,1.536,-36.499,2,0,0,0,0,0,0,1,0,9,L,"Sabo_10",180.1,90,0.502,3,66,2622.849,149,18,113,109,48,150,128,25.189,-36.585,0.64,0.05,-0.101,0.263,0,0.506,-0.186,-37.046,0,"눈꽃",-0.055,-17.073,0,"encounter v",-18.896,-47.093,0,"vovopo 보보포",-14.187,-64.267,0,"magimari",22.424,-48.643,0,"それいゆ るな",13.843,-58.824,0,"아침땅_",43.747,-85.671,0,"ByeolBam",0.457,-106.444,0,"Pugeuk",-31.536,-90.904,0,2627.415,83.405,-94.822,0,0,"",0,0,0,0,0,0,0,0,0,3
94,5,1,5,2,1,1,0,0,0,0,255,255,255,47,2641.28,"주저하는 연인들을 위해",R,0,48,107,2.546,0.267,0.237,1.687,-36.84,1,0,0,0,0,0,0,0,0,9,L,"Sabo_10",180.1,90,0.502,0,87,0,0,0,0,0,0,0,0,0,0,0,0,0,0,0,0,-0.011,-37.963,0,"눈꽃",-0.012,-17.018,0,"encounter v",-17.171,-44.946,0,"vovopo 보보포",-7.118,-64.91,0,"magimari",21.486,-47.482,0,"それいゆ るな",14.684,-60.74,0,"아침땅_",45.307,-87.552,0,"ByeolBam",3.46,-112.621,0,"Pugeuk",-33.175,-94.354,0,0,0,0,0,0,"",0,0,0,0,0,0,0,0,0,0
95,5,1,5,2,2,1,0,0,0,0,255,255,255,48,2651.871,"주저하는 연인들을 위해",R,0,63,119,-2.939,-1.256,-0.129,1.415,-36.64,1,0,0,0,0,0,0,0,0,9,L,"Sabo_10",180.1,90,0.502,0,87,0,0,0,0,0,0,0,0,0,0,0,0,0,0,0,0,-0.388,-37.957,0,"눈꽃",-0.37,-17.201,0,"encounter v",-17.262,-44.996,0,"vovopo 보보포",-9.196,-64.61,0,"magimari",21.493,-47.47,0,"それいゆ るな",14.68,-60.732,0,"아침땅_",45.384,-87.471,0,"ByeolBam",1.715,-114.12,0,"Pugeuk",-33.189,-94.253,0,0,0,0,0,0,"",0,0,0,0,0,0,0,0,0,0
96,5,1,5,2,2,2,0,0,0,0,255,255,255,49,2675.288,"주저하는 연인들을 위해",R,0,61,118,2.399,-1.053,0.223,1.453,-36.646,1,0,0,0,0,0,0,0,0,9,L,"Sabo_10",180.1,90,0.502,0,66,0,0,0,0,0,0,0,0,0,0,0,0,0,0,0,0,0.084,-37.679,0,"눈꽃",0.001,-16.929,0,"encounter v",-17.236,-43.811,0,"vovopo 보보포",-7.108,-63.482,0,"magimari",21.919,-47.244,0,"それいゆ るな",15.125,-61.381,0,"아침땅_",45.424,-87.42,0,"ByeolBam",1.693,-113.944,0,"Pugeuk",33.278,-114.715,0,0,0,0,0,0,"",0,0,0,0,0,0,0,0,0,0
97,5,1,5,2,3,2,0,0,0,0,255,255,255,50,2687.882,"주저하는 연인들을 위해",R,0,49,108,-1.328,-0.222,-0.124,1.599,-36.595,2,0,0,0,0,0,0,0,0,9,L,"Sabo_10",180.1,90,0.502,3,66,2689.083,149,25,94,134,74,150,115,106.118,71.32,0.79,0.091,-0.122,0.248,0,0.635,-0.209,-37.166,0,"눈꽃",-0.092,-17.027,0,"encounter v",-17.005,-44.472,0,"vovopo 보보포",-13.283,-63.788,0,"magimari",21.682,-47.452,0,"それいゆ るな",15.117,-61.393,0,"아침땅_",44.55,-86.661,0,"ByeolBam",-5.32,-114.643,0,"Pugeuk",35.574,-112.69,0,2694.637,81.23,16.173,0,0,"",0,0,0,0,0,0,0,0,0,3
98,5,1,5,2,3,2,0,0,0,0,255,255,255,51,2706.399,"주저하는 연인들을 위해",R,0,55,113,-1.571,-0.966,-0.062,1.59,-36.796,2,0,0,0,0,0,0,0,0,9,L,"Sabo_10",180.1,90,0.502,3,88,2707.576,163,15,116,97,37,150,102,-5.015,-26.85,0.02,0.096,-0.125,0.169,0,0.436,-0.354,-37.047,0,"눈꽃",-0.092,-17.004,0,"encounter v",-16.935,-44.541,0,"vovopo 보보포",-12.657,-64.229,0,"magimari",21.751,-47.634,0,"それいゆ るな",15.949,-61.58,0,"아침땅_",44.761,-85.76,0,"ByeolBam",-0.889,-118.997,0,"Pugeuk",35.698,-111.489,0,2707.615,1.965,-24.496,2709.549,5,"それいゆ るな",17.436,-56.333,0,0,0,0,0,0,0,2
99,5,1,5,2,0,0,1,0,0,0,255,255,255,52,2743.646,"주저하는 연인들을 위해",R,0,58,115,0.449,-1.077,0.042,1.43,-36.585,1,0,0,0,0,0.171,-17.445,0,1,4,L,"NABIMan",190,89.844,0.499,0,66,0,0,0,0,0,0,0,0,0,0,0,0,0,0,0,0,-0.121,-37.85,0,"눈꽃",-0.021,-16.877,0,"encounter v",-21.789,-50.136,0,"vovopo 보보포",-10.727,-63.697,0,"magimari",21.003,-47.886,0,"それいゆ るな",15.171,-62.786,0,"아침땅_",44.879,-87.001,0,"ByeolBam",0.208,-109.995,0,"Pugeuk",-32.418,-91.395,0,0,0,0,0,0,"",0,0,0,0,0,0,0,0,0,0
100,5,1,5,2,1,0,1,0,0,0,255,255,255,53,2758.146,"주저하는 연인들을 위해",R,0,64,120,-0.101,-1.031,0.161,1.515,-36.713,2,0,0,0,0,0,0,1,1,4,L,"NABIMan",190,89.844,0.499,3,65,2759.244,233,13,132,82,93,150,126,-15.025,38.32,0.32,0.05,-0.151,0.127,0,0.359,-0.215,-37.076,0,"눈꽃",0.01,-16.948,0,"encounter v",-22.114,-50.487,0,"vovopo 보보포",-14.916,-64.948,0,"magimari",21.25,-47.745,0,"それいゆ るな",14.874,-62.462,0,"아침땅_",44.128,-86.342,0,"ByeolBam",0.192,-110.007,0,"Pugeuk",-33.761,-93.928,0,2759.204,-1.764,-22.552,2760.648,2,"encounter v",-21.544,-47.563,0,0,0,0,0,0,0,2
101,5,1,5,2,0,0,2,0,0,0,255,255,255,54,2783.635,"주저하는 연인들을 위해",R,0,48,108,-1.645,-0.927,-0.153,1.503,-36.635,2,0,0,0,0,0,0,1,2,7,R,"ke ro",164.9,80,0.251,2,77,2784.88,255,9,66,43,37,140,93,-30,-14.357,0.93,-0.033,-0.051,0.15,0,0.279,-0.425,-37.096,0,"눈꽃",-0.056,-16.976,0,"encounter v",-22.447,-50.901,0,"vovopo 보보포",-14.797,-63.859,0,"magimari",20.939,-47.41,0,"それいゆ るな",13.044,-63.256,0,"아침땅_",36.289,-87.122,0,"ByeolBam",-0.11,-111.592,0,"Pugeuk",-35.704,-90.952,0,2784.771,-0.044,-21.698,2787.093,5,"それいゆ るな",8.903,-56.59,0,0,0,0,0,0,0,2
102,5,0,5,2,0,0,0,0,0,0,255,255,255,43,2893.234,"NABIMan",R,27,84,137,-1.067,-1.058,-0.113,1.702,-36.185,0,0,48.402,-140.18,15.592,0,0,1,7,5,R,"それいゆ るな",160,86.073,0.433,0,31,0,0,0,0,0,0,0,0,0,0,0,0,0,0,0,0,0.047,-36.548,0,"_Chun",-0.075,-16.993,0,"Pring__",-23.983,-49.833,0,"장덕춘_",-13.198,-65.058,0,"HANA_ARASHI",23.294,-51.39,0,"Yaksok~",10.238,-62.771,0,"소솨소솨",38.393,-91.163,0,"ke ro",-8.581,-105.99,0,"Kr_Luna",-39.54,-94.18,0,0,0,0,0,0,"",0,0,0,0,0,0,0,0,0,0
103,5,0,5,2,0,1,0,0,0,0,255,255,255,44,2906.478,"NABIMan",R,26,87,140,0.188,-0.127,-0.012,1.821,-36.305,0,0,106.774,-176.942,11.666,0,0,0,7,5,R,"それいゆ るな",160,86.073,0.433,0,31,0,0,0,0,0,0,0,0,0,0,0,0,0,0,0,0,0.16,-37.32,0,"_Chun",-0.081,-17.052,0,"Pring__",-23.984,-49.833,0,"장덕춘_",-13.221,-65.055,0,"HANA_ARASHI",23.331,-52.011,0,"Yaksok~",9.83,-64.15,0,"소솨소솨",35.07,-93.457,0,"ke ro",-6.187,-106.319,0,"Kr_Luna",-47.024,-92.984,0,0,0,0,0,0,"",0,0,0,0,0,0,0,0,0,0
104,5,0,5,2,0,2,0,0,0,0,255,255,255,45,2917.464,"NABIMan",R,26,82,135,-0.923,-1.028,-0.119,1.693,-36.268,0,0,113.431,-186.942,8.729,0,0,1,7,5,R,"それいゆ るな",160,86.073,0.433,0,31,0,0,0,0,0,0,0,0,0,0,0,0,0,0,0,0,0.009,-36.256,0,"_Chun",-0.08,-17.054,0,"Pring__",-23.6,-48.246,0,"장덕춘_",-13.338,-64.869,0,"HANA_ARASHI",23.026,-52.426,0,"Yaksok~",9.855,-64.17,0,"소솨소솨",33.818,-91.945,0,"ke ro",-6.176,-106.841,0,"Kr_Luna",-45.737,-92.518,0,0,0,0,0,0,"",0,0,0,0,0,0,0,0,0,0
105,5,0,5,2,0,0,1,0,0,0,255,255,255,46,2981.405,"NABIMan",R,27,78,129,0.079,-0.046,-0.008,1.835,-36.334,2,0,52.748,-141.74,8.359,0,0,1,8,9,R,"_이누_",190,90.187,0.45,3,65,2982.461,255,22,84,71,29,150,130,27.061,-13.953,0.67,-0.027,-0.092,0.115,0,0.264,-0.399,-36.434,0,"_Chun",0.014,-17.081,0,"Pring__",-21.97,-47.344,0,"장덕춘_",-12.81,-65.432,0,"HANA_ARASHI",21.421,-51.714,0,"Yaksok~",10.048,-63.986,0,"소솨소솨",36.817,-92.417,0,"ke ro",-2.712,-107.149,0,"Kr_Luna",-45.727,-92.538,0,2987.882,11.442,-139.687,0,0,"",0,0,0,0,0,0,0,0,0,4
106,5,0,5,3,0,0,1,0,0,0,255,255,255,47,3025.869,"NABIMan",R,26,89,140,-0.947,-1.006,-0.116,1.696,-36.172,0,0,104.154,-200,22.847,-0.1,-17.925,0,0,3,L,"vovopo 보보포",159.5,80,0.6,0,65,0,0,0,0,0,0,0,0,0,0,0,0,0,0,0,0,-0.876,-36.64,0,"_Chun",0.006,-17.203,0,"Pring__",-21.143,-45.371,0,"장덕춘_",-13.024,-65.045,0,"HANA_ARASHI",22.205,-50.826,0,"Yaksok~",14.377,-62.459,0,"소솨소솨",40.946,-82.183,0,"ke ro",4.076,-105.7,0,"Kr_Luna",-36.684,-101.966,0,0,0,0,0,0,"",0,0,0,0,0,0,0,0,0,0
107,5,0,5,3,0,1,1,0,0,0,255,255,255,48,3043.798,"NABIMan",R,26,83,135,-0.466,-0.305,-0.063,1.788,-36.282,2,0,68.728,-195.918,17.258,0,0,1,0,3,L,"vovopo 보보포",159.5,80,0.6,3,65,3044.89,255,23,178,2,28,150,91,-16.742,-10.847,-0.18,-0.011,-0.052,0.4,0,0.697,-0.477,-36.396,0,"_Chun",0.072,-17.079,0,"Pring__",-21.731,-47.825,0,"장덕춘_",-13.045,-64.954,0,"HANA_ARASHI",23.957,-52.46,0,"Yaksok~",13.149,-63.268,0,"소솨소솨",37.544,-81.56,0,"ke ro",4.341,-105.765,0,"Kr_Luna",-35.276,-96.455,0,3044.793,0.343,-21.985,3047.226,5,"Yaksok~",7.725,-63.479,0,0,0,0,0,0,0,2
108,5,0,5,3,0,0,2,0,0,0,255,255,255,49,3065.967,"NABIMan",R,26,89,140,-1.943,-1.461,-0.201,1.595,-36.162,1,0,79.046,-200,30.681,0,0,0,1,7,R,"ByeolBam",175.3,85,0.5,0,65,0,0,0,0,0,0,0,0,0,0,0,0,0,0,0,0,0.32,-36.467,0,"_Chun",-0.052,-16.855,0,"Pring__",-21.712,-47.524,0,"장덕춘_",-13.406,-65.046,0,"HANA_ARASHI",23.305,-52.858,0,"Yaksok~",11.556,-64.676,0,"소솨소솨",35.315,-86.077,0,"ke ro",-0.115,-107.509,0,"Kr_Luna",-35.59,-86.017,0,0,0,0,0,0,"",0,0,0,0,0,0,0,0,0,0
109,5,0,5,3,1,0,2,0,0,0,255,255,255,50,3077.308,"NABIMan",R,26,90,140,-3.626,-2.631,-0.343,1.395,-36.083,1,0,23.361,-185.243,35.427,-0.676,-20.112,0,1,7,R,"ByeolBam",175.3,85,0.5,0,65,0,0,0,0,0,0,0,0,0,0,0,0,0,0,0,0,0.271,-37.137,0,"_Chun",-0.093,-16.869,0,"Pring__",-21.739,-47.552,0,"장덕춘_",-13.319,-64.747,0,"HANA_ARASHI",22.848,-51.205,0,"Yaksok~",10.856,-64.937,0,"소솨소솨",36.245,-86.443,0,"ke ro",-2.991,-110.143,0,"Kr_Luna",-40.625,-104.195,0,0,0,0,0,0,"",0,0,0,0,0,0,0,0,0,0
110,5,0,5,3,2,0,2,0,0,0,255,255,255,51,3089.462,"NABIMan",R,26,82,134,1.27,-0.401,0.098,1.769,-36.254,0,0,68.13,-189.482,18.636,0,0,0,1,7,R,"ByeolBam",175.3,85,0.5,0,65,0,0,0,0,0,0,0,0,0,0,0,0,0,0,0,0,0.602,-36.903,0,"_Chun",-0.009,-16.945,0,"Pring__",-21.838,-47.366,0,"장덕춘_",-13.475,-64.608,0,"HANA_ARASHI",23.058,-52.391,0,"Yaksok~",10.871,-64.937,0,"소솨소솨",34.525,-92.73,0,"ke ro",-2.246,-110.166,0,"Kr_Luna",-39.971,-102.237,0,0,0,0,0,0,"",0,0,0,0,0,0,0,0,0,0
111,5,0,5,3,2,1,2,0,0,0,255,255,255,52,3103.79,"NABIMan",R,27,82,134,1.164,0.768,0.083,1.975,-36.426,2,0,82.725,-133.032,5.047,0,0,1,1,7,R,"ByeolBam",175.3,85,0.5,3,65,3104.783,208,24,107,123,45,150,85,112.29,-20.011,-0.82,0,-0.054,0.206,0,0.063,-0.318,-36.289,0,"_Chun",0.011,-16.912,0,"Pring__",-21.812,-47.412,0,"장덕춘_",-13.428,-64.594,0,"HANA_ARASHI",24.197,-52.639,0,"Yaksok~",11.026,-64.942,0,"소솨소솨",35.297,-93.805,0,"ke ro",-2.113,-110.232,0,"Kr_Luna",-40.567,-99.993,0,0,0,0,0,0,"",0,0,0,0,0,0,0,0,0,3
112,5,0,5,3,2,2,2,0,0,0,255,255,255,53,3123.92,"NABIMan",R,26,79,129,0.689,0.594,0.045,1.935,-36.345,2,0,60.826,-169.258,5.795,0,0,1,1,7,R,"ByeolBam",175.3,85,0.5,3,65,3124.872,212,20,115,121,72,150,88,91.686,-87.192,-0.65,-0.046,-0.09,0.156,0,0.083,-0.673,-36.283,0,"_Chun",0.029,-17.115,0,"Pring__",-21.923,-47.463,0,"장덕춘_",-13.248,-64.786,0,"HANA_ARASHI",22.847,-51.606,0,"Yaksok~",10.659,-64.577,0,"소솨소솨",35.582,-91.622,0,"ke ro",-1.51,-106.998,0,"Kr_Luna",-45.484,-96.075,0,0,0,0,0,0,"",0,0,0,0,0,0,0,0,0,3
113,5,0,5,3,2,2,2,0,0,0,255,255,255,54,3140.891,"NABIMan",R,28,91,140,-0.654,-0.934,-0.076,1.709,-36.228,2,0,55.759,-87.851,11.504,0,0,1,1,7,R,"ByeolBam",175.3,85,0.5,3,65,3141.776,166,24,124,125,58,150,127,105.417,-71.078,0.5,-0.022,-0.099,0.13,0,0.091,-0.693,-36.799,0,"_Chun",-0.032,-17.112,0,"Pring__",-21.99,-47.424,0,"장덕춘_",-13.401,-64.59,0,"HANA_ARASHI",23.698,-51.647,0,"Yaksok~",10.354,-64.781,0,"소솨소솨",38.855,-88.316,0,"ke ro",-1.357,-105.892,0,"Kr_Luna",-45.262,-92.201,0,0,0,0,0,0,"",0,0,0,0,0,0,0,0,0,3
114,5,0,5,3,2,2,2,0,0,0,255,255,255,55,3155.604,"NABIMan",R,10,70,114,-1.973,-1.764,-0.183,1.743,-36.251,4,0,0,400,15.418,0,0,1,1,7,R,"ByeolBam",175.3,85,0.5,0,64,0,0,0,0,0,0,0,0,0,0,0,0,0,0,0,0,0.333,-37.291,0,"_Chun",-0.126,-17.04,0,"Pring__",-21.416,-43.837,0,"장덕춘_",-12.94,-63.665,0,"HANA_ARASHI",22.952,-52.636,0,"Yaksok~",10.218,-64.808,0,"소솨소솨",36.933,-90.356,0,"ke ro",-5.996,-108.018,0,"Kr_Luna",-45.171,-90.137,0,0,0,0,0,0,"",0,0,0,0,0,0,0,0,0,0
115,6,1,5,3,0,0,0,0,0,0,255,255,255,55,3208.543,"주저하는 연인들을 위해",R,0,49,108,-0.669,1.548,-0.062,1.864,-36.697,1,0,0,0,0,0,0,0,3,3,R,"장덕춘_",164.7,94.644,0.8,0,64,0,0,0,0,0,0,0,0,0,0,0,0,0,0,0,0,-0.199,-37.724,0,"눈꽃",-0.058,-16.889,0,"encounter v",-22.92,-50.519,0,"vovopo 보보포",-12.833,-63.686,0,"magimari",21.645,-47.603,0,"それいゆ るな",14.693,-61.6,0,"아침땅_",37.328,-88.779,0,"ByeolBam",0.41,-110.295,0,"Pugeuk",-41.191,-91.722,0,0,0,0,0,0,"",0,0,0,0,0,0,0,0,0,0
116,6,1,5,3,1,0,0,0,0,0,255,255,255,56,3220.326,"주저하는 연인들을 위해",R,38,41,88,-0.861,-0.745,-0.12,1.481,-36.625,0,0,0,0,0,0,0,0,3,3,R,"장덕춘_",164.7,94.644,0.8,0,64,0,0,0,0,0,0,0,0,0,0,0,0,0,0,0,0,-0.332,-37.472,0,"눈꽃",-0.076,-16.936,0,"encounter v",-22.302,-50.733,0,"vovopo 보보포",-10.879,-63.279,0,"magimari",21.699,-47.89,0,"それいゆ るな",14.704,-61.601,0,"아침땅_",37.277,-88.7,0,"ByeolBam",0.406,-110.303,0,"Pugeuk",-41.358,-91.806,0,0,0,0,0,0,"",0,0,0,0,0,0,0,0,0,0
117,6,1,5,3,1,1,0,0,0,0,255,255,255,57,3233.008,"주저하는 연인들을 위해",R,0,24,82,-2.057,-0.637,-0.41,1.618,-36.875,4,0,0,0,0,0,0,1,3,3,R,"장덕춘_",164.7,94.644,0.8,0,64,0,0,0,0,0,0,0,0,0,0,0,0,0,0,0,0,-0.34,-37.997,0,"눈꽃",-0.392,-16.99,0,"encounter v",-22.585,-50.526,0,"vovopo 보보포",-10.886,-65.483,0,"magimari",21.716,-47.943,0,"それいゆ るな",14.707,-61.585,0,"아침땅_",37.138,-88.562,0,"ByeolBam",0.184,-110.626,0,"Pugeuk",-41.385,-91.609,0,0,0,0,0,0,"",0,0,0,0,0,0,0,0,0,0
118,6,1,5,3,1,2,0,0,0,0,255,255,255,58,3249.095,"주저하는 연인들을 위해",R,38,51,95,-1.612,0.567,-0.224,1.756,-36.588,2,0,0,0,0,0,0,1,3,3,R,"장덕춘_",164.7,94.644,0.8,3,64,3250.127,205,18,71,101,79,150,62,-12.521,41.338,1,-0.086,-0.008,0.06,0,0.362,-0.556,-37.115,0,"눈꽃",-0.05,-17.009,0,"encounter v",-22.679,-50.596,0,"vovopo 보보포",-15.554,-63.609,0,"magimari",21.727,-47.974,0,"それいゆ るな",14.696,-61.585,0,"아침땅_",37.181,-88.634,0,"ByeolBam",0.047,-110.582,0,"Pugeuk",-41.286,-91.803,0,3250.271,-3.537,-24.46,3252.682,2,"encounter v",-21.338,-45.113,0,0,0,0,0,0,0,2
119,6,1,5,3,0,0,1,0,0,0,255,255,255,59,3275.308,"주저하는 연인들을 위해",R,38,48,92,1.162,-0.494,0.162,1.523,-36.605,0,0,0,0,0,0,0,1,4,5,R,"Yaksok~",173.2,89.922,0.303,0,69,0,0,0,0,0,0,0,0,0,0,0,0,0,0,0,0,0.135,-37.948,0,"눈꽃",-0.142,-16.928,0,"encounter v",-21.337,-50.819,0,"vovopo 보보포",-11.816,-63.442,0,"magimari",21.187,-47.921,0,"それいゆ るな",14.046,-62.863,0,"아침땅_",36.075,-88,0,"ByeolBam",0.47,-110.161,0,"Pugeuk",-38.365,-91.542,0,0,0,0,0,0,"",0,0,0,0,0,0,0,0,0,0
120,6,1,5,3,0,1,1,0,0,0,255,255,255,60,3290.533,"주저하는 연인들을 위해",R,3,55,90,-2.992,-0.809,0.045,1.514,-36.75,1,0,-337.72,0,0,-1.156,-17.388,0,4,5,R,"Yaksok~",173.2,89.922,0.303,0,69,0,0,0,0,0,0,0,0,0,0,0,0,0,0,0,0,-0.125,-37.948,0,"눈꽃",-0.605,-17.269,0,"encounter v",-21.294,-50.579,0,"vovopo 보보포",-15.672,-64.218,0,"magimari",21.253,-47.944,0,"それいゆ るな",13.965,-62.921,0,"아침땅_",36.636,-87.668,0,"ByeolBam",-1.156,-105.684,0,"Pugeuk",-38.085,-92.71,0,0,0,0,0,0,"",0,0,0,0,0,0,0,0,0,0
121,6,1,5,3,1,1,1,0,0,0,255,255,255,61,3304.923,"주저하는 연인들을 위해",R,0,38,87,-1.26,1.488,-0.021,2.017,-37.014,2,0,0,6.626,0,0,0,1,4,5,R,"Yaksok~",173.2,89.922,0.303,3,69,3306.03,182,20,123,68,36,150,116,30.054,22.672,0.76,-0.079,-0.07,0.213,0,0.522,-0.061,-37.448,0,"눈꽃",-0.048,-16.93,0,"encounter v",-21.896,-49.739,0,"vovopo 보보포",-16.559,-63.631,0,"magimari",21.234,-48.013,0,"それいゆ るな",13.951,-62.925,0,"아침땅_",36.68,-87.737,0,"ByeolBam",0.041,-105.942,0,"Pugeuk",-38.233,-92.778,0,3311.049,-55.338,-105.599,3312.782,8,"Pugeuk",-57.354,-109.909,1,0,0,0,0,0,0,2
122,6,1,5,3,0,0,1,0,1,0,255,0,255,62,3337.34,"주저하는 연인들을 위해",R,38,43,89,1.058,0.888,0.224,1.869,-36.826,2,0,0,0,0,0,0,0,5,2,L,"Pring__",180.469,94.516,0.485,3,65,3338.355,144,17,60,87,76,139,102,28.629,-33.729,0.9,-0.01,-0.002,0.057,0,0.458,-0.079,-37.232,0,"눈꽃",-0.025,-16.897,0,"encounter v",-23.502,-53.02,0,"vovopo 보보포",-13.882,-64.557,0,"magimari",20.918,-47.774,0,"それいゆ るな",10.002,-64.17,0,"아침땅_",41.525,-87.583,0,"ByeolBam",0.17,-108.166,0,"Pugeuk",-53.54,-100.517,0,3342.682,58.923,-85.21,3346.404,6,"아침땅_",67.884,-92.94,1,0,0,0,0,0,0,2
123,6,1,6,3,0,0,1,0,1,0,255,2,255,63,3372.542,"주저하는 연인들을 위해",R,38,38,99,-1.09,-1.094,-0.004,1.596,-36.971,2,0,0,0,0,0,0,1,6,1,L,"_Chun",190,80,0.455,3,89,3373.664,255,27,114,103,62,150,129,101.429,33.48,0.62,-0.074,0.002,0.121,0,0.48,-0.238,-37.441,0,"눈꽃",-0.044,-16.85,0,"encounter v",-23.036,-52.677,0,"vovopo 보보포",-12.26,-65.352,0,"magimari",20.715,-45.71,0,"それいゆ るな",16.45,-62.754,0,"아침땅_",45.185,-87.42,0,"ByeolBam",0.69,-106.504,0,"Pugeuk",-40.526,-94.923,0,0,0,0,0,0,"",0,0,0,0,0,0,0,0,0,3
124,6,1,6,3,0,1,1,0,1,0,255,2,255,64,3392.159,"주저하는 연인들을 위해",R,0,50,109,-1.954,-0.692,-0.053,1.662,-36.732,2,0,0,0,0,0,0,1,6,1,L,"_Chun",190,80,0.455,3,89,3393.254,255,15,117,102,47,150,130,-30,9.705,0.56,-0.054,0.002,0.17,0,0.27,0.04,-37.333,0,"눈꽃",-0.086,-16.941,0,"encounter v",-20.376,-48.635,0,"vovopo 보보포",-11.289,-65.685,0,"magimari",20.136,-41.666,0,"それいゆ るな",17.553,-62.312,0,"아침땅_",44.712,-88.802,0,"ByeolBam",0.563,-107.065,0,"Pugeuk",-36.048,-89.735,0,3393.06,-0.569,-21.843,3396.571,7,"ByeolBam",-14.642,-97.849,1,0,0,0,0,0,0,2
125,6,1,6,3,0,0,1,1,0,1,1,255,2,65,3449.435,"주저하는 연인들을 위해",R,0,56,114,-0.901,-1.355,0.222,1.452,-36.89,1,0,0,0,0,0,0,0,7,8,L,"Kr_Luna",165.7,92.367,0.505,0,66,0,0,0,0,0,0,0,0,0,0,0,0,0,0,0,0,-0.117,-37.916,0,"눈꽃",-0.075,-16.984,0,"encounter v",-18.815,-42.556,0,"vovopo 보보포",-8.137,-64.021,0,"magimari",21.037,-42.005,0,"それいゆ るな",9.041,-67.043,0,"아침땅_",42.496,-87.27,0,"ByeolBam",0.235,-104.525,0,"Pugeuk",-34.623,-85.729,0,0,0,0,0,0,"",0,0,0,0,0,0,0,0,0,0
126,6,1,6,3,1,0,1,1,0,1,1,255,2,66,3464.996,"주저하는 연인들을 위해",R,0,69,123,0.572,-1.03,0.237,1.509,-36.873,0,0,0,0,0,0,0,0,7,8,L,"Kr_Luna",165.7,92.367,0.505,0,66,0,0,0,0,0,0,0,0,0,0,0,0,0,0,0,0,-0.223,-37.937,0,"눈꽃",-0.063,-17.016,0,"encounter v",-19.316,-43.03,0,"vovopo 보보포",-8.888,-63.854,0,"magimari",20.059,-41.726,0,"それいゆ るな",10.526,-64.917,0,"아침땅_",42.863,-87.069,0,"ByeolBam",0.163,-104.782,0,"Pugeuk",-34.555,-86.058,0,0,0,0,0,0,"",0,0,0,0,0,0,0,0,0,0
127,6,1,6,3,1,1,1,1,0,1,1,255,2,67,3481.692,"주저하는 연인들을 위해",R,38,35,97,-2.057,1.299,-0.07,1.787,-37.01,1,0,0,0,0,0,0,0,7,8,L,"Kr_Luna",165.7,92.367,0.505,0,66,0,0,0,0,0,0,0,0,0,0,0,0,0,0,0,0,-0.173,-37.987,0,"눈꽃",0.159,-17.331,0,"encounter v",-19.598,-43.276,0,"vovopo 보보포",-11.459,-64.356,0,"magimari",19.574,-42.567,0,"それいゆ るな",9.878,-65.069,0,"아침땅_",42.698,-87.191,0,"ByeolBam",0.069,-104.734,0,"Pugeuk",-35.582,-93.308,0,0,0,0,0,0,"",0,0,0,0,0,0,0,0,0,0
128,6,1,6,3,2,1,1,1,0,1,1,255,2,68,3503.439,"주저하는 연인들을 위해",R,0,44,104,0.204,-1.462,0.121,1.555,-36.922,2,0,0,0,0,0,0,1,7,8,L,"Kr_Luna",165.7,92.367,0.505,2,66,3504.427,79,13,46,100,64,108,94,28.632,-39.476,0.76,-0.007,-0.056,0.031,0,0.073,-0.105,-37.461,0,"눈꽃",-0.134,-17.175,0,"encounter v",-20.492,-48.051,0,"vovopo 보보포",-13.905,-63.923,0,"magimari",20.43,-43.422,0,"それいゆ るな",8.933,-64.916,0,"아침땅_",42.975,-86.922,0,"ByeolBam",0.004,-104.73,0,"Pugeuk",-35.536,-93.401,0,3508.804,56.827,-75.045,3509.126,6,"아침땅_",55.056,-73.503,0,0,0,0,0,0,0,1
129,6,1,6,3,0,0,2,1,0,1,1,255,2,69,3536.697,"주저하는 연인들을 위해",R,38,34,97,-2.107,-0.589,-0.157,1.663,-36.711,2,0,0,0,0,0,0,1,8,6,R,"소솨소솨",175.4,80,0.5,2,66,3537.688,233,24,137,97,102,150,86,-75.494,48.456,-0.79,-0.038,-0.1,0.067,0,0.409,-0.245,-36.948,0,"눈꽃",-0.055,-17.16,0,"encounter v",-17.667,-45.316,0,"vovopo 보보포",-16.236,-62.84,0,"magimari",21.125,-43.555,0,"それいゆ るな",12.291,-64.141,0,"아침땅_",36.942,-82.712,0,"ByeolBam",0.553,-105.253,0,"Pugeuk",-38.14,-86.679,0,3537.538,-0.587,-20.349,3541.849,2,"encounter v",-19.554,-37.193,0,0,0,0,0,0,0,2
130,6,1,6,3,0,1,2,1,0,1,1,255,2,70,3558.908,"주저하는 연인들을 위해",R,0,43,104,-1.406,-0.734,-0.059,1.594,-36.757,2,0,0,0,0,0,0,1,8,6,R,"소솨소솨",175.4,80,0.5,2,46,3559.846,207,16,99,114,63,150,82,26.689,16.767,0.95,-0.011,-0.061,0.053,0,0.3,-0.178,-37.042,0,"눈꽃",-0.078,-17.205,0,"encounter v",-18.188,-46.746,0,"vovopo 보보포",-15.214,-63.459,0,"magimari",20.397,-45.594,0,"それいゆ るな",11.813,-65.892,0,"아침땅_",33.917,-82.887,0,"ByeolBam",-0.278,-104.099,0,"Pugeuk",-38.61,-87.455,0,3564.293,-20.964,-84.924,3564.626,8,"Pugeuk",-20.381,-83.124,0,0,0,0,0,0,0,1
131,6,0,6,3,0,0,0,0,0,0,255,255,255,56,3604.61,"NABIMan",R,26,85,138,-2.691,-0.428,-0.261,1.777,-36.185,1,0,39.112,-159.498,17.543,0,0,0,2,8,L,"Pugeuk",170.1,90.921,0.474,0,66,0,0,0,0,0,0,0,0,0,0,0,0,0,0,0,0,-0.406,-36.368,0,"_Chun",-0.052,-17.168,0,"Pring__",-21.204,-46.901,0,"장덕춘_",-11.371,-65.373,0,"HANA_ARASHI",24.621,-50.37,0,"Yaksok~",14.718,-63.032,0,"소솨소솨",41.117,-87.229,0,"ke ro",1.71,-107.072,0,"Kr_Luna",-36.908,-86.509,0,0,0,0,0,0,"",0,0,0,0,0,0,0,0,0,0
132,6,0,6,3,1,0,0,0,0,0,255,255,255,57,3616.215,"NABIMan",R,3,75,117,-5.769,-1.085,-0.4,1.717,-36.202,4,0,-394.89,0,12.871,-1.449,-16.06,1,2,8,L,"Pugeuk",170.1,90.921,0.474,0,66,0,0,0,0,0,0,0,0,0,0,0,0,0,0,0,0,-0.334,-36.485,0,"_Chun",-0.973,-15.755,0,"Pring__",-18.646,-42.492,0,"장덕춘_",-11.415,-65.417,0,"HANA_ARASHI",19.597,-46.394,0,"Yaksok~",14.39,-62.398,0,"소솨소솨",35.388,-86.268,0,"ke ro",2.266,-110.739,0,"Kr_Luna",-36.903,-86.512,0,0,0,0,0,0,"",0,0,0,0,0,0,0,0,0,0
133,6,0,6,3,1,1,0,0,0,0,255,255,255,58,3630.509,"NABIMan",R,26,82,134,-0.838,-0.928,-0.101,1.687,-36.224,2,0,79.05,-200,13.369,0,0,1,2,8,L,"Pugeuk",170.1,90.921,0.474,3,66,3631.536,213,10,81,66,33,150,84,-61.674,27.12,-0.77,-0.024,-0.081,0.213,0,0.388,-0.219,-36.201,0,"_Chun",0.003,-17.191,0,"Pring__",-18.47,-43.594,0,"장덕춘_",-11.411,-65.309,0,"HANA_ARASHI",15.874,-40.767,0,"Yaksok~",14.155,-62.723,0,"소솨소솨",37.704,-83.814,0,"ke ro",2.106,-110.692,0,"Kr_Luna",-36.902,-86.495,0,3631.371,-0.295,-20.043,3633.837,2,"Pring__",-10.769,-40.419,0,0,0,0,0,0,0,2
134,6,0,6,3,0,0,1,0,0,0,255,255,255,59,3656.807,"NABIMan",R,10,73,116,0.287,-0.357,0.027,1.965,-36.461,0,0,-0.491,400,5.227,0,0,1,3,1,L,"눈꽃",190,85,0.496,0,66,0,0,0,0,0,0,0,0,0,0,0,0,0,0,0,0,-0.005,-36.746,0,"_Chun",-0.025,-17.105,0,"Pring__",-21.075,-47.189,0,"장덕춘_",-12.746,-65.304,0,"HANA_ARASHI",23.925,-50.191,0,"Yaksok~",14.907,-62.457,0,"소솨소솨",41.717,-84.202,0,"ke ro",2.186,-105.22,0,"Kr_Luna",-38.544,-82.582,0,0,0,0,0,0,"",0,0,0,0,0,0,0,0,0,0
135,6,0,6,3,0,1,1,0,0,0,255,255,255,60,3668.023,"NABIMan",R,3,77,120,0.159,0.131,0.126,1.909,-36.312,2,0,-333.017,0,9.409,0,0,1,3,1,L,"눈꽃",190,85,0.496,3,66,3669.117,255,23,148,104,95,150,130,25.451,28.438,0.64,0.011,-0.034,0.087,0,0.377,-0.349,-36.558,0,"_Chun",0.05,-17.177,0,"Pring__",-20.289,-45.966,0,"장덕춘_",-12.726,-65.2,0,"HANA_ARASHI",23.626,-49.859,0,"Yaksok~",14.936,-62.508,0,"소솨소솨",42.142,-83.963,0,"ke ro",2.588,-102.632,0,"Kr_Luna",-38.542,-82.583,0,3673.56,-58.813,-109.222,3675.515,8,"Kr_Luna",-49.205,-104.634,1,0,0,0,0,0,0,2
136,6,0,6,3,0,0,1,0,1,0,255,10,255,61,3703.016,"NABIMan",R,27,87,140,-2.119,-0.839,-0.212,1.687,-36.143,2,0,57.033,-140.528,10.129,0,0,1,4,4,R,"magimari",190,94.666,0.554,2,66,3704.045,251,28,148,127,72,150,108,-30,48.788,0.05,-0.036,-0.026,0.096,0,0.761,-0.178,-36.399,0,"_Chun",-0.023,-17.067,0,"Pring__",-19.516,-44.062,0,"장덕춘_",-13.094,-64.903,0,"HANA_ARASHI",20.57,-47.216,0,"Yaksok~",5.195,-59.217,0,"소솨소솨",33.442,-92.353,0,"ke ro",-3.558,-115.659,0,"Kr_Luna",-44.171,-88.211,0,3703.882,-1.679,-21.799,0,0,"",0,0,0,0,0,0,0,0,0,3
137,6,0,6,3,0,1,1,0,1,0,255,10,255,62,3717.541,"NABIMan",R,10,88,128,-1.851,-1.482,-0.172,1.724,-36.198,4,0,0,400,17.955,0,0,1,4,4,R,"magimari",190,94.666,0.554,0,44,0,0,0,0,0,0,0,0,0,0,0,0,0,0,0,0,0.287,-36.945,0,"_Chun",-0.101,-17.067,0,"Pring__",-20.346,-45.288,0,"장덕춘_",-14.407,-64.345,0,"HANA_ARASHI",20.718,-46.977,0,"Yaksok~",6.288,-59.767,0,"소솨소솨",35.442,-89.648,0,"ke ro",-1.667,-105.084,0,"Kr_Luna",-45.96,-87.534,0,0,0,0,0,0,"",0,0,0,0,0,0,0,0,0,0
138,6,0,6,3,0,2,1,0,1,0,255,10,255,63,3729.322,"NABIMan",R,26,83,136,-0.592,-0.125,-0.069,1.82,-36.29,2,0,48.455,-159.609,7.697,0,0,1,4,4,R,"magimari",190,94.666,0.554,2,44,3730.42,213,20,114,132,65,150,91,42.745,27.255,-0.77,-0.041,-0.05,0.055,0,0.512,-0.388,-36.548,0,"_Chun",-0.015,-17.039,0,"Pring__",-19.922,-43.901,0,"장덕춘_",-14.401,-64.416,0,"HANA_ARASHI",20.352,-45.696,0,"Yaksok~",5.912,-59.568,0,"소솨소솨",36.001,-90.592,0,"ke ro",0.671,-109.181,0,"Kr_Luna",-45.974,-87.525,0,3735.526,-31.002,-80.585,3735.682,8,"Kr_Luna",-30.468,-79.526,0,0,0,0,0,0,0,1
139,6,0,6,3,0,0,2,0,1,0,255,10,255,64,3755.828,"NABIMan",R,26,88,140,-3.283,-2.749,-0.328,1.449,-36.101,4,0,89.715,-200,35.639,-0.611,-19.935,1,5,6,R,"아침땅_",160,95,0.5,0,66,0,0,0,0,0,0,0,0,0,0,0,0,0,0,0,0,-0.411,-36.208,0,"_Chun",-0.203,-16.915,0,"Pring__",-21.202,-41.639,0,"장덕춘_",-14.588,-64.261,0,"HANA_ARASHI",21.574,-47.582,0,"Yaksok~",7.639,-61.218,0,"소솨소솨",34.91,-91.511,0,"ke ro",-2.744,-108.432,0,"Kr_Luna",-42.671,-89.612,0,0,0,0,0,0,"",0,0,0,0,0,0,0,0,0,0
140,6,0,6,3,0,1,2,0,1,0,255,10,255,65,3766.11,"NABIMan",R,26,82,134,-1.569,-1.368,-0.174,1.654,-36.123,1,0,98.172,-159.123,12.379,0,0,0,5,6,R,"아침땅_",160,95,0.5,0,34,0,0,0,0,0,0,0,0,0,0,0,0,0,0,0,0,0.057,-36.681,0,"_Chun",-0.112,-17.071,0,"Pring__",-19.951,-42.588,0,"장덕춘_",-14.451,-64.41,0,"HANA_ARASHI",20.946,-50.086,0,"Yaksok~",8.874,-62.052,0,"소솨소솨",36.091,-92.898,0,"ke ro",-2.891,-108.43,0,"Kr_Luna",-42.603,-89.616,0,0,0,0,0,0,"",0,0,0,0,0,0,0,0,0,0
141,6,0,6,3,0,1,2,0,0,1,255,255,10,66,3807.904,"NABIMan",R,27,97,140,-4.849,-2.97,-0.473,1.4,-36.072,1,0,84.744,-132.14,23.234,-0.881,-21.068,0,5,6,R,"아침땅_",160,95,0.5,0,34,0,0,0,0,0,0,0,0,0,0,0,0,0,0,0,0,-0.025,-36.645,0,"_Chun",-0.223,-17.077,0,"Pring__",-19.593,-40.28,0,"장덕춘_",-14.547,-64.262,0,"HANA_ARASHI",21.711,-46.914,0,"Yaksok~",9.735,-64.338,0,"소솨소솨",38.965,-89.183,0,"ke ro",-1.003,-107.866,0,"Kr_Luna",-45.639,-91.353,0,0,0,0,0,0,"",0,0,0,0,0,0,0,0,0,0
142,6,0,6,3,1,1,2,0,0,1,255,255,10,67,3817.239,"NABIMan",R,10,70,114,0.361,-1.457,0.034,1.838,-36.379,1,0,0,400,7.162,0.072,-18.053,0,5,6,R,"아침땅_",160,95,0.5,0,34,0,0,0,0,0,0,0,0,0,0,0,0,0,0,0,0,0.565,-36.78,0,"_Chun",0.025,-17.078,0,"Pring__",-19.571,-40.811,0,"장덕춘_",-14.54,-64.325,0,"HANA_ARASHI",25.039,-47.457,0,"Yaksok~",8.956,-64.571,0,"소솨소솨",40.228,-87.645,0,"ke ro",-0.855,-107.887,0,"Kr_Luna",-45.728,-91.323,0,0,0,0,0,0,"",0,0,0,0,0,0,0,0,0,0
143,6,0,6,3,2,1,2,0,0,1,255,255,10,68,3829.264,"NABIMan",R,26,64,120,4.931,-0.783,0.44,1.728,-36.343,3,0,77.252,-192.359,-0.629,1.148,-20.624,0,5,6,R,"아침땅_",160,95,0.5,0,34,0,0,0,0,0,0,0,0,0,0,0,0,0,0,0,0,0.475,-37.25,0,"_Chun",0.724,-18.274,0,"Pring__",-19.493,-40.095,0,"장덕춘_",-14.527,-64.331,0,"HANA_ARASHI",22.764,-47.687,0,"Yaksok~",9.966,-64.271,0,"소솨소솨",38.628,-89.003,0,"ke ro",-0.846,-107.918,0,"Kr_Luna",-45.568,-91.374,0,0,0,0,0,0,"",0,0,0,0,0,0,0,0,0,6
144,6,0,6,3,0,0,2,1,0,1,15,255,10,69,3857.234,"NABIMan",R,26,85,139,-3.403,-2.171,-0.336,1.424,-36.149,1,0,71.895,-184.437,30.377,-0.643,-19.187,0,6,2,L,"encounter v",190,86,0.447,0,66,0,0,0,0,0,0,0,0,0,0,0,0,0,0,0,0,0.227,-36.674,0,"_Chun",-0.065,-17.078,0,"Pring__",-19.03,-40.486,0,"장덕춘_",-10.942,-62.597,0,"HANA_ARASHI",21.866,-46.479,0,"Yaksok~",16.439,-61.919,0,"소솨소솨",43.651,-88.943,0,"ke ro",8.16,-111.228,0,"Kr_Luna",-45.889,-91.292,0,0,0,0,0,0,"",0,0,0,0,0,0,0,0,0,0
145,6,0,6,3,1,0,2,0,1,1,255,15,10,70,3874.108,"NABIMan",R,27,79,129,-2.83,-0.959,-0.049,1.812,-36.366,2,0,10.911,-145.96,4.605,0,0,1,6,2,L,"encounter v",190,86,0.447,3,66,3875.253,248,16,119,105,68,150,88,43.18,-41.77,-0.79,0.004,-0.153,0.297,0,0.507,-0.462,-36.327,0,"_Chun",-0.028,-17.123,0,"Pring__",-19.986,-46.403,0,"장덕춘_",-0.633,-60.661,0,"HANA_ARASHI",23.512,-48.904,0,"Yaksok~",16.035,-62.273,0,"소솨소솨",39.732,-86.738,0,"ke ro",8.829,-108.847,0,"Kr_Luna",-32.657,-101.444,0,3879.949,51.726,-64.64,0,0,"",0,0,0,0,0,0,0,0,0,3
146,6,0,6,3,1,1,2,0,1,1,255,15,10,71,3891.65,"NABIMan",R,5,72,122,1.764,0.364,0.202,1.959,-36.426,2,0,-110.973,12.359,12.399,0,0,1,6,2,L,"encounter v",190,86,0.447,3,66,3892.769,218,15,133,104,39,150,126,33.223,6.965,0.4,0.011,-0.149,0.195,0,0.505,-0.211,-36.416,0,"_Chun",0.043,-17.157,0,"Pring__",-20.503,-44.464,0,"장덕춘_",-3.755,-62.807,0,"HANA_ARASHI",24.629,-49.496,0,"Yaksok~",15.635,-63.095,0,"소솨소솨",43.403,-84.604,0,"ke ro",3.421,-108.166,0,"Kr_Luna",-34.353,-101.756,0,3898.56,-5.31,-132.339,3899.604,7,"ke ro",-5.279,-132.445,1,0,0,0,0,0,0,2
147,6,0,6,5,0,0,2,0,1,0,255,15,255,72,3930.678,"NABIMan",R,26,81,133,-0.213,0.1,-0.042,1.843,-36.276,0,0,75.494,-200,15.327,0,0,0,7,5,R,"それいゆ るな",160,86.073,0.433,0,66,0,0,0,0,0,0,0,0,0,0,0,0,0,0,0,0,0.322,-36.019,0,"_Chun",0.056,-17.212,0,"Pring__",-21.784,-47.666,0,"장덕춘_",-13.01,-63.995,0,"HANA_ARASHI",23.626,-46.432,0,"Yaksok~",8.298,-61.596,0,"소솨소솨",35.498,-91.875,0,"ke ro",-5.988,-106.539,0,"Kr_Luna",-49.336,-90.569,0,0,0,0,0,0,"",0,0,0,0,0,0,0,0,0,0
148,6,0,6,5,0,1,2,0,1,0,255,15,255,73,3940.584,"NABIMan",R,10,73,116,-0.159,-0.162,-0.015,2.009,-36.404,2,0,0,400,22.378,0,0,1,7,5,R,"それいゆ るな",160,86.073,0.433,2,66,3941.78,238,5,103,39,16,150,94,-30,43.46,0.93,0.059,0.034,0.204,0,0.137,-0.29,-36.626,0,"_Chun",0.047,-17.348,0,"Pring__",-22.115,-48.361,0,"장덕춘_",-12.791,-64.111,0,"HANA_ARASHI",22.646,-47.343,0,"Yaksok~",8.926,-61.084,0,"소솨소솨",36.019,-87.645,0,"ke ro",-1.356,-108.242,0,"Kr_Luna",-49.335,-90.533,0,3941.626,-0.951,-20.245,3943.237,2,"Pring__",-19.757,-44.832,0,0,0,0,0,0,0,2
149,7,1,6,5,0,0,0,0,0,0,255,255,255,71,3982.716,"주저하는 연인들을 위해",R,0,52,111,-2.949,-1.25,-0.174,1.7,-36.662,1,0,0,0,0,0,0,0,0,4,R,"HANA_ARASHI",190,84.783,0.252,0,49,0,0,0,0,0,0,0,0,0,0,0,0,0,0,0,0,-0.273,-37.718,0,"눈꽃",-0.122,-16.961,0,"encounter v",-22.239,-49.691,0,"vovopo 보보포",-12.688,-63.749,0,"magimari",21.45,-46.835,0,"それいゆ るな",13.076,-64.905,0,"아침땅_",35.859,-87.3,0,"ByeolBam",-0.274,-110.879,0,"Pugeuk",-41.844,-94.729,0,0,0,0,0,0,"",0,0,0,0,0,0,0,0,0,0
150,7,1,6,5,1,0,0,0,0,0,255,255,255,72,3995.927,"주저하는 연인들을 위해",R,0,42,102,2.082,0.301,0.159,1.785,-37.353,2,0,0,0,0,0,0,1,0,4,R,"HANA_ARASHI",190,84.783,0.252,3,49,3997.181,144,23,144,152,51,150,91,42.861,40.392,-0.8,0.024,-0.031,0.225,0,0.62,-0.402,-37.457,0,"눈꽃",0.003,-16.442,0,"encounter v",-21.784,-50.28,0,"vovopo 보보포",-14.807,-63.811,0,"magimari",21.377,-46.783,0,"それいゆ るな",12.985,-64.723,0,"아침땅_",35.889,-87.32,0,"ByeolBam",0.078,-111.709,0,"Pugeuk",-41.452,-95.426,0,4001.86,-52.164,-68.03,0,0,"",0,0,0,0,0,0,0,0,0,3
151,7,1,6,5,1,1,0,0,0,0,255,255,255,73,4021.131,"주저하는 연인들을 위해",R,0,43,104,0.081,-0.643,0.17,1.573,-37.167,2,0,0,0,0,0,0,1,0,4,R,"HANA_ARASHI",190,84.783,0.252,3,50,4022.349,184,9,123,138,82,150,103,-8.212,6.215,0.93,-0.029,-0.091,0.089,0,0.71,-0.314,-37.063,0,"눈꽃",-0.026,-16.913,0,"encounter v",-22.51,-50.376,0,"vovopo 보보포",-16.032,-63.701,0,"magimari",21.133,-47.978,0,"それいゆ るな",13.544,-62.158,0,"아침땅_",35.325,-84.955,0,"ByeolBam",0.185,-107.56,0,"Pugeuk",-40.172,-89.515,0,4022.304,-0.529,-26.025,4025.815,7,"ByeolBam",-7.569,-92.808,1,0,0,0,0,0,0,2
152,7,1,6,5,0,0,0,0,1,0,255,4,255,74,4062.075,"주저하는 연인들을 위해",R,0,59,116,-0.854,-0.19,-0.079,1.601,-36.595,0,0,0,0,0,0,0,0,1,0,L,"NABIMan",190,89.844,0.499,0,36,0,0,0,0,0,0,0,0,0,0,0,0,0,0,0,0,-0.304,-38.019,0,"눈꽃",-0.009,-16.997,0,"encounter v",-21.509,-49.959,0,"vovopo 보보포",-8.942,-65.66,0,"magimari",21.474,-47.772,0,"それいゆ るな",11.908,-62.042,0,"아침땅_",40.976,-83.775,0,"ByeolBam",1.112,-106.094,0,"Pugeuk",-31.332,-85.485,0,0,0,0,0,0,"",0,0,0,0,0,0,0,0,0,0
153,7,1,6,5,0,1,0,0,1,0,255,4,255,75,4074.78,"주저하는 연인들을 위해",R,38,39,99,0.574,-0.459,0.196,1.641,-36.777,2,0,0,0,0,0,0,1,1,0,L,"NABIMan",190,89.844,0.499,3,36,4076.043,255,22,0,0,0,11,33,-76.698,-73.537,0.85,-0.024,-0.085,0,0.19,0.86,-0.006,-37.954,0,"눈꽃",-0.035,-17.154,0,"encounter v",-21.332,-49.935,0,"vovopo 보보포",-10.454,-65.058,0,"magimari",21.229,-46.585,0,"それいゆ るな",10.508,-62.915,0,"아침땅_",41.61,-83.343,0,"ByeolBam",0.848,-106.573,0,"Pugeuk",-35.252,-97.141,0,4075.804,0.499,-18.091,0,0,"",0,0,0,0,0,0,0,0,0,3
154,7,1,6,5,0,2,0,0,1,0,255,4,255,76,4091.517,"주저하는 연인들을 위해",R,0,52,111,-0.934,-1.544,-0.065,1.569,-36.667,2,0,0,0,0,0,0,1,1,0,L,"NABIMan",190,89.844,0.499,3,36,4092.543,230,13,93,117,44,150,122,6.418,34.912,0.56,0.075,-0.193,0.137,0,0.616,-0.432,-37.339,0,"눈꽃",-0.028,-17.019,0,"encounter v",-22.042,-50.844,0,"vovopo 보보포",-7.611,-66.256,0,"magimari",21.055,-46.263,0,"それいゆ るな",12.299,-61.863,0,"아침땅_",41.155,-83.233,0,"ByeolBam",0.968,-111.562,0,"Pugeuk",-39.602,-89.47,0,4093.538,-22.88,-52.446,4093.704,2,"encounter v",-19.331,-47.703,0,0,0,0,0,0,0,1
155,7,1,6,5,0,0,2,0,0,0,255,255,255,77,4124.285,"주저하는 연인들을 위해",R,0,45,105,0.031,-2.886,0.035,1.491,-36.902,2,0,0,0,0,0.008,-21.389,1,2,7,R,"ke ro",164.9,80,0.251,2,65,4125.588,31,10,44,32,76,30,38,-8.003,32.95,1,-0.082,-0.109,0,0,0.294,-0.237,-37.364,0,"눈꽃",-0.043,-17.071,0,"encounter v",-21.789,-51.059,0,"vovopo 보보포",-13.606,-65.095,0,"magimari",22.232,-48.504,0,"それいゆ るな",12.688,-62.767,0,"아침땅_",33.566,-84.13,0,"ByeolBam",-1.033,-104.618,0,"Pugeuk",-39.437,-91.239,0,4125.337,-0.146,-20.448,4128.737,2,"encounter v",-12.087,-41.166,0,4,0,0,0,0,0,2
156,7,0,6,5,0,0,0,0,0,0,255,255,255,74,4173.791,"NABIMan",R,26,40,101,1.378,0.816,0.035,1.491,-36.902,0,0,83.945,-194.819,-8.589,0,0,0,8,9,R,"_이누_",190,90.187,0.45,0,65,0,0,0,0,0,0,0,0,0,0,0,0,0,0,0,0,0.174,-38.092,0,"_Chun",-0.307,-17.277,0,"Pring__",-22.939,-49.637,0,"장덕춘_",-13.487,-66.026,0,"HANA_ARASHI",25.295,-50.482,0,"Yaksok~",10.326,-60.341,0,"소솨소솨",46.188,-91.275,0,"ke ro",-0.129,-118.017,0,"Kr_Luna",-36.902,-86.495,0,0,0,0,0,0,"",0,0,0,0,0,0,0,0,0,0
157,7,0,6,5,0,0,0,0,0,0,255,255,255,74,4232.177,"NABIMan",R,27,79,131,12.62,-2.261,0.082,1.912,-36.507,2,0,129.449,-143.639,-0.281,0,0,1,8,9,R,"_이누_",190,90.187,0.45,3,65,4233.24,139,23,29,51,9,77,67,42.939,47.557,-0.31,-0.027,-0.081,0.112,0,0.17,-0.609,-36.349,0,"_Chun",0.026,-16.909,0,"Pring__",-22.942,-49.067,0,"장덕춘_",-13.153,-64.872,0,"HANA_ARASHI",24.019,-51.689,0,"Yaksok~",9.953,-63.041,0,"소솨소솨",43.903,-91.47,0,"ke ro",0.418,-120.718,0,"Kr_Luna",-36.908,-86.506,0,0,0,0,4237.26,2,"Pring__",-36.724,-50.862,0,0,0,0,0,0,0,1
158,7,0,6,5,0,0,1,0,0,0,255,255,255,75,4257.789,"NABIMan",R,27,73,126,0.837,0.106,0.046,1.861,-36.419,0,0,97.792,-125.615,2.091,0,0,0,0,3,L,"vovopo 보보포",159.5,80,0.6,0,65,0,0,0,0,0,0,0,0,0,0,0,0,0,0,0,0,0.691,-36.66,0,"_Chun",-0.007,-16.949,0,"Pring__",-21.355,-47.034,0,"장덕춘_",-13.283,-64.749,0,"HANA_ARASHI",24.276,-50.457,0,"Yaksok~",13.808,-62.81,0,"소솨소솨",43.284,-84.784,0,"ke ro",3.977,-107.806,0,"Kr_Luna",-30.97,-84.503,0,0,0,0,0,0,"",0,0,0,0,0,0,0,0,0,0
159,7,0,6,5,0,1,1,0,0,0,255,255,255,76,4270.398,"NABIMan",R,26,82,134,-0.628,-0.035,-0.08,1.825,-36.368,0,0,73.814,-200,26.806,0,0,0,0,3,L,"vovopo 보보포",159.5,80,0.6,0,65,0,0,0,0,0,0,0,0,0,0,0,0,0,0,0,0,0.525,-36.55,0,"_Chun",-0.051,-16.905,0,"Pring__",-21.349,-47.092,0,"장덕춘_",-13.293,-64.719,0,"HANA_ARASHI",24.602,-50.514,0,"Yaksok~",13.532,-62.942,0,"소솨소솨",42.376,-85.571,0,"ke ro",3.973,-107.813,0,"Kr_Luna",-31.263,-86.039,0,0,0,0,0,0,"",0,0,0,0,0,0,0,0,0,0
160,7,0,6,5,0,2,1,0,0,0,255,255,255,77,4280.915,"NABIMan",R,26,68,123,1.538,0.734,0.11,1.938,-36.429,4,0,99.358,-151.615,4.728,0,0,1,0,3,L,"vovopo 보보포",159.5,80,0.6,0,65,0,0,0,0,0,0,0,0,0,0,0,0,0,0,0,0,0.303,-37.167,0,"_Chun",0.044,-16.947,0,"Pring__",-20.914,-42.994,0,"장덕춘_",-12.693,-64.144,0,"HANA_ARASHI",24.612,-50.525,0,"Yaksok~",12.72,-63.447,0,"소솨소솨",41.663,-85.039,0,"ke ro",3.756,-105.179,0,"Kr_Luna",-31.955,-87.795,0,0,0,0,0,0,"",0,0,0,0,0,0,0,0,0,0
161,7,0,6,5,0,0,2,0,0,0,255,255,255,78,4300.163,"NABIMan",R,27,80,132,1.261,0.335,0.103,1.9,-36.31,0,0,47.973,-146.747,9.282,0,0,0,1,7,R,"ByeolBam",175.3,85,0.5,0,65,0,0,0,0,0,0,0,0,0,0,0,0,0,0,0,0,0.302,-36.361,0,"_Chun",-0.013,-16.937,0,"Pring__",-20.671,-46.564,0,"장덕춘_",-10.957,-65.138,0,"HANA_ARASHI",24.549,-51.107,0,"Yaksok~",10.509,-63.907,0,"소솨소솨",33.067,-93.719,0,"ke ro",0.299,-112.079,0,"Kr_Luna",-43.995,-100.106,0,0,0,0,0,0,"",0,0,0,0,0,0,0,0,0,0
162,7,0,6,5,0,1,2,0,0,0,255,255,255,79,4311.176,"NABIMan",R,26,79,130,-0.017,-0.657,-0.025,1.721,-36.222,2,0,77.784,-200,21.691,0,0,1,1,7,R,"ByeolBam",175.3,85,0.5,3,65,4312.067,152,25,90,138,70,150,105,27.116,29.489,0.07,-0.064,-0.122,0.048,0,0.136,-0.393,-36.663,0,"_Chun",-0.016,-16.967,0,"Pring__",-20.771,-46.473,0,"장덕춘_",-11.738,-65.541,0,"HANA_ARASHI",25.092,-51.505,0,"Yaksok~",10.568,-63.981,0,"소솨소솨",33.093,-93.072,0,"ke ro",2.038,-117.21,0,"Kr_Luna",-43.826,-99.834,0,4316.56,-57.974,-91.117,4317.16,4,"HANA_ARASHI",-57.281,-90.42,0,0,0,0,0,0,0,1
163,8,1,6,5,0,0,0,0,0,0,255,255,255,79,4394.349,"magimari",R,26,80,131,2.357,1.65,0.234,2.023,-36.74,2,0,120.812,-153.818,9.447,0,0,1,3,3,R,"장덕춘_",164.7,94.644,0.8,3,44,4395.167,174,16,59,93,83,140,79,24.918,-13.709,-0.82,-0.059,-0.01,0.051,0,0.262,0.092,-37.537,0,"눈꽃",-0.066,-16.942,0,"encounter v",-21.95,-49.283,0,"vovopo 보보포",-14.925,-51.004,0,"주저하는 연인들을 위해",20.561,-43.262,0,"それいゆ るな",12.565,-61.27,0,"아침땅_",38.087,-84.565,0,"ByeolBam",0.188,-111.354,0,"Pugeuk",-36.578,-86.482,0,4399.004,21.511,-78.044,4399.615,6,"아침땅_",21.467,-77.933,1,0,0,0,0,0,0,2
164,8,1,6,5,0,0,0,1,0,0,3,255,255,80,4422.761,"magimari",R,13,79,117,0.171,-0.524,0.176,1.895,-36.809,0,0,-287.54,400,12.601,0,0,0,4,5,R,"Yaksok~",173.2,89.922,0.303,0,69,0,0,0,0,0,0,0,0,0,0,0,0,0,0,0,0,-0.314,-37.737,0,"눈꽃",0.054,-17.27,0,"encounter v",-17.862,-43.567,0,"vovopo 보보포",-12.205,-60.992,0,"주저하는 연인들을 위해",21.363,-44.477,0,"それいゆ るな",3.721,-63.658,0,"아침땅_",32.453,-84.033,0,"ByeolBam",-0.329,-97.693,0,"Pugeuk",-35.296,-87.326,0,0,0,0,0,0,"",0,0,0,0,0,0,0,0,0,0
165,8,1,6,5,0,1,0,0,1,0,255,3,255,81,4439.133,"magimari",R,26,85,138,-0.187,0.811,0.009,1.912,-36.591,0,0,93.681,-173.012,14.719,0.233,-18.696,1,4,5,R,"Yaksok~",173.2,89.922,0.303,0,69,0,0,0,0,0,0,0,0,0,0,0,0,0,0,0,0,-0.217,-38.087,0,"눈꽃",-0.332,-18.258,0,"encounter v",-18.191,-45.886,0,"vovopo 보보포",-9.754,-63.302,0,"주저하는 연인들을 위해",22.754,-46.184,0,"それいゆ るな",9.3,-65.118,0,"아침땅_",34.448,-84.377,0,"ByeolBam",0.009,-107.687,0,"Pugeuk",-36.552,-88.642,0,0,0,0,0,0,"",0,0,0,0,0,0,0,0,0,0
166,8,1,6,5,0,2,0,0,1,0,255,3,255,82,4455.637,"magimari",R,12,77,126,-1.8,-1.201,-0.099,1.656,-36.619,1,0,-45.019,63.899,16.961,0,0,0,4,5,R,"Yaksok~",173.2,89.922,0.303,0,69,0,0,0,0,0,0,0,0,0,0,0,0,0,0,0,0,-0.201,-37.872,0,"눈꽃",-0.238,-17.468,0,"encounter v",-17.209,-43.758,0,"vovopo 보보포",-8.895,-62.515,0,"주저하는 연인들을 위해",21.198,-42.352,0,"それいゆ るな",3.266,-63.618,0,"아침땅_",34.957,-84.326,0,"ByeolBam",-0.148,-98.159,0,"Pugeuk",-36.714,-88.643,0,0,0,0,0,0,"",0,0,0,0,0,0,0,0,0,0
167,8,1,6,5,1,2,0,0,1,0,255,3,255,83,4469.593,"magimari",R,26,86,140,-0.316,0.654,-0.006,1.885,-36.57,0,0,104.097,-185.007,16.193,0,0,0,4,5,R,"Yaksok~",173.2,89.922,0.303,0,69,0,0,0,0,0,0,0,0,0,0,0,0,0,0,0,0,-0.311,-38.019,0,"눈꽃",-0.063,-17.208,0,"encounter v",-17.934,-45.22,0,"vovopo 보보포",-8.46,-65.631,0,"주저하는 연인들을 위해",21.496,-43.475,0,"それいゆ るな",11.646,-64.868,0,"아침땅_",34.975,-83.767,0,"ByeolBam",-0.059,-110.289,0,"Pugeuk",-36.79,-88.672,0,0,0,0,0,0,"",0,0,0,0,0,0,0,0,0,0
168,8,1,6,5,0,0,1,0,1,0,255,3,255,84,4490.842,"magimari",R,27,80,131,-0.681,0.925,-0.045,1.951,-36.659,2,0,112.608,-132.12,14.394,0,0,0,5,2,L,"Pring__",180.117,94.516,0.485,3,65,4491.543,195,22,73,115,54,150,88,29.623,8.056,0.94,-0.002,-0.042,0.291,0,0.433,-0.342,-37.275,0,"눈꽃",-0.015,-17.294,0,"encounter v",-20.324,-48.747,0,"vovopo 보보포",-0.771,-61.135,0,"주저하는 연인들을 위해",22.511,-44.876,0,"それいゆ るな",12.095,-65.649,0,"아침땅_",43.53,-86.354,0,"ByeolBam",0.344,-107.487,0,"Pugeuk",-33.596,-100.924,0,4495.815,-6.759,-90.925,4496.004,7,"ByeolBam",-6.545,-88.228,0,0,0,0,0,0,0,1
169,8,0,6,5,0,0,0,0,0,0,255,255,255,80,4541.576,"NABIMan",R,27,80,132,-0.974,-0.758,-0.109,1.729,-36.242,0,0,60.068,-139.444,12.221,0,0,1,2,8,R,"Pugeuk",169.8,90.921,0.474,0,65,0,0,0,0,0,0,0,0,0,0,0,0,0,0,0,0,0.169,-37.173,0,"_Chun",-0.077,-17.033,0,"Pring__",-20.36,-45.588,0,"장덕춘_",-10.891,-64.739,0,"HANA_ARASHI",25.657,-49.91,0,"Yaksok~",9.122,-63.79,0,"소솨소솨",30.08,-96.174,0,"ke ro",-1.094,-107.104,0,"Kr_Luna",-36.92,-86.482,0,0,0,0,0,0,"",0,0,0,0,0,0,0,0,0,0
170,8,0,6,5,0,1,0,0,0,0,255,255,255,81,4552.505,"NABIMan",R,27,93,140,-3.477,-2.809,-0.283,1.459,-36.046,2,0,58.731,-138.981,23.338,-0.64,-20.604,1,2,8,R,"Pugeuk",169.8,90.921,0.474,3,65,4553.515,206,15,138,117,28,150,108,-26.778,17.238,0.9,-0.081,-0.114,0.135,0,0.649,-0.107,-36.211,0,"_Chun",-0.003,-17.053,0,"Pring__",-20.352,-45.923,0,"장덕춘_",-10.918,-64.639,0,"HANA_ARASHI",24.387,-50.866,0,"Yaksok~",9.056,-63.786,0,"소솨소솨",25.455,-98.315,0,"ke ro",-0.155,-110.997,0,"Kr_Luna",-38.473,-87.166,0,4554.282,-6.462,-48.408,4555.16,3,"장덕춘_",-8.678,-59.045,0,0,0,0,0,0,0,2
171,8,0,6,5,0,0,1,0,0,0,255,255,255,82,4574.27,"NABIMan",R,26,82,134,0.824,0.148,0.044,1.864,-36.24,0,0,113.22,-190.081,9.245,0.199,-17.877,1,3,1,L,"눈꽃",190,85,0.496,0,65,0,0,0,0,0,0,0,0,0,0,0,0,0,0,0,0,0.733,-36.431,0,"_Chun",0.023,-17.03,0,"Pring__",-21.04,-43.141,0,"장덕춘_",-11.622,-63.997,0,"HANA_ARASHI",23.722,-49.115,0,"Yaksok~",15.42,-61.936,0,"소솨소솨",42.58,-94.541,0,"ke ro",2.022,-114.589,0,"Kr_Luna",-42.413,-97.177,0,0,0,0,0,0,"",0,0,0,0,0,0,0,0,0,0
172,8,0,6,5,0,1,1,0,0,0,255,255,255,83,4586.956,"NABIMan",R,26,88,140,-1.963,2.33,-0.134,1.822,-36.193,2,0,111.664,-179.209,13.065,0,0,1,3,1,L,"눈꽃",190,85,0.496,3,65,4588.013,255,12,74,94,84,150,90,94.703,-81.663,-0.81,0.018,-0.024,0.058,0,0.37,-0.238,-36.416,0,"_Chun",0.022,-17.091,0,"Pring__",-21.752,-47.615,0,"장덕춘_",-12.687,-64.729,0,"HANA_ARASHI",23.813,-49.315,0,"Yaksok~",15.418,-61.942,0,"소솨소솨",42.172,-93.766,0,"ke ro",2.03,-114.583,0,"Kr_Luna",-42.595,-96.58,0,0,0,0,0,0,"",0,0,0,0,0,0,0,0,0,3
173,8,0,6,5,0,2,1,0,0,0,255,255,255,84,4600.587,"NABIMan",R,10,64,112,1.009,-0.424,0.094,1.926,-36.414,2,0,0,317.737,-1.654,0,0,1,3,1,L,"눈꽃",190,85,0.496,3,65,4601.767,255,21,148,90,88,150,114,1.646,35.202,0.9,0.043,-0.043,0.159,0,0.549,-0.38,-36.185,0,"_Chun",0.021,-17.036,0,"Pring__",-20.595,-46.592,0,"장덕춘_",-12.438,-65.141,0,"HANA_ARASHI",24.394,-51.682,0,"Yaksok~",15.52,-63.1,0,"소솨소솨",42.267,-91.452,0,"ke ro",0.759,-113.834,0,"Kr_Luna",-45.861,-92.647,0,4601.804,-9.417,-35.054,4604.393,8,"Kr_Luna",-42.158,-79.214,0,0,0,0,0,0,0,2
174,8,0,6,5,0,0,2,0,0,0,255,255,255,85,4625.862,"NABIMan",R,26,82,134,-2.398,-1.547,-0.22,1.535,-36.074,4,0,-10.017,-200,33.56,0,0,1,4,0,R,"magimari",190,94.666,0.554,0,65,0,0,0,0,0,0,0,0,0,0,0,0,0,0,0,0,0.19,-37.055,0,"_Chun",-0.083,-17.013,0,"Pring__",-19.06,-39.995,0,"장덕춘_",-12.808,-64.954,0,"HANA_ARASHI",24.099,-52.118,0,"Yaksok~",7.95,-64.373,0,"소솨소솨",33.699,-88.945,0,"ke ro",-1.572,-108.134,0,"Kr_Luna",-45.925,-85.213,0,0,0,0,0,0,"",0,0,0,0,0,0,0,0,0,0
175,8,0,6,5,0,1,2,0,0,0,255,255,255,86,4637.267,"NABIMan",R,26,93,140,-0.59,-0.133,-0.077,1.822,-36.196,2,0,81.111,-152.031,15.634,0,0,1,4,0,R,"magimari",190,94.666,0.554,3,65,4638.329,220,22,117,128,53,150,93,11.33,33.133,-0.67,-0.07,-0.066,0.08,0,0.782,0.127,-36.429,0,"_Chun",-0.007,-17.106,0,"Pring__",-21.504,-47.709,0,"장덕춘_",-12.766,-64.912,0,"HANA_ARASHI",25.05,-51.209,0,"Yaksok~",7.95,-64.361,0,"소솨소솨",38.324,-91.14,0,"ke ro",-1.549,-108.122,0,"Kr_Luna",-50.711,-92.636,0,4640.449,-27.929,-67.602,4641.893,8,"Kr_Luna",-35.779,-83.1,1,0,0,0,0,0,0,2
176,8,0,6,5,0,0,2,1,0,0,9,255,255,87,4661.744,"NABIMan",R,26,88,140,-0.481,-0.139,-0.074,1.817,-36.214,0,0,106.056,-187.988,14.536,0,0,0,5,6,R,"아침땅_",160,95,0.5,0,65,0,0,0,0,0,0,0,0,0,0,0,0,0,0,0,0,0.051,-37.086,0,"_Chun",-0.067,-16.981,0,"Pring__",-19.322,-44.048,0,"장덕춘_",-13.585,-65.093,0,"HANA_ARASHI",23.468,-51.007,0,"Yaksok~",10.843,-62.879,0,"소솨소솨",35.024,-89.05,0,"ke ro",0.845,-108.057,0,"Kr_Luna",-46.535,-89.762,0,0,0,0,0,0,"",0,0,0,0,0,0,0,0,0,0
177,8,0,6,5,0,1,2,1,0,0,9,255,255,88,4676.211,"NABIMan",R,26,87,140,-1.495,-1.424,-0.159,1.644,-36.164,2,0,75.6,-175.112,23.239,0,0,1,5,6,R,"아침땅_",160,95,0.5,2,65,4677.105,152,12,111,88,16,150,85,91.979,-87.745,0.93,-0.054,-0.064,0.098,0.048,0.226,-0.378,-36.477,0,"_Chun",-0.078,-16.977,0,"Pring__",-19.84,-44.305,0,"장덕춘_",-13.279,-64.797,0,"HANA_ARASHI",23.217,-50.172,0,"Yaksok~",7.982,-64.004,0,"소솨소솨",36.883,-91.201,0,"ke ro",-0.221,-112.535,0,"Kr_Luna",-45.669,-89.817,0,0,0,0,0,0,"",0,0,0,0,0,0,0,0,0,3
178,8,0,6,5,0,2,2,1,0,0,9,255,255,89,4690.189,"NABIMan",R,26,85,138,-0.757,-0.12,-0.07,1.822,-36.247,0,0,-3.173,-175.894,25.715,0,0,0,5,6,R,"아침땅_",160,95,0.5,0,34,0,0,0,0,0,0,0,0,0,0,0,0,0,0,0,0,0.534,-36.909,0,"_Chun",0.089,-16.86,0,"Pring__",-18.948,-39.445,0,"장덕춘_",-13.383,-64.742,0,"HANA_ARASHI",21.727,-50.804,0,"Yaksok~",12.747,-63.131,0,"소솨소솨",34.994,-87.958,0,"ke ro",-0.095,-109.32,0,"Kr_Luna",-46.215,-90.009,0,0,0,0,0,0,"",0,0,0,0,0,0,0,0,0,0
