id,inn,half,scoreA,scoreB,ball,strk,out,b1,b2,b3,b1Idx,b2Idx,b3Idx,pCnt,pSec,pName,pHand,pType,pPow,spdK,zoneX,zoneY,startX,startY,targetX,targetY,zDist,pitchAngle,call,balk,sH,sV,gyro,plx,plz,bSwing,bIdx,bPos,bZone,bName,bHCm,batLen,batCen,batType,bFps,hSec,rotS,rotL,shS,lgS,prepS,batSpd,ev,ldeg,sdeg,hPos,hMoveX,hMoveY,buntGrip,handDist,PPosX,PPosY,PThrSpd,CName,CPosX,CPosY,CThrSpd,1BName,1BPosX,1BPosY,1BThrSpd,2BName,2BPosX,2BPosY,2BThrSpd,3BName,3BPosX,3BPosY,3BThrSpd,SSName,SSPosX,SSPosY,SSThrSpd,LFName,LFPosX,LFPosY,LFThrSpd,CFName,CFPosX,CFPosY,CFThrSpd,RFName,RFPosX,RFPosY,RFThrSpd,ltSec,lx,lz,cSec,cPos,cPlr,cx,cz,1BSafe,tag,cpSec,sb2Sec,sb3Sec,sbhSec,ass,result
1,1,1,0,0,0,0,0,0,0,0,255,255,255,0,372.582,"Pugeuk",R,26,74,113,-0.148,0.298,0.021,1.527,0.066,1.605,-36.316,19.037,0,0,-89.785,-200,6.17,0,0,0,0,8,R,"양_뭉이",190,100,0.5,0,58,0,0,0,0,0,0,0,0,0,0,0,0,0,0,0,-0.121,-37.072,0,"_Chun",-0.073,-17.315,0,"오띵__",-18.463,-48.433,0,"vovopo 보보포",-12.396,-59.22,0,"Rite_",18.071,-48.63,0,"Amellaid",9.67,-61.32,0,"_송글_",54.607,-92.908,0,"AI",0,-109.84,0,"ゆっち一",-46.35,-94.056,0,0,0,0,0,0,"",0,0,0,0,373.897,,,,0,0
2,1,1,0,0,0,1,0,0,0,0,255,255,255,1,385.329,"Pugeuk",R,28,81,132,-0.227,0.148,-0.021,1.539,-0.097,1.619,-36.334,15.276,2,0,-0.879,-97.757,-0.431,0,0,1,0,8,R,"양_뭉이",190,100,0.5,2,58,386.464,156,68,88,88,41,145,41,-71.37,-30.912,0.09,-0.125,-0.122,0,0.972,-0.181,-36.562,120,"_Chun",-0.016,-17.371,0,"오띵__",-17.982,-48.017,86,"vovopo 보보포",-14.204,-60.415,0,"Rite_",18.026,-48.768,0,"Amellaid",10.376,-61.931,0,"_송글_",54.569,-92.876,0,"AI",0,-109.84,0,"ゆっち一",-46.694,-94.678,0,386.33,0.148,-19.762,388.73,0,"Pugeuk",1.366,-31.335,0,0,,,,,132,2
3,1,1,0,0,0,0,1,0,0,0,255,255,255,2,414.977,"Pugeuk",R,3,75,119,0.004,-0.249,0.245,1.658,0.459,1.448,-36.539,35.797,2,0,-331.501,0,8.246,0,0,1,1,4,R,"SUGUN",180.7,90,0.295,3,57,415.918,255,97,122,63,27,145,89,0.189,-2.706,-0.71,-0.039,-0.009,0,0.439,-0.49,-37.023,0,"_Chun",-0.05,-17.321,0,"오띵__",-17.777,-46.791,0,"vovopo 보보포",-14.064,-60.413,86,"Rite_",19.663,-50.061,0,"Amellaid",10.498,-63.493,0,"_송글_",54.545,-92.855,0,"AI",0,-109.84,0,"ゆっち一",-44.346,-87.428,0,420.163,-1.468,-91.294,423.197,3,"vovopo 보보포",-0.183,-63.203,1,0,,,,,5,2
4,1,1,0,0,0,0,1,1,0,0,4,255,255,3,440.652,"Pugeuk",R,27,83,136,4.814,-1.172,0.072,1.585,0.335,1.789,-36.367,25.936,2,0,-5.076,-109.961,3.728,0,0,1,2,7,R,"mungjungh",160,80,0.501,2,57,441.654,224,168,113,64,47,145,79,26.867,24.514,-0.86,-0.029,-0.1,0,0.167,-0.226,-36.693,0,"_Chun",0.093,-17.462,0,"오띵__",-18.64,-45.356,0,"vovopo 보보포",-13.52,-60.309,84,"Rite_",19.243,-50,0,"Amellaid",10.813,-63.384,0,"_송글_",51.605,-91.109,0,"AI",0,-109.84,0,"ゆっち一",-44.762,-90.779,108,445.819,-31.773,-75.304,446.13,8,"ゆっち一",-31.553,-74.94,1,0,,449.517,,,21,2
5,1,1,0,0,0,0,2,1,0,0,4,255,255,4,474.297,"Pugeuk",R,6,88,126,-1.309,-0.575,-0.251,1.441,-1.166,1.271,-36.292,12.451,0,0,495.02,0,22.136,-0.107,-17.786,0,3,6,L,"CAT tourniquet",174.8,82.571,0.454,0,56,0,0,0,0,0,0,0,0,0,0,0,0,0,0,0,-0.313,-37.873,0,"_Chun",0.437,-17.335,102,"오띵__",-19.275,-43.492,0,"vovopo 보보포",-5.583,-60.869,0,"Rite_",19.062,-49.467,0,"Amellaid",10.952,-65.67,0,"_송글_",54.17,-91.886,0,"AI",0,-109.84,0,"ゆっち一",-42.598,-88.091,0,0,0,0,0,0,"",0,0,0,0,477.597,478.142,,,0,0
6,1,1,0,0,0,1,2,0,1,0,255,7,255,5,493.048,"Pugeuk",R,29,82,135,-1.587,1.056,0.044,1.54,0.203,1.62,-36.222,32.62,2,0,-250,-23.518,21.996,0,0,1,3,6,L,"CAT tourniquet",174.8,82.571,0.454,3,56,494.183,206,34,88,58,25,145,84,-31.351,-12.755,-0.87,0.023,-0.1,0,0.345,-0.573,-36.979,0,"_Chun",0.044,-17.378,0,"오띵__",-17.64,-46.403,0,"vovopo 보보포",-11.277,-59.828,0,"Rite_",19.648,-48.389,90,"Amellaid",12.428,-62.954,95,"_송글_",54.201,-91.884,0,"AI",0,-109.84,0,"ゆっち一",-43.195,-90.822,0,493.963,0.228,-20.695,496.419,5,"Amellaid",7.888,-54.908,1,4,528.73,,498.353,,482,2
7,1,0,0,0,0,0,0,0,0,0,255,255,255,0,575.299,"소솨소솨",R,28,78,129,0.123,1.91,0.038,1.757,-0.019,2.508,-36.594,20.084,4,0,47.164,-86.196,0,0,0,1,0,5,L,"Amellaid",159.7,95,0.353,0,56,0,0,0,0,0,0,0,0,0,0,0,0,0,0,0,-0.033,-37.919,0,"HANA_ARASHI",-0.048,-17.489,120,"Kr_Luna",-21.248,-48.367,0,"눈꽃",-9.511,-66.231,0,"SUGUN",19.79,-51.734,0,"じゃがー",11.816,-64.542,0,"CAT tourniquet",35.298,-98.27,0,"mungjungh",0.064,-105.039,0,"양_뭉이",-42.655,-88.393,0,0,0,0,0,0,"",0,0,0,0,576.541,,,,0,0
8,1,0,0,0,0,1,0,0,0,0,255,255,255,1,586.122,"소솨소솨",R,28,78,129,-1.85,-1.776,-0.077,1.502,-0.837,0.549,-36.654,13.488,1,0,22.053,-88.929,0,-0.483,-18.36,0,0,5,L,"Amellaid",159.7,95,0.353,0,56,0,0,0,0,0,0,0,0,0,0,0,0,0,0,0,0.023,-37.979,0,"HANA_ARASHI",-0.601,-17.742,0,"Kr_Luna",-21.207,-47.983,0,"눈꽃",-9.419,-66.526,0,"SUGUN",19.706,-51.818,0,"じゃがー",11.617,-65.191,0,"CAT tourniquet",35.241,-98.439,0,"mungjungh",0.106,-104.948,0,"양_뭉이",-42.37,-88.423,0,0,0,0,0,0,"",0,0,0,0,588.83,,,,0,0
9,1,0,0,0,1,1,0,0,0,0,255,255,255,2,597.254,"소솨소솨",R,28,81,132,0.367,1.652,0.062,1.72,0.093,2.366,-36.557,20.535,2,0,44.988,-95.769,0,0,0,1,0,5,L,"Amellaid",159.7,95,0.353,3,56,598.123,160,106,70,65,0,140,99,26.726,15.436,0.88,-0.035,0.007,0,0.095,0.071,-37.379,0,"HANA_ARASHI",-0.089,-17.493,0,"Kr_Luna",-20.222,-51.004,0,"눈꽃",-9.536,-66.276,97,"SUGUN",19.685,-51.864,0,"じゃがー",11.837,-65.594,0,"CAT tourniquet",35.221,-98.429,0,"mungjungh",0.167,-105.014,0,"양_뭉이",-42.631,-88.25,110,0,0,0,602.774,8,"양_뭉이",-33.899,-91.304,0,0,,,,,289,1
10,1,0,0,0,0,0,1,0,0,0,255,255,255,3,623.009,"소솨소솨",R,27,85,139,0.969,0.906,0.12,1.617,0.362,1.967,-36.506,16.64,0,0,48.46,-109.133,0,0,0,1,1,4,R,"Rite_",160,84.757,0.5,0,56,0,0,0,0,0,0,0,0,0,0,0,0,0,0,0,-0.087,-37.932,0,"HANA_ARASHI",0.002,-17.2,0,"Kr_Luna",-20.258,-50.907,0,"눈꽃",-14.762,-64.326,0,"SUGUN",20.971,-52.464,0,"じゃがー",11.157,-65.588,0,"CAT tourniquet",35.145,-98.012,0,"mungjungh",0.548,-110.617,0,"양_뭉이",-43.356,-91.271,0,0,0,0,0,0,"",0,0,0,0,624.308,,,,0,0
11,1,0,0,0,0,1,1,0,0,0,255,255,255,4,637.318,"소솨소솨",R,28,77,129,0.026,-1.26,0.045,1.326,0.013,0.848,-36.476,17.171,2,0,-2.092,-78.709,0,0,0,1,1,4,R,"Rite_",160,84.757,0.5,3,56,638.356,255,144,121,106,92,145,122,-14.766,-5.221,0.67,-0.053,-0.105,0,0.267,0.256,-37.266,0,"HANA_ARASHI",-0.055,-16.999,0,"Kr_Luna",-20.37,-50.854,80,"눈꽃",-14.642,-64.361,0,"SUGUN",21.851,-53.959,0,"じゃがー",11.197,-65.644,97,"CAT tourniquet",35.16,-98.038,0,"mungjungh",-3.619,-110.592,0,"양_뭉이",-43.277,-91.105,0,638.163,0.118,-20.132,640.086,5,"じゃがー",4.832,-65.756,1,0,,,,,400,2
12,1,0,0,0,0,0,1,1,0,0,14,255,255,5,666.59,"소솨소솨",R,28,80,131,0.845,1.06,0.108,1.671,0.305,2.13,-36.52,19.816,2,0,47.208,-88.515,0,0,0,1,2,6,R,"_송글_",175,90,0.315,3,56,667.584,213,20,50,34,15,133,76,-19.49,35.974,-0.91,-0.027,-0.059,0,0.18,0.011,-37.534,0,"HANA_ARASHI",-0.036,-17.285,0,"Kr_Luna",-20.641,-46.331,103,"눈꽃",-16.343,-59.929,0,"SUGUN",21.625,-53.429,0,"じゃがー",8.795,-65.288,106,"CAT tourniquet",34.337,-103.091,0,"mungjungh",-1.505,-112.317,0,"양_뭉이",-43.928,-91.566,0,667.486,-2.219,-21.57,669.208,2,"Kr_Luna",-17.463,-42.37,0,0,,672.719,,,400,2
13,2,1,0,0,0,0,0,0,0,0,255,255,255,6,706.9,"Pugeuk",R,3,76,116,0.508,0.013,0.177,1.68,0.39,1.823,-36.556,36.101,2,0,-412.426,170.91,17.483,0,0,1,4,5,R,"じゃがー",174.3,82.879,0.499,3,56,708.115,145,152,84,53,40,141,107,20.546,3.184,0.85,-0.043,-0.088,0,0.511,-0.422,-37.557,0,"_Chun",0.016,-17.087,0,"오띵__",-17.345,-46.391,0,"vovopo 보보포",-14.147,-60.434,95,"Rite_",18.197,-49.753,0,"Amellaid",9.146,-62.791,0,"_송글_",44.57,-90.056,0,"AI",0,-109.843,0,"ゆっち一",-49.217,-93.069,0,715.719,-30.991,-123.948,0,0,"",0,0,1,0,,718.318,,,136,2
14,2,1,0,0,0,0,0,0,1,0,255,5,255,7,740.383,"Pugeuk",R,29,85,138,-1.106,-0.55,-0.06,1.406,-0.281,1.11,-36.334,24.019,0,0,-250,-200,40.586,0,0,0,5,3,L,"눈꽃",162.7,89.906,0.496,0,57,0,0,0,0,0,0,0,0,0,0,0,0,0,0,0,-0.07,-37.966,0,"_Chun",0.001,-17.131,107,"오띵__",-18.879,-46.28,0,"vovopo 보보포",-6.133,-60.412,0,"Rite_",19.604,-48.357,0,"Amellaid",15.164,-64.101,0,"_송글_",50.766,-95.024,0,"AI",0,-109.842,0,"ゆっち一",-38.196,-99.64,0,0,0,0,0,0,"",0,0,0,0,741.686,743.731,,,0,0
15,2,1,0,0,0,1,0,0,1,0,255,5,255,8,752.999,"Pugeuk",R,26,84,137,2.404,-0.956,0.222,1.574,1.08,0.874,-36.544,34.679,4,0,-27.8,-200,6.159,0.616,-17.893,1,5,3,L,"눈꽃",162.7,89.906,0.496,0,57,0,0,0,0,0,0,0,0,0,0,0,0,0,0,0,-0.247,-38.124,0,"_Chun",0.299,-17.221,105,"오띵__",-18.612,-46.126,0,"vovopo 보보포",-5.879,-59.95,0,"Rite_",19.6,-47.74,0,"Amellaid",14.679,-60.92,0,"_송글_",50.007,-95.691,0,"AI",0,-109.84,0,"ゆっち一",-38.163,-99.678,0,0,0,0,0,0,"",0,0,0,0,756.108,757.301,,,0,0
16,2,1,0,0,0,2,0,0,1,0,255,5,255,9,768.083,"Pugeuk",R,14,80,106,1.065,0.144,-0.168,1.952,-0.186,2.264,-36.593,27.299,2,0,340.626,353.627,-11.383,0,0,1,5,3,L,"눈꽃",162.7,89.906,0.496,3,57,769.379,163,105,77,87,46,145,119,31.449,-7.201,0.7,0.02,-0.048,0,0.28,-0.258,-37.055,0,"_Chun",0.065,-17.261,0,"오띵__",-17.921,-45.994,0,"vovopo 보보포",-7.21,-61.578,73,"Rite_",20.27,-48.661,0,"Amellaid",13.797,-61.192,0,"_송글_",50.111,-95.518,0,"AI",0,-109.843,0,"ゆっち一",-38.368,-99.59,0,779.719,1.621,-66.236,0,0,"",0,0,0,0,,779.916,,,136,1
17,2,1,0,0,0,0,1,0,1,0,255,5,255,10,800.093,"Pugeuk",R,6,88,113,-0.079,-0.576,-0.305,1.382,-0.647,1.264,-36.379,9.923,0,0,434.181,0,21.879,0,0,0,6,1,R,"HANA_ARASHI",190,85.679,0.252,0,57,0,0,0,0,0,0,0,0,0,0,0,0,0,0,0,-0.144,-37.848,0,"_Chun",0.003,-17.194,109,"오띵__",-18.789,-44.244,0,"vovopo 보보포",-10.427,-60.405,0,"Rite_",18.567,-46.38,0,"Amellaid",12.65,-62.031,0,"_송글_",45.224,-96.109,0,"AI",0,-109.842,0,"ゆっち一",-46.031,-93.061,0,0,0,0,0,0,"",0,0,0,0,801.463,803.088,,,0,0
18,2,1,0,0,0,1,1,0,1,0,255,5,255,11,813.245,"Pugeuk",R,27,86,140,-1.563,-0.417,-0.151,1.569,-0.635,1.251,-36.443,16.506,4,0,-31.149,-114.492,11.489,-0.855,-17.365,1,6,1,R,"HANA_ARASHI",190,85.679,0.252,0,57,0,0,0,0,0,0,0,0,0,0,0,0,0,0,0,-0.263,-37.47,0,"_Chun",-0.022,-17.048,103,"오띵__",-18.85,-45.809,0,"vovopo 보보포",-10.71,-59.952,0,"Rite_",20.174,-46.095,0,"Amellaid",8.408,-64.51,0,"_송글_",45.229,-96.085,0,"AI",0,-109.84,0,"ゆっち一",-46.424,-94.157,0,0,0,0,0,0,"",0,0,0,0,816.119,816.092,,,0,0
19,2,1,0,0,0,2,1,0,1,0,255,5,255,12,828.243,"Pugeuk",R,27,86,140,13.105,-0.959,-0.066,1.786,-0.02,2.025,-36.446,20.278,2,0,-70.91,-131.863,1.493,0,0,1,6,1,R,"HANA_ARASHI",190,85.679,0.252,3,57,829.357,168,83,113,67,8,145,103,25.138,40.435,-0.2,0.004,-0.098,0,0.616,-0.305,-37.359,0,"_Chun",0.047,-17.606,0,"오띵__",-17.8,-45.811,0,"vovopo 보보포",-13.02,-60.835,0,"Rite_",19.329,-45.512,0,"Amellaid",7.737,-63.641,0,"_송글_",45.031,-96.301,0,"AI",0,-109.843,0,"ゆっち一",-46.576,-93.855,0,833.93,-71.565,-77.489,0,0,"",0,0,0,0,,837.75,,,128,3
20,2,1,0,0,0,2,1,0,1,0,255,5,255,13,846.852,"Pugeuk",R,26,82,134,-3.504,0.226,-0.294,1.708,-1.52,1.59,-36.503,14.429,4,0,2.191,-177.362,11.809,0,0,1,6,1,R,"HANA_ARASHI",190,85.679,0.252,0,57,0,0,0,0,0,0,0,0,0,0,0,0,0,0,0,-0.243,-37.905,0,"_Chun",-0.145,-17.148,0,"오띵__",-19.132,-45.732,0,"vovopo 보보포",-9.864,-61.37,0,"Rite_",17.658,-46.422,0,"Amellaid",5.693,-63.132,0,"_송글_",41.669,-102.158,0,"AI",0,-109.842,0,"ゆっち一",-44.83,-91.175,0,0,0,0,0,0,"",0,0,0,0,848.163,850.451,,,0,0
21,2,1,0,0,0,0,2,0,1,0,255,5,255,14,869.307,"Pugeuk",R,6,85,125,-0.672,0.161,-0.224,1.568,-1.044,1.711,-36.354,14.79,2,0,500,0,13.93,0,0,0,7,2,L,"Kr_Luna",190,94.58,0.497,3,57,870.173,121,118,137,86,46,138,130,91.179,88.261,0.5,0.017,-0.042,0,0.059,-0.525,-36.963,0,"_Chun",0.057,-17.213,0,"오띵__",-18.807,-46.167,0,"vovopo 보보포",-10.321,-59.817,0,"Rite_",18.52,-47.213,0,"Amellaid",13.619,-63.445,0,"_송글_",46.422,-104.176,0,"AI",0,-109.84,0,"ゆっち一",-46.773,-91.361,0,0,0,0,0,0,"",0,0,0,0,,874.912,,,128,3
22,2,1,0,0,0,1,2,0,1,0,255,5,255,15,883.601,"Pugeuk",R,33,89,140,2.285,-0.241,0.159,1.566,0.826,1.362,-36.532,27.455,1,0,121.065,-114.607,13.978,0.726,-16.883,0,7,2,L,"Kr_Luna",190,94.58,0.497,0,57,0,0,0,0,0,0,0,0,0,0,0,0,0,0,0,-0.167,-37.441,0,"_Chun",0.179,-16.931,0,"오띵__",-17.731,-46.243,0,"vovopo 보보포",-8.215,-60.933,0,"Rite_",20.784,-46.607,0,"Amellaid",13.915,-61.636,0,"_송글_",54.104,-98.667,0,"AI",0,-109.84,0,"ゆっち一",-31.043,-91.175,0,0,0,0,0,0,"",0,0,0,0,886.474,886.212,,,0,0
23,2,1,0,0,1,1,2,0,1,0,255,5,255,16,897.912,"Pugeuk",R,13,81,119,0.979,-1.423,0.272,1.521,1.069,1.083,-36.564,38.301,1,0,-390.434,312.348,19.915,0.033,-17.573,0,7,2,L,"Kr_Luna",190,94.58,0.497,0,57,0,0,0,0,0,0,0,0,0,0,0,0,0,0,0,-0.429,-37.914,0,"_Chun",0.125,-17.169,0,"오띵__",-18.656,-44.859,0,"vovopo 보보포",-8.425,-60.886,0,"Rite_",19.079,-44.805,0,"Amellaid",13.07,-61.57,0,"_송글_",53.818,-98.661,0,"AI",0,-109.84,0,"ゆっち一",-32.403,-88.548,0,0,0,0,0,0,"",0,0,0,0,900.952,901.367,,,0,0
24,2,1,0,0,2,1,2,0,1,0,255,5,255,17,912.978,"Pugeuk",R,27,87,140,-1.665,-1.277,-0.139,1.264,-0.647,0.727,-36.29,18.562,1,0,-57.24,-108.266,12.396,0,0,0,7,2,L,"Kr_Luna",190,94.58,0.497,0,57,0,0,0,0,0,0,0,0,0,0,0,0,0,0,0,-0.333,-37.545,0,"_Chun",0.035,-17.209,0,"오띵__",-18.875,-44.808,0,"vovopo 보보포",-6.692,-61.798,0,"Rite_",18.733,-44.866,0,"Amellaid",13.603,-61.439,0,"_송글_",53.829,-98.611,0,"AI",0,-109.84,0,"ゆっち一",-28.735,-88.621,0,0,0,0,0,0,"",0,0,0,0,913.919,915.879,,,0,0
25,2,1,0,0,3,1,2,0,1,0,255,5,255,18,928.575,"Pugeuk",R,6,72,102,-1.004,-0.936,-0.396,1.272,-1.227,1.053,-36.386,11.707,0,0,392.719,0,24.883,0,0,0,7,2,L,"Kr_Luna",190,94.58,0.497,0,57,0,0,0,0,0,0,0,0,0,0,0,0,0,0,0,-0.129,-37.813,0,"_Chun",0.024,-17.237,0,"오띵__",-18.888,-44.336,0,"vovopo 보보포",-5.673,-61.476,0,"Rite_",18.561,-43.85,0,"Amellaid",12.679,-61.04,0,"_송글_",53.658,-98.775,0,"AI",0,-109.84,0,"ゆっち一",-27.636,-92.472,0,0,0,0,0,0,"",0,0,0,0,929.686,934.873,,,0,0
26,2,1,0,0,3,2,2,0,1,0,255,5,255,19,947.826,"Pugeuk",R,27,89,140,1.892,-0.064,0.14,1.554,0.847,1.461,-36.363,23.615,1,0,-20.497,-134.839,15.342,0.771,-17.41,0,7,2,L,"Kr_Luna",190,94.58,0.497,0,58,0,0,0,0,0,0,0,0,0,0,0,0,0,0,0,0.126,-37.24,0,"_Chun",0.268,-16.783,0,"오띵__",-18.541,-45.158,0,"vovopo 보보포",-8.229,-60.705,0,"Rite_",19.154,-46.683,0,"Amellaid",13.096,-60.937,0,"_송글_",53.739,-98.662,0,"AI",0,-109.84,0,"ゆっち一",-29.28,-94.997,0,0,0,0,0,0,"",0,0,0,0,950.441,953.263,,,0,5
27,2,1,0,0,0,0,2,1,1,0,2,5,255,20,1015.113,"Pugeuk",R,26,86,140,-1.751,-1.224,-0.183,1.346,-0.643,0.706,-36.374,20.081,1,0,-100.796,-166.949,19.54,0,0,0,8,0,R,"소솨소솨",190,80,0.2,0,60,0,0,0,0,0,0,0,0,0,0,0,0,0,0,0,-0.848,-36.996,0,"_Chun",-0.013,-17.262,0,"오띵__",-20.19,-41.438,0,"vovopo 보보포",-11.105,-60.577,0,"Rite_",20.742,-47.471,0,"Amellaid",9.241,-61.78,0,"_송글_",52.525,-98.03,0,"AI",0,-109.84,0,"ゆっち一",-43.238,-90.699,0,0,0,0,0,0,"",0,0,0,0,1016.152,1018.122,,,0,0
28,2,1,0,0,1,0,2,1,1,0,2,5,255,21,1027.675,"Pugeuk",R,10,84,125,-2.942,0.269,-0.319,1.717,-1.483,2.193,-36.366,15.249,1,0,142.723,400,38.55,0,0,0,8,0,R,"소솨소솨",190,80,0.2,0,60,0,0,0,0,0,0,0,0,0,0,0,0,0,0,0,-0.173,-37.547,0,"_Chun",-0.023,-17.225,0,"오띵__",-21.004,-41.524,0,"vovopo 보보포",-12.593,-61.084,0,"Rite_",19.956,-47.588,0,"Amellaid",9.834,-61.716,0,"_송글_",52.604,-98.117,0,"AI",0,-109.84,0,"ゆっち一",-45.773,-95.497,0,0,0,0,0,0,"",0,0,0,0,1028.763,,,,0,0
29,2,1,0,0,2,0,2,1,1,0,2,5,255,22,1041.545,"Pugeuk",R,28,86,140,2.226,0.495,0.184,1.71,0.894,1.842,-36.509,29.887,2,0,51.89,-91.621,16.669,0,0,1,8,0,R,"소솨소솨",190,80,0.2,3,60,1042.506,243,50,3,0,16,19,50,9.345,-34.128,-0.81,-0.004,-0.12,0,0.322,-0.022,-37.221,0,"_Chun",0.038,-17.321,0,"오띵__",-19.262,-45.428,0,"vovopo 보보포",-13.77,-60.691,0,"Rite_",18.928,-47.829,95,"Amellaid",9.072,-63.355,0,"_송글_",52.56,-98.111,0,"AI",0,-109.84,0,"ゆっち一",-44.668,-93.312,0,1043.474,9.54,-32.517,0,0,"",0,0,0,0,,1047.063,1047.891,,322,2
30,2,0,0,0,0,0,0,0,0,0,255,255,255,6,1083.219,"소솨소솨",R,27,83,136,-0.308,1.486,-0.002,1.718,-0.206,2.323,-36.603,18.657,1,0,58.879,-105.563,0,0,0,0,3,3,L,"vovopo 보보포",168.3,80,0.599,0,60,0,0,0,0,0,0,0,0,0,0,0,0,0,0,0,-0.058,-37.842,0,"HANA_ARASHI",-0.086,-17.034,0,"Kr_Luna",-22.222,-51.962,0,"눈꽃",-12.519,-65.318,0,"SUGUN",21.875,-50.937,0,"じゃがー",11.914,-65.198,0,"CAT tourniquet",32.32,-97.946,0,"mungjungh",0.342,-110.447,0,"양_뭉이",-41.345,-90.367,0,0,0,0,0,0,"",0,0,0,0,1084.652,,,,0,0
31,2,0,0,0,1,0,0,0,0,0,255,255,255,7,1096.695,"소솨소솨",R,3,66,111,0.715,0.284,0.43,1.63,1.058,1.77,-36.839,40.209,0,0,-398.406,0,0,0,0,1,3,3,L,"vovopo 보보포",168.3,80,0.599,0,60,0,0,0,0,0,0,0,0,0,0,0,0,0,0,0,0.002,-37.835,0,"HANA_ARASHI",-0.043,-17.07,0,"Kr_Luna",-20.753,-52.137,0,"눈꽃",-12.582,-65.295,0,"SUGUN",22.184,-51.546,0,"じゃがー",11.781,-65.565,0,"CAT tourniquet",32.294,-98.008,0,"mungjungh",0.329,-110.474,0,"양_뭉이",-41.514,-89.959,0,0,0,0,0,0,"",0,0,0,0,1098.241,,,,0,0
32,2,0,0,0,1,1,0,0,0,0,255,255,255,8,1113.807,"소솨소솨",R,0,72,124,0.888,-0.54,0.17,1.591,0.382,1.342,-36.61,12.023,2,0,0,48.033,-2.293,0,0,1,3,3,L,"vovopo 보보포",168.3,80,0.599,3,60,1114.869,255,254,172,98,26,145,122,-0.579,-0.256,0.74,0.035,-0.078,0,0.577,0.133,-37.616,0,"HANA_ARASHI",-0.045,-16.912,0,"Kr_Luna",-20.953,-52.083,0,"눈꽃",-12.547,-65.294,0,"SUGUN",22.196,-51.546,0,"じゃがー",11.774,-65.468,0,"CAT tourniquet",32.411,-98.095,0,"mungjungh",0.324,-110.465,0,"양_뭉이",-41.467,-89.926,0,1115.074,0.504,-35.743,0,0,"",0,0,1,0,,,,,292,2
33,2,0,0,0,0,0,0,1,0,0,13,255,255,9,1153.636,"소솨소솨",R,28,83,136,-0.952,0.389,-0.06,1.574,-0.478,1.781,-36.549,12.405,2,0,53.937,-87.917,0,0,0,1,4,1,L,"_Chun",190,80,0.445,3,60,1154.642,77,71,68,45,39,114,116,-30,-31.408,0.63,-0.066,-0.014,0,0.129,0.072,-37.49,0,"HANA_ARASHI",-0.046,-17.334,0,"Kr_Luna",-18.845,-45.719,0,"눈꽃",-16.808,-62.131,0,"SUGUN",23.066,-53.641,66,"じゃがー",12.191,-65.197,0,"CAT tourniquet",32.418,-102.094,88,"mungjungh",0.563,-113.337,0,"양_뭉이",-38.646,-85.358,0,1154.43,0.851,-20.386,0,0,"",0,0,1,0,,1158.315,,,266,2
34,2,0,0,0,0,0,0,1,1,0,11,13,255,10,1188.083,"소솨소솨",R,28,81,132,-2.927,-1.062,-0.184,1.48,-1.328,0.894,-36.605,5.672,1,0,47.105,-92.692,0,0,0,0,5,8,L,"ゆっち一",175,84.105,0.397,0,60,0,0,0,0,0,0,0,0,0,0,0,0,0,0,0,-0.069,-37.7,0,"HANA_ARASHI",-0.044,-17.121,0,"Kr_Luna",-18.376,-47.116,0,"눈꽃",-5.884,-63.452,0,"SUGUN",22.112,-50.459,0,"じゃがー",15.522,-63.46,0,"CAT tourniquet",38.632,-100.971,0,"mungjungh",4.07,-108.657,0,"양_뭉이",-42.718,-94.759,0,0,0,0,0,0,"",0,0,0,0,1189.319,1191.137,,,0,0
35,2,0,0,0,1,0,0,1,1,0,11,13,255,11,1202.955,"소솨소솨",R,28,85,138,-0.092,0.39,0.02,1.675,-0.111,1.754,-36.633,16.945,2,0,50.565,-76.923,0,0,0,1,5,8,L,"ゆっち一",175,84.105,0.397,3,60,1203.869,164,151,77,63,24,142,122,-15.157,-6.313,0.23,0.05,-0.043,0,0.201,0.087,-37.467,120,"HANA_ARASHI",-0.084,-17.698,0,"Kr_Luna",-19.194,-48.824,0,"눈꽃",-4.002,-61.102,0,"SUGUN",21.466,-46.873,0,"じゃがー",15.244,-63.007,0,"CAT tourniquet",38.636,-100.972,0,"mungjungh",0.886,-110.15,0,"양_뭉이",-41.326,-90.352,0,1203.708,0.511,-22.854,0,0,"",0,0,1,0,,1208.096,1205.832,1210.874,262,2
36,2,0,0,1,0,0,0,1,1,0,18,11,255,12,1236.186,"소솨소솨",R,28,74,126,0.323,-0.362,0.075,1.425,0.15,1.298,-36.583,14.145,2,0,-8.368,-92.029,0,0,0,1,6,2,R,"오띵__",190,80,0.404,3,60,1237.119,255,75,102,42,0,145,130,-30,30.443,0.55,0,-0.04,0,0.315,0.094,-37.579,0,"HANA_ARASHI",-0.041,-17.127,0,"Kr_Luna",-18.813,-45.583,55,"눈꽃",-15.598,-63.325,0,"SUGUN",20.944,-46.65,0,"じゃがー",7.985,-65.246,0,"CAT tourniquet",32.404,-97.05,0,"mungjungh",-0.332,-111.396,0,"양_뭉이",-40.557,-92.793,0,1236.852,-0.72,-20.373,0,0,"",0,0,0,0,,1241.252,1241.665,,384,2
37,2,0,0,1,0,0,1,0,1,1,255,255,11,13,1265.818,"소솨소솨",R,27,84,136,0.262,-0.924,0.062,1.31,0.092,0.923,-36.568,18.258,0,0,13.897,-130.029,0,0,0,0,7,0,R,"Pugeuk",190,86.173,0.398,0,60,0,0,0,0,0,0,0,0,0,0,0,0,0,0,0,0.129,-37.851,0,"HANA_ARASHI",-0.131,-17.57,0,"Kr_Luna",-19.714,-45.632,0,"눈꽃",-17.046,-62.168,0,"SUGUN",19.842,-40.422,0,"じゃがー",10.344,-65.052,0,"CAT tourniquet",36.229,-100.67,0,"mungjungh",1.109,-112.837,0,"양_뭉이",-40.852,-89.349,0,0,0,0,0,0,"",0,0,0,0,1267.274,1267.865,1268.853,,0,0
38,2,0,0,1,0,1,1,0,1,1,255,255,11,14,1285.82,"소솨소솨",R,28,78,129,0.348,-0.108,0.075,1.639,0.093,1.459,-36.663,9.873,2,0,37.686,-78.946,0,0,0,1,7,0,R,"Pugeuk",190,86.173,0.398,3,60,1286.995,218,21,122,60,31,145,130,23.674,-43.133,0.3,0.015,-0.045,0,0.633,0.302,-37.678,0,"HANA_ARASHI",-0.034,-17.419,0,"Kr_Luna",-19.309,-47.425,0,"눈꽃",-16.763,-62.39,0,"SUGUN",20.502,-44.238,76,"じゃがー",9.611,-65.029,0,"CAT tourniquet",36.185,-100.662,85,"mungjungh",0.987,-112.769,0,"양_뭉이",-40.512,-88.935,0,1291.53,55.879,-109.93,0,0,"",0,0,1,0,,1297.313,1291.527,1291.941,266,2
39,2,0,0,1,0,0,1,0,1,0,255,255,255,15,1317.597,"소솨소솨",R,27,81,133,0.918,-0.637,0.123,1.389,0.376,1.135,-36.479,14.809,2,0,16.099,-110.117,0,0,0,0,8,7,R,"Yaksok~",173.1,88.653,0.46,3,59,1318.457,213,135,63,13,0,124,81,-19.842,6.753,0.94,-0.046,0.027,0,0.413,0.171,-37.503,0,"HANA_ARASHI",-0.034,-17.305,0,"Kr_Luna",-19.663,-50.474,64,"눈꽃",-14.193,-63.999,0,"SUGUN",21.176,-46.742,0,"じゃがー",11.338,-65.177,0,"CAT tourniquet",35.452,-95.998,0,"mungjungh",1.386,-114.878,0,"양_뭉이",-43.822,-91.023,0,1318.241,-0.025,-21.119,0,0,"",0,0,0,256,,1322.474,,,384,2
40,2,0,0,3,0,0,2,0,1,0,255,255,255,16,1353.127,"소솨소솨",R,27,84,137,-0.916,0.153,-0.054,1.627,-0.481,1.561,-36.615,11.985,0,0,59.784,-108.882,0,0,0,0,0,5,L,"Amellaid",159.7,95,0.353,0,59,0,0,0,0,0,0,0,0,0,0,0,0,0,0,0,-0.137,-37.883,0,"HANA_ARASHI",-0.118,-17.481,0,"Kr_Luna",-19.126,-51.553,0,"눈꽃",-8.18,-63.666,0,"SUGUN",20.292,-46.777,0,"じゃがー",13.719,-63.882,0,"CAT tourniquet",36.422,-97.63,0,"mungjungh",0.204,-107.608,0,"양_뭉이",-40.731,-89.856,0,0,0,0,0,0,"",0,0,0,0,1354.252,1355.666,,,0,0
41,2,0,0,3,0,1,2,0,1,0,255,255,255,17,1369.745,"소솨소솨",R,27,83,136,-0.904,-0.106,-0.053,1.479,-0.442,1.436,-36.604,7.039,2,0,35.252,-102.547,0,0,0,1,0,5,L,"Amellaid",159.7,95,0.353,3,59,1370.61,183,64,79,49,24,140,115,-30,-46.947,0.75,0.004,-0.055,0,0.12,0.039,-37.499,0,"HANA_ARASHI",-0.075,-17.574,0,"Kr_Luna",-19.131,-51.546,0,"눈꽃",-5.42,-61.777,0,"SUGUN",20.623,-46.372,0,"じゃがー",13.591,-64.362,0,"CAT tourniquet",36.354,-97.705,0,"mungjungh",0.327,-107.308,0,"양_뭉이",-41.651,-89.047,0,1370.397,1.305,-18.743,0,0,"",0,0,0,0,,1375.333,,,256,3
42,2,0,0,3,0,2,2,0,1,0,255,255,255,18,1388.89,"소솨소솨",R,0,56,114,-0.375,-0.335,0.007,1.475,-0.163,1.422,-36.507,12.964,2,0,0,0,0,0,0,1,0,5,L,"Amellaid",159.7,95,0.353,3,59,1389.806,134,83,87,88,65,139,121,26.109,23.279,0.57,-0.004,-0.036,0,0.047,0.114,-37.609,0,"HANA_ARASHI",-0.1,-17.341,0,"Kr_Luna",-18.133,-50.954,0,"눈꽃",-6.222,-63.612,0,"SUGUN",21.144,-47.741,0,"じゃがー",12.719,-64.917,84,"CAT tourniquet",38.844,-98.04,0,"mungjungh",1.48,-107.97,0,"양_뭉이",-39.705,-92.892,118,1395.186,-55.989,-112.046,0,0,"",0,0,1,0,,,1394.633,1399.796,273,2
43,2,0,0,4,0,0,2,1,0,0,15,255,255,19,1436.378,"소솨소솨",R,28,74,126,0.163,-0.292,0.05,1.453,0.037,1.339,-36.523,10.842,2,0,21.782,-83.95,0,0,0,1,1,4,R,"Rite_",160,84,0.5,3,59,1437.367,198,71,104,86,92,145,100,9.464,32.911,0.1,-0.028,-0.122,0,0.278,0.176,-37.587,0,"HANA_ARASHI",-0.079,-17.508,0,"Kr_Luna",-19.622,-49.342,82,"눈꽃",-13.74,-64.496,0,"SUGUN",21.56,-49.499,0,"じゃがー",10.472,-66.155,0,"CAT tourniquet",36.951,-93.862,0,"mungjungh",-0.83,-113.628,0,"양_뭉이",-46.465,-96.927,0,0,0,0,0,0,"",0,0,0,0,,,,,128,1
44,3,1,0,4,0,0,0,0,0,0,255,255,255,23,1468.927,"Pugeuk",R,27,67,122,-0.403,0.459,-0.025,1.716,-0.071,1.752,-36.488,32.533,2,0,-67.537,-131.35,3.853,0,0,1,0,8,R,"양_뭉이",190,100,0.5,2,59,1470.067,151,140,87,105,83,145,38,19.822,-13.174,0.96,-0.095,-0.167,0,0.823,-0.915,-36.902,0,"_Chun",0.015,-17.645,0,"오띵__",-18.25,-47.183,63,"vovopo 보보포",-14.717,-56.505,0,"Rite_",21.414,-49.753,0,"Amellaid",10.358,-65.864,0,"_송글_",47.735,-88.318,0,"Yaksok~",-0.171,-104.807,0,"ゆっち一",-43.07,-98.149,0,1471.73,3.996,-38.581,0,0,"",0,0,1,0,,,,,193,2
45,3,1,0,4,0,0,0,1,0,0,8,255,255,24,1497.34,"Pugeuk",R,6,77,104,2.322,-0.411,-0.158,1.757,0.204,1.705,-36.631,16.002,2,0,415.215,239.018,15.218,0,0,1,1,4,R,"SUGUN",180.7,90,0.295,3,36,1498.339,255,184,164,155,72,145,129,-30,-44.843,0.42,-0.079,0.047,0,0.519,0.028,-37.229,0,"_Chun",0.015,-17.415,0,"오띵__",-19.316,-44.004,0,"vovopo 보보포",-13.685,-60.677,0,"Rite_",19.465,-49.287,69,"Amellaid",9.713,-63.669,0,"_송글_",47.803,-88.257,64,"Yaksok~",-0.624,-103.86,0,"ゆっち一",-44.271,-90.391,0,1498.074,2.025,-21.594,0,0,"",0,0,0,0,,1506.108,,,134,2
46,3,1,0,4,0,1,0,0,1,0,255,8,255,25,1538.86,"Pugeuk",R,14,68,98,1.78,0.034,-0.027,2.069,0.222,2.291,-36.733,33.639,1,0,250.744,400,0.617,0,0,0,1,4,R,"SUGUN",180.7,90,0.295,0,36,0,0,0,0,0,0,0,0,0,0,0,0,0,0,0,-0.136,-37.839,0,"_Chun",0.054,-17.533,104,"오띵__",-20.112,-44.278,0,"vovopo 보보포",-10.147,-60.318,0,"Rite_",19.62,-46.277,0,"Amellaid",9.019,-65.333,0,"_송글_",57.613,-96.535,0,"Yaksok~",-0.178,-105.792,0,"ゆっち一",-41.102,-89.283,0,0,0,0,0,0,"",0,0,0,0,1540.063,,,,0,0
47,3,1,0,4,1,1,0,0,1,0,255,8,255,26,1551.38,"Pugeuk",R,27,80,131,-0.641,-0.603,-0.047,1.565,-0.234,1.114,-36.443,19.615,0,0,-30.654,-135.234,7.958,0,0,0,1,4,R,"SUGUN",180.7,90,0.295,0,36,0,0,0,0,0,0,0,0,0,0,0,0,0,0,0,-0.022,-37.095,0,"_Chun",0.078,-17.549,0,"오띵__",-19.711,-43.943,0,"vovopo 보보포",-12.844,-60.182,0,"Rite_",18.948,-46.024,0,"Amellaid",8.978,-65.324,0,"_송글_",53.339,-87.215,0,"Yaksok~",-0.155,-105.798,0,"ゆっち一",-42.554,-89.19,0,0,0,0,0,0,"",0,0,0,0,1552.397,,,,0,0
48,3,1,0,4,1,2,0,0,1,0,255,8,255,27,1567.067,"Pugeuk",R,32,76,128,3.376,2.459,0.177,1.953,0.985,3.098,-36.722,49.13,3,0,250,-62.38,30.585,0.153,-20.666,0,1,4,R,"SUGUN",180.7,90,0.295,0,36,0,0,0,0,0,0,0,0,0,0,0,0,0,0,0,-0.002,-37.832,0,"_Chun",0.549,-17.997,0,"오띵__",-18.973,-45.938,0,"vovopo 보보포",-12.046,-61.052,0,"Rite_",19.906,-47.551,0,"Amellaid",9.033,-65.389,0,"_송글_",53.337,-87.195,0,"Yaksok~",-0.486,-107.358,0,"ゆっち一",-43.715,-90.772,0,0,0,0,0,0,"",0,0,0,0,1570.497,,,,0,6
49,3,1,0,4,0,0,0,1,1,0,4,8,255,28,1595.422,"Pugeuk",R,26,85,139,2.264,0.01,0.187,1.616,0.883,1.362,-36.512,28.123,4,0,62.258,-200,32.775,0.359,-20.867,1,2,7,R,"mungjungh",160,80,0.501,0,59,0,0,0,0,0,0,0,0,0,0,0,0,0,0,0,0.137,-37.828,0,"_Chun",-0.224,-17.775,0,"오띵__",-12.88,-36.241,0,"vovopo 보보포",-8.093,-45.336,0,"Rite_",19.557,-45.224,0,"Amellaid",8.405,-55.979,0,"_송글_",46.429,-94.406,0,"Yaksok~",-0.478,-107.383,0,"ゆっち一",-44.183,-89.5,0,0,0,0,0,0,"",0,0,0,0,1599.008,1606.539,,,0,0
50,3,1,0,4,0,1,0,1,1,0,4,8,255,29,1610.847,"Pugeuk",R,28,81,133,0.681,0.167,0.046,1.634,0.217,1.519,-36.452,18.871,2,0,36.188,-80.172,10.237,0,0,1,2,7,R,"mungjungh",160,80,0.501,2,59,1611.838,97,28,0,0,0,4,45,-36.013,33.91,0.2,-0.017,-0.014,0.07,0.321,-0.567,-37.252,0,"_Chun",0.014,-17.714,0,"오띵__",-15.467,-39.557,96,"vovopo 보보포",-10.708,-51.982,0,"Rite_",20.445,-46.822,85,"Amellaid",9.405,-61.975,82,"_송글_",46.556,-95.37,0,"Yaksok~",-0.483,-107.375,0,"ゆっち一",-42.908,-87.275,0,1611.652,-0.538,-20.865,0,0,"",0,0,1,0,,1617.12,1616.2,,195,2
51,3,1,0,4,0,0,1,1,1,0,7,4,255,30,1639.101,"Pugeuk",R,27,88,140,-0.937,0.048,-0.068,1.516,-0.318,1.535,-36.343,15.172,2,0,-66.137,-111.38,12.071,0,0,1,3,6,L,"CAT tourniquet",174.8,82.571,0.454,3,58,1640.183,38,18,8,32,33,9,46,36.5,-2.791,0.61,0.084,-0.153,0.476,0.411,-0.178,-36.925,0,"_Chun",0,-17.301,120,"오띵__",-17.879,-43.531,0,"vovopo 보보포",-11.203,-60.216,0,"Rite_",20.312,-48.222,81,"Amellaid",11.543,-61.914,83,"_송글_",46.527,-95.338,0,"Yaksok~",0.409,-104.374,107,"ゆっち一",-44.257,-85.488,0,1643.319,1.148,-46.927,0,0,"",0,0,1,0,1656.608,1645.414,1649.444,,411,2
52,3,1,0,4,0,0,1,1,1,1,6,7,4,31,1683.212,"Pugeuk",R,28,86,140,-0.567,-0.689,-0.075,1.526,-0.281,1.144,-36.416,15.737,2,0,27.429,-67.077,9.811,0,0,1,4,5,R,"じゃがー",174.3,82.879,0.499,3,58,1684.354,181,138,93,70,38,145,91,27.595,29.507,0.93,-0.029,-0.068,0,0.373,-0.313,-37.105,0,"_Chun",-0.017,-17.798,0,"오띵__",-19.456,-44.273,0,"vovopo 보보포",-14.463,-60.572,0,"Rite_",21.41,-50.354,89,"Amellaid",12.523,-63.693,0,"_송글_",45.997,-91.378,0,"Yaksok~",1.793,-103.39,0,"ゆっち一",-41.584,-87.32,0,1688.986,-47.922,-81.658,0,0,"",0,0,0,0,,1686.386,1691.615,,162,1
53,3,1,0,4,0,0,2,1,1,1,6,7,4,32,1712.91,"Pugeuk",R,29,85,139,0.719,-1.414,0.036,1.38,0.686,0.914,-36.361,25.681,2,0,-250,-74.074,19.917,0,0,1,5,3,L,"눈꽃",162.7,89.906,0.496,3,58,1714.046,255,84,82,117,18,145,119,25.518,27.912,0.7,0.016,-0.067,0,0.277,-0.109,-37.105,0,"_Chun",0.005,-17.622,103,"오띵__",-19.303,-44.69,93,"vovopo 보보포",-10.224,-60.762,0,"Rite_",20.931,-47.543,0,"Amellaid",10.837,-61.599,0,"_송글_",43.413,-93.941,0,"Yaksok~",-0.254,-104.097,0,"ゆっち一",-37.698,-96.086,6,1718.419,-33.322,-117.022,0,0,"",0,0,1,0,1732.763,1718.867,1719.318,1720.154,240,2
54,3,1,3,4,0,0,2,0,0,1,255,255,3,33,1756.039,"Pugeuk",R,6,79,106,-0.053,-0.549,-0.376,1.373,-0.885,1.271,-36.404,3.608,2,0,481.818,0,25.351,0,0,1,6,1,R,"HANA_ARASHI",190,85.679,0.252,3,58,1757.247,176,113,89,132,89,145,128,-30,-32.479,0.52,-0.012,-0.131,0,0.566,-0.136,-37.527,0,"_Chun",-0.015,-17.331,0,"오띵__",-20.162,-47.081,117,"vovopo 보보포",-14.672,-61.342,87,"Rite_",19.42,-46.974,0,"Amellaid",6.54,-64.137,0,"_송글_",48.867,-102.255,85,"Yaksok~",1.021,-104.64,0,"ゆっち一",-48.897,-95.258,0,1757.052,0.828,-22.575,0,0,"",0,0,0,0,,,,1762.432,204,2
55,3,1,4,4,0,0,2,1,0,0,1,255,255,34,1806.75,"Pugeuk",R,10,72,116,-0.094,-0.217,-0.089,1.851,-0.053,1.917,-36.615,32.123,2,0,8.071,362.506,-0.156,0,0,0,7,2,L,"Kr_Luna",190,94.58,0.497,3,58,1807.679,112,84,128,91,61,137,128,1.449,-37.644,0.32,0.018,-0.026,0,0.054,-0.556,-36.966,0,"_Chun",-0.036,-17.219,0,"오띵__",-19.84,-42.342,0,"vovopo 보보포",-9.536,-60.633,70,"Rite_",22.169,-48.633,0,"Amellaid",11.939,-62.807,0,"_송글_",47.725,-96.533,76,"Yaksok~",9.12,-110.72,0,"ゆっち一",-39.37,-95.457,0,1808.019,15.475,-38.311,0,0,"",0,0,1,0,,1813.25,,,140,2
56,3,1,4,4,0,0,2,1,1,0,2,1,255,35,1839.67,"Pugeuk",R,29,82,135,-1.183,0.447,-0.058,1.618,-0.27,1.873,-36.344,22.098,0,0,-250,-23.405,30.485,-0.939,-17.162,1,8,9,L,"Pring__",190,94.846,0.477,0,58,0,0,0,0,0,0,0,0,0,0,0,0,0,0,0,0.097,-37.521,0,"_Chun",-0.022,-16.531,107,"오띵__",-20.75,-43.092,0,"vovopo 보보포",-8.211,-59.485,0,"Rite_",20.308,-47.126,0,"Amellaid",14.213,-61.757,0,"_송글_",53.202,-93.413,0,"Yaksok~",1.67,-114.5,0,"ゆっち一",-35.783,-106.608,0,0,0,0,0,0,"",0,0,0,0,1842.863,1842.312,,,0,0
57,3,1,4,4,0,1,2,1,1,0,2,1,255,36,1854.19,"Pugeuk",R,29,82,134,-1.39,0.611,-0.056,1.651,-0.259,1.981,-36.33,25.998,2,0,-250,-13.824,10.938,0,0,1,8,9,L,"Pring__",190,94.846,0.477,3,58,1855.068,217,102,126,119,48,145,106,57.115,24.531,-0.07,-0.031,-0.03,0,0.539,-0.354,-37.213,0,"_Chun",0.056,-17.322,0,"오띵__",-19.464,-46.158,0,"vovopo 보보포",-7.587,-60.785,0,"Rite_",20.222,-45.959,0,"Amellaid",13.38,-62.608,0,"_송글_",53.487,-96.25,0,"Yaksok~",1.66,-114.499,0,"ゆっち一",-35.805,-106.561,0,1861.563,-26.165,-79.809,0,0,"",0,0,0,0,,1860.523,1860.077,,32,1
58,3,0,4,4,0,0,0,0,0,0,255,255,255,20,1895.647,"소솨소솨",R,27,87,140,0.888,0.019,0.114,1.487,0.331,1.485,-36.503,14.922,0,0,38.836,-146.196,0,0,0,1,2,6,R,"_송글_",175,90,0.315,0,58,0,0,0,0,0,0,0,0,0,0,0,0,0,0,0,0.019,-37.898,0,"HANA_ARASHI",0.013,-17.343,0,"Kr_Luna",-19.036,-47.503,0,"눈꽃",-14.725,-63.31,0,"SUGUN",21.083,-50.111,0,"じゃがー",10.904,-65.556,0,"CAT tourniquet",33.847,-97.335,0,"mungjungh",1.162,-113.571,0,"양_뭉이",-47.21,-89.143,0,0,0,0,0,0,"",0,0,0,0,1896.897,,,,0,0
59,3,0,4,4,0,1,0,0,0,0,255,255,255,21,1916.858,"소솨소솨",R,28,76,128,1.649,1.104,0.168,1.781,0.634,2.145,-36.638,21.459,4,0,51.776,-89.602,0,0,0,1,2,6,R,"_송글_",175,90,0.315,0,58,0,0,0,0,0,0,0,0,0,0,0,0,0,0,0,-0.03,-37.669,0,"HANA_ARASHI",-0.128,-17.267,0,"Kr_Luna",-19.027,-47.451,0,"눈꽃",-14.253,-64.054,0,"SUGUN",21.117,-50.137,0,"じゃがー",12.187,-65.055,0,"CAT tourniquet",33.859,-97.341,0,"mungjungh",1.353,-113.764,0,"양_뭉이",-44.575,-90.563,0,0,0,0,0,0,"",0,0,0,0,1918.152,,,,0,0
60,3,0,4,4,0,2,0,0,0,0,255,255,255,22,1934.197,"소솨소솨",R,28,84,137,0.502,-1.206,0.081,1.3,0.178,0.826,-36.557,15.82,2,0,27.268,-90.904,0,0,0,1,2,6,R,"_송글_",175,90,0.315,3,58,1935.242,255,54,123,70,35,145,64,-15.722,0.736,1,0.036,-0.06,0,0.272,0.124,-37.579,86,"HANA_ARASHI",-0.118,-17.297,0,"Kr_Luna",-19.158,-49.023,68,"눈꽃",-13.521,-65.539,0,"SUGUN",21.499,-49.989,0,"じゃがー",11.954,-65.378,0,"CAT tourniquet",33.86,-97.332,0,"mungjungh",1.353,-113.729,0,"양_뭉이",-42.52,-90.048,0,1935.108,0.096,-17.499,0,0,"",0,0,0,0,,,,,128,2
61,3,0,4,4,0,0,1,0,0,0,255,255,255,23,1959.341,"소솨소솨",R,3,70,113,1.115,-0.76,0.412,1.49,1.199,1.18,-36.667,29.341,2,0,-408.62,0,0,0,0,1,3,3,L,"vovopo 보보포",168.3,80,0.599,3,58,1960.523,255,235,180,0,2,145,63,-30,-46.905,1,0.034,-0.086,0,0.747,0.301,-37.633,0,"HANA_ARASHI",-0.062,-17.466,0,"Kr_Luna",-19.576,-46.108,0,"눈꽃",-14.595,-63.298,0,"SUGUN",22.519,-52.533,0,"じゃがー",14.928,-63.403,0,"CAT tourniquet",34.962,-96.102,0,"mungjungh",0.042,-107.948,0,"양_뭉이",-48.189,-94.261,0,1960.375,1.245,-21.268,0,0,"",0,0,0,0,,,,,0,3
62,3,0,4,4,0,1,1,0,0,0,255,255,255,24,1980.936,"소솨소솨",R,27,80,132,-1.481,-0.721,-0.094,1.381,-0.632,1.092,-36.566,13.884,1,0,-6.949,-109.197,0,0,0,0,3,3,L,"vovopo 보보포",168.3,80,0.599,0,41,0,0,0,0,0,0,0,0,0,0,0,0,0,0,0,-0.18,-37.731,0,"HANA_ARASHI",-0.273,-18.092,0,"Kr_Luna",-20.265,-47.178,0,"눈꽃",-13.66,-64.106,0,"SUGUN",22.148,-52.243,0,"じゃがー",12.938,-64.741,0,"CAT tourniquet",46.731,-89.399,0,"mungjungh",-0.638,-105.346,0,"양_뭉이",-43.417,-94.144,0,0,0,0,0,0,"",0,0,0,0,1982.319,,,,0,0
63,3,0,4,4,1,1,1,0,0,0,255,255,255,25,1995.124,"소솨소솨",R,27,66,121,-2.594,-1.83,-0.178,1.203,-1.025,0.439,-36.491,19.945,2,0,-64.063,-124.327,0,0,0,1,3,3,L,"vovopo 보보포",168.3,80,0.599,3,41,1996.193,255,236,94,124,27,145,126,19.405,-11.931,0.6,0.027,-0.058,0,0.629,-0.039,-37.352,0,"HANA_ARASHI",-0.075,-17.704,0,"Kr_Luna",-20.05,-47.305,0,"눈꽃",-15.182,-63.622,93,"SUGUN",22.271,-52.369,0,"じゃがー",12.369,-65.413,0,"CAT tourniquet",46.661,-89.518,0,"mungjungh",-3.297,-107.083,0,"양_뭉이",-46.024,-94.676,0,1999.697,27.528,-112.974,0,0,"",0,0,1,256,2016.652,2006.405,2016.419,,100,2
64,3,0,4,4,0,0,1,0,0,1,255,255,13,26,2038.767,"소솨소솨",R,0,50,108,0.395,-0.604,-0.001,1.494,0.163,1.247,-36.63,8.615,0,0,4.853,0,0,0,0,0,4,1,L,"_Chun",190,80,0.445,0,58,0,0,0,0,0,0,0,0,0,0,0,0,0,0,0,0.04,-37.82,117,"HANA_ARASHI",-0.073,-18.234,0,"Kr_Luna",-19.48,-51.794,0,"눈꽃",-6.336,-64.243,0,"SUGUN",19.976,-41.297,85,"じゃがー",16.503,-62.831,0,"CAT tourniquet",41.876,-94.267,0,"mungjungh",0.42,-107.654,0,"양_뭉이",-39.559,-92.045,0,0,0,0,0,0,"",0,0,0,8,2040.074,,2039.7,,0,0
65,3,0,4,4,0,1,2,0,0,0,255,255,255,27,2074.891,"소솨소솨",R,0,26,92,-0.953,-1.596,0.064,1.366,-0.429,0.64,-37.137,36.012,1,0,4.681,0,0,0,0,0,4,1,L,"_Chun",190,80,0.445,0,58,0,0,0,0,0,0,0,0,0,0,0,0,0,0,0,0.147,-37.691,0,"HANA_ARASHI",-0.122,-17.66,0,"Kr_Luna",-19.588,-51.641,0,"눈꽃",-7.589,-66.811,0,"SUGUN",19.824,-45.225,0,"じゃがー",16.787,-61.972,0,"CAT tourniquet",40.298,-99.933,0,"mungjungh",4.429,-113.457,0,"양_뭉이",-38.931,-92.051,0,0,0,0,0,0,"",0,0,0,0,2076.319,,,,0,0
66,3,0,4,4,1,1,2,0,0,0,255,255,255,28,2089.334,"소솨소솨",R,6,29,87,0.229,-0.069,0.033,1.538,-0.681,1.602,-37.01,19.071,0,0,304.09,0,0,0,0,0,4,1,L,"_Chun",190,80,0.445,0,58,0,0,0,0,0,0,0,0,0,0,0,0,0,0,0,-0.018,-37.847,0,"HANA_ARASHI",-0.107,-17.634,0,"Kr_Luna",-19.477,-51.823,0,"눈꽃",-7.592,-66.839,0,"SUGUN",19.898,-47.347,0,"じゃがー",16.23,-62.144,0,"CAT tourniquet",41.666,-101.037,0,"mungjungh",4.418,-113.489,0,"양_뭉이",-41.895,-98.087,0,0,0,0,0,0,"",0,0,0,0,2090.885,,,,0,0
67,3,0,4,4,1,2,2,0,0,0,255,255,255,29,2105.865,"소솨소솨",R,6,31,87,0.93,0.743,0.03,1.612,-0.443,2.105,-36.931,10.261,2,0,336.218,0,0,0,0,1,4,1,L,"_Chun",190,80,0.445,3,58,2107.085,193,103,108,96,61,145,130,-30,30.853,0.52,0.013,0.054,0,0.431,0.592,-37.209,0,"HANA_ARASHI",-0.024,-17.792,0,"Kr_Luna",-19.617,-51.685,84,"눈꽃",-10.797,-65.934,0,"SUGUN",22.781,-51.835,0,"じゃがー",13.925,-63.171,0,"CAT tourniquet",41.699,-101.044,0,"mungjungh",4.442,-113.472,0,"양_뭉이",-40.38,-100.799,0,2106.863,-1.054,-22.935,0,0,"",0,0,0,0,,,,,128,2
68,4,1,4,4,0,0,0,0,0,0,255,255,255,37,2160.32,"Pugeuk",R,28,71,125,-0.181,0.666,-0.024,1.638,-0.11,1.94,-36.407,22.751,0,0,21.258,-93.494,0.024,0,0,0,0,8,R,"양_뭉이",190,100,0.5,0,37,0,0,0,0,0,0,0,0,0,0,0,0,0,0,0,-0.218,-37.01,0,"인생최패망자",0.065,-18.113,0,"오띵__",-19.26,-46.452,0,"vovopo 보보포",-12.507,-60.244,0,"Rite_",22.679,-50.228,0,"Amellaid",14.805,-62.484,0,"_송글_",42.607,-96.083,0,"Yaksok~",-0.033,-109.058,0,"ゆっち一",-45.174,-92.076,0,0,0,0,0,0,"",0,0,0,0,2161.53,,,,0,0
69,4,1,4,4,0,1,0,0,0,0,255,255,255,38,2177.802,"Pugeuk",R,27,75,127,0.454,-0.311,0.041,1.447,0.19,1.32,-36.26,21.037,2,0,4.149,-107.656,1.258,0,0,1,0,8,R,"양_뭉이",190,100,0.5,2,37,2178.943,200,162,106,95,52,145,52,-70.002,-59.814,-0.05,-0.093,-0.13,0,0.645,0.013,-36.657,0,"인생최패망자",-0.016,-18.275,0,"오띵__",-18.762,-45.795,89,"vovopo 보보포",-13.877,-60.529,0,"Rite_",22.248,-49.574,0,"Amellaid",12.42,-64.895,0,"_송글_",42.41,-96.153,0,"Yaksok~",-0.034,-109.058,0,"ゆっち一",-44.768,-91.157,0,2178.73,0.574,-19.927,0,0,"",0,0,0,0,,,,,194,2
70,4,1,4,4,0,0,1,0,0,0,255,255,255,39,2204.966,"Pugeuk",R,14,69,111,2.227,0.549,0.014,2.011,0.357,2.442,-36.666,36.755,2,0,332.372,373.536,-9.856,0,0,1,1,4,R,"SUGUN",180.7,90,0.295,3,57,2205.988,255,119,130,127,42,145,86,-3.456,-29.978,-0.87,0.007,0.036,0,0.584,-0.446,-37.284,0,"인생최패망자",0.045,-18.162,0,"오띵__",-17.495,-44.731,90,"vovopo 보보포",-14.165,-60.613,0,"Rite_",20.992,-49.732,85,"Amellaid",11.2,-63.891,0,"_송글_",44.071,-92.325,0,"Yaksok~",1.117,-109.812,0,"ゆっち一",-44.232,-90.287,0,2206.152,5.988,-28.553,0,0,"",0,0,0,0,,,,,194,2
71,4,1,4,4,0,0,2,0,0,0,255,255,255,40,2224.082,"Pugeuk",R,26,85,138,0.409,0.603,-0.001,1.645,0.125,1.712,-36.402,18.423,2,0,41.265,-200,29.938,0,0,1,2,7,R,"mungjungh",160,80,0.501,2,57,2225.075,187,107,80,63,30,145,119,29.069,14.227,0.32,-0.033,-0.067,0,0.275,-0.088,-37.021,0,"인생최패망자",0.031,-18.114,0,"오띵__",-17.619,-45.914,0,"vovopo 보보포",-13.9,-60.629,0,"Rite_",21.306,-49.349,0,"Amellaid",11.922,-62.568,0,"_송글_",42.837,-84.875,0,"Yaksok~",-0.28,-109.422,0,"ゆっち一",-45.726,-93.263,91,2230.197,-45.964,-114.733,0,0,"",0,0,0,0,,,,,40,1
72,4,0,4,4,0,0,0,0,0,0,255,255,255,30,2281.506,"소솨소솨",R,12,45,103,-1.461,0.208,-0.105,1.619,-0.575,1.615,-36.657,6.981,2,0,0,104.941,0,0,0,1,5,8,L,"ゆっち一",175,84.105,0.397,3,57,2282.56,147,134,79,87,49,144,130,-30,3.971,0.41,0.043,-0.071,0,0.309,0.001,-37.786,112,"HANA_ARASHI",-0.117,-17.142,0,"Kr_Luna",-18.533,-53.51,86,"눈꽃",-7.083,-67.043,97,"SUGUN",21.133,-52.101,0,"じゃがー",12.534,-64.815,0,"CAT tourniquet",29.403,-99.114,0,"mungjungh",3.766,-111.801,0,"양_뭉이",-41.832,-100.851,0,2282.297,-0.287,-21.054,0,0,"",0,0,1,0,,,,,164,2
73,4,0,4,4,0,0,0,1,0,0,18,255,255,31,2330.71,"소솨소솨",R,27,85,139,0.561,-0.661,0.084,1.366,0.195,1.107,-36.512,12.966,0,0,34.5,-110.574,0,0,0,0,6,2,R,"오띵__",190,80,0.404,0,57,0,0,0,0,0,0,0,0,0,0,0,0,0,0,0,-0.097,-37.625,118,"HANA_ARASHI",-0.117,-17.255,0,"Kr_Luna",-20.928,-43.404,85,"눈꽃",-14.768,-63.954,0,"SUGUN",21.833,-51.806,0,"じゃがー",5.382,-63.623,0,"CAT tourniquet",31.867,-101.83,0,"mungjungh",0.701,-111.05,0,"양_뭉이",-48.283,-98.621,0,0,0,0,0,0,"",0,0,0,0,2331.897,,,,0,0
74,4,0,4,4,0,1,0,1,0,0,18,255,255,32,2364.404,"소솨소솨",R,27,83,136,0.273,-0.886,0.069,1.464,0.072,0.946,-36.608,9.845,0,0,31.872,-122.648,0,0,0,1,6,2,R,"오띵__",190,80,0.404,0,57,0,0,0,0,0,0,0,0,0,0,0,0,0,0,0,-0.044,-37.865,0,"HANA_ARASHI",-0.092,-17.643,0,"Kr_Luna",-20.941,-43.904,0,"눈꽃",-12.951,-63.416,0,"SUGUN",21.827,-51.797,0,"じゃがー",12.429,-64.59,0,"CAT tourniquet",35.928,-102.103,0,"mungjungh",-1.13,-115.364,0,"양_뭉이",-45.996,-98.611,0,0,0,0,0,0,"",0,0,0,0,2365.608,,,,0,0
75,4,0,4,4,0,2,0,1,0,0,18,255,255,33,2382.589,"소솨소솨",R,28,75,127,-6.574,-2.529,-0.261,1.293,-2.916,-0.581,-36.683,18.913,1,0,43.864,-81.02,0,-1.613,-17.866,0,6,2,R,"오띵__",190,80,0.404,0,57,0,0,0,0,0,0,0,0,0,0,0,0,0,0,0,0.141,-37.436,0,"HANA_ARASHI",-1.344,-17.794,119,"Kr_Luna",-20.235,-42.409,0,"눈꽃",-12.002,-61.332,0,"SUGUN",21.841,-51.813,0,"じゃがー",10.304,-64.573,0,"CAT tourniquet",36.139,-102.059,0,"mungjungh",-1.131,-115.381,0,"양_뭉이",-47.588,-98.162,0,0,0,0,0,0,"",0,0,0,0,2385.697,,,,0,0
76,4,0,4,4,1,2,0,1,0,0,18,255,255,34,2402.277,"소솨소솨",R,27,73,126,-0.382,-2.529,0.064,1.178,-0.167,-0.367,-36.578,24.93,1,0,-0.297,-105.357,0,-0.058,-21.924,0,6,2,R,"오띵__",190,80,0.404,0,57,0,0,0,0,0,0,0,0,0,0,0,0,0,0,0,-0.072,-37.794,120,"HANA_ARASHI",-0.205,-17.961,120,"Kr_Luna",-19.934,-44.933,0,"눈꽃",-12.281,-63.046,0,"SUGUN",21.817,-51.797,0,"じゃがー",9.244,-63.662,85,"CAT tourniquet",35.709,-102.037,0,"mungjungh",-5.288,-111.859,0,"양_뭉이",-45.948,-95.883,0,0,0,0,0,0,"",0,0,0,0,2403.474,2411.103,,,0,0
77,4,0,4,4,2,2,0,0,1,0,255,18,255,35,2441.716,"소솨소솨",R,27,77,128,0.414,-0.098,0.075,1.472,0.152,1.451,-36.509,11.176,2,0,17.396,-108.194,0,0,0,1,6,2,R,"오띵__",190,80,0.404,3,57,2442.704,181,145,102,110,49,145,130,2.07,27.981,0.56,0.01,-0.029,0.048,0.384,0.155,-37.587,0,"HANA_ARASHI",-0.055,-17.739,0,"Kr_Luna",-18.975,-51.427,110,"눈꽃",-15.662,-63.996,0,"SUGUN",19.638,-45.551,0,"じゃがー",6.059,-61.826,83,"CAT tourniquet",35.683,-102.043,0,"mungjungh",-1.473,-109.412,0,"양_뭉이",-44.826,-96.421,0,2443.497,-19.334,-51.431,0,0,"",0,0,0,0,,2447.197,,,144,1
78,4,0,4,4,0,0,2,0,0,0,255,255,255,36,2473.859,"소솨소솨",R,10,67,112,-0.46,-0.768,0.05,1.681,-0.201,1.621,-36.598,9.705,2,0,0,397.589,0,0,0,1,7,0,R,"Pugeuk",190,86.173,0.398,3,57,2475.081,230,80,130,83,55,145,121,-17.268,-29.378,0.18,0.01,-0.023,0,0.701,0.166,-37.429,0,"HANA_ARASHI",-0.112,-17.847,0,"Kr_Luna",-20.235,-49.945,0,"눈꽃",-15.284,-63.777,91,"SUGUN",22.149,-51.558,0,"じゃがー",10.389,-65.897,0,"CAT tourniquet",37.174,-95.785,91,"mungjungh",-0.257,-108.666,0,"양_뭉이",-48.445,-102.87,0,2474.885,0.59,-22.311,0,0,"",0,0,1,0,,,,,40,2
79,4,0,4,4,0,0,2,1,0,0,10,255,255,37,2499.384,"소솨소솨",R,27,85,139,0.111,-1.475,0.05,1.254,0.035,0.654,-36.526,21.63,2,0,9.872,-121.03,0,0,0,1,8,7,R,"Yaksok~",173.1,89.653,0.46,3,57,2500.245,96,165,77,60,0,132,70,-30,-27.188,0.96,-0.097,-0.016,0,0.387,0.181,-37.614,0,"HANA_ARASHI",-0.045,-17.88,0,"Kr_Luna",-19.566,-47.564,77,"눈꽃",-12.84,-65.522,0,"SUGUN",21.31,-49.45,0,"じゃがー",11.154,-65.252,106,"CAT tourniquet",38.441,-98.436,0,"mungjungh",-3.982,-116.089,0,"양_뭉이",-47.314,-102.686,0,2499.963,0.283,-19.655,0,0,"",0,0,0,0,,2504.664,,,144,2
80,5,1,4,4,0,0,0,0,0,0,255,255,255,41,2539.941,"Pugeuk",R,28,88,140,-0.656,-0.467,-0.046,1.434,-0.213,1.247,-36.294,23.81,2,0,-56.561,-93.999,7.476,0,0,1,3,6,L,"CAT tourniquet",174.8,82.571,0.454,3,57,2541.04,18,10,13,34,36,9,43,20.139,-38.506,0.68,0.045,-0.152,0.524,0.424,-0.413,-36.919,0,"인생최패망자",-0.009,-18.205,0,"오띵__",-18.238,-46.338,86,"vovopo 보보포",-14.049,-60.591,0,"Rite_",20.973,-50.372,83,"Amellaid",14.998,-64.408,0,"_송글_",46.663,-98.946,0,"Yaksok~",-3.535,-108.721,0,"ゆっち一",-41.83,-90.126,0,2542.452,10.738,-34.275,0,0,"",0,0,1,8,,,,,194,2
81,5,1,4,4,0,0,1,0,0,0,255,255,255,42,2588.065,"Pugeuk",R,26,83,135,1.367,0.273,0.092,1.643,0.499,1.609,-36.5,30.377,2,0,67.601,-155.808,24.773,0,0,1,4,5,R,"じゃがー",174.3,82.879,0.499,3,57,2589.263,221,98,79,57,34,144,127,29.778,32.499,0.53,-0.018,-0.065,0,0.32,-0.142,-37.492,0,"인생최패망자",0.031,-18.027,0,"오띵__",-18.297,-45.759,0,"vovopo 보보포",-14.095,-60.609,0,"Rite_",19.605,-48.242,0,"Amellaid",13.957,-62.029,0,"_송글_",48.941,-99.282,0,"Yaksok~",-2.326,-109.871,0,"ゆっち一",-43.027,-87.755,0,2596.197,-86.597,-111.007,0,0,"",0,0,0,0,,2598.934,2603.81,,128,4
82,5,1,5,4,0,0,1,0,0,0,255,255,255,43,2628.917,"Pugeuk",R,6,78,116,-2.237,1.088,-0.384,1.691,-1.784,2.187,-36.351,17.702,1,0,491.92,0,12.464,0,0,0,5,3,L,"눈꽃",162.7,89.906,0.496,0,57,0,0,0,0,0,0,0,0,0,0,0,0,0,0,0,-0.277,-37.907,0,"인생최패망자",-0.153,-18.516,0,"오띵__",-19.323,-45.251,0,"vovopo 보보포",-3.976,-60.608,0,"Rite_",20.639,-48.074,0,"Amellaid",13.309,-62.004,0,"_송글_",41.075,-103.613,0,"Yaksok~",-0.997,-111.362,0,"ゆっち一",-38.926,-94.678,0,0,0,0,0,0,"",0,0,0,32,2630.241,,,,0,0
83,5,1,5,4,1,0,1,0,0,0,255,255,255,44,2643.566,"Pugeuk",R,29,85,138,-1.372,0.697,-0.059,1.624,-0.276,1.935,-36.302,24.417,2,0,-250,-40.135,30.112,0,0,1,5,3,L,"눈꽃",162.7,89.906,0.496,3,57,2644.723,245,55,69,78,40,143,80,44.101,23.423,-0.81,0.001,-0.034,0,0.277,-0.286,-37.309,0,"인생최패망자",-0.007,-17.867,0,"오띵__",-18.478,-46.463,0,"vovopo 보보포",-9.672,-60.589,0,"Rite_",19.905,-46.912,0,"Amellaid",14.235,-61.761,0,"_송글_",40.219,-106.648,0,"Yaksok~",-0.177,-111.211,0,"ゆっち一",-37.72,-94.151,55,2649.474,-24.903,-69.584,0,0,"",0,0,1,0,,,,,160,2
84,5,1,5,4,0,0,1,1,0,0,3,255,255,45,2670.087,"Pugeuk",R,6,82,121,-0.509,0.674,-0.327,1.733,-1.001,2.023,-36.457,14.215,2,0,500,0,15.688,0,0,1,6,1,R,"HANA_ARASHI",190,85.679,0.252,3,56,2671.26,214,59,124,98,44,145,103,98.174,-16.146,-0.22,-0.017,-0.094,0,0.689,-0.171,-37.021,0,"인생최패망자",0.035,-17.854,0,"오띵__",-18.56,-44.883,0,"vovopo 보보포",-13.275,-60.516,0,"Rite_",21.869,-49.016,0,"Amellaid",11.771,-61.69,0,"_송글_",39.349,-96.462,0,"Yaksok~",0.413,-107.489,0,"ゆっち一",-46.536,-93.855,0,2680.108,-5.64,2.32,0,0,"",0,0,0,0,,,,,128,3
85,5,1,5,4,0,1,1,1,0,0,3,255,255,46,2695.919,"Pugeuk",R,26,89,140,-0.561,-1.837,-0.016,1.354,-0.103,0.276,-36.461,27.329,4,0,-105.811,-200,17.378,0,0,1,6,1,R,"HANA_ARASHI",190,85.679,0.252,0,56,0,0,0,0,0,0,0,0,0,0,0,0,0,0,0,-0.421,-38.038,0,"인생최패망자",-0.011,-18.433,0,"오띵__",-18.71,-45.044,0,"vovopo 보보포",-11.278,-60.431,0,"Rite_",20.341,-47.817,0,"Amellaid",10.264,-62.944,0,"_송글_",42.013,-95.824,0,"Yaksok~",-0.045,-110.913,0,"ゆっち一",-45.657,-91.779,0,0,0,0,0,0,"",0,0,0,0,2697.108,,,,0,0
86,5,1,5,4,0,2,1,1,0,0,3,255,255,47,2721.031,"Pugeuk",R,6,70,111,1.74,0.765,-0.276,1.796,-0.146,2.094,-36.572,21.293,2,0,500,0,25.676,0,0,1,6,1,R,"HANA_ARASHI",190,85.679,0.252,3,56,2722.245,255,56,125,124,17,145,89,103.742,27.944,-0.87,-0.023,-0.09,0,0.599,-0.299,-37.888,0,"인생최패망자",0.042,-17.989,0,"오띵__",-20.298,-42.638,0,"vovopo 보보포",-13.948,-60.691,0,"Rite_",20.565,-49.074,0,"Amellaid",9.532,-63.005,0,"_송글_",42.05,-95.827,0,"Yaksok~",-0.079,-111.954,0,"ゆっち一",-45.635,-91.578,0,2728.352,8.821,8.178,0,0,"",0,0,0,0,,,,,192,3
87,5,1,5,4,0,2,1,1,0,0,3,255,255,48,2760.41,"Pugeuk",R,3,78,118,-2.195,-1.449,0.053,1.479,-0.21,0.7,-36.574,30.936,4,0,-444.113,0,12.049,0,0,1,6,1,R,"HANA_ARASHI",190,85.679,0.252,0,56,0,0,0,0,0,0,0,0,0,0,0,0,0,0,0,-0.428,-37.982,0,"인생최패망자",0.176,-18.858,0,"오띵__",-20.053,-43.355,0,"vovopo 보보포",-9.543,-60.849,0,"Rite_",20.319,-46.795,0,"Amellaid",7.687,-63.258,0,"_송글_",41.161,-95.483,0,"Yaksok~",0.593,-112.646,0,"ゆっち一",-52.294,-95.085,0,0,0,0,0,0,"",0,0,0,0,2761.663,2776.685,,,0,0
88,5,1,5,4,0,0,2,0,1,0,255,3,255,49,2810.666,"Pugeuk",R,29,81,133,3.047,0.245,0.142,1.638,1.678,1.616,-36.489,35.669,1,0,-250,-163.806,14.181,0,0,0,7,2,L,"Kr_Luna",190,94.58,0.497,0,56,0,0,0,0,0,0,0,0,0,0,0,0,0,0,0,-0.207,-37.617,0,"인생최패망자",0.313,-18.216,0,"오띵__",-19.5,-43.947,0,"vovopo 보보포",-7.727,-60.31,0,"Rite_",18.75,-46.983,0,"Amellaid",14.805,-63.444,0,"_송글_",42.658,-103.808,0,"Yaksok~",9.536,-114.953,0,"ゆっち一",-38.128,-98.092,0,0,0,0,0,0,"",0,0,0,0,2811.586,2813.35,,,0,0
89,5,1,5,4,1,0,2,0,1,0,255,3,255,50,2823.978,"Pugeuk",R,6,84,123,-0.474,0.008,-0.206,1.538,-0.958,1.614,-36.339,14.631,2,0,500,0,28.069,0,0,0,7,2,L,"Kr_Luna",190,94.58,0.497,3,56,2824.868,133,106,128,88,51,141,130,114.73,60.109,0.62,0.013,-0.048,0,0.066,-0.461,-36.898,0,"인생최패망자",0.023,-17.915,0,"오띵__",-18.666,-45.852,0,"vovopo 보보포",-9.381,-60.604,0,"Rite_",20.111,-47.037,0,"Amellaid",13.651,-62.732,0,"_송글_",42.764,-103.802,0,"Yaksok~",9.474,-114.662,0,"ゆっち一",-38.817,-98.656,0,0,0,0,0,0,"",0,0,0,0,,2827.286,,,128,3
90,5,1,5,4,1,1,2,0,1,0,255,3,255,51,2840.035,"Pugeuk",R,6,88,112,0.139,-0.93,-0.26,1.268,-0.807,1.046,-36.341,14.695,2,0,500,0,18.58,0,0,0,7,2,L,"Kr_Luna",190,94.58,0.497,3,56,2840.956,209,115,114,114,71,145,130,95.34,78.47,0.65,-0.028,-0.028,0,0.124,-0.563,-37.013,0,"인생최패망자",0.019,-17.952,0,"오띵__",-18.545,-45.484,0,"vovopo 보보포",-9.214,-61.073,0,"Rite_",21.384,-49.73,0,"Amellaid",13.79,-63.068,0,"_송글_",49.639,-98.953,0,"Yaksok~",8.763,-113.562,0,"ゆっち一",-40.198,-96.481,0,0,0,0,0,0,"",0,0,0,0,,2844.267,,,128,3
91,5,1,5,4,1,2,2,0,1,0,255,3,255,52,2858.378,"Pugeuk",R,6,77,104,-0.863,-0.378,-0.403,1.43,-1.25,1.394,-36.219,3.717,2,0,472.727,0,20.563,0,0,0,7,2,L,"Kr_Luna",190,94.58,0.497,3,57,2859.315,175,124,141,106,69,145,108,15.641,21.573,0.04,0.006,-0.051,0,0.139,-0.502,-36.843,0,"인생최패망자",0.011,-17.909,0,"오띵__",-18.451,-46.04,89,"vovopo 보보포",-9.951,-60.783,0,"Rite_",20.553,-47.316,0,"Amellaid",13.804,-64.065,0,"_송글_",53.184,-92.64,0,"Yaksok~",9.141,-113.294,96,"ゆっち一",-40.661,-93.145,0,2861.875,-16.369,-87.971,0,0,"",0,0,1,0,,2869.662,2862.989,2867.615,448,2
92,5,1,5,4,0,0,2,0,1,0,255,2,255,53,2890.2,"Pugeuk",R,29,82,135,-0.07,0.199,-0.096,1.595,0.302,1.654,-36.426,22.612,2,0,-250,-90.614,32.569,0,0,1,8,9,L,"Pring__",190,94.846,0.477,3,57,2890.996,157,141,87,126,63,145,130,101.392,-2.07,0.51,-0.049,-0.033,0,0.549,-0.298,-37.26,0,"인생최패망자",0.045,-17.932,0,"오띵__",-18.554,-47.555,0,"vovopo 보보포",-10.371,-60.916,0,"Rite_",21.559,-49.932,0,"Amellaid",13.096,-63.963,0,"_송글_",45.908,-102.083,0,"Yaksok~",4.973,-115.889,0,"ゆっち一",-38.779,-97.48,0,0,0,0,0,0,"",0,0,0,0,,2897.274,,,128,3
93,5,1,5,4,0,1,2,0,1,0,255,2,255,54,2905.478,"Pugeuk",R,6,71,100,3.449,-0.268,0.03,1.503,0.57,1.46,-36.401,24.522,2,0,454.546,0,25.512,0,0,1,8,9,L,"Pring__",190,94.846,0.477,3,57,2906.396,200,132,144,109,90,145,103,-30,-48.191,0.93,0.027,-0.085,0,0.811,-0.375,-37.091,0,"인생최패망자",0.033,-17.778,0,"오띵__",-19.058,-46.93,0,"vovopo 보보포",-10.355,-60.936,0,"Rite_",21.808,-50.213,0,"Amellaid",11.46,-63.387,0,"_송글_",46.749,-99.837,0,"Yaksok~",4.281,-115.38,0,"ゆっち一",-40.244,-99.188,0,2906.274,2.311,-22.607,0,0,"",0,0,0,0,,2915.257,,,128,3
94,5,1,5,4,0,2,2,0,1,0,255,2,255,55,2922.243,"Pugeuk",R,27,80,132,2.899,-0.003,0.282,1.699,1.188,1.467,-36.599,34.662,2,0,45.027,-146.528,11.702,0,0,1,8,9,L,"Pring__",190,94.846,0.477,3,53,2923.077,151,172,73,119,67,143,85,26.896,-27.538,0.95,-0.02,-0.028,0,0.678,-0.281,-36.923,0,"인생최패망자",0.038,-17.765,95,"오띵__",-18.479,-45.79,0,"vovopo 보보포",-10.411,-60.287,89,"Rite_",21.059,-48.06,0,"Amellaid",14.954,-63.115,0,"_송글_",54.053,-101.121,74,"Yaksok~",6.575,-112.583,0,"ゆっち一",-39.164,-99.669,0,2927.408,41.523,-78.449,0,0,"",0,0,1,0,2935.141,,2928.309,2933.364,156,2
95,5,1,6,4,0,0,2,1,0,0,9,255,255,56,2967.693,"Pugeuk",R,0,81,132,0.106,0.372,0.013,1.598,0.061,1.808,-36.397,22.513,0,0,-10.64,-40.818,0.849,0,0,0,0,8,R,"양_뭉이",190,100,0.5,0,57,0,0,0,0,0,0,0,0,0,0,0,0,0,0,0,0.203,-37.392,0,"인생최패망자",0.06,-18.038,0,"오띵__",-20.4,-42.85,0,"vovopo 보보포",-12.752,-60.917,0,"Rite_",20.402,-47.186,0,"Amellaid",9.391,-63.321,0,"_송글_",48.272,-100.026,0,"Yaksok~",-1.52,-110.612,0,"ゆっち一",-47.826,-93.441,0,0,0,0,0,0,"",0,0,0,0,2968.852,,,,0,0
96,5,1,6,4,0,1,2,1,0,0,9,255,255,57,2979.344,"Pugeuk",R,28,82,134,0.597,-0.23,0.052,1.467,0.242,1.384,-36.306,16.977,0,0,12.033,-98.345,1.523,0,0,0,0,8,R,"양_뭉이",190,100,0.5,0,57,0,0,0,0,0,0,0,0,0,0,0,0,0,0,0,-0.105,-37.311,0,"인생최패망자",0.069,-18.029,0,"오띵__",-19.971,-43.816,0,"vovopo 보보포",-12.76,-60.877,0,"Rite_",20.354,-47.149,0,"Amellaid",9.465,-63.169,0,"_송글_",47.594,-100.562,0,"Yaksok~",-2.051,-109.611,0,"ゆっち一",-47.854,-93.394,0,0,0,0,0,0,"",0,0,0,0,2980.586,,,,0,0
97,5,1,6,4,0,2,2,1,0,0,9,255,255,58,2994.415,"Pugeuk",R,10,67,99,-0.207,-0.065,-0.029,1.793,-0.089,2.179,-36.42,19.117,2,0,0,400,-4.622,0,0,1,0,8,R,"양_뭉이",190,100,0.5,2,57,2995.708,129,51,82,66,24,138,31,-82.497,-65.215,0.4,-0.068,-0.086,0,0.815,-0.577,-37.008,0,"인생최패망자",0.037,-18.15,0,"오띵__",-18.86,-45.24,0,"vovopo 보보포",-9.995,-60.848,0,"Rite_",19.994,-47.467,0,"Amellaid",8.149,-62.435,0,"_송글_",48.021,-103.563,0,"Yaksok~",-1.7,-111.241,0,"ゆっち一",-47.786,-93.388,0,2995.541,0.179,-19.463,0,0,"",0,0,0,0,2996.563,2997.428,,,144,2
98,5,1,6,4,0,2,2,1,0,0,9,255,255,59,3012.923,"Pugeuk",R,26,66,107,-0.019,0.332,0.023,1.728,0.09,1.644,-36.575,31.652,2,0,-52.304,-161.05,6.153,0,0,1,0,8,R,"양_뭉이",190,100,0.5,2,57,3014.104,210,106,93,104,88,145,31,41.46,-34.349,-0.79,-0.144,-0.186,0,0.788,-0.833,-36.965,0,"인생최패망자",0.017,-18.088,0,"오띵__",-19.611,-44.516,0,"vovopo 보보포",-9.61,-60.529,0,"Rite_",20.685,-48.147,0,"Amellaid",8.225,-62.306,0,"_송글_",47.014,-101.43,0,"Yaksok~",-2.282,-112.153,0,"ゆっち一",-45.548,-92.547,0,3016.308,8.479,-32.72,0,0,"",0,0,0,0,,3015.4,3020.271,,192,2
99,5,0,6,4,0,0,0,0,0,0,255,255,255,38,3053.3,"소솨소솨",R,28,76,128,-1.129,-0.568,-0.067,1.421,-0.507,1.216,-36.542,12.97,0,0,11.646,-73.543,0,0,0,0,0,5,L,"Amellaid",159.7,95,0.353,0,57,0,0,0,0,0,0,0,0,0,0,0,0,0,0,0,-0.256,-37.701,0,"HANA_ARASHI",-0.111,-17.09,0,"Kr_Luna",-18.708,-47.073,0,"눈꽃",-10.396,-66.145,0,"SUGUN",22.721,-53.677,0,"じゃがー",13.433,-64.864,0,"ByeolBam",41.649,-93.387,0,"mungjungh",0.163,-111.244,0,"양_뭉이",-37.868,-85.32,0,0,0,0,0,0,"",0,0,0,0,3054.508,,,,0,0
100,5,0,6,4,0,1,0,0,0,0,255,255,255,39,3069.343,"소솨소솨",R,0,79,130,0.021,0.079,0.089,1.69,0.006,1.635,-36.671,16.732,0,0,0,3.138,0,0,0,1,0,5,L,"Amellaid",159.7,95,0.353,0,57,0,0,0,0,0,0,0,0,0,0,0,0,0,0,0,-0.145,-37.829,0,"HANA_ARASHI",-0.146,-17.127,0,"Kr_Luna",-18.697,-47.079,0,"눈꽃",-8.122,-65.842,0,"SUGUN",23.194,-53.205,0,"じゃがー",12.533,-65.263,0,"ByeolBam",40.76,-93.599,0,"mungjungh",0.116,-111.231,0,"양_뭉이",-40.126,-86.641,0,0,0,0,0,0,"",0,0,0,0,3070.552,,,,0,0
101,5,0,6,4,0,2,0,0,0,0,255,255,255,40,3083.852,"소솨소솨",R,34,76,128,1.105,2.569,0.127,1.948,0.391,2.888,-36.814,39.177,1,0,54.693,-49.912,0,0,0,0,0,5,L,"Amellaid",159.7,95,0.353,0,57,0,0,0,0,0,0,0,0,0,0,0,0,0,0,0,-0.122,-37.812,0,"HANA_ARASHI",-0.113,-17.075,0,"Kr_Luna",-18.703,-47.064,0,"눈꽃",-10.757,-65.934,0,"SUGUN",22.671,-53.505,0,"じゃがー",11.921,-65.366,0,"ByeolBam",40.765,-93.732,0,"mungjungh",0.135,-111.213,0,"양_뭉이",-39.556,-87.354,0,0,0,0,0,0,"",0,0,0,0,3085.008,,,,0,0
102,5,0,6,4,1,2,0,0,0,0,255,255,255,41,3098.383,"소솨소솨",R,28,78,129,-0.646,-1.573,-0.034,1.286,-0.357,0.695,-36.554,16.025,1,0,52.214,-66.97,0,0,0,0,0,5,L,"Amellaid",159.7,95,0.353,0,57,0,0,0,0,0,0,0,0,0,0,0,0,0,0,0,0.094,-38.166,0,"HANA_ARASHI",-0.006,-17.442,0,"Kr_Luna",-18.569,-50.861,0,"눈꽃",-9.482,-66.151,0,"SUGUN",22.734,-53.538,0,"じゃがー",11.725,-65.605,0,"ByeolBam",40.764,-95.543,0,"mungjungh",0.095,-111.185,0,"양_뭉이",-39.061,-87.33,0,0,0,0,0,0,"",0,0,0,0,3099.497,,,,0,0
103,5,0,6,4,2,2,0,0,0,0,255,255,255,42,3114.011,"소솨소솨",R,28,84,138,-1.269,-0.116,-0.092,1.482,-0.626,1.448,-36.523,7.433,0,0,55.544,-89.067,0,0,0,0,0,5,L,"Amellaid",159.7,95,0.353,0,57,0,0,0,0,0,0,0,0,0,0,0,0,0,0,0,-0.026,-37.954,0,"HANA_ARASHI",-0.33,-17.591,0,"Kr_Luna",-18.834,-52.967,0,"눈꽃",-9.753,-65.792,0,"SUGUN",22.698,-53.526,0,"じゃがー",11.753,-65.598,0,"ByeolBam",40.821,-95.528,0,"mungjungh",-0.032,-110.996,0,"양_뭉이",-39.21,-87.395,0,0,0,0,0,0,"",0,0,0,0,3115.063,,,,0,0
104,5,0,6,4,0,0,1,0,0,0,255,255,255,43,3134.042,"소솨소솨",R,28,80,132,2.028,2.15,0.208,1.791,0.772,2.637,-36.62,26.189,4,0,71.596,-85.706,0,0,0,1,1,4,R,"Rite_",160,85,0.48,0,33,0,0,0,0,0,0,0,0,0,0,0,0,0,0,0,0.126,-38.163,0,"HANA_ARASHI",-0.081,-17.371,0,"Kr_Luna",-20.005,-49.743,0,"눈꽃",-15.102,-64.272,0,"SUGUN",22.906,-53.525,0,"じゃがー",8.942,-65.947,0,"ByeolBam",40.666,-95.495,0,"mungjungh",-3.115,-114.131,0,"양_뭉이",-39.444,-88.83,0,0,0,0,0,0,"",0,0,0,0,3135.385,,,,0,0
105,5,0,6,4,0,1,1,0,0,0,255,255,255,44,3147.952,"소솨소솨",R,6,28,86,-1.261,-0.855,-0.089,1.418,-1.31,1.187,-37.029,26.212,0,0,286.051,0,0,0,0,0,1,4,R,"Rite_",160,85,0.48,0,33,0,0,0,0,0,0,0,0,0,0,0,0,0,0,0,-0.011,-37.941,0,"HANA_ARASHI",-0.083,-17.611,0,"Kr_Luna",-20.252,-51.219,0,"눈꽃",-15.102,-64.279,0,"SUGUN",22.838,-53.473,0,"じゃがー",11.272,-65.875,0,"ByeolBam",40.824,-95.583,0,"mungjungh",-4.211,-114.341,0,"양_뭉이",-39.277,-88.815,0,0,0,0,0,0,"",0,0,0,0,3149.497,,,,0,0
106,5,0,6,4,0,2,1,0,0,0,255,255,255,45,3162.371,"소솨소솨",R,3,60,108,-1.85,-1.297,0.202,1.432,-0.131,0.93,-36.627,12.816,4,0,-364.28,0,0,-0.656,-16.435,1,1,4,R,"Rite_",160,85,0.48,0,33,0,0,0,0,0,0,0,0,0,0,0,0,0,0,0,0.007,-37.865,0,"HANA_ARASHI",-0.4,-17.55,0,"Kr_Luna",-20.309,-51.276,0,"눈꽃",-15.094,-64.286,0,"SUGUN",22.798,-53.556,0,"じゃがー",11.207,-65.758,0,"ByeolBam",38.791,-92.864,0,"mungjungh",-4.221,-114.306,0,"양_뭉이",-39.328,-88.927,0,0,0,0,0,0,"",0,0,0,0,3163.786,,,,0,0
107,5,0,6,4,0,0,2,0,0,0,255,255,255,46,3185.766,"소솨소솨",R,3,65,110,-2.537,-1.524,0.193,1.412,-0.276,0.765,-36.649,12.904,4,0,-445.331,18.915,0,0,0,1,2,6,R,"_송글_",175,90,0.315,0,30,0,0,0,0,0,0,0,0,0,0,0,0,0,0,0,0.019,-38.042,0,"HANA_ARASHI",-0.834,-17.734,0,"Kr_Luna",-20.828,-49.846,0,"눈꽃",-15.304,-64.051,0,"SUGUN",22.811,-53.556,0,"じゃがー",11.19,-65.718,0,"ByeolBam",39.236,-92.764,0,"mungjungh",-6.419,-118.208,0,"양_뭉이",-39.573,-88.677,0,0,0,0,0,0,"",0,0,0,0,3187.141,,,,0,0
108,5,0,6,4,0,1,2,0,0,0,255,255,255,47,3199.049,"소솨소솨",R,24,52,104,1.908,-0.958,0.12,1.461,0.361,1.395,-36.59,13.825,4,0,235.78,213.189,0,0,0,1,2,6,R,"_송글_",175,90,0.315,0,30,0,0,0,0,0,0,0,0,0,0,0,0,0,0,0,0.051,-37.87,0,"HANA_ARASHI",-0.026,-17.253,0,"Kr_Luna",-20.965,-49.868,0,"눈꽃",-15.39,-64.015,0,"SUGUN",22.681,-53.673,0,"じゃがー",11.2,-65.748,0,"ByeolBam",39.115,-92.815,0,"mungjungh",-6.342,-118.307,0,"양_뭉이",-39.568,-88.712,0,0,0,0,0,0,"",0,0,0,0,3200.441,,,,0,0
109,5,0,6,4,0,2,2,0,0,0,255,255,255,48,3211.536,"소솨소솨",R,34,87,140,-0.583,-0.561,-0.037,1.409,-0.368,1.211,-36.556,6.993,0,0,85.153,-80.314,0,0,0,1,2,6,R,"_송글_",175,90,0.315,0,30,0,0,0,0,0,0,0,0,0,0,0,0,0,0,0,0.023,-38.048,0,"HANA_ARASHI",-0.078,-17.232,0,"Kr_Luna",-20.941,-49.681,0,"눈꽃",-15.395,-64.016,0,"SUGUN",22.655,-53.612,0,"じゃがー",11.227,-65.894,0,"ByeolBam",39.561,-92.406,0,"mungjungh",-6.481,-118.383,0,"양_뭉이",-39.816,-88.129,0,0,0,0,0,0,"",0,0,0,0,3212.763,,,,0,0
110,6,1,6,4,0,0,0,0,0,0,255,255,255,60,3268.299,"Yaksok~",R,33,80,132,0.341,-0.206,0.063,1.346,-0.042,1.56,-36.629,16.259,2,0,129.229,62.651,3.485,0,0,1,1,4,R,"SUGUN",180.7,90,0.295,3,35,3269.241,255,58,0,32,20,18,42,-27.024,26.984,-0.93,0.083,0.011,0,0.339,-0.269,-36.967,0,"인생최패망자",-0.022,-18.064,0,"오띵__",-18.673,-46.968,91,"vovopo 보보포",-14.462,-60.047,0,"Rite_",20.492,-48.169,0,"Amellaid",11.143,-62.719,0,"_송글_",43.66,-98.322,0,"Pugeuk",-2.25,-102.325,0,"ゆっち一",-47.175,-94.498,0,3268.986,-0.712,-20.439,0,0,"",0,0,0,0,,,,,320,2
111,6,1,6,4,0,0,1,0,0,0,255,255,255,61,3290.419,"Yaksok~",R,34,77,129,0.567,-0.407,0.119,1.308,0.122,1.444,-36.667,20.468,2,0,79.836,45.696,1.772,0,0,1,2,7,R,"mungjungh",160,80,0.501,2,56,3291.413,255,101,78,145,34,145,107,-4.649,-8.593,0.88,-0.011,-0.111,0.048,0.27,-0.254,-36.895,0,"인생최패망자",-0.012,-18.052,0,"오띵__",-18.878,-47.46,92,"vovopo 보보포",-13.851,-60.514,0,"Rite_",19.956,-47.985,0,"Amellaid",10.622,-63.321,95,"_송글_",42.523,-98.652,0,"Pugeuk",-2.29,-102.201,0,"ゆっち一",-45.81,-92.475,0,3291.319,1.109,-26.868,0,0,"",0,0,0,0,,,,,321,2
112,6,1,6,4,0,0,2,0,0,0,255,255,255,62,3313.456,"Yaksok~",R,32,75,114,2.742,-0.398,0.33,1.285,0.795,1.452,-36.85,45.2,4,0,245.388,54.509,4.843,0,0,1,3,6,R,"ByeolBam",180.3,90,0.5,0,56,0,0,0,0,0,0,0,0,0,0,0,0,0,0,0,-0.3,-37.163,0,"인생최패망자",0.035,-18.079,0,"오띵__",-19.059,-44.459,0,"vovopo 보보포",-12.2,-60.177,0,"Rite_",18.353,-47.086,0,"Amellaid",9.644,-64.185,0,"_송글_",40.957,-99.98,0,"Pugeuk",-1.437,-112.33,0,"ゆっち一",-46.971,-92.405,0,0,0,0,0,0,"",0,0,0,0,3314.486,,,,0,0
113,6,1,6,4,0,1,2,0,0,0,255,255,255,63,3341.678,"Yaksok~",R,32,80,132,0.576,-0.2,0.026,1.368,-0.112,1.617,-36.617,13.455,2,0,250,113.507,-0.893,0,0,1,3,6,R,"ByeolBam",180.3,90,0.5,3,56,3342.619,233,90,127,64,19,145,88,-8.054,26.32,-0.77,-0.04,-0.059,0,0.104,-0.23,-36.721,0,"인생최패망자",-0.003,-18.019,0,"오띵__",-18.491,-45.591,87,"vovopo 보보포",-13.867,-60.952,0,"Rite_",18.705,-46.863,0,"Amellaid",8.559,-65.51,0,"_송글_",41.086,-99.929,0,"Pugeuk",-1.221,-113.644,0,"ゆっち一",-46.909,-94.845,98,3342.797,-2.268,-23.626,0,0,"",0,0,1,0,,,,,352,2
114,6,1,6,4,0,0,2,1,0,0,6,255,255,64,3371.768,"Yaksok~",R,3,68,101,0.548,0.073,0.329,1.359,0.94,1.671,-36.911,48.797,0,0,-325.379,0,5.83,0,0,1,4,5,L,"Pring__",160,94.846,0.477,0,56,0,0,0,0,0,0,0,0,0,0,0,0,0,0,0,-0.435,-37.586,0,"인생최패망자",-0.019,-18.947,0,"오띵__",-18.879,-41.884,0,"vovopo 보보포",-5.751,-59.376,0,"Rite_",19.834,-47.103,0,"Amellaid",10.554,-64.98,0,"_송글_",38.886,-97.369,0,"Pugeuk",6.876,-115.835,0,"ゆっち一",-45.858,-93.972,0,0,0,0,0,0,"",0,0,0,0,3372.83,,,,0,0
115,6,1,6,4,0,1,2,1,0,0,6,255,255,65,3387.228,"Yaksok~",R,32,79,129,-1.461,1.628,-0.099,1.571,-0.866,2.538,-36.643,8.61,4,0,155.817,61.176,2.84,0,0,1,4,5,L,"Pring__",160,94.846,0.477,0,56,0,0,0,0,0,0,0,0,0,0,0,0,0,0,0,-0.278,-37.403,0,"인생최패망자",-0.075,-18.181,0,"오띵__",-15.145,-38.578,0,"vovopo 보보포",-4.782,-56.744,0,"Rite_",19.109,-45.981,0,"Amellaid",9.142,-62.062,0,"_송글_",38.736,-97.57,0,"Pugeuk",6.885,-115.838,0,"ゆっち一",-36.728,-101.744,0,0,0,0,0,0,"",0,0,0,0,3388.197,,,,0,0
116,6,1,6,4,0,2,2,1,0,0,6,255,255,66,3403.719,"Yaksok~",R,33,80,131,-2.903,1.43,-0.251,1.556,-1.471,2.447,-36.628,15.19,1,0,145.203,71.42,1.608,0,0,0,4,5,L,"Pring__",160,94.846,0.477,0,56,0,0,0,0,0,0,0,0,0,0,0,0,0,0,0,-0.413,-37.296,0,"인생최패망자",-0.061,-18.328,0,"오띵__",-18.782,-40.923,86,"vovopo 보보포",-3.792,-61.009,0,"Rite_",18.695,-46.329,0,"Amellaid",10.833,-63.592,0,"_송글_",38.943,-97.399,0,"Pugeuk",6.979,-107.057,0,"ゆっち一",-39.744,-96.175,0,0,0,0,0,0,"",0,0,0,0,3404.63,,,,0,0
117,6,1,6,4,1,2,2,1,0,0,6,255,255,67,3420.199,"Yaksok~",R,33,88,140,0.317,0.151,-0.006,1.415,-0.027,1.737,-36.567,8.146,0,0,122.754,44.774,2.552,0,0,1,4,5,L,"Pring__",160,94.846,0.477,0,56,0,0,0,0,0,0,0,0,0,0,0,0,0,0,0,-0.495,-37.58,0,"인생최패망자",-0.051,-18.253,0,"오띵__",-19.69,-43.069,0,"vovopo 보보포",-5.328,-59.765,0,"Rite_",18.237,-46.269,0,"Amellaid",10.648,-62.702,0,"_송글_",38.938,-97.384,0,"Pugeuk",5.826,-110.65,0,"ゆっち一",-41.557,-93.143,0,0,0,0,0,0,"",0,0,0,16,3421.03,,,,0,0
118,6,0,6,4,0,0,0,0,0,0,255,255,255,49,3511.323,"양_뭉이",R,3,72,114,-3.269,-2.215,-0.028,1.686,-0.499,0.495,-36.595,19.207,3,0,-434.67,0,0,-0.479,-20.051,0,3,3,L,"vovopo 보보포",168.3,80,0.599,0,41,0,0,0,0,0,0,0,0,0,0,0,0,0,0,0,-0.76,-37.669,0,"HANA_ARASHI",-0.557,-18.471,0,"Kr_Luna",-17.712,-52.917,0,"눈꽃",-10.803,-66.475,0,"SUGUN",21.279,-53.445,0,"Pring__",12.313,-64.879,0,"ByeolBam",43.922,-93.784,0,"mungjungh",-0.391,-110.575,0,"소솨소솨",-41.783,-83.178,0,0,0,0,0,0,"",0,0,0,0,3514.241,,,,0,6
119,6,0,6,4,2,0,0,0,0,0,255,255,255,50,3528.37,"양_뭉이",R,3,76,118,-1.086,-1.978,0.042,1.703,0.196,0.499,-36.448,22.819,1,0,-406.947,0,0,0,0,0,3,3,L,"vovopo 보보포",168.3,80,0.599,0,41,0,0,0,0,0,0,0,0,0,0,0,0,0,0,0,-0.935,-37.312,0,"HANA_ARASHI",0.068,-18.109,0,"Kr_Luna",-17.892,-52.658,0,"눈꽃",-10.733,-66.47,0,"SUGUN",21.308,-53.476,0,"Pring__",12.354,-65.089,0,"ByeolBam",41.832,-96.115,0,"mungjungh",-0.93,-108.555,0,"소솨소솨",-40.911,-81.061,0,0,0,0,0,0,"",0,0,0,0,3529.808,,,,0,0
120,6,0,6,4,3,0,0,0,0,0,255,255,255,51,3543.677,"양_뭉이",R,26,78,129,-1.872,-1.808,-0.14,1.689,-1.007,0.417,-36.535,13.038,1,0,130.167,-153.05,0,0,0,0,3,3,L,"vovopo 보보포",168.3,80,0.599,0,41,0,0,0,0,0,0,0,0,0,0,0,0,0,0,0,-1.413,-37.394,0,"HANA_ARASHI",-0.543,-18.118,0,"Kr_Luna",-17.725,-51.8,0,"눈꽃",-10.62,-66.068,0,"SUGUN",21.317,-53.489,0,"Pring__",12.318,-64.887,0,"ByeolBam",41.476,-94.908,0,"mungjungh",-0.793,-108.719,0,"소솨소솨",-40.932,-81.122,0,0,0,0,0,0,"",0,0,0,0,3545.108,,,,0,5
121,6,0,6,4,0,0,0,1,0,0,13,255,255,52,3566.16,"양_뭉이",R,32,80,131,-1.204,-1.575,-0.104,1.746,-0.825,0.546,-36.53,20.849,1,0,240.47,-182.659,0,0,0,0,4,1,R,"인생최패망자",160,90.32,0.446,0,56,0,0,0,0,0,0,0,0,0,0,0,0,0,0,0,-0.896,-37.466,0,"HANA_ARASHI",-0.115,-17.4,0,"Kr_Luna",-19.379,-48.453,0,"눈꽃",-10.553,-63.014,0,"SUGUN",15.967,-45.513,0,"Pring__",12.941,-63.893,0,"ByeolBam",41.16,-92.824,0,"mungjungh",4.317,-112.121,0,"소솨소솨",-42.145,-81.89,0,0,0,0,0,0,"",0,0,0,0,3567.463,,,,0,0
122,6,0,6,4,1,0,0,1,0,0,13,255,255,53,3580.451,"양_뭉이",R,33,77,128,-1.094,-1.749,-0.147,1.723,-0.682,0.514,-36.403,21.952,1,0,142.061,-125.983,0,0,0,0,4,1,R,"인생최패망자",160,90.32,0.446,0,56,0,0,0,0,0,0,0,0,0,0,0,0,0,0,0,-1.01,-37.385,0,"HANA_ARASHI",-0.053,-17.903,0,"Kr_Luna",-20.602,-46,0,"눈꽃",-9.505,-62.484,0,"SUGUN",16.07,-45.65,0,"Pring__",11.438,-62.739,0,"ByeolBam",40.718,-92.995,0,"mungjungh",4.312,-112.12,0,"소솨소솨",-42.232,-81.826,0,0,0,0,0,0,"",0,0,0,0,3581.819,,,,0,0
123,6,0,6,4,2,0,0,1,0,0,13,255,255,54,3597.585,"양_뭉이",R,26,72,125,0.815,-0.868,-0.005,1.864,0.074,0.881,-36.74,43.275,0,0,172.795,-200,0,0,0,0,4,1,R,"인생최패망자",160,90.32,0.446,0,56,0,0,0,0,0,0,0,0,0,0,0,0,0,0,0,-0.489,-37.502,0,"HANA_ARASHI",-0.005,-18.237,0,"Kr_Luna",-20.695,-45.251,0,"눈꽃",-9.057,-64.357,0,"SUGUN",16.052,-45.608,0,"Pring__",11.522,-62.894,0,"ByeolBam",40.552,-93.034,0,"mungjungh",4.316,-112.074,0,"소솨소솨",-42.166,-81.859,0,0,0,0,0,0,"",0,0,0,0,3598.941,,,,0,0
124,6,0,6,4,2,1,0,1,0,0,13,255,255,55,3613.314,"양_뭉이",R,5,70,122,-1.072,-1.45,-0.007,1.799,-0.349,0.788,-36.551,24.456,2,0,-77.155,0,0,0,0,1,4,1,R,"인생최패망자",160,90.32,0.446,3,56,3614.381,231,142,91,122,93,145,93,24.699,12.61,0.91,-0.023,-0.038,0,0.224,-0.759,-37.088,0,"HANA_ARASHI",-0.067,-18.013,0,"Kr_Luna",-19.109,-48.125,68,"눈꽃",-13.756,-61.456,0,"SUGUN",16.02,-45.597,0,"Pring__",11.603,-62.712,0,"ByeolBam",40.72,-93.055,0,"mungjungh",4.348,-112.036,0,"소솨소솨",-42.156,-81.881,0,0,0,0,0,0,"",0,0,0,0,,3619.914,,,133,1
125,6,0,6,4,0,0,2,0,0,0,255,255,255,56,3645.487,"양_뭉이",R,13,72,113,-3.242,-2.568,-0.137,1.694,-0.636,0.51,-36.469,19.54,4,0,-358.134,348.913,0,-0.536,-20.445,1,5,8,L,"ゆっち一",175,84.105,0.397,0,56,0,0,0,0,0,0,0,0,0,0,0,0,0,0,0,-1.204,-37.612,0,"HANA_ARASHI",-0.316,-18.621,0,"Kr_Luna",-19.686,-49.91,0,"눈꽃",-7.292,-67.029,0,"SUGUN",22.775,-51.909,0,"Pring__",11.009,-65.05,0,"ByeolBam",42.248,-93.092,0,"mungjungh",-0.093,-111.15,0,"소솨소솨",-38.475,-86.172,0,0,0,0,0,0,"",0,0,0,0,3647.975,,,,0,0
126,6,0,6,4,0,1,2,0,0,0,255,255,255,57,3660.916,"양_뭉이",R,28,76,128,-1.378,-1.733,-0.084,1.725,-0.393,0.622,-36.401,15.471,2,0,55.623,-76.892,0,0,0,1,5,8,L,"ゆっち一",175,84.105,0.397,3,56,3661.938,163,141,71,101,53,141,128,1.643,31.116,0.33,0.063,-0.092,0,0.054,-0.862,-37.218,0,"HANA_ARASHI",-0.12,-17.792,0,"Kr_Luna",-19.604,-49.191,88,"눈꽃",-7.264,-66.97,0,"SUGUN",22.718,-51.834,0,"Pring__",10.955,-64.807,0,"ByeolBam",42.681,-92.954,0,"mungjungh",0.9,-108.609,0,"소솨소솨",-39.387,-85.087,0,3662.319,-12.24,-41.146,0,0,"",0,0,0,0,,,,,385,2
127,7,1,6,4,0,0,0,0,0,0,255,255,255,68,3714.167,"Yaksok~",R,32,83,135,-0.004,0.315,0.022,1.442,-0.295,1.878,-36.678,7.423,2,0,202.558,90.266,8.612,0,0,1,5,3,L,"눈꽃",162.7,89.906,0.496,3,56,3715.227,185,125,75,92,54,145,109,-15.096,21.488,0.88,-0.007,-0.028,0,0.397,-0.429,-36.946,0,"Pugeuk",-0.032,-17.406,0,"오띵__",-19.086,-47.216,95,"vovopo 보보포",-10.331,-60.539,86,"Rite_",20.253,-51.543,0,"Amellaid",11.984,-63.941,0,"_송글_",47.421,-96.318,0,"인생최패망자",-0.191,-113.114,0,"ゆっち一",-38.706,-94.796,0,3715.063,-1.269,-23.958,0,0,"",0,0,0,0,,,,,328,2
128,7,1,6,4,0,0,1,0,0,0,255,255,255,69,3739.952,"Yaksok~",R,32,81,132,0.177,1.45,0.051,1.613,-0.195,2.601,-36.718,11.233,4,0,180.755,69.768,6.656,0,0,1,6,1,R,"HANA_ARASHI",190,85.679,0.252,0,56,0,0,0,0,0,0,0,0,0,0,0,0,0,0,0,-0.223,-37.839,0,"Pugeuk",-0.044,-17.735,120,"오띵__",-17.725,-46.35,0,"vovopo 보보포",-9.94,-59.72,0,"Rite_",22.187,-51.38,0,"Amellaid",9.932,-63.725,0,"_송글_",43.68,-94.95,0,"인생최패망자",0.882,-113.293,0,"ゆっち一",-40.835,-94.317,0,0,0,0,0,0,"",0,0,0,0,3741.375,,,,0,0
129,7,1,6,4,0,1,1,0,0,0,255,255,255,70,3754.459,"Yaksok~",R,32,73,126,4.046,0.649,0.395,1.398,1.411,2.064,-36.871,31.807,4,0,170.131,101.797,15.357,1.096,-20.986,1,6,1,R,"HANA_ARASHI",190,85.679,0.252,0,56,0,0,0,0,0,0,0,0,0,0,0,0,0,0,0,-0.169,-37.84,0,"Pugeuk",0.413,-17.888,109,"오띵__",-17.871,-46.72,0,"vovopo 보보포",-10.459,-59.982,0,"Rite_",20.789,-49.596,0,"Amellaid",8.975,-63.501,0,"_송글_",42.271,-96.289,0,"인생최패망자",0.514,-112.457,0,"ゆっち一",-42.682,-93.124,0,0,0,0,0,0,"",0,0,0,0,3757.986,,,,0,0
130,7,1,6,4,0,2,1,0,0,0,255,255,255,71,3771.379,"Yaksok~",R,32,79,130,1.927,0.824,0.055,1.542,-0.219,2.461,-36.831,15.011,2,0,187.18,179.717,14.173,0,0,1,6,1,R,"HANA_ARASHI",190,85.679,0.252,3,56,3772.513,161,66,85,63,16,145,93,16.826,36.177,-0.68,0.01,-0.062,0,0.57,-0.247,-37.512,105,"Pugeuk",-0.009,-17.713,0,"오띵__",-17.947,-46.621,97,"vovopo 보보포",-13.23,-60.057,0,"Rite_",21.065,-49.322,0,"Amellaid",8.071,-63.031,0,"_송글_",42.446,-96.205,0,"인생최패망자",0.493,-112.473,0,"ゆっち一",-43.142,-94.553,0,3775.452,-35.843,-73.424,0,0,"",0,0,1,0,,,,,352,2
131,7,1,6,4,0,0,1,1,0,0,1,255,255,72,3823.018,"Yaksok~",R,32,78,129,-0.033,0.519,-0.057,1.497,-0.266,1.992,-36.596,9.116,0,0,164.554,46.195,5.207,0,0,0,7,2,L,"Kr_Luna",190,94.58,0.497,0,56,0,0,0,0,0,0,0,0,0,0,0,0,0,0,0,-0.117,-37.53,0,"Pugeuk",-0.294,-17.514,120,"오띵__",-19.465,-44.184,0,"vovopo 보보포",-9.293,-59.989,0,"Rite_",20.46,-46.917,0,"Amellaid",12.57,-63.85,0,"_송글_",40.087,-94.532,0,"인생최패망자",1.226,-113.071,0,"ゆっち一",-45.16,-95.296,0,0,0,0,0,0,"",0,0,0,0,3824.108,,,,0,0
132,7,1,6,4,0,1,1,1,0,0,1,255,255,73,3839.136,"Yaksok~",R,32,52,111,3.872,-0.252,0.238,1.35,1.219,1.563,-36.819,40.244,1,0,241.788,67.398,9.315,0,0,0,7,2,L,"Kr_Luna",190,94.58,0.497,0,56,0,0,0,0,0,0,0,0,0,0,0,0,0,0,0,-0.182,-36.949,0,"Pugeuk",-0.301,-17.473,0,"오띵__",-19.462,-44.431,0,"vovopo 보보포",-7.517,-60.006,0,"Rite_",21.778,-51.502,0,"Amellaid",12.568,-63.894,0,"_송글_",42.159,-97.804,0,"인생최패망자",1.229,-113.074,0,"ゆっち一",-45.132,-95.914,0,0,0,0,0,0,"",0,0,0,0,3840.352,,,,0,0
133,7,1,6,4,1,1,1,1,0,0,1,255,255,74,3854.397,"Yaksok~",R,32,77,115,1.58,0.855,0.241,1.544,0.41,2.23,-36.81,25.391,2,0,150.972,55.595,6.927,0,0,0,7,2,L,"Kr_Luna",190,94.58,0.497,3,56,3855.287,115,59,100,85,56,137,90,19.768,-16.392,0.93,-0.015,-0.005,0,0.084,-0.185,-37.245,0,"Pugeuk",-0.021,-17.524,0,"오띵__",-19.892,-42.757,0,"vovopo 보보포",-10.226,-60.399,0,"Rite_",20.975,-49.887,0,"Amellaid",12.557,-63.894,0,"_송글_",44.869,-97.116,0,"인생최패망자",1.235,-113.094,95,"ゆっち一",-43.521,-91.796,0,3859.074,30.544,-86.511,0,0,"",0,0,1,0,,3863.734,3869.134,,272,2
134,7,1,6,4,0,0,1,0,1,1,255,2,1,75,3893.288,"Yaksok~",R,32,80,132,2.998,0.31,0.297,1.414,1.058,1.88,-36.727,19.856,1,0,158.842,61.907,3.54,1.153,-17.031,0,8,8,R,"소솨소솨",190,80,0.2,0,57,0,0,0,0,0,0,0,0,0,0,0,0,0,0,0,-0.09,-37.688,0,"Pugeuk",0.573,-17.166,0,"오띵__",-19.145,-45.048,0,"vovopo 보보포",-10.538,-60.157,0,"Rite_",20.156,-47.763,0,"Amellaid",7.475,-66.083,0,"_송글_",43.729,-96.696,0,"인생최패망자",0.628,-109.129,0,"ゆっち一",-47.65,-96.86,0,0,0,0,0,0,"",0,0,0,0,3895.508,3897.396,,,0,0
135,7,1,6,4,1,0,1,0,1,1,255,2,1,76,3907.609,"Yaksok~",R,32,77,128,2.687,0.327,0.192,1.453,0.783,1.933,-36.648,22.635,2,0,250,103.013,9.584,0,0,1,8,8,R,"소솨소솨",190,80,0.2,3,57,3908.535,255,113,103,54,40,145,91,45.94,-40.335,-0.79,0.03,-0.09,0,0.57,-0.077,-36.735,0,"Pugeuk",0.064,-17.413,0,"오띵__",-17.577,-46.215,0,"vovopo 보보포",-13.726,-60.545,0,"Rite_",20.141,-46.671,0,"Amellaid",7.485,-65.459,0,"_송글_",41.927,-100.181,0,"인생최패망자",0.619,-109.144,0,"ゆっち一",-46.058,-96.469,0,3913.397,51.064,-65.764,0,0,"",0,0,0,0,,3916.442,3916.744,,256,3
136,7,1,6,4,1,1,1,0,1,1,255,2,1,77,3928.555,"Yaksok~",R,32,78,129,1.54,0.85,0.15,1.519,0.39,2.24,-36.655,10.036,2,0,182.177,84.397,8.511,0,0,1,8,8,R,"소솨소솨",190,80,0.2,3,57,3929.446,229,35,0,0,22,16,66,-44.19,42.266,-0.73,0.014,-0.066,0,0.393,0.365,-36.906,0,"Pugeuk",-0.02,-17.602,0,"오띵__",-17.768,-45.938,0,"vovopo 보보포",-13.139,-61.043,0,"Rite_",20.631,-47.281,0,"Amellaid",8.239,-64.512,0,"_송글_",50.307,-98.266,0,"인생최패망자",0.534,-110.65,0,"ゆっち一",-44.291,-95.923,0,3929.274,-0.804,-20.695,0,0,"",0,0,0,0,,3934.696,3936.121,,256,3
137,7,1,6,4,1,2,1,0,1,1,255,2,1,78,3948.5,"Yaksok~",R,32,70,110,1.975,0.356,0.182,1.476,0.378,2.084,-36.865,29.707,2,0,250,177.305,6.826,0,0,1,8,8,R,"소솨소솨",190,80,0.2,3,43,3949.511,218,145,100,107,58,145,91,93.736,84.451,-0.78,0.026,-0.076,0,0.599,-0.713,-37.055,0,"Pugeuk",-0.062,-17.413,0,"오띵__",-18.263,-46.65,0,"vovopo 보보포",-13.22,-60.856,0,"Rite_",20.314,-46.187,0,"Amellaid",9.564,-61.629,0,"_송글_",50.195,-99.744,0,"인생최패망자",-0.137,-112.527,0,"ゆっち一",-46.552,-93.985,0,0,0,0,0,0,"",0,0,0,0,,3953.429,3953.265,,256,3
138,7,1,6,4,1,2,1,0,1,1,255,2,1,79,3963.604,"Yaksok~",R,33,79,130,2.622,1.002,0.245,1.537,0.914,2.316,-36.706,13.562,2,0,146.955,65.531,3.983,0,0,1,8,8,R,"소솨소솨",190,80,0.2,3,43,3964.519,255,39,96,65,25,145,91,104.8,69.228,-0.77,0,-0.079,0,0.627,-0.267,-37.301,0,"Pugeuk",-0.033,-17.49,0,"오띵__",-18.244,-46.952,0,"vovopo 보보포",-13.169,-60.665,0,"Rite_",19.866,-45.613,0,"Amellaid",8.389,-64.983,0,"_송글_",56.444,-103.337,0,"인생최패망자",0.601,-114.2,0,"ゆっち一",-46.515,-91.645,0,0,0,0,0,0,"",0,0,0,0,,3966.777,3968.571,,256,3
139,7,1,6,4,1,2,1,0,1,1,255,2,1,80,3979.099,"Yaksok~",R,32,66,121,0.449,1.133,0.082,1.57,-0.077,2.439,-36.676,10.707,2,0,163.686,96.985,6.948,0,0,1,8,8,R,"소솨소솨",190,80,0.2,3,43,3980.099,255,75,116,83,48,145,73,108.637,56.013,0.98,0.046,-0.078,0,0.568,-0.317,-37.263,0,"Pugeuk",0.029,-17.496,0,"오띵__",-17.718,-46.983,0,"vovopo 보보포",-13.281,-60.81,0,"Rite_",20.176,-46.55,0,"Amellaid",9.839,-65.022,0,"_송글_",49.16,-96.652,0,"인생최패망자",0.562,-114.452,0,"ゆっち一",-46.711,-91.775,0,0,0,0,0,0,"",0,0,0,0,,3992.944,3983.377,,256,3
140,7,1,6,4,1,2,1,0,1,1,255,2,1,81,3994.485,"Yaksok~",R,32,81,133,4.553,0.23,0.364,1.43,1.568,1.919,-36.731,26.874,4,0,250,130.066,11.284,0.679,-21.051,1,8,8,R,"소솨소솨",190,80,0.2,0,43,0,0,0,0,0,0,0,0,0,0,0,0,0,0,0,-0.129,-37.561,0,"Pugeuk",0.261,-17.737,0,"오띵__",-18.174,-47.044,0,"vovopo 보보포",-11.209,-60.077,0,"Rite_",19.493,-45.277,0,"Amellaid",7.115,-63.584,0,"_송글_",50.598,-92.063,0,"인생최패망자",0.792,-113.625,0,"ゆっち一",-48.248,-96.353,0,0,0,0,0,0,"",0,0,0,0,3997.508,4008.185,3997.607,,0,0
141,7,1,6,4,0,0,2,0,1,1,255,2,1,82,4016.44,"Yaksok~",R,33,72,125,1.311,-0.084,0.067,1.398,0.311,1.672,-36.583,12.28,4,0,149.241,64.272,5.868,0.163,-20.912,1,0,0,R,"양_뭉이",190,100,0.5,0,57,0,0,0,0,0,0,0,0,0,0,0,0,0,0,0,-0.235,-39.816,0,"Pugeuk",0.066,-17.709,0,"오띵__",-18.624,-44.445,0,"vovopo 보보포",-12.14,-59.898,0,"Rite_",18.712,-42.628,0,"Amellaid",5.96,-65.623,0,"_송글_",46.981,-94.415,0,"인생최패망자",0.764,-113.94,0,"ゆっち一",-43.654,-86.99,0,0,0,0,0,0,"",0,0,0,0,4020.141,,4018.855,,0,0
142,7,1,6,4,0,1,2,0,1,1,255,2,1,83,4049.186,"Yaksok~",R,33,85,139,0.045,1.167,0.049,1.602,-0.143,2.405,-36.627,10.644,2,0,117.138,56.929,4.496,0,0,1,0,0,R,"양_뭉이",190,100,0.5,2,57,4050.274,138,35,105,101,79,143,73,-0.343,35.541,0.98,-0.078,-0.092,0,0.36,-0.348,-36.92,0,"Pugeuk",-0.066,-17.573,0,"오띵__",-18.622,-46.27,0,"vovopo 보보포",-14.076,-60.557,0,"Rite_",19.24,-45.809,0,"Amellaid",7.753,-62.821,0,"_송글_",46.886,-94.396,0,"인생최패망자",0.173,-112.149,0,"ゆっち一",-43.788,-86.658,0,4050.663,-8.655,-29.717,0,0,"",0,0,0,0,,,,,193,2
143,7,0,6,4,0,0,0,0,0,0,255,255,255,58,4081.97,"양_뭉이",R,32,85,139,-5.619,-1.846,-0.443,1.631,-2.641,0.327,-36.544,3.605,1,0,151.152,-124.947,0,-1.206,-17.588,0,6,2,R,"오띵__",190,80,0.404,0,57,0,0,0,0,0,0,0,0,0,0,0,0,0,0,0,-0.956,-37.194,0,"HANA_ARASHI",-1.696,-17.091,0,"Kr_Luna",-19.695,-50.675,0,"눈꽃",-12.7,-65.933,0,"SUGUN",21.911,-53.959,0,"Pring__",12.197,-63.388,0,"ByeolBam",41.794,-91.63,0,"mungjungh",-0.406,-108.632,0,"소솨소솨",-39.268,-82.711,0,0,0,0,0,0,"",0,0,0,0,4084.163,,,,0,0
144,7,0,6,4,1,0,0,0,0,0,255,255,255,59,4098.563,"양_뭉이",R,3,73,115,-3.371,-0.728,-0.066,1.833,-0.743,1.151,-36.696,18.275,4,0,-405.236,2.826,0,0,0,1,6,2,R,"오띵__",190,80,0.404,0,57,0,0,0,0,0,0,0,0,0,0,0,0,0,0,0,-1.134,-37.251,0,"HANA_ARASHI",-0.419,-17.036,107,"Kr_Luna",-19.261,-51.045,0,"눈꽃",-12.167,-65.003,0,"SUGUN",21.902,-53.924,0,"Pring__",12.215,-63.457,0,"ByeolBam",41.685,-94.213,0,"mungjungh",0.879,-109.778,0,"소솨소솨",-39.59,-83.064,0,0,0,0,0,0,"",0,0,0,0,4099.752,,,,0,0
145,7,0,6,4,1,1,0,0,0,0,255,255,255,60,4113.454,"양_뭉이",R,3,77,121,-1.105,-1.375,0.068,1.722,-0.011,0.733,-36.692,25.366,2,0,-285.376,0,0,0,0,1,6,2,R,"오띵__",190,80,0.404,3,65,4114.409,189,138,114,146,11,145,94,14.457,45.139,0.93,-0.055,-0.125,0.095,0.163,-0.741,-37.024,0,"HANA_ARASHI",-0.359,-17.176,0,"Kr_Luna",-19.301,-51.069,0,"눈꽃",-12.046,-64.993,0,"SUGUN",21.901,-53.92,0,"Pring__",12.23,-63.521,0,"ByeolBam",41.792,-94.082,0,"mungjungh",1.181,-108.448,0,"소솨소솨",-40.338,-82.444,0,4116.219,-37.636,-49.265,0,0,"",0,0,0,0,,,,,1,3
146,7,0,6,4,1,2,0,0,0,0,255,255,255,61,4135.978,"양_뭉이",R,10,69,113,-1.517,-1.822,-0.093,1.803,-0.431,0.955,-36.493,23.424,4,0,-129.268,400,0,-0.318,-18.877,1,6,2,R,"오띵__",190,80,0.404,0,65,0,0,0,0,0,0,0,0,0,0,0,0,0,0,0,-1.003,-37.412,0,"HANA_ARASHI",-0.38,-17.431,0,"Kr_Luna",-20.615,-49.071,0,"눈꽃",-15.103,-63.638,0,"SUGUN",22.906,-55.18,0,"Pring__",12.032,-63.498,0,"ByeolBam",40.716,-93.145,0,"mungjungh",0.695,-109.717,0,"소솨소솨",-41.623,-85.442,0,0,0,0,0,0,"",0,0,0,0,4137.241,,,,0,0
147,7,0,6,4,0,0,1,0,0,0,255,255,255,62,4162.345,"양_뭉이",R,27,90,140,-3.696,-1.884,-0.285,1.637,-1.699,0.293,-36.571,17.284,1,0,72.113,-129.673,0,0,0,0,7,1,R,"Pugeuk",190,86.173,0.398,0,57,0,0,0,0,0,0,0,0,0,0,0,0,0,0,0,-1.191,-37.7,0,"HANA_ARASHI",-0.511,-17.77,0,"Kr_Luna",-20.325,-49.05,0,"눈꽃",-16.065,-63.507,0,"SUGUN",23.807,-54.68,0,"Pring__",11.071,-64.523,0,"ByeolBam",42.494,-94.096,0,"mungjungh",2.504,-109.429,0,"소솨소솨",-41.258,-87.798,0,0,0,0,0,0,"",0,0,0,0,4163.796,,,,0,0
148,7,0,6,4,1,0,1,0,0,0,255,255,255,63,4176.981,"양_뭉이",R,26,68,123,4.789,0.056,0.188,1.999,1.815,1.42,-36.998,56.92,1,0,153.814,-200,0,1.528,-10.623,0,7,1,R,"Pugeuk",190,86.173,0.398,0,57,0,0,0,0,0,0,0,0,0,0,0,0,0,0,0,-1.167,-37.335,0,"HANA_ARASHI",1.108,-17.248,0,"Kr_Luna",-20.334,-49.071,0,"눈꽃",-15.398,-63.468,0,"SUGUN",21.921,-55.386,0,"Pring__",14.247,-63.847,0,"ByeolBam",42.417,-93.936,0,"mungjungh",2.604,-109.525,0,"소솨소솨",-41.004,-86.902,0,0,0,0,0,0,"",0,0,0,0,,,,,0,0
149,7,0,6,4,2,0,1,0,0,0,255,255,255,64,4196.485,"양_뭉이",R,3,76,117,1.199,-0.93,0.279,1.844,1.234,1.008,-36.862,42.164,2,0,-417.806,0,0,0,0,1,7,1,R,"Pugeuk",190,86.173,0.398,3,57,4197.734,255,43,146,91,28,145,130,19.738,-13.121,0.5,0.044,-0.023,0,0.895,-0.611,-37.179,0,"HANA_ARASHI",0.017,-17.819,0,"Kr_Luna",-20.291,-49.11,0,"눈꽃",-14.556,-64.19,0,"SUGUN",21.914,-55.324,0,"Pring__",14.296,-63.875,85,"ByeolBam",42.198,-94.007,0,"mungjungh",2.535,-109.551,0,"소솨소솨",-41.236,-86.837,0,4202.219,8.184,-133.949,0,0,"",0,0,1,0,,,,,21,2
150,7,0,6,4,0,0,1,1,0,0,11,255,255,65,4231.438,"양_뭉이",R,13,79,117,-1.858,-2.76,0.008,1.679,-0.162,0.329,-36.645,30.593,1,0,-376.794,328.674,0,-0.325,-20.833,0,8,0,R,"Yaksok~",173.1,89.653,0.46,0,57,0,0,0,0,0,0,0,0,0,0,0,0,0,0,0,-1.298,-37.297,0,"HANA_ARASHI",-0.155,-17.691,105,"Kr_Luna",-20.707,-45.352,0,"눈꽃",-14.935,-62.728,0,"SUGUN",22.677,-52.671,0,"Pring__",8.214,-64.174,0,"ByeolBam",40.827,-96.402,0,"mungjungh",0.501,-115.062,0,"소솨소솨",-41.219,-86.074,0,0,0,0,0,0,"",0,0,0,0,4232.686,,,,0,0
151,7,0,6,4,1,0,1,1,0,0,11,255,255,66,4247.064,"양_뭉이",R,26,78,129,0.047,-1.572,0.007,1.761,-0.243,0.475,-36.704,37.358,2,0,172.752,-200,0,0,0,1,8,0,R,"Yaksok~",173.1,89.653,0.46,3,57,4247.966,181,85,131,0,0,137,126,25.811,25.58,0.55,-0.084,-0.032,0,0.568,-0.808,-37.089,0,"HANA_ARASHI",-0.212,-17.69,0,"Kr_Luna",-19.427,-48.478,0,"눈꽃",-14.086,-63.842,0,"SUGUN",22.63,-52.668,0,"Pring__",9.425,-62.723,0,"ByeolBam",41.233,-95.711,0,"mungjungh",0.143,-113.001,0,"소솨소솨",-41.235,-86.042,0,4252.652,-67.932,-110.043,0,0,"",0,0,0,0,,4253.78,4258.872,4264,1,4
152,7,0,6,6,0,0,1,0,0,0,255,255,255,67,4289.411,"양_뭉이",R,5,79,128,-5.467,-2.931,-0.302,1.665,-2.285,-0.009,-36.699,7.972,3,0,-52.686,0,0,-0.985,-20.941,0,0,5,L,"Amellaid",159.7,95,0.353,0,57,0,0,0,0,0,0,0,0,0,0,0,0,0,0,0,-0.839,-37.08,0,"HANA_ARASHI",-0.953,-19.178,0,"Kr_Luna",-17.97,-52.066,0,"눈꽃",-8.973,-66.513,0,"SUGUN",19.809,-46.954,0,"Pring__",11.85,-63.117,0,"ByeolBam",44.932,-95.59,0,"mungjungh",0.838,-107.1,0,"소솨소솨",-41.604,-82.97,0,0,0,0,0,0,"",0,0,0,0,4291.896,,,,0,6
153,7,0,6,6,2,0,1,0,0,0,255,255,255,68,4316.681,"양_뭉이",R,27,60,117,-0.208,-1.311,-0.059,1.785,-0.273,0.752,-36.474,23.689,1,0,111.201,-113.257,0,0,0,0,0,5,L,"Amellaid",159.7,95,0.353,0,57,0,0,0,0,0,0,0,0,0,0,0,0,0,0,0,-0.559,-37.501,0,"HANA_ARASHI",-0.171,-17.774,0,"Kr_Luna",-18.042,-51.988,0,"눈꽃",-8.764,-66.584,0,"SUGUN",20.307,-49.248,0,"Pring__",14.86,-63.224,0,"ByeolBam",42.406,-92.27,0,"mungjungh",0.787,-107.148,0,"소솨소솨",-42.542,-85.288,0,0,0,0,0,0,"",0,0,0,0,4317.919,,,,0,0
154,7,0,6,6,3,0,1,0,0,0,255,255,255,69,4330.974,"양_뭉이",R,26,70,124,3.664,-1.28,0.191,1.903,1.482,0.685,-36.956,62.55,4,0,63.8,-172.168,0,0,0,1,0,5,L,"Amellaid",159.7,95,0.353,0,57,0,0,0,0,0,0,0,0,0,0,0,0,0,0,0,-0.433,-37.184,0,"HANA_ARASHI",0.496,-18.724,0,"Kr_Luna",-19.079,-53.844,0,"눈꽃",-9.264,-66.456,0,"SUGUN",20.148,-49.18,0,"Pring__",14.863,-63.235,0,"ByeolBam",42.63,-92.254,0,"mungjungh",0.796,-107.16,0,"소솨소솨",-42.845,-86.178,0,0,0,0,0,0,"",0,0,0,0,4332.174,,,,0,0
155,7,0,6,6,3,1,1,0,0,0,255,255,255,70,4348.769,"양_뭉이",R,3,68,112,-1.472,-2.078,0.053,1.805,0.074,0.843,-36.796,34.517,1,0,-388.917,227.614,0,-0.355,-19.004,0,0,5,L,"Amellaid",159.7,95,0.353,0,57,0,0,0,0,0,0,0,0,0,0,0,0,0,0,0,-0.688,-37.642,0,"HANA_ARASHI",-0.115,-18.183,0,"Kr_Luna",-19.103,-53.667,0,"눈꽃",-8.864,-65.958,0,"SUGUN",21.011,-48.726,0,"Pring__",14.795,-63.439,0,"ByeolBam",42.638,-92.244,0,"mungjungh",0.808,-107.102,0,"소솨소솨",-42.787,-86.275,0,0,0,0,0,0,"",0,0,0,0,4349.997,,,,0,5
156,7,0,6,6,0,0,1,1,0,0,15,255,255,71,4370.75,"양_뭉이",R,26,69,123,-1.157,-0.848,-0.099,1.864,-0.745,0.94,-36.795,28.932,0,0,147.715,-154.04,0,0,0,0,1,4,R,"Rite_",160,85,0.48,0,32,0,0,0,0,0,0,0,0,0,0,0,0,0,0,0,-0.506,-37.955,0,"HANA_ARASHI",-0.346,-18.382,0,"Kr_Luna",-19.579,-48.223,0,"눈꽃",-14.218,-62.899,0,"SUGUN",21,-48.745,0,"Pring__",9.384,-62.472,0,"ByeolBam",42.491,-93.133,0,"mungjungh",0.756,-107.153,0,"소솨소솨",-35.978,-78.97,0,0,0,0,0,0,"",0,0,0,0,4372.041,,,,0,0
157,7,0,6,6,0,1,1,1,0,0,15,255,255,72,4385.396,"양_뭉이",R,13,66,109,5.043,-1.81,0.286,1.94,2.985,1.24,-37.276,63.987,3,0,-329.605,373.307,0,1.314,-20.857,0,1,4,R,"Rite_",160,85,0.48,0,32,0,0,0,0,0,0,0,0,0,0,0,0,0,0,0,-0.455,-37.374,0,"HANA_ARASHI",0.947,-19.86,0,"Kr_Luna",-19.656,-47.286,0,"눈꽃",-14.23,-63.645,0,"SUGUN",20.985,-48.776,0,"Pring__",9.809,-62.527,0,"ByeolBam",42.321,-93.197,0,"mungjungh",0.917,-107.108,0,"소솨소솨",-37.015,-79.861,0,0,0,0,0,0,"",0,0,0,0,4387.607,,,,0,6
158,7,0,6,6,2,1,1,1,0,0,14,255,255,73,4416.962,"양_뭉이",R,28,65,120,-3.761,-1.901,-0.265,1.764,-1.735,0.49,-36.569,10.95,1,0,65.912,-67.27,0,0,0,0,1,4,R,"Rite_",160,85,0.48,0,32,0,0,0,0,0,0,0,0,0,0,0,0,0,0,0,-0.865,-37.106,0,"HANA_ARASHI",-0.523,-18.133,0,"Kr_Luna",-20.258,-43.942,0,"눈꽃",-12.836,-64.71,0,"SUGUN",21.801,-49.867,0,"Pring__",12.804,-63.72,0,"ByeolBam",42.53,-93.233,0,"mungjungh",1.005,-107.145,0,"소솨소솨",-37.927,-81.484,0,0,0,0,0,0,"",0,0,0,0,4418.163,,,,0,0
159,7,0,6,6,3,1,1,1,0,0,14,255,255,74,4434.987,"양_뭉이",R,0,67,120,-2.84,-1.558,-0.164,1.809,-1.158,0.821,-36.578,17.08,1,0,-44.334,49.618,0,0,0,0,1,4,R,"Rite_",160,85,0.48,0,32,0,0,0,0,0,0,0,0,0,0,0,0,0,0,0,-0.887,-37.05,0,"HANA_ARASHI",-0.075,-17.174,0,"Kr_Luna",-19.839,-46.235,0,"눈꽃",-12.795,-64.732,0,"SUGUN",21.804,-49.839,0,"Pring__",12.802,-63.709,0,"ByeolBam",42.529,-93.233,0,"mungjungh",0.697,-106.819,0,"소솨소솨",-37.893,-81.537,0,0,0,0,0,0,"",0,0,0,0,4436.141,4444.901,,,0,5
160,7,0,6,6,0,0,1,1,1,0,14,255,255,75,4465.605,"양_뭉이",R,13,60,105,-1.823,-1.561,-0.032,1.894,-0.121,1.268,-36.876,42.63,2,0,-327.942,363.273,0,0,0,1,2,6,R,"_송글_",175,90,0.315,3,56,4466.707,158,119,77,79,55,145,100,-4.361,27.851,0.93,0.042,-0.058,0,0.334,-0.807,-37.558,0,"HANA_ARASHI",-0.078,-17.622,0,"Kr_Luna",-19.888,-49.352,104,"눈꽃",-13.669,-63.867,0,"SUGUN",21.771,-49.807,0,"Pring__",10.13,-54.178,0,"ByeolBam",42.522,-93.23,0,"mungjungh",1.859,-91.972,0,"소솨소솨",-33.04,-74.998,0,4466.452,-2.245,-23.213,0,0,"",0,0,1,1,,4471.478,,,131,2
161,7,0,6,6,0,0,1,1,1,0,16,255,255,76,4504.834,"양_뭉이",R,27,56,114,-1.564,-1.951,-0.106,1.751,-0.845,0.329,-36.843,27.986,1,0,91.876,-112.828,0,0,0,0,2,6,R,"_송글_",175,90,0.315,0,56,0,0,0,0,0,0,0,0,0,0,0,0,0,0,0,-0.506,-37.384,0,"HANA_ARASHI",0.164,-21.191,0,"Kr_Luna",-20.323,-46.663,0,"눈꽃",-15.008,-63.136,0,"SUGUN",16.321,-45.988,0,"Pring__",8.926,-57.773,0,"ByeolBam",31.957,-75.79,0,"mungjungh",-0.339,-107.622,0,"소솨소솨",-34.064,-81.924,0,0,0,0,0,0,"",0,0,0,0,4506.141,,,,0,0
162,7,0,6,6,1,0,1,1,1,0,16,255,255,77,4549.165,"양_뭉이",R,3,71,118,-1.676,-1.47,-0.024,1.787,-0.288,0.734,-36.775,34.094,2,0,-260.302,0,0,0,0,1,2,6,R,"_송글_",175,90,0.315,3,56,4550.212,249,120,126,85,70,145,127,-10.627,23.948,0.71,-0.036,-0.059,0,0.42,-0.635,-37.263,0,"HANA_ARASHI",-0.097,-18.121,116,"Kr_Luna",-19.14,-50.423,0,"눈꽃",-13.43,-64.704,0,"SUGUN",15.844,-45.402,86,"Pring__",11.769,-62.296,0,"ByeolBam",44.023,-93.907,113,"mungjungh",0.233,-111.454,0,"소솨소솨",-34.147,-79.329,0,4549.908,-1.224,-21.714,0,0,"",0,0,1,0,4566.597,4556.901,4555.019,4564.459,107,2
163,7,0,6,7,0,0,1,1,1,0,16,14,255,78,4589.402,"양_뭉이",R,3,73,114,-0.308,-1.337,0.195,1.787,0.653,0.9,-36.689,25.622,4,0,-440.958,35.609,0,0,0,1,3,3,L,"vovopo 보보포",168.3,80,0.599,0,41,0,0,0,0,0,0,0,0,0,0,0,0,0,0,0,-0.825,-37.431,0,"HANA_ARASHI",-0.062,-18.203,118,"Kr_Luna",-20.216,-45.569,0,"눈꽃",-12.649,-64.691,0,"SUGUN",20.554,-48.449,0,"Pring__",12.18,-61.02,0,"ByeolBam",43.654,-94.943,0,"mungjungh",4.173,-105.331,0,"소솨소솨",-35.817,-86.381,0,0,0,0,0,0,"",0,0,0,0,4590.819,,,,0,0
164,7,0,6,7,0,1,1,1,1,0,16,14,255,79,4607.711,"양_뭉이",R,10,73,116,-3.802,-2.832,-0.224,1.687,-1.548,0.33,-36.646,16.928,2,0,-60.558,400,0,-0.679,-21.192,1,3,3,L,"vovopo 보보포",168.3,80,0.599,3,41,4608.852,255,251,166,117,73,145,63,-30,-31.524,1,0.011,-0.107,0,0.673,-1.004,-37.166,0,"HANA_ARASHI",-0.138,-18.285,0,"Kr_Luna",-18.411,-49.099,57,"눈꽃",-14.704,-64.106,0,"SUGUN",19.769,-49.643,0,"Pring__",11.563,-62.326,0,"ByeolBam",43.591,-94.515,0,"mungjungh",4.759,-109.277,0,"소솨소솨",-37.618,-85.608,0,4608.563,-0.64,-20.048,0,0,"",0,0,1,0,,4614.228,4614.648,,131,2
165,7,0,6,7,0,0,1,1,1,1,13,16,14,80,4636.787,"양_뭉이",R,28,74,126,-6.755,-2.97,-0.437,1.635,-3.054,-0.281,-36.63,6.54,4,0,81.173,-92.059,0,-1.539,-18.443,1,4,7,R,"인생최패망자",160,90.32,0.446,0,56,0,0,0,0,0,0,0,0,0,0,0,0,0,0,0,-0.602,-37.271,0,"HANA_ARASHI",-1.864,-19.324,120,"Kr_Luna",-20.241,-46.269,0,"눈꽃",-12.444,-64.559,0,"SUGUN",19.107,-42.788,0,"Pring__",10.393,-56.354,0,"ByeolBam",39.585,-86.129,0,"mungjungh",1.627,-112.371,0,"소솨소솨",-34.923,-81.963,0,0,0,0,0,0,"",0,0,0,0,4640.474,,,,0,0
166,7,0,6,7,0,1,1,1,1,1,13,16,14,81,4690.911,"HANA_ARASHI",R,26,82,134,2.132,2.348,0.209,1.955,0.973,2.553,-36.508,33.445,4,0,-114.659,-200,0,-0.283,-21.339,1,4,7,R,"인생최패망자",160,90.32,0.446,0,72,0,0,0,0,0,0,0,0,0,0,0,0,0,0,0,0.123,-37.524,0,"양_뭉이",0.131,-18.662,0,"Kr_Luna",-20.825,-48.924,0,"눈꽃",-13.223,-62.177,0,"SUGUN",19.879,-45.058,0,"Pring__",12.638,-61.577,0,"ByeolBam",43.017,-89.15,0,"mungjungh",3.26,-111.748,0,"소솨소솨",-38.389,-85.425,0,0,0,0,0,0,"",0,0,0,0,4695.341,,,,0,0
167,7,0,6,7,0,2,1,1,1,1,13,16,14,82,4713.485,"HANA_ARASHI",R,10,61,108,1.464,-0.356,0.356,1.969,0.628,2.073,-36.835,62.691,0,0,0,399.791,0,0,0,0,4,7,R,"인생최패망자",160,90.32,0.446,0,72,0,0,0,0,0,0,0,0,0,0,0,0,0,0,0,-0.202,-37.546,0,"양_뭉이",-0.134,-18.611,0,"Kr_Luna",-19.999,-46.158,0,"눈꽃",-13.27,-62.018,0,"SUGUN",19.67,-46.037,0,"Pring__",12.279,-61.306,0,"ByeolBam",42.449,-88.084,0,"mungjungh",2.615,-111.39,0,"소솨소솨",-35.183,-80.624,0,0,0,0,0,0,"",0,0,0,0,4714.696,,,,0,0
168,7,0,6,7,0,0,2,1,1,1,13,16,14,83,4734.535,"HANA_ARASHI",R,26,87,140,-0.251,0.169,0.027,1.583,0.127,1.521,-36.357,22.668,2,0,-180.255,-200,0,0,0,1,5,8,L,"ゆっち一",175,84.105,0.397,3,56,4735.562,157,106,76,72,27,145,91,104.544,-1.347,-0.52,0.003,-0.053,0,0.157,-0.397,-37.136,0,"양_뭉이",0.015,-18.188,0,"Kr_Luna",-18.987,-49.369,0,"눈꽃",-10.884,-65.626,0,"SUGUN",19.684,-46.165,0,"Pring__",13.886,-64.484,0,"ByeolBam",43.893,-94.016,0,"mungjungh",2.592,-111.27,0,"소솨소솨",-41.43,-93.498,0,4741.674,-1.245,10.489,0,0,"",0,0,0,0,,4741.435,4737.63,,64,3
169,7,0,6,7,0,1,2,1,1,1,13,16,14,84,4751.653,"HANA_ARASHI",R,14,82,121,2.178,-0.221,0.074,1.873,0.343,1.854,-36.336,24.285,4,0,381.321,323.411,0,0.766,-14.938,1,5,8,L,"ゆっち一",175,84.105,0.397,0,56,0,0,0,0,0,0,0,0,0,0,0,0,0,0,0,0.398,-37.095,0,"양_뭉이",0.068,-18.648,0,"Kr_Luna",-19.176,-43.526,0,"눈꽃",-10.665,-65.513,0,"SUGUN",19.511,-47.622,0,"Pring__",13.152,-63.759,0,"ByeolBam",42.994,-92.62,0,"mungjungh",2.728,-112.204,0,"소솨소솨",-41.494,-93.51,0,0,0,0,0,0,"",0,0,0,0,4753.097,4758.751,4753.676,,0,0
170,7,0,6,7,0,2,2,1,1,1,13,16,14,85,4768.365,"HANA_ARASHI",R,26,85,138,-0.293,1.951,0.019,1.874,0.086,2.544,-36.373,16.346,4,0,-159.623,-200,0,-0.325,-18.803,1,5,8,L,"ゆっち一",175,84.105,0.397,0,56,0,0,0,0,0,0,0,0,0,0,0,0,0,0,0,-0.15,-37.888,0,"양_뭉이",0.068,-18.075,0,"Kr_Luna",-21.372,-47.349,0,"눈꽃",-12.747,-65.272,0,"SUGUN",20.017,-47.178,0,"Pring__",13.091,-64.25,0,"ByeolBam",42.777,-92.699,0,"mungjungh",2.929,-112.092,0,"소솨소솨",-41.357,-93.606,0,0,0,0,0,0,"",0,0,0,0,4774.796,4773.148,4770.028,,0,0
171,8,1,6,7,0,0,0,0,0,0,255,255,255,84,4808.551,"Yaksok~",R,32,84,137,5.437,-0.271,0.124,1.538,0.578,1.285,-36.593,31.197,2,0,244.526,-96.172,0,0,0,1,1,4,R,"SUGUN",180.7,90,0.295,3,35,4809.404,255,80,128,71,29,145,85,6.334,-27.714,-0.92,0.014,-0.014,0,0.378,-0.232,-36.563,0,"Pugeuk",-0.07,-17.406,0,"오띵__",-18.543,-47.915,86,"vovopo 보보포",-13.592,-60.829,0,"Rite_",21.572,-47.939,94,"Amellaid",10.403,-63.734,0,"_송글_",43.488,-97.479,0,"인생최패망자",0.002,-111.096,0,"ゆっち一",-43.871,-90.103,0,4810.241,14.515,-43.034,0,0,"",0,0,0,0,,,,,322,2
172,8,1,6,7,0,0,1,0,0,0,255,255,255,85,4830.704,"Yaksok~",R,34,89,140,-0.514,-1.385,-0.076,1.433,-0.353,0.834,-36.457,4.562,1,0,99.232,-30.819,0,0,0,0,2,7,R,"mungjungh",160,80,0.501,0,56,0,0,0,0,0,0,0,0,0,0,0,0,0,0,0,-0.544,-37.049,0,"Pugeuk",-0.111,-17.482,0,"오띵__",-19.132,-44.24,0,"vovopo 보보포",-9.905,-59.969,0,"Rite_",20.689,-48.185,0,"Amellaid",8.975,-62.759,0,"_송글_",38.085,-91.761,0,"인생최패망자",0.069,-111.101,0,"ゆっち一",-42.867,-89.003,0,0,0,0,0,0,"",0,0,0,0,4831.852,,,,0,0
173,8,1,6,7,1,0,1,0,0,0,255,255,255,86,4844.695,"Yaksok~",R,42,56,98,-0.963,1.172,0.017,1.85,0.032,1.985,-36.749,18.936,0,0,-203.046,-200,0,0,0,1,2,7,R,"mungjungh",160,80,0.501,0,56,0,0,0,0,0,0,0,0,0,0,0,0,0,0,0,0.34,-36.537,0,"Pugeuk",-0.211,-17.369,116,"오띵__",-18.91,-43.436,0,"vovopo 보보포",-10.905,-60.071,0,"Rite_",20.357,-47.733,0,"Amellaid",8.158,-66.185,0,"_송글_",38.93,-90.077,0,"인생최패망자",0.072,-111.102,0,"ゆっち一",-41.951,-87.53,0,0,0,0,0,0,"",0,0,0,0,4846.008,,,,0,0
174,8,1,6,7,1,1,1,0,0,0,255,255,255,87,4858.082,"Yaksok~",R,10,60,93,-2.358,-1.451,-0.156,1.674,-0.745,1.631,-36.66,7.219,4,0,-119.783,400,0,-0.505,-18.333,1,2,7,R,"mungjungh",160,80,0.501,0,56,0,0,0,0,0,0,0,0,0,0,0,0,0,0,0,-0.185,-36.848,0,"Pugeuk",-0.418,-17.521,120,"오띵__",-18.665,-42.797,0,"vovopo 보보포",-10.621,-59.782,0,"Rite_",19.979,-47.475,0,"Amellaid",6.82,-64.857,0,"_송글_",38.783,-89.865,0,"인생최패망자",0.073,-111.101,0,"ゆっち一",-43.879,-86.939,0,0,0,0,0,0,"",0,0,0,0,4859.597,,,,0,0
175,8,1,6,7,1,2,1,0,0,0,255,255,255,88,4872.396,"Yaksok~",R,32,83,136,-1.63,0.579,-0.136,1.732,-0.922,1.852,-36.625,12.369,4,0,152.961,-42.825,0,0,0,1,2,7,R,"mungjungh",160,80,0.501,0,56,0,0,0,0,0,0,0,0,0,0,0,0,0,0,0,-0.523,-37.183,0,"Pugeuk",0.082,-18.514,0,"오띵__",-17.881,-43.929,0,"vovopo 보보포",-10.314,-60.154,0,"Rite_",19.613,-46.862,0,"Amellaid",7.528,-64.882,0,"_송글_",38.833,-89.881,0,"인생최패망자",0.072,-111.106,0,"ゆっち一",-43.882,-86.977,0,0,0,0,0,0,"",0,0,0,0,4873.53,,,,0,0
176,8,1,6,7,0,0,2,0,0,0,255,255,255,89,4889.251,"Yaksok~",R,10,59,92,-1.77,-1.198,-0.019,1.684,-0.462,1.627,-36.721,7.131,4,0,-129.381,400,0,-0.421,-17.896,1,3,6,R,"ByeolBam",179.9,90,0.5,0,56,0,0,0,0,0,0,0,0,0,0,0,0,0,0,0,0.135,-37.196,0,"Pugeuk",-0.274,-17.343,0,"오띵__",-18.803,-43.79,0,"vovopo 보보포",-13.859,-60.676,0,"Rite_",19.197,-46.526,0,"Amellaid",8.302,-63.896,0,"_송글_",38.853,-89.673,0,"인생최패망자",0.067,-111.102,0,"ゆっち一",-43.977,-94.293,0,0,0,0,0,0,"",0,0,0,0,4890.686,,,,0,0
177,8,1,6,7,0,1,2,0,0,0,255,255,255,90,4902.997,"Yaksok~",R,13,65,95,-1.309,-1.086,0.15,1.58,0.184,1.5,-36.724,13.134,2,0,-337.193,312.348,0,0,0,1,3,6,R,"ByeolBam",179.9,90,0.5,3,56,4904.101,249,105,111,103,54,145,129,28.191,-20.137,0.47,-0.068,-0.092,0,0.094,-0.257,-36.803,0,"Pugeuk",-0.069,-17.25,0,"오띵__",-18.72,-46.787,0,"vovopo 보보포",-13.878,-60.687,73,"Rite_",18.917,-45.604,0,"Amellaid",8.065,-64.315,0,"_송글_",38.807,-89.933,0,"인생최패망자",0.067,-111.105,0,"ゆっち一",-43.166,-93.292,0,4908.33,29.267,-125.28,0,0,"",0,0,1,0,,4914.084,,,280,2
178,8,1,6,7,0,0,2,0,1,0,255,6,255,91,4934.109,"Yaksok~",R,26,59,101,0.642,0.823,0.202,1.768,0.683,1.764,-36.748,18.559,0,0,-192.774,-200,0,0,0,1,4,5,L,"Pring__",160,94.846,0.477,0,56,0,0,0,0,0,0,0,0,0,0,0,0,0,0,0,-0.32,-37.392,0,"Pugeuk",-0.027,-17.473,0,"오띵__",-17.985,-44.15,0,"vovopo 보보포",-6.442,-60.974,0,"Rite_",20.093,-46.52,0,"Amellaid",14.228,-63.945,0,"_송글_",45.416,-101.023,0,"인생최패망자",21.082,-127.154,0,"ゆっち一",-34.971,-100.262,0,0,0,0,0,0,"",0,0,0,0,4935.352,4937.084,,,0,0
179,8,1,6,7,0,1,2,0,1,0,255,6,255,92,4946.952,"Yaksok~",R,14,58,90,3.43,-1.756,0.201,1.601,0.731,1.359,-36.747,20.267,4,0,311.876,323.575,0,0.752,-18.704,1,4,5,L,"Pring__",160,94.846,0.477,0,56,0,0,0,0,0,0,0,0,0,0,0,0,0,0,0,-0.129,-37.517,0,"Pugeuk",0.73,-17.278,111,"오띵__",-18.833,-43.16,0,"vovopo 보보포",-5.391,-59.792,0,"Rite_",19.541,-45.656,0,"Amellaid",15.784,-60.854,0,"_송글_",46.612,-103.872,0,"인생최패망자",21.088,-127.155,0,"ゆっち一",-35.584,-98.859,0,0,0,0,0,0,"",0,0,0,0,4952.074,,4953.026,,0,0
180,8,1,6,7,0,2,2,0,0,1,255,255,6,93,4970.35,"Yaksok~",R,13,60,92,0.523,-1.244,0.394,1.666,0.952,1.636,-36.822,27.217,2,0,-308.837,337.114,0,0,0,1,4,5,L,"Pring__",160,94.846,0.477,1,56,4971.414,196,86,98,85,54,145,96,30.506,-3.722,0.03,-0.014,-0.056,0,0.527,-0.229,-36.878,0,"Pugeuk",0.021,-17.376,0,"오띵__",-17.628,-45.905,0,"vovopo 보보포",-9.422,-60.667,0,"Rite_",18.168,-44.905,0,"Amellaid",13.481,-59.213,85,"_송글_",46.621,-103.878,0,"인생최패망자",20.998,-127.289,0,"ゆっち一",-35.519,-98.858,0,4975.752,-0.229,-98.53,0,0,"",0,0,1,0,,,,4976.261,337,2
181,8,1,7,7,0,0,2,1,0,0,5,255,255,94,5016.023,"Yaksok~",R,33,84,138,-5.08,-2.082,-0.522,1.384,-2.43,0.663,-36.535,32.354,3,0,145.146,-21.903,0,-1.221,-19.923,0,5,3,L,"눈꽃",162.7,89.906,0.496,0,56,0,0,0,0,0,0,0,0,0,0,0,0,0,0,0,1.218,-32.547,0,"Pugeuk",-0.563,-18.456,0,"오띵__",-19.947,-44.123,0,"vovopo 보보포",-6.843,-58.956,0,"Rite_",18.976,-43.66,0,"Amellaid",13.015,-65.872,0,"_송글_",44.526,-99.705,0,"인생최패망자",0.107,-111.432,0,"ゆっち一",-37.683,-102.266,0,0,0,0,0,0,"",0,0,0,0,5019.263,,,,0,6
182,8,1,7,7,0,0,2,1,1,0,3,5,255,95,5042.338,"Yaksok~",R,10,58,95,-0.406,-0.281,0.076,1.736,-0.022,1.883,-36.871,26.253,2,0,-68.984,278.588,0,0,0,1,6,0,R,"HANA_ARASHI",190,85.679,0.252,3,56,5043.574,186,82,117,106,106,145,87,-14.013,-13.759,0.95,-0.043,-0.056,0,0.5,-0.955,-34.763,0,"Pugeuk",-0.075,-17.305,0,"오띵__",-18.818,-44.655,0,"vovopo 보보포",-13.507,-60.816,0,"Rite_",19.29,-47.726,0,"Amellaid",9.747,-63.5,95,"_송글_",44.846,-98.409,0,"인생최패망자",0.095,-112.319,0,"ゆっち一",-45.105,-89.497,0,5043.363,0.78,-24.415,0,0,"",0,0,0,0,,5048.035,5048.539,,65,2
183,8,0,7,7,0,0,0,0,0,0,255,255,255,86,5088.94,"HANA_ARASHI",R,32,89,140,-4.827,1.512,-0.398,1.275,-2.319,2.546,-36.359,23.28,1,0,174.552,-44.718,0,0,0,0,6,2,R,"오띵__",190,80,0.404,0,56,0,0,0,0,0,0,0,0,0,0,0,0,0,0,0,-0.27,-37.368,0,"소솨소솨",-0.41,-17.473,0,"Kr_Luna",-19.849,-48.421,0,"눈꽃",-14.68,-64.242,0,"SUGUN",21.637,-52.437,0,"Pring__",13.409,-61.388,0,"ByeolBam",39.784,-90.907,0,"mungjungh",-0.618,-114.134,0,"AI",-40.8,-90.55,0,0,0,0,0,0,"",0,0,0,0,5089.83,,,,0,0
184,8,0,7,7,1,0,0,0,0,0,255,255,255,87,5099.397,"HANA_ARASHI",R,32,83,136,2.976,-0.316,0.315,0.91,0.996,1.364,-36.632,49.385,4,0,250,-56.811,0,1.113,-19.547,1,6,2,R,"오띵__",190,80,0.404,0,56,0,0,0,0,0,0,0,0,0,0,0,0,0,0,0,-0.272,-37.435,0,"소솨소솨",0.41,-18.478,0,"Kr_Luna",-20.142,-48.778,0,"눈꽃",-14.946,-64.045,0,"SUGUN",21.418,-52.571,0,"Pring__",13.442,-61.322,0,"ByeolBam",39.869,-90.784,0,"mungjungh",-0.505,-113.132,0,"AI",-40.8,-90.55,0,0,0,0,0,0,"",0,0,0,0,5101.452,,,,0,0
185,8,0,7,7,1,1,0,0,0,0,255,255,255,88,5111.793,"HANA_ARASHI",R,3,74,115,0.607,-0.894,0.331,0.824,1.074,1.082,-36.648,50.887,0,0,-465.684,0,0,-0.632,-11.692,0,6,2,R,"오띵__",190,80,0.404,0,56,0,0,0,0,0,0,0,0,0,0,0,0,0,0,0,-0.29,-37.484,0,"소솨소솨",-0.018,-17.761,0,"Kr_Luna",-21.269,-50.38,0,"눈꽃",-13.993,-64.414,0,"SUGUN",20.557,-51.114,0,"Pring__",13.528,-61.45,0,"ByeolBam",39.87,-90.796,0,"mungjungh",-0.787,-115.416,0,"AI",-40.8,-90.55,0,0,0,0,0,0,"",0,0,0,0,5113.019,,,,0,0
186,8,0,7,7,1,2,0,0,0,0,255,255,255,89,5123.575,"HANA_ARASHI",R,0,78,129,0.191,0.563,0.118,1.103,0.08,1.987,-36.427,26.71,0,0,0,0,0,0,0,1,6,2,R,"오띵__",190,80,0.404,0,56,0,0,0,0,0,0,0,0,0,0,0,0,0,0,0,-0.423,-37.536,0,"소솨소솨",-0.035,-17.6,0,"Kr_Luna",-21.204,-50.051,0,"눈꽃",-14.575,-64.462,0,"SUGUN",22.56,-51.686,0,"Pring__",13.449,-61.292,0,"ByeolBam",39.859,-90.878,0,"mungjungh",-0.784,-115.413,0,"AI",-40.8,-90.55,0,0,0,0,0,0,"",0,0,0,0,5124.563,,,,0,0
187,8,0,7,7,0,0,1,0,0,0,255,255,255,90,5143.905,"HANA_ARASHI",R,3,80,118,-0.115,0.425,0.26,1.077,0.743,1.902,-36.414,27.76,2,0,-498.421,0,0,0,0,1,7,1,R,"Pugeuk",190,86.173,0.398,3,56,5145.11,158,28,144,60,31,145,127,-11.46,39.999,0.71,0.069,0.022,0,0.638,-0.488,-37.046,0,"소솨소솨",-0.054,-17.778,0,"Kr_Luna",-21.204,-49.257,0,"눈꽃",-15.078,-64.159,0,"SUGUN",24.099,-53.91,0,"Pring__",13.478,-61.339,89,"ByeolBam",42.716,-95.662,0,"mungjungh",-0.278,-121.525,0,"AI",-40.8,-90.55,0,5150.174,-61.999,-98.858,0,0,"",0,0,1,0,,,,,80,2
188,8,0,7,7,0,0,1,1,0,0,11,255,255,91,5175.13,"HANA_ARASHI",R,32,83,135,-1.216,0.54,0.004,1.079,-0.866,1.934,-36.339,21.74,2,0,248.752,-4.164,0,0,0,1,8,0,R,"Yaksok~",173.1,89.653,0.46,3,61,5176.007,79,171,136,21,0,120,101,109.724,-26.824,0.82,-0.056,-0.017,0,0.527,-0.224,-36.852,0,"소솨소솨",-0.083,-17.774,0,"Kr_Luna",-19.662,-41.698,0,"눈꽃",-16.293,-63.12,0,"SUGUN",20.227,-49.608,0,"Pring__",9.055,-63.721,0,"ByeolBam",42.548,-91.639,0,"mungjungh",1.554,-117.062,0,"AI",-40.8,-90.55,0,0,0,0,0,0,"",0,0,0,0,,,,,64,3
189,8,0,7,7,0,1,1,1,0,0,11,255,255,92,5193.008,"HANA_ARASHI",R,3,77,117,-1.045,-0.403,0.342,0.93,0.287,1.404,-36.527,41.632,0,0,-439.386,0,0,-0.545,-18.677,0,8,0,R,"Yaksok~",173.1,89.653,0.46,0,61,0,0,0,0,0,0,0,0,0,0,0,0,0,0,0,-0.591,-36.963,0,"소솨소솨",-0.247,-18.755,0,"Kr_Luna",-20.613,-45.963,0,"눈꽃",-15.4,-63.52,0,"SUGUN",21.659,-52.941,0,"Pring__",3.638,-61.335,0,"ByeolBam",41.199,-95.131,0,"mungjungh",1.127,-115.629,0,"AI",-40.8,-90.55,0,0,0,0,0,0,"",0,0,0,0,5196.463,5196.498,,,0,0
190,8,0,7,7,0,2,1,0,1,0,255,11,255,93,5211.371,"HANA_ARASHI",R,3,84,128,-1.102,-0.59,0.292,0.898,0.055,1.292,-36.47,36.916,0,0,-362.943,0,0,0,0,0,8,0,R,"Yaksok~",173.1,89.653,0.46,0,61,0,0,0,0,0,0,0,0,0,0,0,0,0,0,0,-0.444,-37.298,0,"소솨소솨",-0.234,-17.367,0,"Kr_Luna",-20.616,-46.021,0,"눈꽃",-15.919,-63.311,0,"SUGUN",19.633,-47.971,0,"Pring__",4.361,-59.504,0,"ByeolBam",41.585,-94.533,0,"mungjungh",-2.128,-116.769,0,"AI",-40.8,-90.55,0,0,0,0,0,0,"",0,0,0,0,5212.319,5213.713,,,0,0
191,8,0,7,7,0,0,2,0,1,0,255,11,255,94,5232.765,"HANA_ARASHI",R,32,83,135,0.537,0.153,0.256,0.99,-0.116,1.616,-36.431,34.183,0,0,250,-87.173,0,0,0,0,0,5,L,"Amellaid",159.7,95,0.353,0,56,0,0,0,0,0,0,0,0,0,0,0,0,0,0,0,-0.178,-37.075,0,"소솨소솨",-0.07,-17.298,0,"Kr_Luna",-20.642,-46.7,0,"눈꽃",-6.537,-64.074,0,"SUGUN",19.697,-46.661,0,"Pring__",13.571,-59.883,0,"ByeolBam",41.64,-93.822,0,"mungjungh",1.6,-114.816,0,"AI",-40.8,-90.55,0,0,0,0,0,0,"",0,0,0,0,5233.708,5235.362,,,0,0
192,8,0,7,7,0,1,2,0,1,0,255,11,255,95,5246.049,"HANA_ARASHI",R,3,78,116,-1.075,-1.534,0.369,0.795,0.411,0.865,-36.543,44.276,2,0,-479.141,0,0,0,0,1,0,5,L,"Amellaid",159.7,95,0.353,3,56,5246.993,137,90,105,93,82,143,92,-11.58,13.666,-0.11,-0.018,-0.097,0,0.057,-0.389,-36.986,0,"소솨소솨",-0.078,-17.4,0,"Kr_Luna",-20.686,-48.66,0,"눈꽃",-5.313,-64.304,90,"SUGUN",19.638,-48.338,0,"Pring__",13.378,-60.376,0,"ByeolBam",42.107,-93.024,0,"mungjungh",5.674,-116.118,0,"AI",-40.8,-90.55,0,5246.663,-0.665,-21.51,0,0,"",0,0,0,1,,,5252.341,,160,2
