id,inn,half,scoreA,scoreB,ball,strk,out,b1,b2,b3,b1Idx,b2Idx,b3Idx,pCnt,pSec,pName,pHand,pType,pPow,spdK,zoneX,zoneY,startX,startY,targetX,targetY,zDist,pitchAngle,call,balk,sH,sV,gyro,plx,plz,bSwing,bIdx,bPos,bZone,bName,bHCm,batLen,batCen,batType,bFps,hSec,rotS,rotL,shS,lgS,prepS,batSpd,ev,ldeg,sdeg,hPos,hMoveX,hMoveY,buntGrip,handDist,PPosX,PPosY,PThrSpd,CName,CPosX,CPosY,CThrSpd,1BName,1BPosX,1BPosY,1BThrSpd,2BName,2BPosX,2BPosY,2BThrSpd,3BName,3BPosX,3BPosY,3BThrSpd,SSName,SSPosX,SSPosY,SSThrSpd,LFName,LFPosX,LFPosY,LFThrSpd,CFName,CFPosX,CFPosY,CFThrSpd,RFName,RFPosX,RFPosY,RFThrSpd,ltSec,lx,lz,cSec,cPos,cPlr,cx,cz,1BSafe,tag,cpSec,sb2Sec,sb3Sec,sbhSec,ass,result
1,1,1,0,0,0,0,0,0,0,0,255,255,255,0,279.739,"눈꽃",R,33,89,140,0.965,0.151,0.121,1.902,0.253,1.616,-36.61,8.437,0,0,119.929,-79.958,11.186,0,0,0,0,8,R,"Yuume",182.5,100.354,0.461,0,55,0,0,0,0,0,0,0,0,0,0,0,0,0,0,0,0.226,-37.251,0,"encounter v",-0.05,-17.455,0,"CAT tourniquet",-18.73,-45.27,0,"schmoneymikey",-13.408,-57.782,0,"NABIMan",20.337,-47.578,0,"Rite_",15.675,-63.624,0,"あいくんだよー『아이 군』",41.314,-88.78,0,"ByeolBam",0.291,-113.311,0,"M a x ღ",-46.223,-103.355,0,0,0,0,0,0,"",0,0,0,0,281.15,,,,0,0
2,1,1,0,0,0,1,0,0,0,0,255,255,255,1,292.24,"눈꽃",R,34,88,140,-1.836,-0.988,-0.15,1.717,-0.928,0.944,-36.589,10.846,1,0,97.886,-65.6,9.051,0,0,0,0,8,R,"Yuume",182.5,100.354,0.461,0,55,0,0,0,0,0,0,0,0,0,0,0,0,0,0,0,0.098,-37.3,0,"encounter v",-0.043,-17.308,0,"CAT tourniquet",-19.532,-45.921,0,"schmoneymikey",-14.058,-57.125,0,"NABIMan",19.962,-47.311,0,"Rite_",15.675,-63.66,0,"あいくんだよー『아이 군』",41.427,-90.382,0,"ByeolBam",0.268,-113.271,0,"M a x ღ",-48.797,-106.058,0,0,0,0,0,0,"",0,0,0,0,293.594,,,,0,0
3,1,1,0,0,1,1,0,0,0,0,255,255,255,2,304.421,"눈꽃",R,34,87,140,-0.22,-0.344,0.033,1.866,-0.176,1.338,-36.708,4.879,2,0,56.976,-55.207,9.1,0,0,1,0,8,R,"Yuume",182.5,100.354,0.461,2,55,305.599,68,49,124,92,57,120,87,108.022,-57.619,0.04,0.013,-0.088,0,0.329,-0.215,-36.987,0,"encounter v",-0.121,-17.509,0,"CAT tourniquet",-19.12,-45.198,0,"schmoneymikey",-14.515,-56.938,0,"NABIMan",20.726,-48.595,0,"Rite_",15.681,-63.645,0,"あいくんだよー『아이 군』",41.413,-90.355,0,"ByeolBam",0.284,-113.333,0,"M a x ღ",-48.224,-104.081,0,0,0,0,0,0,"",0,0,0,0,,,,,0,3
4,1,1,0,0,1,2,0,0,0,0,255,255,255,3,322.384,"눈꽃",R,32,86,140,2.453,1.435,0.288,2.091,0.852,2.402,-36.706,29.784,1,0,150.546,-65.017,13.235,0,0,0,0,8,R,"Yuume",182.5,100.354,0.461,0,136,0,0,0,0,0,0,0,0,0,0,0,0,0,0,0,-0.447,-37.513,0,"encounter v",-0.148,-17.445,0,"CAT tourniquet",-19.599,-47.044,0,"schmoneymikey",-14.327,-56.924,0,"NABIMan",20.086,-47.693,0,"Rite_",16.083,-63.896,0,"あいくんだよー『아이 군』",42.094,-90.168,0,"ByeolBam",-0.812,-112.898,0,"M a x ღ",-47.063,-102.291,0,0,0,0,0,0,"",0,0,0,0,323.817,,,,0,0
5,1,1,0,0,2,2,0,0,0,0,255,255,255,4,336.1,"눈꽃",R,34,92,140,1.806,-0.073,0.15,1.798,0.501,1.264,-36.516,5.819,2,0,72.402,-64.356,5.573,0,0,1,0,8,R,"Yuume",182.5,100.354,0.461,2,136,337.215,98,68,119,102,60,136,80,22.208,-9.824,-0.92,-0.022,-0.097,0,0.319,0.184,-36.955,0,"encounter v",-0.139,-17.545,0,"CAT tourniquet",-19.452,-46.025,0,"schmoneymikey",-14.347,-57.014,87,"NABIMan",21.312,-47.809,0,"Rite_",15.288,-62.669,0,"あいくんだよー『아이 군』",42.177,-89.729,0,"ByeolBam",-0.797,-112.878,104,"M a x ღ",-43.496,-97.22,0,340.994,13.35,-80.624,343.283,7,"ByeolBam",17.865,-97.988,1,0,,,,,129,2
6,1,1,0,0,0,0,0,1,0,0,8,255,255,5,429.859,"눈꽃",R,32,89,140,0.437,0.018,0.11,1.851,-0.08,1.417,-36.551,14.436,2,0,250,-200,24.701,0,0,1,1,6,R,"소솨소솨",174.7,80,0.4,3,52,430.757,255,51,4,6,29,24,56,-77.314,74.79,-0.65,-0.034,-0.099,0,0.296,0.156,-36.992,0,"encounter v",-0.161,-17.448,0,"CAT tourniquet",-19.166,-43.384,0,"schmoneymikey",-10.138,-59.295,0,"NABIMan",21.154,-49.028,0,"Rite_",14.152,-64.441,0,"あいくんだよー『아이 군』",37.983,-93.989,0,"ByeolBam",0.652,-112.128,0,"M a x ღ",-42.186,-98.582,0,430.661,-0.586,-18.811,0,0,"",0,0,0,0,,,,,0,3
7,1,1,0,0,0,1,0,1,0,0,8,255,255,6,446.615,"눈꽃",R,32,85,139,3.44,1.352,0.313,2.048,1.246,2.276,-36.644,33.725,2,0,174.585,-101.297,14.366,0,0,1,1,6,R,"소솨소솨",174.7,80,0.4,3,52,447.484,254,53,104,51,35,145,85,-0.072,14.087,-0.81,0.036,-0.061,0,0.363,0.154,-37.068,0,"encounter v",-0.161,-17.447,0,"CAT tourniquet",-19.489,-45.115,0,"schmoneymikey",-9.861,-58.961,0,"NABIMan",20.767,-47.557,0,"Rite_",12.641,-64.197,0,"あいくんだよー『아이 군』",37.493,-93.286,0,"ByeolBam",0.819,-110.902,86,"M a x ღ",-45.235,-100.647,0,448.117,-3.437,-37.583,452.072,7,"ByeolBam",-10.518,-91.246,1,0,,453.859,,,128,2
8,1,1,0,0,0,0,0,1,1,0,6,8,255,7,477.212,"눈꽃",R,3,53,103,4.168,1.349,0.564,2.045,2.356,2.594,-36.964,51.961,3,0,-326.195,0,1.216,0.293,-20.445,0,2,4,R,"인생최패망자",190,80,0.396,0,52,0,0,0,0,0,0,0,0,0,0,0,0,0,0,0,0.449,-37.017,0,"encounter v",0.117,-18.324,0,"CAT tourniquet",-20.037,-45.859,0,"schmoneymikey",-9.912,-59.043,0,"NABIMan",19.552,-45.167,0,"Rite_",13.608,-63.71,0,"あいくんだよー『아이 군』",35.711,-86.908,0,"ByeolBam",-0.081,-108.403,0,"M a x ღ",-38.917,-93.887,0,0,0,0,0,0,"",0,0,0,0,479.861,,,,0,6
9,1,1,0,0,0,0,0,1,1,1,4,6,8,8,507.04,"눈꽃",R,14,66,109,0.952,-0.778,0.014,1.906,-0.076,1.556,-36.497,7.601,0,0,309.984,390.049,12.559,0,0,0,3,1,L,"Pring__",190,94.846,0.477,0,52,0,0,0,0,0,0,0,0,0,0,0,0,0,0,0,0.091,-37.36,0,"encounter v",0.033,-17.412,120,"CAT tourniquet",-19.865,-46.098,0,"schmoneymikey",-8.346,-59.262,0,"NABIMan",21.183,-46.752,0,"Rite_",13.442,-62.562,0,"あいくんだよー『아이 군』",37.663,-86.638,0,"ByeolBam",0.612,-108.914,0,"M a x ღ",-44.403,-94.347,0,0,0,0,0,0,"",0,0,0,0,508.272,510.168,509.637,,0,0
10,1,1,0,0,0,1,0,1,1,1,4,6,8,9,523.116,"눈꽃",R,5,61,115,-1.083,1.579,0.128,2.125,-0.271,2.594,-36.834,33.92,4,0,-112.095,0,10.62,0,0,1,3,1,L,"Pring__",190,94.846,0.477,0,52,0,0,0,0,0,0,0,0,0,0,0,0,0,0,0,0.041,-37.288,0,"encounter v",-0.098,-17.211,0,"CAT tourniquet",-18.683,-46.68,0,"schmoneymikey",-7.468,-59.579,0,"NABIMan",21.042,-45.163,0,"Rite_",14.126,-64.576,0,"あいくんだよー『아이 군』",38.034,-86.509,0,"ByeolBam",0.604,-108.831,0,"M a x ღ",-39.208,-88.825,0,0,0,0,0,0,"",0,0,0,0,524.383,526.182,526.232,,0,0
11,1,1,0,0,0,2,0,1,1,1,4,6,8,10,537.881,"눈꽃",R,0,69,123,-2.215,-0.216,-0.095,1.875,-0.962,1.453,-36.558,7.186,2,0,0,0,7.828,0,0,1,3,1,L,"Pring__",190,94.846,0.477,3,52,538.809,230,123,106,97,58,145,90,106.229,-70.896,-0.81,0.016,-0.051,0,0.538,-0.176,-37.135,0,"encounter v",-0.056,-17.751,0,"CAT tourniquet",-19.964,-46.651,0,"schmoneymikey",-9.331,-59.914,0,"NABIMan",20.179,-45.813,0,"Rite_",14.4,-65.165,0,"あいくんだよー『아이 군』",38.048,-86.508,0,"ByeolBam",0.448,-108.77,0,"M a x ღ",-42.526,-90.051,0,0,0,0,0,0,"",0,0,0,0,,541.874,542.645,,0,3
12,1,1,0,0,0,2,0,1,1,1,4,6,8,11,555.97,"눈꽃",R,11,72,117,2.459,-1.48,0.205,1.67,0.747,0.962,-36.523,20.434,2,0,191.313,249.999,11.197,0,0,1,3,1,L,"Pring__",190,94.846,0.477,3,52,556.894,170,129,74,92,0,145,123,17.971,-12.041,0.7,0.044,-0.158,0,0.636,-0.103,-37.196,0,"encounter v",0.032,-17.572,0,"CAT tourniquet",-19.986,-46.663,0,"schmoneymikey",-9.392,-59.165,0,"NABIMan",20.224,-45.294,0,"Rite_",13.105,-63.068,0,"あいくんだよー『아이 군』",42.632,-89.339,87,"ByeolBam",1.767,-109.509,0,"M a x ღ",-42.722,-90.475,0,561.561,38.958,-124.549,563.583,6,"あいくんだよー『아이 군』",36.692,-115.015,1,0,,561.621,561.871,563.064,64,2
13,1,1,2,0,0,0,0,0,1,1,255,1,4,12,587.866,"눈꽃",R,33,84,137,-1.207,0.178,-0.043,1.897,-0.657,1.585,-36.56,8.061,0,0,110.188,-94.523,12.808,0,0,0,4,3,L,"vovopo 보보포",164.7,80,0.599,0,40,0,0,0,0,0,0,0,0,0,0,0,0,0,0,0,0.179,-37.405,0,"encounter v",-0.125,-17.5,0,"CAT tourniquet",-19.895,-46.9,0,"schmoneymikey",-12.886,-52.766,0,"NABIMan",20.756,-44.696,0,"Rite_",14.722,-64.225,0,"あいくんだよー『아이 군』",40.26,-87.554,0,"ByeolBam",0.918,-114.82,0,"M a x ღ",-41.355,-85.853,0,0,0,0,0,0,"",0,0,0,0,589.139,,590.047,,0,0
14,1,1,2,0,0,1,0,0,1,1,255,9,4,13,602.07,"눈꽃",R,33,79,130,-0.887,1.296,0.057,2.044,-0.566,2.203,-36.668,21.452,2,0,117.374,-77.2,11.625,0,0,1,4,3,L,"vovopo 보보포",164.7,80,0.599,3,40,603.15,255,40,19,11,0,44,44,113.229,-31.886,-0.23,-0.031,-0.029,0,0.216,-0.279,-37.171,0,"encounter v",-0.027,-17.431,0,"CAT tourniquet",-19.862,-47.055,0,"schmoneymikey",-7.965,-61.459,0,"NABIMan",20.447,-45.707,0,"Rite_",14.943,-64.493,0,"あいくんだよー『아이 군』",44.232,-88.12,0,"ByeolBam",0.691,-114.773,0,"M a x ღ",-37.996,-82.767,0,607.728,-10.371,-3.135,0,0,"",0,0,0,0,,605.263,605.084,,0,3
15,1,1,2,0,0,2,0,0,1,1,255,9,4,14,625.002,"눈꽃",R,13,63,107,0.87,-0.073,0.31,1.896,1.12,1.999,-36.494,13.329,2,0,-399.503,285.171,5.611,0,0,1,4,3,L,"vovopo 보보포",164.7,80,0.599,3,40,626.206,255,210,152,110,79,145,98,-13.631,-38.746,0.03,0.059,-0.097,0,0.7,0.108,-37.231,0,"encounter v",0.024,-17.583,0,"CAT tourniquet",-20.041,-46.598,85,"schmoneymikey",-8.772,-59.677,0,"NABIMan",21.532,-46.982,85,"Rite_",14.257,-63.893,0,"あいくんだよー『아이 군』",44.202,-88.165,0,"ByeolBam",0.893,-114.789,0,"M a x ღ",-38.161,-86.517,0,626.139,2.329,-22.554,627.794,4,"NABIMan",16.427,-43.189,1,0,,631.798,627.302,,40,2
16,1,1,2,0,0,0,0,1,1,1,3,9,4,15,662.802,"눈꽃",R,47,38,99,7.558,1.991,0.667,1.981,3.285,2.148,-36.903,65.932,1,0,98.112,-45.581,3.05,0,0,0,5,9,R,"Saƅer",190,95.294,0.498,0,52,0,0,0,0,0,0,0,0,0,0,0,0,0,0,0,0.319,-37.294,0,"encounter v",2.821,-16.776,0,"CAT tourniquet",-20.119,-46.518,0,"schmoneymikey",-7.025,-59.059,0,"NABIMan",21.1,-47.447,0,"Rite_",14.957,-63.388,0,"あいくんだよー『아이 군』",40.753,-85.553,0,"ByeolBam",0.487,-111.177,0,"M a x ღ",-47.883,-97.844,0,0,0,0,0,0,"",0,0,0,0,664.483,664.942,665.35,,0,0
17,1,1,2,0,1,0,0,1,1,1,3,9,4,16,681.662,"눈꽃",R,26,80,132,-0.218,-0.775,0.012,1.715,-0.155,0.974,-36.488,7.489,0,0,42.842,-154.502,23.244,0,0,0,5,9,R,"Saƅer",190,95.294,0.498,0,52,0,0,0,0,0,0,0,0,0,0,0,0,0,0,0,0.45,-37.261,0,"encounter v",-0.323,-17.668,0,"CAT tourniquet",-19.962,-46.813,0,"schmoneymikey",-4.947,-59.412,0,"NABIMan",21.604,-46.202,0,"Rite_",14.572,-62.585,0,"あいくんだよー『아이 군』",42.901,-89.249,0,"ByeolBam",1.132,-112.421,0,"M a x ღ",-51.427,-100.247,0,0,0,0,0,0,"",0,0,0,0,683.172,684.306,,,0,0
18,1,1,2,0,1,1,0,1,1,1,3,9,4,17,697.139,"눈꽃",R,28,87,140,0.533,0.175,0.048,1.893,0.129,1.641,-36.454,7.004,0,0,76.46,-81.517,6.769,0,0,0,5,9,R,"Saƅer",190,95.294,0.498,0,52,0,0,0,0,0,0,0,0,0,0,0,0,0,0,0,0.343,-37.465,0,"encounter v",-0.351,-17.577,0,"CAT tourniquet",-20.958,-43.475,0,"schmoneymikey",-5.339,-59.384,0,"NABIMan",20.461,-46.935,0,"Rite_",14.548,-62.818,0,"あいくんだよー『아이 군』",42.77,-89.506,0,"ByeolBam",0.728,-112.211,0,"M a x ღ",-47.819,-96.709,0,0,0,0,0,0,"",0,0,0,0,698.561,699.518,,,0,0
19,1,1,2,0,1,2,0,1,1,1,3,9,4,18,713.74,"눈꽃",R,27,91,140,1.337,0.541,0.163,1.966,0.409,1.83,-36.539,14.179,2,0,124.043,-126.883,8.923,0,0,1,5,9,R,"Saƅer",190,95.294,0.498,2,52,714.956,178,108,55,79,32,137,86,108.072,33.927,-0.8,-0.04,-0.026,0,0.531,0.308,-37.029,0,"encounter v",-0.111,-17.507,0,"CAT tourniquet",-20.456,-45.564,0,"schmoneymikey",-10.036,-57.98,0,"NABIMan",21.313,-48.116,0,"Rite_",14.485,-63.043,0,"あいくんだよー『아이 군』",42.265,-90.139,0,"ByeolBam",0.302,-111.551,0,"M a x ღ",-47.96,-98.325,0,0,0,0,0,0,"",0,0,0,0,,719.138,715.997,,0,3
20,1,1,2,0,1,2,0,1,1,1,3,9,4,19,736.487,"눈꽃",R,33,78,129,-0.705,-0.18,0.201,2.017,-0.512,1.362,-36.637,27.518,0,0,131.371,-121.913,9.678,0,0,1,5,9,R,"Saƅer",190,95.294,0.498,0,52,0,0,0,0,0,0,0,0,0,0,0,0,0,0,0,0.232,-37.376,0,"encounter v",-0.25,-18.51,0,"CAT tourniquet",-19.536,-40.097,0,"schmoneymikey",-8.707,-59.251,0,"NABIMan",20.526,-44.472,0,"Rite_",14.211,-64.115,0,"あいくんだよー『아이 군』",42.671,-87.933,0,"ByeolBam",0.341,-112.527,0,"M a x ღ",-50.224,-102.66,0,0,0,0,0,0,"",0,0,0,0,737.905,738.773,738.462,,0,0
21,1,1,2,0,0,0,1,1,1,1,3,9,4,20,759.675,"눈꽃",R,26,66,121,-0.251,0.326,0.248,2.051,-0.335,1.629,-36.759,39.366,0,0,150.773,-164.318,17.076,0,0,0,6,2,L,"신과함께1",190,94.814,0.2,0,53,0,0,0,0,0,0,0,0,0,0,0,0,0,0,0,0.035,-37.128,0,"encounter v",-0.06,-17.47,0,"CAT tourniquet",-20.362,-46.613,0,"schmoneymikey",-9.148,-59.408,0,"NABIMan",21.445,-48.081,0,"Rite_",13.957,-64.8,0,"あいくんだよー『아이 군』",42.611,-87.864,0,"ByeolBam",0.343,-112.511,0,"M a x ღ",-48.672,-97.22,0,0,0,0,0,0,"",0,0,0,0,761.094,761.996,773.321,,0,0
22,1,1,2,0,0,1,1,1,1,1,3,9,4,21,774.349,"눈꽃",R,27,88,140,-0.765,0.025,-0.07,1.865,-0.474,1.525,-36.529,5.798,2,0,107.343,-107.599,13.981,0,0,1,6,2,L,"신과함께1",190,94.814,0.2,2,53,775.506,255,89,152,110,17,145,90,13.973,-4.685,-0.82,0.061,-0.056,0,0.267,0.081,-37.029,0,"encounter v",-0.077,-17.807,0,"CAT tourniquet",-20.4,-46.454,0,"schmoneymikey",-9.034,-59.641,85,"NABIMan",21.496,-48.383,0,"Rite_",14.637,-65.197,0,"あいくんだよー『아이 군』",42.593,-87.799,0,"ByeolBam",0.373,-112.53,104,"M a x ღ",-49.095,-99.454,0,778.572,0.992,-81.838,779.75,7,"ByeolBam",0.623,-93.664,1,0,,780.619,775.554,782.702,129,2
23,1,1,3,0,0,0,1,1,1,1,2,9,1,22,804.024,"눈꽃",R,4,68,117,0.778,1.389,0.249,2.003,0.686,2.397,-36.572,14.338,1,0,-242.786,0,10.187,0,0,0,7,7,R,"-라후이-",174.7,86,0.5,0,53,0,0,0,0,0,0,0,0,0,0,0,0,0,0,0,-0.277,-37.354,0,"encounter v",-0.099,-17.334,0,"CAT tourniquet",-20.286,-46.562,0,"schmoneymikey",-7.808,-60.192,0,"NABIMan",21.62,-48.622,0,"Rite_",12.06,-65.131,0,"あいくんだよー『아이 군』",40.449,-89.537,0,"ByeolBam",0.045,-111.324,0,"M a x ღ",-45.982,-94.118,0,0,0,0,0,0,"",0,0,0,0,805.094,,,,0,0
24,1,1,3,0,1,0,1,1,1,1,2,9,1,23,818.608,"눈꽃",R,13,79,117,-0.105,-1.303,0.205,1.756,0.576,1.26,-36.434,3.367,1,0,-377.991,327.297,16.319,-0.324,-17.728,0,7,7,R,"-라후이-",174.7,86,0.5,0,53,0,0,0,0,0,0,0,0,0,0,0,0,0,0,0,-0.003,-37.207,0,"encounter v",-0.113,-17.564,0,"CAT tourniquet",-20.094,-46.803,0,"schmoneymikey",-6.483,-59.593,0,"NABIMan",22.032,-48.853,0,"Rite_",11.357,-64.802,0,"あいくんだよー『아이 군』",40.469,-89.382,0,"ByeolBam",0.589,-110.311,0,"M a x ღ",-47.986,-94.698,0,0,0,0,0,0,"",0,0,0,0,820.961,,,,0,0
25,1,1,3,0,2,0,1,1,1,1,2,9,1,24,832.15,"눈꽃",R,33,96,140,-1.922,-1.085,-0.199,1.687,-0.982,0.874,-36.511,8.91,1,0,111.943,-100.619,13.194,0,0,0,7,7,R,"-라후이-",174.7,86,0.5,0,53,0,0,0,0,0,0,0,0,0,0,0,0,0,0,0,-0.076,-37.131,0,"encounter v",-0.196,-17.428,0,"CAT tourniquet",-19.583,-46.027,0,"schmoneymikey",-7.338,-59.079,0,"NABIMan",21.069,-47.511,0,"Rite_",11.504,-65.412,0,"あいくんだよー『아이 군』",40.461,-89.451,0,"ByeolBam",0.722,-110.846,0,"M a x ღ",-50.145,-96.63,0,0,0,0,0,0,"",0,0,0,0,833.15,,,,0,0
26,1,1,3,0,3,0,1,1,1,1,2,9,1,25,845.213,"눈꽃",R,28,84,138,-1.253,-0.335,-0.128,1.795,-0.632,1.31,-36.522,0.162,0,0,65.487,-95.507,13.155,0,0,0,7,7,R,"-라후이-",174.7,86,0.5,0,53,0,0,0,0,0,0,0,0,0,0,0,0,0,0,0,0.141,-37.19,0,"encounter v",-0.193,-17.508,0,"CAT tourniquet",-20.037,-46.457,0,"schmoneymikey",-10.355,-59.937,0,"NABIMan",20.87,-46.969,0,"Rite_",11.713,-66.221,0,"あいくんだよー『아이 군』",40.455,-89.414,0,"ByeolBam",0.739,-110.858,0,"M a x ღ",-48.368,-95.632,0,0,0,0,0,0,"",0,0,0,0,846.205,854.214,,,0,0
27,1,1,3,0,3,1,1,1,1,1,2,9,1,26,857.885,"눈꽃",R,28,86,140,-1.394,-0.846,-0.138,1.733,-0.703,1.015,-36.533,4.727,0,0,74.455,-96.957,20.353,0,0,0,7,7,R,"-라후이-",174.7,86,0.5,0,53,0,0,0,0,0,0,0,0,0,0,0,0,0,0,0,0.255,-37.36,0,"encounter v",-0.278,-17.89,0,"CAT tourniquet",-19.975,-46.19,0,"schmoneymikey",-6.801,-59.324,0,"NABIMan",20.196,-45.35,0,"Rite_",11.611,-65.581,0,"あいくんだよー『아이 군』",40.691,-89.866,0,"ByeolBam",0.738,-110.855,0,"M a x ღ",-51.18,-99.532,0,0,0,0,0,0,"",0,0,0,0,858.905,862.103,860.377,,0,0
28,1,1,3,0,3,2,1,1,1,1,2,9,1,27,872.265,"눈꽃",R,34,89,140,1.261,0.592,0.127,1.963,0.436,1.867,-36.586,12.333,2,0,80.665,-69.146,9.03,0,0,1,7,7,R,"-라후이-",174.7,86,0.5,3,53,873.084,227,94,76,47,27,139,82,21.949,-17.465,-0.81,-0.005,-0.079,0,0.192,0.039,-37.138,0,"encounter v",-0.171,-17.646,0,"CAT tourniquet",-19.724,-46.472,0,"schmoneymikey",-9.091,-59.411,0,"NABIMan",21.095,-47.61,0,"Rite_",11.702,-65.929,0,"あいくんだよー『아이 군』",40.734,-89.821,92,"ByeolBam",0.718,-110.858,0,"M a x ღ",-49.641,-97.056,0,876.839,24.529,-79.663,877.439,6,"あいくんだよー『아이 군』",25.499,-81.873,1,0,881.55,880.779,879.299,879.208,66,2
29,1,1,4,0,0,0,1,1,1,1,7,9,3,28,903.3,"눈꽃",R,33,79,130,0.347,0.02,0.104,1.884,-0.02,1.526,-36.67,21.81,0,0,128.41,-89.061,8.932,0,0,0,8,5,R,"Roslynn",190,107,0.681,0,53,0,0,0,0,0,0,0,0,0,0,0,0,0,0,0,0.048,-37.711,0,"encounter v",-0.131,-17.298,0,"CAT tourniquet",-19.893,-46.469,0,"schmoneymikey",-8.723,-60.054,0,"NABIMan",19.867,-42.146,0,"Rite_",13.339,-64.082,0,"あいくんだよー『아이 군』",43.529,-88.885,0,"ByeolBam",0.562,-111.894,0,"M a x ღ",-54.307,-101.131,0,0,0,0,0,0,"",0,0,0,0,904.817,905.942,904.085,,0,0
30,1,1,4,0,0,1,1,1,1,1,7,9,3,29,914.755,"눈꽃",R,28,87,140,0.728,-0.061,0.105,1.906,0.215,1.479,-36.509,10.252,2,0,74.035,-95.324,7.078,0,0,1,8,5,R,"Roslynn",190,107,0.681,2,53,915.979,147,19,54,0,0,59,59,-22.571,-30.322,-0.85,-0.024,-0.112,0,0.465,-0.017,-37.295,0,"encounter v",-0.153,-17.429,0,"CAT tourniquet",-20.538,-47.117,0,"schmoneymikey",-8.224,-60.271,0,"NABIMan",18.807,-39.663,109,"Rite_",13.896,-64.852,0,"あいくんだよー『아이 군』",43.541,-88.947,0,"ByeolBam",1.091,-111.939,85,"M a x ღ",-54.888,-101.672,0,915.939,1.166,-19.935,918.072,4,"NABIMan",12.236,-39.63,1,16,920.483,921.77,917.226,922.498,202,2
31,1,1,6,0,0,0,2,0,1,0,255,5,255,30,958.057,"눈꽃",R,33,88,140,1.589,-0.017,0.159,1.874,0.504,1.505,-36.635,16.443,2,0,132.915,-90.859,10.604,0,0,1,0,8,R,"Yuume",182.5,100.354,0.461,2,130,959.234,71,37,124,88,58,120,72,61.154,22.466,-0.82,0,-0.069,0,0.369,0.272,-37.156,0,"encounter v",-0.089,-17.465,0,"CAT tourniquet",-21.783,-47.052,0,"schmoneymikey",-9.318,-60.701,0,"NABIMan",21.645,-47.94,0,"Rite_",17.387,-62.873,0,"あいくんだよー『아이 군』",43.515,-90.174,0,"ByeolBam",0.722,-108.611,0,"M a x ღ",-53.895,-96.073,0,0,0,0,964.617,3,"schmoneymikey",-13.977,-53.163,0,0,1046.061,961.654,,,9,1
32,1,0,6,0,0,0,0,0,0,0,255,255,255,0,1125.446,"Kr_Luna",L,14,79,117,0.552,-0.586,0.189,1.76,0.877,1.628,-36.565,26.194,2,0,-378.878,326.269,0,0,0,1,0,3,L,"schmoneymikey",190,105,0.63,2,57,1126.378,126,58,36,0,0,34,37,30.312,-47.435,0.41,0.067,-0.052,0,0.398,0.194,-37.68,0,"Pring__",0.042,-17.182,0,"신과함께1",-20.049,-44.831,0,"vovopo 보보포",-12.233,-65.281,0,"인생최패망자",23.509,-49.599,118,"Roslynn",11.241,-62.619,0,"소솨소솨",38.996,-87.488,0,"-라후이-",0.108,-108.593,0,"Yuume",-51.188,-88.658,0,1128.028,12.068,-29.85,1130.483,4,"인생최패망자",21.076,-35.002,0,0,,,,,4,2
33,1,0,6,0,0,1,0,0,0,0,255,255,255,1,1147.563,"Kr_Luna",L,10,59,107,-0.287,0.692,-0.025,2.108,-0.124,2.586,-36.902,54.06,2,0,0,378.007,0,0,0,1,0,3,L,"schmoneymikey",190,105,0.63,2,57,1148.53,98,76,160,41,0,136,84,35.02,-16.416,-0.84,-0.005,-0.029,0,0.32,0.152,-37.844,0,"Pring__",0.003,-17.203,0,"신과함께1",-20.153,-45.04,0,"vovopo 보보포",-13.048,-63.952,85,"인생최패망자",19.173,-45.338,0,"Roslynn",10.914,-59.733,0,"소솨소솨",39.051,-87.503,0,"-라후이-",-3.859,-106.116,108,"Yuume",-48.799,-83.551,0,1153.172,18.573,-82.229,1155.45,7,"-라후이-",23.327,-96.454,1,0,,,,,144,2
34,1,0,6,0,0,0,0,1,0,0,13,255,255,2,1183.493,"Kr_Luna",L,33,75,127,-0.24,1.033,0.038,1.949,0.127,2.125,-36.864,44.526,2,0,-146.205,-125.478,0,0,0,1,1,1,R,"encounter v",190,88.172,0.468,3,58,1184.617,180,108,95,97,76,145,129,25.912,21.683,0.51,-0.021,-0.122,0,0.163,0.308,-37.905,0,"Pring__",-0.021,-17.282,0,"신과함께1",-19.545,-42.719,0,"vovopo 보보포",-14.246,-60.421,0,"인생최패망자",22.19,-52.212,0,"Roslynn",10.401,-59.179,0,"소솨소솨",37.16,-88.911,0,"-라후이-",0.103,-104.599,0,"Yuume",-51.757,-85.404,0,1190.161,-33.523,-137.587,0,0,"",0,0,0,0,,1189.406,1194.406,1199.695,0,4
35,1,0,6,2,0,0,0,0,0,0,255,255,255,3,1216.966,"Kr_Luna",L,33,75,114,-0.823,0.529,-0.063,1.819,-0.194,1.777,-36.753,34.083,2,0,-105.139,-98.034,0,0,0,1,2,5,R,"Rite_",170,95,0.5,2,59,1217.96,104,51,102,61,43,136,108,13.321,37.715,0.79,0.034,-0.017,0.19,0.57,0.073,-37.507,0,"Pring__",-0.025,-17.292,0,"신과함께1",-19.778,-44.841,0,"vovopo 보보포",-13.606,-60.467,86,"인생최패망자",18.707,-48.052,0,"Roslynn",9.312,-63.02,0,"소솨소솨",30.83,-85.937,0,"-라후이-",-1.309,-108.501,0,"Yuume",-50.715,-97.764,83,1220.328,-46.649,-67.397,1224.161,8,"Yuume",-73.325,-87.515,1,0,,,,,17,2
36,1,0,6,2,0,0,0,1,0,0,15,255,255,4,1254.948,"Kr_Luna",L,14,67,97,-1.718,-0.9,-0.041,1.706,-0.128,1.52,-36.709,30.371,1,0,-324.74,338.206,0,-0.523,-16.848,0,3,4,R,"NABIMan",190,81.885,0.496,0,60,0,0,0,0,0,0,0,0,0,0,0,0,0,0,0,0.402,-37.983,0,"Pring__",-0.112,-17.406,120,"신과함께1",-19.781,-41.119,0,"vovopo 보보포",-15.303,-59.551,0,"인생최패망자",19.989,-47.852,0,"Roslynn",11.401,-59.649,0,"소솨소솨",31.134,-88.016,0,"-라후이-",-1.887,-107.466,0,"Yuume",-52.617,-93.177,0,0,0,0,0,0,"",0,0,0,0,1256.205,,,,0,0
37,1,0,6,2,1,0,0,1,0,0,15,255,255,5,1277.607,"Kr_Luna",L,14,66,96,0.889,0.413,0.392,2.142,1.123,2.43,-36.881,51.172,0,0,-322.42,336.919,0,0,0,0,3,4,R,"NABIMan",190,81.885,0.496,0,60,0,0,0,0,0,0,0,0,0,0,0,0,0,0,0,0.416,-38.153,0,"Pring__",0.01,-17.158,0,"신과함께1",-19.857,-41.147,0,"vovopo 보보포",-14.117,-62.267,0,"인생최패망자",19.991,-47.869,0,"Roslynn",12.255,-60.451,0,"소솨소솨",31.098,-88.053,0,"-라후이-",-0.728,-107.78,0,"Yuume",-52.402,-90.394,0,0,0,0,0,0,"",0,0,0,0,1278.939,,,,0,0
38,1,0,6,2,1,1,0,1,0,0,15,255,255,6,1301.295,"Kr_Luna",L,27,87,140,3.398,-0.257,0.344,1.672,1.6,1.343,-36.565,8.728,2,0,-98.128,-119.469,0,0,0,0,3,4,R,"NABIMan",190,81.885,0.496,3,60,1302.322,128,74,68,56,33,137,84,-61.914,53.699,-0.9,-0.04,-0.097,0,0.305,0.372,-37.759,0,"Pring__",0.013,-17.226,0,"신과함께1",-19.683,-40.33,0,"vovopo 보보포",-13.755,-60.911,0,"인생최패망자",20.001,-47.876,0,"Roslynn",12.216,-60.509,0,"소솨소솨",31.974,-89.134,0,"-라후이-",-0.973,-108.533,0,"Yuume",-50.197,-90.447,0,1302.072,0.048,-19.05,0,0,"",0,0,0,0,,,,,0,0
39,1,0,6,2,1,2,0,1,0,0,15,255,255,7,1333.667,"Kr_Luna",L,14,79,118,1.093,-1.447,0.241,1.587,1.123,1.068,-36.541,15.938,1,0,-390.434,312.348,0,0,0,0,3,4,R,"NABIMan",190,81.885,0.496,0,34,0,0,0,0,0,0,0,0,0,0,0,0,0,0,0,0.05,-38.119,0,"Pring__",0.023,-17.27,0,"신과함께1",-19.803,-42.337,0,"vovopo 보보포",-15.681,-59.943,0,"인생최패망자",19.254,-47.246,0,"Roslynn",11.471,-61.959,0,"소솨소솨",30.985,-86.717,0,"-라후이-",-1.207,-108.314,0,"Yuume",-50.365,-87.357,0,0,0,0,0,0,"",0,0,0,0,1334.861,,,,0,0
40,1,0,6,2,0,0,1,1,0,0,15,255,255,8,1367.065,"Kr_Luna",L,10,68,113,-1.086,-0.577,-0.101,1.894,-0.47,1.745,-36.726,37.549,2,0,0,400,0,0,0,1,4,8,R,"M a x ღ",175.3,104.838,0.478,2,61,1368.401,96,41,91,76,49,134,72,-30,33.783,0.96,0.008,-0.019,0,0.264,0.283,-38.149,0,"Pring__",-0.031,-17.242,0,"신과함께1",-19.753,-42.493,112,"vovopo 보보포",-13.731,-60.83,77,"인생최패망자",20.307,-49.121,0,"Roslynn",11.451,-61.841,89,"소솨소솨",30.833,-86.661,0,"-라후이-",-1.124,-107.285,0,"Yuume",-47.135,-79.079,0,1368.25,-0.726,-19.524,1371.261,3,"vovopo 보보포",-21.666,-52.399,0,4,,1374.396,,,336,2
41,2,1,6,2,0,0,0,0,0,0,255,255,255,31,1451.923,"눈꽃",R,14,64,108,-1.643,-0.026,-0.112,2.07,-1.238,2.172,-36.653,14.657,2,0,275.35,400,11.694,0,0,1,1,6,R,"소솨소솨",174.7,80,0.4,3,62,1452.932,255,173,133,133,49,145,117,-30,28.906,0.81,0.02,-0.06,0,0.54,-0.014,-37.11,0,"encounter v",-0.121,-17.636,0,"Yaksok~",-19.677,-50.907,87,"schmoneymikey",-11.293,-61.314,0,"NABIMan",21.055,-48.18,0,"Rite_",13.936,-64.894,0,"あいくんだよー『아이 군』",44.637,-89.693,0,"ByeolBam",0.698,-107.786,0,"M a x ღ",-49.162,-95.63,0,1452.728,-1.075,-21.5,1454.428,2,"Yaksok~",-19.454,-45.609,0,0,,,,,32,2
42,2,1,6,2,0,0,1,0,0,0,255,255,255,32,1475.456,"눈꽃",R,33,90,140,0.141,-0.405,0.129,1.845,-0.082,1.269,-36.662,4.252,0,0,103.285,-87.601,12.963,0,0,0,2,4,R,"인생최패망자",190,80,0.396,0,62,0,0,0,0,0,0,0,0,0,0,0,0,0,0,0,0.266,-37.314,0,"encounter v",-0.122,-17.537,0,"Yaksok~",-19.728,-50.563,0,"schmoneymikey",-11.279,-59.571,0,"NABIMan",21.319,-48.579,0,"Rite_",14.578,-64.975,0,"あいくんだよー『아이 군』",42.285,-88.034,0,"ByeolBam",0.68,-109.571,0,"M a x ღ",-49.264,-95.448,0,0,0,0,0,0,"",0,0,0,0,1476.65,,,,0,0
43,2,1,6,2,0,1,1,0,0,0,255,255,255,33,1488.278,"눈꽃",R,34,82,135,1.018,0.412,0.149,1.951,0.351,1.818,-36.68,10.419,2,0,61.43,-39.533,6.812,0,0,1,2,4,R,"인생최패망자",190,80,0.396,3,62,1489.388,214,187,142,117,94,145,93,-1.002,-36.69,-0.7,-0.033,-0.041,0,0.375,-0.072,-36.913,0,"encounter v",-0.117,-17.617,0,"Yaksok~",-19.721,-50.736,0,"schmoneymikey",-11.274,-59.683,82,"NABIMan",21.814,-49.356,0,"Rite_",14.403,-64.477,0,"あいくんだよー『아이 군』",42.363,-88.067,108,"ByeolBam",0.707,-109.522,0,"M a x ღ",-49.18,-95.626,0,1489.65,9.865,-32.178,1493.505,6,"あいくんだよー『아이 군』",50.48,-75.611,1,0,,,,,65,2
44,2,1,6,2,0,0,1,1,0,0,4,255,255,34,1513.835,"눈꽃",R,13,64,107,2.412,-0.025,0.416,1.941,1.736,2.046,-36.57,12.334,4,0,-364.349,331.213,11.186,0.478,-18.214,1,3,1,L,"Pring__",190,94.846,0.477,0,62,0,0,0,0,0,0,0,0,0,0,0,0,0,0,0,0.514,-37.408,0,"encounter v",0.202,-17.616,0,"Yaksok~",-17.987,-45.676,0,"schmoneymikey",-7.195,-60.008,0,"NABIMan",21.268,-46.994,0,"Rite_",16.183,-63.066,0,"あいくんだよー『아이 군』",42.076,-81.013,0,"ByeolBam",-0.109,-110.926,0,"M a x ღ",-48.957,-97.556,0,0,0,0,0,0,"",0,0,0,0,1516.15,,,,0,0
45,2,1,6,2,0,1,1,1,0,0,4,255,255,35,1530.558,"눈꽃",R,34,86,140,-0.364,0.575,-0.057,1.966,-0.228,1.917,-36.585,11.503,2,0,52.777,-51.138,8.41,0,0,1,3,1,L,"Pring__",190,94.846,0.477,3,62,1531.357,190,88,107,67,14,145,130,-30,-36.887,0.32,-0.014,-0.05,0,0.377,-0.135,-37.262,0,"encounter v",-0.083,-17.577,0,"Yaksok~",-18.291,-44.473,92,"schmoneymikey",-8.263,-60.024,89,"NABIMan",21.291,-46.921,0,"Rite_",16.297,-63.313,0,"あいくんだよー『아이 군』",44.157,-87.258,0,"ByeolBam",0.499,-110.865,0,"M a x ღ",-51.258,-98.741,0,1531.205,1.506,-21.279,1532.517,4,"NABIMan",18.355,-43.293,1,0,,1535.5,,,41,2
46,2,1,6,2,0,0,1,1,1,0,1,4,255,36,1558.531,"눈꽃",R,32,87,140,-0.013,0.783,0.041,1.968,-0.236,1.855,-36.595,14.859,0,0,167.656,-156.556,16.989,0,0,0,4,3,L,"vovopo 보보포",164.7,80,0.599,0,62,0,0,0,0,0,0,0,0,0,0,0,0,0,0,0,0.041,-37.221,0,"encounter v",-0.063,-17.566,0,"Yaksok~",-17.542,-45.89,0,"schmoneymikey",-8.01,-60.736,0,"NABIMan",20.126,-45.903,0,"Rite_",16.019,-63.755,0,"あいくんだよー『아이 군』",40.143,-83.038,0,"ByeolBam",0.418,-110.524,0,"M a x ღ",-50.421,-100.005,0,0,0,0,0,0,"",0,0,0,0,1559.75,1561.561,,,0,0
47,2,1,6,2,0,1,1,1,1,0,1,4,255,37,1575.015,"눈꽃",R,32,85,139,1.946,0.136,0.208,1.882,0.597,1.548,-36.566,14.672,2,0,179.208,-111.501,13.949,0,0,1,4,3,L,"vovopo 보보포",164.7,80,0.599,3,62,1576.132,234,191,133,47,24,145,115,14.436,-37.428,0.24,0.002,-0.107,0,0.569,0.112,-37.233,0,"encounter v",0.001,-17.48,0,"Yaksok~",-17.565,-47.291,0,"schmoneymikey",-5.482,-60.842,0,"NABIMan",20.521,-45.818,0,"Rite_",16.914,-62.991,0,"あいくんだよー『아이 군』",40.173,-83.115,98,"ByeolBam",0.498,-110.464,0,"M a x ღ",-54.873,-99.832,0,1578.883,56.007,-73.82,1586.539,6,"あいくんだよー『아이 군』",63.486,-74.574,0,0,,1584.34,,,64,2
48,2,1,6,2,0,2,1,1,1,0,1,4,255,38,1604.901,"눈꽃",R,33,88,140,-0.995,-0.22,-0.053,1.843,-0.62,1.363,-36.546,3.431,2,0,139.737,-104.135,12.029,0,0,1,4,3,L,"vovopo 보보포",164.7,80,0.599,3,44,1606.018,255,255,162,66,29,145,111,-30,-4.916,0.13,0.04,-0.079,0,0.59,-0.159,-37.091,120,"encounter v",-0.03,-17.412,0,"Yaksok~",-17.538,-47.761,0,"schmoneymikey",-8.185,-61.489,88,"NABIMan",22.121,-46.43,98,"Rite_",16.855,-63.036,0,"あいくんだよー『아이 군』",43.27,-80.094,0,"ByeolBam",0.95,-108.456,0,"M a x ღ",-54.451,-96.913,0,1605.783,-0.087,-20.159,1606.983,0,"눈꽃",1.232,-36.385,1,0,,1612.298,,,105,2
49,2,0,6,2,0,0,0,0,0,0,255,255,255,9,1674.334,"Kr_Luna",L,6,73,101,-1.542,-1.374,0.025,1.651,0.077,1.14,-36.728,27.8,1,0,-413.21,217.882,0,-0.468,-17.597,0,5,2,R,"Yaksok~",173.2,96.259,0.451,0,62,0,0,0,0,0,0,0,0,0,0,0,0,0,0,0,0.171,-38.069,0,"Pring__",-0.089,-17.473,0,"신과함께1",-19.901,-44.54,0,"vovopo 보보포",-15.692,-59.953,0,"인생최패망자",18.752,-50.091,0,"Roslynn",12.088,-63.433,0,"소솨소솨",32.644,-89.594,0,"-라후이-",-0.029,-113.694,0,"Yuume",-50.779,-87.158,0,0,0,0,0,0,"",0,0,0,0,1675.405,,,,0,0
50,2,0,6,2,1,0,0,0,0,0,255,255,255,10,1689.661,"Kr_Luna",L,3,56,92,-2.061,-0.364,-0.598,1.769,-1.603,1.418,-36.8,35.773,1,0,303.117,0,0,0,0,0,5,2,R,"Yaksok~",173.2,96.259,0.451,0,62,0,0,0,0,0,0,0,0,0,0,0,0,0,0,0,0.283,-38.026,0,"Pring__",0.004,-17.316,0,"신과함께1",-19.967,-45.032,0,"vovopo 보보포",-15.787,-59.795,0,"인생최패망자",18.502,-50.406,0,"Roslynn",12.222,-63.907,0,"소솨소솨",32.239,-89.783,0,"-라후이-",-0.039,-113.697,0,"Yuume",-48.209,-84.443,0,0,0,0,0,0,"",0,0,0,0,1690.85,,,,0,0
51,2,0,6,2,2,0,0,0,0,0,255,255,255,11,1703.938,"Kr_Luna",L,6,66,97,-0.662,-0.86,0.172,1.648,0.532,1.133,-36.616,24.874,0,0,-380.262,0,0,0,0,1,5,2,R,"Yaksok~",173.2,96.259,0.451,0,62,0,0,0,0,0,0,0,0,0,0,0,0,0,0,0,0.227,-38.154,0,"Pring__",-0.045,-17.429,0,"신과함께1",-19.908,-45.103,0,"vovopo 보보포",-15.43,-59.922,0,"인생최패망자",18.81,-50.28,0,"Roslynn",12.12,-63.539,0,"소솨소솨",32.226,-89.813,0,"-라후이-",-1.125,-114.857,0,"Yuume",-48.958,-85.025,0,0,0,0,0,0,"",0,0,0,0,1705.028,,,,0,0
52,2,0,6,2,2,1,0,0,0,0,255,255,255,12,1723.91,"Kr_Luna",L,33,80,131,-1.22,1.366,-0.074,1.953,-0.354,2.261,-36.817,49.961,1,0,-114.11,-109.423,0,-0.135,-17.356,0,5,2,R,"Yaksok~",173.2,96.259,0.451,0,62,0,0,0,0,0,0,0,0,0,0,0,0,0,0,0,0.469,-37.822,0,"Pring__",-0.072,-17.323,0,"신과함께1",-19.952,-45.051,0,"vovopo 보보포",-15.251,-60.018,0,"인생최패망자",19.151,-50.902,0,"Roslynn",12.139,-63.476,0,"소솨소솨",31.889,-89.674,0,"-라후이-",-0.554,-112.73,0,"Yuume",-46.963,-87.448,0,0,0,0,0,0,"",0,0,0,0,1727.639,,,,0,0
53,2,0,6,2,3,1,0,0,0,0,255,255,255,13,1742.999,"Kr_Luna",L,27,92,140,-0.03,3.146,0.225,1.605,1.044,1.067,-36.484,9.222,2,0,-75.204,-127.179,0,0,0,1,5,2,R,"Yaksok~",173.2,96.259,0.451,3,62,1743.834,151,134,106,29,6,145,87,-4.224,-36.394,-0.67,-0.085,-0.036,0,0.483,-0.026,-37.54,0,"Pring__",0.033,-17.307,0,"신과함께1",-20.007,-45.052,90,"vovopo 보보포",-13.815,-60.85,0,"인생최패망자",20.458,-53.097,85,"Roslynn",12.252,-63.666,0,"소솨소솨",31.995,-89.63,0,"-라후이-",-0.55,-112.791,0,"Yuume",-48.7,-85.972,0,1743.628,2.579,-22.914,1745.372,4,"인생최패망자",19.383,-47.314,0,0,,,,,68,2
54,2,0,6,2,0,0,1,0,0,0,255,255,255,14,1774.023,"Kr_Luna",L,27,86,140,0.616,-0.033,0.08,1.722,0.374,1.486,-36.668,25.363,0,0,-90.778,-100.191,0,0,0,1,6,6,L,"あいくんだよー『아이 군』",174.7,80,0.4,0,62,0,0,0,0,0,0,0,0,0,0,0,0,0,0,0,0.219,-37.893,0,"Pring__",0.002,-17.205,0,"신과함께1",-19.191,-44.415,0,"vovopo 보보포",-8.855,-62.588,0,"인생최패망자",21.322,-47.582,0,"Roslynn",11.648,-61.476,0,"소솨소솨",40.862,-89.405,0,"-라후이-",-0.169,-109.902,0,"Yuume",-47.94,-85.139,0,0,0,0,0,0,"",0,0,0,0,1775.017,,,,0,0
55,2,0,6,2,0,1,1,0,0,0,255,255,255,15,1796.624,"Kr_Luna",L,6,71,112,-1.95,0.528,0.077,1.916,0.358,2.169,-36.737,39.296,4,0,-450.721,216.451,0,0.273,-20.32,1,6,6,L,"あいくんだよー『아이 군』",174.7,80,0.4,0,62,0,0,0,0,0,0,0,0,0,0,0,0,0,0,0,0.277,-38.014,0,"Pring__",-0.045,-17.229,0,"신과함께1",-18.97,-44.453,0,"vovopo 보보포",-7.962,-63.509,0,"인생최패망자",21.064,-47.766,0,"Roslynn",11.704,-61.501,0,"소솨소솨",40.76,-89.446,0,"-라후이-",0.315,-110.062,0,"Yuume",-45.703,-83.125,0,0,0,0,0,0,"",0,0,0,0,1799.428,,,,0,0
56,2,0,6,2,0,2,1,0,0,0,255,255,255,16,1815.008,"Kr_Luna",L,27,85,139,1.052,-0.306,0.131,1.667,0.609,1.291,-36.573,14.579,2,0,-114.033,-140.928,0,0,0,1,6,6,L,"あいくんだよー『아이 군』",174.7,80,0.4,3,62,1816.115,204,86,102,66,27,145,127,27.263,-42.944,0.44,0.068,-0.101,0,0.154,0.014,-37.668,0,"Pring__",0.014,-17.407,0,"신과함께1",-19.037,-44.552,0,"vovopo 보보포",-9.994,-63.065,0,"인생최패망자",21.87,-48.192,0,"Roslynn",11.265,-62.832,0,"소솨소솨",40.648,-89.514,0,"-라후이-",0.148,-109.93,0,"Yuume",-44.474,-79.342,0,1820.906,66.419,-114.312,0,0,"",0,0,0,0,,1826.01,1831.053,,4,4
57,2,0,6,3,0,0,1,0,0,0,255,255,255,17,1864.941,"Kr_Luna",L,10,72,115,0.422,0.543,0.039,1.97,0.183,2.377,-36.708,40.238,2,0,0,400,0,0,0,1,7,7,R,"ByeolBam",170.1,85,0.5,3,63,1865.938,215,144,127,77,39,145,99,-9.816,-11.273,0,-0.023,-0.045,0,0.08,0.159,-37.848,0,"Pring__",0.013,-17.371,0,"신과함께1",-19.44,-44.629,88,"vovopo 보보포",-13.499,-60.812,0,"인생최패망자",21.125,-51.81,0,"Roslynn",11.401,-61.742,95,"소솨소솨",31.141,-83.815,0,"-라후이-",-0.192,-103.646,0,"Yuume",-50.085,-86.277,0,1865.805,0.933,-25.419,1867.894,5,"Roslynn",6.701,-58.939,0,128,,,,,320,2
58,2,0,6,3,0,0,2,0,0,0,255,255,255,18,1893.737,"Kr_Luna",L,27,81,133,-0.942,0.46,-0.065,1.809,-0.302,1.782,-36.657,38.59,0,0,-83.819,-121.915,0,0,0,0,8,9,L,"CAT tourniquet",190,82.571,0.454,0,42,0,0,0,0,0,0,0,0,0,0,0,0,0,0,0,0.306,-37.875,0,"Pring__",0.004,-17.345,0,"신과함께1",-19.72,-44.953,0,"vovopo 보보포",-8.149,-61.803,0,"인생최패망자",21.147,-47.135,0,"Roslynn",12.818,-63.012,0,"소솨소솨",37.613,-80.132,0,"-라후이-",-0.007,-103.896,0,"Yuume",-52.975,-89.616,0,0,0,0,0,0,"",0,0,0,0,1893.961,,,,0,0
59,2,0,6,3,0,1,2,0,0,0,255,255,255,19,1941.667,"Kr_Luna",L,27,82,134,-0.969,0.732,-0.064,1.855,-0.297,1.929,-36.714,36.311,2,0,-84.366,-147.816,0,0,0,0,8,9,L,"CAT tourniquet",190,82.571,0.454,3,42,1942.799,85,48,54,44,37,120,116,-30,-47.635,0.71,0.021,-0.023,0,0.243,0.028,-37.902,0,"Pring__",-0.129,-17.197,0,"신과함께1",-20.059,-45.246,0,"vovopo 보보포",-10.246,-62.156,0,"인생최패망자",21.206,-47.394,0,"Roslynn",12.69,-63.148,0,"소솨소솨",38.732,-81.65,0,"-라후이-",-0.099,-105.17,0,"Yuume",-53.834,-88.64,0,1941.639,1.888,-20.306,0,0,"",0,0,0,0,,,,,0,3
60,2,0,6,3,0,2,2,0,0,0,255,255,255,20,1964.324,"Kr_Luna",L,10,66,99,0.228,-0.973,-0.002,1.831,-0.007,1.574,-36.699,27.489,4,0,49.208,369.165,0,0,0,1,8,9,L,"CAT tourniquet",190,82.571,0.454,0,42,0,0,0,0,0,0,0,0,0,0,0,0,0,0,0,0.454,-37.763,0,"Pring__",0.04,-17.306,0,"신과함께1",-19.939,-44.212,0,"vovopo 보보포",-5.213,-62.079,0,"인생최패망자",20.335,-46.064,0,"Roslynn",12.468,-63.355,0,"소솨소솨",40.695,-83.046,0,"-라후이-",0.427,-104.21,0,"Yuume",-51.667,-92.044,0,0,0,0,0,0,"",0,0,0,256,1964.794,,,,0,0
61,3,1,6,3,0,0,0,0,0,0,255,255,255,39,2012.102,"눈꽃",R,34,88,140,1.295,0.357,0.168,1.942,0.469,1.767,-36.626,12.364,0,0,66.04,-65.857,7.072,0,0,0,5,9,R,"Saƅer",190,95.294,0.498,0,64,0,0,0,0,0,0,0,0,0,0,0,0,0,0,0,0.068,-37.296,0,"encounter v",-0.19,-17.685,0,"Yaksok~",-20.049,-50.215,0,"schmoneymikey",-11.837,-61.559,0,"NABIMan",19.979,-47.153,0,"Rite_",13.695,-65.136,0,"あいくんだよー『아이 군』",42.618,-84.759,0,"ByeolBam",2.34,-105.447,0,"M a x ღ",-47.94,-93.113,0,0,0,0,0,0,"",0,0,0,0,2012.517,,,,0,0
62,3,1,6,3,0,1,0,0,0,0,255,255,255,40,2030.097,"눈꽃",R,28,84,138,0.973,-0.24,0.121,1.909,0.372,1.369,-36.596,5.774,2,0,34.593,-88.279,11.808,0,0,1,5,9,R,"Saƅer",190,95.294,0.498,2,64,2031.246,161,69,76,52,23,139,87,-0.733,38.373,-0.79,-0.024,-0.072,0,0.426,0.028,-37.261,0,"encounter v",-0.191,-17.685,0,"Yaksok~",-20.057,-50.224,85,"schmoneymikey",-12.068,-62.033,0,"NABIMan",20.148,-47.347,0,"Rite_",13.715,-65.14,0,"あいくんだよー『아이 군』",42.684,-84.912,0,"ByeolBam",-0.028,-106.55,0,"M a x ღ",-51.934,-95.554,0,2030.572,-7.66,-28.239,2032.028,2,"Yaksok~",-21.321,-44.833,0,0,,,,,36,2
63,3,1,6,3,0,0,1,0,0,0,255,255,255,41,2083.909,"눈꽃",R,0,84,137,0.161,0.07,0.019,1.81,0.025,1.531,-36.572,7.966,2,0,36.068,-34.35,10.311,0,0,1,6,2,L,"신과함께1",190,94.814,0.2,2,65,2085.036,239,107,99,107,0,145,120,-14.341,-0.691,0.81,0.033,-0.026,0,0.293,0.116,-37.36,0,"encounter v",-0.003,-17.582,0,"Yaksok~",-20.612,-51.594,87,"schmoneymikey",-11.061,-60.688,0,"NABIMan",21.371,-46.163,0,"Rite_",15.135,-63.377,0,"あいくんだよー『아이 군』",40.023,-80.999,0,"ByeolBam",0.165,-106.576,104,"M a x ღ",-51.885,-99.309,0,2083.906,0.075,-23.418,2087.061,7,"ByeolBam",2.021,-90.153,1,0,,,,,160,2
64,3,1,6,3,0,0,1,1,0,0,2,255,255,42,2114.033,"눈꽃",R,32,88,140,0.558,-0.688,0.025,1.743,-0.078,1.032,-36.466,7.606,0,0,244.378,-177.786,22.307,0,0,0,7,7,R,"-라후이-",174.7,86,0.5,0,65,0,0,0,0,0,0,0,0,0,0,0,0,0,0,0,-0.074,-37.033,0,"encounter v",-0.189,-17.607,0,"Yaksok~",-17.619,-45.884,0,"schmoneymikey",-8.841,-59.504,0,"NABIMan",19.884,-46.649,0,"Rite_",14.09,-64.599,0,"あいくんだよー『아이 군』",44.258,-86.076,0,"ByeolBam",0.047,-104.835,0,"M a x ღ",-57.55,-98.911,0,0,0,0,0,0,"",0,0,0,0,2114.039,,,,0,0
65,3,1,6,3,0,1,1,1,0,0,2,255,255,43,2128.248,"눈꽃",R,28,86,140,1.478,0.076,-0.034,1.734,0.612,1.567,-36.418,2.003,2,0,24.721,-80.945,16.315,0,0,1,7,7,R,"-라후이-",174.7,86,0.5,3,65,2129.07,171,74,111,70,47,145,86,20.301,-3.119,-0.77,0.02,-0.078,0,0.147,0.222,-36.946,0,"encounter v",-0.079,-17.515,0,"Yaksok~",-17.533,-46.763,80,"schmoneymikey",-9.324,-60.258,87,"NABIMan",20.987,-46.745,0,"Rite_",13.543,-64.402,0,"あいくんだよー『아이 군』",44.175,-85.998,0,"ByeolBam",0.02,-104.908,0,"M a x ღ",-58.363,-100.411,0,2131.517,5.372,-83.56,2132.239,7,"ByeolBam",5.847,-88.729,1,0,,2135.234,,,161,2
66,3,1,6,3,0,0,1,1,1,0,7,2,255,44,2158.409,"눈꽃",R,33,84,138,0.501,-0.092,0.072,1.859,0.056,1.456,-36.525,10.68,0,0,116.42,-99.065,9.824,0,0,0,8,5,R,"Roslynn",190,107,0.681,0,66,0,0,0,0,0,0,0,0,0,0,0,0,0,0,0,-0.049,-36.829,0,"encounter v",-0.086,-17.377,0,"Yaksok~",-17.431,-45.944,0,"schmoneymikey",-7.717,-60.229,0,"NABIMan",19.966,-45.793,0,"Rite_",14.138,-64.429,0,"あいくんだよー『아이 군』",44.38,-86.306,0,"ByeolBam",1.077,-111.072,0,"M a x ღ",-55.622,-102.09,0,0,0,0,0,0,"",0,0,0,0,2158.861,2160.982,,,0,0
67,3,1,6,3,0,1,1,1,1,0,7,2,255,45,2174.346,"눈꽃",R,27,92,140,-0.59,-0.584,-0.058,1.82,-0.418,1.12,-36.585,4.298,2,0,120.052,-130.142,13.083,0,0,1,8,5,R,"Roslynn",190,107,0.681,2,66,2175.539,135,48,59,115,35,137,86,7.742,23.972,-0.81,-0.066,-0.052,0,0.528,0.205,-37.056,0,"encounter v",-0.118,-17.609,0,"Yaksok~",-17.977,-46.652,88,"schmoneymikey",-8.264,-60.541,0,"NABIMan",20.494,-46.552,0,"Rite_",13.485,-64.469,0,"あいくんだよー『아이 군』",44.495,-86.092,0,"ByeolBam",0.347,-111.576,0,"M a x ღ",-55.095,-101.6,0,0,0,0,2176.094,2,"Yaksok~",-13.06,-45.519,0,128,,2179.754,,,32,1
68,3,0,6,3,0,0,0,0,0,0,255,255,255,21,2230.048,"Kr_Luna",L,3,54,89,-0.449,0.545,-0.308,1.92,-0.956,1.975,-36.679,23.434,0,0,321.276,0,0,0,0,0,0,3,L,"schmoneymikey",190,105,0.63,0,41,0,0,0,0,0,0,0,0,0,0,0,0,0,0,0,0.265,-38.089,0,"Pring__",0.002,-17.403,0,"신과함께1",-21.698,-46.068,0,"vovopo 보보포",-6.968,-64.719,0,"인생최패망자",22.26,-48.961,0,"Roslynn",11.158,-62.574,0,"소솨소솨",38.588,-86.852,0,"-라후이-",0.051,-111.591,0,"Yuume",-50.992,-91.44,0,0,0,0,0,0,"",0,0,0,0,2230.383,,,,0,0
69,3,0,6,3,0,1,0,0,0,0,255,255,255,22,2247.641,"Kr_Luna",L,27,85,139,-0.587,0.201,-0.028,1.764,-0.128,1.632,-36.532,22.923,0,0,-93.793,-117.955,0,0,0,1,0,3,L,"schmoneymikey",190,105,0.63,0,41,0,0,0,0,0,0,0,0,0,0,0,0,0,0,0,0.259,-37.915,0,"Pring__",-0.027,-17.456,0,"신과함께1",-21.689,-46.333,0,"vovopo 보보포",-7.355,-63.62,0,"인생최패망자",21.569,-47.968,0,"Roslynn",10.683,-62.372,0,"소솨소솨",38.844,-86.498,0,"-라후이-",0.055,-111.593,0,"Yuume",-48.133,-91.143,0,0,0,0,0,0,"",0,0,0,0,2247.639,,,,0,0
70,3,0,6,3,0,2,0,0,0,0,255,255,255,23,2266.398,"Kr_Luna",L,34,80,131,-1.578,0.89,-0.114,1.904,-0.53,2.083,-36.788,47.586,4,0,-99.99,-83.124,0,0,0,1,0,3,L,"schmoneymikey",190,105,0.63,0,41,0,0,0,0,0,0,0,0,0,0,0,0,0,0,0,0.107,-37.84,0,"Pring__",-0.033,-17.395,0,"신과함께1",-21.401,-45.586,0,"vovopo 보보포",-10.327,-63.106,0,"인생최패망자",22.801,-49.138,0,"Roslynn",11.638,-61.991,0,"소솨소솨",38.804,-86.512,0,"-라후이-",-0.991,-110.685,0,"Yuume",-47.325,-88.59,0,0,0,0,0,0,"",0,0,0,0,2266.428,,,,0,0
71,3,0,6,3,0,0,1,0,0,0,255,255,255,24,2290.816,"Kr_Luna",L,13,67,109,0.636,0.303,-0.066,1.975,-0.307,2.313,-36.672,30.19,0,0,313.24,387.392,0,0,0,1,1,1,R,"encounter v",190,88.172,0.468,0,66,0,0,0,0,0,0,0,0,0,0,0,0,0,0,0,0.292,-37.809,0,"Pring__",0.01,-17.158,0,"신과함께1",-20.455,-45.44,0,"vovopo 보보포",-16.305,-60.99,0,"인생최패망자",21.983,-52.833,0,"Roslynn",11.893,-61.734,0,"소솨소솨",41.549,-97.859,0,"-라후이-",-2.186,-108.621,0,"Yuume",-47.042,-85.855,0,0,0,0,0,0,"",0,0,0,0,2291.172,,,,0,0
72,3,0,6,3,0,1,1,0,0,0,255,255,255,25,2305.801,"Kr_Luna",L,14,67,110,1.327,0.257,0.281,1.936,1.308,2.189,-36.747,45.834,0,0,-390.434,312.348,0,0,0,0,1,1,R,"encounter v",190,88.172,0.468,0,66,0,0,0,0,0,0,0,0,0,0,0,0,0,0,0,0.039,-38.023,0,"Pring__",0.012,-17.195,0,"신과함께1",-20.522,-45.452,0,"vovopo 보보포",-14.588,-60.402,0,"인생최패망자",21.965,-52.849,0,"Roslynn",11.325,-62.027,0,"소솨소솨",45.526,-97.572,0,"-라후이-",-1.453,-108.72,0,"Yuume",-45.425,-88.517,0,0,0,0,0,0,"",0,0,0,0,2306.172,,,,0,0
73,3,0,6,3,0,2,1,0,0,0,255,255,255,26,2323.282,"Kr_Luna",L,26,89,140,1.307,-0.623,0.156,1.584,0.727,1.046,-36.518,14.268,2,0,-122.166,-200,0,0,0,1,1,1,R,"encounter v",190,88.172,0.468,3,66,2324.349,241,74,112,92,31,145,130,29.128,37.412,0.38,-0.051,-0.089,0,0.077,0.296,-37.844,0,"Pring__",0.016,-17.239,0,"신과함께1",-20.487,-45.44,0,"vovopo 보보포",-13.671,-60.75,0,"인생최패망자",21.951,-52.826,0,"Roslynn",11.227,-62.196,0,"소솨소솨",45.562,-97.567,0,"-라후이-",-1.086,-108.897,0,"Yuume",-45.075,-87.59,0,2328.728,-87.306,-103.404,0,0,"",0,0,0,0,,,,,0,3
74,3,0,6,3,0,2,1,0,0,0,255,255,255,27,2351.349,"Kr_Luna",L,26,95,140,3.129,-1.412,0.237,1.466,1.102,0.665,-36.501,4.009,2,0,-90.589,-200,0,0,0,1,1,1,R,"encounter v",190,88.172,0.468,3,41,2352.413,218,81,102,83,69,145,88,-11.214,-28.499,-0.86,-0.027,-0.13,0,0.095,-0.059,-37.822,0,"Pring__",0.03,-17.35,0,"신과함께1",-19.932,-45.153,89,"vovopo 보보포",-13.723,-60.988,0,"인생최패망자",21.36,-52.602,118,"Roslynn",9.179,-62.382,0,"소솨소솨",33.836,-87.418,0,"-라후이-",-1.186,-106.074,0,"Yuume",-47.943,-91.266,0,2351.217,1.692,-22.295,2353.028,4,"인생최패망자",16.213,-48.051,0,0,,,,,68,2
75,3,0,6,3,0,0,2,0,0,0,255,255,255,28,2374.585,"Kr_Luna",L,27,79,117,-0.554,0.527,-0.027,1.814,-0.084,1.758,-36.669,35.322,0,0,-91.512,-116.476,0,0,0,1,2,5,R,"Rite_",170,95,0.5,0,67,0,0,0,0,0,0,0,0,0,0,0,0,0,0,0,0.11,-38.181,0,"Pring__",-0.027,-17.297,0,"신과함께1",-19.559,-44.253,0,"vovopo 보보포",-15.744,-60.315,0,"인생최패망자",21.807,-53.325,0,"Roslynn",12.234,-62.219,0,"소솨소솨",34.919,-91.078,0,"-라후이-",-1.134,-107.708,0,"Yuume",-52.604,-97.807,0,0,0,0,0,0,"",0,0,0,0,2374.661,,,,0,0
76,3,0,6,3,0,1,2,0,0,0,255,255,255,29,2388.213,"Kr_Luna",L,27,85,122,0.248,-0.443,0.08,1.68,0.247,1.199,-36.611,19.623,2,0,-88.651,-125.272,0,0,0,1,2,5,R,"Rite_",170,95,0.5,2,67,2389.159,147,78,100,91,30,145,92,-5.741,7.463,-0.34,-0.001,-0.038,0,0.308,0.039,-37.597,0,"Pring__",0.024,-17.297,0,"신과함께1",-19.565,-44.346,0,"vovopo 보보포",-13.888,-61.153,0,"인생최패망자",22.077,-53.714,0,"Roslynn",11.951,-62.275,0,"소솨소솨",34.797,-88.536,0,"-라후이-",-0.696,-104.444,91,"Yuume",-51.159,-95.334,0,2388.061,-0.72,-25.984,2392.15,7,"-라후이-",-8.99,-89.862,1,0,,,,,128,2
77,3,0,6,3,0,0,2,1,0,0,15,255,255,30,2419.957,"Kr_Luna",L,10,69,113,-0.781,0.56,-0.073,2.026,-0.338,2.473,-36.707,38.132,0,0,0,400,0,0,0,0,3,4,L,"NABIMan",190,81.885,0.496,0,67,0,0,0,0,0,0,0,0,0,0,0,0,0,0,0,0.124,-37.983,0,"Pring__",-0.066,-17.239,0,"신과함께1",-19.458,-42.032,0,"vovopo 보보포",-8.473,-62.505,0,"인생최패망자",22.247,-48.257,0,"Roslynn",12.795,-61.363,0,"소솨소솨",43.184,-88.537,0,"-라후이-",-0.328,-102.685,0,"Yuume",-43.022,-88.212,0,0,0,0,0,0,"",0,0,0,0,2420.15,,,,0,0
78,3,0,6,3,0,1,2,1,0,0,15,255,255,31,2443.806,"Kr_Luna",L,32,78,129,-1.94,0.955,-0.129,1.908,-0.6,2.091,-36.708,42.338,1,0,-157.653,-116.629,0,0,0,0,3,4,L,"NABIMan",190,81.885,0.496,0,67,0,0,0,0,0,0,0,0,0,0,0,0,0,0,0,0.283,-37.921,0,"Pring__",-0.06,-17.078,0,"신과함께1",-20,-41.545,0,"vovopo 보보포",-8.42,-62.605,0,"인생최패망자",22.465,-48.427,0,"Roslynn",12.822,-61.357,0,"소솨소솨",43.143,-88.58,0,"-라후이-",-0.265,-102.467,0,"Yuume",-51.5,-91.2,0,0,0,0,0,0,"",0,0,0,0,2443.961,,,,0,0
79,3,0,6,3,1,1,2,1,0,0,15,255,255,32,2463.335,"Kr_Luna",L,27,85,139,-0.342,0.454,-0.009,1.816,-0.043,1.793,-36.612,30.476,2,0,-77.064,-112.414,0,0,0,1,3,4,L,"NABIMan",190,81.885,0.496,3,68,2464.423,242,86,116,71,91,145,90,54.26,-37.201,-0.55,0.127,-0.134,0,0.478,0.184,-37.652,0,"Pring__",-0.048,-17.212,0,"신과함께1",-19.788,-41.872,0,"vovopo 보보포",-9.3,-63.368,0,"인생최패망자",22.431,-48.402,0,"Roslynn",12.64,-61.643,0,"소솨소솨",43.163,-88.56,106,"-라후이-",-0.336,-101.962,0,"Yuume",-51.179,-90.543,0,2468.761,37.024,-67.711,2468.95,6,"소솨소솨",36.162,-66.574,0,0,,2469.802,,,66,1
80,4,1,6,3,0,0,0,0,0,0,255,255,255,46,2514.067,"눈꽃",R,33,79,130,-0.942,-0.008,0.12,1.124,-0.614,1.624,-36.63,28.892,0,0,133.571,2.34,-2.798,0,0,0,0,8,R,"Yuume",182.5,100.354,0.461,0,68,0,0,0,0,0,0,0,0,0,0,0,0,0,0,0,0.051,-37.298,0,"encounter v",-0.145,-17.451,0,"Yaksok~",-19.429,-51.163,0,"schmoneymikey",-8.42,-60.37,0,"NABIMan",19.849,-48.346,0,"Rite_",14.514,-64.515,0,"あいくんだよー『아이 군』",44.065,-86.505,0,"ByeolBam",-0.041,-112.203,0,"M a x ღ",-48.636,-95.148,0,0,0,0,0,0,"",0,0,0,0,2514.428,,,,0,0
81,4,1,6,3,0,1,0,0,0,0,255,255,255,47,2525.079,"눈꽃",R,32,78,129,-0.491,0.378,0.177,1.172,-0.57,1.976,-36.519,18.765,0,0,250,118.315,41.598,0,0,0,0,8,R,"Yuume",182.5,100.354,0.461,0,68,0,0,0,0,0,0,0,0,0,0,0,0,0,0,0,-0.012,-37.29,0,"encounter v",-0.18,-17.545,0,"Yaksok~",-19.945,-50.882,0,"schmoneymikey",-8.505,-60.162,0,"NABIMan",19.984,-48.477,0,"Rite_",14.313,-63.772,0,"あいくんだよー『아이 군』",44.006,-86.543,0,"ByeolBam",0.421,-111.671,0,"M a x ღ",-50.765,-95.9,0,0,0,0,0,0,"",0,0,0,0,2525.394,,,,0,0
82,4,1,6,3,0,2,0,0,0,0,255,255,255,48,2538.391,"눈꽃",R,9,56,103,-1.111,-0.784,-0.082,0.881,-1.198,0.775,-36.702,38.277,2,0,352.987,-328.464,0.797,0,0,1,0,8,R,"Yuume",182.5,100.354,0.461,2,68,2539.647,59,76,90,111,65,104,95,28.565,-11.58,0.84,-0.01,-0.088,0,0.301,0.042,-37.132,0,"encounter v",-0.118,-17.491,0,"Yaksok~",-19.951,-50.893,0,"schmoneymikey",-8.501,-60.174,85,"NABIMan",20.048,-48.532,0,"Rite_",13.473,-63.575,0,"あいくんだよー『아이 군』",42.87,-87.38,0,"ByeolBam",-0.036,-112.002,0,"M a x ღ",-54.064,-94.301,0,2543.128,14.649,-98.913,2543.694,7,"ByeolBam",15.191,-101.812,1,0,,,,,129,2
83,4,1,6,3,0,0,0,1,0,0,8,255,255,49,2569.782,"눈꽃",R,32,89,140,1.289,0.54,0.301,1.18,0.315,2.016,-36.574,25.869,0,0,176.168,75.3,4.158,0,0,0,1,6,R,"소솨소솨",174.7,80,0.2,0,68,0,0,0,0,0,0,0,0,0,0,0,0,0,0,0,0.316,-37.108,0,"encounter v",-0.184,-17.508,0,"Yaksok~",-17.38,-45.4,0,"schmoneymikey",-6.717,-58.37,0,"NABIMan",21.807,-48.685,0,"Rite_",13.595,-64.834,0,"あいくんだよー『아이 군』",39.602,-91.866,0,"ByeolBam",0.3,-108.886,0,"M a x ღ",-52.071,-97.344,0,0,0,0,0,0,"",0,0,0,0,2570.083,,,,0,0
84,4,1,6,3,0,1,0,1,0,0,8,255,255,50,2583.911,"눈꽃",R,0,88,140,2.193,-1.36,0.545,0.803,0.939,0.849,-36.745,46.999,2,0,0,0,-3.879,0,0,0,1,6,R,"소솨소솨",174.7,80,0.2,3,68,2585.031,179,119,38,0,22,58,58,-81.355,-11.435,-0.35,-0.017,-0.107,0,0.443,0.406,-37.119,0,"encounter v",-0.5,-17.477,0,"Yaksok~",-17.689,-47,78,"schmoneymikey",-8.497,-58.693,87,"NABIMan",21.917,-47.58,0,"Rite_",13.539,-64.976,0,"あいくんだよー『아이 군』",39.598,-91.86,0,"ByeolBam",0.372,-108.836,0,"M a x ღ",-50.711,-93.979,0,2583.817,0.403,-18.887,2586.128,1,"encounter v",1.21,-22.875,1,0,2586.128,2591.12,,,35,2
85,4,1,6,3,0,0,1,1,0,0,6,255,255,51,2614.651,"눈꽃",R,2,46,97,-1.552,1.018,0.414,0.817,-0.101,1.94,-36.677,53.394,1,0,-263.577,-298.831,-5.843,0,0,0,2,4,L,"Kr_Luna",190,94.58,0.497,0,68,0,0,0,0,0,0,0,0,0,0,0,0,0,0,0,0.405,-37.419,0,"encounter v",-0.408,-17.534,0,"Yaksok~",-18.912,-46.707,0,"schmoneymikey",-5.124,-58.649,0,"NABIMan",21.921,-45.463,0,"Rite_",13.524,-65.281,0,"あいくんだよー『아이 군』",39.571,-91.852,0,"ByeolBam",0.685,-108.203,0,"M a x ღ",-50.557,-95.884,0,0,0,0,0,0,"",0,0,0,0,2614.894,,,,0,0
86,4,1,6,3,1,0,1,1,0,0,6,255,255,52,2628.851,"눈꽃",R,2,81,120,-0.836,0.49,0.341,1.041,0.265,1.631,-36.569,23.361,2,0,-390.434,-312.348,-4.476,0,0,0,2,4,L,"Kr_Luna",190,94.58,0.497,3,68,2629.753,150,97,131,113,71,145,93,62.836,-22.115,-0.68,-0.019,-0.036,0,0.17,0.49,-37.031,0,"encounter v",-0.052,-17.565,0,"Yaksok~",-17.977,-45.818,0,"schmoneymikey",-7.916,-59.044,0,"NABIMan",21.732,-45.599,86,"Rite_",13.517,-65.234,0,"あいくんだよー『아이 군』",45.671,-84.98,0,"ByeolBam",0.668,-107.692,0,"M a x ღ",-55.701,-101.701,0,2634.683,23.589,-60.991,2634.972,4,"NABIMan",23.036,-60.083,0,0,,,,,8,1
87,4,1,6,3,0,0,2,1,0,0,6,255,255,53,2659.138,"눈꽃",R,2,85,125,-0.629,0.516,0.355,1.036,0.329,1.655,-36.617,30.195,2,0,-390.434,-312.348,7.704,0,0,1,3,1,L,"Pring__",190,94.846,0.477,3,69,2660.008,173,98,139,101,63,145,130,29.249,-8.257,0.31,-0.031,-0.034,0,0.618,0.306,-36.805,0,"encounter v",-0.035,-17.593,0,"Yaksok~",-18.617,-47.866,0,"schmoneymikey",-7.714,-60.402,0,"NABIMan",21.826,-46.852,0,"Rite_",14.794,-61.974,0,"あいくんだよー『아이 군』",44.881,-86.678,0,"ByeolBam",0.321,-108.453,0,"M a x ღ",-55.516,-98.335,0,2664.75,37.941,-135.528,0,0,"",0,0,0,0,,2664.094,2669.082,2673.945,0,4
88,4,1,8,3,0,0,2,0,0,0,255,255,255,54,2695.203,"눈꽃",R,33,79,130,-1.093,-0.656,0.206,1.024,-0.618,1.725,-36.57,35.547,2,0,129.665,47.178,1.19,0,0,1,4,3,L,"vovopo 보보포",164.7,80,0.599,3,69,2696.303,255,222,125,75,23,145,126,-30,7.014,0.46,0.031,-0.047,0,0.647,0.389,-37.113,0,"encounter v",-0.009,-17.481,0,"Yaksok~",-17.992,-47.745,0,"schmoneymikey",-8.37,-60.107,0,"NABIMan",21.666,-47.443,0,"Rite_",14.374,-63.963,0,"あいくんだよー『아이 군』",43.01,-90.56,0,"ByeolBam",1.25,-110.177,71,"M a x ღ",-54.709,-92.237,0,2695.05,-0.314,-20.699,2698.728,7,"ByeolBam",-10.079,-98.533,1,0,,,,,128,2
89,4,1,8,3,0,0,2,1,0,0,3,255,255,55,2743.216,"눈꽃",R,32,88,140,0.157,-0.44,0.225,1.062,-0.161,1.496,-36.646,28.563,0,0,187.438,108.493,2.334,0,0,0,5,9,R,"lylFreeStyle",160,95,0.5,0,69,0,0,0,0,0,0,0,0,0,0,0,0,0,0,0,0.385,-37.134,0,"encounter v",-0.254,-17.825,0,"Yaksok~",-17.283,-46.052,0,"schmoneymikey",-5.73,-59.909,0,"NABIMan",20.574,-48.407,0,"Rite_",9.581,-65.529,0,"あいくんだよー『아이 군』",41.961,-91.581,0,"ByeolBam",0.101,-107.652,0,"M a x ღ",-47.66,-88.967,0,0,0,0,0,0,"",0,0,0,0,2743.75,,,,0,0
90,4,1,8,3,0,1,2,1,0,0,3,255,255,56,2765.142,"눈꽃",R,32,69,123,0.196,2.276,0.241,1.356,-0.255,2.955,-36.779,21.685,4,0,202.188,101.117,7.313,0,0,1,5,9,R,"lylFreeStyle",160,95,0.5,0,69,0,0,0,0,0,0,0,0,0,0,0,0,0,0,0,-0.539,-38.093,0,"encounter v",-0.169,-17.709,0,"Yaksok~",-18.235,-43.713,0,"schmoneymikey",-6.3,-59.429,0,"NABIMan",21.099,-48.791,0,"Rite_",9.649,-65.686,0,"あいくんだよー『아이 군』",43.739,-89.507,0,"ByeolBam",0.217,-107.713,0,"M a x ღ",-50.422,-95.69,0,0,0,0,0,0,"",0,0,0,0,2794.028,,,,0,0
91,4,1,8,3,1,1,2,1,0,0,3,255,255,57,2818.828,"눈꽃",R,32,87,140,-0.768,-0.749,0.102,1.051,-0.669,1.446,-36.557,29.095,0,0,250,200,-14.071,0,0,0,5,9,R,"lylFreeStyle",160,95,0.5,0,69,0,0,0,0,0,0,0,0,0,0,0,0,0,0,0,0.038,-39.187,0,"encounter v",-0.09,-18.421,0,"Yaksok~",-17.777,-46.894,0,"schmoneymikey",-1.853,-59.589,86,"NABIMan",20.661,-48,0,"Rite_",11.832,-67.724,0,"あいくんだよー『아이 군』",43.398,-89.728,0,"ByeolBam",0.733,-105.661,0,"M a x ღ",-53.506,-94.612,0,0,0,0,0,0,"",0,0,0,0,2819.383,2822.604,,,0,0
92,4,1,8,3,1,2,2,0,1,0,255,3,255,58,2840.699,"눈꽃",R,34,85,139,-0.481,0.774,0.039,1.215,-0.298,2.036,-36.463,20.214,0,0,65.25,7.124,10.422,0,0,1,5,9,R,"lylFreeStyle",160,95,0.5,0,69,0,0,0,0,0,0,0,0,0,0,0,0,0,0,0,0.345,-39.841,0,"encounter v",0.088,-18.62,0,"Yaksok~",-18.624,-47.377,0,"schmoneymikey",-5.888,-61.013,0,"NABIMan",19.667,-44.26,0,"Rite_",10.099,-63.803,0,"あいくんだよー『아이 군』",42.949,-89.353,0,"ByeolBam",0.107,-105.975,0,"M a x ღ",-49.204,-89.158,0,0,0,0,0,0,"",0,0,0,32,2841.25,2843.331,,,0,0
93,4,0,8,3,0,0,0,0,0,0,255,255,255,33,2897.027,"인생최패망자",R,27,81,133,-0.432,0.106,0.713,2.16,-0.344,1.528,-36.888,60.452,0,0,88.164,-133.324,0,0,0,0,3,4,L,"NABIMan",190,81.885,0.496,0,70,0,0,0,0,0,0,0,0,0,0,0,0,0,0,0,-0.111,-37.791,0,"Pring__",-0.048,-17.255,0,"coder_",-22.796,-50.869,0,"vovopo 보보포",-9.599,-62.813,0,"Kr_Luna",19.467,-47.017,0,"Roslynn",11.795,-62.673,0,"소솨소솨",37.702,-81.414,0,"-라후이-",0.85,-109.057,0,"Yuume",-48.091,-90.817,0,0,0,0,0,0,"",0,0,0,0,2897.105,,,,0,0
94,4,0,8,3,0,1,0,0,0,0,255,255,255,34,2931.03,"인생최패망자",R,27,79,130,-1.135,-0.971,0.776,2.115,-0.656,0.83,-36.962,57.842,1,0,88.225,-145.613,0,0,0,0,3,4,L,"NABIMan",190,81.885,0.496,0,33,0,0,0,0,0,0,0,0,0,0,0,0,0,0,0,0.36,-37.779,0,"Pring__",-0.131,-17.374,0,"coder_",-22.695,-49.666,0,"vovopo 보보포",-6.271,-61.951,0,"Kr_Luna",19.997,-49.103,0,"Roslynn",10.966,-62.806,0,"소솨소솨",37.607,-81.476,0,"-라후이-",0.846,-105.224,0,"Yuume",-45.081,-86.112,0,0,0,0,0,0,"",0,0,0,0,2931.172,,,,0,0
95,4,0,8,3,1,1,0,0,0,0,255,255,255,35,2947.209,"인생최패망자",R,12,77,112,0.452,-0.226,0.919,2.262,0.172,1.62,-37.267,76.774,2,0,0,128.082,0,0,0,1,3,4,L,"NABIMan",190,81.885,0.496,3,70,2948.28,255,110,160,123,83,145,110,0.911,-14.78,0.87,0.133,-0.121,0,0.436,0.308,-37.316,0,"Pring__",-0.041,-17.307,0,"coder_",-22.694,-49.639,0,"vovopo 보보포",-8.71,-61.361,0,"Kr_Luna",19.733,-51.285,0,"Roslynn",10.586,-63.22,119,"소솨소솨",37.659,-81.514,0,"-라후이-",0.246,-106.56,0,"Yuume",-46.289,-84.044,0,2947.639,5.764,-39.763,2949.272,5,"Roslynn",12.908,-59.392,0,0,,,,,320,2
96,4,0,8,3,0,0,1,0,0,0,255,255,255,36,2972.889,"인생최패망자",R,33,79,130,2.097,0.65,0.953,2.221,0.683,1.822,-37.07,69.605,1,0,125.784,-123.44,0,0,0,0,4,8,R,"M a x ღ",175.3,104.838,0.478,0,70,0,0,0,0,0,0,0,0,0,0,0,0,0,0,0,0.588,-38,0,"Pring__",0.005,-17.237,0,"coder_",-21.367,-48.963,0,"vovopo 보보포",-15.474,-60.379,0,"Kr_Luna",19.82,-49.017,0,"Roslynn",12.477,-61.052,0,"소솨소솨",29.974,-83.242,0,"-라후이-",0.235,-103.065,0,"Yuume",-50.73,-90.983,0,0,0,0,0,0,"",0,0,0,0,2973.294,,,,0,0
97,4,0,8,3,1,0,1,0,0,0,255,255,255,37,2985.937,"인생최패망자",R,26,82,135,1.36,0.558,0.889,2.196,0.404,1.73,-37.028,67.418,0,0,108.378,-168.235,0,0,0,0,4,8,R,"M a x ღ",175.3,104.838,0.478,0,70,0,0,0,0,0,0,0,0,0,0,0,0,0,0,0,0.445,-37.856,0,"Pring__",-0.003,-17.211,0,"coder_",-21.108,-48.643,0,"vovopo 보보포",-14.772,-60.593,0,"Kr_Luna",19.81,-49.006,0,"Roslynn",11.561,-61.489,0,"소솨소솨",29.963,-83.235,0,"-라후이-",0.686,-102.965,0,"Yuume",-51.154,-90.346,0,0,0,0,0,0,"",0,0,0,0,2986.328,,,,0,0
98,4,0,8,3,1,1,1,0,0,0,255,255,255,38,2997.621,"인생최패망자",R,10,79,108,-1.243,-2.681,0.704,1.824,-0.52,0.632,-36.689,40.76,2,0,-19.547,400,0,-0.235,-20.331,1,4,8,R,"M a x ღ",175.3,104.838,0.478,2,70,2998.933,142,54,110,105,98,145,85,-29.327,24.893,-0.82,-0.047,-0.06,0,0.448,0.686,-37.172,0,"Pring__",-0.058,-17.359,0,"coder_",-21.871,-47.954,85,"vovopo 보보포",-13.688,-60.655,92,"Kr_Luna",19.729,-49.316,0,"Roslynn",11.421,-61.48,0,"소솨소솨",29.924,-83.273,0,"-라후이-",0.628,-102.978,0,"Yuume",-50.414,-88.21,0,2999.05,-8.265,-41.1,3001.039,5,"Roslynn",-13.679,-54.49,0,0,,,,,80,2
99,4,0,8,3,0,0,2,0,0,0,255,255,255,39,3019.078,"인생최패망자",R,13,58,90,5.259,4.57,0.733,2.249,3.029,5.108,-37.759,118.444,1,0,-260.939,385.08,0,0,0,0,5,2,R,"Yaksok~",173.2,94.259,0.451,0,70,0,0,0,0,0,0,0,0,0,0,0,0,0,0,0,0.491,-37.631,0,"Pring__",0.394,-16.765,0,"coder_",-24.317,-50.521,0,"vovopo 보보포",-13.64,-60.701,0,"Kr_Luna",18.783,-49.997,0,"Roslynn",12.826,-61.881,0,"소솨소솨",32.231,-85.737,0,"-라후이-",-0.912,-107.232,0,"Yuume",-45.484,-81.261,0,0,0,0,0,0,"",0,0,0,0,3019.394,,,,0,0
100,4,0,8,3,1,0,2,0,0,0,255,255,255,40,3035.578,"인생최패망자",R,10,58,93,0.616,-0.449,0.816,2.324,0.249,2.023,-37.428,90.118,0,0,0,347.117,0,0,0,0,5,2,R,"Yaksok~",173.2,94.259,0.451,0,70,0,0,0,0,0,0,0,0,0,0,0,0,0,0,0,0.568,-37.5,0,"Pring__",0.001,-17.133,0,"coder_",-23.788,-49.94,0,"vovopo 보보포",-14.787,-60.323,0,"Kr_Luna",18.78,-49.993,0,"Roslynn",12.831,-61.623,0,"소솨소솨",32.111,-85.82,0,"-라후이-",-0.264,-107.79,0,"Yuume",-49.086,-85.891,0,0,0,0,0,0,"",0,0,0,0,3035.761,,,,0,0
101,4,0,8,3,1,1,2,0,0,0,255,255,255,41,3046.837,"인생최패망자",R,5,53,95,0.114,0.345,0.779,2.086,0.183,1.81,-37.476,97.679,0,0,-61.877,0,0,0,0,1,5,2,R,"Yaksok~",173.2,94.259,0.451,0,70,0,0,0,0,0,0,0,0,0,0,0,0,0,0,0,0.418,-37.366,0,"Pring__",-0.346,-17.141,0,"coder_",-23.777,-49.969,0,"vovopo 보보포",-11.582,-61.133,0,"Kr_Luna",18.785,-49.957,0,"Roslynn",12.715,-61.901,0,"소솨소솨",32.242,-85.734,0,"-라후이-",-1.383,-107.737,0,"Yuume",-47.587,-83.123,0,0,0,0,0,0,"",0,0,0,0,3046.983,,,,0,0
102,4,0,8,3,1,2,2,0,0,0,255,255,255,42,3060.484,"인생최패망자",R,0,76,114,0.091,-0.414,0.901,2.123,0.07,1.351,-37.067,63.598,0,0,-30.455,2.186,0,0,0,0,5,2,R,"Yaksok~",173.2,94.259,0.451,0,70,0,0,0,0,0,0,0,0,0,0,0,0,0,0,0,0.97,-37.996,0,"Pring__",-0.503,-17.075,0,"coder_",-23.775,-48.956,0,"vovopo 보보포",-11.213,-60.496,0,"Kr_Luna",18.797,-50.016,0,"Roslynn",11.415,-62.541,0,"소솨소솨",32.128,-85.809,0,"-라후이-",-1.066,-107.372,0,"Yuume",-45.511,-82.572,0,0,0,0,0,0,"",0,0,0,0,3060.472,,,,0,0
103,5,1,8,3,0,0,0,0,0,0,255,255,255,59,3102.877,"NABIMan",R,0,48,108,0.001,-0.383,0.378,1.041,-0.011,1.431,-36.388,19.387,2,0,0,0,-56.276,0,0,1,6,2,R,"coder_",164.4,96.349,0.284,3,69,3104.017,8,9,17,12,4,2,32,19.863,38.541,0.34,0.012,-0.046,1,0.645,0.59,-37.175,0,"encounter v",-0.152,-17.509,0,"Yaksok~",-18.822,-49.598,85,"schmoneymikey",-7.899,-58.442,0,"눈꽃",17.938,-44.57,0,"Rite_",13.996,-61.923,0,"あいくんだよー『아이 군』",40.909,-89.726,0,"ByeolBam",0.923,-114.552,0,"M a x ღ",-59.361,-94.465,0,3104.105,-6.741,-28.385,3106.717,2,"Yaksok~",-14.861,-35.342,1,64,,,,,32,2
104,5,1,8,3,0,0,0,1,0,0,2,255,255,60,3135.066,"NABIMan",R,3,69,112,-0.451,-0.119,0.504,1.074,0.576,1.562,-36.49,22.277,2,0,-446.003,0,15.576,0,0,1,7,7,R,"-라후이-",174.7,86,0.5,3,69,3135.855,245,153,76,44,24,139,83,113.247,-27.371,0.94,-0.028,-0.069,0,0.304,0.152,-36.807,0,"encounter v",-0.174,-17.548,0,"Yaksok~",-18.023,-42.853,0,"schmoneymikey",-8.598,-59.628,0,"눈꽃",19.912,-45.26,0,"Rite_",14.205,-64.503,0,"あいくんだよー『아이 군』",41.439,-88.181,0,"ByeolBam",-0.372,-108.923,0,"M a x ღ",-53.185,-95.607,0,0,0,0,0,0,"",0,0,0,0,,,,,0,3
105,5,1,8,3,0,1,0,1,0,0,2,255,255,61,3154.009,"NABIMan",R,5,71,122,0.083,0.517,0.417,1.175,0.174,1.918,-36.334,14.051,2,0,-98.403,0,25.548,0,0,1,7,7,R,"-라후이-",174.7,86,0.5,3,69,3154.831,132,70,81,47,40,138,107,26.769,36.893,0.13,-0.009,-0.042,0,0.141,0.093,-37.094,0,"encounter v",-0.153,-17.643,0,"Yaksok~",-17.653,-43.921,0,"schmoneymikey",-7.255,-60.025,0,"눈꽃",19.785,-44.883,0,"Rite_",14.438,-61.401,0,"あいくんだよー『아이 군』",41.377,-88.162,0,"ByeolBam",-0.406,-108.118,0,"M a x ღ",-56.333,-98.61,0,3158.439,-70.818,-84.015,0,0,"",0,0,0,0,,,,,0,3
106,5,1,8,3,0,2,0,1,0,0,2,255,255,62,3179.119,"NABIMan",R,0,40,101,1.171,-0.209,0.487,1.064,0.495,1.528,-36.166,21.912,2,0,0,0,-44.107,0,0,1,7,7,R,"-라후이-",174.7,86,0.5,3,69,3180.066,169,193,61,60,34,137,125,20.419,-24.753,0.34,-0.015,-0.135,0,0.16,0.739,-36.954,0,"encounter v",-0.153,-17.706,0,"Yaksok~",-17.51,-45.844,0,"schmoneymikey",-9.495,-60.419,0,"눈꽃",20.256,-45.8,104,"Rite_",14.598,-63.691,0,"あいくんだよー『아이 군』",41.37,-88.212,97,"ByeolBam",-0.536,-109.643,0,"M a x ღ",-50.111,-92.728,0,3181.75,36.91,-93.516,3186.161,6,"あいくんだよー『아이 군』",45.285,-106.621,1,0,,3185.421,3190.363,,72,2
107,5,1,8,3,0,0,0,0,1,1,255,7,2,63,3213.008,"NABIMan",R,0,69,123,-1.936,0.275,0.198,1.145,-0.849,1.8,-36.389,7.801,1,0,0,0,15.847,0,0,0,8,5,R,"Roslynn",190,107,0.651,0,69,0,0,0,0,0,0,0,0,0,0,0,0,0,0,0,0.148,-34.182,0,"encounter v",-0.246,-17.242,0,"Yaksok~",-16.892,-46.672,0,"schmoneymikey",-7.947,-61.984,0,"눈꽃",19.582,-41.955,0,"Rite_",16.721,-63.9,0,"あいくんだよー『아이 군』",39.696,-91.058,0,"ByeolBam",0.485,-108.369,0,"M a x ღ",-52.986,-94.442,0,0,0,0,0,0,"",0,0,0,0,3213.45,3215.442,3215.66,,0,0
108,5,1,8,3,1,0,0,0,1,1,255,7,2,64,3225.306,"NABIMan",R,15,72,115,0.29,1.909,0.405,1.344,0.115,2.445,-36.418,17.082,1,0,0,-383.073,20.158,0,0,0,8,5,R,"Roslynn",190,107,0.651,0,69,0,0,0,0,0,0,0,0,0,0,0,0,0,0,0,0.391,-37.25,0,"encounter v",-0.133,-17.611,0,"Yaksok~",-17.821,-47.733,0,"schmoneymikey",-7.868,-62.752,0,"눈꽃",19.481,-42.692,0,"Rite_",16.286,-63.415,0,"あいくんだよー『아이 군』",41.472,-91.937,0,"ByeolBam",0.421,-108.189,0,"M a x ღ",-51.926,-92.573,0,0,0,0,0,0,"",0,0,0,0,3225.861,,3230.362,3238.906,0,0
109,5,1,8,3,1,0,0,0,0,1,255,255,255,65,3257.408,"NABIMan",R,0,0,0,0,0,0,0,0,0,0,0,0,0,0,0,0,0,0,0,8,5,R,"Roslynn",190,107,0.651,0,69,0,0,0,0,0,0,0,0,0,0,0,0,0,0,0,0,0,0,"",0,0,0,"",0,0,0,"",0,0,0,"",0,0,0,"",0,0,0,"",0,0,0,"",0,0,0,"",0,0,0,0,0,0,0,0,"",0,0,0,0,3284.872,,,,0,0
110,5,1,9,3,1,0,0,0,0,1,255,255,255,66,3312.779,"NABIMan",R,3,70,112,-2.379,0.379,0.335,1.17,-0.207,1.88,-36.366,13.656,1,0,-483.197,0,42.536,-1.52,-17.025,0,8,5,R,"Roslynn",190,107,0.651,0,60,0,0,0,0,0,0,0,0,0,0,0,0,0,0,0,0.5,-37.527,0,"encounter v",-0.312,-17.434,0,"Yaksok~",-19.016,-50.522,0,"schmoneymikey",-8.289,-60.932,0,"눈꽃",19.363,-42.049,0,"Rite_",15.799,-62.983,0,"あいくんだよー『아이 군』",43.184,-88.948,0,"ByeolBam",0.667,-111.479,0,"M a x ღ",-57.511,-99.198,0,0,0,0,0,0,"",0,0,0,0,3314.683,,,,0,0
111,5,1,9,3,2,0,0,0,0,1,255,255,255,67,3325.149,"NABIMan",R,0,65,120,0.75,0.217,0.439,1.148,0.275,1.809,-36.379,19.411,0,0,23.93,37.494,4.015,-0.059,-6.755,0,8,5,R,"Roslynn",190,107,0.651,0,60,0,0,0,0,0,0,0,0,0,0,0,0,0,0,0,0.64,-37.55,0,"encounter v",-0.359,-17.336,0,"Yaksok~",-17.381,-47.165,0,"schmoneymikey",-8.297,-60.946,0,"눈꽃",19.523,-41.825,0,"Rite_",15.895,-64.692,0,"あいくんだよー『아이 군』",43.221,-88.945,0,"ByeolBam",0.679,-111.464,0,"M a x ღ",-54.972,-91.144,0,0,0,0,0,0,"",0,0,0,0,3326.239,,,,0,0
112,5,1,9,3,2,1,0,0,0,1,255,255,255,68,3335.719,"NABIMan",R,0,43,103,-1.139,-0.12,0.272,1.081,-0.504,1.594,-36.196,18.391,2,0,0,12.539,-46.285,0,0,1,8,5,R,"Roslynn",190,107,0.651,2,60,3337.061,46,76,74,121,17,64,64,27.456,30.624,0.1,0.037,0.009,0,0.425,0.771,-37.053,0,"encounter v",-0.166,-17.469,0,"Yaksok~",-17.91,-46.886,106,"schmoneymikey",-8.264,-60.919,0,"눈꽃",19.495,-42.745,106,"Rite_",15.206,-63.756,0,"あいくんだよー『아이 군』",43.207,-88.939,0,"ByeolBam",0.677,-111.455,0,"M a x ღ",-52.596,-92.002,0,0,0,0,3338.894,2,"Yaksok~",-18.226,-51.603,0,0,,,3340.846,,40,1
113,5,1,9,3,0,0,2,0,0,1,255,255,255,69,3358.165,"NABIMan",R,3,62,107,-0.953,-0.889,0.536,0.948,0.393,1.107,-36.573,38.495,2,0,-436.214,0,3.304,0,0,1,0,8,R,"Yuume",182.5,100.354,0.461,2,69,3359.436,105,58,131,117,85,137,117,95.934,-74.649,0.76,-0.01,-0.101,0,0.301,0.147,-37.001,0,"encounter v",-0.128,-17.494,0,"Yaksok~",-19.103,-50.909,0,"schmoneymikey",-9.423,-61.322,0,"눈꽃",19.567,-43.105,0,"Rite_",14.098,-64.447,0,"あいくんだよー『아이 군』",41.271,-85.845,0,"ByeolBam",0.449,-105.414,0,"M a x ღ",-51.992,-84.27,0,0,0,0,0,0,"",0,0,0,0,,,3362.826,,0,3
114,5,1,9,3,0,1,2,0,0,1,255,255,255,70,3369.946,"NABIMan",R,0,40,101,0.567,-0.406,0.43,1.027,0.234,1.409,-36.234,22.367,0,0,0,0,-21.701,0,0,0,0,8,R,"Yuume",182.5,100.354,0.461,0,69,0,0,0,0,0,0,0,0,0,0,0,0,0,0,0,-0.095,-38.029,0,"encounter v",-0.305,-17.58,0,"Yaksok~",-19.392,-50.611,0,"schmoneymikey",-7.838,-62.237,0,"눈꽃",19.389,-41.874,0,"Rite_",14.671,-64.252,0,"あいくんだよー『아이 군』",42.742,-87.177,0,"ByeolBam",0.359,-104.516,0,"M a x ღ",-49.648,-84.61,0,0,0,0,0,0,"",0,0,0,0,3370.428,,,,0,0
115,5,1,9,3,0,2,2,0,0,1,255,255,255,71,3382.599,"NABIMan",R,12,46,103,-1.503,-0.69,0.214,1.013,-0.771,1.362,-36.355,22.571,2,0,56.267,91.085,-49.307,0,0,1,0,8,R,"Yuume",182.5,100.354,0.461,2,69,3383.88,82,52,102,123,95,129,120,33.934,11.929,0.67,-0.014,-0.09,0,0.261,0.562,-37.426,0,"encounter v",-0.356,-17.587,0,"Yaksok~",-19.411,-50.643,0,"schmoneymikey",-8.416,-62.191,91,"눈꽃",18.77,-42.455,53,"Rite_",15.039,-63.867,0,"あいくんだよー『아이 군』",42.752,-87.257,0,"ByeolBam",0.657,-105.234,98,"M a x ღ",-50.503,-87.982,0,3388.117,-24.386,-122.721,3390.428,7,"ByeolBam",-23.053,-127.591,1,0,,3393.627,3398.484,3390.182,137,2
116,5,1,10,3,0,0,2,0,0,1,255,255,8,72,3419.252,"NABIMan",R,3,69,111,-0.431,-0.037,0.529,1.09,0.692,1.618,-36.506,23.039,2,0,-500,0,17.488,0,0,1,1,6,R,"소솨소솨",174.7,80,0.2,3,69,3420.3,255,99,103,78,12,145,126,26.563,14.08,0.54,0.012,-0.135,0,0.526,0.291,-36.997,0,"encounter v",-0.206,-17.32,0,"Yaksok~",-17.6,-48.816,0,"schmoneymikey",-8.084,-60.336,0,"눈꽃",18.451,-43.958,0,"Rite_",16.126,-62.79,0,"あいくんだよー『아이 군』",44.602,-86.382,0,"ByeolBam",-0.151,-113.76,0,"M a x ღ",-47.408,-95.519,0,3424.561,-40.769,-130.103,0,0,"",0,0,0,2,,3430.529,3435.863,3428.37,0,4
117,5,1,12,3,0,0,2,0,0,0,255,255,255,73,3454.979,"NABIMan",R,3,83,123,-0.414,-0.27,0.483,1.04,0.477,1.46,-36.4,27.314,2,0,-432.853,0,14.174,0,0,0,2,4,L,"Kr_Luna",190,94.58,0.497,3,69,3455.844,170,89,146,67,42,145,121,-17.636,-25.959,0.17,0.004,-0.021,0,0.163,0.396,-36.628,0,"encounter v",0.001,-17.574,0,"Yaksok~",-17.951,-48.079,0,"schmoneymikey",-6.57,-61.644,0,"눈꽃",20.199,-44.989,0,"Rite_",16.085,-62.418,0,"あいくんだよー『아이 군』",43.262,-87.902,0,"ByeolBam",1.973,-114.624,0,"M a x ღ",-48.634,-89.358,0,3454.505,1.153,-22.148,3456.472,5,"Rite_",19.772,-59.779,1,0,,,,,4,2
118,5,1,12,3,0,0,2,1,0,0,4,255,255,74,3499.204,"NABIMan",R,3,69,112,-2.816,0.461,0.278,1.183,-0.473,1.924,-36.441,13.343,2,0,-438.004,0,14.294,0,0,1,3,1,L,"Pring__",190,94.846,0.477,3,69,3500.199,136,55,63,82,50,137,84,-24.607,-26.044,-0.89,-0.029,-0.014,0,0.16,0.632,-36.732,0,"encounter v",-0.047,-17.525,0,"Yaksok~",-16.853,-45.987,0,"schmoneymikey",-7.564,-61.888,85,"눈꽃",19.117,-44.181,0,"Rite_",15.503,-62.862,0,"あいくんだよー『아이 군』",41.926,-87.152,108,"ByeolBam",0.502,-112.04,0,"M a x ღ",-52.47,-94.655,0,3499.005,0.619,-22.285,3503.25,6,"あいくんだよー『아이 군』",29.002,-75.769,1,0,,3504.783,,,65,2
119,5,1,12,3,0,0,2,1,1,0,255,4,255,75,3532.783,"NABIMan",R,0,0,0,0,0,0,0,0,0,0,0,0,0,0,0,0,0,0,0,4,3,L,"vovopo 보보포",164.7,80,0.599,0,45,0,0,0,0,0,0,0,0,0,0,0,0,0,0,0,0,0,0,"",0,0,0,"",0,0,0,"",0,0,0,"",0,0,0,"",0,0,0,"",0,0,0,"",0,0,0,"",0,0,0,0,0,0,0,0,"",0,0,0,0,3534.55,,,,0,0
120,5,1,12,3,1,0,2,1,1,0,255,4,255,76,3550.25,"NABIMan",R,37,76,128,-3.474,1.805,0.044,1.374,-1.562,2.677,-36.324,4.587,3,0,73.77,92.696,9.993,-0.492,-20.606,0,4,3,L,"vovopo 보보포",164.7,80,0.599,0,45,0,0,0,0,0,0,0,0,0,0,0,0,0,0,0,0.569,-36.383,0,"encounter v",-0.283,-18.316,0,"Yaksok~",-17.532,-45.365,0,"schmoneymikey",-8.271,-61.738,0,"눈꽃",19.241,-44.407,0,"Rite_",14.933,-63.086,0,"あいくんだよー『아이 군』",41.806,-88.258,0,"ByeolBam",0.75,-115.192,0,"M a x ღ",-51.827,-93.979,0,0,0,0,0,0,"",0,0,0,0,3551.683,,,,0,6
121,5,1,12,3,3,0,2,1,1,0,3,1,255,77,3567.303,"NABIMan",R,3,49,97,2.354,-0.816,0.841,1.097,2.03,1.205,-36.894,53.133,1,0,-440.909,0,-15.911,0,0,0,4,3,L,"vovopo 보보포",164.7,80,0.599,0,45,0,0,0,0,0,0,0,0,0,0,0,0,0,0,0,0.376,-38.055,0,"encounter v",0.028,-17.535,0,"Yaksok~",-18.086,-44.1,0,"schmoneymikey",-6.572,-62.097,0,"눈꽃",19.311,-43.441,0,"Rite_",14.915,-63.253,0,"あいくんだよー『아이 군』",41.855,-88.112,0,"ByeolBam",0.804,-115.174,0,"M a x ღ",-51.34,-92.557,0,0,0,0,0,0,"",0,0,0,0,3567.717,3576.955,3577.022,,0,5
122,5,1,12,3,0,0,2,1,1,1,3,255,1,78,3593.583,"NABIMan",R,37,66,121,1.613,0.56,0.513,1.185,0.618,1.981,-36.444,15.39,1,0,43.495,52.503,9.59,0,0,0,5,9,R,"lylFreeStyle",160,95,0.5,0,69,0,0,0,0,0,0,0,0,0,0,0,0,0,0,0,0.24,-37.929,0,"encounter v",-0.091,-17.494,0,"Yaksok~",-17.102,-47.16,0,"schmoneymikey",-8.158,-59.9,0,"눈꽃",19.419,-44.116,0,"Rite_",15.423,-62.914,0,"あいくんだよー『아이 군』",41.915,-88.129,0,"ByeolBam",0.631,-114.909,0,"M a x ღ",-49.972,-93.204,0,0,0,0,0,0,"",0,0,0,0,3594.217,,3597.238,,0,0
123,5,1,12,3,0,1,2,1,1,1,3,255,1,79,3616.629,"NABIMan",R,3,68,112,-1.255,0.097,0.421,1.108,0.19,1.683,-36.464,19.713,0,0,-412.233,0,36.54,-0.844,-18.08,1,5,9,R,"lylFreeStyle",160,95,0.5,0,69,0,0,0,0,0,0,0,0,0,0,0,0,0,0,0,0.568,-37.116,0,"encounter v",-0.654,-17.569,0,"Yaksok~",-17.554,-47.952,0,"schmoneymikey",-8.013,-59.954,0,"눈꽃",19.449,-43.792,0,"Rite_",15.376,-63.708,0,"あいくんだよー『아이 군』",41.921,-88.094,0,"ByeolBam",0.575,-114.462,0,"M a x ღ",-54.651,-92.122,0,0,0,0,0,0,"",0,0,0,0,3618.594,3617.606,,,0,0
124,5,1,12,3,0,2,2,1,1,1,3,255,1,80,3638.872,"NABIMan",R,3,74,115,-0.21,0.163,0.529,1.115,0.692,1.713,-36.442,22.75,2,0,-465.492,0,25.758,0,0,1,5,9,R,"lylFreeStyle",160,95,0.5,2,69,3640.223,121,53,61,65,0,137,123,-30,40.539,0.55,-0.049,-0.028,0,0.121,0.603,-36.743,0,"encounter v",-0.216,-17.465,0,"Yaksok~",-17.203,-48.43,0,"schmoneymikey",-8.4,-61.31,0,"눈꽃",18.895,-44.341,0,"Rite_",13.218,-64.357,0,"あいくんだよー『아이 군』",42.265,-87.75,0,"ByeolBam",0.275,-114.393,0,"M a x ღ",-52.982,-92.556,86,3639.094,-1.309,-20.277,3643.061,8,"M a x ღ",-51.744,-78.765,1,0,,3645.615,3644.157,3644.977,17,2
125,5,1,14,3,0,0,2,1,1,0,9,255,255,81,3696.995,"눈꽃",R,33,85,139,-0.194,-0.685,0.256,1.002,-0.284,1.293,-36.637,38.516,0,0,137.701,36.065,-0.576,-0.193,-18.222,1,6,2,R,"coder_",164.4,96.349,0.284,0,69,0,0,0,0,0,0,0,0,0,0,0,0,0,0,0,0.129,-37.018,0,"encounter v",-0.083,-18.651,0,"Yaksok~",-15.848,-43.383,0,"schmoneymikey",-5.222,-61.069,0,"NABIMan",19.987,-43.353,0,"Rite_",12.257,-65.285,0,"あいくんだよー『아이 군』",42.05,-88.053,0,"ByeolBam",1.34,-110.166,0,"M a x ღ",-50.208,-89.954,0,0,0,0,0,0,"",0,0,0,0,3698.239,3700.834,,,0,0
126,5,1,14,3,0,1,2,1,1,0,9,255,255,82,3720.414,"눈꽃",R,33,88,140,-1.547,1.314,0.169,1.249,-0.853,2.424,-36.614,24.753,2,0,128.048,79.036,7.143,0,0,1,6,2,R,"coder_",164.4,96.349,0.284,3,69,3721.455,3,4,1,0,4,1,32,-18.046,-16.324,0.88,-0.023,-0.026,1,0.427,-0.097,-37.206,0,"encounter v",-0.176,-17.399,0,"Yaksok~",-15.886,-45.566,89,"schmoneymikey",-6.644,-61.708,0,"NABIMan",20.86,-45.474,0,"Rite_",10.671,-65.391,0,"あいくんだよー『아이 군』",42.141,-87.979,0,"ByeolBam",0.479,-110.573,0,"M a x ღ",-52.103,-90.388,0,3720.594,0.686,-22.68,3722.761,0,"눈꽃",2.816,-31.903,1,0,,3726.915,3726.045,3730.934,32,2
127,5,1,15,3,0,0,2,1,1,0,2,255,255,83,3760.286,"눈꽃",R,5,84,136,2.35,-1.091,0.534,0.856,1.106,1.001,-36.74,52.5,1,0,-66.511,0,-10.166,0,0,0,7,7,R,"-라후이-",174.7,86,0.5,0,69,0,0,0,0,0,0,0,0,0,0,0,0,0,0,0,0.21,-37.088,0,"encounter v",-0.533,-18.918,0,"Yaksok~",-17.11,-46.574,0,"schmoneymikey",-4.923,-60.139,0,"NABIMan",20.135,-43.886,0,"Rite_",11.251,-62.825,0,"あいくんだよー『아이 군』",42.14,-87.977,0,"ByeolBam",0.394,-112.084,0,"M a x ღ",-43.715,-77.89,0,0,0,0,0,0,"",0,0,0,0,3760.25,3774.336,,,0,0
128,5,1,15,3,1,0,2,1,1,0,2,255,255,84,3776.162,"눈꽃",R,33,85,139,-1.79,0.961,-0.019,1.271,-0.946,2.201,-36.482,19.409,1,0,125.436,20.887,9.913,0,0,0,7,7,R,"-라후이-",174.7,86,0.5,0,69,0,0,0,0,0,0,0,0,0,0,0,0,0,0,0,-0.004,-37.177,0,"encounter v",-0.57,-17.77,0,"Yaksok~",-18.585,-46.091,0,"schmoneymikey",-5.446,-60.653,0,"NABIMan",20.145,-43.923,0,"Rite_",11.322,-63.215,0,"あいくんだよー『아이 군』",42.129,-88.036,0,"ByeolBam",0.397,-112.109,0,"M a x ღ",-46.025,-82.552,0,0,0,0,0,0,"",0,0,0,0,3776.161,3778.624,,,0,0
129,5,1,15,3,2,0,2,1,1,0,2,255,255,85,3793.359,"눈꽃",R,32,90,140,-1.586,0.924,0.057,1.244,-0.934,2.301,-36.483,13.375,1,0,180.466,138.739,13.115,0,0,0,7,7,R,"-라후이-",174.7,86,0.5,0,78,0,0,0,0,0,0,0,0,0,0,0,0,0,0,0,0.152,-37.254,0,"encounter v",-1.229,-19.719,0,"Yaksok~",-18.319,-45.839,85,"schmoneymikey",-5.852,-61.197,0,"NABIMan",20.686,-45.459,0,"Rite_",10.955,-62.796,0,"あいくんだよー『아이 군』",42.042,-88.15,0,"ByeolBam",0.411,-111.756,0,"M a x ღ",-44.31,-82.77,0,0,0,0,0,0,"",0,0,0,0,3793.339,3796.03,,,0,0
130,5,1,15,3,3,0,2,1,1,0,2,255,255,86,3810.612,"눈꽃",R,32,83,136,0.534,0.028,0.217,1.13,-0.125,1.768,-36.551,27.413,2,0,250,117.389,10.348,0,0,1,7,7,R,"-라후이-",174.7,86,0.5,3,78,3811.48,118,77,61,44,46,135,125,-30,-39.108,0.66,-0.015,-0.047,0,0.136,0.182,-36.986,0,"encounter v",-0.172,-17.611,0,"Yaksok~",-18.147,-48.419,0,"schmoneymikey",-7.43,-60.807,0,"NABIMan",21.189,-47.792,7,"Rite_",11.038,-63.347,0,"あいくんだよー『아이 군』",41.99,-88.157,0,"ByeolBam",0.223,-112.012,0,"M a x ღ",-48.673,-81.192,0,3810.206,1.289,-20.994,3811.617,4,"NABIMan",18.915,-42.623,0,0,3817.305,3815.668,,,10,2
131,5,0,15,3,0,0,0,0,0,0,255,255,255,43,3851.773,"인생최패망자",R,28,86,140,-0.212,1.162,0.714,2.194,-0.24,2.159,-37.014,66.764,1,0,87.026,-97.909,0,-0.462,-7.171,0,6,6,L,"あいくんだよー『아이 군』",174.7,80,0.4,0,69,0,0,0,0,0,0,0,0,0,0,0,0,0,0,0,-0.024,-37.469,0,"Pring__",-0.034,-17.281,0,"coder_",-20.321,-47.557,0,"vovopo 보보포",-8.119,-60.965,0,"Kr_Luna",18.503,-45.124,0,"Roslynn",13.565,-62.225,0,"소솨소솨",40.102,-88.216,0,"-라후이-",-0.106,-96.167,0,"Yuume",-50.059,-89.063,0,0,0,0,0,0,"",0,0,0,0,3852.15,,,,0,0
132,5,0,15,3,1,0,0,0,0,0,255,255,255,44,3863.849,"인생최패망자",R,26,91,140,-2.082,-0.76,0.562,2.023,-1.033,0.968,-36.678,34.231,1,0,80.57,-183.066,0,0,0,0,6,6,L,"あいくんだよー『아이 군』",174.7,80,0.4,0,69,0,0,0,0,0,0,0,0,0,0,0,0,0,0,0,0.321,-37.795,0,"Pring__",-0.191,-17.467,0,"coder_",-20.331,-47.553,0,"vovopo 보보포",-6.9,-60.528,0,"Kr_Luna",18.899,-46.321,0,"Roslynn",13.618,-62.388,0,"소솨소솨",40.107,-88.193,0,"-라후이-",-0.153,-96.821,0,"Yuume",-44.905,-82.856,0,0,0,0,0,0,"",0,0,0,0,3863.828,,,,0,0
133,5,0,15,3,2,0,0,0,0,0,255,255,255,45,3875.852,"인생최패망자",R,6,69,99,0.362,0.091,0.529,2.248,-0.822,1.65,-36.875,50.933,0,0,433.31,0,0,0,0,0,6,6,L,"あいくんだよー『아이 군』",174.7,80,0.4,0,69,0,0,0,0,0,0,0,0,0,0,0,0,0,0,0,0.167,-37.705,0,"Pring__",0.003,-17.308,0,"coder_",-20.289,-47.543,0,"vovopo 보보포",-5.762,-61.366,0,"Kr_Luna",18.805,-46.503,0,"Roslynn",12.774,-62.462,0,"소솨소솨",39.971,-88.078,0,"-라후이-",0.282,-98.942,0,"Yuume",-44.045,-81.037,0,0,0,0,0,0,"",0,0,0,0,3876.183,,,,0,0
134,5,0,15,3,2,1,0,0,0,0,255,255,255,46,3887.892,"인생최패망자",R,34,74,127,1.68,1.601,0.839,2.194,0.565,2.421,-37.143,78.81,4,0,85.222,-77.552,0,0,0,1,6,6,L,"あいくんだよー『아이 군』",174.7,80,0.4,0,69,0,0,0,0,0,0,0,0,0,0,0,0,0,0,0,0.204,-37.765,0,"Pring__",-0.01,-17.307,0,"coder_",-20.506,-47.23,0,"vovopo 보보포",-6.802,-60.873,0,"Kr_Luna",18.799,-46.499,0,"Roslynn",13.156,-62.233,0,"소솨소솨",39.949,-88.193,0,"-라후이-",0.288,-98.939,0,"Yuume",-39.525,-79.83,0,0,0,0,0,0,"",0,0,0,0,3888.183,,,,0,0
135,5,0,15,3,2,2,0,0,0,0,255,255,255,47,3902.28,"인생최패망자",R,27,66,121,5.259,2.965,0.805,2.087,2.04,3.154,-37.283,89.348,1,0,126.232,-130.422,0,0,0,0,6,6,L,"あいくんだよー『아이 군』",174.7,80,0.4,0,69,0,0,0,0,0,0,0,0,0,0,0,0,0,0,0,-0.092,-37.198,0,"Pring__",0.054,-17.306,0,"coder_",-20.509,-47.214,0,"vovopo 보보포",-7.409,-60.879,0,"Kr_Luna",18.855,-48.104,0,"Roslynn",13.087,-62.261,0,"소솨소솨",40.01,-88.186,0,"-라후이-",0.285,-98.939,0,"Yuume",-38.934,-78.411,0,0,0,0,0,0,"",0,0,0,0,3902.583,,,,0,0
136,5,0,15,3,3,2,0,0,0,0,255,255,255,48,3915.734,"인생최패망자",R,0,75,114,-0.131,-0.32,0.862,2.147,-0.079,1.436,-37.037,63.625,0,0,-0.786,24.922,0,0,0,0,6,6,L,"あいくんだよー『아이 군』",174.7,80,0.4,0,69,0,0,0,0,0,0,0,0,0,0,0,0,0,0,0,0.45,-37.876,0,"Pring__",-0.051,-17.334,0,"coder_",-20.951,-45.287,0,"vovopo 보보포",-7.131,-60.222,0,"Kr_Luna",18.607,-48.355,0,"Roslynn",13.376,-62.435,0,"소솨소솨",39.952,-88.207,0,"-라후이-",0.292,-99.599,0,"Yuume",-38.063,-77.483,0,0,0,0,0,0,"",0,0,0,0,3915.839,,,,0,0
137,5,0,15,3,0,0,1,0,0,0,255,255,255,49,3936.048,"인생최패망자",R,26,76,128,0.533,0.054,0.823,2.121,-0.029,1.414,-36.864,53.894,0,0,149.513,-173.781,0,0,0,0,7,7,R,"ByeolBam",170.1,85,0.5,0,69,0,0,0,0,0,0,0,0,0,0,0,0,0,0,0,0.4,-37.82,0,"Pring__",-0.082,-17.705,0,"coder_",-20.715,-46.889,0,"vovopo 보보포",-14.304,-60.183,0,"Kr_Luna",18.497,-48.53,0,"Roslynn",13.403,-62.645,0,"소솨소솨",37.872,-88.58,0,"-라후이-",0.281,-99.602,0,"Yuume",-49.089,-74.489,0,0,0,0,0,0,"",0,0,0,0,3936.139,,,,0,0
138,5,0,15,3,0,1,1,0,0,0,255,255,255,50,3950.599,"인생최패망자",R,26,88,140,-1.734,-1.92,0.72,2.014,-0.975,0.295,-36.677,45.085,4,0,143.983,-200,0,-0.437,-18.325,1,7,7,R,"ByeolBam",170.1,85,0.5,0,69,0,0,0,0,0,0,0,0,0,0,0,0,0,0,0,0.437,-37.899,0,"Pring__",-0.381,-17.848,0,"coder_",-20.702,-46.898,0,"vovopo 보보포",-14.912,-59.394,0,"Kr_Luna",16.672,-50.393,0,"Roslynn",13.443,-62.728,0,"소솨소솨",30.718,-100.894,0,"-라후이-",-1.801,-102.018,0,"Yuume",-40.058,-82.966,0,0,0,0,0,0,"",0,0,0,0,3951.894,,,,0,0
139,5,0,15,3,0,2,1,0,0,0,255,255,255,51,3965.099,"인생최패망자",R,10,65,99,-0.765,-2.252,0.765,1.964,-0.35,0.956,-36.806,61.284,4,0,0,354.056,0,-0.187,-19.59,1,7,7,R,"ByeolBam",170.1,85,0.5,0,69,0,0,0,0,0,0,0,0,0,0,0,0,0,0,0,0.535,-37.495,0,"Pring__",-0.252,-17.667,0,"coder_",-20.533,-45.281,0,"vovopo 보보포",-14.572,-59.4,0,"Kr_Luna",16.661,-50.409,0,"Roslynn",13.492,-62.619,0,"소솨소솨",30.848,-100.82,0,"-라후이-",-1.797,-102.849,0,"Yuume",-44.984,-83.215,0,0,0,0,0,0,"",0,0,0,0,3965.328,,,,0,0
140,5,0,15,3,0,0,2,0,0,0,255,255,255,52,3995.085,"인생최패망자",R,34,83,136,0.663,0.173,0.814,2.138,0.148,1.628,-36.895,64.792,0,0,79.134,-75.215,0,0,0,0,8,9,L,"CAT tourniquet",190,82.571,0.454,0,43,0,0,0,0,0,0,0,0,0,0,0,0,0,0,0,-0.068,-37.718,0,"Pring__",-0.019,-17.7,0,"coder_",-20.692,-45.581,0,"vovopo 보보포",-7.008,-61.518,0,"Kr_Luna",16.655,-50.463,0,"Roslynn",12.548,-61.32,0,"소솨소솨",43.836,-84.876,0,"-라후이-",-1.215,-102.355,0,"Yuume",-50.941,-84.772,0,0,0,0,0,0,"",0,0,0,0,3995.205,,,,0,0
141,5,0,15,3,0,1,2,0,0,0,255,255,255,53,4009.106,"인생최패망자",R,26,91,140,-1.301,-0.557,0.649,2.059,-0.689,1.092,-36.665,38.72,0,0,75.905,-168.309,0,0,0,0,8,9,L,"CAT tourniquet",190,82.571,0.454,0,43,0,0,0,0,0,0,0,0,0,0,0,0,0,0,0,0.023,-37.93,0,"Pring__",-0.246,-17.692,0,"coder_",-20.587,-46.033,0,"vovopo 보보포",-6.619,-60.913,0,"Kr_Luna",16.522,-50.452,0,"Roslynn",12.097,-61.899,0,"소솨소솨",41.43,-83.245,0,"-라후이-",-0.823,-102.315,0,"Yuume",-49.677,-85.247,0,0,0,0,0,0,"",0,0,0,0,4009.25,,,,0,0
142,5,0,15,3,0,2,2,0,0,0,255,255,255,54,4024.083,"인생최패망자",R,10,59,93,-0.228,-2.529,0.799,1.969,-0.116,0.866,-37.158,78.704,4,0,0,400,0,-0.058,-20.104,1,8,9,L,"CAT tourniquet",190,82.571,0.454,0,43,0,0,0,0,0,0,0,0,0,0,0,0,0,0,0,0.081,-37.98,0,"Pring__",-0.235,-17.633,0,"coder_",-20.453,-45.122,0,"vovopo 보보포",-6.351,-60.633,0,"Kr_Luna",18.034,-50.547,0,"Roslynn",12.196,-61.555,0,"소솨소솨",41.785,-86.033,0,"-라후이-",0.482,-104.612,0,"Yuume",-50.162,-84.915,0,0,0,0,0,0,"",0,0,0,0,4024.494,,,,0,0
143,6,1,15,3,0,0,0,0,0,0,255,255,255,87,4069.95,"눈꽃",R,33,96,140,-2.252,-1.019,-0.155,1.707,-1.139,0.903,-36.57,11.879,1,0,117.854,-68.335,11.88,-0.424,-18.144,0,8,5,R,"Roslynn",190,107,0.691,0,69,0,0,0,0,0,0,0,0,0,0,0,0,0,0,0,0.073,-37.285,0,"encounter v",-0.214,-17.804,0,"Yaksok~",-18.684,-50.621,0,"schmoneymikey",-12.939,-60.091,0,"NABIMan",20.547,-46.543,0,"Rite_",14.038,-65.387,0,"あいくんだよー『아이 군』",44.58,-87.199,0,"ByeolBam",0.374,-111.284,0,"M a x ღ",-52.43,-87.011,0,0,0,0,0,0,"",0,0,0,0,4071.383,,,,0,0
144,6,1,15,3,1,0,0,0,0,0,255,255,255,88,4082.591,"눈꽃",R,27,92,140,-0.525,-0.444,-0.059,1.779,-0.396,1.207,-36.545,2.89,0,0,125.707,-134.329,14.161,0,0,0,8,5,R,"Roslynn",190,107,0.691,0,69,0,0,0,0,0,0,0,0,0,0,0,0,0,0,0,0.371,-37.39,0,"encounter v",-0.358,-17.444,0,"Yaksok~",-18.856,-50.446,0,"schmoneymikey",-13.001,-60.162,0,"NABIMan",21.057,-47.045,0,"Rite_",14.097,-65.684,0,"あいくんだよー『아이 군』",44.549,-87.174,0,"ByeolBam",0.508,-111.303,0,"M a x ღ",-50.525,-85.421,0,0,0,0,0,0,"",0,0,0,0,4082.927,,,,0,0
145,6,1,15,3,1,1,0,0,0,0,255,255,255,89,4098.834,"눈꽃",R,27,81,133,0.24,-0.959,0.015,1.832,-0.016,1.383,-36.582,6.25,2,0,88.036,-118.474,16.374,0,0,1,8,5,R,"Roslynn",190,107,0.691,2,69,4100.056,109,37,155,99,45,137,88,55.293,-0.178,-0.68,0.032,0.003,0,0.324,0.213,-37.272,0,"encounter v",-0.214,-17.547,0,"Yaksok~",-18.807,-50.156,0,"schmoneymikey",-13.055,-60.221,0,"NABIMan",21.471,-47.994,0,"Rite_",14.116,-65.593,91,"あいくんだよー『아이 군』",44.559,-87.234,0,"ByeolBam",0.26,-111.248,0,"M a x ღ",-50.706,-85.241,0,4104.583,-0.811,-73.039,4104.85,5,"Rite_",-0.785,-71.643,0,0,,,,,260,1
146,6,1,15,3,0,0,1,0,0,0,255,255,255,90,4124.038,"눈꽃",R,33,91,140,0.194,-0.544,0.092,1.798,-0.09,1.195,-36.645,3.66,2,0,124.363,-80.787,12.988,0,0,1,0,8,R,"Yuume",182.5,100.354,0.461,2,69,4125.243,70,96,122,85,55,120,79,39.581,19.171,-0.42,0.006,-0.05,0,0.417,0.403,-37.076,0,"encounter v",-0.171,-17.559,0,"Yaksok~",-17.781,-48.066,0,"schmoneymikey",-9.49,-59.333,0,"NABIMan",21.671,-46.657,0,"Rite_",13.284,-63.543,92,"あいくんだよー『아이 군』",39.167,-86.182,0,"ByeolBam",0.228,-111.283,104,"M a x ღ",-49.913,-85.845,0,4128.672,-20.281,-76.038,4131.983,7,"ByeolBam",-27.058,-93.073,1,0,,4135.038,,,388,2
147,6,1,15,3,0,0,1,0,1,0,255,8,255,91,4153.581,"눈꽃",R,32,90,140,1.079,-0.434,0.071,1.797,0.233,1.227,-36.587,13.155,2,0,172.39,-123.522,10.079,0,0,1,1,6,R,"소솨소솨",174.7,80,0.2,3,69,4154.526,255,109,75,0,0,120,72,-89.193,85.721,-0.71,-0.036,-0.103,0,0.42,0.088,-37.124,0,"encounter v",-0.166,-17.663,0,"Yaksok~",-18.084,-48.127,0,"schmoneymikey",-10.756,-60.299,0,"NABIMan",20.561,-45.973,0,"Rite_",14.247,-63.531,0,"あいくんだよー『아이 군』",36.949,-88.275,0,"ByeolBam",0.454,-108.279,0,"M a x ღ",-45.085,-81.295,0,4153.25,0.121,-18.726,4156.872,1,"encounter v",-9.361,-19.435,0,0,4156.872,4160.437,,,258,2
148,6,1,15,3,0,1,1,0,1,0,255,8,255,92,4175.13,"눈꽃",R,28,89,140,0.557,0.139,-0.02,1.853,0.181,1.6,-36.497,3.783,2,0,46.294,-79.715,16.035,0,0,1,1,6,R,"소솨소솨",174.7,80,0.2,3,69,4176.082,255,31,81,0,27,120,74,-73.215,52.874,-0.59,-0.037,-0.104,0,0.363,-0.035,-37.044,0,"encounter v",-0.199,-17.534,0,"Yaksok~",-18.307,-48.498,99,"schmoneymikey",-11.166,-62.862,0,"NABIMan",20.192,-45.913,87,"Rite_",14.389,-64.609,0,"あいくんだよー『아이 군』",41.662,-85.252,0,"ByeolBam",0.192,-105.854,0,"M a x ღ",-50.472,-82.866,0,4174.783,-0.157,-19.232,4177.405,2,"Yaksok~",-13.119,-40.402,0,0,,,4180.847,,296,2
149,6,1,15,3,0,0,2,0,0,1,255,255,8,93,4203.374,"눈꽃",R,27,86,140,-2.079,-1.256,-0.116,1.719,-1.058,0.698,-36.548,4.673,1,0,114.808,-131.316,12.765,-0.45,-17.91,0,2,4,L,"Kr_Luna",190,94.58,0.497,0,69,0,0,0,0,0,0,0,0,0,0,0,0,0,0,0,-0.052,-37.405,0,"encounter v",-0.424,-18.289,0,"Yaksok~",-17.822,-48.011,0,"schmoneymikey",-8.897,-62.094,0,"NABIMan",20.786,-45.871,0,"Rite_",14.976,-63.649,0,"あいくんだよー『아이 군』",41.479,-85.353,0,"ByeolBam",0.174,-107.317,0,"M a x ღ",-50.121,-83.296,0,0,0,0,0,0,"",0,0,0,0,4203.917,,4205.801,,0,0
150,6,1,15,3,1,0,2,0,0,1,255,255,8,94,4219.865,"눈꽃",R,33,87,140,0.902,0.822,0.151,2.023,0.229,2.049,-36.616,22.457,0,0,116.792,-76.604,10.979,0,0,0,2,4,L,"Kr_Luna",190,94.58,0.497,0,69,0,0,0,0,0,0,0,0,0,0,0,0,0,0,0,0.098,-37.259,0,"encounter v",-0.264,-18.471,0,"Yaksok~",-18.046,-47.211,0,"schmoneymikey",-8.294,-62.302,0,"NABIMan",20.746,-46.123,0,"Rite_",15.005,-63.612,0,"あいくんだよー『아이 군』",41.488,-85.266,0,"ByeolBam",-0.091,-107.144,0,"M a x ღ",-50.958,-83.65,0,0,0,0,0,0,"",0,0,0,0,4219.783,,4222.3,,0,0
151,6,1,15,3,1,1,2,0,0,1,255,255,8,95,4234.811,"눈꽃",R,0,93,140,-1.684,0.033,-0.103,1.919,-0.756,1.597,-36.569,10.331,1,0,19.195,-26.278,3.929,0,0,0,2,4,L,"Kr_Luna",190,94.58,0.497,0,69,0,0,0,0,0,0,0,0,0,0,0,0,0,0,0,0.213,-37.088,0,"encounter v",-0.356,-17.892,0,"Yaksok~",-17.875,-47.326,0,"schmoneymikey",-8.414,-62.101,0,"NABIMan",20.812,-46.283,0,"Rite_",15.317,-63.388,0,"あいくんだよー『아이 군』",41.564,-85.259,0,"ByeolBam",0.288,-107.301,0,"M a x ღ",-51.164,-88.487,0,0,0,0,0,0,"",0,0,0,0,4234.739,,4237.762,,0,0
152,6,1,15,3,2,1,2,0,0,1,255,255,8,96,4251.357,"눈꽃",R,28,88,140,1.238,-0.204,0.132,1.84,0.431,1.397,-36.603,9.945,2,0,75.983,-87.997,8.126,0,0,0,2,4,L,"Kr_Luna",190,94.58,0.497,3,69,4252.169,154,114,144,112,59,145,116,25.506,-26.805,0.8,0.004,-0.036,0,0.184,-0.12,-36.995,0,"encounter v",-0.079,-17.552,0,"Yaksok~",-18.417,-46.537,0,"schmoneymikey",-8.915,-61.839,0,"NABIMan",20.955,-45.87,0,"Rite_",15.276,-63.542,0,"あいくんだよー『아이 군』",41.516,-85.317,88,"ByeolBam",0.519,-107.279,0,"M a x ღ",-52.32,-84.555,0,4255.972,43.286,-116.532,4258.417,6,"あいくんだよー『아이 군』",40.941,-114.936,1,0,,4262.303,,4259.027,321,2
153,6,1,16,3,0,0,2,0,1,0,255,4,255,97,4283.13,"눈꽃",R,14,69,111,1.721,-1.69,-0.092,1.871,0.036,0.951,-36.574,4.294,4,0,389.302,313.758,18.138,0.632,-17.831,1,3,1,L,"Pring__",190,94.846,0.477,0,70,0,0,0,0,0,0,0,0,0,0,0,0,0,0,0,0.304,-37.466,0,"encounter v",0.507,-17.948,0,"Yaksok~",-18.012,-48.3,0,"schmoneymikey",-7.765,-61.741,0,"NABIMan",21.525,-46.49,0,"Rite_",16.042,-63.425,0,"あいくんだよー『아이 군』",43.309,-89.637,0,"ByeolBam",0.682,-113.025,0,"M a x ღ",-46.218,-78.287,0,0,0,0,0,0,"",0,0,0,0,4284.139,4285.917,,,0,0
154,6,1,16,3,0,1,2,0,1,0,255,4,255,98,4298,"눈꽃",R,14,73,114,-2.495,0.21,-0.237,2.066,-1.715,2.094,-36.681,17.778,1,0,355.091,286.246,19.256,0,0,0,3,1,L,"Pring__",190,94.846,0.477,0,70,0,0,0,0,0,0,0,0,0,0,0,0,0,0,0,-0.039,-37.039,0,"encounter v",-0.331,-18.37,0,"Yaksok~",-17.923,-48.389,0,"schmoneymikey",-7.692,-62.19,0,"NABIMan",21.547,-46.553,0,"Rite_",14.733,-64.232,0,"あいくんだよー『아이 군』",43.493,-89.358,0,"ByeolBam",0.683,-113.022,0,"M a x ღ",-45.944,-76.95,0,0,0,0,0,0,"",0,0,0,0,4298.072,4312.216,,,0,0
155,6,1,16,3,1,1,2,0,1,0,255,4,255,99,4314.255,"눈꽃",R,13,77,117,-1.022,0.485,0.097,2.116,-0.149,2.383,-36.669,26.546,2,0,-173.885,400,14.054,0,0,1,3,1,L,"Pring__",190,94.846,0.477,3,70,4315.19,194,88,132,106,38,145,91,16.055,4.655,-0.8,-0.065,-0.044,0,0.331,-0.087,-37.263,0,"encounter v",0.001,-17.584,0,"Yaksok~",-17.923,-48.393,85,"schmoneymikey",-7.401,-61.386,0,"NABIMan",21.526,-46.614,0,"Rite_",14.323,-62.8,0,"あいくんだよー『아이 군』",43.366,-89.564,0,"ByeolBam",0.785,-113.005,101,"M a x ღ",-48.943,-82.126,0,4317.705,-3.478,-90.856,4318.55,7,"ByeolBam",-4.44,-96.117,1,0,,,4320.137,,416,2
156,6,1,16,3,0,0,2,1,0,1,1,255,4,100,4342.252,"눈꽃",R,34,83,135,-0.568,-0.532,0.004,1.815,-0.374,1.229,-36.645,7.243,0,0,89.69,-63.391,6.671,0,0,0,4,3,L,"vovopo 보보포",164.7,80,0.599,0,45,0,0,0,0,0,0,0,0,0,0,0,0,0,0,0,0.022,-37.453,0,"encounter v",-0.012,-17.511,0,"Yaksok~",-18.643,-46.315,0,"schmoneymikey",-5.351,-61.412,0,"NABIMan",21.724,-46.209,0,"Rite_",14.354,-62.817,0,"あいくんだよー『아이 군』",44.296,-88.332,0,"ByeolBam",-0.092,-105.295,0,"M a x ღ",-41.542,-79.875,0,0,0,0,0,0,"",0,0,0,0,4342.45,,,,0,0
157,6,1,16,3,0,1,2,1,0,1,1,255,4,101,4356.796,"눈꽃",R,34,84,138,-0.33,0.368,0.084,2.034,-0.253,1.702,-36.63,19.12,2,0,77.135,-76.176,6.778,0,0,1,4,3,L,"vovopo 보보포",164.7,80,0.599,3,45,4357.861,255,255,165,44,15,145,121,-30,-23.498,0.26,0.048,-0.056,0,0.529,0.202,-37.132,0,"encounter v",-0.012,-17.575,0,"Yaksok~",-18.298,-48.265,0,"schmoneymikey",-7.103,-60.97,0,"NABIMan",21.778,-46.266,0,"Rite_",14.265,-62.54,0,"あいくんだよー『아이 군』",44.253,-88.275,0,"ByeolBam",0.499,-106.945,0,"M a x ღ",-44.83,-81.656,0,4356.627,0.562,-20.819,4358.616,5,"Rite_",17.32,-59.169,1,0,,4363.271,,4362.931,53,2
158,6,0,16,3,0,0,0,0,0,0,255,255,255,55,4395.552,"인생최패망자",R,27,83,136,-0.826,-0.124,0.686,2.112,-0.443,1.41,-36.768,50.631,0,0,43.94,-112.277,0,0,0,0,0,3,L,"schmoneymikey",190,105,0.63,0,70,0,0,0,0,0,0,0,0,0,0,0,0,0,0,0,0.358,-37.518,0,"Pring__",-0.069,-17.163,0,"coder_",-22.736,-49.997,0,"vovopo 보보포",-12.02,-61.251,0,"Kr_Luna",20.074,-47.537,0,"Roslynn",9.235,-63.634,0,"소솨소솨",39.851,-85.465,0,"-라후이-",2.073,-109.858,0,"Yuume",-52.793,-85.662,0,0,0,0,0,0,"",0,0,0,0,4395.45,,,,0,0
159,6,0,16,3,0,1,0,0,0,0,255,255,255,56,4407.498,"인생최패망자",R,26,85,138,-1.597,-1.242,0.59,1.923,-0.86,0.636,-36.596,34.605,2,0,105.97,-200,0,0,0,0,0,3,L,"schmoneymikey",190,105,0.63,2,70,4408.303,112,43,49,0,0,45,49,-73.197,-64.376,0.93,0.085,-0.049,0,0.346,0.297,-37.017,0,"Pring__",-0.032,-17.161,0,"coder_",-22.42,-49.736,0,"vovopo 보보포",-9.58,-60.725,0,"Kr_Luna",20.253,-47.333,88,"Roslynn",9.084,-63.579,0,"소솨소솨",40.466,-86.777,0,"-라후이-",2.073,-109.86,0,"Yuume",-51.708,-88.237,0,4407.116,-0.156,-18.677,4412.894,4,"Kr_Luna",26.218,-35.128,0,0,,,,,4,2
160,6,0,16,3,0,2,0,0,0,0,255,255,255,57,4423.409,"인생최패망자",R,10,72,104,1.205,-0.412,0.893,2.185,0.502,1.834,-37.099,76.304,2,0,0,335.575,0,0,0,1,0,3,L,"schmoneymikey",190,105,0.63,2,40,4424.323,101,73,116,151,85,136,85,9.31,-40.456,-0.84,0.025,-0.08,0,0.335,0.564,-37.377,0,"Pring__",0.001,-17.149,0,"coder_",-22.586,-49.191,0,"vovopo 보보포",-8.948,-60.909,87,"Kr_Luna",18.989,-46.23,0,"Roslynn",9.822,-63.287,0,"소솨소솨",41.626,-85.982,98,"-라후이-",0.576,-107.971,0,"Yuume",-55.214,-90.073,0,4424.883,21.351,-50.358,4427.072,6,"소솨소솨",36.14,-71.906,1,0,,,,,18,2
161,6,0,16,3,0,0,0,1,0,0,13,255,255,58,4448.565,"인생최패망자",R,34,80,132,0.047,-0.411,0.912,2.05,-0.142,1.253,-37.174,81.401,0,0,84.042,-78.954,0,0,0,0,1,1,L,"encounter v",190,88.172,0.468,0,70,0,0,0,0,0,0,0,0,0,0,0,0,0,0,0,0.314,-37.727,0,"Pring__",-0.08,-17.052,0,"coder_",-21.194,-46.153,0,"vovopo 보보포",-6.015,-61.293,0,"Kr_Luna",18.195,-46.967,0,"Roslynn",8.544,-63.348,0,"소솨소솨",45.498,-101.247,0,"-라후이-",0.005,-111.747,0,"Yuume",-55.902,-89.596,0,0,0,0,0,0,"",0,0,0,0,4448.783,,,,0,0
162,6,0,16,3,0,1,0,1,0,0,13,255,255,59,4465.177,"인생최패망자",R,10,83,110,-0.727,-2.206,0.722,1.782,-0.334,0.741,-36.698,45.233,4,0,0,400,0,-0.17,-19.743,1,1,1,L,"encounter v",190,88.172,0.468,0,70,0,0,0,0,0,0,0,0,0,0,0,0,0,0,0,0.469,-37.899,0,"Pring__",-0.132,-17.091,0,"coder_",-20.246,-44.291,0,"vovopo 보보포",-7.374,-60.855,0,"Kr_Luna",17.922,-47.189,0,"Roslynn",8.402,-63.089,0,"소솨소솨",44.419,-93.607,0,"-라후이-",0.008,-111.739,0,"Yuume",-48.484,-87.08,0,0,0,0,0,0,"",0,0,0,0,4465.438,,,,0,0
163,6,0,16,3,0,2,0,1,0,0,13,255,255,60,4480.41,"인생최패망자",R,10,88,128,0.857,-2.529,0.871,1.692,0.351,0.082,-36.709,44.467,4,0,0,400,0,0.213,-21.665,1,1,1,L,"encounter v",190,88.172,0.468,0,70,0,0,0,0,0,0,0,0,0,0,0,0,0,0,0,0.308,-37.561,0,"Pring__",-0.085,-17.486,0,"coder_",-20.683,-44.018,0,"vovopo 보보포",-8.001,-61.29,0,"Kr_Luna",18.375,-46.946,0,"Roslynn",8.715,-62.599,0,"소솨소솨",45.379,-91.517,0,"-라후이-",0.014,-111.742,0,"Yuume",-46.696,-83.289,0,0,0,0,0,0,"",0,0,0,2,4480.616,,,,0,0
164,6,0,16,3,0,0,1,1,0,0,13,255,255,61,4500.914,"인생최패망자",R,33,79,129,0.43,-0.35,0.874,2.097,-0.023,1.254,-36.963,72.443,0,0,115.261,-110.798,0,0,0,0,2,5,R,"Rite_",170,95,0.5,0,70,0,0,0,0,0,0,0,0,0,0,0,0,0,0,0,0.321,-37.995,0,"Pring__",-0.035,-17.31,0,"coder_",-20.109,-46.264,0,"vovopo 보보포",-14.253,-60.017,0,"Kr_Luna",18.16,-47.223,0,"Roslynn",9.642,-62.848,0,"소솨소솨",28.12,-84.905,0,"-라후이-",0.015,-111.736,0,"Yuume",-45.084,-80.368,0,0,0,0,0,0,"",0,0,0,0,4500.883,,,,0,0
165,6,0,16,3,0,1,1,1,0,0,13,255,255,62,4512.34,"인생최패망자",R,28,91,140,-0.678,-0.574,0.705,2.087,-0.43,1.17,-36.687,47.49,0,0,83.743,-84.916,0,0,0,1,2,5,R,"Rite_",170,95,0.5,0,70,0,0,0,0,0,0,0,0,0,0,0,0,0,0,0,0.468,-37.295,0,"Pring__",-0.069,-17.37,0,"coder_",-21.172,-44.516,0,"vovopo 보보포",-15.574,-59.559,0,"Kr_Luna",17.012,-51.061,0,"Roslynn",9.34,-62.887,0,"소솨소솨",27.67,-84.845,0,"-라후이-",0.051,-111.754,0,"Yuume",-45.322,-80.404,0,0,0,0,0,0,"",0,0,0,0,4512.25,,,,0,0
166,6,0,16,3,0,2,1,1,0,0,13,255,255,63,4529.337,"인생최패망자",R,0,53,97,-0.159,-1.362,0.886,1.971,-0.094,0.84,-36.908,74.819,1,0,0,0,0,-0.187,-17.582,0,2,5,R,"Rite_",170,95,0.5,0,70,0,0,0,0,0,0,0,0,0,0,0,0,0,0,0,0.4,-37.604,0,"Pring__",-0.041,-17.777,0,"coder_",-20.802,-44.121,0,"vovopo 보보포",-8.415,-61.314,98,"Kr_Luna",17.043,-51.052,0,"Roslynn",8.849,-63.24,0,"소솨소솨",28.234,-84.53,0,"-라후이-",-0.774,-111.95,0,"Yuume",-43.68,-81.751,0,0,0,0,0,0,"",0,0,0,1,4529.483,4533.553,,,0,0
167,7,1,16,3,0,0,0,0,0,0,255,255,255,102,4584.435,"눈꽃",R,33,90,140,-1.429,-0.938,-0.055,1.748,-0.777,0.974,-36.588,8.225,0,0,132.201,-82.908,15.466,0,0,0,5,9,R,"ᴄʀᴜɴᴄʜʏᴇsᴛ",175,95,0.5,0,70,0,0,0,0,0,0,0,0,0,0,0,0,0,0,0,-0.358,-37.573,0,"encounter v",-0.188,-17.668,0,"Yaksok~",-19.523,-49.882,0,"schmoneymikey",-11.898,-61.111,0,"NABIMan",21.926,-48.904,0,"Rite_",9.535,-66.221,0,"あいくんだよー『아이 군』",41.665,-89.429,0,"ByeolBam",0.536,-110.391,0,"M a x ღ",-49.707,-81.267,0,0,0,0,0,0,"",0,0,0,0,4584.783,,,,0,0
168,7,1,16,3,0,1,0,0,0,0,255,255,255,103,4595.543,"눈꽃",R,0,88,140,-0.965,0.239,-0.053,1.915,-0.467,1.699,-36.597,10.785,0,0,35.04,-33.2,8.544,0,0,0,5,9,R,"ᴄʀᴜɴᴄʜʏᴇsᴛ",175,95,0.5,0,70,0,0,0,0,0,0,0,0,0,0,0,0,0,0,0,0.427,-37.334,0,"encounter v",-0.185,-17.771,0,"Yaksok~",-19.292,-49.599,0,"schmoneymikey",-12.108,-61.101,0,"NABIMan",21.381,-48.27,0,"Rite_",9.561,-66.177,0,"あいくんだよー『아이 군』",41.816,-89.292,0,"ByeolBam",0.421,-110.273,0,"M a x ღ",-51.362,-85.575,0,0,0,0,0,0,"",0,0,0,0,4595.894,,,,0,0
169,7,1,16,3,0,2,0,0,0,0,255,255,255,104,4606.212,"눈꽃",R,34,82,134,-1.054,0.463,0.002,1.963,-0.583,1.808,-36.613,12.618,0,0,85.733,-49.731,13.973,-0.197,-10.002,1,5,9,R,"ᴄʀᴜɴᴄʜʏᴇsᴛ",175,95,0.5,0,70,0,0,0,0,0,0,0,0,0,0,0,0,0,0,0,0.352,-37.241,0,"encounter v",-0.225,-17.833,0,"Yaksok~",-19.317,-49.631,0,"schmoneymikey",-11.602,-60.904,0,"NABIMan",21.404,-48.264,0,"Rite_",9.634,-66.359,0,"あいくんだよー『아이 군』",41.778,-89.248,0,"ByeolBam",0.329,-110.656,0,"M a x ღ",-52.803,-83.247,0,0,0,0,0,0,"",0,0,0,0,4606.894,,,,0,0
170,7,1,16,3,0,0,1,0,0,0,255,255,255,105,4627.527,"눈꽃",R,0,61,118,3.627,1.927,0.441,2.084,1.456,2.633,-36.696,19.768,2,0,0,0,11.959,0.177,-20.044,0,6,2,R,"coder_",164.4,80,0.284,3,70,4629.722,255,114,105,75,0,145,124,-13.702,44.194,0.31,-0.02,-0.021,0,0.385,0.328,-37.263,0,"encounter v",0.034,-18.024,0,"Yaksok~",-16.929,-46.631,0,"schmoneymikey",-10.564,-58.905,0,"NABIMan",21.474,-48.657,0,"Rite_",9.659,-66.397,0,"あいくんだよー『아이 군』",41.777,-89.177,0,"ByeolBam",0.771,-111,0,"M a x ღ",-50.392,-85.265,0,4628.394,-0.288,-20.367,0,0,"",0,0,0,0,,,,,256,3
171,7,1,16,3,2,0,1,0,0,0,255,255,255,106,4657.166,"눈꽃",R,32,89,140,1.075,-0.511,0.125,1.787,0.127,1.156,-36.587,4.021,0,0,250,-153.648,14.766,0,0,0,6,2,R,"coder_",164.4,80,0.284,0,70,0,0,0,0,0,0,0,0,0,0,0,0,0,0,0,0.225,-37.307,0,"encounter v",-0.081,-17.603,0,"Yaksok~",-16.971,-46.636,0,"schmoneymikey",-10.682,-58.911,0,"NABIMan",20.991,-48.102,0,"Rite_",9.893,-66.662,0,"あいくんだよー『아이 군』",41.599,-89.171,0,"ByeolBam",0.475,-109.686,0,"M a x ღ",-50.31,-84.499,0,0,0,0,0,0,"",0,0,0,0,4657.316,,,,0,0
172,7,1,16,3,2,1,1,0,0,0,255,255,255,107,4667.012,"눈꽃",R,34,83,136,0.936,0.285,0.142,1.965,0.291,1.665,-36.559,15.279,2,0,80.294,-69.813,9.724,0,0,1,6,2,R,"coder_",164.4,80,0.284,3,70,4668.115,208,81,88,63,34,145,84,38.75,46.674,-0.66,-0.029,-0.009,0,0.256,0.027,-37.008,0,"encounter v",-0.138,-17.547,0,"Yaksok~",-17.603,-46.958,0,"schmoneymikey",-10.492,-59.668,0,"NABIMan",20.934,-48.091,0,"Rite_",10.002,-66.962,0,"あいくんだよー『아이 군』",41.599,-89.171,0,"ByeolBam",0.705,-109.554,0,"M a x ღ",-54.86,-87.513,0,4671.605,-57.004,-60.391,0,0,"",0,0,0,0,,,,,256,3
173,7,1,16,3,2,2,1,0,0,0,255,255,255,108,4684.866,"눈꽃",R,28,88,140,0.986,1.135,0.121,2.022,0.331,2.138,-36.63,14.503,0,0,68.909,-72.284,12.625,0,0,1,6,2,R,"coder_",164.4,80,0.284,0,70,0,0,0,0,0,0,0,0,0,0,0,0,0,0,0,0.315,-37.537,0,"encounter v",-0.143,-17.537,0,"Yaksok~",-18.411,-45.788,0,"schmoneymikey",-9.455,-59.681,0,"NABIMan",21.191,-48.667,0,"Rite_",14.13,-64.516,0,"あいくんだよー『아이 군』",41.964,-89.664,0,"ByeolBam",1.004,-112.992,0,"M a x ღ",-53.198,-89.106,0,0,0,0,0,0,"",0,0,0,0,4685.083,,,,0,0
174,7,1,16,3,0,0,2,0,0,0,255,255,255,109,4704.228,"눈꽃",R,28,89,140,5.559,-0.786,0.169,1.826,0.49,1.285,-36.622,7.43,2,0,88.299,-97.838,7.311,0,0,1,7,7,R,"-라후이-",174.7,86,0.5,3,70,4705.068,150,139,149,94,50,145,85,12.028,-34.943,-0.81,-0.031,-0.075,0,0.145,0.226,-37.188,0,"encounter v",-0.136,-17.518,0,"Yaksok~",-18.222,-47.073,0,"schmoneymikey",-9.852,-60.149,0,"NABIMan",22.103,-48.796,98,"Rite_",12.171,-65.598,0,"あいくんだよー『아이 군』",42.179,-89.68,0,"ByeolBam",0.873,-113.212,0,"M a x ღ",-53.348,-84.318,0,4705.872,26.225,-54.396,4714.65,6,"あいくんだよー『아이 군』",64.686,-101.215,1,0,,4716.267,,,328,2
175,7,1,16,3,0,0,2,0,1,0,255,7,255,110,4739.03,"눈꽃",R,33,81,133,2.454,0.662,0.274,1.975,0.885,1.918,-36.741,30.076,2,0,118.476,-103.81,6.065,0,0,1,8,5,R,"Roslynn",190,107,0.691,2,70,4740.269,98,43,0,0,0,5,51,64.84,-50.093,-0.95,-0.055,-0.035,0,0.48,0.022,-37.394,0,"encounter v",-0.213,-17.444,0,"Yaksok~",-17.758,-46.871,0,"schmoneymikey",-9.035,-59.45,0,"NABIMan",21.339,-46.263,106,"Rite_",12.907,-63.122,0,"あいくんだよー『아이 군』",44.844,-88.338,0,"ByeolBam",0.456,-110.955,0,"M a x ღ",-49.606,-79.632,0,0,0,0,4743.828,4,"NABIMan",21.741,-36.799,0,0,,,4744.938,,8,1
176,7,0,16,3,0,0,0,0,0,0,255,255,255,64,4783.514,"인생최패망자",R,28,76,128,-1.534,-0.432,0.783,2.222,-0.814,1.2,-37,73.569,2,0,77.598,-98.597,0,0,0,1,3,4,L,"NABIMan",190,81.885,0.496,3,70,4784.549,255,96,63,65,64,139,97,6.011,21.881,-0.29,0.085,-0.041,0,0.478,0.058,-37.007,0,"Pring__",-0.043,-17.171,0,"coder_",-21.673,-47.183,91,"vovopo 보보포",-11.489,-60.805,0,"Kr_Luna",19.642,-47.768,0,"Roslynn",11.095,-62.879,0,"소솨소솨",43.602,-89.155,0,"-라후이-",0.129,-111.704,0,"Yuume",-50.039,-89.672,85,4784.461,-13.73,-49.209,4787.338,8,"Yuume",-34.461,-83.178,1,0,,,,,65,2
177,7,0,16,3,0,0,0,1,0,0,14,255,255,65,4808.805,"인생최패망자",R,27,75,127,2.714,1.357,0.906,2.157,0.98,2.247,-37.156,81.172,1,0,104.496,-110.394,0,0,0,0,4,8,R,"M a x ღ",175.3,104.838,0.478,0,70,0,0,0,0,0,0,0,0,0,0,0,0,0,0,0,0.42,-37.817,0,"Pring__",-0.412,-18.026,0,"coder_",-20.383,-43.095,0,"vovopo 보보포",-13.757,-60.258,0,"Kr_Luna",17.513,-52.176,0,"Roslynn",10.596,-61.384,0,"소솨소솨",27.518,-86.414,0,"-라후이-",0.53,-111.755,0,"Yuume",-47.735,-82.4,0,0,0,0,0,0,"",0,0,0,0,4809.15,,,,0,0
178,7,0,16,3,1,0,0,1,0,0,14,255,255,66,4823.295,"인생최패망자",R,33,81,132,2.765,0.981,0.881,2.09,1.003,2.053,-37.138,80.819,1,0,112.712,-95.4,0,0.777,-17.946,0,4,8,R,"M a x ღ",175.3,104.838,0.478,0,70,0,0,0,0,0,0,0,0,0,0,0,0,0,0,0,0.305,-37.555,0,"Pring__",0.1,-17.264,0,"coder_",-20.681,-42.961,0,"vovopo 보보포",-12.145,-60.985,0,"Kr_Luna",17.668,-52.284,0,"Roslynn",8.522,-61.111,0,"소솨소솨",26.938,-86.511,0,"-라후이-",0.514,-111.557,0,"Yuume",-43.462,-81.304,0,0,0,0,0,0,"",0,0,0,0,4824.917,4826.169,,,0,0
179,7,0,16,3,2,0,0,0,1,0,255,14,255,67,4838.544,"인생최패망자",R,27,76,128,2.193,1.293,0.837,2.148,0.769,2.222,-37.129,76.035,2,0,99.681,-101.774,0,0,0,1,4,8,R,"M a x ღ",175.3,104.838,0.478,2,70,4839.768,52,37,41,78,28,53,53,91.645,-20.021,0.94,0.005,-0.019,0,0.361,0.684,-37.252,0,"Pring__",-0.004,-16.975,0,"coder_",-19.774,-45.292,0,"vovopo 보보포",-6.742,-59.778,0,"Kr_Luna",17.205,-48.381,0,"Roslynn",9.381,-60.888,0,"소솨소솨",28.553,-88.779,0,"-라후이-",0.46,-111.189,0,"Yuume",-45.69,-85.6,0,4843.383,-0.159,-17.1,4843.572,1,"Pring__",-0.139,-17.156,0,0,4843.572,4842.729,,,8,1
180,7,0,16,3,0,0,1,0,1,0,255,14,255,68,4864.567,"인생최패망자",R,34,85,138,3.059,1.194,0.864,2.079,0.768,1.612,-36.97,66.539,2,0,83.535,-74.4,0,0,0,1,5,2,R,"Yaksok~",173.2,94.259,0.451,3,70,4865.422,160,175,64,53,3,137,89,-15.625,-8.863,-0.35,-0.08,0.009,0,0.539,0.414,-37.182,0,"Pring__",0.059,-17.175,0,"coder_",-18.085,-43.955,0,"vovopo 보보포",-13.404,-60.989,0,"Kr_Luna",17.442,-43.838,0,"Roslynn",2.693,-60.726,0,"소솨소솨",31.282,-84.561,0,"-라후이-",-2.191,-110.677,106,"Yuume",-45.885,-90.673,0,4864.127,0.599,-22.18,4869.905,-1,"lylFreeStyle",10.46,-97.209,1,0,,,4872.344,,128,2
181,7,0,16,3,0,0,1,1,0,1,12,255,14,69,4904.01,"인생최패망자",R,28,84,137,0.683,-0.067,0.808,2.103,0.147,1.447,-36.895,62.19,2,0,87.667,-95.324,0,0,0,1,6,6,L,"あいくんだよー『아이 군』",174.7,80,0.4,3,70,4905.175,223,59,90,64,31,145,127,-6.524,-32.192,0.33,0.045,-0.079,0,0.138,0.432,-37.225,0,"Pring__",0.012,-17.251,108,"coder_",-20.529,-46.05,98,"vovopo 보보포",-10.787,-61.224,0,"Kr_Luna",17.938,-44.795,91,"Roslynn",11.449,-63.286,0,"소솨소솨",37.178,-85.561,0,"-라후이-",-0.15,-108.784,0,"Yuume",-44.839,-81.954,0,4903.961,3.837,-24.215,4904.938,4,"Kr_Luna",16.681,-44.378,0,0,4910.838,4910.393,4907.504,,76,2
182,7,0,16,3,0,0,2,0,1,1,255,12,14,70,4931.908,"인생최패망자",R,28,88,140,0.17,0.182,0.791,2.15,-0.049,1.602,-36.866,54.21,0,0,71.245,-78.112,0,0,0,0,7,7,R,"ByeolBam",170.1,85,0.5,0,70,0,0,0,0,0,0,0,0,0,0,0,0,0,0,0,0.176,-37.179,0,"Pring__",-0.055,-17.086,120,"coder_",-21.541,-49.013,0,"vovopo 보보포",-13.239,-60.803,0,"Kr_Luna",19.579,-42.17,0,"Roslynn",12.192,-62,0,"소솨소솨",29.722,-91.764,0,"-라후이-",-1.162,-105.293,0,"Yuume",-49.482,-81.383,0,0,0,0,0,0,"",0,0,0,0,4931.883,4935.148,4934.167,,0,0
183,7,0,16,3,0,1,2,0,1,1,255,12,14,71,4947.113,"인생최패망자",R,28,85,138,0.656,-0.151,0.881,2.125,0.161,1.411,-37.016,67.498,2,0,68.444,-74.897,0,0,0,1,7,7,R,"ByeolBam",170.1,85,0.5,3,70,4948.066,255,148,139,57,28,145,84,112.239,57.653,-0.8,-0.025,-0.066,0,0.143,0.556,-37.26,0,"Pring__",-0.005,-17.129,0,"coder_",-21.911,-47.999,0,"vovopo 보보포",-13.125,-60.769,0,"Kr_Luna",17.939,-46.073,0,"Roslynn",11.601,-62.761,0,"소솨소솨",30.608,-91.24,0,"-라후이-",-1.126,-105.298,0,"Yuume",-49.034,-82.699,0,0,0,0,0,0,"",0,0,0,0,,4952.128,4950.379,,0,3
184,7,0,16,3,0,2,2,0,1,1,255,12,14,72,4961.866,"인생최패망자",R,27,88,140,1.354,0.598,0.881,2.181,0.419,1.804,-36.917,61.559,2,0,103.565,-108.692,0,0,0,1,7,7,R,"ByeolBam",170.1,85,0.5,3,70,4962.843,219,81,128,83,48,145,83,103.907,43.816,-0.83,-0.014,-0.061,0,0.123,0.586,-37.177,0,"Pring__",-0.095,-17.209,0,"coder_",-22.335,-48.033,0,"vovopo 보보포",-13.478,-61.019,0,"Kr_Luna",17.836,-46.238,0,"Roslynn",10.638,-62.891,0,"소솨소솨",35.318,-92.067,0,"-라후이-",0.001,-105.662,0,"Yuume",-53.347,-88.772,0,0,0,0,0,0,"",0,0,0,0,,4966.191,4965.319,,0,3
185,7,0,16,3,0,2,2,0,1,1,255,12,14,73,4979.802,"인생최패망자",R,5,60,100,2.995,0.994,1.141,2.119,1.477,2.166,-37.328,86.917,1,0,-87.524,0,0,0,0,0,7,7,R,"ByeolBam",170.1,85,0.5,0,77,0,0,0,0,0,0,0,0,0,0,0,0,0,0,0,0.572,-37.755,0,"Pring__",-0.463,-17.053,0,"coder_",-21.055,-45.556,0,"vovopo 보보포",-14.707,-60.435,0,"Kr_Luna",20.214,-41.742,0,"Roslynn",11.094,-63.562,0,"소솨소솨",34.65,-90.942,0,"-라후이-",0.106,-107.487,0,"Yuume",-49.141,-90.457,0,0,0,0,0,0,"",0,0,0,0,4980.027,4983.339,4982.541,,0,0
186,7,0,16,3,1,2,2,0,1,1,255,12,14,74,4994.81,"인생최패망자",R,0,70,109,1.836,0.408,1.189,2.183,0.782,1.81,-37.192,75.924,2,0,-8.083,0,0,0,0,1,7,7,R,"ByeolBam",170.1,85,0.5,3,77,4995.852,255,193,123,123,55,145,93,104.705,71.773,-0.29,-0.058,-0.044,0,0.108,0.824,-37.36,0,"Pring__",-0.055,-17.048,0,"coder_",-21.337,-48.679,0,"vovopo 보보포",-13.371,-60.453,0,"Kr_Luna",18.273,-46.669,0,"Roslynn",10.378,-64.132,0,"소솨소솨",34.566,-91.038,0,"-라후이-",0.401,-106.093,0,"Yuume",-49.595,-92.168,0,0,0,0,0,0,"",0,0,0,0,,4999.349,4998.608,,0,3
187,7,0,16,3,1,2,2,0,1,1,255,12,14,75,5009.538,"인생최패망자",R,5,76,113,-0.806,-0.48,0.772,2.057,-0.234,1.317,-36.875,61.533,0,0,-75.67,0,0,0,0,1,7,7,R,"ByeolBam",170.1,85,0.5,0,77,0,0,0,0,0,0,0,0,0,0,0,0,0,0,0,0.395,-37.303,0,"Pring__",-0.699,-17.058,0,"coder_",-20.57,-44.82,0,"vovopo 보보포",-14.579,-59.703,0,"Kr_Luna",20.171,-44.043,0,"Roslynn",9.767,-64.195,0,"소솨소솨",35.873,-90.055,0,"-라후이-",1.25,-108.665,0,"Yuume",-54.563,-92.437,0,0,0,0,0,0,"",0,0,0,0,5009.605,,,,0,0
