id,inn,half,scoreA,scoreB,ball,strk,out,b1,b2,b3,b1Idx,b2Idx,b3Idx,pCnt,pSec,pName,pHand,pType,pPow,spdK,zoneX,zoneY,startX,startY,targetX,targetY,zDist,pitchAngle,call,balk,sH,sV,gyro,plx,plz,bSwing,bIdx,bPos,bZone,bName,bHCm,batLen,batCen,batType,bFps,hSec,rotS,rotL,shS,lgS,prepS,batSpd,ev,ldeg,sdeg,hPos,buntGrip,handDist,angVeloX,angVeloY,angVeloZ,PPosX,PPosY,PThrSpd,CName,CPosX,CPosY,CThrSpd,1BName,1BPosX,1BPosY,1BThrSpd,2BName,2BPosX,2BPosY,2BThrSpd,3BName,3BPosX,3BPosY,3BThrSpd,SSName,SSPosX,SSPosY,SSThrSpd,LFName,LFPosX,LFPosY,LFThrSpd,CFName,CFPosX,CFPosY,CFThrSpd,RFName,RFPosX,RFPosY,RFThrSpd,ltSec,lx,lz,cSec,cPos,cPlr,cx,cz,1BSafe,tag,cpSec,sb2Sec,sb3Sec,sbhSec,ass,result
1,1,1,0,0,0,0,0,0,0,0,255,255,255,0,338.719,"si_ho",R,26,77,129,-0.927,-0.289,-0.057,1.676,-0.51,1.223,-36.445,9.074,0,0,85.278,-200,18.538,0,0,0,0,2,R,"CoalCat",170,84.55,0.502,0,88,0,0,0,0,0,0,0,0,0,0,0,0,0,0,0,0,0.024,-37.574,0,"Gonyong",-0.025,-17.399,0,"ʚmingɞ",-21.341,-47.387,0,"ʚEveɞ",-15.123,-63.157,0,"Slaris",19.357,-47.402,0,"눈꽃",11.533,-65.729,0,"별이__",36.79,-87.507,0,"AI",0,-109.842,0,"AI",-40.802,-90.552,0,0,0,0,0,0,"",0,0,0,0,340.063,,,,0,0
2,1,1,0,0,0,1,0,0,0,0,255,255,255,1,351.255,"si_ho",R,27,79,130,1.238,-0.127,0.087,1.622,0.404,1.378,-36.312,13.64,2,0,92.613,-146.507,9.649,0,0,0,0,2,R,"CoalCat",170,84.55,0.502,3,88,352.42,173,69,92,96,40,145,89,16.095,-5.287,-0.52,0,0.199,305.324,511.342,28.815,-0.038,-36.877,0,"Gonyong",-0.003,-17.601,0,"ʚmingɞ",-20.962,-48.017,0,"ʚEveɞ",-15.086,-63.255,86,"Slaris",19.283,-47.242,0,"눈꽃",12.765,-64.774,0,"별이__",36.783,-87.559,0,"AI",0,-109.843,0,"AI",-40.803,-90.552,0,355.785,0.474,-83.87,0,0,"",0,0,1,0,,,,364.054,34,2
3,1,1,0,0,0,0,0,1,0,0,2,255,255,2,379.721,"si_ho",R,26,88,140,0.46,0.922,0.012,1.775,0.054,1.931,-36.295,16.305,0,0,129.941,-200,19.771,0,0,0,1,3,R,"Dοpi",170,85,0.302,0,88,0,0,0,0,0,0,0,0,0,0,0,0,0,0,0,0,0.084,-37.462,0,"Gonyong",0.017,-17.485,107,"ʚmingɞ",-20.76,-47.059,0,"ʚEveɞ",-14.713,-63.571,0,"Slaris",16.409,-51.489,0,"눈꽃",6.824,-62.069,0,"별이__",37.157,-94,0,"AI",0,-109.842,0,"AI",-40.802,-90.552,0,0,0,0,0,0,"",0,0,0,0,380.785,,,,0,0
4,1,1,0,0,0,1,0,1,0,0,2,255,255,3,393.976,"si_ho",R,32,77,128,1.772,1.774,0.131,1.924,0.449,2.382,-36.458,28.301,1,0,211.098,-200,13.38,0,0,0,1,3,R,"Dοpi",170,85,0.302,0,88,0,0,0,0,0,0,0,0,0,0,0,0,0,0,0,0,0.245,-37.704,0,"Gonyong",0.008,-17.5,100,"ʚmingɞ",-21.703,-47.576,0,"ʚEveɞ",-14.675,-63.506,0,"Slaris",20.874,-52.728,0,"눈꽃",9.87,-62.588,0,"별이__",37.544,-95.668,0,"AI",0,-109.842,0,"AI",-40.802,-90.552,0,0,0,0,0,0,"",0,0,0,0,395.174,,,,0,0
5,1,1,0,0,0,2,0,1,0,0,2,255,255,4,411.143,"si_ho",R,3,76,105,-0.37,1.029,0.293,1.95,0.582,2.253,-36.568,33.839,0,0,-381.232,41.093,13.012,0,0,0,1,3,R,"Dοpi",170,85,0.302,0,88,0,0,0,0,0,0,0,0,0,0,0,0,0,0,0,0,0.137,-37.887,0,"Gonyong",-0.04,-17.556,107,"ʚmingɞ",-21.655,-47.347,0,"ʚEveɞ",-14.679,-63.485,0,"Slaris",21.224,-49.894,0,"눈꽃",8.493,-63.395,0,"별이__",35.53,-95.863,0,"AI",0,-109.842,0,"AI",-40.802,-90.552,0,0,0,0,0,0,"",0,0,0,0,412.44,,,,0,0
6,1,1,0,0,0,0,1,1,0,0,2,255,255,5,447.126,"si_ho",R,27,78,129,-0.481,1.166,-0.001,1.92,-0.36,2.197,-36.534,22.52,2,0,116.476,-148.469,8.309,0,0,1,2,4,L,"-Alta-",190,88,0.478,3,86,448.169,197,92,92,52,18,145,125,32.125,-20.259,0.22,0,0.406,247.854,-505.664,201.192,-0.094,-36.974,0,"Gonyong",-0.03,-17.522,0,"ʚmingɞ",-20.665,-47.632,0,"ʚEveɞ",-12.32,-64.758,85,"Slaris",23.489,-52.169,0,"눈꽃",13.43,-64.537,0,"별이__",51.608,-91.681,85,"AI",0,-109.843,0,"AI",-40.803,-90.552,0,453.829,49.85,-117.784,0,0,"",0,0,1,0,,453.279,459.044,,98,2
7,1,1,0,0,0,0,1,1,1,0,255,4,255,6,483.03,"si_ho",R,13,80,118,1.041,0.341,0.259,1.905,0.907,2.204,-36.801,41.903,2,0,-316.117,387.389,8.953,0,0,0,3,1,L,"Pring__",190,94.612,0.484,3,86,483.881,198,155,90,111,80,145,130,-13.829,-3.849,0.58,0,0.58,247.854,-505.664,201.192,-0.184,-37.207,0,"Gonyong",0.004,-17.937,0,"ʚmingɞ",-20.592,-45.662,0,"ʚEveɞ",-12.681,-65.016,0,"Slaris",20.45,-48.069,87,"눈꽃",16.607,-61.691,0,"별이__",51.159,-93.668,0,"AI",0,-109.84,0,"AI",-40.8,-90.55,0,483.718,0.543,-26.069,0,0,"",0,0,1,0,,,490.938,490.493,40,2
8,1,1,1,0,0,0,1,1,0,1,1,255,4,7,511.833,"si_ho",R,4,73,120,-2.01,-0.845,0.106,1.648,-0.568,1.112,-36.61,14.603,2,0,-221.248,0,7.963,0,0,1,4,8,R,"magimari",170,85,0.504,3,86,512.922,255,218,116,114,69,145,80,-30,65.245,1,0,0.788,332.244,-494.639,61.217,-0.009,-37.333,0,"Gonyong",-0.076,-17.265,0,"ʚmingɞ",-20.135,-45.233,0,"ʚEveɞ",-12.756,-64.833,0,"Slaris",19.647,-49.269,0,"눈꽃",9.076,-63.396,0,"별이__",44.679,-96.111,0,"AI",0,-109.84,0,"AI",-40.8,-90.55,0,512.829,-2.452,-21.202,0,0,"",0,0,0,0,,,515.875,,32,3
9,1,1,1,0,0,1,1,1,0,1,1,255,4,8,527.036,"si_ho",R,10,79,107,-0.392,-2.098,0.127,1.661,-0.003,1.057,-36.773,22.097,4,0,-86.281,400,13.553,-0.015,-18.266,1,4,8,R,"magimari",170,85,0.504,0,86,0,0,0,0,0,0,0,0,0,0,0,0,0,0,0,0,0.02,-37.86,0,"Gonyong",-0.005,-17.191,0,"ʚmingɞ",-19.895,-44.874,0,"ʚEveɞ",-14.708,-63.643,0,"Slaris",20.065,-47.975,0,"눈꽃",9.043,-64.22,0,"별이__",43.945,-99.697,0,"AI",0,-109.84,0,"AI",-40.8,-90.55,0,0,0,0,0,0,"",0,0,0,0,530.396,,,,0,0
10,1,1,1,0,0,2,1,1,0,1,1,255,4,9,543.405,"si_ho",R,26,81,133,2.098,-1.092,0.017,1.722,-0.058,1.593,-36.513,8.781,2,0,162.787,-200,22.822,0,0,0,4,8,R,"magimari",170,85,0.504,3,86,544.511,212,86,88,46,25,145,82,-15.4,-2.45,-0.87,0,0.366,81.88,-135.706,96.875,-0.102,-36.862,104,"Gonyong",-0.02,-17.362,0,"ʚmingɞ",-19.37,-39.869,85,"ʚEveɞ",-14.791,-63.65,0,"Slaris",19.475,-48.57,0,"눈꽃",8.632,-64.418,91,"별이__",43.669,-99.432,0,"AI",0,-109.84,0,"AI",-40.8,-90.55,0,544.407,0.226,-22.677,0,0,"",0,0,0,0,,549.806,547.065,,49,2
11,1,1,1,0,0,0,2,0,1,1,255,1,4,10,568.765,"si_ho",R,4,75,121,1.106,0.542,0.264,1.776,0.817,1.901,-36.623,39.62,2,0,-242.452,0,6.05,0,0,1,5,5,R,"coder_",171.4,86.044,0.284,3,86,569.943,176,112,65,77,35,139,82,103.597,-74.371,-0.72,0,0.253,336.648,486.186,88.863,0.12,-37.101,0,"Gonyong",-0.36,-17.598,0,"ʚmingɞ",-20.232,-45.093,0,"ʚEveɞ",-14.233,-63.605,0,"Slaris",21.455,-48.847,0,"눈꽃",7.813,-61.815,0,"별이__",44.354,-99.35,0,"AI",0,-109.84,0,"AI",-40.8,-90.55,0,0,0,0,0,0,"",0,0,0,0,,571.923,572.521,,32,3
12,1,1,1,0,0,1,2,0,1,1,255,1,4,11,585.107,"si_ho",R,5,73,110,-3.537,-0.741,-0.155,1.608,-1.347,1.191,-36.579,4.523,1,0,-102.433,0,7.035,0,0,0,5,5,R,"coder_",171.4,86.044,0.284,0,86,0,0,0,0,0,0,0,0,0,0,0,0,0,0,0,0,0.06,-38.226,0,"Gonyong",-0.408,-17.565,0,"ʚmingɞ",-20.526,-45.485,0,"ʚEveɞ",-14.279,-64.088,0,"Slaris",18.281,-47.631,0,"눈꽃",4.065,-62.54,0,"별이__",44.62,-99.977,0,"AI",0,-109.84,0,"AI",-40.8,-90.55,0,0,0,0,0,0,"",0,0,0,0,586.207,587.566,,,0,0
13,1,1,1,0,1,1,2,0,1,1,255,1,4,12,600.348,"si_ho",R,26,89,140,-11.046,-2.785,0.092,1.578,0.427,1.221,-36.379,7.735,2,0,190.41,-200,17.15,0,0,1,5,5,R,"coder_",171.4,86.044,0.284,3,86,601.492,156,74,92,46,21,144,85,-18.953,26.759,-0.77,0,0.213,-135.799,273.121,-413.694,-0.054,-36.797,68,"Gonyong",0.232,-17.526,0,"ʚmingɞ",-20.929,-45.516,0,"ʚEveɞ",-14.204,-64.009,86,"Slaris",20.701,-48.428,85,"눈꽃",6.792,-62.877,0,"별이__",41.188,-99.547,0,"AI",0,-109.84,0,"AI",-40.8,-90.55,0,601.007,-0.674,-20.05,0,0,"",0,0,1,0,613.185,611.897,606.683,607.711,46,2
14,1,1,3,0,0,0,2,0,0,1,255,255,5,13,642.159,"si_ho",R,27,81,133,2.373,1.83,0.247,1.992,0.888,2.553,-36.429,30.744,2,0,113.171,-145.724,4.846,0,0,1,6,0,R,"白霜らいふ",180.4,80,0.646,3,86,643.251,255,76,128,76,49,145,128,30.42,-35.387,0.68,0,0.529,156.16,-574.267,58.628,0.067,-36.938,0,"Gonyong",0.043,-17.954,0,"ʚmingɞ",-20.514,-45.915,0,"ʚEveɞ",-13.758,-64.463,0,"Slaris",19.041,-48.31,0,"눈꽃",8.65,-64.993,0,"별이__",36.959,-91.667,0,"AI",0,-109.84,0,"AI",-40.8,-90.55,0,647.885,79.234,-102.363,0,0,"",0,0,0,0,,653.822,658.947,648.022,32,4
15,1,1,5,0,0,0,2,0,0,0,255,255,255,14,680.593,"si_ho",R,6,45,96,2.008,-1.207,0.081,1.668,0.084,1.32,-36.481,7.271,1,0,357.704,215.277,10.216,0,0,0,0,2,R,"CoalCat",170,84.55,0.502,0,86,0,0,0,0,0,0,0,0,0,0,0,0,0,0,0,0,0.019,-37.728,0,"Gonyong",-0.057,-17.518,0,"ʚmingɞ",-20.744,-45.045,0,"ʚEveɞ",-13.166,-64.935,0,"Slaris",20.603,-47.745,0,"눈꽃",8.306,-64.192,0,"별이__",36.474,-95.132,0,"AI",0,-109.84,0,"AI",-40.8,-90.55,0,0,0,0,0,0,"",0,0,0,0,681.874,,,,0,0
16,1,1,5,0,1,0,2,0,0,0,255,255,255,15,698.543,"si_ho",R,28,78,129,-1.649,-1.487,-0.022,1.582,-0.792,0.667,-36.542,8.277,1,0,49.933,-84.631,5.873,0,0,0,0,2,R,"CoalCat",170,84.55,0.502,0,86,0,0,0,0,0,0,0,0,0,0,0,0,0,0,0,0,0.089,-37.989,0,"Gonyong",-0.079,-17.637,0,"ʚmingɞ",-20.837,-45.162,0,"ʚEveɞ",-13.195,-64.967,0,"Slaris",20.48,-47.9,0,"눈꽃",9.984,-64.526,0,"별이__",39.312,-98.778,0,"AI",0,-109.84,0,"AI",-40.8,-90.55,0,0,0,0,0,0,"",0,0,0,0,699.541,,,,0,0
17,1,1,5,0,2,0,2,0,0,0,255,255,255,16,712.154,"si_ho",R,26,84,138,0.872,0.334,0.113,1.735,0.223,1.637,-36.463,23.11,0,0,114.062,-151.323,2.349,0,0,1,0,2,R,"CoalCat",170,84.55,0.502,0,86,0,0,0,0,0,0,0,0,0,0,0,0,0,0,0,0,-0.098,-37.125,0,"Gonyong",-0.052,-17.652,0,"ʚmingɞ",-20.94,-45.242,0,"ʚEveɞ",-13.122,-64.887,0,"Slaris",19.193,-49.049,0,"눈꽃",8.022,-65.083,0,"별이__",40.112,-99.82,0,"AI",0,-109.84,0,"AI",-40.8,-90.55,0,0,0,0,0,0,"",0,0,0,0,713.118,,,,0,0
18,1,1,5,0,2,1,2,0,0,0,255,255,255,17,724.543,"si_ho",R,26,89,140,0.739,-1.249,0.046,1.448,0.215,0.749,-36.383,10.36,1,0,80.043,-160.295,8.911,0.452,-18.38,0,0,2,R,"CoalCat",170,84.55,0.502,0,86,0,0,0,0,0,0,0,0,0,0,0,0,0,0,0,0,0.005,-37.228,0,"Gonyong",-0.065,-17.682,0,"ʚmingɞ",-20.899,-45.178,0,"ʚEveɞ",-13.208,-64.946,0,"Slaris",20.023,-50.519,0,"눈꽃",11.868,-65.098,0,"별이__",39.8,-99.559,0,"AI",0,-109.84,0,"AI",-40.8,-90.55,0,0,0,0,0,0,"",0,0,0,0,728.863,,,,0,0
19,1,1,5,0,3,1,2,0,0,0,255,255,255,18,739.734,"si_ho",R,27,85,139,-0.39,0.111,-0.073,1.662,-0.34,1.523,-36.368,8.124,2,0,129.467,-146.091,12.205,0,0,0,0,2,R,"CoalCat",170,84.55,0.502,3,86,740.883,217,49,94,52,29,145,126,-30,47.952,0.49,0,0.156,-73.233,592.733,17.722,-0.134,-36.775,0,"Gonyong",-0.045,-17.767,0,"ʚmingɞ",-20.958,-45.261,0,"ʚEveɞ",-13.207,-64.965,0,"Slaris",22.077,-48.916,0,"눈꽃",12.427,-64.863,0,"별이__",39.91,-99.669,0,"AI",0,-109.84,0,"AI",-40.8,-90.55,0,740.44,-2.033,-18.786,0,0,"",0,0,0,0,,,,,32,3
20,1,1,5,0,3,2,2,0,0,0,255,255,255,19,755.154,"si_ho",R,26,84,137,1.176,-0.145,0.079,1.607,0.369,1.325,-36.381,15.019,0,0,104.318,-200,20.35,0,0,0,0,2,R,"CoalCat",170,84.55,0.502,0,38,0,0,0,0,0,0,0,0,0,0,0,0,0,0,0,0,0.028,-37.221,0,"Gonyong",-0.023,-17.75,0,"ʚmingɞ",-20.826,-44.891,0,"ʚEveɞ",-13.823,-64.261,0,"Slaris",20.538,-48.835,0,"눈꽃",4.482,-63.953,0,"별이__",35.531,-97.813,0,"AI",0,-109.84,0,"AI",-40.8,-90.55,0,0,0,0,0,0,"",0,0,0,0,756.074,,,,0,0
21,1,0,5,0,0,0,0,0,0,0,255,255,255,0,871.392,"白霜らいふ",R,0,90,140,8.132,4.002,-0.229,0.933,3.548,3.634,-36.196,29.356,1,0,0,0,0,4.367,-8.659,0,0,2,R,"ʚmingɞ",190,84.544,0.353,0,34,0,0,0,0,0,0,0,0,0,0,0,0,0,0,0,0,0.08,-36.82,0,"Pring__",-0.016,-17.112,0,"CoalCat",-20.144,-47.394,0,"Dοpi",-14.727,-63.482,0,"-Alta-",20.891,-52.101,0,"coder_",10.473,-66.113,0,"Amellaid",49.512,-104.767,0,"AI",0,-109.84,0,"magimari",-42.301,-94.548,0,0,0,0,0,0,"",0,0,0,0,,,,,0,0
22,1,0,5,0,1,0,0,0,0,0,255,255,255,1,884.081,"白霜らいふ",R,0,101,140,1.555,0.083,-0.007,1.278,0.677,1.678,-36.203,5.764,1,0,0,0,0,0,0,0,0,2,R,"ʚmingɞ",190,84.544,0.353,0,34,0,0,0,0,0,0,0,0,0,0,0,0,0,0,0,0,-0.268,-37.364,0,"Pring__",0.019,-17.017,0,"CoalCat",-20.443,-47.225,0,"Dοpi",-14.69,-63.385,0,"-Alta-",20.856,-52.002,0,"coder_",8.66,-65.016,0,"Amellaid",49.8,-105.353,0,"AI",0,-109.84,0,"magimari",-42.377,-94.439,0,0,0,0,0,0,"",0,0,0,0,884.885,,,,0,0
23,1,0,5,0,2,0,0,0,0,0,255,255,255,2,896.072,"白霜らいふ",R,3,87,112,-1.606,-0.13,0.329,1.494,0.063,1.538,-36.316,36.866,2,0,-445.402,0,-16.935,0,0,1,0,2,R,"ʚmingɞ",190,84.544,0.353,2,34,897.253,196,137,57,68,54,137,117,11.892,2.208,0.76,0,0.146,-81.86,565.068,184.382,-0.116,-36.983,0,"Pring__",-0.027,-17.055,0,"CoalCat",-20.636,-47.156,0,"Dοpi",-15.037,-62.915,0,"-Alta-",20.827,-51.949,0,"coder_",10.544,-65.901,86,"Amellaid",49.566,-104.745,0,"AI",0,-109.84,0,"magimari",-42.329,-94.452,0,899.563,-10.298,-95.404,0,0,"",0,0,1,0,,,,,96,2
24,1,0,5,0,0,0,0,1,0,0,12,255,255,3,964.982,"白霜らいふ",R,0,98,140,1.317,0.063,0.089,1.37,0.571,1.648,-36.274,14.172,0,0,0,0,0,0.269,-18.873,0,1,6,R,"별이__",169.6,80,0.3,0,36,0,0,0,0,0,0,0,0,0,0,0,0,0,0,0,0,0.007,-36.917,0,"Pring__",0.134,-17.794,115,"CoalCat",-20.198,-44.8,0,"Dοpi",-16.445,-61.961,0,"-Alta-",21.068,-50.958,0,"coder_",6.855,-61.959,0,"Amellaid",45.77,-103.015,0,"AI",0,-109.84,0,"magimari",-39.542,-94.409,0,0,0,0,0,0,"",0,0,0,0,967.84,,,,0,0
25,1,0,5,0,0,1,0,1,0,0,12,255,255,4,986.409,"白霜らいふ",R,3,77,106,0.304,1.46,0.436,1.634,0.899,2.443,-36.667,59.331,1,0,-390.121,0,-7.912,0,0,0,1,6,R,"별이__",169.6,80,0.3,0,36,0,0,0,0,0,0,0,0,0,0,0,0,0,0,0,0,-0.31,-37.611,0,"Pring__",0.01,-17.362,120,"CoalCat",-20.348,-44.889,0,"Dοpi",-15.819,-62.716,0,"-Alta-",20.877,-50.38,0,"coder_",5.264,-63.675,0,"Amellaid",45.788,-103.044,0,"AI",0,-109.84,0,"magimari",-39.603,-94.505,0,0,0,0,0,0,"",0,0,0,0,987.307,,,,0,0
26,1,0,5,0,1,1,0,1,0,0,12,255,255,5,999.743,"白霜らいふ",R,10,95,128,0.301,-1.429,0.075,1.582,0.13,1.245,-36.292,21.767,2,0,-0.389,400,12.837,0,0,1,1,6,R,"별이__",169.6,80,0.3,3,36,1000.927,255,145,148,66,29,145,80,-30,-24.546,1,0,0.157,-160.804,-570.353,-85.681,0.037,-36.695,0,"Pring__",-0.005,-17.428,0,"CoalCat",-19.792,-44.488,59,"Dοpi",-15.726,-62.645,100,"-Alta-",20.738,-51.81,103,"coder_",8.868,-63.876,0,"Amellaid",46.02,-103.238,0,"AI",0,-109.84,0,"magimari",-39.575,-94.516,0,1000.363,0.052,-17.466,0,0,"",0,0,0,0,,1006.213,,,71,2
27,1,0,5,0,0,0,2,0,0,0,255,255,255,6,1029.142,"白霜らいふ",R,11,100,134,-2.729,-2.175,-0.302,1.102,-1.179,0.443,-36.091,17.944,4,0,0,202.931,16.102,-0.606,-17.845,1,2,0,R,"si_ho",190,100,0.5,0,85,0,0,0,0,0,0,0,0,0,0,0,0,0,0,0,0,-0.091,-36.836,0,"Pring__",-0.533,-18.269,113,"CoalCat",-20.744,-47.843,0,"Dοpi",-15.299,-62.756,0,"-Alta-",19.542,-49.46,0,"coder_",10.143,-66.474,0,"Amellaid",44.612,-94.145,0,"AI",0,-109.84,0,"magimari",-35.571,-91.677,0,0,0,0,0,0,"",0,0,0,0,1031.489,,,,0,0
28,1,0,5,0,0,1,2,0,0,0,255,255,255,7,1043.923,"白霜らいふ",R,3,75,107,1.081,1.007,0.246,1.828,1.081,2.247,-36.888,70.896,2,0,-302.462,0,-3.036,0,0,0,2,0,R,"si_ho",190,100,0.5,3,85,1045.147,203,47,163,71,64,145,99,64.851,30.363,-0.39,0,0.435,403.307,398.241,192.999,0.053,-36.699,0,"Pring__",-0.013,-17.397,0,"CoalCat",-21.125,-47.45,0,"Dοpi",-14.907,-62.585,79,"-Alta-",20.129,-50.065,0,"coder_",9.43,-66.074,0,"Amellaid",44.573,-93.803,0,"AI",0,-109.84,0,"magimari",-35.55,-91.645,0,1051.274,-34.936,-60.203,0,0,"",0,0,0,0,,,,,5,1
29,2,1,5,0,0,0,0,0,0,0,255,255,255,20,1088.699,"si_ho",R,0,69,109,-1.095,-2.071,0.026,1.517,-0.477,0.448,-36.585,10.567,1,0,0,0.934,15.019,-0.228,-18.627,0,1,3,R,"Dοpi",170,85,0.302,0,85,0,0,0,0,0,0,0,0,0,0,0,0,0,0,0,0,0.144,-37.821,0,"Gonyong",-0.003,-17.286,0,"ʚmingɞ",-20.922,-45.881,0,"ʚEveɞ",-13.413,-64.894,0,"Slaris",21.95,-48.743,0,"눈꽃",9.906,-65.681,0,"별이__",37.265,-86.429,0,"AI",0,-109.84,0,"AI",-40.8,-90.55,0,0,0,0,0,0,"",0,0,0,0,1089.807,,,,0,0
30,2,1,5,0,0,1,0,0,0,0,255,255,255,21,1108.199,"si_ho",R,3,71,102,-0.63,0.924,0.287,1.872,0.478,2.126,-36.7,34.812,2,0,-371.506,0,2.064,0,0,0,1,3,R,"Dοpi",170,85,0.302,3,85,1109.426,109,102,46,50,38,125,86,15.866,45.203,0.91,0,0.269,483.726,-213.497,277.207,-0.009,-37.237,0,"Gonyong",-0.417,-17.274,0,"ʚmingɞ",-20.733,-46.566,0,"ʚEveɞ",-14.407,-64.355,0,"Slaris",20.649,-48.935,0,"눈꽃",9.483,-65.747,101,"별이__",35.542,-87.564,0,"AI",0,-109.84,0,"AI",-40.8,-90.55,0,0,0,0,0,0,"",0,0,0,0,,1118.814,,,68,2
31,2,1,5,0,0,0,0,0,1,0,255,3,255,22,1141.878,"si_ho",R,13,79,117,-1.231,-0.15,0.112,1.802,0.134,1.835,-36.506,13.466,2,0,-405.846,281.092,8.685,0,0,1,2,4,L,"-Alta-",190,88,0.478,3,85,1142.969,253,102,118,98,63,145,118,-19.218,-26.211,0.12,0,0.55,-379.216,-448.168,113.784,-0.009,-37.04,0,"Gonyong",0.047,-17.445,0,"ʚmingɞ",-21.274,-45.969,8,"ʚEveɞ",-8.298,-65.172,0,"Slaris",21.596,-44.889,0,"눈꽃",13.768,-61.061,107,"별이__",48.108,-101.069,0,"AI",0,-109.84,0,"AI",-40.8,-90.55,0,1142.485,0.924,-22.455,0,0,"",0,0,0,0,,,1144.959,,69,2
32,2,1,5,0,0,0,1,0,0,1,255,255,3,23,1168.167,"si_ho",R,10,83,124,1.565,-0.799,0.249,1.767,0.723,1.542,-36.626,24.563,4,0,-30.913,400,5.289,0,0,0,3,1,L,"Pring__",190,94.612,0.484,0,85,0,0,0,0,0,0,0,0,0,0,0,0,0,0,0,0,0.086,-37.416,0,"Gonyong",-0.013,-17.579,100,"ʚmingɞ",-20.946,-46.312,0,"ʚEveɞ",-10.865,-65.723,0,"Slaris",22.515,-46.311,0,"눈꽃",11.167,-65.347,0,"별이__",51.01,-98.978,0,"AI",0,-109.84,0,"AI",-40.8,-90.55,0,0,0,0,0,0,"",0,0,0,0,1168.963,,1170.696,,0,0
33,2,1,5,0,0,1,1,0,0,1,255,255,3,24,1199.696,"si_ho",R,27,87,140,-1.139,-0.396,-0.112,1.638,-0.673,1.238,-36.418,3.879,0,0,137.279,-143.648,19.716,0,0,0,3,1,L,"Pring__",190,94.612,0.484,0,85,0,0,0,0,0,0,0,0,0,0,0,0,0,0,0,0,0.013,-37.233,0,"Gonyong",-0.341,-17.542,107,"ʚmingɞ",-19.873,-46.4,0,"ʚEveɞ",-10.898,-65.748,0,"Slaris",23.638,-48.846,0,"눈꽃",8.574,-64.786,0,"별이__",50.903,-98.824,0,"AI",0,-109.84,0,"AI",-40.8,-90.55,0,0,0,0,0,0,"",0,0,0,0,1200.329,,1201.977,,0,0
34,2,1,5,0,0,2,1,0,0,1,255,255,3,25,1218.411,"si_ho",R,11,82,114,-1.395,-1.375,0.032,1.642,-0.608,0.988,-36.739,17.234,2,0,0,195.027,4.24,0,0,0,3,1,L,"Pring__",190,94.612,0.484,3,85,1219.299,219,110,86,135,36,145,130,34.541,-31.678,0.35,0,0.558,-379.216,-448.168,113.784,-0.343,-37.342,0,"Gonyong",-0.133,-18.094,0,"ʚmingɞ",-20.634,-45.732,0,"ʚEveɞ",-10.888,-65.782,0,"Slaris",23.235,-48.588,0,"눈꽃",13.013,-64.885,0,"별이__",50.922,-98.851,0,"AI",0,-109.84,0,"AI",-40.8,-90.55,0,1224.018,72.714,-108.357,0,0,"",0,0,0,0,,1231.032,1236.245,1229.658,4,4
35,2,1,7,0,0,0,1,0,0,0,255,255,255,26,1265.612,"si_ho",R,26,83,136,0.155,0.09,-0.021,1.721,-0.102,1.482,-36.43,2.56,2,0,127.273,-168.717,26.958,0,0,1,4,8,R,"magimari",170,85,0.504,3,85,1266.69,224,84,90,29,27,140,109,-30,30.63,0.06,0,0.467,-499.488,324.879,-61.375,-0.082,-36.777,0,"Gonyong",-0.021,-17.625,0,"ʚmingɞ",-20.624,-46.266,0,"ʚEveɞ",-13.565,-64.8,0,"Slaris",20.537,-49.359,0,"눈꽃",10.837,-66.011,102,"별이__",39.438,-97.319,0,"AI",0,-109.84,0,"AI",-40.8,-90.55,0,1266.174,-0.585,-19.8,0,0,"",0,0,1,0,,,,,68,2
36,2,1,7,0,0,0,1,1,0,0,8,255,255,27,1291.354,"si_ho",R,26,87,140,0.44,-1.063,0.054,1.542,0.065,0.809,-36.441,12.135,0,0,93.677,-200,17.205,0,0,0,5,5,R,"coder_",171.4,86.044,0.284,0,84,0,0,0,0,0,0,0,0,0,0,0,0,0,0,0,0,0.168,-37.886,0,"Gonyong",-0.079,-17.605,0,"ʚmingɞ",-19.45,-48.284,0,"ʚEveɞ",-13.9,-64.068,0,"Slaris",20.202,-50.567,0,"눈꽃",5.907,-62.422,0,"별이__",38.774,-98.779,0,"AI",0,-109.84,0,"AI",-40.8,-90.55,0,0,0,0,0,0,"",0,0,0,0,1292.352,,,,0,0
37,2,1,7,0,0,1,1,1,0,0,8,255,255,28,1306.443,"si_ho",R,10,85,112,0.785,-0.61,0.212,1.847,0.465,1.834,-36.676,34.51,0,0,-69.9,400,6.058,0.126,-18.555,1,5,5,R,"coder_",171.4,86.044,0.284,0,84,0,0,0,0,0,0,0,0,0,0,0,0,0,0,0,0,0.122,-37.792,0,"Gonyong",-0.046,-17.604,0,"ʚmingɞ",-19.985,-47.288,0,"ʚEveɞ",-13.885,-64.08,0,"Slaris",21.077,-47.903,0,"눈꽃",4.567,-61.923,0,"별이__",39.022,-98.615,0,"AI",0,-109.84,0,"AI",-40.8,-90.55,0,0,0,0,0,0,"",0,0,0,0,1310.518,,,,0,0
38,2,1,7,0,0,2,1,1,0,0,8,255,255,29,1323.457,"si_ho",R,12,84,118,0.12,-0.411,0.08,1.785,0.05,1.522,-36.593,26.086,2,0,0,126.574,5.747,0,0,1,5,5,R,"coder_",171.4,86.044,0.284,3,84,1324.591,178,133,133,117,41,145,90,101.22,-76.965,-0.47,0,0.295,488.397,-295.801,177.697,-0.231,-37.299,0,"Gonyong",0.01,-17.448,0,"ʚmingɞ",-19.888,-45.09,0,"ʚEveɞ",-14.017,-64.663,0,"Slaris",21.757,-47.273,0,"눈꽃",8.032,-62.946,0,"별이__",38.961,-98.63,0,"AI",0,-109.84,0,"AI",-40.8,-90.55,0,0,0,0,0,0,"",0,0,0,0,,,,,4,3
39,2,1,7,0,0,2,1,1,0,0,8,255,255,30,1337.818,"si_ho",R,27,74,126,1.805,2.37,0.198,2.045,0.616,2.796,-36.59,34.804,4,0,106.125,-129.115,3.364,0,0,1,5,5,R,"coder_",171.4,86.044,0.284,0,84,0,0,0,0,0,0,0,0,0,0,0,0,0,0,0,0,0.161,-37.918,0,"Gonyong",-0.02,-17.308,0,"ʚmingɞ",-19.872,-44.532,0,"ʚEveɞ",-14.252,-64.448,0,"Slaris",21.801,-48.355,0,"눈꽃",3.656,-62.33,0,"별이__",39.27,-97.944,0,"AI",0,-109.85,0,"AI",-40.8,-90.55,0,0,0,0,0,0,"",0,0,0,0,1338.585,,,,0,0
40,2,1,7,0,0,0,2,1,0,0,8,255,255,31,1388.472,"si_ho",R,26,80,131,0.221,-0.172,-0.017,1.598,-0.077,1.313,-36.38,9.387,0,0,121.858,-200,16.544,0,0,0,6,0,R,"白霜らいふ",180.4,80,0.646,0,84,0,0,0,0,0,0,0,0,0,0,0,0,0,0,0,0,0.117,-37.691,0,"Gonyong",-0.002,-18.084,0,"ʚmingɞ",-19.318,-39.872,0,"ʚEveɞ",-13.915,-64.547,0,"Slaris",22.146,-52.242,0,"눈꽃",2.559,-62.323,0,"별이__",47.379,-103.4,0,"AI",0,-109.84,0,"AI",-40.8,-90.55,0,0,0,0,0,0,"",0,0,0,0,1389.207,1392.254,,,0,0
41,2,1,7,0,0,1,2,0,1,0,255,8,255,32,1405.199,"si_ho",R,26,82,134,0.368,-1.068,0.021,1.539,-0.099,0.778,-36.468,11.081,4,0,190.708,-200,37.171,0,0,1,6,0,R,"白霜らいふ",180.4,80,0.646,0,84,0,0,0,0,0,0,0,0,0,0,0,0,0,0,0,0,-0.072,-37.326,0,"Gonyong",0.403,-18.374,0,"ʚmingɞ",-19.349,-47.82,0,"ʚEveɞ",-14.647,-64.185,0,"Slaris",21.002,-46.9,0,"눈꽃",4.433,-61.523,0,"별이__",47.237,-103.413,0,"AI",0,-109.84,0,"AI",-40.8,-90.55,0,0,0,0,0,0,"",0,0,0,16,1405.996,,1407.687,1414.764,0,0
42,2,0,7,0,0,0,0,0,0,0,255,255,255,8,1452.48,"白霜らいふ",R,0,90,140,0.676,-0.303,0.025,1.127,0.294,1.44,-36.26,15.298,0,0,0,0,0,0,0,0,3,4,R,"Slaris",190,85.69,0.452,0,84,0,0,0,0,0,0,0,0,0,0,0,0,0,0,0,0,-0.321,-37.327,0,"Pring__",-0.443,-17.189,0,"CoalCat",-19.651,-46.784,0,"Dοpi",-14.025,-64.434,0,"-Alta-",19.929,-50.497,0,"coder_",12.505,-65.468,0,"Amellaid",50.601,-100.285,0,"AI",0,-109.84,0,"magimari",-43.835,-94.208,0,0,0,0,0,0,"",0,0,0,0,1452.796,,,,0,0
43,2,0,7,0,0,1,0,0,0,0,255,255,255,9,1463.883,"白霜らいふ",R,32,95,140,-0.077,-0.219,0.101,1.305,-0.236,1.408,-36.288,22.396,0,0,157.679,-93.51,-27.964,0,0,0,3,4,R,"Slaris",190,85.69,0.452,0,84,0,0,0,0,0,0,0,0,0,0,0,0,0,0,0,0,-0.307,-37.175,0,"Pring__",0.028,-17.088,0,"CoalCat",-20.483,-47.568,0,"Dοpi",-14.417,-63.553,0,"-Alta-",19.852,-51.234,0,"coder_",12.595,-65.435,0,"Amellaid",50.646,-100.303,0,"AI",0,-109.84,0,"magimari",-43.095,-94.84,0,0,0,0,0,0,"",0,0,0,0,1464.474,,,,0,0
44,2,0,7,0,0,2,0,0,0,0,255,255,255,10,1477.572,"白霜らいふ",R,10,98,123,-1.293,-1.69,-0.016,1.315,-0.562,0.978,-36.197,5.096,4,0,0,400,17.804,-0.037,-17.749,1,3,4,R,"Slaris",190,85.69,0.452,0,84,0,0,0,0,0,0,0,0,0,0,0,0,0,0,0,0,-0.017,-37.04,0,"Pring__",0.513,-18.52,0,"CoalCat",-20.446,-47.465,0,"Dοpi",-14.189,-63.126,0,"-Alta-",20.067,-49.165,0,"coder_",12.25,-65.321,0,"Amellaid",50.494,-100.478,0,"AI",0,-109.84,0,"magimari",-42.364,-95.392,0,0,0,0,0,0,"",0,0,0,8,1479.021,,,,0,0
45,2,0,7,0,0,0,1,0,0,0,255,255,255,11,1498.917,"白霜らいふ",R,32,82,134,1.898,0.577,0.266,1.367,0.618,1.889,-36.338,25.642,1,0,187.708,-64.097,-25.519,0.927,-16.977,0,4,1,R,"Gonyong",174.9,80,0.2,0,84,0,0,0,0,0,0,0,0,0,0,0,0,0,0,0,0,-0.185,-37.542,0,"Pring__",0.07,-17.039,0,"CoalCat",-20.897,-49.12,0,"Dοpi",-16.024,-63.027,0,"-Alta-",19.571,-50.276,0,"coder_",9.458,-66.489,0,"Amellaid",50.62,-100.084,0,"AI",0,-109.84,0,"magimari",-42.376,-95.487,0,0,0,0,0,0,"",0,0,0,0,1501.563,,,,0,0
46,2,0,7,0,0,1,1,0,0,0,255,255,255,12,1523.767,"白霜らいふ",R,32,88,140,-0.845,-0.26,-0.065,1.013,-0.61,1.394,-36.228,21.463,0,0,236.277,-95.2,-60.777,-1.112,-18.604,0,4,1,R,"Gonyong",174.9,80,0.2,0,84,0,0,0,0,0,0,0,0,0,0,0,0,0,0,0,0,0.019,-37.009,0,"Pring__",-0.715,-18.389,0,"CoalCat",-21.059,-48.986,0,"Dοpi",-16.085,-62.878,0,"-Alta-",19.866,-52.396,0,"coder_",8.178,-66.568,0,"Amellaid",50.495,-100.096,0,"AI",0,-109.84,0,"magimari",-42.343,-95.427,0,0,0,0,0,0,"",0,0,0,0,1526.002,,,,0,0
47,2,0,7,0,0,2,1,0,0,0,255,255,255,13,1542.18,"白霜らいふ",R,3,88,113,-1.852,-0.26,0.283,1.507,-0.033,1.461,-36.403,34.2,2,0,-449.858,0,-17.622,0,0,1,4,1,R,"Gonyong",174.9,80,0.2,3,84,1543.325,213,157,130,126,68,145,105,-30,55.729,0.93,0,0.273,-522.064,194.667,-212.315,-0.268,-36.619,0,"Pring__",-0.052,-17.376,0,"CoalCat",-21.776,-48.995,0,"Dοpi",-15.879,-62.822,0,"-Alta-",19.806,-52.288,0,"coder_",10.765,-65.843,0,"Amellaid",50.526,-100.11,0,"AI",0,-109.84,0,"magimari",-42.363,-95.468,0,1542.574,-2.238,-20.952,0,0,"",0,0,0,0,,,,,64,3
48,2,0,7,0,0,2,1,0,0,0,255,255,255,14,1556.538,"白霜らいふ",R,32,81,119,1.823,0.101,0.454,1.608,0.401,1.662,-36.6,52.845,4,0,201.05,-30.073,-12.203,0.022,-21.257,1,4,1,R,"Gonyong",174.9,80,0.2,0,84,0,0,0,0,0,0,0,0,0,0,0,0,0,0,0,0,-0.295,-37.355,0,"Pring__",-0.785,-19.145,0,"CoalCat",-21.218,-49.771,0,"Dοpi",-16.671,-62.759,0,"-Alta-",18.87,-51.566,0,"coder_",9.592,-65.339,0,"Amellaid",51.456,-100.298,0,"AI",0,-109.84,0,"magimari",-43.141,-95.295,0,0,0,0,0,0,"",0,0,0,0,1559.885,,,,0,0
49,2,0,7,0,0,0,2,0,0,0,255,255,255,15,1581.845,"白霜らいふ",R,0,84,137,-0.348,-0.359,0.703,1.367,-0.172,1.406,-36.439,38.145,0,0,0,0,0,0,0,1,5,3,L,"ʚEveɞ",172.6,80,0.3,0,66,0,0,0,0,0,0,0,0,0,0,0,0,0,0,0,0,-0.009,-37.345,0,"Pring__",0.009,-17.353,0,"CoalCat",-21.548,-48.714,0,"Dοpi",-14.337,-63.508,0,"-Alta-",18.647,-51.219,0,"coder_",12.167,-64.72,0,"Amellaid",51.454,-100.641,0,"AI",0,-109.84,0,"magimari",-42.303,-93.419,0,0,0,0,0,0,"",0,0,0,0,1582.096,,,,0,0
50,2,0,7,0,0,1,2,0,0,0,255,255,255,16,1595.013,"白霜らいふ",R,0,88,138,0.354,-0.627,0.874,1.337,0.188,1.254,-36.577,57.554,0,0,-42.315,0,1.22,0,0,0,5,3,L,"ʚEveɞ",172.6,80,0.3,0,66,0,0,0,0,0,0,0,0,0,0,0,0,0,0,0,0,0.373,-36.813,0,"Pring__",0.039,-17.342,0,"CoalCat",-21.529,-48.714,0,"Dοpi",-14.344,-63.513,0,"-Alta-",18.727,-51.127,0,"coder_",10.661,-66.175,0,"Amellaid",51.387,-100.769,0,"AI",0,-109.84,0,"magimari",-42.331,-93.373,0,0,0,0,0,0,"",0,0,0,0,1595.251,,,,0,0
51,2,0,7,0,0,2,2,0,0,0,255,255,255,17,1610.393,"白霜らいふ",R,32,93,129,0.015,-1.008,0.169,1.059,-0.259,0.986,-36.249,17.65,0,0,186.9,-58.68,22.9,0,0,0,5,3,L,"ʚEveɞ",172.6,80,0.3,0,67,0,0,0,0,0,0,0,0,0,0,0,0,0,0,0,0,0.522,-36.597,0,"Pring__",-0.013,-17.372,0,"CoalCat",-21.572,-48.762,0,"Dοpi",-13.936,-63.28,0,"-Alta-",19.584,-51.436,0,"coder_",10.743,-66.187,0,"Amellaid",51.57,-100.617,0,"AI",0,-109.84,0,"magimari",-42.284,-93.398,0,0,0,0,0,0,"",0,0,0,0,1610.718,,,,0,0
52,3,1,7,0,0,0,0,0,0,0,255,255,255,33,1676.565,"si_ho",R,28,89,140,-0.959,-0.709,-0.11,1.537,-0.512,1.103,-36.372,6.487,2,0,74.666,-90.642,10.977,0,0,1,6,0,R,"白霜らいふ",180.4,80,0.646,3,36,1677.616,255,102,128,86,52,145,117,-30,25.051,0.83,0,0.522,-591.558,-60.948,62.85,-0.231,-36.822,0,"Gonyong",-0.055,-17.663,0,"ʚmingɞ",-20.296,-46.508,0,"ʚEveɞ",-15.361,-63.542,74,"Slaris",20.295,-49.686,0,"눈꽃",13.526,-65.077,0,"별이__",42.128,-92.473,0,"AI",0,-109.843,0,"AI",-40.803,-90.552,0,1676.874,-0.618,-19.813,0,0,"",0,0,0,0,,,,,37,2
53,3,1,7,0,0,0,1,0,0,0,255,255,255,34,1701.573,"si_ho",R,26,84,137,0.691,1.243,0.086,1.867,0.124,2.117,-36.514,21.356,1,0,146.295,-196.288,12.275,0,0,0,7,6,L,"Amellaid",172.6,85,0.44,0,84,0,0,0,0,0,0,0,0,0,0,0,0,0,0,0,0,0.047,-37.596,0,"Gonyong",-0.053,-17.52,0,"ʚmingɞ",-20.065,-46.56,0,"ʚEveɞ",-11.947,-65.143,0,"Slaris",22.099,-49.211,0,"눈꽃",11.996,-65.485,0,"별이__",44.601,-94.335,0,"AI",0,-109.842,0,"AI",-40.802,-90.552,0,0,0,0,0,0,"",0,0,0,0,1701.996,,,,0,0
54,3,1,7,0,1,0,1,0,0,0,255,255,255,35,1713.045,"si_ho",R,33,84,138,0.019,1.424,0.041,1.912,-0.148,2.301,-36.431,25.297,1,0,115.287,-113.994,5.346,0,0,0,7,6,L,"Amellaid",172.6,85,0.44,0,84,0,0,0,0,0,0,0,0,0,0,0,0,0,0,0,0,0.029,-37.518,0,"Gonyong",-0.061,-17.454,0,"ʚmingɞ",-18.349,-49.252,0,"ʚEveɞ",-11.481,-65.822,0,"Slaris",22.024,-49.348,0,"눈꽃",12.636,-65.657,0,"별이__",45.656,-93.956,0,"AI",0,-109.842,0,"AI",-40.802,-90.552,0,0,0,0,0,0,"",0,0,0,0,1713.552,,,,0,0
55,3,1,7,0,2,0,1,0,0,0,255,255,255,36,1724.436,"si_ho",R,10,78,107,0.142,-0.731,0.207,1.812,0.333,1.768,-36.603,30.511,0,0,-142.861,383.056,5.796,-0.082,-16.719,0,7,6,L,"Amellaid",172.6,85,0.44,0,84,0,0,0,0,0,0,0,0,0,0,0,0,0,0,0,0,0.016,-37.452,0,"Gonyong",-0.052,-17.486,0,"ʚmingɞ",-18.742,-46.898,0,"ʚEveɞ",-11.469,-65.836,0,"Slaris",22.028,-49.298,0,"눈꽃",12.531,-65.461,0,"별이__",46.631,-94.626,0,"AI",0,-109.842,0,"AI",-40.801,-90.551,0,0,0,0,0,0,"",0,0,0,0,1725.274,,,,0,0
56,3,1,7,0,2,1,1,0,0,0,255,255,255,37,1737.208,"si_ho",R,10,85,112,-0.847,-2.326,-0.028,1.493,-0.367,0.82,-36.535,14.175,2,0,0,400,11.715,0,0,1,7,6,L,"Amellaid",172.6,85,0.44,3,84,1738.2,255,156,84,73,13,145,89,-27.463,5.674,-0.57,0,0.375,-387.681,42.473,400.54,-0.252,-36.913,0,"Gonyong",-0.038,-17.527,0,"ʚmingɞ",-19.126,-47.001,87,"ʚEveɞ",-11.478,-65.836,104,"Slaris",22.123,-49.255,0,"눈꽃",12.764,-65.695,0,"별이__",46.358,-94.467,0,"AI",0,-109.842,0,"AI",-40.802,-90.552,0,1737.429,-0.182,-20.7,0,0,"",0,0,0,0,,,,,37,2
57,3,1,7,0,0,0,2,0,0,0,255,255,255,38,1756.871,"si_ho",R,27,77,128,0.435,-0.249,0.024,1.61,0.111,1.337,-36.351,5.557,0,0,52.953,-116.846,13.68,0,0,0,0,2,R,"CoalCat",172,84.55,0.502,0,84,0,0,0,0,0,0,0,0,0,0,0,0,0,0,0,0,0.06,-37.803,0,"Gonyong",-0.034,-17.506,0,"ʚmingɞ",-19.017,-46.745,0,"ʚEveɞ",-14.263,-64.034,0,"Slaris",21.834,-49.527,0,"눈꽃",11.314,-65.702,0,"별이__",34.631,-95.096,0,"AI",0,-109.842,0,"AI",-40.802,-90.552,0,0,0,0,0,0,"",0,0,0,0,1757.607,,,,0,0
58,3,1,7,0,0,1,2,0,0,0,255,255,255,39,1768.56,"si_ho",R,26,86,140,0.846,0.048,0.107,1.721,0.246,1.436,-36.452,18.265,0,0,89.278,-200,11.979,0,0,0,0,2,R,"CoalCat",172,84.55,0.502,0,84,0,0,0,0,0,0,0,0,0,0,0,0,0,0,0,0,0.049,-37.447,0,"Gonyong",-0.048,-17.453,0,"ʚmingɞ",-19.827,-46.492,0,"ʚEveɞ",-14.105,-64.15,0,"Slaris",21.751,-49.666,0,"눈꽃",9.533,-65.996,0,"별이__",34.516,-95.098,0,"AI",0,-109.842,0,"AI",-40.802,-90.552,0,0,0,0,0,0,"",0,0,0,0,1769.251,,,,0,0
59,3,1,7,0,0,2,2,0,0,0,255,255,255,40,1780.236,"si_ho",R,27,80,131,-1.055,-0.172,-0.116,1.626,-0.541,1.397,-36.281,6.084,0,0,60.481,-104.485,16.944,0,0,1,0,2,R,"CoalCat",172,84.55,0.502,0,84,0,0,0,0,0,0,0,0,0,0,0,0,0,0,0,0,-0.091,-37.486,0,"Gonyong",-0.062,-17.498,0,"ʚmingɞ",-19.878,-46.58,0,"ʚEveɞ",-14.14,-64.144,0,"Slaris",21.638,-49.371,0,"눈꽃",6.551,-65.481,0,"별이__",34.784,-95.242,0,"AI",0,-109.842,0,"AI",-40.802,-90.552,0,0,0,0,0,0,"",0,0,0,0,1780.918,,,,0,0
60,3,0,7,0,0,0,0,0,0,0,255,255,255,18,1821.243,"白霜らいふ",R,0,94,140,-0.359,-0.769,0.536,1.272,-0.172,1.139,-36.181,15.573,2,0,0,0,0,0,0,1,6,5,L,"눈꽃",190,90,0.6,3,84,1822.238,230,77,92,109,47,145,99,58.389,-53.354,-0.41,0,0.341,364.18,-469.839,-73.658,0.314,-36.837,0,"Pring__",-0.025,-17.161,0,"CoalCat",-20.751,-48.804,0,"Dοpi",-13.659,-62.979,0,"-Alta-",21.585,-51.755,0,"coder_",11.134,-65.694,0,"Amellaid",47.956,-102.197,0,"AI",0,-109.84,0,"magimari",-45.587,-95.873,0,1827.129,65.628,-54.155,0,0,"",0,0,0,0,,,,,64,3
61,3,0,7,0,0,1,0,0,0,0,255,255,255,19,1842.723,"白霜らいふ",R,3,91,128,-3.695,-1.22,0.401,1.263,-1.036,0.843,-36.359,13.783,2,0,-400.323,0,15.969,0,0,1,6,5,L,"눈꽃",190,90,0.6,3,84,1843.732,207,176,124,100,110,145,106,32.069,-49.8,0.91,0,0.418,110.958,-218.091,-547.836,0.299,-36.864,0,"Pring__",-0.072,-17.191,0,"CoalCat",-22.083,-49.343,0,"Dοpi",-12.892,-64.28,0,"-Alta-",19.798,-51.84,0,"coder_",11.82,-65.477,0,"Amellaid",53.36,-99.276,0,"AI",0,-109.84,0,"magimari",-43.989,-96.926,0,1846.829,64.66,-69.703,0,0,"",0,0,0,0,,,,,64,3
62,3,0,7,0,0,2,0,0,0,0,255,255,255,20,1862.48,"白霜らいふ",R,32,94,129,-0.459,-0.433,-0.007,1.176,-0.454,1.317,-36.184,19.471,0,0,184.966,-40.306,30.77,-0.636,-18.363,0,6,5,L,"눈꽃",190,90,0.6,0,84,0,0,0,0,0,0,0,0,0,0,0,0,0,0,0,0,0.156,-37.443,0,"Pring__",-0.412,-17.88,0,"CoalCat",-20.786,-48.255,0,"Dοpi",-11.027,-65.09,0,"-Alta-",20.737,-51.339,0,"coder_",11.901,-64.844,0,"Amellaid",54.811,-102.307,0,"AI",0,-109.84,0,"magimari",-38.486,-92.737,0,0,0,0,0,0,"",0,0,0,64,1864.663,,,1869.418,0,0
63,3,0,7,0,0,0,1,0,0,0,255,255,255,21,1888.271,"白霜らいふ",R,0,78,129,4.916,1.621,0.431,1.681,2.145,2.733,-36.71,63.872,3,0,0,0,0,2.223,-20.74,0,0,2,R,"ʚmingɞ",190,84.544,0.353,0,84,0,0,0,0,0,0,0,0,0,0,0,0,0,0,0,0,-0.116,-37.533,0,"Pring__",-0.019,-17.01,0,"CoalCat",-22.099,-48.296,0,"Dοpi",-14.351,-63.282,0,"-Alta-",20.815,-52.206,0,"coder_",10.164,-65.962,0,"Amellaid",50.854,-105.738,0,"AI",0,-109.84,0,"magimari",-37.908,-91.13,0,0,0,0,0,0,"",0,0,0,0,1891.485,,,,0,6
64,3,0,7,0,0,0,1,1,0,0,12,255,255,22,1927.542,"白霜らいふ",R,0,88,125,-0.344,-0.682,0.118,1.4,-0.153,1.22,-36.227,25.11,0,0,0,0,0.658,0,0,0,1,6,R,"별이__",169.6,80,0.3,0,84,0,0,0,0,0,0,0,0,0,0,0,0,0,0,0,0,-0.425,-37.213,0,"Pring__",-0.041,-17.128,0,"CoalCat",-20.001,-47.106,0,"Dοpi",-12.788,-61.236,0,"-Alta-",20.976,-53.162,0,"coder_",7.324,-61.782,0,"Amellaid",50.819,-105.762,0,"AI",0,-109.84,0,"magimari",-40.231,-94.654,0,0,0,0,0,0,"",0,0,0,0,1928.029,,,,0,0
65,3,0,7,0,0,1,1,1,0,0,12,255,255,23,1942.576,"白霜らいふ",R,3,85,125,-1.048,0.012,0.402,1.674,0.302,1.601,-36.392,43.738,0,0,-500,0,-6.16,-0.962,-18.119,1,1,6,R,"별이__",169.6,80,0.3,0,84,0,0,0,0,0,0,0,0,0,0,0,0,0,0,0,0,-0.175,-37.132,0,"Pring__",-0.968,-18.477,0,"CoalCat",-20.037,-46.86,0,"Dοpi",-13.305,-62.103,0,"-Alta-",21.013,-53.181,0,"coder_",8.314,-62.042,0,"Amellaid",50.883,-105.692,0,"AI",0,-109.84,0,"magimari",-40.348,-94.549,0,0,0,0,0,0,"",0,0,0,0,1944.45,,,,0,0
66,3,0,7,0,0,2,1,1,0,0,12,255,255,24,1958.225,"白霜らいふ",R,0,92,140,-0.574,-1.199,0.162,1.431,-0.255,0.93,-36.186,20.442,4,0,0,0,0,0,0,1,1,6,R,"별이__",169.6,80,0.3,0,36,0,0,0,0,0,0,0,0,0,0,0,0,0,0,0,0,0.001,-36.894,0,"Pring__",-0.064,-17.246,0,"CoalCat",-20.161,-46.863,0,"Dοpi",-13.348,-62.108,0,"-Alta-",20.154,-52.206,0,"coder_",7.905,-63.183,0,"Amellaid",50.892,-105.677,0,"AI",0,-109.84,0,"magimari",-40.269,-94.64,0,0,0,0,0,0,"",0,0,0,0,1958.663,,,,0,0
67,3,0,7,0,0,0,2,1,0,0,12,255,255,25,1979.807,"白霜らいふ",R,0,91,140,2.132,0.367,0.139,1.359,0.924,1.854,-36.212,21.349,2,0,0,0,0,0,0,1,2,0,R,"si_ho",190,100,0.5,3,84,1980.919,130,48,155,92,57,140,130,33.86,16.614,0.51,0,0.578,247.491,520.371,-153.25,-0.234,-37.806,0,"Pring__",-0.03,-17.305,0,"CoalCat",-21.226,-48.025,0,"Dοpi",-14.252,-63.641,0,"-Alta-",21.432,-52.594,0,"coder_",11.851,-65.432,0,"Amellaid",49.845,-104.733,0,"AI",0,-109.84,0,"magimari",-40.266,-94.674,0,1986.174,-47.512,-126.304,0,0,"",0,0,0,0,,1988.862,1994.386,1999.406,64,4
68,3,0,7,2,0,0,2,0,0,0,255,255,255,26,2043.646,"白霜らいふ",R,34,84,138,-0.609,-0.621,0.107,1.146,-0.386,1.184,-36.215,15.799,0,0,89.644,-62.86,-7.332,0,0,0,3,4,R,"Slaris",190,85.69,0.452,0,84,0,0,0,0,0,0,0,0,0,0,0,0,0,0,0,0,-0.212,-36.917,0,"Pring__",-0.199,-17.103,0,"CoalCat",-21.333,-48.162,0,"Dοpi",-13.194,-62.922,0,"-Alta-",21.938,-53.024,0,"coder_",9.88,-64.722,0,"Amellaid",46.695,-101.895,0,"AI",0,-109.84,0,"magimari",-40.834,-95.882,0,0,0,0,0,0,"",0,0,0,0,2043.874,,,,0,0
69,3,0,7,2,0,1,2,0,0,0,255,255,255,27,2056.614,"白霜らいふ",R,10,94,128,-1.213,-1.999,-0.039,1.433,-0.527,0.769,-36.313,10.997,4,0,0,400,8.824,-0.174,-17.95,1,3,4,R,"Slaris",190,85.69,0.452,0,84,0,0,0,0,0,0,0,0,0,0,0,0,0,0,0,0,-0.314,-37.132,0,"Pring__",0.097,-18.943,0,"CoalCat",-21.281,-48.092,0,"Dοpi",-14.018,-63.237,0,"-Alta-",21.941,-52.909,0,"coder_",11.605,-65.089,0,"Amellaid",47.168,-102.107,0,"AI",0,-109.84,0,"magimari",-40.86,-95.891,0,0,0,0,0,0,"",0,0,0,0,2058.127,,,,0,0
70,3,0,7,2,0,2,2,0,0,0,255,255,255,28,2073.51,"白霜らいふ",R,3,89,116,-0.331,0.234,0.171,1.33,0.49,1.779,-36.303,17.896,0,0,-382.322,3.364,-28.593,0,0,0,3,4,R,"Slaris",190,85.69,0.452,0,84,0,0,0,0,0,0,0,0,0,0,0,0,0,0,0,0,-0.301,-37.034,0,"Pring__",0.162,-18.463,0,"CoalCat",-21.234,-48.04,0,"Dοpi",-13.971,-63.225,0,"-Alta-",21.919,-51.727,0,"coder_",11.148,-65.377,0,"Amellaid",46.765,-101.864,0,"AI",0,-109.84,0,"magimari",-40.866,-95.905,0,0,0,0,0,0,"",0,0,0,0,2074.796,,,,0,0
71,4,1,7,2,0,0,0,0,0,0,255,255,255,41,2115.852,"si_ho",R,27,87,140,0.099,-1,-0.018,1.495,-0.085,0.916,-36.333,7.09,0,0,99.947,-131.852,17.593,0,0,0,1,3,R,"Dοpi",170,85,0.302,0,84,0,0,0,0,0,0,0,0,0,0,0,0,0,0,0,0,0.162,-37.67,0,"Gonyong",-0.053,-17.755,0,"ʚmingɞ",-20.759,-46.145,0,"ʚEveɞ",-14.389,-63.846,0,"Slaris",21.708,-49.966,0,"눈꽃",8.765,-64.934,0,"별이__",37.152,-86.774,0,"AI",0,-109.84,0,"AI",-40.8,-90.55,0,0,0,0,0,0,"",0,0,0,0,2116.463,,,,0,0
72,4,1,7,2,0,1,0,0,0,0,255,255,255,42,2132.15,"si_ho",R,10,83,110,-1.286,-1.944,0.079,1.694,-0.276,1.13,-36.831,24.148,4,0,-145.87,400,13.542,0,0,1,1,3,R,"Dοpi",170,85,0.302,0,84,0,0,0,0,0,0,0,0,0,0,0,0,0,0,0,0,0.019,-37.708,0,"Gonyong",-0.081,-17.827,0,"ʚmingɞ",-19.753,-46.54,0,"ʚEveɞ",-14.447,-63.867,0,"Slaris",22.568,-49.236,0,"눈꽃",9.953,-65.758,0,"별이__",34.778,-90.512,0,"AI",0,-109.84,0,"AI",-40.8,-90.55,0,0,0,0,0,0,"",0,0,0,0,2133.007,,,,0,0
73,4,1,7,2,0,2,0,0,0,0,255,255,255,43,2147.946,"si_ho",R,5,69,106,-2.327,0.573,0.061,1.902,-0.777,1.93,-36.725,22.216,1,0,-121.096,0,9.573,0,0,0,1,3,R,"Dοpi",170,85,0.302,0,84,0,0,0,0,0,0,0,0,0,0,0,0,0,0,0,0,-0.04,-37.57,0,"Gonyong",-0.373,-17.625,0,"ʚmingɞ",-19.696,-46.51,0,"ʚEveɞ",-14.411,-63.902,0,"Slaris",22.49,-49.343,0,"눈꽃",8.225,-64.529,0,"별이__",34.557,-90.72,0,"AI",0,-109.84,0,"AI",-40.8,-90.55,0,0,0,0,0,0,"",0,0,0,0,2148.563,,,,0,0
74,4,1,7,2,1,2,0,0,0,0,255,255,255,44,2161.645,"si_ho",R,26,90,140,1.841,1.93,0.113,1.949,0.579,2.489,-36.511,19.19,1,0,165.289,-200,13.011,0,0,0,1,3,R,"Dοpi",170,85,0.302,0,84,0,0,0,0,0,0,0,0,0,0,0,0,0,0,0,0,0.232,-37.875,0,"Gonyong",-0.105,-17.363,0,"ʚmingɞ",-19.739,-46.582,0,"ʚEveɞ",-14.444,-63.904,0,"Slaris",22.439,-49.303,0,"눈꽃",10.464,-65.493,0,"별이__",34.571,-91.301,0,"AI",0,-109.84,0,"AI",-40.8,-90.55,0,0,0,0,0,0,"",0,0,0,0,2162.274,,,,0,0
75,4,1,7,2,2,2,0,0,0,0,255,255,255,45,2180.992,"si_ho",R,0,79,117,0.443,-0.963,0.125,1.593,0.189,1.055,-36.479,16.963,2,0,0,2.49,7.635,0,0,1,1,3,R,"Dοpi",170,85,0.302,3,84,2182.012,194,92,66,49,28,137,84,-38.209,4.827,-0.55,0,0.278,-521.99,44.35,200.323,-0.187,-36.844,87,"Gonyong",0.1,-17.562,0,"ʚmingɞ",-19.785,-46.972,8,"ʚEveɞ",-14.461,-63.951,0,"Slaris",22.452,-49.324,0,"눈꽃",13.843,-64.034,0,"별이__",34.585,-91.315,0,"AI",0,-109.84,0,"AI",-40.8,-90.55,0,2181.196,0.026,-20.55,0,0,"",0,0,0,0,,,,,5,2
76,4,1,7,2,0,0,1,0,0,0,255,255,255,46,2206.848,"si_ho",R,26,91,140,-0.922,0.376,-0.032,1.706,-0.166,1.554,-36.396,12.572,2,0,158.1,-200,20.893,0,0,1,2,4,L,"-Alta-",190,88,0.478,3,84,2207.967,213,49,93,72,29,145,108,6.063,-19.915,0.02,0,0.333,-231.191,-468.012,291.756,-0.199,-36.827,0,"Gonyong",-0.035,-17.659,0,"ʚmingɞ",-19.917,-46.579,7,"ʚEveɞ",-12.106,-65.464,0,"Slaris",22.408,-49.471,0,"눈꽃",14.38,-63.957,115,"별이__",47.052,-98.009,0,"AI",0,-109.84,0,"AI",-40.8,-90.55,0,2208.607,15.494,-56.846,0,0,"",0,0,0,0,,,,,69,2
77,4,1,7,2,0,0,2,0,0,0,255,255,255,47,2231.625,"si_ho",R,27,97,140,0.693,-1.721,0.034,1.317,0.16,0.419,-36.307,9.883,1,0,109.508,-137.207,19.36,0,0,0,3,1,L,"Pring__",190,94.612,0.484,0,84,0,0,0,0,0,0,0,0,0,0,0,0,0,0,0,0,0.114,-37.928,0,"Gonyong",0.006,-17.619,0,"ʚmingɞ",-18.973,-48.313,0,"ʚEveɞ",-12.283,-65.376,0,"Slaris",22.317,-49.738,0,"눈꽃",12.329,-64.717,0,"별이__",48.324,-94.585,0,"AI",0,-109.84,0,"AI",-40.8,-90.55,0,0,0,0,0,0,"",0,0,0,0,2232.24,,,,0,0
78,4,1,7,2,1,0,2,0,0,0,255,255,255,48,2247.322,"si_ho",R,5,81,116,-1.47,-0.211,-0.067,1.694,-0.436,1.478,-36.424,5.393,0,0,-118.844,0,14.68,0,0,0,3,1,L,"Pring__",190,94.612,0.484,0,84,0,0,0,0,0,0,0,0,0,0,0,0,0,0,0,0,-0.128,-37.346,0,"Gonyong",-0.032,-17.523,0,"ʚmingɞ",-19.006,-48.292,0,"ʚEveɞ",-12.126,-65.499,0,"Slaris",22.377,-49.66,0,"눈꽃",10.943,-65.501,0,"별이__",48.343,-94.559,0,"AI",0,-109.84,0,"AI",-40.8,-90.55,0,0,0,0,0,0,"",0,0,0,0,2247.874,,,,0,0
79,4,1,7,2,1,1,2,0,0,0,255,255,255,49,2260.854,"si_ho",R,34,81,133,-1.53,0.28,-0.168,1.717,-0.782,1.714,-36.335,4.628,1,0,88.105,-78.253,25.471,0,0,0,3,1,L,"Pring__",190,94.612,0.484,0,84,0,0,0,0,0,0,0,0,0,0,0,0,0,0,0,0,0.02,-37.255,0,"Gonyong",-0.105,-17.642,0,"ʚmingɞ",-18.986,-48.22,0,"ʚEveɞ",-12.114,-65.458,0,"Slaris",23.418,-51.389,0,"눈꽃",11.093,-65.687,0,"별이__",46.613,-96.71,0,"AI",0,-109.84,0,"AI",-40.8,-90.55,0,0,0,0,0,0,"",0,0,0,0,2261.407,,,,0,0
80,4,1,7,2,2,1,2,0,0,0,255,255,255,50,2277.935,"si_ho",R,0,83,120,0.278,-0.507,0.039,1.534,0.12,1.3,-36.382,17.649,2,0,0,6.881,6.712,0,0,0,3,1,L,"Pring__",190,94.612,0.484,3,84,2278.906,140,109,45,92,77,129,128,105.222,40.265,0.54,0,0.587,-231.191,-468.012,291.756,-0.252,-36.875,0,"Gonyong",-0.062,-17.676,0,"ʚmingɞ",-18.913,-48.223,0,"ʚEveɞ",-12.153,-65.491,0,"Slaris",23.67,-50.856,0,"눈꽃",13.23,-64.605,0,"별이__",46.637,-96.766,0,"AI",0,-109.84,0,"AI",-40.8,-90.55,0,0,0,0,0,0,"",0,0,0,0,,,,,4,3
81,4,1,7,2,2,2,2,0,0,0,255,255,255,51,2296.544,"si_ho",R,6,63,95,3.356,-0.439,0.192,1.564,0.597,1.363,-36.412,5.184,4,0,391.036,0,12.968,0,0,0,3,1,L,"Pring__",190,94.612,0.484,0,84,0,0,0,0,0,0,0,0,0,0,0,0,0,0,0,0,-0.076,-36.773,0,"Gonyong",-0.067,-17.46,0,"ʚmingɞ",-19.259,-47.294,0,"ʚEveɞ",-11.725,-65.643,0,"Slaris",23.511,-51.143,0,"눈꽃",7.908,-65.337,0,"별이__",47.456,-97.13,0,"AI",0,-109.84,0,"AI",-40.8,-90.55,0,0,0,0,0,0,"",0,0,0,0,2297.207,,,,0,0
82,4,0,7,2,0,0,0,0,0,0,255,255,255,29,2362.582,"白霜らいふ",R,0,75,127,0.941,0.732,0.335,1.488,0.4,2.033,-36.498,39.842,0,0,0,0,0,0,0,0,4,1,R,"Gonyong",174.9,80,0.2,0,39,0,0,0,0,0,0,0,0,0,0,0,0,0,0,0,0,-0.31,-37.177,0,"Pring__",0.022,-17.164,0,"CoalCat",-22.301,-48.22,0,"Dοpi",-14.984,-63.008,0,"-Alta-",21.286,-52.092,0,"coder_",10.076,-66.121,0,"Amellaid",46.006,-100.865,0,"AI",0,-109.84,0,"magimari",-44.933,-93.786,0,0,0,0,0,0,"",0,0,0,0,2362.918,,,,0,0
83,4,0,7,2,0,1,0,0,0,0,255,255,255,30,2375.617,"白霜らいふ",R,32,81,133,1.452,0.186,0.146,1.132,0.319,1.658,-36.323,20.138,0,0,250,-77.962,-49.688,1.216,-17.73,0,4,1,R,"Gonyong",174.9,80,0.2,0,84,0,0,0,0,0,0,0,0,0,0,0,0,0,0,0,0,0.291,-36.881,0,"Pring__",0.303,-17.259,0,"CoalCat",-22.342,-48.268,0,"Dοpi",-14.983,-63.005,0,"-Alta-",21.765,-54.126,0,"coder_",10.154,-66.323,0,"Amellaid",46.066,-100.866,0,"AI",0,-109.84,0,"magimari",-44.898,-93.752,0,0,0,0,0,0,"",0,0,0,0,2378.188,,,,0,0
84,4,0,7,2,0,2,0,0,0,0,255,255,255,31,2394.215,"白霜らいふ",R,0,84,137,87.745,-1.056,0.445,1.692,0.331,1.348,-36.395,41.935,2,0,-0.157,13.1,1.698,0,0,0,4,1,R,"Gonyong",174.9,80,0.2,3,39,2395.29,252,127,95,67,18,145,84,7.497,17.185,-0.89,0.048,0.253,174.3,556.87,-117.075,0.256,-36.564,0,"Pring__",-0.007,-17.254,0,"CoalCat",-22.28,-48.207,80,"Dοpi",-14.89,-62.903,91,"-Alta-",22.169,-54.56,0,"coder_",10.214,-66.292,0,"Amellaid",48.277,-101.473,0,"AI",0,-109.84,0,"magimari",-44.917,-93.704,0,2396.007,-12.328,-52.836,0,0,"",0,0,1,0,,,,,67,2
85,4,0,7,2,0,0,0,1,0,0,11,255,255,32,2472.058,"白霜らいふ",R,0,63,119,4.035,2.714,0.329,1.757,1.747,3.156,-36.987,80.196,1,0,0,0,0,0,0,0,5,3,L,"ʚEveɞ",172.6,80,0.3,0,66,0,0,0,0,0,0,0,0,0,0,0,0,0,0,0,0,-0.561,-37.31,0,"Pring__",0.014,-17.24,120,"CoalCat",-19.821,-46.482,0,"Dοpi",-12.274,-62.451,0,"-Alta-",22.997,-53.569,0,"coder_",8.755,-62.536,0,"Amellaid",46.912,-97.573,0,"AI",0,-109.846,0,"magimari",-45.113,-98.133,0,0,0,0,0,0,"",0,0,0,0,2472.207,,,,0,0
86,4,0,7,2,1,0,0,1,0,0,11,255,255,33,2487.822,"白霜らいふ",R,0,88,140,1.614,0.266,0.12,1.427,0.699,1.764,-36.389,17.583,4,0,0,0,0,0,0,1,5,3,L,"ʚEveɞ",172.6,80,0.3,0,66,0,0,0,0,0,0,0,0,0,0,0,0,0,0,0,0,-0.524,-37.574,0,"Pring__",0.003,-17.234,117,"CoalCat",-19.772,-42.215,0,"Dοpi",-14.37,-62.16,0,"-Alta-",20.521,-51.36,0,"coder_",7.818,-62.091,0,"Amellaid",46.455,-98.086,0,"AI",0,-109.84,0,"magimari",-45.114,-98.191,0,0,0,0,0,0,"",0,0,0,0,2487.952,2490.228,,,0,0
87,4,0,7,2,1,1,0,0,1,0,255,11,255,34,2504.024,"白霜らいふ",R,3,97,122,-1.394,-0.713,0.18,1.383,0.002,1.199,-36.338,20.667,2,0,-393.135,0,-5.028,0,0,1,5,3,L,"ʚEveɞ",172.6,80,0.3,3,66,2504.89,223,165,92,57,12,145,93,-48.904,37.507,-0.35,0,0.263,-526.224,18.385,-150.561,0.002,-37,0,"Pring__",-0.028,-17.361,120,"CoalCat",-21.441,-47.925,87,"Dοpi",-13.883,-62.305,0,"-Alta-",19.961,-45.706,0,"coder_",12.312,-64.347,0,"Amellaid",47.525,-97.013,0,"AI",0,-109.84,0,"magimari",-45.18,-98.091,0,2503.952,-0.691,-20.571,0,0,"",0,0,1,0,2512.641,,2507.288,2511.966,73,2
88,4,0,7,3,0,0,0,1,0,0,13,255,255,35,2535.926,"白霜らいふ",R,0,89,140,0.228,-0.245,-0.134,1.258,0.103,1.471,-36.203,7.004,0,0,0,0,0,0,0,1,6,5,L,"눈꽃",190,90,0.6,0,84,0,0,0,0,0,0,0,0,0,0,0,0,0,0,0,0,-0.106,-37.225,0,"Pring__",0.948,-19.783,120,"CoalCat",-19.156,-40.159,0,"Dοpi",-11.36,-60.923,0,"-Alta-",22.439,-49.318,0,"coder_",2.746,-61.231,87,"Amellaid",46.573,-96.149,0,"AI",0,-109.84,0,"magimari",-45.068,-93.573,0,0,0,0,0,0,"",0,0,0,0,2536.241,2539.507,,,0,0
89,4,0,7,3,0,1,0,0,1,0,255,13,255,36,2553.153,"白霜らいふ",R,11,71,119,1.487,-0.086,0.329,1.8,0.638,1.832,-36.657,55.998,2,0,0,244.946,3.961,0,0,1,6,5,L,"눈꽃",190,90,0.6,3,84,2554.218,252,137,139,107,68,145,112,6.151,13.358,0.86,0,0.486,105.125,402.462,432.404,-0.399,-37.143,0,"Pring__",0.207,-17.314,0,"CoalCat",-21.232,-48.188,0,"Dοpi",-12.998,-63.144,81,"-Alta-",20.468,-48.4,0,"coder_",11.753,-61.91,94,"Amellaid",46.678,-96.055,0,"AI",0,-109.84,0,"magimari",-46.118,-97.526,0,0,0,0,0,0,"",0,0,0,0,,2557.658,,,98,1
90,4,0,7,3,0,0,1,0,1,0,255,13,255,37,2581.722,"白霜らいふ",R,0,80,131,0.907,-0.016,0.17,1.49,0.39,1.604,-36.373,26.324,0,0,0,0,0,0,0,0,0,2,R,"ʚmingɞ",190,84.544,0.353,0,84,0,0,0,0,0,0,0,0,0,0,0,0,0,0,0,0,-0.112,-37.002,0,"Pring__",-0.944,-17.245,115,"CoalCat",-21.984,-47.835,0,"Dοpi",-12.752,-64.268,0,"-Alta-",20.263,-43.221,0,"coder_",4.06,-61.98,0,"Amellaid",49.823,-101.874,0,"AI",0,-109.84,0,"magimari",-39.321,-92.265,0,0,0,0,0,0,"",0,0,0,0,2582.085,2582.246,,,0,0
91,4,0,7,3,0,1,1,0,1,0,255,13,255,38,2595.122,"白霜らいふ",R,4,99,129,-1.138,-0.54,0.105,1.236,-0.166,1.282,-36.173,12.548,0,0,-235.483,0,-4.517,0,0,1,0,2,R,"ʚmingɞ",190,84.544,0.353,0,84,0,0,0,0,0,0,0,0,0,0,0,0,0,0,0,0,0.066,-36.882,0,"Pring__",-0.122,-17.078,120,"CoalCat",-21.67,-47.596,0,"Dοpi",-13.049,-64.51,0,"-Alta-",21.195,-45.336,0,"coder_",5.485,-62.34,0,"Amellaid",49.805,-101.958,0,"AI",0,-109.84,0,"magimari",-39.323,-92.281,0,0,0,0,0,0,"",0,0,0,0,2595.463,2597.107,,,0,0
92,4,0,7,3,0,2,1,0,1,0,255,13,255,39,2608.97,"白霜らいふ",R,3,82,109,-1.516,0.093,0.184,1.463,0.154,1.689,-36.279,25.696,2,0,-441.516,0,-29.874,0,0,1,0,2,R,"ʚmingɞ",190,84.544,0.353,2,84,2610.202,204,66,104,59,55,145,130,14.973,34.75,0.33,0,0.11,78.17,579.793,127.402,-0.411,-36.442,0,"Pring__",-0.132,-17.126,0,"CoalCat",-21.977,-49.185,0,"Dοpi",-13.042,-64.188,95,"-Alta-",21.53,-47.735,0,"coder_",10.201,-62.604,87,"Amellaid",50.501,-99.735,0,"AI",0,-109.84,0,"magimari",-39.316,-92.29,102,2612.552,-62.861,-90.574,0,0,"",0,0,1,0,,2620.109,2615.596,2620.724,114,2
93,4,0,7,4,0,0,1,0,1,0,255,12,255,40,2659.601,"白霜らいふ",R,3,88,112,-1.94,-0.333,0.127,1.106,-0.004,1.447,-36.268,18.762,1,0,-500,0,-50.46,-1.613,-17.79,0,1,6,R,"별이__",169.6,80,0.3,0,36,0,0,0,0,0,0,0,0,0,0,0,0,0,0,0,0,-0.155,-36.919,0,"Pring__",-1.61,-17.701,120,"CoalCat",-22.402,-50.596,0,"Dοpi",-12.853,-62.811,0,"-Alta-",20.309,-48.77,0,"coder_",5.139,-63.178,0,"Amellaid",50.777,-97.052,0,"AI",0,-109.84,0,"magimari",-42.269,-94.555,0,0,0,0,0,0,"",0,0,0,0,2661.632,2661.439,,,0,0
94,4,0,7,4,1,0,1,0,1,0,255,12,255,41,2677.018,"白霜らいふ",R,10,97,128,-0.214,-2.073,0,1.332,-0.088,0.885,-36.219,4.109,1,0,-3.582,400,31.665,-0.503,-18.055,0,1,6,R,"별이__",169.6,80,0.3,0,36,0,0,0,0,0,0,0,0,0,0,0,0,0,0,0,0,-0.031,-36.933,0,"Pring__",-0.602,-17.899,120,"CoalCat",-22.442,-50.655,0,"Dοpi",-12.756,-62.988,0,"-Alta-",20.483,-48.056,0,"coder_",5.64,-64.28,0,"Amellaid",50.765,-97.075,0,"AI",0,-109.84,0,"magimari",-43.426,-94.106,0,0,0,0,0,0,"",0,0,0,0,2679.137,2678.873,,,0,0
95,4,0,7,4,2,0,1,0,1,0,255,12,255,42,2691.623,"白霜らいふ",R,0,71,125,5.635,2.247,0.617,1.65,2.435,2.864,-36.837,71.115,1,0,0,0,0,1.509,-6.247,0,1,6,R,"별이__",169.6,80,0.3,0,36,0,0,0,0,0,0,0,0,0,0,0,0,0,0,0,0,-0.146,-37.353,0,"Pring__",0.913,-15.293,120,"CoalCat",-22.433,-50.626,0,"Dοpi",-13.513,-62.891,0,"-Alta-",20.36,-47.199,0,"coder_",7.221,-64.479,0,"Amellaid",51.062,-97.106,0,"AI",0,-109.84,0,"magimari",-43.431,-94.116,0,0,0,0,0,0,"",0,0,0,0,2694.574,2694.029,,,0,0
96,4,0,7,4,3,0,1,0,1,0,255,12,255,43,2710.646,"白霜らいふ",R,3,73,106,2.058,1.176,0.494,1.626,1.388,2.283,-36.825,65.842,1,0,-253.882,0,-6.065,0,0,0,1,6,R,"별이__",169.6,80,0.3,0,36,0,0,0,0,0,0,0,0,0,0,0,0,0,0,0,0,-0.149,-37.119,0,"Pring__",0.047,-17.171,120,"CoalCat",-20.525,-46.668,0,"Dοpi",-15.007,-62.493,0,"-Alta-",21.405,-49.379,0,"coder_",7.475,-62.535,0,"Amellaid",51.153,-97.005,0,"AI",0,-109.84,0,"magimari",-43.43,-94.136,0,0,0,0,0,0,"",0,0,0,0,2711.074,2713.321,,,0,5
97,4,0,7,4,0,0,1,1,1,0,16,12,255,44,2732.575,"白霜らいふ",R,10,96,128,-0.423,-1.435,0.088,1.494,-0.186,1.112,-36.235,18.938,2,0,0,400,21.725,0,0,1,2,0,R,"si_ho",190,100,0.5,3,36,2733.701,190,115,240,69,0,145,87,-6.249,46.165,1,0,0.51,120.441,-354.515,-13.887,0.216,-36.837,0,"Pring__",-0.07,-17.345,0,"CoalCat",-19.854,-46.385,0,"Dοpi",-15.621,-62.586,0,"-Alta-",21.173,-48.295,0,"coder_",9.604,-63.928,0,"Amellaid",51.13,-97.221,0,"AI",0,-109.84,0,"magimari",-44.964,-97.051,0,2732.718,-0.109,-17.464,0,0,"",0,0,0,0,,2741.186,,,64,3
98,4,0,7,4,0,1,1,1,1,0,16,12,255,45,2750.83,"白霜らいふ",R,10,84,127,1.92,-0.388,0.407,1.75,0.824,1.794,-36.551,54.328,2,0,0,400,2.216,0,0,1,2,0,R,"si_ho",190,100,0.5,3,36,2751.972,123,50,144,120,123,138,127,-13.476,39.361,0.71,0,0.661,405.585,438.53,14.199,0.279,-36.707,0,"Pring__",0.011,-17.312,0,"CoalCat",-19.784,-45.6,74,"Dοpi",-16.201,-62.667,0,"-Alta-",21.885,-48.9,0,"coder_",9.299,-64.755,0,"Amellaid",51.342,-96.708,0,"AI",0,-109.84,0,"magimari",-45.489,-97.077,88,2751.063,-1.46,-20.436,0,0,"",0,0,1,0,,2757.419,2757.425,,81,2
99,4,0,7,4,0,0,1,1,1,1,10,16,12,46,2804.19,"白霜らいふ",R,0,94,140,0.173,-0.246,-0.045,1.391,0.15,1.352,-36.29,3.798,2,0,0,0,0,0,0,0,3,4,R,"Slaris",190,85.69,0.452,3,83,2805.093,240,121,173,108,22,145,108,12.905,4.806,0.04,0,0.333,68.255,579.598,134.94,-0.163,-36.822,0,"Pring__",-0.081,-17.316,0,"CoalCat",-19.703,-43.309,0,"Dοpi",-14.629,-59.709,90,"-Alta-",21.625,-49.582,0,"coder_",9.14,-62.857,0,"Amellaid",49.999,-97.764,0,"AI",0,-109.84,0,"magimari",-48.789,-99.968,0,2807.007,-13.598,-92.709,0,0,"",0,0,1,0,,2810.098,2811.442,2810.585,66,2
100,4,0,7,6,0,0,1,0,1,1,255,14,255,47,2839.459,"白霜らいふ",R,32,90,140,-0.488,-0.758,-0.086,1.119,-0.471,1.059,-36.248,14.284,0,0,220.94,-137.795,-39.71,0,0,0,4,1,R,"Gonyong",174.9,80,0.2,0,39,0,0,0,0,0,0,0,0,0,0,0,0,0,0,0,0,-0.369,-36.903,0,"Pring__",-0.046,-17.219,120,"CoalCat",-20.764,-46.302,0,"Dοpi",-13.453,-62.194,0,"-Alta-",22.389,-49.417,0,"coder_",7.459,-62.588,0,"Amellaid",47.782,-98.759,0,"AI",0,-109.84,0,"magimari",-43.056,-95.801,0,0,0,0,0,0,"",0,0,0,0,2839.496,2843.995,,,0,0
101,4,0,7,6,0,1,1,0,1,1,255,14,255,48,2852.859,"白霜らいふ",R,3,83,110,-0.742,0.102,0.41,1.552,0.48,1.673,-36.487,44.592,2,0,-447.203,0,-11.055,0,0,0,4,1,R,"Gonyong",174.9,80,0.2,3,83,2854.017,255,117,151,99,39,145,127,25.336,25.553,0.64,0.048,0.212,113.401,409.413,420.155,-0.011,-36.956,0,"Pring__",-0.098,-17.209,105,"CoalCat",-20.757,-46.26,0,"Dοpi",-13.957,-61.836,0,"-Alta-",21.112,-50.469,0,"coder_",8.777,-62.189,98,"Amellaid",47.806,-98.888,0,"AI",0,-109.84,0,"magimari",-43.052,-95.807,102,2857.374,-57.619,-112.043,0,0,"",0,0,1,0,2865.541,2863.937,2861.392,2863.335,120,2
102,4,0,7,8,0,0,1,0,1,0,255,255,255,49,2889.071,"白霜らいふ",R,0,81,133,-1.137,-0.372,-0.108,1.379,-0.492,1.398,-36.283,4.603,2,0,0,0,0,0,0,1,5,3,L,"ʚEveɞ",172.6,80,0.3,3,67,2889.893,255,150,84,46,0,143,127,-30,-17.959,0.43,0,0.282,-390.255,-451.651,-50.133,-0.096,-37.167,0,"Pring__",-0.06,-17.409,0,"CoalCat",-20.748,-46.382,0,"Dοpi",-12.111,-61.564,103,"-Alta-",21.224,-49.492,105,"coder_",12.174,-65.499,94,"Amellaid",48.075,-97.689,0,"AI",0,-109.84,0,"magimari",-41.453,-95.303,0,2888.696,0.212,-20.771,0,0,"",0,0,1,16,,2902.004,2900.294,,102,2
103,4,0,7,8,0,0,2,0,1,0,255,13,255,50,2930.336,"白霜らいふ",R,0,92,140,-0.592,-0.869,0.145,1.7,-0.476,1.224,-36.458,24.753,2,0,0,0,0,0,0,1,6,5,L,"눈꽃",190,90,0.6,3,83,2931.349,255,89,96,84,42,145,130,27.28,26.376,0.31,0,0.407,341.506,19.304,-433.01,-0.02,-37.118,0,"Pring__",-0.053,-17.224,0,"CoalCat",-20.521,-47.264,0,"Dοpi",-12.218,-64.637,0,"-Alta-",21.203,-49.113,0,"coder_",12.306,-63.99,0,"Amellaid",50.872,-97.741,0,"AI",0,-109.84,0,"magimari",-42.944,-95.741,0,2935.785,-53.441,-130.403,0,0,"",0,0,0,0,,2941.262,2932.809,2943.757,64,4
104,4,0,7,10,0,0,2,0,0,0,255,255,255,51,2969.138,"白霜らいふ",R,13,78,105,-0.22,-0.431,0.125,1.397,0.643,1.804,-36.458,10.373,0,0,-372.687,312.348,-46.676,0,0,0,0,2,R,"ʚmingɞ",190,84.544,0.353,0,83,0,0,0,0,0,0,0,0,0,0,0,0,0,0,0,0,0.137,-37.051,0,"Pring__",-0.016,-17.029,0,"CoalCat",-20.469,-47.683,0,"Dοpi",-12.534,-63.3,0,"-Alta-",22.288,-52.462,0,"coder_",8.698,-65.931,0,"Amellaid",47.094,-96.194,0,"AI",0,-109.84,0,"magimari",-43.804,-97.973,0,0,0,0,0,0,"",0,0,0,0,2969.34,,,,0,0
105,4,0,7,10,0,1,2,0,0,0,255,255,255,52,2981.751,"白霜らいふ",R,0,91,140,0.088,-0.23,-0.052,1.192,0.04,1.482,-36.173,8.552,0,0,0,0,0,0,0,0,0,2,R,"ʚmingɞ",190,84.544,0.353,0,83,0,0,0,0,0,0,0,0,0,0,0,0,0,0,0,0,0.251,-36.87,0,"Pring__",0.007,-16.992,0,"CoalCat",-20.817,-47.285,0,"Dοpi",-13.272,-63.629,0,"-Alta-",22.298,-52.464,0,"coder_",9.483,-65.643,0,"Amellaid",47.306,-96.021,0,"AI",0,-109.84,0,"magimari",-44.769,-97.624,0,0,0,0,0,0,"",0,0,0,0,2981.763,,,,0,0
106,4,0,7,10,0,2,2,0,0,0,255,255,255,53,2994.875,"白霜らいふ",R,0,94,140,1.801,0.108,0.131,1.615,0.78,1.679,-36.284,18.76,2,0,0,0,0,0,0,1,0,2,R,"ʚmingɞ",190,84.544,0.353,2,83,2995.97,95,58,32,74,35,80,88,-30,-37.844,0.16,0,0.149,0,0,0,-0.02,-36.627,0,"Pring__",-0.003,-16.996,0,"CoalCat",-20.709,-47.212,0,"Dοpi",-12.573,-62.943,62,"-Alta-",22.299,-52.463,0,"coder_",11.218,-65.946,0,"Amellaid",47.608,-96.1,0,"AI",0,-109.84,0,"magimari",-44.77,-97.602,0,2994.796,1.524,-20.085,0,0,"",0,0,1,0,,,,,70,2
107,4,0,7,10,0,0,2,1,0,0,12,255,255,54,3051.218,"白霜らいふ",R,0,75,127,1.352,0.115,0.346,1.785,0.579,1.653,-36.608,57.58,0,0,0,0,0,0,0,0,1,6,R,"별이__",169.6,80,0.3,0,83,0,0,0,0,0,0,0,0,0,0,0,0,0,0,0,0,-0.155,-37.019,0,"Pring__",-0.002,-17.051,120,"CoalCat",-19.2,-44.914,0,"Dοpi",-13.509,-63.653,0,"-Alta-",22.76,-49.743,0,"coder_",8.256,-64.927,0,"Amellaid",51.765,-100.548,0,"AI",0,-109.84,0,"magimari",-39.772,-94.557,0,0,0,0,0,0,"",0,0,0,0,3051.274,,,,0,0
108,4,0,7,10,0,1,2,1,0,0,12,255,255,55,3062.537,"白霜らいふ",R,0,84,136,2.278,0.527,0.255,1.559,0.914,1.991,-36.451,31.688,4,0,0,0,0,-0.137,-20.802,1,1,6,R,"별이__",169.6,80,0.3,0,83,0,0,0,0,0,0,0,0,0,0,0,0,0,0,0,0,-0.297,-37.229,0,"Pring__",-0.57,-19.112,0,"CoalCat",-19.802,-44.938,0,"Dοpi",-13.417,-63.613,0,"-Alta-",22.21,-50.178,0,"coder_",7.945,-63.892,0,"Amellaid",51.738,-100.568,0,"AI",0,-109.84,0,"magimari",-39.837,-94.488,0,0,0,0,0,0,"",0,0,0,0,3064.529,,,,0,0
109,4,0,7,10,0,2,2,1,0,0,12,255,255,56,3077.213,"白霜らいふ",R,3,79,106,-1.807,-0.648,0.126,1.563,-0.019,1.535,-36.455,29.602,2,0,-403.561,184.291,-18.386,0,0,1,1,6,R,"별이__",169.6,80,0.3,3,83,3078.392,255,169,222,88,0,145,80,27.121,58.649,1,0,0.208,-76.089,-593.768,12.334,0.168,-36.657,0,"Pring__",-0.161,-17.26,0,"CoalCat",-19.418,-40.632,0,"Dοpi",-12.997,-61.522,0,"-Alta-",22.306,-51.603,0,"coder_",10.273,-64.609,0,"Amellaid",51.55,-98.83,0,"AI",0,-109.84,0,"magimari",-39.84,-94.547,0,3079.774,-38.512,-47.484,0,0,"",0,0,0,0,,,,,64,3
110,4,0,7,10,0,2,2,1,0,0,12,255,255,57,3118.019,"白霜らいふ",R,0,85,138,0.582,-0.468,0.17,1.635,0.248,1.335,-36.42,27.925,2,0,0,0,0,0,0,1,1,6,R,"별이__",169.6,80,0.3,3,36,3119.093,255,98,84,45,22,143,111,-30,34.898,0.1,0,0.026,-507.122,232.325,99.597,0.05,-37.075,0,"Pring__",-0.015,-17.109,0,"CoalCat",-20.386,-46.465,0,"Dοpi",-14.783,-63.062,0,"-Alta-",21.88,-51.132,91,"coder_",9.53,-66.132,0,"Amellaid",49.306,-95.576,0,"AI",0,-109.84,0,"magimari",-46.873,-94.586,104,3117.852,-0.398,-18.46,0,0,"",0,0,1,0,,3123.819,3128.762,,84,2
111,4,0,7,10,0,0,2,0,1,1,255,16,12,58,3157.147,"白霜らいふ",R,3,68,100,0.466,0.521,0.333,1.67,1.005,1.96,-36.699,47.734,0,0,-366.593,0,-26.77,0,0,1,2,0,R,"si_ho",190,100,0.5,0,83,0,0,0,0,0,0,0,0,0,0,0,0,0,0,0,0,0.151,-37.159,0,"Pring__",0.013,-17.14,120,"CoalCat",-20.657,-46.238,0,"Dοpi",-14.796,-63.186,0,"-Alta-",20.373,-48.773,0,"coder_",7.969,-62.848,0,"Amellaid",49.813,-94.619,0,"AI",0,-109.84,0,"magimari",-44.781,-93.77,0,0,0,0,0,0,"",0,0,0,0,3157.307,3158.361,,,0,0
112,4,0,7,10,0,1,2,0,1,1,255,16,12,59,3170.576,"白霜らいふ",R,10,86,128,2.853,0.738,0.386,1.787,1.288,2.503,-36.72,56.195,1,0,-37.352,400,4.488,1.872,-16.771,0,2,0,R,"si_ho",190,100,0.5,0,83,0,0,0,0,0,0,0,0,0,0,0,0,0,0,0,0,0.144,-36.984,0,"Pring__",0.197,-16.762,120,"CoalCat",-20.518,-45.668,0,"Dοpi",-13.499,-63.526,0,"-Alta-",20.576,-48.214,0,"coder_",6.898,-64.7,0,"Amellaid",47.231,-102.602,0,"AI",0,-109.84,0,"magimari",-44.804,-93.757,0,0,0,0,0,0,"",0,0,0,0,3172.974,,3172.784,,0,0
113,4,0,7,10,1,1,2,0,1,1,255,16,12,60,3188.029,"白霜らいふ",R,3,73,106,1.032,0.804,0.35,1.795,0.955,2.128,-36.878,56.181,2,0,-254.335,0,-6.598,0,0,1,2,0,R,"si_ho",190,100,0.5,3,83,3189.217,248,105,138,130,113,145,90,-37.559,40.756,-0.82,0,0.553,216.679,-546.275,-114.61,-0.086,-37.146,0,"Pring__",-0.019,-17.219,0,"CoalCat",-20.104,-45.948,79,"Dοpi",-14.078,-62.845,0,"-Alta-",21.571,-50.342,0,"coder_",10.007,-65.042,0,"Amellaid",47.19,-102.638,0,"AI",0,-109.84,0,"magimari",-44.817,-93.762,89,3188.007,-1.172,-21.269,0,0,"",0,0,1,0,,,3195.211,3194.096,81,2
114,4,0,7,11,0,0,2,1,0,1,10,255,16,61,3216.924,"白霜らいふ",R,1,59,101,-0.708,-0.742,0.26,1.686,0.096,1.741,-36.933,52.399,2,0,0,0,0.298,0,0,0,3,4,R,"Slaris",190,85.69,0.452,3,83,3218.008,195,128,78,123,119,145,130,18.19,21.053,0.39,0,0.249,168.113,-455.855,-348.626,0.341,-36.889,0,"Pring__",-0.08,-17.158,0,"CoalCat",-19.61,-42.458,0,"Dοpi",-14.148,-62.159,0,"-Alta-",21.084,-51.151,0,"coder_",8.957,-65.161,0,"Amellaid",45.572,-98.256,0,"AI",0,-109.84,0,"magimari",-44.471,-94.448,0,3221.807,-31.017,-139.535,0,0,"",0,0,0,0,,3224.471,3229.605,3224.287,64,4
115,4,0,7,14,0,0,2,0,0,0,255,255,255,62,3259.332,"白霜らいふ",R,0,70,124,1.773,1.128,0.347,1.773,0.762,2.25,-36.569,50.83,2,0,0,0,0,0,0,0,4,1,R,"Gonyong",174.9,80,0.2,3,83,3260.538,56,82,16,44,43,28,40,27.488,12.44,0.94,0,0.147,-336.894,484.237,-95.008,-0.049,-36.8,0,"Pring__",0.008,-17.32,0,"CoalCat",-21.084,-46.711,0,"Dοpi",-13.774,-62.34,0,"-Alta-",21.567,-52.273,0,"coder_",10.233,-66.117,0,"Amellaid",46.541,-100.534,0,"AI",0,-109.84,0,"magimari",-45.051,-96.729,0,0,0,0,0,0,"",0,0,0,0,,,,,68,1
116,5,1,7,14,0,0,0,0,0,0,255,255,255,52,3311.794,"si_ho",R,27,73,126,-1.351,-2.133,-0.058,1.423,-0.665,0.264,-36.49,9.746,1,0,50.66,-125.231,18.079,-0.264,-18.581,0,4,8,R,"magimari",170,85,0.504,0,55,0,0,0,0,0,0,0,0,0,0,0,0,0,0,0,0,0.063,-37.901,0,"Gonyong",0.08,-17.742,0,"ʚmingɞ",-20.505,-46.889,0,"ʚEveɞ",-13.22,-64.721,0,"Slaris",22.498,-52.302,0,"눈꽃",7.803,-65.868,0,"별이__",37.75,-91.429,0,"AI",0,-109.842,0,"AI",-40.802,-90.552,0,0,0,0,0,0,"",0,0,0,0,3311.963,,,,0,0
117,5,1,7,14,1,0,0,0,0,0,255,255,255,53,3330.631,"si_ho",R,10,87,113,-0.835,-1.126,-0.003,1.783,-0.252,1.539,-36.654,19.336,4,0,-60.903,400,8.963,0,0,1,4,8,R,"magimari",170,85,0.504,0,55,0,0,0,0,0,0,0,0,0,0,0,0,0,0,0,0,0.006,-37.747,0,"Gonyong",-0.088,-17.669,0,"ʚmingɞ",-20.309,-46.505,0,"ʚEveɞ",-13.244,-64.716,0,"Slaris",21.062,-49.748,0,"눈꽃",5.989,-66.361,0,"별이__",38.207,-91.576,0,"AI",0,-109.842,0,"AI",-40.802,-90.552,0,0,0,0,0,0,"",0,0,0,0,3330.996,,,,0,0
118,5,1,7,14,1,1,0,0,0,0,255,255,255,54,3347.571,"si_ho",R,26,94,140,0.584,-1.549,0.047,1.441,0.109,0.541,-36.441,13.09,1,0,109.429,-200,13.375,0,0,0,4,8,R,"magimari",170,85,0.504,0,55,0,0,0,0,0,0,0,0,0,0,0,0,0,0,0,0,0.131,-38.007,0,"Gonyong",-0.059,-17.472,0,"ʚmingɞ",-20.185,-46.654,0,"ʚEveɞ",-13.608,-64.631,0,"Slaris",21.707,-49.157,0,"눈꽃",8.638,-66.008,0,"별이__",38.259,-91.49,0,"AI",0,-109.842,0,"AI",-40.802,-90.552,0,0,0,0,0,0,"",0,0,0,0,3347.774,,,,0,0
119,5,1,7,14,2,1,0,0,0,0,255,255,255,55,3361.238,"si_ho",R,27,84,137,0.124,-0.612,-0.013,1.562,-0.063,1.159,-36.301,1.825,2,0,87.759,-101.743,17.538,0,0,1,4,8,R,"magimari",170,85,0.504,3,55,3362.332,223,107,74,60,14,143,79,-16.503,-43.03,1,0,0.605,-187.944,-568.375,20.681,-0.162,-36.834,0,"Gonyong",-0.024,-17.733,0,"ʚmingɞ",-20.178,-46.67,0,"ʚEveɞ",-13.651,-64.702,0,"Slaris",19.577,-47.828,0,"눈꽃",9.231,-65.568,120,"별이__",38.373,-91.435,78,"AI",0,-109.843,0,"AI",-40.803,-90.552,0,3361.141,1.571,-20.009,0,0,"",0,0,1,0,,3372.371,,,70,2
120,5,1,7,14,2,2,0,0,0,0,255,255,255,56,3410.44,"si_ho",R,26,85,139,0.172,0.414,0.04,1.811,-0.072,1.683,-36.495,9.104,2,0,109.142,-150.003,25.827,0,0,1,4,8,R,"magimari",170,85,0.504,3,55,3411.489,205,63,83,37,37,140,111,-30,41.369,0.11,0,0.351,-460.571,358.227,-135.457,-0.002,-37.003,0,"Gonyong",-0.024,-17.523,0,"ʚmingɞ",-19.752,-45.899,85,"ʚEveɞ",-13.753,-64.488,0,"Slaris",20.173,-47.007,78,"눈꽃",10.751,-65.262,0,"별이__",37.953,-90.207,0,"AI",0,-109.843,0,"AI",-40.802,-90.552,0,3410.241,-1.226,-20.236,0,0,"",0,0,0,0,,,,,13,2
121,5,1,7,14,0,0,1,0,0,0,255,255,255,57,3438.595,"si_ho",R,26,89,140,3.047,-0.269,0.241,1.589,1.121,1.262,-36.411,25.627,4,0,151.484,-200,15.989,0.949,-10.602,1,5,5,R,"coder_",171.4,86.044,0.284,0,82,0,0,0,0,0,0,0,0,0,0,0,0,0,0,0,0,0.066,-37.501,0,"Gonyong",-0.029,-17.557,0,"ʚmingɞ",-19.99,-46.572,0,"ʚEveɞ",-13.92,-64.525,0,"Slaris",20.035,-48.467,0,"눈꽃",7.171,-65.199,0,"별이__",39.518,-97.339,0,"AI",0,-109.84,0,"AI",-40.8,-90.55,0,0,0,0,0,0,"",0,0,0,0,,,,,0,0
122,5,1,7,14,0,1,1,0,0,0,255,255,255,58,3470.106,"si_ho",R,10,85,128,0.857,-0.608,0.146,1.823,0.394,1.738,-36.751,26.917,2,0,-16.104,400,4.946,0,0,1,5,5,R,"coder_",171.4,86.044,0.284,3,82,3471.244,190,84,137,82,34,145,89,18.582,54.89,0.96,0,0.229,486.764,-334.31,94.361,-0.13,-37.016,0,"Gonyong",-0.021,-17.59,0,"ʚmingɞ",-19.789,-46.595,0,"ʚEveɞ",-13.771,-64.669,0,"Slaris",18.574,-45.673,0,"눈꽃",10.353,-65.762,0,"별이__",36.636,-98.46,0,"AI",0,-109.843,0,"AI",-40.803,-90.552,0,3472.452,-39.698,-49.695,0,0,"",0,0,0,0,,,,,4,3
123,5,1,7,14,0,2,1,0,0,0,255,255,255,59,3491.349,"si_ho",R,26,80,132,0.745,1.065,0.106,1.827,0.164,2.024,-36.601,32.277,2,0,107.972,-172.225,-0.928,0,0,1,5,5,R,"coder_",171.4,86.044,0.284,3,82,3492.416,94,71,163,58,22,135,121,25.942,-22.293,0.32,0,0.267,-248.147,543.553,-24.082,-0.151,-36.796,0,"Gonyong",-0.013,-17.618,0,"ʚmingɞ",-19.75,-46.774,0,"ʚEveɞ",-13.667,-64.733,0,"Slaris",18.541,-47.999,85,"눈꽃",10.636,-64.816,0,"별이__",35.484,-99.307,0,"AI",0,-109.843,0,"AI",-40.803,-90.552,0,3495.574,26.113,-116.132,0,0,"",0,0,1,0,,3502.182,,,76,2
124,5,1,7,14,0,0,1,0,1,0,255,5,255,60,3524.661,"si_ho",R,26,80,132,-0.114,-1.314,-0.026,1.469,-0.172,0.631,-36.419,6.578,1,0,86.91,-200,20.756,0,0,0,6,0,R,"白霜らいふ",180.4,80,0.646,0,37,0,0,0,0,0,0,0,0,0,0,0,0,0,0,0,0,-0.043,-37.714,0,"Gonyong",0.009,-17.457,0,"ʚmingɞ",-19.685,-46.01,0,"ʚEveɞ",-13.197,-64.83,0,"Slaris",21.428,-44.493,0,"눈꽃",7.805,-61.509,0,"별이__",38.472,-98.491,0,"AI",0,-109.842,0,"AI",-40.802,-90.552,0,0,0,0,0,0,"",0,0,0,0,3524.852,3527.986,,,0,0
125,5,1,7,14,1,0,1,0,1,0,255,5,255,61,3540.371,"si_ho",R,27,84,137,-0.657,0.241,-0.08,1.69,-0.374,1.627,-36.258,4.61,2,0,73.274,-117.955,21.417,0,0,1,6,0,R,"白霜らいふ",180.4,80,0.646,3,37,3541.439,159,126,80,81,73,145,113,25.052,29.615,0.14,0,0.687,212.695,451.943,-257.121,-0.144,-36.882,0,"Gonyong",0.084,-17.488,0,"ʚmingɞ",-19.741,-45.973,0,"ʚEveɞ",-13.348,-64.814,0,"Slaris",21.053,-48.074,0,"눈꽃",7.051,-63.481,93,"별이__",40.785,-98.419,0,"AI",0,-109.843,0,"AI",-40.802,-90.552,0,3545.129,-57.972,-103.404,0,0,"",0,0,1,0,3554.263,3551.866,3550.909,3555.392,84,2
126,5,1,8,14,0,0,1,0,1,0,255,0,255,62,3577.541,"si_ho",R,26,81,133,-1.125,-1.542,-0.026,1.584,-0.614,0.563,-36.526,7.082,1,0,87.846,-151.469,23.347,0,0,0,7,6,L,"Amellaid",172.6,85,0.44,0,82,0,0,0,0,0,0,0,0,0,0,0,0,0,0,0,0,-0.018,-37.473,0,"Gonyong",0.728,-18.13,0,"ʚmingɞ",-17.81,-46.842,0,"ʚEveɞ",-11.301,-65.719,0,"Slaris",21.142,-45.018,63,"눈꽃",6.449,-63.101,0,"별이__",47.269,-97.038,0,"AI",0,-109.842,0,"AI",-40.802,-90.552,0,0,0,0,0,0,"",0,0,0,0,3577.507,,3580.016,,0,0
127,5,1,8,14,1,0,1,0,0,1,255,255,0,63,3597.543,"si_ho",R,10,88,114,0.624,-1.371,0.146,1.674,0.303,1.356,-36.558,22.327,2,0,-20.463,400,5.024,0,0,1,7,6,L,"Amellaid",172.6,85,0.44,3,82,3598.568,255,216,113,24,0,145,128,-30,29.142,0.52,0,0.551,-31.762,386.744,328.999,-0.081,-36.86,0,"Gonyong",0.101,-17.721,0,"ʚmingɞ",-18.677,-46.765,0,"ʚEveɞ",-10.792,-65.703,0,"Slaris",19.572,-45.893,0,"눈꽃",12.665,-64.091,90,"별이__",44.749,-96.149,0,"AI",0,-109.843,0,"AI",-40.802,-90.552,0,3597.285,-0.135,-20.44,0,0,"",0,0,0,0,,,,3604.628,68,2
128,5,1,9,14,0,0,1,1,0,0,6,255,255,64,3626.488,"si_ho",R,27,80,132,-0.517,-0.506,-0.03,1.66,-0.357,1.185,-36.42,5.825,2,0,92.353,-122.066,13.853,0,0,1,0,2,R,"CoalCat",172,84.55,0.502,3,38,3627.606,255,46,83,57,20,145,125,-30,43.69,0.27,0,0.192,-448.035,394.233,29.226,-0.103,-36.991,0,"Gonyong",-0.006,-17.54,0,"ʚmingɞ",-19.41,-42.28,93,"ʚEveɞ",-13.335,-65.031,0,"Slaris",19.284,-48.257,0,"눈꽃",7.201,-63.704,0,"별이__",34.108,-95.3,0,"AI",0,-109.843,0,"AI",-40.803,-90.552,0,3626.34,-1.02,-19.64,0,0,"",0,0,0,0,,,,,5,2
129,5,1,9,14,0,1,1,1,0,0,6,255,255,65,3645.097,"si_ho",R,27,68,122,1.173,1.067,0.171,1.892,0.408,2.072,-36.596,32.931,0,0,60.365,-112.562,1.681,1.256,-18.43,0,0,2,R,"CoalCat",172,84.55,0.502,0,38,0,0,0,0,0,0,0,0,0,0,0,0,0,0,0,0,0.013,-37.565,0,"Gonyong",0.004,-17.46,0,"ʚmingɞ",-20.848,-45.23,0,"ʚEveɞ",-14.136,-64.29,0,"Slaris",19.724,-50.231,0,"눈꽃",5.971,-63.788,120,"별이__",34.313,-96.154,0,"AI",0,-109.84,0,"AI",-40.8,-90.55,0,0,0,0,0,0,"",0,0,0,0,3646.985,3650.522,,,0,0
130,5,1,9,14,0,2,1,0,1,0,255,6,255,66,3665.958,"si_ho",R,26,82,135,1.53,-0.201,0.081,1.759,0.076,1.534,-36.469,17.608,2,0,75.62,-194.852,14.723,0,0,1,0,2,R,"CoalCat",172,84.55,0.502,3,38,3667.041,156,85,89,71,35,145,89,57.077,54.974,-0.54,0,0.207,-70.51,529.393,-267.92,-0.134,-36.878,0,"Gonyong",-0.112,-17.39,0,"ʚmingɞ",-19.795,-45.112,0,"ʚEveɞ",-13.634,-64.645,0,"Slaris",18.147,-47.353,0,"눈꽃",10.735,-63.218,0,"별이__",34.817,-96.494,0,"AI",0,-109.843,0,"AI",-40.802,-90.552,0,3670.974,-58.69,-51.815,0,0,"",0,0,0,0,,3670.651,,,4,3
131,5,1,9,14,0,2,1,0,1,0,255,6,255,67,3683.842,"si_ho",R,26,75,127,-0.122,-0.404,0.026,1.681,-0.19,1.176,-36.464,12.921,0,0,90.233,-180.415,19.298,0,0,0,0,2,R,"CoalCat",172,84.55,0.502,0,38,0,0,0,0,0,0,0,0,0,0,0,0,0,0,0,0,-0.008,-37.434,0,"Gonyong",-0.051,-17.783,0,"ʚmingɞ",-19.66,-46.663,0,"ʚEveɞ",-13.852,-64.556,0,"Slaris",19.483,-46.334,0,"눈꽃",8.543,-62.009,0,"별이__",33.488,-98.668,0,"AI",0,-109.842,0,"AI",-40.802,-90.552,0,0,0,0,0,0,"",0,0,0,1,3684.052,,,,0,0
132,5,1,9,14,0,0,2,0,1,0,255,6,255,68,3737.347,"si_ho",R,26,87,140,0.097,1.093,-0.01,1.853,-0.133,2.027,-36.46,14.011,0,0,138.244,-200,32.251,0,0,0,1,3,R,"Dοpi",169.8,85,0.302,0,82,0,0,0,0,0,0,0,0,0,0,0,0,0,0,0,0,0.048,-37.522,0,"Gonyong",-0.018,-17.473,0,"ʚmingɞ",-19.922,-46.018,0,"ʚEveɞ",-13.915,-64.566,0,"Slaris",19.775,-47.327,0,"눈꽃",5.977,-62.876,0,"별이__",40.052,-97.694,0,"AI",0,-109.842,0,"Multeinn",-41.866,-87.835,0,0,0,0,0,0,"",0,0,0,0,3737.507,3739.96,,,0,0
133,5,1,9,14,0,1,2,0,1,0,255,6,255,69,3754.317,"si_ho",R,10,81,109,1.362,-0.686,0.226,1.886,0.586,1.819,-36.747,36.961,2,0,0,400,3.699,0,0,1,1,3,R,"Dοpi",169.8,85,0.302,3,82,3755.496,199,154,71,61,47,141,37,-86.24,-21.162,0.05,0,0.303,-107.689,-442.256,-386.3,0.053,-37.09,0,"Gonyong",0.023,-17.68,0,"ʚmingɞ",-20.042,-46.193,0,"ʚEveɞ",-13.911,-64.593,0,"Slaris",18.849,-49.332,0,"눈꽃",11.704,-61.687,0,"별이__",40.603,-97.57,0,"AI",0,-109.843,0,"Multeinn",-47.768,-92.565,0,3754.263,0.266,-19.757,0,0,"",0,0,0,0,3756.174,3757.262,,,20,2
134,5,1,9,14,0,2,2,0,1,0,255,6,255,70,3787.327,"si_ho",R,26,81,132,-0.299,-0.279,0.01,1.631,-0.23,1.238,-36.516,19.595,2,0,69.686,-200,9.599,0,0,1,1,3,R,"Dοpi",169.8,85,0.302,3,37,3788.386,128,66,84,67,36,138,124,12.876,43.89,0.52,0,0.192,-189.793,535.757,-182.643,-0.247,-36.718,0,"Gonyong",0.034,-17.824,0,"ʚmingɞ",-19.861,-46.286,0,"ʚEveɞ",-13.764,-64.614,0,"Slaris",20.636,-48.243,0,"눈꽃",10.942,-64.271,0,"별이__",39.19,-95.206,0,"AI",0,-109.843,0,"Multeinn",-45.708,-91.876,0,3789.685,-55.599,-67.533,0,0,"",0,0,0,0,,3797.223,,,4,3
135,5,1,9,14,0,2,2,0,1,0,255,6,255,71,3806.076,"si_ho",R,26,92,140,1.923,-1.043,0.179,1.55,0.696,0.823,-36.461,17.268,1,0,102.409,-200,14.033,0,0,0,1,3,R,"Dοpi",169.8,85,0.302,0,37,0,0,0,0,0,0,0,0,0,0,0,0,0,0,0,0,0.16,-37.907,0,"Gonyong",-0.014,-17.701,0,"ʚmingɞ",-19.988,-47.111,0,"ʚEveɞ",-13.841,-64.538,0,"Slaris",17.265,-47.92,0,"눈꽃",7.384,-63.7,0,"별이__",38.349,-97.76,0,"AI",0,-109.842,0,"Multeinn",-44.52,-90.06,0,0,0,0,0,0,"",0,0,0,0,3806.141,,,,0,0
136,5,1,9,14,1,2,2,0,1,0,255,6,255,72,3821.002,"si_ho",R,4,79,124,-2.561,-1.565,-0.078,1.508,-0.758,0.838,-36.524,6.29,1,0,-224.632,98.002,6.066,-1.017,-18.915,0,1,3,R,"Dοpi",169.8,85,0.302,0,37,0,0,0,0,0,0,0,0,0,0,0,0,0,0,0,0,0.017,-37.32,0,"Gonyong",-0.222,-17.989,0,"ʚmingɞ",-20.151,-46.945,0,"ʚEveɞ",-13.828,-64.499,0,"Slaris",20.384,-50.11,0,"눈꽃",6.772,-63.12,0,"별이__",38.225,-97.696,0,"AI",0,-109.84,0,"Multeinn",-47.303,-91.935,0,0,0,0,0,0,"",0,0,0,0,3822.574,3823.509,,,0,0
137,5,1,9,14,2,2,2,0,1,0,255,6,255,73,3835.605,"si_ho",R,32,80,131,-0.492,0.521,-0.092,1.73,-0.428,1.767,-36.339,0.715,2,0,161.024,-121.027,37.981,0,0,1,1,3,R,"Dοpi",169.8,85,0.302,3,37,3836.656,188,96,50,45,31,135,124,27.809,35.663,0.6,0,0.329,388.474,345.208,291.801,-0.254,-36.732,0,"Gonyong",-0.012,-17.38,0,"ʚmingɞ",-20.111,-46.901,85,"ʚEveɞ",-13.82,-64.517,0,"Slaris",21.424,-49.137,0,"눈꽃",10.523,-63.274,0,"별이__",38.383,-97.684,0,"AI",0,-109.843,0,"Multeinn",-46.268,-91.425,93,3840.33,-67.556,-97.1,0,0,"",0,0,1,0,3852.541,3846.043,3841.605,3846.423,149,2
138,5,1,10,14,0,0,2,0,1,0,255,3,255,74,3873.964,"si_ho",R,32,76,128,-1.86,-1.818,-0.236,1.312,-1.097,0.402,-36.306,14.479,1,0,203.326,-73.128,22.262,-0.251,-19.493,0,2,4,L,"-Alta-",190,88,0.478,0,82,0,0,0,0,0,0,0,0,0,0,0,0,0,0,0,0,-0.025,-37.363,0,"Gonyong",-0.097,-18.161,0,"ʚmingɞ",-19.821,-46.237,0,"ʚEveɞ",-12.92,-65.255,0,"Slaris",22.442,-47.506,0,"눈꽃",10.822,-63.18,0,"별이__",45.862,-94.296,0,"AI",0,-109.84,0,"Multeinn",-44.894,-94.828,0,0,0,0,0,0,"",0,0,0,0,3875.474,3876.764,,,0,0
139,5,1,10,14,1,0,2,0,1,0,255,3,255,75,3889.577,"si_ho",R,26,88,140,-1.582,-0.17,-0.004,1.549,-0.018,1.17,-36.379,3.66,2,0,107.745,-198.481,21.098,0,0,1,2,4,L,"-Alta-",190,88,0.478,3,82,3890.6,238,73,121,63,44,145,130,-19.479,-42.045,0.52,0,0.402,-168.844,-569.582,68.371,-0.082,-36.927,0,"Gonyong",-0.055,-17.842,0,"ʚmingɞ",-20.036,-46.171,0,"ʚEveɞ",-12.772,-65.261,0,"Slaris",22.475,-48.706,91,"눈꽃",13.315,-63.948,0,"별이__",45.474,-94.1,83,"AI",0,-109.84,0,"Multeinn",-48.117,-91.707,0,3889.34,2.062,-21.191,0,0,"",0,0,1,0,,3900.715,3893.959,3898.751,14,2
140,5,1,11,14,0,0,2,0,1,0,255,4,255,76,3924.325,"si_ho",R,27,87,140,1.165,-1.476,0.083,1.365,0.385,0.575,-36.271,10.303,1,0,92.587,-134.753,12.369,0.298,-15.57,0,3,1,L,"Pring__",190,94.612,0.484,0,82,0,0,0,0,0,0,0,0,0,0,0,0,0,0,0,0,0.021,-37.246,0,"Gonyong",0.012,-17.184,0,"ʚmingɞ",-20.035,-47.304,0,"ʚEveɞ",-10.223,-65.807,0,"Slaris",23.438,-49.67,0,"눈꽃",7.838,-62.852,0,"별이__",55.812,-96.558,0,"AI",0,-109.84,0,"Multeinn",-45.327,-94.716,0,0,0,0,0,0,"",0,0,0,0,3924.33,3926.331,,,0,0
141,5,1,11,14,1,0,2,0,1,0,255,4,255,77,3939.715,"si_ho",R,10,86,128,1.256,-1.406,0.154,1.634,0.542,1.137,-36.476,19.576,2,0,0,397.381,10.572,0,0,0,3,1,L,"Pring__",190,94.612,0.484,3,82,3940.608,203,124,95,120,93,145,109,-30,-31.255,0.93,0,0.583,-168.844,-569.582,68.371,-0.305,-36.833,0,"Gonyong",-0.034,-17.491,0,"ʚmingɞ",-19.778,-46.993,0,"ʚEveɞ",-10.188,-65.847,0,"Slaris",21.727,-49.809,105,"눈꽃",10.6,-64.862,0,"별이__",58.022,-100.172,0,"AI",0,-109.84,0,"Multeinn",-46.163,-93.97,0,3939.241,0.635,-20.782,0,0,"",0,0,0,0,,,,,73,2
142,5,0,11,14,0,0,0,0,0,0,255,255,255,63,4030.061,"白霜らいふ",R,3,90,117,-1.463,-0.591,0.212,1.312,-0.034,1.28,-36.346,24.692,2,0,-366.736,0,-8.987,0,0,1,5,3,L,"ʚEveɞ",172.6,80,0.3,3,66,4030.99,241,171,97,61,19,145,127,-30,29.444,0.42,0,0.339,-88.173,-127.642,-80.302,0.076,-36.848,0,"Pring__",0.029,-17.219,0,"CoalCat",-20.55,-47.379,77,"Dοpi",-13.9,-63.202,0,"-Alta-",22.592,-54.972,0,"coder_",10.932,-65.782,0,"Amellaid",47.753,-99.878,0,"AI",0,-109.84,0,"magimari",-49.111,-97.018,88,4029.707,-0.931,-21.176,0,0,"",0,0,1,0,,,,,81,2
143,5,0,11,14,0,0,0,1,0,0,13,255,255,64,4057.384,"白霜らいふ",R,0,93,140,-1.681,-0.93,-0.153,1.524,-0.727,1.026,-36.264,11.191,2,0,0,0,0,0,0,1,6,0,L,"눈꽃",190,90,0.6,3,82,4058.327,241,92,118,104,67,145,130,25.486,-42.885,0.36,0,0.424,367.043,-377.325,-285.843,-0.066,-36.884,0,"Pring__",0.008,-17.224,0,"CoalCat",-19.251,-44.188,0,"Dοpi",-13.122,-60.723,0,"-Alta-",21.21,-52.488,0,"coder_",10.24,-62.655,0,"Amellaid",48.955,-105.145,0,"AI",0,-109.84,0,"magimari",-42.866,-92.33,0,4061.83,87.284,-96.431,0,0,"",0,0,0,0,,4063.083,,,64,3
144,5,0,11,14,0,1,0,1,0,0,13,255,255,65,4076.432,"白霜らいふ",R,10,87,128,1.802,-0.939,0.309,1.668,0.775,1.437,-36.53,37.594,2,0,0,400,6.139,0,0,1,6,0,L,"눈꽃",190,90,0.6,3,79,4077.465,253,81,109,98,66,145,117,-17.923,-15.24,0.86,0,0.383,-157.942,62.292,291.54,0.134,-36.81,0,"Pring__",0.081,-17.207,98,"CoalCat",-19.696,-40.073,0,"Dοpi",-10.597,-59.803,0,"-Alta-",20.556,-50.756,0,"coder_",6.271,-62.993,90,"Amellaid",51.459,-103.556,0,"AI",0,-109.84,0,"magimari",-41.858,-90.898,0,4076.207,0.866,-22.268,0,0,"",0,0,1,0,4091.285,4079.399,4085.329,4089.958,104,2
145,5,0,11,15,0,0,0,0,1,0,255,10,255,66,4108.249,"白霜らいふ",R,0,80,131,1.085,0.626,0.278,1.637,0.464,1.924,-36.475,39.348,0,0,0,0,0,0,0,0,7,8,R,"Multeinn",160,89.555,0.501,0,82,0,0,0,0,0,0,0,0,0,0,0,0,0,0,0,0,-0.294,-37.608,0,"Pring__",0.047,-17.195,111,"CoalCat",-22.044,-47.974,0,"Dοpi",-13.635,-61.534,0,"-Alta-",20.256,-49.184,0,"coder_",5.987,-61.679,0,"Amellaid",42.781,-106.743,0,"AI",0,-109.84,0,"magimari",-40.222,-96.16,0,0,0,0,0,0,"",0,0,0,0,4108.029,4110.353,,,0,0
146,5,0,11,15,0,1,0,0,1,0,255,10,255,67,4117.808,"白霜らいふ",R,5,89,124,0.281,-0.05,0.21,1.357,0.223,1.575,-36.265,26.646,2,0,-71.519,0,1.826,0,0,0,7,8,R,"Multeinn",160,89.555,0.501,3,82,4118.731,231,165,62,91,55,138,124,26.074,3.298,0.58,0,0.373,282.803,-522.112,-61.933,-0.11,-36.742,0,"Pring__",0.02,-17.267,0,"CoalCat",-21.952,-47.924,0,"Dοpi",-13.978,-63.847,0,"-Alta-",20.402,-49.917,93,"coder_",8.579,-65.963,100,"Amellaid",42.927,-106.683,0,"AI",0,-109.84,0,"magimari",-40.329,-96.125,0,4122.763,7.508,-130.381,0,0,"",0,0,0,0,,4122.085,4129.463,,100,1
147,5,0,11,15,0,0,1,0,0,1,255,255,10,68,4145.24,"白霜らいふ",R,28,71,125,5.892,2.242,0.512,1.726,2.433,2.93,-36.791,63.457,1,0,70.778,-92.579,0.848,2.09,-6.789,0,0,2,R,"ʚmingɞ",190,84.544,0.353,0,82,0,0,0,0,0,0,0,0,0,0,0,0,0,0,0,0,0.364,-36.417,0,"Pring__",1.381,-14.272,53,"CoalCat",-21.404,-46.853,0,"Dοpi",-11.962,-64.534,0,"-Alta-",23.132,-52.093,0,"coder_",8.82,-60.546,0,"Amellaid",41.741,-96.964,0,"AI",0,-109.84,0,"magimari",-46.276,-99.403,0,0,0,0,0,0,"",0,0,0,0,4147.352,,4147.135,,0,0
148,5,0,11,15,1,0,1,0,0,1,255,255,10,69,4166.342,"白霜らいふ",R,26,81,133,1.269,0.344,0.22,1.548,0.499,1.651,-36.453,31.87,2,0,33.737,-199.623,13.339,0,0,1,0,2,R,"ʚmingɞ",190,84.544,0.353,2,82,4167.462,148,37,61,43,39,136,85,23.957,-26.347,-0.79,0,0.132,-142.685,129.421,8.336,0.238,-36.887,0,"Pring__",-0.017,-16.964,0,"CoalCat",-20.888,-46.45,0,"Dοpi",-12.055,-62.126,86,"-Alta-",19.466,-46.992,0,"coder_",10.074,-61.921,0,"Amellaid",44.099,-98.888,88,"AI",0,-109.84,0,"magimari",-46.313,-99.368,0,4169.785,26.491,-75.566,0,0,"",0,0,1,0,,,,4173.466,194,2
149,5,0,11,16,0,0,1,1,0,0,12,255,255,70,4190.92,"白霜らいふ",R,28,80,131,1.714,0.741,0.299,1.587,0.665,1.932,-36.564,47.069,1,0,48.811,-84.563,1.928,0,0,0,1,6,R,"별이__",169.6,80,0.3,0,82,0,0,0,0,0,0,0,0,0,0,0,0,0,0,0,0,0.222,-37.016,0,"Pring__",-0.062,-16.822,120,"CoalCat",-19.582,-45.551,0,"Dοpi",-12.903,-61.687,0,"-Alta-",21.667,-50.947,0,"coder_",5,-63.372,0,"Amellaid",44.782,-100.454,0,"AI",0,-109.84,0,"magimari",-41.545,-96.866,0,0,0,0,0,0,"",0,0,0,0,4190.963,,,,0,0
150,5,0,11,16,1,0,1,1,0,0,12,255,255,71,4202.242,"白霜らいふ",R,3,73,103,0.52,1.094,0.301,1.635,1.051,2.263,-36.708,55.508,0,0,-404.762,0,-17.1,0,0,0,1,6,R,"별이__",169.6,80,0.3,0,82,0,0,0,0,0,0,0,0,0,0,0,0,0,0,0,0,-0.068,-36.938,0,"Pring__",-0.046,-16.829,120,"CoalCat",-19.718,-44.512,0,"Dοpi",-12.721,-62.522,0,"-Alta-",21.822,-51.076,0,"coder_",5.54,-63.394,0,"Amellaid",41.877,-100.431,0,"AI",0,-109.84,0,"magimari",-41.544,-96.879,0,0,0,0,0,0,"",0,0,0,0,4202.385,,,,0,0
151,5,0,11,16,1,1,1,1,0,0,12,255,255,72,4215.931,"白霜らいふ",R,0,74,126,0.135,0.051,0.248,1.799,0.051,1.616,-36.604,53.045,2,0,0,0,2.693,0,0,1,1,6,R,"별이__",169.6,80,0.3,3,82,4217.086,255,137,18,9,0,49,49,99.193,-78.456,-0.51,0,0.765,5.224,-597.374,11.266,0.112,-36.741,0,"Pring__",-0.079,-16.901,0,"CoalCat",-20.071,-45.894,0,"Dοpi",-14.029,-61.855,0,"-Alta-",22.177,-51.298,0,"coder_",8.391,-64.673,0,"Amellaid",43.228,-98.573,0,"AI",0,-109.84,0,"magimari",-41.518,-96.849,0,4220.318,-28.74,-16.096,0,0,"",0,0,0,0,,4222.03,,,64,3
152,5,0,11,16,1,2,1,1,0,0,12,255,255,73,4239.787,"白霜らいふ",R,13,77,104,-1.605,-0.695,0.098,1.314,-0.106,1.702,-36.405,15.827,1,0,-347.85,338.58,-63.35,-1.025,-17.958,0,1,6,R,"별이__",169.6,80,0.3,0,36,0,0,0,0,0,0,0,0,0,0,0,0,0,0,0,0,0.063,-37.008,0,"Pring__",-0.77,-18.833,0,"CoalCat",-19.523,-44.03,0,"Dοpi",-15.618,-62.485,0,"-Alta-",22.626,-52.336,0,"coder_",7.098,-64.359,0,"Amellaid",45.474,-99.262,0,"AI",0,-109.84,0,"magimari",-42.196,-96.561,0,0,0,0,0,0,"",0,0,0,0,4240.851,,,,0,0
153,5,0,11,16,2,2,1,1,0,0,12,255,255,74,4253.656,"白霜らいふ",R,13,73,101,-1.822,-1.419,0.141,1.387,-0.074,1.435,-36.51,19.153,4,0,-330.764,346.74,-36.488,-0.618,-17.907,1,1,6,R,"별이__",169.6,80,0.3,0,36,0,0,0,0,0,0,0,0,0,0,0,0,0,0,0,0,-0.127,-36.996,0,"Pring__",0.179,-19.243,0,"CoalCat",-20.219,-45.331,0,"Dοpi",-15.849,-62.297,0,"-Alta-",23.105,-51.706,0,"coder_",6.041,-64.151,0,"Amellaid",45.38,-99.313,0,"AI",0,-109.84,0,"magimari",-42.35,-96.442,0,0,0,0,0,0,"",0,0,0,0,4254.62,,,,0,0
154,5,0,11,16,0,0,2,1,0,0,12,255,255,75,4273.515,"白霜らいふ",R,12,74,111,0.478,0.977,0.158,1.869,0.204,2.337,-36.699,42.89,2,0,0,101.319,8.323,0,0,1,2,5,R,"si_ho",190,100,0.5,3,82,4274.666,90,80,26,121,71,66,73,0.677,2.647,0.48,0,0.738,-158.307,430.497,44.19,0.18,-36.972,112,"Pring__",-0.076,-17.205,0,"CoalCat",-19.876,-44.129,0,"Dοpi",-15.746,-61.354,0,"-Alta-",22.786,-50.954,0,"coder_",9.799,-66.23,0,"Amellaid",53.284,-108.009,0,"AI",0,-109.84,0,"magimari",-47.351,-100.95,0,4274.141,-0.981,-35.957,0,0,"",0,0,0,0,4317.685,,,,81,1
155,6,1,11,16,0,0,0,0,0,0,255,255,255,78,4400.591,"눈꽃",R,28,93,140,0.464,-0.109,0.135,2.072,0.131,1.463,-36.59,16.648,0,0,49.413,-56.986,10.733,0,0,0,4,8,R,"magimari",170,85,0.504,0,82,0,0,0,0,0,0,0,0,0,0,0,0,0,0,0,0,-0.118,-37.397,0,"Gonyong",-0.014,-17.315,0,"ʚmingɞ",-20.177,-46.918,0,"ʚEveɞ",-14.629,-63.798,0,"Slaris",19.445,-47.345,0,"si_ho",7.733,-65.894,0,"별이__",34.64,-95.99,0,"AI",0,-109.84,0,"Multeinn",-40.084,-87.358,0,0,0,0,0,0,"",0,0,0,0,4400.741,,,,0,0
156,6,1,11,16,0,1,0,0,0,0,255,255,255,79,4418.48,"눈꽃",R,3,64,109,-1.709,-0.034,0.264,2.057,0.087,1.628,-36.649,16.251,4,0,-443.225,34.478,2.74,0,0,1,4,8,R,"magimari",170,85,0.504,0,82,0,0,0,0,0,0,0,0,0,0,0,0,0,0,0,0,-0.117,-37.64,0,"Gonyong",-0.199,-17.301,0,"ʚmingɞ",-20.196,-46.962,0,"ʚEveɞ",-14.654,-63.824,0,"Slaris",19.1,-48.421,0,"si_ho",7.729,-65.884,0,"별이__",34.481,-95.767,0,"AI",0,-109.84,0,"Multeinn",-43.379,-88.627,0,0,0,0,0,0,"",0,0,0,0,4418.907,,,,0,0
157,6,1,11,16,0,2,0,0,0,0,255,255,255,80,4433.888,"눈꽃",R,3,67,111,-2.91,-1.054,0.225,1.945,-0.465,1.002,-36.634,14.91,4,0,-439.292,0,5.414,0,0,1,4,8,R,"magimari",170,85,0.504,0,82,0,0,0,0,0,0,0,0,0,0,0,0,0,0,0,0,-0.197,-37.977,0,"Gonyong",-0.429,-16.96,0,"ʚmingɞ",-20.186,-46.943,0,"ʚEveɞ",-14.667,-63.821,0,"Slaris",20.207,-48.849,0,"si_ho",7.976,-65.905,0,"별이__",34.825,-95.71,0,"AI",0,-109.84,0,"Multeinn",-44.893,-91.228,0,0,0,0,0,0,"",0,0,0,0,4434.129,,,,0,0
158,6,1,11,16,0,0,1,0,0,0,255,255,255,81,4453.767,"눈꽃",R,28,84,138,-0.085,0.641,0.144,2.174,-0.089,1.854,-36.689,24.016,0,0,34.294,-88.871,14.228,0,0,0,5,5,R,"coder_",171.4,86.044,0.284,0,82,0,0,0,0,0,0,0,0,0,0,0,0,0,0,0,0,0.275,-37.289,0,"Gonyong",-0.041,-17.342,0,"ʚmingɞ",-20.32,-46.374,0,"ʚEveɞ",-14.677,-63.834,0,"Slaris",19.207,-46.855,0,"si_ho",9.318,-66.557,0,"별이__",39.989,-106.12,0,"AI",0,-109.84,0,"Multeinn",-42.845,-90.302,0,0,0,0,0,0,"",0,0,0,0,4453.952,,,,0,0
159,6,1,11,16,0,1,1,0,0,0,255,255,255,82,4473.165,"눈꽃",R,10,61,108,-1.967,-2.503,-0.027,1.906,-0.854,0.773,-36.602,7.224,4,0,0,400,15.844,-0.373,-19.965,1,5,5,R,"coder_",171.4,86.044,0.284,0,82,0,0,0,0,0,0,0,0,0,0,0,0,0,0,0,0,0.26,-37.282,0,"Gonyong",-0.194,-17.254,0,"ʚmingɞ",-20.379,-46.414,0,"ʚEveɞ",-14.658,-63.822,0,"Slaris",19.011,-46.932,0,"si_ho",9.325,-66.588,0,"별이__",39.995,-106.126,0,"AI",0,-109.84,0,"Multeinn",-43.596,-88.234,0,0,0,0,0,0,"",0,0,0,0,4473.44,,,,0,0
160,6,1,11,16,0,2,1,0,0,0,255,255,255,83,4490.341,"눈꽃",R,27,83,135,1.381,-0.262,0.185,1.988,0.644,1.299,-36.557,12.237,2,0,-34.299,-136.161,14.649,0,0,1,5,5,R,"coder_",171.4,86.044,0.284,3,82,4491.459,191,53,116,80,45,145,96,33.889,47.262,-0.18,0,0.318,400.935,-389.989,211.581,-0.058,-37.239,0,"Gonyong",0.254,-17.63,0,"ʚmingɞ",-20.367,-46.412,0,"ʚEveɞ",-14.674,-63.813,0,"Slaris",19.04,-46.931,0,"si_ho",9.327,-66.599,0,"별이__",39.874,-106.002,0,"AI",0,-109.84,0,"Multeinn",-43.108,-90.17,0,4495.085,-58.011,-81.2,0,0,"",0,0,0,0,,,,,192,1
161,6,1,11,16,0,0,2,0,0,0,255,255,255,84,4520.534,"눈꽃",R,3,60,108,-2.675,-0.02,0.183,2.001,-0.436,1.593,-36.564,12.197,1,0,-382.591,0,-3.103,0,0,0,6,0,R,"白霜らいふ",180.4,80,0.646,0,82,0,0,0,0,0,0,0,0,0,0,0,0,0,0,0,0,0.018,-38.22,0,"Gonyong",-0.431,-17.27,0,"ʚmingɞ",-19.874,-47.55,0,"ʚEveɞ",-13.874,-64.422,0,"Slaris",19.762,-47.834,0,"si_ho",8.19,-67.151,0,"별이__",45.29,-107.12,0,"AI",0,-109.84,0,"Multeinn",-45.769,-91.426,0,0,0,0,0,0,"",0,0,0,0,4520.852,,,,0,0
162,6,1,11,16,1,0,2,0,0,0,255,255,255,85,4538.869,"눈꽃",R,28,79,129,1.916,0.556,0.312,2.12,0.764,1.848,-36.68,22.242,2,0,41.479,-57.895,8.912,0,0,1,6,0,R,"白霜らいふ",180.4,80,0.646,3,82,4539.982,255,124,123,124,58,145,88,34.061,-11.988,-0.75,0,0.725,362.856,213.159,426.263,0.375,-37.238,0,"Gonyong",0.267,-17.35,0,"ʚmingɞ",-19.802,-47.499,0,"ʚEveɞ",-13.863,-64.416,89,"Slaris",19.188,-49.06,0,"si_ho",8.211,-67.132,0,"별이__",45.292,-107.122,0,"AI",0,-109.84,0,"Multeinn",-45.593,-91.959,0,4543.518,10.944,-92.153,0,0,"",0,0,1,0,,,,,96,2
163,6,1,11,16,0,0,2,1,0,0,0,255,255,86,4571.047,"눈꽃",R,33,85,138,1.743,-0.951,0.253,2.005,0.527,1.425,-36.723,28.142,2,0,107.734,-98.989,8.862,0,0,1,7,6,L,"Amellaid",172.6,85,0.44,3,81,4571.939,255,131,68,0,3,112,109,25.791,4.099,0.5,0,0.469,83.431,-13.143,-14.746,-0.092,-37.102,0,"Gonyong",0.722,-17.469,0,"ʚmingɞ",-19.877,-42.887,0,"ʚEveɞ",-9.681,-65.987,0,"Slaris",21.542,-49.343,0,"si_ho",8.355,-66.69,0,"별이__",40.145,-100.271,0,"AI",0,-109.84,0,"Multeinn",-47.389,-93.829,0,4575.141,-6.086,-113.048,0,0,"",0,0,0,0,,,,,64,1
164,6,0,11,16,0,0,0,0,0,0,255,255,255,76,4629.367,"白霜らいふ",R,3,71,101,-0.08,1.032,0.276,1.653,0.741,2.284,-36.676,41.652,4,0,-379.806,0,-12.505,0,0,1,3,4,R,"Slaris",190,85.69,0.452,0,81,0,0,0,0,0,0,0,0,0,0,0,0,0,0,0,0,-0.215,-37.016,0,"Pring__",-0.064,-17.004,0,"CoalCat",-21.643,-46.587,0,"Dοpi",-15.426,-62.416,0,"-Alta-",20.949,-52.917,0,"coder_",9.801,-64.666,0,"Amellaid",48.404,-101.294,0,"AI",0,-109.84,0,"magimari",-44.739,-93.058,0,0,0,0,0,0,"",0,0,0,0,4629.34,,,,0,0
165,6,0,11,16,1,0,0,0,0,0,255,255,255,77,4649.931,"白霜らいふ",R,26,80,131,1.663,0.736,0.053,1.374,0.478,1.907,-36.336,5.581,2,0,183.544,-200,-35.055,0,0,0,3,4,R,"Slaris",190,85.69,0.452,3,81,4650.833,158,83,111,87,44,145,95,100.609,46.953,-0.59,0,0.222,551.766,230.46,-6.958,0.008,-36.853,0,"Pring__",-0.048,-17.027,0,"CoalCat",-21.18,-46.899,0,"Dοpi",-15.468,-62.665,0,"-Alta-",21.622,-54.034,0,"coder_",10.115,-64.725,0,"Amellaid",45.365,-105.336,0,"AI",0,-109.84,0,"magimari",-44.72,-93.033,0,4655.796,23.171,5.791,0,0,"",0,0,0,0,,,,,64,3
166,6,0,11,16,1,1,0,0,0,0,255,255,255,78,4663.776,"白霜らいふ",R,13,72,112,-0.441,-0.724,0.028,1.387,0.336,1.664,-36.261,11.687,0,0,-302.023,398.475,-30.908,0,0,0,3,4,R,"Slaris",190,85.69,0.452,0,81,0,0,0,0,0,0,0,0,0,0,0,0,0,0,0,0,-0.013,-36.953,0,"Pring__",-0.074,-17.006,0,"CoalCat",-21.37,-46.671,0,"Dοpi",-15.14,-63.389,0,"-Alta-",21.99,-51.856,0,"coder_",10.182,-65.549,0,"Amellaid",47.763,-102.955,0,"AI",0,-109.84,0,"magimari",-44.695,-93.096,0,0,0,0,0,0,"",0,0,0,0,4663.418,,,,0,0
167,6,0,11,16,1,2,0,0,0,0,255,255,255,79,4678.784,"白霜らいふ",R,13,78,117,-1.103,-0.538,-0.012,1.376,-0.102,1.737,-36.268,3.154,2,0,-233.023,400,-18.717,0,0,1,3,4,R,"Slaris",190,85.69,0.452,3,81,4679.781,123,110,80,109,65,137,106,-2.668,45.364,0.92,0,0.152,84.432,34.352,-376.413,-0.24,-36.864,0,"Pring__",-0.134,-17.11,0,"CoalCat",-21.317,-46.638,48,"Dοpi",-15.16,-63.186,0,"-Alta-",22.44,-54.259,0,"coder_",10.605,-65.324,0,"Amellaid",47.858,-102.989,0,"AI",0,-109.84,0,"magimari",-44.713,-93.127,0,4678.607,-9.186,-29.109,0,0,"",0,0,1,0,,,,,65,2
168,6,0,11,16,0,0,0,1,0,0,14,255,255,80,4776.758,"白霜らいふ",R,0,56,98,0.967,0.721,0.196,1.773,0.415,2.043,-37.008,58.801,0,0,0,0,-0.642,0,0,0,4,1,R,"Gonyong",174.9,80,0.2,0,39,0,0,0,0,0,0,0,0,0,0,0,0,0,0,0,0,-0.151,-37.551,0,"Pring__",-0.013,-16.989,120,"CoalCat",-21.133,-43.519,0,"Dοpi",-16.143,-58.908,0,"-Alta-",21.993,-52.622,0,"coder_",7.204,-63.91,0,"Amellaid",47.24,-101.591,0,"AI",0,-109.84,0,"magimari",-43.891,-93.688,0,0,0,0,0,0,"",0,0,0,0,4776.385,,,,0,0
169,6,0,11,16,0,1,0,1,0,0,14,255,255,81,4795.761,"白霜らいふ",R,0,72,110,0.305,0.119,0.151,1.558,0.209,1.673,-36.663,35.484,2,0,-45.121,0,-4.186,0,0,0,4,1,R,"Gonyong",174.9,80,0.2,3,39,4796.943,255,170,99,146,59,145,129,-30,-31.462,0.68,0.048,0.194,-263.798,-230.283,-484.138,-0.038,-37.172,0,"Pring__",-0.043,-17.203,0,"CoalCat",-19.82,-44.139,0,"Dοpi",-15.596,-59.407,85,"-Alta-",21.037,-52.92,0,"coder_",10.085,-65.549,0,"Amellaid",44.45,-105.184,87,"AI",0,-109.84,0,"magimari",-43.897,-93.697,0,4795.029,1.225,-21.95,0,0,"",0,0,1,0,,4801.776,,,194,2
170,6,0,11,16,0,0,0,1,1,0,11,14,255,82,4826.3,"白霜らいふ",R,0,66,106,0.23,0.348,0.145,1.697,0.096,1.809,-36.533,40.098,2,0,0,0,8.694,0,0,1,5,3,L,"ʚEveɞ",172.6,80,0.3,3,66,4827.239,255,114,100,85,46,145,118,107.341,-48.858,0.74,0,0.418,124.535,523.138,-263.854,0.006,-36.991,0,"Pring__",-0.003,-17.251,0,"CoalCat",-18.917,-42.929,0,"Dοpi",-12.012,-62.767,0,"-Alta-",21.769,-52.312,0,"coder_",11.89,-60.477,0,"Amellaid",50.359,-101.429,0,"AI",0,-109.84,0,"magimari",-41.592,-93.555,0,0,0,0,0,0,"",0,0,0,0,,4833.133,,,64,3
171,6,0,11,16,0,1,0,1,1,0,11,14,255,83,4844.301,"白霜らいふ",R,33,66,121,-0.127,0.093,0.061,1.605,-0.225,1.555,-36.516,27.348,0,0,104.109,-90.743,-7.73,0,0,1,5,3,L,"ʚEveɞ",172.6,80,0.3,0,66,0,0,0,0,0,0,0,0,0,0,0,0,0,0,0,0,0.133,-36.863,0,"Pring__",-0.009,-17.214,0,"CoalCat",-20.443,-44.384,0,"Dοpi",-12.473,-60.805,0,"-Alta-",21.552,-48.054,0,"coder_",9.763,-61.462,0,"Amellaid",48.241,-100.808,0,"AI",0,-109.84,0,"magimari",-42.603,-92.992,0,0,0,0,0,0,"",0,0,0,0,4843.763,4847.459,,,0,0
172,6,0,11,16,0,2,0,1,1,0,11,14,255,84,4862.375,"白霜らいふ",R,26,69,109,-0.059,0.217,-0.035,1.335,-0.188,1.511,-36.473,7.489,2,0,88.975,-200,-27.869,0,0,1,5,3,L,"ʚEveɞ",172.6,80,0.3,3,66,4863.279,209,86,65,79,18,140,99,-5.671,-21.167,0.05,0,0.284,-10.562,-132.686,11.503,-0.019,-36.897,0,"Pring__",0.002,-17.245,0,"CoalCat",-19.923,-44.164,0,"Dοpi",-13.213,-60.732,81,"-Alta-",21.373,-49.545,90,"coder_",9.397,-61.131,95,"Amellaid",47.651,-101.466,0,"AI",0,-109.84,0,"magimari",-42.631,-92.924,0,4861.774,2.914,-27.82,0,0,"",0,0,1,0,,4867.335,4868.565,,102,2
173,6,0,11,16,0,0,1,1,1,0,13,11,255,85,4888.011,"白霜らいふ",R,10,82,123,-0.371,-1.278,0.07,1.658,-0.163,1.226,-36.399,37.003,2,0,0,394.845,14.631,0,0,1,6,0,L,"눈꽃",190,90,0.6,3,81,4889.082,253,99,79,129,57,145,108,32.267,-39.266,0.9,0,0.393,292.214,-338.495,-398.539,-0.018,-36.836,0,"Pring__",-0.022,-17.152,0,"CoalCat",-19.391,-45.292,0,"Dοpi",-11.473,-60.753,0,"-Alta-",20.835,-49.237,0,"coder_",12.342,-61.139,0,"Amellaid",47.85,-97.84,0,"AI",0,-109.84,0,"magimari",-45.192,-96.283,0,4891.83,64.293,-84.422,0,0,"",0,0,1,0,,4894.614,4891.559,4899.193,196,2
174,6,0,11,17,0,0,1,0,1,1,255,10,13,86,4921.61,"白霜らいふ",R,13,65,95,-1.26,-1.462,0.058,1.447,0.193,1.542,-36.392,13.153,1,0,-313.721,343.577,-32.573,0,0,0,7,8,R,"Multeinn",160,89.555,0.501,0,81,0,0,0,0,0,0,0,0,0,0,0,0,0,0,0,0,-0.025,-37.198,0,"Pring__",0.205,-17.895,0,"CoalCat",-20.141,-44.941,0,"Dοpi",-13.368,-59.726,0,"-Alta-",20.509,-46.253,0,"coder_",9.985,-60.821,0,"Amellaid",48.635,-96.842,0,"AI",0,-109.84,0,"magimari",-41.646,-92.992,0,0,0,0,0,0,"",0,0,0,0,4921.163,4923.922,4924.506,,0,0
175,6,0,11,17,0,1,1,0,1,1,255,10,13,87,4944.022,"白霜らいふ",R,13,70,99,-1.871,-1.884,0.148,1.302,-0.144,1.157,-36.466,17.164,4,0,-346.934,318.44,-63.436,-0.512,-18.842,1,7,8,R,"Multeinn",160,89.555,0.501,0,32,0,0,0,0,0,0,0,0,0,0,0,0,0,0,0,0,-0.014,-37.098,0,"Pring__",-0.154,-18.468,120,"CoalCat",-20.185,-44.954,0,"Dοpi",-13.793,-62.367,0,"-Alta-",20.783,-45.641,0,"coder_",9.494,-59.628,0,"Amellaid",47.752,-99.429,0,"AI",0,-109.84,0,"magimari",-41.681,-92.952,0,0,0,0,0,0,"",0,0,0,0,4943.44,4946.004,4944.738,,0,0
176,6,0,11,17,0,2,1,0,1,1,255,10,13,88,4957.819,"白霜らいふ",R,32,73,112,0.512,-0.217,0.232,1.475,-0.195,1.455,-36.559,24.729,2,0,172.202,-147.745,-25.367,0,0,1,7,8,R,"Multeinn",160,89.555,0.501,3,32,4958.724,91,134,45,59,20,120,107,94.746,-80.249,0.38,0,0.367,202.234,360.081,169.222,0.373,-36.864,0,"Pring__",-0.086,-17.219,0,"CoalCat",-20.32,-45.446,0,"Dοpi",-13.973,-62.33,0,"-Alta-",20.098,-47.81,0,"coder_",10.702,-59.684,0,"Amellaid",50.39,-98.776,0,"AI",0,-109.84,0,"magimari",-41.71,-92.97,0,0,0,0,0,0,"",0,0,0,0,,4962.658,4962.44,,64,3
177,6,0,11,17,0,2,1,0,1,1,255,10,13,89,4974.501,"白霜らいふ",R,32,76,128,2.516,1.34,0.189,1.358,0.735,2.103,-36.382,18.135,4,0,239.552,-140.65,-36.469,0.419,-21.079,1,7,8,R,"Multeinn",160,89.555,0.501,0,32,0,0,0,0,0,0,0,0,0,0,0,0,0,0,0,0,0.045,-36.903,0,"Pring__",-0.293,-18.931,0,"CoalCat",-20.407,-45.006,0,"Dοpi",-13.976,-63.27,0,"-Alta-",20.168,-44.904,0,"coder_",8.78,-60.514,0,"Amellaid",52.848,-102.186,0,"AI",0,-109.84,0,"magimari",-43.428,-91.942,0,0,0,0,0,0,"",0,0,0,0,4977.418,4976.896,4977.514,,0,0
178,6,0,11,17,0,0,2,0,1,1,255,10,13,90,5009.609,"白霜らいふ",R,26,79,130,2.331,0.761,0.19,1.505,0.931,1.914,-36.385,24.536,2,0,54.002,-200,15.91,0,0,1,0,2,R,"ʚmingɞ",190,84.544,0.353,2,81,5010.749,77,38,25,55,37,49,49,26.268,-37.422,0.03,0,0.139,0,0,0,0.158,-36.858,0,"Pring__",-0.053,-17.1,0,"CoalCat",-21.229,-45.652,0,"Dοpi",-14.703,-61.967,0,"-Alta-",20.476,-49.195,93,"coder_",11.543,-65.879,0,"Amellaid",47.383,-102.994,0,"AI",0,-109.84,0,"magimari",-42.317,-93.197,0,5011.063,13.956,-38.722,0,0,"",0,0,0,1,,,5015.512,5015.619,69,2
179,7,1,11,17,0,0,0,0,0,0,255,255,255,87,5067.569,"눈꽃",R,28,78,129,1.818,1.291,0.372,2.188,0.649,2.214,-36.957,44.254,2,0,81.937,-91.234,8.005,0,0,0,0,2,R,"CoalCat",172,84.55,0.502,3,81,5068.813,239,33,90,51,24,145,94,25.449,37.199,0.94,0,0.182,544.961,139.352,-201.516,0.369,-37.16,0,"Gonyong",-0.009,-17.369,0,"ʚmingɞ",-20.967,-47.682,0,"ʚEveɞ",-13.523,-64.731,0,"Slaris",20.831,-48.604,0,"si_ho",8.716,-67.352,0,"별이__",35.793,-90.997,0,"ByeolBam",-0.448,-113.44,0,"Multeinn",-45.832,-90.401,66,5071.929,-53.279,-83.78,0,0,"",0,0,0,0,,,,,192,1
180,7,1,11,17,0,0,1,0,0,0,255,255,255,88,5095.927,"눈꽃",R,23,62,114,0.389,-1.181,0.405,1.969,0.39,1.096,-36.561,14.787,2,0,-130.64,121.905,11.607,0,0,1,1,3,R,"Dοpi",169.8,85,0.302,3,37,5097.04,159,116,36,47,37,120,121,-30,-29.467,0.45,0,0.221,458.268,69.076,-82.061,0.142,-37.346,0,"Gonyong",0.045,-17.318,0,"ʚmingɞ",-20.574,-47.166,86,"ʚEveɞ",-13.688,-64.682,0,"Slaris",19.956,-50.042,114,"si_ho",9.316,-66.721,0,"별이__",41.634,-95.534,0,"ByeolBam",-1.812,-111.603,0,"Multeinn",-43.157,-89.907,0,5095.174,0.438,-20.415,0,0,"",0,0,0,2,,,,,73,2
181,7,1,11,17,0,0,2,0,0,0,255,255,255,89,5120.675,"눈꽃",R,0,71,124,1.739,-0.216,0.355,2.065,0.747,1.473,-36.665,21.756,1,0,0,19.382,5.683,0,0,0,2,4,L,"-Alta-",190,88,0.478,0,81,0,0,0,0,0,0,0,0,0,0,0,0,0,0,0,0,0.377,-37.442,0,"Gonyong",0.207,-17.26,101,"ʚmingɞ",-19.176,-48.918,0,"ʚEveɞ",-12.035,-65.339,0,"Slaris",23.959,-54.39,0,"si_ho",9.246,-66.928,0,"별이__",51.966,-96.911,0,"ByeolBam",-1.083,-111.224,0,"Multeinn",-42.548,-91.565,0,0,0,0,0,0,"",0,0,0,0,5120.418,,,,0,0
182,7,1,11,17,1,0,2,0,0,0,255,255,255,90,5139.227,"눈꽃",R,0,79,131,-2.085,0.013,-0.028,2.077,-0.948,1.559,-36.661,15.161,2,0,27.89,-42.024,8.662,0,0,1,2,4,L,"-Alta-",190,88,0.478,3,81,5140.258,255,131,131,104,56,145,90,20.337,0.907,-0.83,0,0.457,450.535,385.598,-77.063,0.032,-37.167,0,"Gonyong",-0.448,-17.358,0,"ʚmingɞ",-18.905,-48.318,0,"ʚEveɞ",-12.027,-65.353,0,"Slaris",23.733,-53.683,0,"si_ho",9.235,-66.879,0,"별이__",50.566,-97.018,0,"ByeolBam",-1.063,-111.203,88,"Multeinn",-41.503,-93.275,0,5142.907,-7.369,-96.161,0,0,"",0,0,0,0,,,,,256,1
