id,inn,half,scoreA,scoreB,ball,strk,out,b1,b2,b3,b1Idx,b2Idx,b3Idx,pCnt,pSec,pName,pHand,pType,pPow,spdK,zoneX,zoneY,startX,startY,targetX,targetY,zDist,pitchAngle,call,balk,sH,sV,gyro,plx,plz,bSwing,bIdx,bPos,bZone,bName,bHCm,batLen,batCen,batType,bFps,hSec,rotS,rotL,shS,lgS,prepS,batSpd,ev,ldeg,sdeg,hPos,buntGrip,handDist,angVeloX,angVeloY,angVeloZ,PPosX,PPosY,PThrSpd,CName,CPosX,CPosY,CThrSpd,1BName,1BPosX,1BPosY,1BThrSpd,2BName,2BPosX,2BPosY,2BThrSpd,3BName,3BPosX,3BPosY,3BThrSpd,SSName,SSPosX,SSPosY,SSThrSpd,LFName,LFPosX,LFPosY,LFThrSpd,CFName,CFPosX,CFPosY,CFThrSpd,RFName,RFPosX,RFPosY,RFThrSpd,ltSec,lx,lz,cSec,cPos,cPlr,cx,cz,1BSafe,tag,cpSec,sb2Sec,sb3Sec,sbhSec,ass,result
1,1,1,0,0,0,0,0,0,0,0,255,255,255,0,152.821,"인생최패망자",R,34,93,140,-1.199,0.092,0.858,1.628,-0.658,1.578,-36.496,39.281,2,0,95.141,-90.852,7.763,0,0,1,0,3,L,"쟈가리코",179.8,83.243,0.501,3,82,153.888,255,36,66,68,10,141,93,5.712,8.711,-0.38,0,0.382,-44.413,-113.452,73.059,0.329,-36.91,0,"Kr_Luna",0.049,-17.79,0,"-Alta-",-21.29,-47.164,85,"ByeolBam",-15.158,-63.818,107,"encounter v",22.219,-49.684,0,"si_ho",11.259,-64.775,0,"AI",40.9,-90.65,0,"AI",0,-109.84,0,"AI",-40.8,-90.55,0,155.169,-4.863,-51.501,156.229,3,"ByeolBam",-7.087,-64.369,0,0,,,,,13,2
2,1,1,0,0,0,0,1,0,0,0,255,255,255,1,213.408,"인생최패망자",R,34,91,140,0.678,0.138,1.141,1.674,0.193,1.743,-36.719,61.151,0,0,52.552,-46.378,-0.773,0,0,0,1,5,R,"muyang_",170,80,0.498,0,34,0,0,0,0,0,0,0,0,0,0,0,0,0,0,0,0,0.153,-38.139,0,"Kr_Luna",-0.046,-17.841,0,"-Alta-",-20.453,-45.81,0,"ByeolBam",-15.117,-62.746,0,"encounter v",21.55,-49.067,0,"si_ho",10.999,-65.04,0,"AI",40.9,-90.65,0,"AI",0,-109.84,0,"AI",-40.8,-90.55,0,0,0,0,0,0,"",0,0,0,0,214.609,,,,0,0
3,1,1,0,0,0,1,1,0,0,0,255,255,255,2,228.072,"인생최패망자",R,3,88,111,-3.016,-0.871,0.934,1.568,-0.516,1.457,-36.685,48.911,4,0,-440.607,226.066,-4.261,0,0,1,1,5,R,"muyang_",170,80,0.498,0,34,0,0,0,0,0,0,0,0,0,0,0,0,0,0,0,0,0.365,-38.021,0,"Kr_Luna",-0.014,-17.829,0,"-Alta-",-19.662,-44.327,0,"ByeolBam",-14.272,-63.369,0,"encounter v",20.949,-47.119,0,"si_ho",10.945,-65.359,0,"AI",40.9,-90.65,0,"AI",0,-109.84,0,"AI",-40.8,-90.55,0,0,0,0,0,0,"",0,0,0,0,229.439,,,,0,0
4,1,1,0,0,0,2,1,0,0,0,255,255,255,3,243.595,"인생최패망자",R,26,92,140,-1.56,-0.57,0.918,1.521,-0.848,1.187,-36.535,36.633,2,0,95.872,-199.816,6.501,0,0,0,1,5,R,"muyang_",170,80,0.498,2,34,244.74,255,127,116,101,52,160,84,17.871,23.962,-0.77,0,0.13,51.446,-545.783,-13.515,0.293,-37.431,0,"Kr_Luna",-0.035,-17.843,0,"-Alta-",-20.366,-45.251,0,"ByeolBam",-14.294,-63.392,101,"encounter v",19.701,-47.862,0,"si_ho",10.796,-65.264,0,"AI",40.9,-90.65,0,"AI",0,-109.84,0,"AI",-40.8,-90.55,0,0,0,0,247.619,3,"ByeolBam",-16.506,-65.726,0,0,,,,,9,1
5,1,1,0,0,0,0,2,0,0,0,255,255,255,4,263.993,"인생최패망자",R,13,82,107,-4.398,-0.678,0.654,1.615,-1.383,1.573,-36.533,23.279,1,0,-379.786,312.348,30.787,0,0,0,2,4,R,"coder_",174.6,87.525,0.298,0,70,0,0,0,0,0,0,0,0,0,0,0,0,0,0,0,0,0.419,-37.594,0,"Kr_Luna",-0.339,-17.6,0,"-Alta-",-20.716,-45.695,0,"ByeolBam",-14.761,-63.178,0,"encounter v",20.558,-48.352,0,"si_ho",10.043,-66.819,0,"AI",40.9,-90.65,0,"AI",0,-109.84,0,"AI",-40.8,-90.55,0,0,0,0,0,0,"",0,0,0,0,265.309,,,,0,0
6,1,1,0,0,1,0,2,0,0,0,255,255,255,5,281.135,"인생최패망자",R,26,85,137,-0.025,0.446,1.042,1.653,-0.27,1.664,-36.779,61.279,0,0,157.332,-200,6.335,0,0,0,2,4,R,"coder_",174.6,87.525,0.298,0,70,0,0,0,0,0,0,0,0,0,0,0,0,0,0,0,0,0.403,-37.703,0,"Kr_Luna",-0.02,-17.59,0,"-Alta-",-20.326,-45.913,0,"ByeolBam",-14.764,-63.174,0,"encounter v",20.374,-48.733,0,"si_ho",10.099,-66.72,0,"AI",40.9,-90.65,0,"AI",0,-109.84,0,"AI",-40.8,-90.55,0,0,0,0,0,0,"",0,0,0,0,282.269,,,,0,0
7,1,1,0,0,1,1,2,0,0,0,255,255,255,6,297.014,"인생최패망자",R,13,77,114,-2.84,-1.268,0.969,1.561,-0.611,1.34,-36.67,51.83,2,0,-365.316,341.385,17.248,0,0,1,2,4,R,"coder_",174.6,87.525,0.298,3,70,298.202,234,40,117,148,57,145,111,6.133,38.036,0.82,0,0.429,125.959,-583.132,41.202,0.451,-36.999,0,"Kr_Luna",-0.315,-17.553,0,"-Alta-",-20.332,-45.907,0,"ByeolBam",-14.768,-63.176,0,"encounter v",20.073,-48.6,0,"si_ho",10.068,-66.609,0,"AI",40.9,-90.65,0,"AI",0,-109.84,0,"AI",-40.8,-90.55,0,0,0,0,299.519,2,"-Alta-",-17.551,-43.315,0,0,,,,,84,1
8,1,0,0,0,0,0,0,0,0,0,255,255,255,0,428.979,"눈꽃",R,33,77,127,2.385,1.683,0.387,2.122,0.846,2.408,-36.779,41.906,2,0,115.182,-110.22,10.324,0,0,1,0,5,R,"si_ho",170.2,90.469,0.5,3,69,430.139,224,79,123,80,45,145,82,111.095,21.792,-0.87,0,0.522,587.481,-96.736,-50.175,0.222,-37.133,0,"mochi_2929",-0.043,-17.614,0,"레이나2",-21.341,-44.541,0,"쟈가리코",-16.04,-62.593,0,"coder_",20.712,-53.86,0,"muyang_",14.059,-64.536,0,"AI",40.9,-90.65,0,"AI",0,-109.84,0,"Sabo_10",-49.176,-95.162,0,0,0,0,0,0,"",0,0,0,0,,,,,64,3
9,1,0,0,0,0,1,0,0,0,0,255,255,255,1,449.766,"눈꽃",R,32,91,140,-1.057,-0.641,0.049,1.806,-0.678,1.075,-36.7,4.747,0,0,158.208,-154.942,8.37,0,0,0,0,5,R,"si_ho",170.2,90.469,0.5,0,69,0,0,0,0,0,0,0,0,0,0,0,0,0,0,0,0,-0.03,-37.644,0,"mochi_2929",-0.337,-17.66,0,"레이나2",-21.287,-44.445,0,"쟈가리코",-16.245,-62.663,0,"coder_",18.083,-47.038,0,"muyang_",13.932,-64.429,0,"AI",40.9,-90.65,0,"AI",0,-109.84,0,"Sabo_10",-48.382,-91.55,0,0,0,0,0,0,"",0,0,0,0,451.129,,,,0,0
10,1,0,0,0,0,2,0,0,0,0,255,255,255,2,466.145,"눈꽃",R,10,80,120,-1.548,-2.293,0.016,1.706,-0.673,0.811,-36.699,13,2,0,0,400,8.622,0,0,1,0,5,R,"si_ho",170.2,90.469,0.5,3,69,467.296,255,162,146,117,89,145,80,-30,47.81,1,0,0.564,116.146,-334.141,-307.376,0.103,-37.383,0,"mochi_2929",-0.063,-17.603,0,"레이나2",-21.006,-44.355,76,"쟈가리코",-16.561,-62.295,0,"coder_",17.949,-46.238,0,"muyang_",13.777,-64.522,0,"AI",40.9,-90.65,0,"AI",0,-109.84,0,"Sabo_10",-49.219,-92.588,0,467.179,-0.4,-19.94,469.199,2,"레이나2",-22.317,-40.334,0,0,,,,,80,2
11,1,0,0,0,0,2,0,0,0,0,255,255,255,3,485.235,"눈꽃",R,39,50,93,-0.963,-0.786,-0.008,1.634,-0.743,0.945,-36.623,9.084,2,0,143.927,-158.541,1.045,0,0,1,0,5,R,"si_ho",170.2,90.469,0.5,3,69,486.496,255,155,173,131,96,145,80,-30,59.976,1,0,0.366,420.396,-423.677,-27.829,0.275,-37.346,0,"mochi_2929",-0.06,-17.439,0,"레이나2",-21.172,-44.38,0,"쟈가리코",-14.982,-63.537,0,"coder_",19.448,-49.215,0,"muyang_",13.751,-64.47,0,"AI",40.9,-90.65,0,"AI",0,-109.84,0,"Sabo_10",-48.358,-91.11,0,486.509,-1.892,-21.248,0,0,"",0,0,0,0,,,,,64,3
12,1,0,0,0,0,2,0,0,0,0,255,255,255,4,502.073,"눈꽃",R,39,51,94,-1.409,-1.074,0,1.597,-0.59,0.735,-36.643,13.372,0,0,-10.466,-200,13.204,0,0,1,0,5,R,"si_ho",170.2,90.469,0.5,0,69,0,0,0,0,0,0,0,0,0,0,0,0,0,0,0,0,0.003,-37.744,0,"mochi_2929",0.569,-19.541,0,"레이나2",-21.339,-44.488,0,"쟈가리코",-15.26,-63.09,0,"coder_",18.368,-47.354,0,"muyang_",12.384,-64.439,0,"AI",40.9,-90.65,0,"AI",0,-109.84,0,"Sabo_10",-46.352,-93.767,0,0,0,0,0,0,"",0,0,0,1,503.689,,,,0,0
13,1,0,0,0,0,0,1,0,0,0,255,255,255,5,545.08,"눈꽃",R,13,60,103,1.017,-0.46,0.456,1.89,1.031,1.726,-36.644,12.783,2,0,-349.836,332.287,-6.41,0,0,0,1,2,L,"-Alta-",190,88,0.478,3,69,546.318,255,70,113,87,56,145,118,10.771,18.446,0.78,0,0.5,-79.901,-582.314,-104.599,0.286,-37.344,0,"mochi_2929",0.02,-17.111,0,"레이나2",-20.292,-44.85,0,"쟈가리코",-14.304,-63.683,0,"coder_",22.662,-49.75,0,"muyang_",14.082,-64,79,"AI",40.9,-90.65,0,"AI",0,-109.84,0,"Sabo_10",-44.985,-97.117,0,548.809,-15.832,-89.114,558.769,5,"muyang_",-0.345,-60.661,1,0,,556.777,,,66,2
14,1,0,0,0,0,0,1,0,1,0,255,12,255,6,583.804,"눈꽃",R,28,83,135,-2.301,1.079,-0.046,2.1,-1.1,2.191,-36.699,22.7,1,0,79.084,-90.09,13.265,0,0,0,2,4,L,"encounter v",190,83.172,0.499,0,68,0,0,0,0,0,0,0,0,0,0,0,0,0,0,0,0,-0.302,-37.484,0,"mochi_2929",0.169,-17.519,0,"레이나2",-20.689,-44.293,0,"쟈가리코",-7.871,-63.514,0,"coder_",23.571,-49.037,0,"muyang_",11.779,-64.274,0,"AI",40.9,-90.65,0,"AI",0,-109.84,0,"Sabo_10",-39.075,-96.145,0,0,0,0,0,0,"",0,0,0,0,585.099,586.338,,,0,0
15,1,0,0,0,1,0,1,0,1,0,255,12,255,7,601.97,"눈꽃",R,33,68,120,2.874,0.166,0.434,1.928,1.018,1.591,-36.889,43.134,2,0,127.959,-105.242,2.676,0,0,1,2,4,L,"encounter v",190,83.172,0.499,3,68,602.974,255,144,129,68,0,145,123,26.366,-28.187,0.75,0,0.642,575.429,-14.765,-162.079,0.049,-37.3,0,"mochi_2929",-0.005,-17.386,0,"레이나2",-20.548,-44.83,0,"쟈가리코",-0.651,-62.288,0,"coder_",24.18,-48.902,0,"muyang_",11.491,-63.323,0,"AI",40.9,-90.65,0,"AI",0,-109.84,0,"Sabo_10",-42.565,-97.722,0,608.219,54.524,-116.286,613.969,0,"눈꽃",6.724,-47.453,1,0,,613.953,609.541,614.616,64,2
16,1,0,0,1,0,0,1,0,1,0,255,14,255,8,638.316,"눈꽃",R,27,87,140,0.305,0.558,0.143,1.975,0.001,1.804,-36.695,24.259,2,0,106.069,-115.881,10.275,0,0,1,3,3,R,"ByeolBam",175,92,0.5,3,68,639.242,242,121,135,66,28,145,127,39.282,16.011,0.38,0,0.176,309.586,492.994,-145.303,-0.232,-37.218,0,"mochi_2929",-0.083,-17.374,0,"레이나2",-20.239,-43.574,0,"쟈가리코",-15.502,-63.019,0,"coder_",19.965,-47.72,0,"muyang_",10.756,-61.874,0,"AI",40.9,-90.65,0,"AI",0,-109.84,0,"Sabo_10",-41.798,-99.759,100,643.659,-43.987,-122.167,644.679,8,"Sabo_10",-43.178,-120.053,1,0,,645.83,651.706,,72,2
17,1,0,0,1,0,0,1,0,1,1,255,13,14,9,699.12,"눈꽃",R,28,87,140,0.404,-1.097,0.197,1.729,0.267,0.906,-36.696,17.339,2,0,81.978,-91.874,7.246,0,0,0,4,1,L,"Kr_Luna",190,95.491,0.501,3,67,700.04,215,84,116,79,47,145,104,42.282,-54.008,0.92,0,0.164,309.586,492.994,-145.303,-0.123,-37.086,0,"mochi_2929",0.067,-17.261,0,"레이나2",-20.717,-44.489,0,"쟈가리코",-11.36,-64.558,0,"coder_",21.261,-44.676,0,"muyang_",12.683,-62.348,0,"AI",40.9,-90.65,0,"AI",0,-109.84,0,"Sabo_10",-42.888,-96.392,0,702.549,76.237,-62.863,0,0,"",0,0,0,0,,706.45,703.514,,64,0
18,1,0,0,1,0,1,1,0,1,1,255,13,14,10,728.781,"눈꽃",R,8,58,111,0.75,-0.319,0.304,1.798,0.153,1.411,-36.585,27.916,0,0,90.825,0,8.304,0,0,0,4,1,L,"Kr_Luna",190,95.491,0.501,0,67,0,0,0,0,0,0,0,0,0,0,0,0,0,0,0,0,0.103,-37.22,0,"mochi_2929",0.64,-17.033,0,"레이나2",-20.611,-43.443,0,"쟈가리코",-11.92,-63.825,0,"coder_",22.09,-45.074,0,"muyang_",15.194,-64.004,0,"AI",40.9,-90.65,0,"AI",0,-109.84,0,"Sabo_10",-39.44,-91.743,0,0,0,0,0,0,"",0,0,0,0,728.069,732.443,731.214,,0,0
19,1,0,0,1,0,2,1,0,1,1,255,13,14,11,747.453,"눈꽃",R,41,50,93,-0.948,-0.565,0.047,1.758,-0.325,1.164,-36.734,15.095,2,0,-38.303,-81.671,7.855,0,0,0,4,1,L,"Kr_Luna",190,95.491,0.501,3,67,748.581,254,84,146,87,69,145,130,-0.29,-22.823,0.27,0,0.144,443.117,-368.399,-160.545,-0.019,-37.236,0,"mochi_2929",-0.104,-17.145,105,"레이나2",-20.424,-43.922,0,"쟈가리코",-12.736,-63.58,0,"coder_",21.005,-45.505,0,"muyang_",14.594,-64.015,103,"AI",40.9,-90.65,0,"AI",0,-109.84,0,"Sabo_10",-42.439,-95.086,0,746.709,6.713,-36.094,748.459,5,"muyang_",18.282,-62.108,1,4,751.319,,754.9,,98,2
20,1,0,0,1,0,0,2,1,0,1,11,255,13,12,777.937,"눈꽃",R,33,85,138,-0.629,-0.632,0.041,1.76,-0.419,1.114,-36.581,11.123,0,0,105.034,-102.916,8.284,0,0,0,5,0,R,"인생최패망자",190,80,0.404,0,66,0,0,0,0,0,0,0,0,0,0,0,0,0,0,0,0,0.182,-37.119,0,"mochi_2929",-0.069,-17.54,0,"레이나2",-20.81,-41.822,0,"쟈가리코",-15.368,-62.357,0,"coder_",20.054,-44.049,0,"muyang_",7.094,-62.506,0,"AI",40.9,-90.65,0,"AI",0,-109.84,0,"Sabo_10",-49.939,-100.008,0,0,0,0,0,0,"",0,0,0,0,776.919,,782.201,,0,0
21,1,0,0,1,0,1,2,1,0,1,11,255,13,13,795.192,"눈꽃",R,34,83,135,1.023,-0.674,0.212,1.767,0.311,1.093,-36.637,19.225,2,0,90.767,-90.36,5.668,0,0,1,5,0,R,"인생최패망자",190,80,0.404,3,86,796.054,216,101,110,114,62,145,99,-47.91,-46.237,-0.41,0,0.413,-267.886,143.627,-181.352,0.129,-37.148,0,"mochi_2929",0.283,-17.934,0,"레이나2",-20.429,-44.081,0,"쟈가리코",-15.664,-62.463,0,"coder_",19.486,-43.362,0,"muyang_",12.685,-63.498,0,"AI",40.9,-90.65,0,"AI",0,-109.84,0,"Sabo_10",-45.582,-96.181,0,793.859,0.836,-20.852,0,0,"",0,0,0,0,,,800.813,,64,0
22,1,0,0,1,0,2,2,1,0,1,11,255,13,14,815.192,"눈꽃",R,39,58,99,-0.9,-0.784,0.072,1.582,-0.303,0.947,-36.605,23.442,2,0,-42.838,-158.06,9.436,0,0,1,5,0,R,"인생최패망자",190,80,0.404,3,85,816.23,195,73,82,91,70,145,105,41.503,44.272,-0.1,0,0.456,459.032,20.496,114.19,-0.143,-37.387,0,"mochi_2929",-0.007,-17.393,0,"레이나2",-20.497,-44.023,0,"쟈가리코",-15.279,-63.526,0,"coder_",18.679,-44.725,0,"muyang_",10.45,-61.714,0,"AI",40.9,-90.65,0,"AI",0,-109.84,0,"Sabo_10",-47.639,-95.357,0,819.249,-63.828,-81.488,0,0,"",0,0,0,0,,820.477,827.536,,64,3
23,1,0,0,1,0,2,2,1,0,1,255,255,255,15,844.35,"눈꽃",R,28,79,129,0.202,1.314,0.194,2.155,-0.042,2.435,-36.783,34.689,2,0,86.512,-90.202,9.75,0,0,1,5,0,R,"인생최패망자",190,80,0.404,3,85,845.239,181,82,104,94,38,145,91,113.123,18.056,-0.77,0,0.388,352.717,-78.893,1.471,-0.036,-37.143,0,"mochi_2929",0.107,-17.536,0,"레이나2",-20.54,-44.728,0,"쟈가리코",-16.845,-61.656,0,"coder_",20.035,-45.488,0,"muyang_",12.417,-64.363,0,"AI",40.9,-90.65,0,"AI",0,-109.84,0,"Sabo_10",-47.067,-98.003,0,0,0,0,0,0,"",0,0,0,0,,,848.464,,64,3
24,1,0,0,1,0,2,2,1,0,1,11,255,13,16,862.721,"눈꽃",R,34,81,131,-1.154,-0.005,0.219,2.089,0.236,2.154,-36.679,29.876,2,0,87.195,-66.785,10.325,0,0,1,5,0,R,"인생최패망자",190,80,0.404,3,85,863.634,138,96,117,88,41,143,90,47.332,-40.087,-0.79,0,0.342,237.981,-219.233,-52.923,0.026,-37.047,0,"mochi_2929",0.247,-17.669,0,"레이나2",-20.27,-43.762,0,"쟈가리코",-16.683,-62.367,70,"coder_",19.947,-44.745,0,"muyang_",13.28,-65.106,0,"AI",40.9,-90.65,0,"AI",0,-109.84,0,"Sabo_10",-48.119,-96.142,0,866.519,47.614,-69.426,871.359,3,"쟈가리코",1.336,-59.495,1,0,,868.409,873.631,868.432,65,2
25,1,0,0,2,0,0,2,0,1,1,255,10,11,17,903.386,"눈꽃",R,28,88,140,0.61,0.86,0.187,2.029,0.154,1.987,-36.653,22.799,2,0,77.698,-85.239,9.08,0,0,1,0,5,R,"si_ho",170.2,90.469,0.5,3,67,904.493,210,88,147,81,0,145,125,32.741,48.669,0.53,0,0.526,-92.062,581.07,-104.361,0.059,-37.08,0,"mochi_2929",0.09,-17.265,0,"레이나2",-20.851,-44.07,0,"쟈가리코",-16.579,-62.635,0,"coder_",18.939,-45.54,0,"muyang_",13.544,-63.717,0,"AI",40.9,-90.65,0,"AI",0,-109.84,0,"Sabo_10",-45.764,-96.165,0,0,0,0,0,0,"",0,0,0,0,,912.575,909.07,,64,3
26,1,0,0,2,0,1,2,0,1,1,255,10,11,18,923.484,"눈꽃",R,10,75,119,1.29,-1.124,0.341,1.803,0.552,1.32,-36.632,16.662,2,0,0,275.36,7.91,0,0,1,0,5,R,"si_ho",170.2,90.469,0.5,3,67,924.705,200,49,61,90,31,138,105,-30,43.194,0.9,0,0.553,-396.839,447.529,27.176,0.414,-37.143,0,"mochi_2929",0.019,-17.267,0,"레이나2",-20.737,-44.031,0,"쟈가리코",-17.687,-61.294,0,"coder_",18.878,-44.834,0,"muyang_",10.319,-66.411,0,"AI",40.9,-90.65,0,"AI",0,-109.84,0,"Sabo_10",-50.864,-99.318,0,922.499,-0.094,-18.555,0,0,"",0,0,0,0,,930.262,934.662,,64,3
27,1,0,0,2,0,2,2,0,1,1,255,255,255,19,950.465,"눈꽃",R,27,80,130,-0.034,1.031,0.143,2.046,-0.09,2.053,-36.685,21.36,2,0,46.904,-104.43,12.783,0,0,1,0,5,R,"si_ho",170.2,90.469,0.5,3,67,951.598,255,113,121,112,63,145,84,17.412,5.24,-0.8,0,0.513,550.477,-227.605,60.599,0.041,-37.246,0,"mochi_2929",0.05,-17.346,0,"레이나2",-21.556,-44.507,0,"쟈가리코",-15.787,-62.062,0,"coder_",19.592,-45.465,0,"muyang_",9.545,-65.74,0,"AI",40.9,-90.65,0,"AI",0,-109.84,0,"Sabo_10",-44.169,-97.689,0,953.319,-3.627,-84.007,958.519,0,"눈꽃",1.367,-40.562,1,0,,,955.259,956.923,64,2
28,1,0,0,4,0,0,2,1,0,0,15,255,255,20,980.766,"눈꽃",R,33,82,133,1.93,-0.444,0.3,1.83,0.638,1.241,-36.735,27.3,2,0,132.225,-82.087,4.457,0,0,1,1,2,L,"-Alta-",190,88,0.478,3,67,981.781,255,93,139,81,42,145,130,104.014,58.298,0.55,0,0.583,501.616,206.608,-251.596,0.236,-37.24,0,"mochi_2929",0.176,-17.444,0,"레이나2",-20.248,-44.574,0,"쟈가리코",-8.161,-63.466,0,"coder_",21.236,-47.756,0,"muyang_",14.609,-63.575,0,"AI",40.9,-90.65,0,"AI",0,-109.84,0,"Sabo_10",-43.035,-94.365,0,0,0,0,0,0,"",0,0,0,0,,,,,64,3
29,1,0,0,4,0,1,2,0,0,0,255,255,255,21,999.791,"눈꽃",R,34,82,134,-1.531,0.276,-0.009,2,-0.811,1.87,-36.697,14.891,2,0,65.714,-57.739,9.618,0,0,1,1,2,L,"-Alta-",190,88,0.478,3,52,1000.8,189,73,90,97,36,145,90,42.044,9.825,-0.85,0,0.309,572.337,161.814,62.073,-0.028,-37.234,0,"mochi_2929",-0.154,-17.506,0,"레이나2",-20.087,-42.86,0,"쟈가리코",-9.276,-64.772,0,"coder_",21.536,-45.798,0,"muyang_",13.343,-64.189,93,"AI",40.9,-90.65,0,"AI",0,-109.84,0,"Sabo_10",-43.403,-95.591,0,1004.109,-15.187,-85.894,1005.819,3,"쟈가리코",-15.277,-92.444,1,0,,1005.68,,,66,2
30,1,0,0,4,0,0,2,1,1,0,12,15,255,22,1040.631,"눈꽃",R,33,85,138,-0.359,-0.42,0.11,1.831,-0.313,1.261,-36.644,12.118,0,0,111.634,-84.333,7.484,0,0,0,2,4,L,"encounter v",190,83.172,0.499,0,67,0,0,0,0,0,0,0,0,0,0,0,0,0,0,0,0,0.008,-37.216,0,"mochi_2929",-0.028,-17.297,0,"레이나2",-21.179,-42.84,0,"쟈가리코",-6.435,-64.874,0,"coder_",21.781,-45.438,0,"muyang_",13.778,-64.219,0,"AI",40.9,-90.65,0,"AI",0,-109.84,0,"Sabo_10",-39.612,-92.902,0,0,0,0,0,0,"",0,0,0,0,1039.779,1043.324,,,0,0
31,1,0,0,4,0,1,2,1,1,0,12,15,255,23,1058.312,"눈꽃",R,10,66,109,0.31,-1.04,0.259,1.861,0.084,1.484,-36.597,16.787,4,0,23.846,400,11.652,0,0,1,2,4,L,"encounter v",190,83.172,0.499,0,67,0,0,0,0,0,0,0,0,0,0,0,0,0,0,0,0,0.285,-37.406,0,"mochi_2929",-0.196,-17.339,0,"레이나2",-20.898,-43.934,0,"쟈가리코",-5.609,-63.238,0,"coder_",20.922,-43.199,0,"muyang_",15.279,-65.235,0,"AI",40.9,-90.65,0,"AI",0,-109.84,0,"Sabo_10",-42.232,-94.616,0,0,0,0,0,0,"",0,0,0,0,1057.509,1061.475,,,0,0
32,1,0,0,4,0,2,2,1,1,0,12,15,255,24,1076.069,"눈꽃",R,45,55,97,2.358,-0.419,0.442,1.733,0.56,1.298,-36.717,26.32,2,0,203.466,-53.682,-17.448,0,0,1,2,4,L,"encounter v",190,83.172,0.499,3,67,1077.273,230,108,117,133,62,145,130,13.002,-2.173,0.62,0,0.491,594.503,35.973,-53.644,0.033,-37.341,0,"mochi_2929",-0.036,-17.388,0,"레이나2",-20.271,-44.289,0,"쟈가리코",-2.87,-61.915,0,"coder_",20.146,-43.771,0,"muyang_",14.447,-64.379,0,"AI",40.9,-90.65,0,"AI",0,-109.84,0,"Sabo_10",-41.849,-100.134,0,1080.189,4.473,-143.553,0,0,"",0,0,0,0,,1082.203,1081.694,1086.943,64,4
33,1,0,0,7,0,0,2,0,0,0,255,255,255,25,1118.794,"눈꽃",R,34,77,128,1.272,1.159,0.284,2.07,0.423,2.184,-36.78,31.281,1,0,78.409,-69.728,5.961,0,0,0,3,3,R,"ByeolBam",175,92,0.5,0,67,0,0,0,0,0,0,0,0,0,0,0,0,0,0,0,0,0.143,-37.517,0,"mochi_2929",0.11,-17.218,0,"레이나2",-20.912,-44.439,0,"쟈가리코",-16.617,-62.437,0,"coder_",20.458,-48.272,0,"muyang_",10.736,-66.369,0,"AI",40.9,-90.65,0,"AI",0,-109.84,0,"Sabo_10",-41.593,-97.928,0,0,0,0,0,0,"",0,0,0,0,1117.959,,,,0,0
34,1,0,0,7,1,0,2,0,0,0,255,255,255,26,1131.391,"눈꽃",R,33,82,133,0.515,-0.09,0.203,1.912,-0.187,1.496,-36.689,18.296,2,0,113.064,-89.047,5.137,0,0,1,3,3,R,"ByeolBam",175,92,0.5,3,67,1132.384,153,97,155,81,31,145,86,12.313,24.2,-0.77,0,0.104,76.14,537.796,254.908,0.233,-37.218,0,"mochi_2929",-0.051,-17.167,0,"레이나2",-20.734,-44.416,0,"쟈가리코",-16.566,-62.601,69,"coder_",20.453,-48.303,0,"muyang_",12.221,-65.697,0,"AI",40.9,-90.65,0,"AI",0,-109.84,0,"Sabo_10",-42.466,-99.047,0,1132.369,-21.581,-59.677,1132.589,3,"쟈가리코",-20.525,-57.991,0,0,,,,,33,1
35,2,1,0,7,0,0,0,0,0,0,255,255,255,7,1181.663,"인생최패망자",R,32,88,140,1.272,0.35,1.168,1.669,0.315,1.716,-36.846,65.762,0,0,165.756,-117.203,4.11,0,0,1,3,8,L,"Sabo_10",185,87.575,0.449,0,68,0,0,0,0,0,0,0,0,0,0,0,0,0,0,0,0,0.081,-37.845,0,"Kr_Luna",0.019,-17.54,0,"-Alta-",-20.382,-46.741,0,"ByeolBam",-14.571,-64.257,0,"encounter v",21.493,-48.205,0,"si_ho",12.388,-65.802,0,"AI",40.9,-90.65,0,"AI",0,-109.84,0,"AI",-40.8,-90.55,0,0,0,0,0,0,"",0,0,0,0,1180.769,,,,0,0
36,2,1,0,7,0,1,0,0,0,0,255,255,255,8,1197.89,"인생최패망자",R,13,63,93,1.62,-1.147,1.101,1.577,1.469,1.573,-37.223,90.107,4,0,-308.677,341.614,-21.886,0,0,1,3,8,L,"Sabo_10",185,87.575,0.449,0,68,0,0,0,0,0,0,0,0,0,0,0,0,0,0,0,0,0.186,-38.03,0,"Kr_Luna",0.004,-17.566,0,"-Alta-",-20.47,-47.335,0,"ByeolBam",-14.538,-64.361,0,"encounter v",21.561,-48.204,0,"si_ho",12.411,-65.836,0,"AI",40.9,-90.65,0,"AI",0,-109.84,0,"AI",-40.8,-90.55,0,0,0,0,0,0,"",0,0,0,0,1197.049,,,,0,0
37,2,1,0,7,0,2,0,0,0,0,255,255,255,9,1212.039,"인생최패망자",R,26,92,140,-1.828,0.131,0.89,1.61,-0.977,1.522,-36.582,44.358,4,0,116.339,-189.847,5.8,0,0,1,3,8,L,"Sabo_10",185,87.575,0.449,0,68,0,0,0,0,0,0,0,0,0,0,0,0,0,0,0,0,0.091,-38.335,0,"Kr_Luna",0.025,-17.531,0,"-Alta-",-20.698,-44.904,0,"ByeolBam",-14.592,-64.28,0,"encounter v",21.533,-48.175,0,"si_ho",12.424,-65.806,0,"AI",40.9,-90.65,0,"AI",0,-109.84,0,"AI",-40.8,-90.55,0,0,0,0,0,0,"",0,0,0,0,1211.049,,,,0,0
38,2,1,0,7,0,0,1,0,0,0,255,255,255,10,1229.13,"인생최패망자",R,32,89,140,-1.594,0.035,0.883,1.588,-1.011,1.443,-36.69,45.484,1,0,241.214,-200,12.065,0,0,0,4,2,R,"레이나2",180.2,85.17,0.353,0,68,0,0,0,0,0,0,0,0,0,0,0,0,0,0,0,0,0.101,-37.867,0,"Kr_Luna",0.013,-17.546,0,"-Alta-",-20.562,-45.262,0,"ByeolBam",-14.587,-64.255,0,"encounter v",21.457,-48.206,0,"si_ho",11.272,-67.163,0,"AI",40.9,-90.65,0,"AI",0,-109.84,0,"AI",-40.8,-90.55,0,0,0,0,0,0,"",0,0,0,0,1228.129,,,,0,0
39,2,1,0,7,1,0,1,0,0,0,255,255,255,11,1240.642,"인생최패망자",R,26,76,127,-1.518,0.125,0.893,1.596,-0.965,1.471,-36.819,55.717,1,0,173.62,-200,-1.5,0,0,0,4,2,R,"레이나2",180.2,85.17,0.353,0,68,0,0,0,0,0,0,0,0,0,0,0,0,0,0,0,0,0.438,-37.684,0,"Kr_Luna",0.006,-17.561,0,"-Alta-",-20.689,-46.622,0,"ByeolBam",-14.281,-64.33,0,"encounter v",21.539,-48.219,0,"si_ho",11.223,-65.954,0,"AI",40.9,-90.65,0,"AI",0,-109.84,0,"AI",-40.8,-90.55,0,0,0,0,0,0,"",0,0,0,0,1239.569,,,,0,0
40,2,1,0,7,2,0,1,0,0,0,255,255,255,12,1253.898,"인생최패망자",R,3,72,100,0.949,0.257,1.122,1.631,1.402,1.786,-37.03,69.285,0,0,-454.546,0,3.998,0,0,1,4,2,R,"레이나2",180.2,85.17,0.353,0,68,0,0,0,0,0,0,0,0,0,0,0,0,0,0,0,0,0.198,-38.25,0,"Kr_Luna",-0.002,-17.539,0,"-Alta-",-20.782,-46.586,0,"ByeolBam",-14.289,-64.32,0,"encounter v",19.676,-46.716,0,"si_ho",11.215,-66.033,0,"AI",40.9,-90.65,0,"AI",0,-109.84,0,"AI",-40.8,-90.55,0,0,0,0,0,0,"",0,0,0,0,1253.009,,,,0,0
41,2,1,0,7,2,1,1,0,0,0,255,255,255,13,1264.827,"인생최패망자",R,26,74,125,2.162,1.008,1.109,1.699,0.652,1.991,-36.941,63.113,2,0,157.686,-200,7.688,0,0,1,4,2,R,"레이나2",180.2,85.17,0.353,3,66,1266.013,203,36,88,52,23,145,86,108.23,59.49,-0.84,0,0.172,-447.649,-277.154,285.652,0.479,-38.186,0,"Kr_Luna",-0.015,-17.548,0,"-Alta-",-20.562,-46.634,0,"ByeolBam",-14.29,-64.321,0,"encounter v",20.611,-47.82,0,"si_ho",11.198,-65.967,0,"AI",40.9,-90.65,0,"AI",0,-109.84,0,"AI",-40.8,-90.55,0,1269.809,41.476,6.3,0,0,"",0,0,0,0,,,,,32,3
42,2,1,0,7,2,2,1,0,0,0,255,255,255,14,1280.897,"인생최패망자",R,27,81,132,-0.524,-0.07,0.914,1.537,-0.864,1.268,-36.621,44.567,2,0,86.299,-145.783,1.817,0,0,1,4,2,R,"레이나2",180.2,85.17,0.353,3,66,1281.957,133,68,90,80,38,139,89,-17.63,49.818,0.96,0,0.184,-141.823,324.677,94.717,0.449,-37.246,0,"Kr_Luna",-0.01,-17.554,0,"-Alta-",-20.294,-46.412,0,"ByeolBam",-13.945,-64.119,0,"encounter v",21.147,-47.458,0,"si_ho",9.43,-66.976,0,"AI",40.9,-90.65,0,"AI",0,-109.84,0,"AI",-40.8,-90.55,0,1279.779,-2.922,-21.955,0,0,"",0,0,0,0,,,,,32,3
43,2,1,0,7,2,2,1,0,0,0,255,255,255,15,1295.256,"인생최패망자",R,3,77,103,4.219,-0.005,1.228,1.63,2.743,1.864,-37.073,70.044,3,0,-460.225,91.793,2.998,0.149,-20.899,0,4,2,R,"레이나2",180.2,85.17,0.353,0,66,0,0,0,0,0,0,0,0,0,0,0,0,0,0,0,0,0.008,-37.948,0,"Kr_Luna",-0.377,-18.73,0,"-Alta-",-19.035,-45.621,0,"ByeolBam",-14.009,-62.926,0,"encounter v",19.27,-47.188,0,"si_ho",9.961,-66.643,0,"AI",40.9,-90.65,0,"AI",0,-109.84,0,"AI",-40.8,-90.55,0,0,0,0,0,0,"",0,0,0,0,1296.249,,,,0,6
44,2,1,0,7,0,0,1,1,0,0,2,255,255,16,1315.51,"인생최패망자",R,26,78,129,-2.443,0.231,0.837,1.627,-1.222,1.581,-36.727,47.517,1,0,99.792,-180.264,7.749,0,0,0,5,1,R,"mochi_2929",190,91,0.413,0,40,0,0,0,0,0,0,0,0,0,0,0,0,0,0,0,0,-0.045,-38.093,0,"Kr_Luna",-0.094,-17.844,0,"-Alta-",-19.706,-41.887,0,"ByeolBam",-13.922,-63.633,0,"encounter v",19.823,-47.396,0,"si_ho",10.017,-67.388,0,"AI",40.9,-90.65,0,"AI",0,-109.84,0,"AI",-40.8,-90.55,0,0,0,0,0,0,"",0,0,0,0,1314.589,,,,0,0
45,2,1,0,7,1,0,1,1,0,0,2,255,255,17,1327.425,"인생최패망자",R,32,52,108,1.205,0.463,1.179,1.689,-0.02,1.748,-37.357,96.159,2,0,245.455,-121.228,0.559,0,0,1,5,1,R,"mochi_2929",190,91,0.413,3,40,1328.575,224,87,112,103,63,145,106,21.753,18.63,0.91,0,0.158,-97.785,334.979,486.548,0.635,-37.604,0,"Kr_Luna",0.016,-17.704,0,"-Alta-",-19.888,-44.15,0,"ByeolBam",-13.999,-63.494,0,"encounter v",19.645,-47.413,0,"si_ho",9.346,-67.03,85,"AI",40.9,-90.65,0,"AI",0,-109.84,0,"AI",-40.8,-90.55,0,1330.269,-32.894,-97.587,1335.149,5,"si_ho",-0.759,-59.982,0,0,,,,,33,1
46,2,1,0,7,0,0,2,1,0,0,2,255,255,18,1357.757,"인생최패망자",R,13,70,98,-1.541,-0.336,0.899,1.707,0.105,1.924,-36.967,69.313,2,0,-347.842,312.348,-3.366,0,0,1,6,0,L,"눈꽃",190,90,0.6,3,68,1358.857,240,140,144,126,68,145,130,26.348,19.387,0.48,0,0.354,106.951,87.297,-33.324,0.364,-37.133,0,"Kr_Luna",0,-17.703,0,"-Alta-",-19.29,-44.335,0,"ByeolBam",-13.884,-63.811,0,"encounter v",21.377,-47.954,0,"si_ho",11.059,-66.433,0,"AI",40.9,-90.65,0,"AI",0,-109.84,0,"AI",-40.8,-90.55,0,1364.019,-46.986,-144.627,0,0,"",0,0,0,0,,1364.287,1369.116,1374.001,32,4
47,2,1,2,7,0,0,2,0,0,0,255,255,255,19,1395.164,"인생최패망자",R,28,94,140,-0.623,0.593,1.038,1.724,-0.288,1.906,-36.931,68.333,0,0,-8.424,-53.987,3.573,0,0,1,0,3,L,"쟈가리코",179.8,83.243,0.501,0,68,0,0,0,0,0,0,0,0,0,0,0,0,0,0,0,0,0.189,-38.091,0,"Kr_Luna",0.023,-17.648,0,"-Alta-",-19.763,-44.929,0,"ByeolBam",-11.312,-63.147,0,"encounter v",21.314,-48.114,0,"si_ho",11.577,-65.721,0,"AI",40.9,-90.65,0,"AI",0,-109.84,0,"AI",-40.8,-90.55,0,0,0,0,0,0,"",0,0,0,0,1394.119,,,,0,0
48,2,1,2,7,0,1,2,0,0,0,255,255,255,20,1409.108,"인생최패망자",R,45,57,99,1.333,-0.322,1.028,1.495,0.05,1.207,-36.995,71.465,2,0,225,-168.917,-5.931,0,0,1,0,3,L,"쟈가리코",179.8,83.243,0.501,3,68,1410.418,113,199,54,80,69,135,128,28.057,-16.852,0.65,0,0.466,363.834,-138.108,-63.979,0.16,-37.415,0,"Kr_Luna",0.02,-17.63,0,"-Alta-",-19.639,-45.709,0,"ByeolBam",-11.9,-63.771,0,"encounter v",20.796,-48.018,0,"si_ho",11.797,-65.605,0,"AI",40.9,-90.65,0,"AI",0,-109.84,0,"AI",-40.8,-90.55,0,1413.619,38.578,-131.378,0,0,"",0,0,1,0,,1420.213,1425.226,,32,4
49,2,1,3,7,0,0,2,0,0,0,255,255,255,21,1449.574,"인생최패망자",R,32,85,137,-1.266,-0.046,0.918,1.625,-0.848,1.565,-36.657,46.857,0,0,178.282,-85.144,-3.12,0,0,0,1,5,R,"muyang_",170,80,0.498,0,68,0,0,0,0,0,0,0,0,0,0,0,0,0,0,0,0,0.292,-38.089,0,"Kr_Luna",0.013,-17.635,0,"-Alta-",-19.87,-45.857,0,"ByeolBam",-12.205,-64.819,0,"encounter v",21.124,-48.104,0,"si_ho",10.597,-66.728,0,"AI",40.9,-90.65,0,"AI",0,-109.84,0,"AI",-40.8,-90.55,0,0,0,0,0,0,"",0,0,0,0,1448.509,,,,0,0
50,2,1,3,7,0,1,2,0,0,0,255,255,255,22,1464.376,"인생최패망자",R,13,75,101,-3.228,-1.655,0.883,1.461,-0.674,1.198,-36.774,57.97,2,0,-358.874,311.824,4.584,0,0,0,1,5,R,"muyang_",170,80,0.498,2,68,1465.51,255,222,90,99,92,160,34,-71.622,59.004,-0.87,0,0.386,-126.581,-560.677,-172.101,0.61,-37.576,0,"Kr_Luna",-0.022,-17.658,0,"-Alta-",-20.151,-46.388,0,"ByeolBam",-12.583,-64.783,0,"encounter v",20.133,-46.786,0,"si_ho",10.318,-65.251,0,"AI",40.9,-90.65,0,"AI",0,-109.84,0,"AI",-40.8,-90.55,0,1463.299,-0.767,-20.975,1467.579,0,"인생최패망자",-9.96,-28.353,0,0,,,,,32,2
51,2,1,3,7,0,2,2,0,0,0,255,255,255,23,1490.213,"인생최패망자",R,10,52,88,0.003,-1.652,1.022,1.588,0.129,1.348,-37.164,92.181,2,0,-58.892,326.274,17.941,0,0,1,1,5,R,"muyang_",170,80,0.498,2,33,1491.446,231,160,60,44,46,149,30,-63.036,8.964,0.9,0,0.445,598.046,8.966,47.542,0.608,-37.713,120,"Kr_Luna",0.009,-17.666,0,"-Alta-",-19.704,-46.221,0,"ByeolBam",-13.795,-64.405,0,"encounter v",18.703,-45.753,0,"si_ho",10.311,-65.262,0,"AI",40.9,-90.65,0,"AI",0,-109.84,0,"AI",-40.8,-90.55,0,1489.289,0.011,-21.338,1492.039,0,"인생최패망자",-1.762,-27.468,0,2,,,,,34,2
52,2,0,3,7,0,0,0,0,0,0,255,255,255,27,1539.021,"눈꽃",R,28,90,140,-1.277,-1.518,0.125,1.758,-0.634,0.588,-36.655,8.475,1,0,54.43,-63.545,5.936,0,0,0,4,1,L,"Kr_Luna",190,95.491,0.501,0,68,0,0,0,0,0,0,0,0,0,0,0,0,0,0,0,0,0.016,-37.389,0,"Sabo_10",0.035,-17.991,0,"레이나2",-21.484,-44.026,0,"쟈가리코",-12.343,-63.956,0,"coder_",22.335,-49.486,0,"muyang_",12.056,-65.283,0,"AI",40.9,-90.65,0,"AI",0,-109.84,0,"AI",-40.8,-90.55,0,0,0,0,0,0,"",0,0,0,0,1538.039,,,,0,0
53,2,0,3,7,1,0,0,0,0,0,255,255,255,28,1553.092,"눈꽃",R,26,83,134,3.731,-0.732,0.09,1.762,-0.286,1.061,-36.661,10.882,2,0,103.459,-161.51,10.927,0,0,0,4,1,L,"Kr_Luna",190,95.491,0.501,3,68,1554.041,196,83,128,83,31,145,108,25.754,2.498,0.9,0,0.082,598.046,8.966,47.542,-0.21,-37.221,0,"Sabo_10",0.009,-18.082,0,"레이나2",-20.925,-44.736,0,"쟈가리코",-13.927,-63.851,0,"coder_",22.359,-47.946,0,"muyang_",14.436,-64.344,0,"AI",40.9,-90.65,0,"AI",0,-109.84,0,"AI",-40.8,-90.55,0,1556.139,6.985,-109.378,1562.139,0,"눈꽃",1.172,-39.329,0,0,,,,,32,1
54,2,0,3,7,0,0,1,0,0,0,255,255,255,29,1579.353,"눈꽃",R,32,61,102,2.477,-0.128,0.43,1.791,0.604,1.521,-36.636,31.346,2,0,229.212,-11.534,-13.469,0,0,1,5,0,R,"인생최패망자",190,80,0.404,3,68,1580.358,210,102,148,118,85,145,130,-30,-47.061,0.49,0,0.362,-21.287,-326.126,-501.986,-0.144,-36.941,0,"Sabo_10",0.207,-17.971,0,"레이나2",-21.12,-44.555,0,"쟈가리코",-17.045,-61.895,0,"coder_",20.109,-48.788,0,"muyang_",14.881,-64.283,0,"AI",40.9,-90.65,0,"AI",0,-109.84,0,"AI",-40.8,-90.55,0,1578.129,2.586,-22.876,0,0,"",0,0,0,0,,,,,32,0
55,2,0,3,7,0,1,1,0,0,0,255,255,255,30,1601.534,"눈꽃",R,28,84,137,1.109,0.323,0.218,1.994,0.457,1.85,-36.596,24.404,2,0,67.868,-74.328,7.146,0,0,1,5,0,R,"인생최패망자",190,80,0.404,3,85,1602.427,213,97,146,116,49,145,89,64.784,-40.833,-0.86,0,0.432,572.863,-173.964,19.121,0.041,-37.061,0,"Sabo_10",0.084,-17.996,0,"레이나2",-20.852,-44.172,0,"쟈가리코",-16.028,-62.534,0,"coder_",21.424,-45.69,0,"muyang_",14.725,-63.361,88,"AI",40.9,-90.65,0,"AI",0,-109.84,0,"AI",-40.8,-90.55,0,1606.309,36.437,-53.263,1606.429,5,"muyang_",35.256,-52.108,0,0,,,,,34,1
56,2,0,3,7,0,0,2,0,0,0,255,255,255,31,1630.433,"눈꽃",R,3,54,101,-2.406,-0.087,0.167,1.819,-0.245,1.568,-36.64,14.281,2,0,-388.259,0,-8.633,0,0,1,0,5,R,"si_ho",170.2,90.469,0.5,3,67,1631.706,184,131,193,125,100,145,101,-30,41.764,0.94,0,0.408,-396.575,446.113,-47.037,-0.214,-37.407,0,"Sabo_10",-0.367,-17.847,0,"레이나2",-20.968,-44.135,66,"쟈가리코",-16.956,-62.251,0,"coder_",18.19,-46.954,0,"muyang_",11.601,-65.468,0,"AI",40.9,-90.65,0,"AI",0,-109.84,0,"AI",-40.8,-90.55,0,1629.549,-1.606,-20.419,1631.159,2,"레이나2",-21.325,-42.269,0,0,,,,,48,2
57,3,1,3,7,0,0,0,0,0,0,255,255,255,24,1666.273,"인생최패망자",R,26,73,124,2.521,1.075,1.096,1.728,0.946,2.029,-36.924,68.736,2,0,71.886,-173.466,5.862,0,0,1,2,4,R,"coder_",174.6,87.525,0.298,3,67,1667.391,92,81,76,64,30,130,88,31.656,-25.8,-0.14,0,0.184,-487.775,345.945,-1.968,0.751,-37.522,0,"Kr_Luna",0.1,-17.804,0,"-Alta-",-20.309,-47.265,0,"ByeolBam",-13.228,-64.446,85,"encounter v",21.119,-48.932,0,"si_ho",11.063,-66.171,0,"AI",40.9,-90.65,0,"AI",0,-109.84,0,"AI",-40.8,-90.55,0,1669.379,24.999,-83.34,1673.769,3,"ByeolBam",0.925,-59.988,1,0,,,,,40,2
58,3,1,3,7,0,0,0,1,0,0,4,255,255,25,1697.703,"인생최패망자",R,0,0,0,0,0,0,0,0,0,0,0,0,0,0,0,0,0,0,0,3,1,L,"Sabo_10",185,87.575,0.449,0,67,0,0,0,0,0,0,0,0,0,0,0,0,0,0,0,0,0,0,0,"",0,0,0,"",0,0,0,"",0,0,0,"",0,0,0,"",0,0,0,"",0,0,0,"",0,0,0,"",0,0,0,0,0,0,0,0,"",0,0,0,0,1696.809,,,,0,0
59,3,1,3,7,1,0,0,1,0,0,4,255,255,26,1719.523,"인생최패망자",R,26,80,130,-1.181,0.791,0.933,1.726,-0.775,1.905,-36.796,61.953,0,0,157.077,-188.763,1.281,0,0,1,3,1,L,"Sabo_10",185,87.575,0.449,0,67,0,0,0,0,0,0,0,0,0,0,0,0,0,0,0,0,0.253,-37.688,0,"Kr_Luna",-0.128,-17.825,0,"-Alta-",-19.247,-41.515,0,"ByeolBam",-11.61,-63.679,0,"encounter v",21.235,-48.066,0,"si_ho",12.423,-65.87,0,"AI",40.9,-90.65,0,"AI",0,-109.84,0,"AI",-40.8,-90.55,0,0,0,0,0,0,"",0,0,0,0,1718.519,,,,0,0
60,3,1,3,7,1,1,0,1,0,0,4,255,255,27,1739.347,"인생최패망자",R,13,71,99,-0.018,-0.196,0.972,1.744,0.726,2.034,-37.041,82.395,2,0,-338.142,329.909,6.221,0,0,1,3,1,L,"Sabo_10",185,87.575,0.449,3,67,1740.489,230,111,124,122,70,145,125,26.932,34.199,0.75,0,0.697,-35.486,-480.916,-354.492,0.608,-37.556,0,"Kr_Luna",-0.005,-17.641,106,"-Alta-",-19.523,-45.11,0,"ByeolBam",-9.967,-62.011,0,"encounter v",21.151,-47.904,0,"si_ho",12.055,-65.651,0,"AI",40.9,-90.65,0,"AI",0,-109.84,0,"AI",-40.8,-90.55,0,1743.089,-49.629,-119.16,1749.509,0,"인생최패망자",-12.466,-54.03,1,0,1751.049,1743.189,1748.18,1752.879,48,2
61,3,1,4,7,0,0,0,0,1,0,255,1,255,28,1777.063,"인생최패망자",R,13,67,96,-2.784,-1.505,0.775,1.497,-0.45,1.273,-36.879,64.457,1,0,-340.486,312.715,-2.476,0,0,0,4,2,R,"레이나2",180.2,85.17,0.353,0,68,0,0,0,0,0,0,0,0,0,0,0,0,0,0,0,0,0.123,-37.161,0,"Kr_Luna",0.038,-17.719,0,"-Alta-",-19.219,-42.595,0,"ByeolBam",-14.15,-63.337,0,"encounter v",20.977,-43.147,0,"si_ho",4.836,-63.974,0,"AI",40.9,-90.65,0,"AI",0,-109.84,0,"AI",-40.8,-90.55,0,0,0,0,0,0,"",0,0,0,0,1776.109,1779.521,,,0,0
62,3,1,4,7,1,0,0,0,1,0,255,1,255,29,1790.16,"인생최패망자",R,26,82,133,-2.041,0.322,0.886,1.635,-0.996,1.604,-36.654,53.264,1,0,56.097,-200,9.193,0,0,0,4,2,R,"레이나2",180.2,85.17,0.353,0,68,0,0,0,0,0,0,0,0,0,0,0,0,0,0,0,0,0.375,-37.466,0,"Kr_Luna",0.017,-17.688,0,"-Alta-",-19.732,-45.838,0,"ByeolBam",-14.142,-63.2,0,"encounter v",22.158,-45.197,0,"si_ho",4.447,-63.666,0,"AI",40.9,-90.65,0,"AI",0,-109.84,0,"AI",-40.8,-90.55,0,0,0,0,0,0,"",0,0,0,0,1789.009,1793.189,,,0,0
63,3,1,4,7,2,0,0,0,1,0,255,1,255,30,1802.741,"인생최패망자",R,27,81,132,-0.19,0.497,1.051,1.679,-0.226,1.753,-36.729,59.617,2,0,75.234,-149.081,1.945,0,0,1,4,2,R,"레이나2",180.2,85.17,0.353,3,68,1803.677,168,60,96,40,0,145,130,-30,35.762,0.58,0,0.185,-181.541,538.126,190.433,0.602,-36.979,0,"Kr_Luna",0.01,-17.729,0,"-Alta-",-20.391,-46.457,0,"ByeolBam",-14.217,-63.069,0,"encounter v",20.406,-48.004,0,"si_ho",7.349,-64.808,0,"AI",40.9,-90.65,0,"AI",0,-109.84,0,"AI",-40.8,-90.55,0,1801.419,-1.372,-20.725,1802.709,2,"-Alta-",-17.635,-43.154,0,0,,,1810.247,,34,2
64,3,1,4,7,0,0,1,0,0,1,255,255,1,31,1834.248,"인생최패망자",R,10,67,110,2.244,-0.352,0.956,1.742,0.951,1.954,-37.274,97.194,2,0,0,394.849,-2.931,0,0,1,5,0,L,"눈꽃",190,90,0.6,3,68,1835.308,244,124,73,136,66,145,117,-0.64,-40.086,0.85,0,0.379,-445.665,386.318,-110.186,0.442,-37.098,0,"Kr_Luna",0.129,-17.786,0,"-Alta-",-21.199,-47.353,0,"ByeolBam",-13.438,-63.989,0,"encounter v",16.396,-42.298,0,"si_ho",11.307,-65.81,84,"AI",40.9,-90.65,0,"AI",0,-109.84,0,"AI",-40.8,-90.55,0,1833.499,10.198,-32.631,1843.529,5,"si_ho",15.898,-70.763,1,0,,1845.073,1835.777,1841.791,33,2
65,3,1,5,7,0,0,1,0,1,0,255,0,255,32,1868.386,"인생최패망자",R,10,67,98,0.222,-1.765,0.987,1.533,0.072,1.218,-37.031,78.104,4,0,0,400,-1.996,0,0,1,6,8,R,"SUGUN",175,81.662,0.502,0,68,0,0,0,0,0,0,0,0,0,0,0,0,0,0,0,0,0.368,-37.645,0,"Kr_Luna",0.037,-17.673,0,"-Alta-",-19.42,-43.172,0,"ByeolBam",-13.992,-62.987,0,"encounter v",20.731,-42.127,0,"si_ho",4.635,-62.98,0,"AI",40.9,-90.65,0,"AI",0,-109.84,0,"AI",-40.8,-90.55,0,0,0,0,0,0,"",0,0,0,0,1867.439,1871.345,,,0,0
66,3,1,5,7,0,1,1,0,1,0,255,0,255,33,1886.987,"인생최패망자",R,10,70,100,-0.375,-2.042,0.927,1.493,-0.186,1.075,-36.858,63.203,2,0,0,400,-26.314,0,0,1,6,8,R,"SUGUN",175,81.662,0.502,3,49,1887.996,255,220,130,129,87,145,113,-30,35.705,0.89,0,0.306,-33.673,-301.49,-391.287,0.307,-37.441,0,"Kr_Luna",0.015,-17.661,0,"-Alta-",-20.517,-46.378,120,"ByeolBam",-13.792,-63.112,0,"encounter v",19.586,-44.981,87,"si_ho",6.42,-62.97,0,"AI",40.9,-90.65,0,"AI",0,-109.84,0,"AI",-40.8,-90.55,0,1885.729,-0.402,-21.498,1887.279,2,"-Alta-",-16.838,-44.404,0,0,,,1892.555,,38,2
67,3,1,5,7,0,0,2,0,0,1,255,255,0,34,1913.128,"인생최패망자",R,32,87,140,-0.933,0.197,0.937,1.616,-0.76,1.537,-36.679,51.893,2,0,240.799,-200,19.816,0,0,1,0,3,L,"쟈가리코",179.8,83.243,0.501,3,68,1914.164,255,110,111,73,57,145,101,35.11,-13.723,-0.08,0,0.417,451.87,-195.431,127.632,0.502,-37.511,0,"Kr_Luna",0.018,-17.458,0,"-Alta-",-19.808,-47.524,0,"ByeolBam",-13.369,-63.224,0,"encounter v",18.772,-44.83,0,"si_ho",12.273,-65.656,0,"AI",40.9,-90.65,0,"AI",0,-109.84,0,"AI",-40.8,-90.55,0,1917.359,23.359,-100.77,0,0,"",0,0,0,0,,,,1919.061,32,1
68,3,0,5,7,0,0,0,0,0,0,255,255,255,32,1962.191,"눈꽃",R,10,52,100,1.529,-1.924,0.318,1.845,0.637,0.984,-36.733,21.09,2,0,9.537,400,6.133,0,0,1,1,2,L,"-Alta-",190,88,0.478,3,68,1963.472,213,40,45,108,59,134,107,-30,-38.427,0.9,0,0.35,-451.214,-331.34,213.122,0.262,-37.291,0,"Sabo_10",0.502,-18.017,0,"레이나2",-20.571,-45.396,85,"쟈가리코",-12.66,-64.289,0,"coder_",21.065,-48.977,102,"muyang_",12.093,-65.332,0,"AI",40.903,-90.653,0,"AI",0,-109.843,0,"SUGUN",-36.084,-87.385,0,1961.229,0.609,-20.973,1962.799,4,"coder_",19.315,-44.511,0,0,,,,,52,2
69,3,0,5,7,0,0,1,0,0,0,255,255,255,33,1986.254,"눈꽃",R,39,55,97,-1.359,-1.176,-0.038,1.507,-0.943,0.673,-36.639,22.922,1,0,160.854,-178.287,-3.078,0,0,0,2,4,L,"encounter v",190,83.172,0.499,0,67,0,0,0,0,0,0,0,0,0,0,0,0,0,0,0,0,0.067,-37.381,0,"Sabo_10",0.096,-17.804,0,"레이나2",-20.426,-44.186,0,"쟈가리코",-11.979,-64.902,0,"coder_",22.823,-49.67,0,"muyang_",18.413,-65.405,0,"AI",40.902,-90.652,0,"AI",0,-109.842,0,"SUGUN",-35.675,-85.094,0,0,0,0,0,0,"",0,0,0,0,1985.769,,,,0,0
70,3,0,5,7,1,0,1,0,0,0,255,255,255,34,1999.274,"눈꽃",R,39,57,99,1.147,0.387,0.395,1.958,0.764,1.671,-36.722,20.532,2,0,-129.695,-151.334,7.479,0,0,1,2,4,L,"encounter v",190,83.172,0.499,3,67,2000.393,255,132,88,126,90,145,106,23.701,-21.202,0.91,0,0.556,-21.753,-412.289,-432.609,0.163,-37.245,0,"Sabo_10",0.34,-18.152,0,"레이나2",-20.068,-44.293,0,"쟈가리코",-11.626,-64.853,85,"coder_",22.868,-49.375,0,"muyang_",15.884,-63.574,0,"AI",40.903,-90.653,0,"AI",0,-109.843,0,"SUGUN",-36.937,-85.754,0,2002.489,40.71,-99.149,2007.419,3,"쟈가리코",1.51,-60.602,0,0,,,,,33,1
71,3,0,5,7,0,0,2,0,0,0,255,255,255,35,2025.11,"눈꽃",R,39,51,94,2.058,-1.409,0.454,1.52,1.057,0.595,-36.716,34.071,1,0,-75.692,-156.74,7.709,0,0,0,3,3,R,"ByeolBam",175,90,0.5,0,67,0,0,0,0,0,0,0,0,0,0,0,0,0,0,0,0,-0.019,-37.595,0,"Sabo_10",0.17,-17.813,0,"레이나2",-21.078,-43.976,0,"쟈가리코",-16.508,-62.201,0,"coder_",21.546,-49.486,0,"muyang_",9.774,-66.961,0,"AI",40.902,-90.652,0,"AI",0,-109.842,0,"SUGUN",-38.227,-86.585,0,0,0,0,0,0,"",0,0,0,0,2024.379,,,,0,0
72,3,0,5,7,1,0,2,0,0,0,255,255,255,36,2036.63,"눈꽃",R,39,58,99,1.395,-0.994,0.336,1.677,0.775,0.822,-36.662,23.289,0,0,-83.074,-168.41,2.568,0,0,1,3,3,R,"ByeolBam",175,90,0.5,0,67,0,0,0,0,0,0,0,0,0,0,0,0,0,0,0,0,0.019,-37.68,0,"Sabo_10",0.259,-17.798,0,"레이나2",-20.788,-44.221,0,"쟈가리코",-16.478,-62.241,0,"coder_",21.409,-49.644,0,"muyang_",10.134,-65.581,0,"AI",40.902,-90.652,0,"AI",0,-109.842,0,"SUGUN",-38.218,-86.521,0,0,0,0,0,0,"",0,0,0,0,2035.849,,,,0,0
73,3,0,5,7,1,1,2,0,0,0,255,255,255,37,2051.092,"눈꽃",R,40,58,99,-1.248,-1.191,0.048,1.517,-0.343,0.753,-36.641,26.268,1,0,-94.596,-139.653,18.329,0,0,0,3,3,R,"ByeolBam",175,90,0.5,0,67,0,0,0,0,0,0,0,0,0,0,0,0,0,0,0,0,-0.192,-37.379,0,"Sabo_10",-0.285,-17.845,0,"레이나2",-21.013,-44.195,0,"쟈가리코",-16.185,-62.296,0,"coder_",22.012,-50.887,0,"muyang_",6.529,-67.402,0,"AI",40.902,-90.652,0,"AI",0,-109.842,0,"SUGUN",-38.294,-86.489,0,0,0,0,0,0,"",0,0,0,0,2050.319,,,,0,0
74,3,0,5,7,2,1,2,0,0,0,255,255,255,38,2064.54,"눈꽃",R,27,76,127,-0.794,-1.03,-0.036,1.642,-0.413,0.867,-36.609,14.062,2,0,44.358,-126.011,15.266,0,0,1,3,3,R,"ByeolBam",175,90,0.5,3,67,2065.511,178,143,126,92,32,145,105,-30,52.379,0.93,0,0.092,-206.589,560.894,38.983,0.177,-37.145,0,"Sabo_10",-0.235,-17.96,0,"레이나2",-20.722,-44.295,0,"쟈가리코",-16.46,-62.559,0,"coder_",22.041,-50.776,0,"muyang_",9.617,-66.549,0,"AI",40.903,-90.653,0,"AI",0,-109.843,0,"SUGUN",-38.144,-86.689,0,2063.259,-1.013,-19.445,0,0,"",0,0,0,0,,,,,32,3
75,3,0,5,7,2,2,2,0,0,0,255,255,255,39,2079.829,"눈꽃",R,28,85,138,0.711,0.671,0.243,2.05,0.236,1.916,-36.717,26.36,0,0,46.698,-62.283,8.713,0,0,0,3,3,R,"ByeolBam",175,90,0.5,0,67,0,0,0,0,0,0,0,0,0,0,0,0,0,0,0,0,0.186,-37.558,0,"Sabo_10",-0.08,-17.93,0,"레이나2",-21.282,-44.305,0,"쟈가리코",-16.852,-62.13,0,"coder_",22.965,-50.671,0,"muyang_",11.853,-65.694,0,"AI",40.902,-90.652,0,"AI",0,-109.842,0,"SUGUN",-39.369,-86.889,0,0,0,0,0,0,"",0,0,0,0,2078.889,,,,0,0
76,4,1,5,7,0,0,0,0,0,0,255,255,255,35,2111.723,"인생최패망자",R,32,83,135,0.184,-0.039,1.043,1.489,-0.266,1.433,-36.519,41.699,2,0,220.593,-200,9.062,0,0,0,1,5,R,"muyang_",170,80,0.498,2,67,2112.804,255,255,167,52,59,160,83,17.324,-7.997,-0.84,0,0.206,588.296,116.733,16.784,0.588,-37.052,0,"Kr_Luna",-0.01,-17.708,0,"-Alta-",-20.033,-46.709,0,"ByeolBam",-13.036,-63.057,0,"encounter v",12.432,-37.452,0,"si_ho",9.985,-66.844,95,"AI",40.9,-90.65,0,"AI",0,-109.84,0,"AI",-40.8,-90.55,0,0,0,0,2114.389,5,"si_ho",7.109,-76.283,0,0,,,,,33,1
77,4,1,5,7,0,0,1,0,0,0,255,255,255,36,2138.647,"인생최패망자",R,13,77,103,-1.785,-1.639,1.041,1.505,-0.183,1.318,-36.93,70.036,4,0,-291.231,391.49,-0.12,-0.576,-18.344,1,2,4,R,"coder_",174.6,87.525,0.298,0,67,0,0,0,0,0,0,0,0,0,0,0,0,0,0,0,0,0.06,-37.722,0,"Kr_Luna",-0.003,-17.571,0,"-Alta-",-20.273,-45.586,0,"ByeolBam",-13.817,-64.442,0,"encounter v",19.897,-46.252,0,"si_ho",10.691,-66.465,0,"AI",40.9,-90.65,0,"AI",0,-109.84,0,"AI",-40.8,-90.55,0,0,0,0,0,0,"",0,0,0,0,2137.829,,,,0,0
78,4,1,5,7,0,1,1,0,0,0,255,255,255,37,2151.854,"인생최패망자",R,38,26,88,3.537,-0.073,0.94,1.535,1.293,2.018,-37.676,141.371,2,0,38.961,-6.962,2.843,0,0,1,2,4,R,"coder_",174.6,87.525,0.298,3,67,2153.197,68,19,20,15,8,20,32,52.179,12.029,-0.73,0,0.142,430.571,-327.064,-234.545,0.779,-37.307,0,"Kr_Luna",0.099,-17.704,0,"-Alta-",-20.028,-45.555,0,"ByeolBam",-13.827,-64.461,0,"encounter v",19.788,-46.263,0,"si_ho",10.693,-66.409,0,"AI",40.9,-90.65,0,"AI",0,-109.84,0,"AI",-40.8,-90.55,0,0,0,0,2154.279,0,"인생최패망자",-1.786,-32.908,0,0,,,,,32,1
79,4,1,5,7,0,0,2,0,0,0,255,255,255,38,2180.852,"인생최패망자",R,13,74,101,-0.961,-1.435,1.128,1.455,0.311,1.236,-36.916,77.203,2,0,-355.622,316.212,-7.777,0,0,0,3,1,L,"Sabo_10",185,87.575,0.449,3,67,2182.06,196,64,108,107,46,145,123,25.292,-29.779,0.74,0,0.59,85.446,-320.779,-97.741,0.416,-37.635,0,"Kr_Luna",0.006,-17.884,0,"-Alta-",-19.937,-46.956,0,"ByeolBam",-12.617,-64.357,0,"encounter v",20.957,-46.556,0,"si_ho",12.959,-65.622,87,"AI",40.9,-90.65,0,"AI",0,-109.84,0,"AI",-40.8,-90.55,0,2184.449,60.507,-109.493,2190.219,5,"si_ho",10.577,-68.357,1,0,,2191.65,,,33,2
80,4,1,5,7,0,0,2,0,1,0,255,1,255,39,2213.951,"인생최패망자",R,33,73,124,3.865,1.344,1.089,1.753,1.397,2.313,-36.889,65.904,4,0,112.945,-84.577,0.049,-0.363,-21.668,1,3,2,R,"레이나2",180.2,85.17,0.353,0,67,0,0,0,0,0,0,0,0,0,0,0,0,0,0,0,0,0.394,-36.16,0,"Kr_Luna",-0.477,-19.091,0,"-Alta-",-19.282,-44.601,0,"ByeolBam",-13.793,-62.444,0,"encounter v",20.787,-44.04,0,"si_ho",5.984,-63.355,0,"AI",40.9,-90.65,0,"AI",0,-109.84,0,"AI",-40.8,-90.55,0,0,0,0,0,0,"",0,0,0,0,2214.929,2217.05,,,0,0
81,4,1,5,7,0,1,2,0,1,0,255,1,255,40,2232.802,"인생최패망자",R,33,83,134,1.202,0.944,1.084,1.759,0.274,2.16,-37.142,85.841,2,0,100.802,-85.87,-0.196,0,0,1,3,2,R,"레이나2",180.2,85.17,0.353,3,66,2233.764,216,93,85,62,31,145,86,25.892,10.994,-0.87,0,0.17,584.218,65.799,-114.719,0.64,-37.244,0,"Kr_Luna",0.078,-17.805,102,"-Alta-",-20.362,-46.717,0,"ByeolBam",-13.8,-62.392,107,"encounter v",20.107,-46.05,0,"si_ho",5.838,-62.57,0,"AI",40.9,-90.65,0,"AI",0,-109.84,0,"AI",-40.8,-90.55,0,2236.529,-15.258,-93.779,2240.199,3,"쟈가리코",-9.45,-73.573,1,0,2242.899,,2238.826,2243.767,56,2
82,4,1,6,7,0,0,2,1,0,0,2,255,255,41,2266.872,"인생최패망자",R,10,78,118,-1.419,-0.417,0.982,1.719,-0.549,1.884,-36.72,61.768,2,0,0,400,-0.113,0,0,1,4,0,L,"눈꽃",190,90,0.6,3,67,2267.938,255,152,133,104,78,145,127,90.076,89.821,0.27,0,0.622,516.709,154.408,-260.713,0.556,-37.153,0,"Kr_Luna",-0.011,-17.151,0,"-Alta-",-19.334,-45.062,0,"ByeolBam",-12.208,-65.233,0,"encounter v",22.249,-48.16,0,"si_ho",10.679,-66.315,0,"AI",40.9,-90.65,0,"AI",0,-109.84,0,"AI",-40.8,-90.55,0,0,0,0,0,0,"",0,0,0,0,,,,,32,3
83,4,1,6,7,0,1,2,1,0,0,2,255,255,42,2283.2,"인생최패망자",R,2,46,93,1.844,0.131,1.003,1.515,1.571,1.31,-36.921,69.815,4,0,-330.095,-312.348,0,0,0,1,4,0,L,"눈꽃",190,90,0.6,0,67,0,0,0,0,0,0,0,0,0,0,0,0,0,0,0,0,0.258,-37.76,0,"Kr_Luna",0.032,-17.126,0,"-Alta-",-19.685,-41.603,0,"ByeolBam",-11.769,-64.27,0,"encounter v",21.422,-46.951,0,"si_ho",10.323,-65.996,0,"AI",40.9,-90.65,0,"AI",0,-109.84,0,"AI",-40.8,-90.55,0,0,0,0,0,0,"",0,0,0,0,2282.409,,,,0,0
84,4,1,6,7,0,2,2,1,0,0,2,255,255,43,2299.983,"인생최패망자",R,10,64,96,-0.012,-2.029,0.967,1.475,-0.029,1.017,-36.935,75.144,4,0,0,400,0,-0.063,-19.387,1,4,0,L,"눈꽃",190,90,0.6,0,67,0,0,0,0,0,0,0,0,0,0,0,0,0,0,0,0,0.14,-37.969,0,"Kr_Luna",-1.14,-20.612,0,"-Alta-",-19.567,-42.085,0,"ByeolBam",-12.621,-63.988,0,"encounter v",21.302,-46.363,0,"si_ho",10.71,-65.951,0,"AI",40.9,-90.65,0,"AI",0,-109.84,0,"AI",-40.8,-90.55,0,0,0,0,0,0,"",0,0,0,16,2299.279,,,,0,0
85,4,0,6,7,0,0,0,0,0,0,255,255,255,40,2344.715,"눈꽃",R,27,87,140,-0.474,0.653,0.092,2.014,-0.36,1.906,-36.661,24.966,2,0,110.215,-117.089,12.887,0,0,0,4,1,L,"Kr_Luna",190,95.491,0.501,3,67,2345.632,203,109,118,65,28,145,104,9.994,-12.283,0.92,0,0.113,516.709,154.408,-260.713,-0.154,-37.098,0,"Sabo_10",-0.038,-17.995,0,"레이나2",-21.489,-44.726,0,"쟈가리코",-12.94,-64.388,0,"SUGUN",22.294,-53.26,65,"muyang_",15.397,-63.402,0,"AI",40.9,-90.65,0,"AI",0,-109.84,0,"AI",-40.8,-90.55,0,2345.499,15.877,-71.92,2357.249,3,"쟈가리코",3.442,-65.299,1,0,,2355.769,2360.649,,49,2
86,4,0,6,7,0,0,0,0,0,1,255,255,11,41,2383.784,"눈꽃",R,3,67,108,0.527,0.263,0.45,1.984,1.059,2.093,-36.707,25.562,0,0,-435.474,230.81,-0.264,0,0,1,5,0,R,"인생최패망자",190,80,0.404,0,67,0,0,0,0,0,0,0,0,0,0,0,0,0,0,0,0,-0.029,-37.578,0,"Sabo_10",0.247,-17.867,0,"레이나2",-20.974,-42.176,0,"쟈가리코",-15.216,-58.995,0,"SUGUN",17.869,-46.88,0,"muyang_",13.804,-65.181,0,"AI",40.9,-90.65,0,"AI",0,-109.84,0,"AI",-40.8,-90.55,0,0,0,0,0,0,"",0,0,0,0,2382.809,,2386.345,,0,0
87,4,0,6,7,0,1,0,0,0,1,255,255,11,42,2405.25,"눈꽃",R,33,80,131,0.521,1.568,0.242,2.146,0.064,2.501,-36.862,41.307,2,0,103.314,-77.417,11.066,0,0,1,5,0,R,"인생최패망자",190,80,0.404,3,85,2406.108,9,11,0,24,0,1,42,-20,-16.805,0.38,1,0.479,572.566,-173.169,31.332,-0.206,-37.176,0,"Sabo_10",0.135,-18.038,115,"레이나2",-21.18,-44.242,0,"쟈가리코",-15.95,-62.252,0,"SUGUN",19.831,-47.856,107,"muyang_",14.701,-64.469,0,"AI",40.9,-90.65,0,"AI",0,-109.84,0,"AI",-40.8,-90.55,0,2404.169,1.224,-24.579,2407.129,4,"SUGUN",9.512,-40.632,1,0,2408.459,,,2410.377,52,2
88,4,0,6,8,0,0,0,1,0,0,10,255,255,43,2433.913,"눈꽃",R,34,86,139,1.918,-0.149,0.255,1.876,0.72,1.434,-36.636,21.245,2,0,78.262,-70.581,7.314,0,0,1,0,5,R,"si_ho",170.2,90.469,0.5,3,67,2435.022,220,77,127,87,12,145,117,-30,47.499,0.18,0,0.479,-58.4,593.142,42.201,0.047,-37.045,0,"Sabo_10",-0.138,-17.949,0,"레이나2",-19.948,-43.852,0,"쟈가리코",-15.773,-63.055,0,"SUGUN",20.129,-47.905,0,"muyang_",9.341,-64.384,0,"AI",40.9,-90.65,0,"AI",0,-109.84,0,"AI",-40.8,-90.55,0,2432.759,-1.019,-18.79,0,0,"",0,0,0,0,,,,,16,3
89,4,0,6,8,0,1,0,1,0,0,10,255,255,44,2451.987,"눈꽃",R,3,66,112,-0.966,0.019,0.289,1.869,0.128,1.61,-36.707,21.589,2,0,-303.535,0,-1.927,0,0,1,0,5,R,"si_ho",170.2,90.469,0.5,3,67,2453.159,255,92,110,89,105,145,126,106.57,-57.382,0.3,0,0.405,375.711,-450.559,119.749,-0.033,-37.155,0,"Sabo_10",0.029,-17.834,0,"레이나2",-20.256,-43.508,0,"쟈가리코",-17.08,-62.567,0,"SUGUN",24.169,-51.443,0,"muyang_",8.462,-63.933,0,"AI",40.9,-90.65,0,"AI",0,-109.84,0,"AI",-40.8,-90.55,0,0,0,0,0,0,"",0,0,0,0,,,,,16,3
90,4,0,6,8,0,2,0,1,0,0,10,255,255,45,2473.96,"눈꽃",R,0,73,124,-1.501,-0.952,0.105,1.804,-0.657,1.046,-36.662,14.587,1,0,0,0,6.513,0,0,0,0,5,R,"si_ho",170.2,90.469,0.5,0,67,0,0,0,0,0,0,0,0,0,0,0,0,0,0,0,0,0.325,-37.377,0,"Sabo_10",-1.426,-18.515,0,"레이나2",-20.573,-42.083,0,"쟈가리코",-15.398,-62.288,0,"SUGUN",23.492,-52.256,0,"muyang_",7.395,-62.667,0,"AI",40.9,-90.65,0,"AI",0,-109.84,0,"AI",-40.8,-90.55,0,0,0,0,0,0,"",0,0,0,0,2473.109,,,,0,0
91,4,0,6,8,1,2,0,1,0,0,10,255,255,46,2492.739,"눈꽃",R,3,69,112,-2.988,-1.337,0.25,1.76,-0.2,0.866,-36.933,32.141,2,0,-399.903,1.582,6.067,0,0,1,0,5,R,"si_ho",170.2,90.469,0.5,3,67,2493.935,255,159,129,150,24,145,107,1.627,42.39,0.91,0,0.505,243.892,-294.218,459.306,0.067,-37.195,0,"Sabo_10",-0.241,-18.05,0,"레이나2",-19.88,-43.204,0,"쟈가리코",-17.182,-61.758,0,"SUGUN",23.732,-51.248,0,"muyang_",10.484,-63.962,86,"AI",40.9,-90.65,0,"AI",0,-109.84,0,"AI",-40.8,-90.55,0,2492.199,-12.347,-32.474,2504.299,5,"muyang_",-1.671,-60.019,1,0,,2498.316,2503.056,,18,2
92,4,0,6,8,0,0,0,0,1,1,255,15,10,47,2529.79,"눈꽃",R,34,80,130,-1.339,0.675,0.04,2.024,-0.708,1.944,-36.708,21.52,2,0,82.339,-79.217,10.354,0,0,1,1,2,L,"-Alta-",190,88,0.478,3,50,2530.774,255,69,123,102,54,145,91,25.333,17.132,-0.79,0,0.423,216.25,556.536,-48.009,-0.056,-37.192,0,"Sabo_10",-0.211,-18.003,0,"레이나2",-19.94,-44.545,0,"쟈가리코",-13.03,-63.544,0,"SUGUN",19.744,-46.361,0,"muyang_",10.795,-61.821,92,"AI",40.9,-90.65,0,"AI",0,-109.84,0,"AI",-40.8,-90.55,0,2533.409,-33.081,-91.343,2537.569,5,"muyang_",-5.553,-64.455,0,0,2540.609,2536.075,2533.782,2541.082,22,1
93,4,0,6,9,0,0,1,0,1,0,255,15,255,48,2566.472,"눈꽃",R,33,81,132,1.005,-0.342,0.282,1.846,0.258,1.299,-36.723,20.074,2,0,115.333,-89.756,7.522,0,0,1,2,4,L,"encounter v",190,83.172,0.499,3,67,2567.53,255,109,101,124,48,145,130,95.008,82.5,0.47,0,0.399,528.726,-273.703,-56.053,0.143,-37.232,0,"Sabo_10",0.142,-17.993,0,"레이나2",-20.437,-44.95,0,"쟈가리코",-9.126,-65.69,0,"SUGUN",20.242,-48.589,0,"muyang_",13.613,-63.767,0,"AI",40.903,-90.653,0,"AI",0,-109.843,0,"AI",-40.803,-90.553,0,0,0,0,0,0,"",0,0,0,0,,2570.479,,,16,3
94,4,0,6,9,0,1,1,0,1,0,255,15,255,49,2582.594,"눈꽃",R,0,58,113,1.494,-1.049,0.263,1.816,0.643,0.935,-36.649,21.493,2,0,0,0,0.293,0,0,1,2,4,L,"encounter v",190,83.172,0.499,3,67,2583.639,255,226,107,136,73,145,130,9.28,-21.726,0.66,0,0.679,-174.986,-491.227,-292.714,0.043,-36.962,0,"Sabo_10",0.353,-18.009,0,"레이나2",-20.365,-44.844,0,"쟈가리코",-10.22,-65.115,83,"SUGUN",20.256,-48.092,0,"muyang_",14.715,-63.271,0,"AI",40.903,-90.653,0,"AI",0,-109.843,0,"AI",-40.803,-90.553,0,2583.439,27.652,-78.504,0,0,"",0,0,1,0,,2594.048,2588.1,2593.875,17,2
95,4,0,6,10,0,0,1,0,1,0,255,14,255,50,2617.428,"눈꽃",R,28,80,130,0.168,0.838,0.179,2.025,-0.034,1.988,-36.724,25.209,2,0,67.364,-81.402,10.537,0,0,1,3,3,R,"ByeolBam",175,92,0.5,3,67,2618.35,155,125,158,77,30,145,126,27.385,8.335,0.69,0,0.2,557.023,181.816,-129.104,0.176,-37.281,0,"Sabo_10",0.15,-17.99,0,"레이나2",-20.875,-43.533,0,"쟈가리코",-16.753,-62.322,0,"SUGUN",20.393,-48.288,0,"muyang_",9.091,-67.285,99,"AI",40.903,-90.652,0,"AI",0,-109.843,0,"AI",-40.803,-90.552,0,2622.029,-20.99,-133.748,0,0,"",0,0,1,0,2630.979,2629.082,2627.205,2632.267,22,2
96,4,0,6,11,0,0,1,0,1,0,255,13,255,51,2665.084,"눈꽃",R,33,83,134,-0.75,-0.794,0.11,1.767,-0.479,1.038,-36.687,15.397,0,0,102.359,-68.692,4.689,0,0,0,4,1,L,"Kr_Luna",190,95.491,0.501,0,67,0,0,0,0,0,0,0,0,0,0,0,0,0,0,0,0,0.074,-37.609,0,"Sabo_10",0.054,-17.859,0,"레이나2",-20.325,-44.469,0,"쟈가리코",-2.356,-60.88,0,"SUGUN",19.949,-46.245,0,"muyang_",15.198,-64.637,0,"AI",40.9,-90.65,0,"AI",0,-109.84,0,"AI",-40.8,-90.55,0,0,0,0,0,0,"",0,0,0,0,2664.079,2667.785,,,0,0
97,4,0,6,11,0,1,1,0,1,0,255,13,255,52,2681.741,"눈꽃",R,0,74,125,-0.493,-1.242,0.143,1.679,-0.219,0.817,-36.629,15.552,1,0,0,0,5.979,0,0,0,4,1,L,"Kr_Luna",190,95.491,0.501,0,67,0,0,0,0,0,0,0,0,0,0,0,0,0,0,0,0,0.132,-37.522,0,"Sabo_10",-0.045,-18.53,0,"레이나2",-20.704,-44.217,0,"쟈가리코",-4.405,-61.976,0,"SUGUN",19.538,-46.01,0,"muyang_",16.589,-65.419,0,"AI",40.9,-90.65,0,"AI",0,-109.84,0,"AI",-40.8,-90.55,0,0,0,0,0,0,"",0,0,0,0,2680.749,2684.99,,,0,0
98,4,0,6,11,1,1,1,0,1,0,255,13,255,53,2701.101,"눈꽃",R,10,71,113,-0.706,-1.247,0.205,1.871,-0.299,1.33,-36.757,22.677,4,0,-6.933,392.776,5.562,0,0,0,4,1,L,"Kr_Luna",190,95.491,0.501,0,67,0,0,0,0,0,0,0,0,0,0,0,0,0,0,0,0,0.035,-37.263,0,"Sabo_10",0.045,-17.744,0,"레이나2",-21.095,-43.217,0,"쟈가리코",-3.892,-61.595,0,"SUGUN",20.133,-45.944,0,"muyang_",15.865,-66.133,0,"AI",40.9,-90.65,0,"AI",0,-109.84,0,"AI",-40.8,-90.55,0,0,0,0,0,0,"",0,0,0,0,2700.219,2703.849,,,0,0
99,4,0,6,11,1,2,1,0,1,0,255,13,255,54,2719.676,"눈꽃",R,39,58,99,-0.942,-0.634,0.007,1.597,-0.739,1.007,-36.608,14.754,0,0,155.425,-186.184,-16.883,0,0,0,4,1,L,"Kr_Luna",190,95.491,0.501,0,67,0,0,0,0,0,0,0,0,0,0,0,0,0,0,0,0,-0.006,-37.515,0,"Sabo_10",-0.031,-17.773,0,"레이나2",-20.952,-41.836,0,"쟈가리코",-4.249,-60.788,0,"SUGUN",20.564,-46.132,0,"muyang_",12.445,-66.257,0,"AI",40.9,-90.65,0,"AI",0,-109.84,0,"AI",-40.8,-90.55,0,0,0,0,0,0,"",0,0,0,0,2718.829,2723.012,,,0,0
100,4,0,6,11,0,0,2,0,1,0,255,13,255,55,2744.228,"눈꽃",R,34,82,133,2.155,-0.136,0.325,1.877,0.797,1.446,-36.638,21.17,2,0,91.731,-73.293,7.023,0,0,1,5,0,R,"인생최패망자",190,80,0.404,3,67,2745.12,251,94,139,124,79,145,90,-6.567,0.019,-0.84,0,0.384,373.556,-467.502,-26.431,0.265,-37.127,0,"Sabo_10",0.113,-18.049,0,"레이나2",-20.895,-44.308,0,"쟈가리코",-15.726,-62.789,0,"SUGUN",20.166,-47.386,0,"muyang_",12.671,-62.836,0,"AI",40.9,-90.65,0,"AI",0,-109.84,0,"AI",-40.8,-90.55,0,2743.089,0.447,-26.522,0,0,"",0,0,1,0,2752.659,2756.076,2749.714,2754.54,20,2
101,4,0,6,12,0,0,2,0,1,0,255,10,255,56,2779.056,"눈꽃",R,34,78,129,0.738,0.684,0.243,1.996,0.163,1.863,-36.742,23.653,2,0,99.577,-98.227,10.17,0,0,1,0,5,R,"si_ho",170.2,90.469,0.5,3,67,2780.234,236,125,161,101,0,145,129,26.675,37.966,0.49,0,0.448,573.429,147.666,-88.742,0.013,-37.208,0,"Sabo_10",0.001,-17.942,0,"레이나2",-20.602,-43.978,0,"쟈가리코",-16.635,-61.955,0,"SUGUN",18.986,-47.058,0,"muyang_",9.079,-62.22,0,"AI",40.9,-90.65,0,"AI",0,-109.84,0,"AI",-40.8,-90.55,0,2783.359,-78.288,-109.94,0,0,"",0,0,0,0,,2790.152,2784.137,2789.24,16,4
102,4,0,6,14,0,0,2,0,0,0,255,255,255,57,2817.566,"눈꽃",R,10,78,118,-1.273,-1.473,0.099,1.803,-0.556,1.122,-36.696,12.183,2,0,0,400,9.876,0,0,1,1,2,L,"-Alta-",190,88,0.478,3,67,2818.712,255,124,114,138,86,145,111,-30,3.02,0.92,0,0.501,264.346,524.06,119.515,0.055,-37.288,0,"Sabo_10",-0.17,-18.074,0,"레이나2",-20.859,-45.212,0,"쟈가리코",-14.32,-63.322,0,"SUGUN",20.869,-50.353,0,"muyang_",13.399,-65.012,85,"AI",40.9,-90.65,0,"AI",0,-109.84,0,"AI",-40.8,-90.55,0,2816.459,-0.267,-21.746,0,0,"",0,0,1,0,,,,,18,2
103,4,0,6,14,0,0,2,1,0,0,12,255,255,58,2853.323,"눈꽃",R,34,56,111,0.574,-0.201,0.457,1.985,0.098,1.424,-37.087,58.353,0,0,69.908,-46.662,1.443,0,0,0,2,4,L,"encounter v",190,83.172,0.499,0,66,0,0,0,0,0,0,0,0,0,0,0,0,0,0,0,0,0.309,-37.352,0,"Sabo_10",0.146,-17.814,0,"레이나2",-20.891,-42.942,0,"쟈가리코",-8.92,-64.643,0,"SUGUN",21.157,-50.557,0,"muyang_",14.714,-66.273,0,"AI",40.9,-90.65,0,"AI",0,-109.84,0,"AI",-40.8,-90.55,0,0,0,0,0,0,"",0,0,0,0,2852.569,,,,0,0
104,4,0,6,14,0,1,2,1,0,0,12,255,255,59,2871.717,"눈꽃",R,26,69,108,1.437,-0.564,0.371,1.646,0.762,1.041,-36.666,26.39,2,0,-78.88,-200,10.988,0,0,1,2,4,L,"encounter v",190,83.172,0.499,3,66,2872.819,255,171,104,141,12,145,108,33.154,-39.344,0.04,0,0.598,554.946,102.255,-197.952,0.024,-37.215,0,"Sabo_10",0.563,-17.971,0,"레이나2",-20.146,-44.461,0,"쟈가리코",-7.655,-65.607,0,"SUGUN",21.099,-50.222,0,"muyang_",13.782,-64.608,0,"AI",40.9,-90.65,0,"AI",0,-109.84,0,"AI",-40.8,-90.55,0,2875.609,60.016,-92.234,0,0,"",0,0,0,0,2940.039,2877.861,,,60,1
105,5,1,6,14,0,0,0,0,0,0,255,255,255,44,3007.372,"Kr_Luna",L,10,79,119,0.905,-2.396,-0.115,1.578,0.396,0.722,-36.632,28.652,1,0,0,400,0,0.179,-19.744,0,5,4,R,"SUGUN",175,81.662,0.502,0,66,0,0,0,0,0,0,0,0,0,0,0,0,0,0,0,0,0.244,-37.997,0,"인생최패망자",0.011,-18.394,0,"-Alta-",-18.521,-45.858,0,"ByeolBam",-13.355,-63.865,0,"encounter v",18.751,-46.62,0,"si_ho",11.195,-66.425,0,"AI",40.9,-90.65,0,"AI",0,-109.84,0,"AI",-40.8,-90.55,0,0,0,0,0,0,"",0,0,0,0,3006.439,,,,0,0
106,5,1,6,14,1,0,0,0,0,0,255,255,255,45,3025.876,"Kr_Luna",L,14,66,107,-2.414,-0.215,-0.218,2.064,-0.306,2.001,-36.965,65.441,4,0,-361.79,334.164,0,-1.223,-17.837,1,5,4,R,"SUGUN",175,81.662,0.502,0,66,0,0,0,0,0,0,0,0,0,0,0,0,0,0,0,0,0.151,-38.08,0,"인생최패망자",-0.225,-18.219,0,"-Alta-",-19.909,-46.382,0,"ByeolBam",-13.286,-63.933,0,"encounter v",19.502,-47.575,0,"si_ho",11.227,-65.635,0,"AI",40.9,-90.65,0,"AI",0,-109.84,0,"AI",-40.8,-90.55,0,0,0,0,0,0,"",0,0,0,0,3026.749,,,,0,0
107,5,1,6,14,1,1,0,0,0,0,255,255,255,46,3043.418,"Kr_Luna",L,14,76,114,1.06,-0.779,0.045,1.916,1.139,1.558,-36.655,36.15,2,0,-390.434,312.348,0,0,0,1,5,4,R,"SUGUN",175,81.662,0.502,3,66,3044.415,240,147,137,85,36,145,127,27.459,33.698,0.44,0,0.324,299.604,325.509,143.079,0.168,-37.607,0,"인생최패망자",0.022,-18.207,0,"-Alta-",-20.315,-46.533,0,"ByeolBam",-13.438,-63.79,0,"encounter v",19.299,-46.729,0,"si_ho",11.229,-65.628,0,"AI",40.9,-90.65,0,"AI",0,-109.84,0,"AI",-40.8,-90.55,0,3047.139,-70.633,-108.734,0,0,"",0,0,0,0,,3053.831,3058.749,3064.148,16,4
108,5,1,7,14,0,0,0,0,0,0,255,255,255,47,3082.33,"Kr_Luna",L,12,87,137,-0.829,-0.751,-0.276,1.72,-0.353,1.247,-36.674,20.185,2,0,0,90.709,0,0,0,0,0,3,R,"쟈가리코",179.8,83.243,0.501,3,66,3083.499,122,211,88,80,25,137,101,-14.357,45.611,0.94,0,0.475,-287.054,510.426,-124.769,0.227,-37.683,0,"인생최패망자",-0.03,-18.151,0,"-Alta-",-19.298,-46.286,0,"ByeolBam",-14.394,-63.525,0,"encounter v",19.747,-46.577,0,"si_ho",10.189,-66.269,0,"AI",40.9,-90.65,0,"AI",0,-109.84,0,"AI",-40.8,-90.55,0,3081.199,-1.789,-20.323,0,0,"",0,0,0,0,,,,,16,3
109,5,1,7,14,0,1,0,0,0,0,255,255,255,48,3100.804,"Kr_Luna",L,14,58,102,-6.551,1.459,-0.177,2.014,-0.458,2.124,-36.997,64.928,2,0,-343.561,335.745,0,0,0,1,0,3,R,"쟈가리코",179.8,83.243,0.501,3,66,3102.129,172,164,82,76,37,145,128,26.18,-3.356,0.64,0,0.443,75.973,152.476,31.393,0.421,-37.978,0,"인생최패망자",-0.085,-18.443,0,"-Alta-",-19.769,-46.51,0,"ByeolBam",-14.394,-63.575,74,"encounter v",19.177,-46.407,0,"si_ho",11.088,-66.182,0,"AI",40.9,-90.65,0,"AI",0,-109.84,0,"AI",-40.8,-90.55,0,3104.849,2.023,-133.407,0,0,"",0,0,1,0,,3112.262,,,24,2
110,5,1,7,14,0,0,0,0,1,0,255,3,255,49,3138.231,"Kr_Luna",L,27,87,140,0.639,0.425,-0.109,1.886,0.424,1.823,-36.728,43.64,0,0,-93.42,-114.606,0,0,0,0,1,5,R,"muyang_",170,80,0.498,0,66,0,0,0,0,0,0,0,0,0,0,0,0,0,0,0,0,0.253,-38.001,0,"인생최패망자",-0.003,-18.157,0,"-Alta-",-19.632,-44.451,0,"ByeolBam",-13.35,-63.978,0,"encounter v",19.481,-44.291,0,"si_ho",3.857,-61.129,0,"AI",40.9,-90.65,0,"AI",0,-109.84,0,"AI",-40.8,-90.55,0,0,0,0,0,0,"",0,0,0,0,3137.309,3142.827,,,0,0
111,5,1,7,14,0,1,0,0,1,0,255,3,255,50,3157.235,"Kr_Luna",L,26,78,128,-1.78,1.701,-0.227,2.036,-0.556,2.364,-36.942,66.79,1,0,-132.323,-161.259,0,0,0,0,1,5,R,"muyang_",170,80,0.498,0,66,0,0,0,0,0,0,0,0,0,0,0,0,0,0,0,0,0.148,-37.965,0,"인생최패망자",0.011,-18.88,0,"-Alta-",-19.259,-45.365,0,"ByeolBam",-11.933,-63.108,0,"encounter v",18.75,-43.009,0,"si_ho",3.433,-61.332,0,"AI",40.9,-90.65,0,"AI",0,-109.84,0,"AI",-40.8,-90.55,0,0,0,0,0,0,"",0,0,0,0,3156.389,3160.482,,,0,0
112,5,1,7,14,1,1,0,0,1,0,255,3,255,51,3178.773,"Kr_Luna",L,33,81,132,-0.198,-0.073,-0.128,1.916,0.336,1.934,-36.818,47.711,2,0,-114.008,-96.295,0,0,0,1,1,5,R,"muyang_",170,80,0.498,2,66,3179.84,255,103,141,67,50,160,81,34.035,-13.428,-0.93,0,0.138,469.125,-221.098,301.724,0.144,-37.65,0,"인생최패망자",-0.001,-18.171,0,"-Alta-",-19.575,-46.095,117,"ByeolBam",-13.778,-63.587,0,"encounter v",18.374,-44.178,117,"si_ho",6.505,-62.615,0,"AI",40.9,-90.65,0,"AI",0,-109.84,0,"AI",-40.8,-90.55,0,3182.539,17.346,-82.622,0,0,"",0,0,1,0,,3196.362,3189.031,3197.888,22,2
113,5,1,8,14,0,0,0,0,0,1,255,255,5,52,3227.415,"Kr_Luna",L,6,63,93,0.805,0.109,0.287,1.895,1.32,1.843,-36.827,42.685,0,0,-416.259,87.131,0,0,0,0,2,1,L,"Sabo_10",185,87.575,0.449,0,66,0,0,0,0,0,0,0,0,0,0,0,0,0,0,0,0,0.207,-38.181,0,"인생최패망자",-0.08,-18.655,0,"-Alta-",-20.473,-47.27,0,"ByeolBam",-13.507,-64.329,0,"encounter v",18.957,-42.386,0,"si_ho",12.62,-65.856,0,"AI",40.9,-90.65,0,"AI",0,-109.84,0,"AI",-40.8,-90.55,0,0,0,0,0,0,"",0,0,0,0,3226.789,,3229.655,,0,0
114,5,1,8,14,0,1,0,0,0,1,255,255,5,53,3250.978,"Kr_Luna",L,27,80,130,-0.561,0.831,-0.219,1.936,-0.088,1.975,-36.811,45.425,0,0,-97.561,-133.839,0,0,0,1,2,1,L,"Sabo_10",185,87.575,0.449,0,66,0,0,0,0,0,0,0,0,0,0,0,0,0,0,0,0,0.273,-37.853,90,"인생최패망자",0.285,-19.183,0,"-Alta-",-20.757,-47.375,0,"ByeolBam",-12.271,-63.891,0,"encounter v",18.567,-43.117,0,"si_ho",12.129,-65.79,0,"AI",40.9,-90.65,0,"AI",0,-109.84,0,"AI",-40.8,-90.55,0,0,0,0,0,0,"",0,0,0,0,3250.069,,3253.336,,0,0
115,5,1,8,14,0,2,0,0,0,1,255,255,5,54,3288.899,"Kr_Luna",L,14,77,115,-0.827,-1.552,-0.132,1.656,0.315,1.046,-36.567,31.019,4,0,-390.434,312.348,0,0,0,1,2,1,L,"Sabo_10",185,87.575,0.449,0,66,0,0,0,0,0,0,0,0,0,0,0,0,0,0,0,0,0.255,-38.004,0,"인생최패망자",0.461,-19.01,0,"-Alta-",-19.714,-46.038,0,"ByeolBam",-12.893,-63.308,0,"encounter v",18.02,-41.497,0,"si_ho",12.681,-65.304,0,"AI",40.9,-90.65,0,"AI",0,-109.84,0,"AI",-40.8,-90.55,0,0,0,0,0,0,"",0,0,0,0,3288.099,,3291.42,,0,0
116,5,1,8,14,0,0,1,0,0,1,255,255,5,55,3312.889,"Kr_Luna",L,14,73,100,0.869,-0.548,0.156,1.89,1.105,1.77,-36.642,33.726,0,0,-354.94,312.348,0,0,0,1,3,2,R,"레이나2",180.2,85.17,0.353,0,66,0,0,0,0,0,0,0,0,0,0,0,0,0,0,0,0,0.168,-38.016,0,"인생최패망자",0.325,-18.941,0,"-Alta-",-20.212,-46.567,0,"ByeolBam",-13.286,-62.76,0,"encounter v",18.974,-41.519,0,"si_ho",11.225,-65.838,0,"AI",40.9,-90.65,0,"AI",0,-109.84,0,"AI",-40.8,-90.55,0,0,0,0,0,0,"",0,0,0,0,3312.129,,3313.124,,0,0
117,5,1,8,14,0,1,1,0,0,1,255,255,5,56,3333.313,"Kr_Luna",L,13,85,113,1.518,-0.1,-0.133,1.93,0.208,1.86,-36.705,29.427,2,0,253.522,240.45,0,0,0,1,3,2,R,"레이나2",180.2,85.17,0.353,3,66,3334.318,205,112,104,114,72,145,88,92.534,86.752,-0.78,0,0.177,-196.627,253.343,140.418,0.328,-37.825,0,"인생최패망자",-0.001,-18.394,0,"-Alta-",-19.019,-45.477,0,"ByeolBam",-13.014,-62.9,0,"encounter v",18.005,-41.965,0,"si_ho",11.012,-66.064,0,"AI",40.9,-90.65,0,"AI",0,-109.84,0,"AI",-40.8,-90.55,0,3337.659,56.63,-22.388,0,0,"",0,0,0,0,,,3333.944,,16,3
118,5,1,8,14,0,2,1,0,0,1,255,255,5,57,3358.455,"Kr_Luna",L,10,77,117,1.808,-0.339,-0.031,1.868,0.787,1.887,-36.641,25.626,2,0,0,400,0,0,0,1,3,2,R,"레이나2",180.2,85.17,0.353,3,66,3359.496,229,69,109,89,48,145,101,-84.281,-74.128,-0.1,0,0.242,-222.549,244.566,-317.449,0.295,-37.663,0,"인생최패망자",0.036,-18.514,0,"-Alta-",-20.653,-46.782,0,"ByeolBam",-13.634,-63.16,0,"encounter v",18.492,-43.795,0,"si_ho",10.01,-66.594,0,"AI",40.9,-90.65,0,"AI",0,-109.84,0,"AI",-40.8,-90.55,0,3357.169,0.645,-20.999,0,0,"",0,0,0,0,,,3361.975,,16,3
119,5,1,8,14,0,2,1,0,0,1,255,255,5,58,3379.493,"Kr_Luna",L,10,86,128,-0.442,-1.836,-0.24,1.596,-0.186,0.96,-36.642,28.697,1,0,0,400,0,-0.063,-18.504,0,3,2,R,"레이나2",180.2,85.17,0.353,0,66,0,0,0,0,0,0,0,0,0,0,0,0,0,0,0,0,0.238,-37.937,0,"인생최패망자",0.046,-18.69,0,"-Alta-",-19.814,-45.49,0,"ByeolBam",-14.717,-63.211,0,"encounter v",19.104,-42.139,0,"si_ho",10.862,-66.006,0,"AI",40.9,-90.65,0,"AI",0,-109.84,0,"AI",-40.8,-90.55,0,0,0,0,0,0,"",0,0,0,0,3378.559,,3381.912,,0,0
120,5,1,8,14,1,2,1,0,0,1,255,255,5,59,3400.698,"Kr_Luna",L,13,61,103,-0.916,-0.122,-0.429,1.917,-1.066,2.056,-36.764,39.704,2,0,335.265,348.999,0,0,0,1,3,2,R,"레이나2",180.2,85.17,0.353,3,66,3401.758,119,163,92,113,64,137,130,-11.806,-17.094,0.6,0,0.183,65.866,65.09,14.202,0.182,-37.761,0,"인생최패망자",-0.072,-18.386,0,"-Alta-",-20.248,-47.805,0,"ByeolBam",-14.491,-61.967,85,"encounter v",17.951,-42.743,0,"si_ho",10.276,-66.691,0,"AI",40.9,-90.65,0,"AI",0,-109.84,0,"AI",-40.8,-90.55,0,3399.529,1.142,-25.412,0,0,"",0,0,1,0,,3413.272,,3406.798,24,2
121,5,1,9,14,0,0,1,0,1,0,255,2,255,60,3436.808,"Kr_Luna",L,13,75,113,1.675,-0.984,-0.184,1.725,0.073,1.415,-36.669,24.475,4,0,371.106,335.083,0,0,0,1,4,0,L,"눈꽃",190,90,0.6,0,67,0,0,0,0,0,0,0,0,0,0,0,0,0,0,0,0,-0.035,-38.046,85,"인생최패망자",-0.004,-18.642,0,"-Alta-",-20.784,-45.725,0,"ByeolBam",-12.8,-64.617,0,"encounter v",20.724,-44.262,0,"si_ho",11.28,-64.915,0,"AI",40.9,-90.65,0,"AI",0,-109.84,0,"AI",-40.8,-90.55,0,0,0,0,0,0,"",0,0,0,0,3435.919,3439.401,,,0,0
122,5,1,9,14,0,1,1,0,1,0,255,2,255,61,3472.218,"Kr_Luna",L,10,71,113,-0.764,-0.618,-0.319,1.82,-0.555,1.722,-36.612,23.244,2,0,129.748,400,0,0,0,1,4,0,L,"눈꽃",190,90,0.6,3,67,3473.35,181,167,117,113,76,145,118,2.538,-40.368,0.12,0,0.408,511.917,-65.158,-304.132,0.277,-37.576,119,"인생최패망자",-0.005,-18.273,0,"-Alta-",-20.702,-45.654,58,"ByeolBam",-12.174,-64.012,87,"encounter v",20.289,-45.586,0,"si_ho",13.113,-65.305,0,"AI",40.9,-90.65,0,"AI",0,-109.84,0,"AI",-40.8,-90.55,0,3471.989,19.566,-43.26,0,0,"",0,0,0,8,,3477.776,,,30,2
123,5,0,9,14,0,0,0,0,0,0,255,255,255,60,3534.659,"눈꽃",R,11,66,114,1.559,0.601,0.379,2.124,0.668,2.219,-36.702,27.676,2,0,0,205.149,8.107,0,0,1,3,3,R,"ByeolBam",175,92,0.5,3,67,3535.747,252,45,98,51,17,145,116,-30,47.077,0.82,0,0.21,-206.389,559.476,-56.491,0.341,-37.23,0,"Sabo_10",0.144,-18.077,0,"레이나2",-21.629,-45.041,0,"쟈가리코",-17.019,-61.781,0,"SUGUN",22.201,-52.636,0,"muyang_",11.366,-65.877,0,"AI",40.9,-90.65,0,"AI",0,-109.84,0,"AI",-40.8,-90.55,0,3533.469,-1.574,-19.655,0,0,"",0,0,0,0,,,,,16,3
124,5,0,9,14,0,1,0,0,0,0,255,255,255,61,3550.292,"눈꽃",R,10,71,113,0.178,-1.996,0.234,1.782,0.071,0.989,-36.691,14.191,2,0,0,400,8.21,0,0,1,3,3,R,"ByeolBam",175,92,0.5,3,67,3551.297,161,101,85,88,48,145,99,25.008,-1.644,0.92,0,0.296,86.285,561.906,185.534,0.168,-37.19,0,"Sabo_10",0.035,-18.233,0,"레이나2",-21.639,-45.302,0,"쟈가리코",-16.511,-62.363,0,"SUGUN",19.928,-50.031,0,"muyang_",10.536,-66.339,89,"AI",40.9,-90.65,0,"AI",-0.002,-109.841,0,"AI",-40.8,-90.55,0,3553.929,-9.999,-106.996,0,0,"",0,0,0,0,,,,,18,1
125,5,0,9,14,0,0,1,0,0,0,255,255,255,62,3578.922,"눈꽃",R,40,49,92,1.607,-0.975,0.44,1.57,0.863,0.828,-36.682,27.088,1,0,-74.998,-149.431,8.091,0,0,0,4,0,L,"Kr_Luna",190,95.491,0.501,0,67,0,0,0,0,0,0,0,0,0,0,0,0,0,0,0,0,0.344,-37.579,0,"Sabo_10",0.086,-18.07,0,"레이나2",-21.467,-43.686,0,"쟈가리코",-14.979,-62.706,0,"SUGUN",20.45,-49.027,0,"muyang_",15.406,-65.214,0,"AI",40.9,-90.65,0,"AI",0,-109.84,0,"AI",-40.8,-90.55,0,0,0,0,0,0,"",0,0,0,0,3578.159,,,,0,0
126,5,0,9,14,1,0,1,0,0,0,255,255,255,63,3593.893,"눈꽃",R,27,86,139,1.138,-0.899,0.252,1.734,0.318,0.928,-36.654,16.484,0,0,123.187,-124.679,8.059,0,0,0,4,0,L,"Kr_Luna",190,95.491,0.501,0,67,0,0,0,0,0,0,0,0,0,0,0,0,0,0,0,0,0.327,-37.555,0,"Sabo_10",0.04,-18.14,0,"레이나2",-21.366,-43.567,0,"쟈가리코",-14.956,-62.584,0,"SUGUN",20.406,-49.456,0,"muyang_",12.796,-65.44,0,"AI",40.9,-90.65,0,"AI",0,-109.84,0,"AI",-40.8,-90.55,0,0,0,0,0,0,"",0,0,0,0,3592.769,,,,0,0
127,5,0,9,14,1,1,1,0,0,0,255,255,255,64,3608.814,"눈꽃",R,3,58,102,1.563,1.242,0.596,2.077,1.584,2.399,-36.765,30.181,1,0,-439.251,0,-2.462,0,0,0,4,0,L,"Kr_Luna",190,95.491,0.501,0,67,0,0,0,0,0,0,0,0,0,0,0,0,0,0,0,0,0.149,-37.203,0,"Sabo_10",0.487,-18.016,0,"레이나2",-20.542,-44.651,0,"쟈가리코",-15.646,-62.41,0,"SUGUN",20.757,-49.293,0,"muyang_",13.899,-65.741,0,"AI",40.9,-90.65,0,"AI",0,-109.84,0,"AI",-40.8,-90.55,0,0,0,0,0,0,"",0,0,0,0,3607.949,,,,0,0
128,5,0,9,14,2,1,1,0,0,0,255,255,255,65,3624.133,"눈꽃",R,0,77,128,0.418,-1.057,0.297,1.845,0.133,0.896,-36.715,24.139,2,0,26.401,-31.736,1.839,0,0,0,4,0,L,"Kr_Luna",190,95.491,0.501,3,67,3625.077,197,95,139,91,45,145,127,25.437,-24.537,0.74,0,0.124,86.285,561.906,185.534,-0.11,-37.158,0,"Sabo_10",0.169,-18.217,0,"레이나2",-20.145,-45.205,0,"쟈가리코",-16.851,-62.401,79,"SUGUN",20.655,-49.195,0,"muyang_",14.94,-63.892,0,"AI",40.9,-90.65,0,"AI",0,-109.84,0,"AI",-40.8,-90.55,0,3627.379,58.674,-111.825,0,0,"",0,0,1,0,,3635.477,,,17,2
129,5,0,9,14,0,0,1,0,1,0,255,10,255,66,3653.948,"눈꽃",R,3,64,111,-0.849,0.305,0.299,1.985,0.127,1.799,-36.962,38.148,0,0,-259.99,0,6.12,0,0,0,5,1,R,"인생최패망자",190,80,0.404,0,66,0,0,0,0,0,0,0,0,0,0,0,0,0,0,0,0,-0.21,-37.778,0,"Sabo_10",-0.1,-17.956,0,"레이나2",-21.56,-44.751,0,"쟈가리코",-18.566,-60.678,0,"SUGUN",20.639,-49.018,0,"muyang_",4.698,-59.89,0,"AI",40.9,-90.65,0,"AI",0,-109.84,0,"AI",-40.8,-90.55,0,0,0,0,0,0,"",0,0,0,0,3652.959,3656.52,,,0,0
130,5,0,9,14,0,1,1,0,1,0,255,10,255,67,3669.121,"눈꽃",R,10,75,119,1.019,-1.626,0.322,1.738,0.436,0.884,-36.669,21.382,2,0,-1.041,269.072,9.842,0,0,1,5,1,R,"인생최패망자",190,80,0.404,3,66,3670.01,202,136,109,138,82,145,114,-13.331,0.64,0.9,0,0.37,-382.399,386.57,-149.206,-0.067,-37.104,0,"Sabo_10",0.052,-18.014,0,"레이나2",-21.46,-44.773,0,"쟈가리코",-18.507,-60.696,0,"SUGUN",20.407,-48.929,0,"muyang_",11.152,-59.491,0,"AI",40.9,-90.65,0,"AI",0,-109.84,0,"AI",-40.8,-90.55,0,3667.729,0.091,-22.3,0,0,"",0,0,1,0,,,3675.856,,16,2
131,5,0,9,14,0,0,1,1,0,1,11,255,10,68,3697.256,"눈꽃",R,28,82,134,2.938,0.404,0.342,1.998,1.065,1.915,-36.702,25.238,3,0,39.467,-64.036,6.344,-0.874,-19.999,0,0,5,R,"si_ho",170.2,90.469,0.5,0,66,0,0,0,0,0,0,0,0,0,0,0,0,0,0,0,0,0.281,-37.706,0,"Sabo_10",-0.339,-19.449,0,"레이나2",-19.103,-43.372,0,"쟈가리코",-15.3,-61.295,0,"SUGUN",20.486,-46.645,0,"muyang_",7.896,-65.679,0,"AI",40.9,-90.65,0,"AI",0,-109.84,0,"AI",-40.8,-90.55,0,0,0,0,0,0,"",0,0,0,16,3697.359,,3710.62,,0,6
132,5,0,9,14,2,0,1,1,0,1,15,255,255,69,3725.531,"눈꽃",R,28,85,138,1.507,0.226,0.233,1.92,0.57,1.644,-36.622,13.288,4,0,57.907,-71.192,8.517,0,0,1,0,5,R,"si_ho",170.2,90.469,0.5,0,66,0,0,0,0,0,0,0,0,0,0,0,0,0,0,0,0,-0.996,-38.635,0,"Sabo_10",0.054,-18.211,0,"레이나2",-20.547,-42.185,0,"쟈가리코",-16.199,-61.737,0,"SUGUN",20.561,-45.775,0,"muyang_",2.175,-61.127,0,"AI",40.9,-90.65,0,"AI",0,-109.84,0,"AI",-40.8,-90.55,0,0,0,0,0,0,"",0,0,0,17,3724.689,3728.489,3731.055,,0,0
133,5,0,9,14,2,1,2,0,1,0,255,11,255,70,3776.821,"눈꽃",R,0,74,125,1.041,-2.009,0.298,1.65,0.445,0.486,-36.685,21.704,1,0,0,15.401,5.646,0,0,0,0,5,R,"si_ho",170.2,90.469,0.5,0,66,0,0,0,0,0,0,0,0,0,0,0,0,0,0,0,0,0.097,-37.61,0,"Sabo_10",-0.076,-17.737,0,"레이나2",-21.31,-42.337,0,"쟈가리코",-17.799,-60.761,0,"SUGUN",20.474,-47.87,0,"muyang_",4.739,-63.647,0,"AI",40.9,-90.65,0,"AI",0,-109.84,0,"AI",-40.8,-90.55,0,0,0,0,0,0,"",0,0,0,0,3776.009,3779.839,,,0,0
134,5,0,9,14,3,1,2,0,1,0,255,11,255,71,3790.223,"눈꽃",R,34,86,139,0.524,-0.864,0.157,1.77,0.098,1.018,-36.625,9.733,2,0,91.618,-86.195,9.017,0,0,1,0,5,R,"si_ho",170.2,90.469,0.5,3,66,3791.364,203,139,151,125,0,145,86,0.241,37.922,0.97,0,0.453,574.624,162.812,-17.588,0.194,-37.433,0,"Sabo_10",-0.013,-17.956,0,"레이나2",-20.991,-44.12,62,"쟈가리코",-17.996,-60.87,0,"SUGUN",20.335,-47.462,0,"muyang_",7.106,-64.604,0,"AI",40.9,-90.65,0,"AI",0,-109.84,0,"AI",-40.8,-90.55,0,3789.509,-6.683,-26.213,0,0,"",0,0,0,0,,,,,24,2
135,6,1,9,14,0,0,0,0,0,0,255,255,255,62,3833.52,"Kr_Luna",L,14,78,115,-2.084,-2.206,-0.255,1.549,-0.255,0.774,-36.579,32.408,4,0,-371.202,334.977,0,-0.531,-19.303,1,5,4,R,"SUGUN",175,81.662,0.502,0,66,0,0,0,0,0,0,0,0,0,0,0,0,0,0,0,0,0.216,-38.196,0,"인생최패망자",-0.046,-18.375,0,"-Alta-",-20.366,-46.285,0,"ByeolBam",-13.728,-63.862,0,"encounter v",19.899,-47.287,0,"si_ho",10.832,-66.045,0,"AI",40.9,-90.65,0,"AI",0,-109.84,0,"AI",-40.8,-90.55,0,0,0,0,0,0,"",0,0,0,0,3834.619,,,,0,0
136,6,1,9,14,0,1,0,0,0,0,255,255,255,63,3850.559,"Kr_Luna",L,14,70,110,1.329,0.438,0.083,1.983,1.315,2.302,-36.743,49.642,2,0,-391.783,310.654,0,0,0,1,5,4,R,"SUGUN",175,81.662,0.502,3,66,3851.504,243,100,69,59,18,140,97,102.653,35.964,-0.06,0,0.361,77.953,422.424,-12.321,0.354,-37.865,0,"인생최패망자",0.068,-18.135,0,"-Alta-",-19.704,-47.212,0,"ByeolBam",-13.714,-63.845,0,"encounter v",19.841,-47.233,0,"si_ho",11.164,-65.814,0,"AI",40.9,-90.65,0,"AI",0,-109.84,0,"AI",-40.8,-90.55,0,0,0,0,0,0,"",0,0,0,0,,,,,16,3
137,6,1,9,14,0,2,0,0,0,0,255,255,255,64,3869.511,"Kr_Luna",L,3,69,112,-1.551,1.46,-0.483,2.034,-1.42,2.588,-37.121,72.283,1,0,386.557,94.532,0,0,0,0,5,4,R,"SUGUN",175,81.662,0.502,0,66,0,0,0,0,0,0,0,0,0,0,0,0,0,0,0,0,0.171,-37.967,0,"인생최패망자",0.101,-18.123,0,"-Alta-",-19.708,-45.308,0,"ByeolBam",-13.016,-63.743,0,"encounter v",21.29,-47.697,0,"si_ho",10.388,-66.58,0,"AI",40.9,-90.65,0,"AI",0,-109.84,0,"AI",-40.8,-90.55,0,0,0,0,0,0,"",0,0,0,0,3868.559,,,,0,0
138,6,1,9,14,1,2,0,0,0,0,255,255,255,65,3885.39,"Kr_Luna",L,3,82,122,0.376,-0.08,-0.296,1.768,-0.445,1.546,-36.654,34.502,2,0,387.752,0,0,0,0,1,5,4,R,"SUGUN",175,81.662,0.502,3,66,3886.318,249,66,74,35,14,137,95,-37.854,34.904,-0.06,0,0.207,-435.85,341.371,-226.069,0.155,-37.504,0,"인생최패망자",-0.05,-18.403,0,"-Alta-",-19.817,-45.669,0,"ByeolBam",-12.91,-63.827,0,"encounter v",20.868,-47.693,0,"si_ho",10.409,-66.628,89,"AI",40.9,-90.65,0,"AI",0,-109.84,0,"AI",-40.8,-90.55,0,3884.049,-0.617,-20.283,0,0,"",0,0,1,0,,,,,17,2
139,6,1,9,14,0,0,0,1,0,0,4,255,255,66,3915.342,"Kr_Luna",L,26,87,140,0.867,0.148,-0.079,1.768,0.564,1.547,-36.631,33.47,2,0,-137.152,-153.281,0,0,0,0,0,3,R,"쟈가리코",179.8,83.243,0.501,3,69,3916.429,131,159,79,71,11,138,113,-5.268,27.497,0.87,0,0.306,-139.927,557.184,-168.724,0.148,-37.46,0,"인생최패망자",0.028,-18.449,0,"-Alta-",-19.123,-44.766,0,"ByeolBam",-12.265,-62.776,0,"encounter v",19.655,-47.479,0,"si_ho",9.109,-63.614,87,"AI",40.9,-90.65,0,"AI",0,-109.84,0,"AI",-40.8,-90.55,0,3914.269,-3.485,-24.459,0,0,"",0,0,1,0,,3921.988,,,17,2
140,6,1,9,14,0,0,0,1,1,0,3,4,255,67,3943.886,"Kr_Luna",L,13,76,115,0.451,0.242,-0.234,1.972,-0.159,2.281,-36.687,37.925,2,0,206.599,400,0,0,0,0,1,5,R,"muyang_",170,80,0.498,2,32,3944.979,61,31,29,27,50,59,59,114.379,-54.88,0.37,0,0.088,589.893,98.807,27.673,0.117,-37.456,0,"인생최패망자",-0.01,-18.388,0,"-Alta-",-19.353,-45.448,0,"ByeolBam",-14.025,-63.103,0,"encounter v",18.39,-44.351,0,"si_ho",7.461,-64.221,0,"AI",40.9,-90.65,0,"AI",0,-109.84,0,"AI",-40.8,-90.55,0,3947.159,-27,3.011,0,0,"",0,0,0,0,,3948.002,,,16,0
141,6,1,9,14,0,1,0,1,1,0,3,4,255,68,3967.173,"Kr_Luna",L,27,77,128,-0.284,1.507,-0.188,1.978,0.057,2.301,-36.886,57.434,1,0,-110.355,-121.029,0,0,0,0,1,5,R,"muyang_",170,80,0.498,0,32,0,0,0,0,0,0,0,0,0,0,0,0,0,0,0,0,0.069,-37.941,0,"인생최패망자",0.224,-18.774,0,"-Alta-",-20.079,-44.008,0,"ByeolBam",-13.532,-62.673,0,"encounter v",17.918,-43.104,0,"si_ho",4.8,-62.863,0,"AI",40.9,-90.65,0,"AI",0,-109.84,0,"AI",-40.8,-90.55,0,0,0,0,0,0,"",0,0,0,0,3966.369,3969.993,,,0,0
142,6,1,9,14,0,2,0,1,1,0,3,4,255,69,3989.004,"Kr_Luna",L,27,86,139,1.851,-1.195,-0.009,1.586,0.887,0.882,-36.489,16.948,2,0,-57.905,-131.213,0,0,0,1,1,5,R,"muyang_",170,80,0.498,2,32,3990.068,255,199,107,103,72,160,82,-42.955,-53.439,-0.88,0,0.237,310.374,-504.882,-93.609,0.234,-37.403,0,"인생최패망자",0.019,-17.994,0,"-Alta-",-19.806,-47.416,0,"ByeolBam",-11.789,-58.527,0,"encounter v",18.228,-43.921,0,"si_ho",8.014,-63.311,0,"AI",40.9,-90.65,0,"AI",0,-109.84,0,"AI",-40.8,-90.55,0,3987.839,0.996,-20.504,0,0,"",0,0,0,0,,3994.536,,,16,3
143,6,1,9,14,0,2,0,1,1,0,3,4,255,70,4014.664,"Kr_Luna",L,27,94,140,2.794,-1.94,0.057,1.514,1.194,0.622,-36.495,8.972,4,0,-63.764,-124.369,0,0.027,-20.319,1,1,5,R,"muyang_",170,80,0.498,0,32,0,0,0,0,0,0,0,0,0,0,0,0,0,0,0,0,0.001,-37.765,0,"인생최패망자",0.094,-19.876,0,"-Alta-",-19.526,-43.898,0,"ByeolBam",-12.034,-61.313,0,"encounter v",18.968,-42.966,0,"si_ho",7.797,-62.56,0,"AI",40.9,-90.65,0,"AI",0,-109.84,0,"AI",-40.8,-90.55,0,0,0,0,0,0,"",0,0,0,0,4016.419,4042.175,,,0,0
144,6,1,9,14,0,0,1,1,1,0,3,4,255,71,4048.548,"Kr_Luna",L,4,71,118,-0.71,0.444,-0.329,1.913,-0.598,2.031,-36.862,54.546,0,0,168.484,124.382,0,0,0,1,2,1,L,"Sabo_10",185,87.575,0.449,0,66,0,0,0,0,0,0,0,0,0,0,0,0,0,0,0,0,0.205,-37.952,0,"인생최패망자",0.08,-18.678,0,"-Alta-",-19.449,-42.153,0,"ByeolBam",-9.807,-62.883,0,"encounter v",20.386,-43.776,0,"si_ho",13.158,-64.237,0,"AI",40.9,-90.65,0,"AI",0,-109.84,0,"AI",-40.8,-90.55,0,0,0,0,0,0,"",0,0,0,0,4047.699,4051.239,,,0,2
145,6,1,9,14,0,1,1,1,1,0,3,4,255,72,4074.32,"Kr_Luna",L,14,72,112,0.968,-1.263,0.04,1.673,1.115,1.235,-36.653,28.769,2,0,-390.434,312.348,0,0,0,1,2,1,L,"Sabo_10",185,87.575,0.449,3,66,4075.467,190,92,105,119,60,145,110,-30,31.425,0.92,0,0.674,-583.96,78.248,105.223,0.292,-37.815,0,"인생최패망자",0.004,-18.254,120,"-Alta-",-20.277,-45.543,0,"ByeolBam",-9.512,-63.026,0,"encounter v",19.995,-44.827,0,"si_ho",13.85,-64.937,0,"AI",40.9,-90.65,0,"AI",0,-109.84,0,"AI",-40.8,-90.55,0,4073.109,-0.243,-21.533,0,0,"",0,0,1,0,4081.679,4079.914,4080.475,,48,2
146,6,1,9,14,0,0,1,1,1,1,1,3,4,73,4104.951,"Kr_Luna",L,14,65,107,-1.524,-0.466,-0.186,1.832,0.065,1.765,-36.73,44.853,2,0,-379.786,312.348,0,0,0,1,3,2,R,"레이나2",180.2,85.17,0.353,3,66,4106.019,161,164,87,116,78,145,95,17.052,-5.235,0.95,0,0.194,196.368,44.308,22.129,0.126,-37.923,0,"인생최패망자",-0.001,-18.309,0,"-Alta-",-18.506,-46.669,0,"ByeolBam",-12.828,-61.775,85,"encounter v",18.812,-45.607,0,"si_ho",9.296,-64.538,0,"AI",40.9,-90.65,0,"AI",0,-109.84,0,"AI",-40.8,-90.55,0,4107.419,5.779,-92.705,0,0,"",0,0,1,0,,4111.739,4112.991,4110.945,24,2
147,6,1,10,14,0,0,1,1,1,1,2,1,3,74,4136.463,"Kr_Luna",L,0,0,0,0,0,0,0,0,0,0,0,0,0,0,0,0,0,0,1,4,0,L,"눈꽃",190,90,0.6,3,66,4137.514,255,80,85,94,28,145,90,114.558,-46.295,-0.85,0,0.334,281.74,442.339,-289.414,0.095,-37.826,0,"인생최패망자",0.032,-18.055,0,"-Alta-",-19.942,-47.055,0,"ByeolBam",-12.93,-61.776,0,"encounter v",19.942,-45.187,0,"si_ho",14.026,-64.908,0,"AI",40.9,-90.65,0,"AI",0,-109.84,0,"AI",-40.8,-90.55,0,0,0,0,0,0,"",0,0,0,0,,,,,16,0
148,6,1,10,14,0,1,1,1,1,1,2,1,3,75,4161.523,"Kr_Luna",L,14,77,115,0.409,-1.869,-0.017,1.541,0.85,0.816,-36.625,28.952,1,0,-390.434,312.348,0,0.021,-18.731,0,4,0,L,"눈꽃",190,90,0.6,0,66,0,0,0,0,0,0,0,0,0,0,0,0,0,0,0,0,0.121,-37.978,0,"인생최패망자",-0.009,-18.379,0,"-Alta-",-20.18,-45.909,0,"ByeolBam",-12.086,-60.696,0,"encounter v",19.883,-43.438,0,"si_ho",14.492,-64.35,0,"AI",40.9,-90.65,0,"AI",0,-109.84,0,"AI",-40.8,-90.55,0,0,0,0,0,0,"",0,0,0,0,4160.729,4165.149,4164.418,,0,0
149,6,1,10,14,1,1,1,1,1,1,2,1,3,76,4179.814,"Kr_Luna",L,14,76,114,0.035,-0.771,-0.05,1.754,0.697,1.507,-36.559,31.764,2,0,-390.434,312.348,0,0,0,1,4,0,L,"눈꽃",190,90,0.6,3,66,4181.06,229,95,116,80,49,145,111,34.252,-4.865,0.08,0,0.368,125.522,-388.358,-122.461,0.254,-37.601,0,"인생최패망자",0.022,-18.152,0,"-Alta-",-19.86,-48.051,65,"ByeolBam",-12.643,-61.436,0,"encounter v",20.7,-46.021,0,"si_ho",14.377,-64.002,0,"AI",40.9,-90.65,0,"AI",0,-109.84,0,"AI",-40.8,-90.55,0,4184.099,17.747,-112.868,0,0,"",0,0,0,0,,4186.507,4185.832,4191.757,18,1
150,6,1,11,14,0,0,2,1,0,1,2,255,1,77,4239.427,"Kr_Luna",L,26,84,137,0.59,0.825,-0.116,1.872,0.392,1.911,-36.684,42.54,0,0,-93.179,-167.485,0,0,0,0,5,4,R,"SUGUN",175,81.662,0.502,0,66,0,0,0,0,0,0,0,0,0,0,0,0,0,0,0,0,0.192,-38.043,0,"인생최패망자",-0.041,-18.58,0,"-Alta-",-20.119,-46.558,0,"ByeolBam",-13.022,-64.306,0,"encounter v",20.216,-45.132,0,"si_ho",10.946,-65.799,0,"AI",40.9,-90.65,0,"AI",0,-109.84,0,"AI",-40.8,-90.55,0,0,0,0,0,0,"",0,0,0,0,4238.339,,4242.187,,0,0
151,6,1,11,14,0,1,2,1,0,1,2,255,1,78,4257.143,"Kr_Luna",L,10,69,112,1.268,1.18,-0.081,2.138,0.553,2.846,-36.764,53.009,2,0,0,400,0,0,0,0,5,4,R,"SUGUN",175,81.662,0.502,3,66,4258.145,127,42,53,47,14,133,87,-20.694,44.63,-0.34,0,0.168,-85.013,592.477,-23.348,0.243,-37.735,0,"인생최패망자",-0.013,-18.397,0,"-Alta-",-20.268,-46.252,83,"ByeolBam",-13.95,-63.198,0,"encounter v",20.238,-46.3,0,"si_ho",11.073,-65.911,0,"AI",40.9,-90.65,0,"AI",0,-109.84,0,"AI",-40.8,-90.55,0,4255.989,-2.353,-21.783,0,0,"",0,0,0,0,,,4264.307,,18,2
152,6,1,11,14,0,2,2,1,0,1,2,255,1,79,4277.142,"Kr_Luna",L,10,65,109,1.086,-0.445,-0.121,2.005,0.368,2.012,-36.742,50.059,2,0,0,400,0,0,0,1,5,4,R,"SUGUN",175,81.662,0.502,3,66,4278.163,255,117,109,91,32,145,98,58.383,44.082,-0.16,0,0.244,508.778,232.554,211.351,0.182,-37.586,0,"인생최패망자",-0.002,-18.222,0,"-Alta-",-19.593,-45.744,0,"ByeolBam",-13.415,-62.58,0,"encounter v",20.855,-46.218,0,"si_ho",11.749,-65.933,0,"AI",40.9,-90.65,0,"AI",0,-109.84,0,"AI",-40.8,-90.55,0,4281.859,-53.187,-62.951,0,0,"",0,0,0,0,,4283.14,4286.112,,16,3
153,6,1,11,14,0,2,2,1,0,1,255,255,1,80,4306.012,"Kr_Luna",L,10,72,114,-1.526,-2.159,-0.341,1.68,-0.655,0.871,-36.603,36.277,2,0,0,400,0,0,0,1,5,4,R,"SUGUN",175,81.662,0.502,3,66,4306.932,255,109,131,115,44,145,114,-15.001,24.586,0.87,0,0.308,-72.277,89.034,-22.823,0.062,-38.07,0,"인생최패망자",-0.054,-18.214,0,"-Alta-",-20.441,-45.468,0,"ByeolBam",-14.174,-63.336,95,"encounter v",19.508,-45.648,0,"si_ho",11.097,-65.73,0,"AI",40.9,-90.65,0,"AI",0,-109.84,0,"AI",-40.8,-90.55,0,4304.719,-0.67,-21.507,0,0,"",0,0,0,0,,4311.862,,,26,2
154,6,0,11,14,0,0,0,0,0,0,255,255,255,72,4349.497,"눈꽃",R,10,79,119,2.377,-2.025,0.408,1.684,1.023,0.802,-36.633,21.946,1,0,0,400,7.435,0,0,0,1,2,L,"-Alta-",190,88,0.478,0,66,0,0,0,0,0,0,0,0,0,0,0,0,0,0,0,0,0.093,-37.647,0,"Sabo_10",0.143,-17.941,0,"레이나2",-21.736,-44.669,0,"쟈가리코",-14.333,-63.892,0,"SUGUN",20.898,-52.528,0,"muyang_",10.618,-65.602,0,"AI",40.9,-90.65,0,"AI",0,-109.84,0,"AI",-40.8,-90.55,0,0,0,0,0,0,"",0,0,0,0,4348.739,,,,0,0
155,6,0,11,14,1,0,0,0,0,0,255,255,255,73,4363.575,"눈꽃",R,34,87,140,1.432,-0.853,0.3,1.759,0.488,0.993,-36.664,18.465,0,0,92.663,-82.773,4.986,0,0,0,1,2,L,"-Alta-",190,88,0.478,0,66,0,0,0,0,0,0,0,0,0,0,0,0,0,0,0,0,0.196,-37.53,0,"Sabo_10",0.101,-17.976,0,"레이나2",-20.696,-44.968,0,"쟈가리코",-14.666,-63.99,0,"SUGUN",21.618,-52.406,0,"muyang_",11.788,-64.856,0,"AI",40.9,-90.65,0,"AI",0,-109.84,0,"AI",-40.8,-90.55,0,0,0,0,0,0,"",0,0,0,0,4362.559,,,,0,0
156,6,0,11,14,1,1,0,0,0,0,255,255,255,74,4378.816,"눈꽃",R,12,78,127,0.586,-0.952,0.261,1.779,0.248,1.064,-36.632,21.095,0,0,0,60.447,8.774,0,0,0,1,2,L,"-Alta-",190,88,0.478,0,66,0,0,0,0,0,0,0,0,0,0,0,0,0,0,0,0,-0.009,-37.692,0,"Sabo_10",0.234,-18.016,0,"레이나2",-20.629,-44.973,0,"쟈가리코",-14.707,-63.367,0,"SUGUN",21.557,-52.526,0,"muyang_",10.573,-66.851,0,"AI",40.9,-90.65,0,"AI",0,-109.84,0,"AI",-40.8,-90.55,0,0,0,0,0,0,"",0,0,0,0,4377.909,,,,0,0
157,6,0,11,14,1,2,0,0,0,0,255,255,255,75,4391.23,"눈꽃",R,10,75,116,2.561,-1.855,0.42,1.746,1.102,0.924,-36.673,25.234,1,0,0,393.797,8.054,0.478,-18.899,0,1,2,L,"-Alta-",190,88,0.478,0,66,0,0,0,0,0,0,0,0,0,0,0,0,0,0,0,0,0.165,-37.682,0,"Sabo_10",0.318,-17.951,0,"레이나2",-20.601,-44.977,0,"쟈가리코",-14.678,-63.227,0,"SUGUN",21.562,-52.558,0,"muyang_",11.679,-66.409,0,"AI",40.9,-90.65,0,"AI",0,-109.84,0,"AI",-40.8,-90.55,0,0,0,0,0,0,"",0,0,0,0,4390.289,,,,0,0
158,6,0,11,14,2,2,0,0,0,0,255,255,255,76,4405.887,"눈꽃",R,45,57,99,1.827,-0.819,0.443,1.667,0.369,1.068,-36.674,29.883,2,0,195.76,-30.217,-14.499,0,0,1,1,2,L,"-Alta-",190,88,0.478,3,66,4407.06,255,77,145,76,102,145,87,-14.952,-58.386,1,0,0.632,242.311,545.746,-32.451,-0.328,-37.076,0,"Sabo_10",0.347,-18.041,0,"레이나2",-20.225,-45.04,0,"쟈가리코",-14.522,-63.172,0,"SUGUN",21.501,-52.492,0,"muyang_",11.686,-65.778,0,"AI",40.9,-90.65,0,"AI",0,-109.84,0,"AI",-40.8,-90.55,0,4404.899,3.83,-22.531,0,0,"",0,0,0,0,,,,,16,3
159,6,0,11,14,2,2,0,0,0,0,255,255,255,77,4422.762,"눈꽃",R,32,67,106,2.345,-0.323,0.468,1.727,0.627,1.226,-36.655,22.129,2,0,201.764,-153.848,-7.531,0,0,1,1,2,L,"-Alta-",190,88,0.478,3,49,4423.985,230,157,134,138,85,145,130,-30,-45.956,0.61,0,0.698,211.41,546.844,117.788,-0.144,-37.178,0,"Sabo_10",0.371,-18.048,0,"레이나2",-20.477,-45.025,0,"쟈가리코",-14.021,-63.559,0,"SUGUN",21.635,-51.309,0,"muyang_",13.815,-63.292,0,"AI",40.9,-90.65,0,"AI",0,-109.84,0,"AI",-40.8,-90.55,0,4421.689,1.99,-22.487,0,0,"",0,0,1,0,,4434.596,,,17,2
160,6,0,11,14,0,0,0,0,1,0,255,12,255,78,4455.467,"눈꽃",R,33,84,136,0.809,-0.46,0.26,1.827,0.162,1.222,-36.708,22.655,0,0,128.126,-96.77,6.058,0,0,0,2,4,L,"encounter v",190,83.172,0.499,0,66,0,0,0,0,0,0,0,0,0,0,0,0,0,0,0,0,0.113,-37.512,0,"Sabo_10",-0.042,-18.113,0,"레이나2",-20.113,-44.487,0,"쟈가리코",-5.06,-63.179,0,"SUGUN",20.442,-48.159,0,"muyang_",16.078,-64.375,0,"AI",40.9,-90.65,0,"AI",0,-109.84,0,"AI",-40.8,-90.55,0,0,0,0,0,0,"",0,0,0,0,4454.639,4457.678,,,0,0
161,6,0,11,14,0,1,0,0,1,0,255,12,255,79,4491.436,"눈꽃",R,34,77,128,-1.126,1.175,0.086,2.123,-0.634,2.26,-36.708,25.973,1,0,91.649,-74.608,11.095,0,0,0,2,4,L,"encounter v",190,83.172,0.499,0,66,0,0,0,0,0,0,0,0,0,0,0,0,0,0,0,0,-0.151,-37.572,0,"Sabo_10",-0.123,-17.941,0,"레이나2",-19.893,-44.577,0,"쟈가리코",-5.849,-62.642,0,"SUGUN",21.037,-47.313,0,"muyang_",15.152,-64.702,0,"AI",40.9,-90.65,0,"AI",0,-109.84,0,"AI",-40.8,-90.55,0,0,0,0,0,0,"",0,0,0,0,4490.499,4494.177,,,0,0
162,6,0,11,14,1,1,0,0,1,0,255,12,255,80,4509.042,"눈꽃",R,34,86,139,-1.077,-0.961,0.034,1.714,-0.593,0.937,-36.587,3.364,2,0,90.35,-70.262,6.264,0,0,1,2,4,L,"encounter v",190,83.172,0.499,3,66,4510.007,212,87,142,22,0,145,92,-26.868,-21.951,-0.75,0,0.589,-410.098,-352.828,109.548,0.071,-37.161,0,"Sabo_10",-0.162,-17.945,0,"레이나2",-19.797,-44.58,66,"쟈가리코",-5.113,-60.782,0,"SUGUN",19.973,-48.534,0,"muyang_",14.041,-63.603,103,"AI",40.9,-90.65,0,"AI",0,-109.84,0,"AI",-40.8,-90.55,0,4507.659,0.214,-20.265,0,0,"",0,0,0,0,,4513.362,,,26,2
163,6,0,11,14,0,0,1,0,1,0,255,12,255,81,4535.065,"눈꽃",R,34,85,138,1.092,-0.388,0.249,1.845,0.362,1.303,-36.679,15.791,0,0,76.128,-66.538,7.526,0,0,0,3,3,R,"ByeolBam",175,92,0.5,0,66,0,0,0,0,0,0,0,0,0,0,0,0,0,0,0,0,0.191,-37.714,0,"Sabo_10",-0.295,-17.757,0,"레이나2",-20.753,-44.192,0,"쟈가리코",-14.33,-63.077,0,"SUGUN",20.216,-47.145,0,"muyang_",5.358,-65.679,0,"AI",40.9,-90.65,0,"AI",0,-109.84,0,"AI",-40.8,-90.55,0,0,0,0,0,0,"",0,0,0,0,4533.979,4537.106,,,0,0
164,6,0,11,14,0,1,1,0,1,0,255,12,255,82,4553.184,"눈꽃",R,10,65,110,0.737,-2.553,0.265,1.683,0.314,0.671,-36.649,18.123,1,0,0,379.69,4.847,0.134,-20.105,0,3,3,R,"ByeolBam",175,92,0.5,0,66,0,0,0,0,0,0,0,0,0,0,0,0,0,0,0,0,0.053,-37.751,0,"Sabo_10",-0.132,-17.712,0,"레이나2",-20.963,-43.986,0,"쟈가리코",-14.993,-63.248,0,"SUGUN",19.345,-45.32,0,"muyang_",5.748,-68.965,0,"AI",40.9,-90.65,0,"AI",0,-109.84,0,"AI",-40.8,-90.55,0,0,0,0,0,0,"",0,0,0,0,4552.269,4555.228,,,0,0
165,6,0,11,14,1,1,1,0,1,0,255,12,255,83,4567.268,"눈꽃",R,0,68,121,0.851,-0.798,0.304,1.816,0.362,1.138,-36.638,16.064,2,0,0,10.093,7.06,0,0,1,3,3,R,"ByeolBam",175,92,0.5,3,66,4568.316,128,141,98,115,55,139,94,-61.932,-52.557,-0.18,0,0.147,-235.495,-119.361,94.098,0.154,-37.273,0,"Sabo_10",0.135,-17.853,0,"레이나2",-20.927,-43.991,0,"쟈가리코",-15.045,-63.207,0,"SUGUN",19.984,-48.485,0,"muyang_",7.661,-65.265,0,"AI",40.9,-90.65,0,"AI",0,-109.84,0,"AI",-40.8,-90.55,0,4565.919,0.539,-20.078,0,0,"",0,0,0,0,,4573.394,,,16,3
166,6,0,11,14,1,2,1,0,1,0,255,12,255,84,4591.537,"눈꽃",R,34,87,140,0.64,1.293,0.228,2.105,0.18,2.281,-36.706,30.042,4,0,66.551,-58.481,9.225,0,0,0,3,3,R,"ByeolBam",175,92,0.5,0,66,0,0,0,0,0,0,0,0,0,0,0,0,0,0,0,0,0.27,-37.35,0,"Sabo_10",0.049,-17.797,0,"레이나2",-21.221,-44.487,0,"쟈가리코",-16.72,-61.807,0,"SUGUN",21.404,-46.058,0,"muyang_",6.34,-66.597,0,"AI",40.9,-90.65,0,"AI",0,-109.84,0,"AI",-40.8,-90.55,0,0,0,0,0,0,"",0,0,0,0,4590.429,4594.49,,,0,0
167,6,0,11,14,0,0,2,0,1,0,255,12,255,85,4617.245,"눈꽃",R,34,83,134,-1.415,-0.156,0.04,1.881,-0.755,1.439,-36.639,9.36,2,0,95.982,-66.807,9.788,0,0,0,4,0,L,"Kr_Luna",190,95.491,0.501,3,66,4618.188,186,83,112,64,31,145,103,-18.161,38.765,-0.22,0,0.071,-235.495,-119.361,94.098,-0.129,-37.046,0,"Sabo_10",0.058,-18.048,0,"레이나2",-20.253,-44.607,0,"쟈가리코",-3.482,-61.807,0,"SUGUN",20.591,-48.358,0,"muyang_",14.376,-63.627,0,"AI",40.9,-90.65,0,"AI",0,-109.84,0,"AI",-40.8,-90.55,0,4615.819,-2.102,-22.194,0,0,"",0,0,0,0,4699.739,,,,58,2
168,7,1,11,14,0,0,0,0,0,0,255,255,255,81,4743.22,"-Alta-",L,3,83,121,2.786,0.103,-0.288,1.205,0.443,1.683,-36.359,24.027,1,0,500,0,-26.306,0,0,0,0,3,R,"쟈가리코",179.8,83.243,0.501,0,69,0,0,0,0,0,0,0,0,0,0,0,0,0,0,0,0,0.01,-37.034,0,"인생최패망자",0.034,-18.411,0,"Kr_Luna",-21.346,-48.694,0,"ByeolBam",-14.654,-64.092,0,"encounter v",18.203,-45.124,0,"si_ho",10.398,-66.039,0,"AI",40.9,-90.65,0,"AI",0,-109.84,0,"AI",-40.8,-90.55,0,0,0,0,0,0,"",0,0,0,0,4741.359,,,,0,0
169,7,1,11,14,1,0,0,0,0,0,255,255,255,82,4758.5,"-Alta-",L,32,82,133,1.2,-0.502,-0.207,1.084,0.821,1.269,-36.356,20.121,0,0,-211.009,-60.836,-22.82,0,0,0,0,3,R,"쟈가리코",179.8,83.243,0.501,0,69,0,0,0,0,0,0,0,0,0,0,0,0,0,0,0,0,0.308,-37.178,0,"인생최패망자",0.031,-18.128,0,"Kr_Luna",-21.366,-48.757,0,"ByeolBam",-15.286,-64.439,0,"encounter v",18.617,-45.845,0,"si_ho",10.504,-65.805,0,"AI",40.9,-90.65,0,"AI",0,-109.84,0,"AI",-40.8,-90.55,0,0,0,0,0,0,"",0,0,0,0,4756.649,,,,0,0
170,7,1,11,14,1,1,0,0,0,0,255,255,255,83,4772.11,"-Alta-",L,32,77,128,-3.764,-0.008,-0.655,1.18,-1.262,1.596,-36.618,54.892,1,0,-231.72,-21.57,-15.433,0,0,0,0,3,R,"쟈가리코",179.8,83.243,0.501,0,69,0,0,0,0,0,0,0,0,0,0,0,0,0,0,0,0,-0.285,-36.644,0,"인생최패망자",0.031,-18.077,0,"Kr_Luna",-21.32,-48.735,0,"ByeolBam",-15.842,-63.03,0,"encounter v",18.922,-44.586,0,"si_ho",10.528,-65.85,0,"AI",40.9,-90.65,0,"AI",0,-109.84,0,"AI",-40.8,-90.55,0,0,0,0,0,0,"",0,0,0,0,4770.249,,,,0,0
171,7,1,11,14,2,1,0,0,0,0,255,255,255,84,4787.353,"-Alta-",L,3,79,117,-4.26,5.023,-0.356,1.201,0.13,1.668,-36.492,30.828,2,0,467.344,0,-14.112,0,0,1,0,3,R,"쟈가리코",179.8,83.243,0.501,3,69,4788.517,255,91,96,60,46,145,88,60.101,22.607,-0.76,0,0.419,60.893,144.003,17.675,0.481,-36.809,0,"인생최패망자",0.022,-18.022,0,"Kr_Luna",-21.356,-48.79,0,"ByeolBam",-16.17,-66.312,92,"encounter v",18.433,-44.922,0,"si_ho",11.145,-66.122,0,"AI",40.9,-90.65,0,"AI",0,-109.84,0,"AI",-40.8,-90.55,0,4791.019,-20.873,-65.493,0,0,"",0,0,0,0,,,,,10,1
172,7,1,11,14,0,0,1,0,0,0,255,255,255,85,4815.539,"-Alta-",L,32,84,137,1.208,0.013,-0.217,1.2,0.776,1.668,-36.357,16.849,0,0,-170.205,-37.416,-14.738,0,0,0,1,5,R,"muyang_",170,80,0.498,0,65,0,0,0,0,0,0,0,0,0,0,0,0,0,0,0,0,-0.163,-37.33,0,"인생최패망자",0.071,-17.929,0,"Kr_Luna",-20.656,-48.568,0,"ByeolBam",-15.716,-63.342,0,"encounter v",18.623,-44.965,0,"si_ho",10.598,-65.297,0,"AI",40.9,-90.65,0,"AI",0,-109.84,0,"AI",-40.8,-90.55,0,0,0,0,0,0,"",0,0,0,0,4813.729,,,,0,0
173,7,1,11,14,0,1,1,0,0,0,255,255,255,86,4830.176,"-Alta-",L,33,56,111,2.34,-1.87,-0.109,0.92,1.278,0.653,-36.34,39.659,1,0,-144.83,49.292,-14.222,0,0,0,1,5,R,"muyang_",170,80,0.498,0,65,0,0,0,0,0,0,0,0,0,0,0,0,0,0,0,0,0.489,-36.984,0,"인생최패망자",0.078,-18.117,0,"Kr_Luna",-20.908,-48.641,0,"ByeolBam",-15.518,-62.523,0,"encounter v",18.547,-44.859,0,"si_ho",10.702,-65.717,0,"AI",40.9,-90.65,0,"AI",0,-109.84,0,"AI",-40.8,-90.55,0,0,0,0,0,0,"",0,0,0,0,4828.439,,,,0,0
174,7,1,11,14,1,1,1,0,0,0,255,255,255,87,4848.09,"-Alta-",L,3,69,111,1.474,-1.003,-0.406,1.032,-0.105,1.059,-36.315,20.28,2,0,442.033,0,-7.29,0,0,1,1,5,R,"muyang_",170,80,0.498,2,65,4849.302,255,192,107,87,73,160,84,-2.497,-18.981,-0.76,0,0.275,-332.104,356.385,-350.281,-0.178,-36.57,0,"인생최패망자",0.04,-18.066,0,"Kr_Luna",-20.96,-48.512,85,"ByeolBam",-16.308,-63.56,0,"encounter v",17.834,-46.041,0,"si_ho",10.724,-65.708,103,"AI",40.9,-90.65,0,"AI",0,-109.84,0,"AI",-40.8,-90.55,0,4846.309,2.648,-27.753,0,0,"",0,0,0,2,,,,,19,2
175,7,1,11,14,0,0,2,0,0,0,255,255,255,88,4875.285,"-Alta-",L,33,84,136,-2.748,0.338,-0.606,1.262,-1.033,1.873,-36.435,18.549,2,0,-106.231,41.546,-6.716,0,0,1,2,1,L,"Sabo_10",185,87.575,0.449,3,65,4876.306,102,81,67,53,19,133,96,63.971,-12.502,-0.04,0,0.403,-203.244,-477.319,299.932,-0.26,-36.965,0,"인생최패망자",0.062,-18.081,0,"Kr_Luna",-20.96,-51.548,0,"ByeolBam",-11.538,-65.168,0,"encounter v",20.413,-46.44,0,"si_ho",10.728,-66.513,0,"AI",40.9,-90.65,0,"AI",0,-109.84,0,"AI",-40.8,-90.55,0,4879.339,13.524,-68.082,0,0,"",0,0,0,0,,,,,1,1
