id,inn,half,scoreA,scoreB,ball,strk,out,b1,b2,b3,b1Idx,b2Idx,b3Idx,pCnt,pSec,pName,pHand,pType,pPow,spdK,zoneX,zoneY,startX,startY,targetX,targetY,zDist,pitchAngle,call,balk,sH,sV,gyro,plx,plz,bSwing,bIdx,bPos,bZone,bName,bHCm,batLen,batCen,batType,bFps,hSec,rotS,rotL,shS,lgS,prepS,batSpd,ev,ldeg,sdeg,hPos,buntGrip,handDist,angVeloX,angVeloY,angVeloZ,PPosX,PPosY,PThrSpd,CName,CPosX,CPosY,CThrSpd,1BName,1BPosX,1BPosY,1BThrSpd,2BName,2BPosX,2BPosY,2BThrSpd,3BName,3BPosX,3BPosY,3BThrSpd,SSName,SSPosX,SSPosY,SSThrSpd,LFName,LFPosX,LFPosY,LFThrSpd,CFName,CFPosX,CFPosY,CFThrSpd,RFName,RFPosX,RFPosY,RFThrSpd,ltSec,lx,lz,cSec,cPos,cPlr,cx,cz,1BSafe,tag,cpSec,sb2Sec,sb3Sec,sbhSec,ass,result
1,1,1,0,0,2,1,1,1,1,0,1,5,255,7,398.646,"NABIMan",R,0,78,128,0.474,0.007,0.12,1.898,0.264,1.6,-36.537,32.394,2,0,-39.943,0,8.432,0,0,1,3,2,L,"Pring__",190,94.507,0.484,3,0,399.502,179,151,109,93,82,145,130,28.881,-17.543,0.51,0,0.565,234.41,255.532,-56.763,-0.246,-36.811,0,"소솨소솨",-0.037,-17.128,0,"Amellaid",-21.382,-46.208,0,"-라후이-",-1.639,-61.302,0,"「론구」",23.684,-53.252,0,"Pugeuk",12.524,-63.577,0,"AI",40.9,-90.65,0,"AI",0,-109.84,0,"AI",-40.8,-90.55,0,404.935,26.936,-128.326,411.013,3,"-라후이-",0.733,-61.269,1,0,,404.464,404.527,408.975,9,2
2,1,1,1,0,0,0,1,0,1,1,255,2,1,8,444.099,"NABIMan",R,0,40,100,1.07,0.151,0.1,1.873,0.463,1.709,-36.358,26.047,2,0,0,0,-32.22,0,0,0,4,4,L,"Kr_Luna",190,94.714,0.497,3,61,445.035,190,116,68,110,69,141,106,25.114,-31.665,0.9,0,0.085,234.41,255.532,-56.763,0.07,-36.39,0,"소솨소솨",-0.014,-17.062,0,"Amellaid",-21.444,-46.155,0,"-라후이-",-11.166,-63.02,0,"「론구」",23.504,-50.132,0,"Pugeuk",12.825,-63.722,93,"AI",40.9,-90.65,0,"AI",0,-109.84,0,"AI",-40.8,-90.55,0,449.257,46.557,-99.057,453.49,5,"Pugeuk",19.483,-75.778,0,0,,450.547,451.975,,33,1
3,1,1,1,0,0,0,2,0,1,1,255,2,1,9,474.17,"NABIMan",R,27,93,140,0.479,-0.571,0.02,1.696,0.095,1.135,-36.351,15.494,2,0,103.776,-132.972,21.729,0,0,0,5,0,R,"인생최패망자",190,80,0.298,3,60,475.289,178,127,77,94,45,145,130,-30,-29.279,0.38,0,0.278,-568.311,-188.802,13.302,0.269,-36.851,0,"소솨소솨",-0.227,-17.408,0,"Amellaid",-23.291,-47.891,0,"-라후이-",-2.444,-60.19,86,"「론구」",22.735,-49.959,0,"Pugeuk",12.553,-63.08,0,"AI",40.9,-90.65,0,"AI",0,-109.84,0,"AI",-40.8,-90.55,0,475.068,0.59,-20.256,481.513,3,"-라후이-",5.174,-62.637,0,0,,,480.687,480.78,9,2
4,1,1,2,0,0,0,2,0,1,1,255,2,1,10,500.248,"NABIMan",R,10,74,116,0.265,-0.325,0.048,1.972,0.114,1.885,-36.57,32.223,2,0,0,400,12.346,0,0,0,0,3,R,"_송글_",172.2,92,0.315,3,57,501.245,148,204,79,107,107,145,128,11.042,-11.862,0.5,0,0.328,-565.682,50.152,-181.691,-0.019,-36.62,0,"소솨소솨",-0.067,-17.4,108,"Amellaid",-22.123,-46.695,0,"-라후이-",-11.035,-63.806,111,"「론구」",23.178,-51.784,0,"Pugeuk",9.26,-62.907,0,"AI",40.9,-90.65,0,"AI",0,-109.84,0,"AI",-40.8,-90.55,0,503.013,13.166,-84.1,512.424,3,"-라후이-",-9.453,-62.671,1,0,515.035,505.032,509.814,507.203,59,2
5,1,1,4,0,0,0,2,0,1,0,255,0,255,11,578.075,"NABIMan",R,1,30,94,1.476,0.185,0.089,1.969,0.414,2.049,-36.42,25.762,2,0,0,0,7.248,0,0,1,0,5,R,"ByeolBam",175,90,0.5,6,68,579.184,255,255,255,255,255,145,83,-42.499,14.869,-0.94,0,0.692,-562.982,204.116,22.095,-0.091,-36.906,0,"소솨소솨",-0.084,-17.205,0,"Amellaid",-22.452,-47.742,94,"-라후이-",-12.056,-64.853,0,"「론구」",23.843,-53.713,0,"Pugeuk",8.97,-62.82,0,"AI",40.9,-90.65,0,"AI",0,-109.84,0,"AI",-40.8,-90.55,0,578.913,-0.008,-21.922,581.59,3,"-라후이-",-8.209,-55.495,0,0,,,583.512,,44,2
6,1,0,4,0,0,0,0,0,0,0,255,255,255,0,647.567,"인생최패망자",R,26,83,136,0.772,-0.263,0.612,2.101,0.267,1.254,-36.724,53.043,2,0,41.381,-174.955,8.99,0,0,1,0,4,R,"「론구」",173.7,80,0.2,3,55,648.662,189,97,106,85,59,145,89,-88.896,-87.817,-0.61,0,0.169,-280.333,-206.267,13.789,0.285,-37.176,0,"IbikiKai_JP",0.012,-17.011,0,"Pring__",-23.674,-50.474,0,"_송글_",-9.297,-65.508,0,"Kr_Luna",19.09,-51.69,0,"Ayu_Yua",13.496,-64.031,0,"AI",40.9,-90.65,0,"AI",0,-109.84,0,"AI",-40.8,-90.55,0,648.301,0.491,-19.752,0,0,"",0,0,0,0,,,,,32,3
7,1,0,4,0,0,1,0,0,0,0,255,255,255,1,665.288,"인생최패망자",R,10,60,95,-1.931,-0.155,0.316,2.314,-0.847,2.101,-37.191,81.865,1,0,0,306.235,4.83,0,0,0,0,4,R,"「론구」",173.7,80,0.2,0,55,0,0,0,0,0,0,0,0,0,0,0,0,0,0,0,0,0.106,-37.858,0,"IbikiKai_JP",-0.188,-17.184,0,"Pring__",-23.094,-48.977,0,"_송글_",-9.241,-64.957,0,"Kr_Luna",18.835,-50.725,0,"Ayu_Yua",14.351,-64.339,0,"AI",40.9,-90.65,0,"AI",0,-109.84,0,"AI",-40.8,-90.55,0,0,0,0,0,0,"",0,0,0,0,666.624,,,,0,0
8,1,0,4,0,1,1,0,0,0,0,255,255,255,2,679.218,"인생최패망자",R,27,78,129,3.486,0.909,0.783,2.157,1.3,2.067,-37.066,75.941,4,0,84.693,-108.982,2.837,-0.272,-21.584,1,0,4,R,"「론구」",173.7,80,0.2,0,55,0,0,0,0,0,0,0,0,0,0,0,0,0,0,0,0,0.39,-37.782,0,"IbikiKai_JP",0.04,-17.464,0,"Pring__",-22.974,-48.488,0,"_송글_",-12.274,-63.675,0,"Kr_Luna",18.756,-51.249,0,"Ayu_Yua",12.065,-65.227,0,"AI",40.9,-90.65,0,"AI",0,-109.84,0,"AI",-40.8,-90.55,0,0,0,0,0,0,"",0,0,0,0,683.701,,,,0,0
9,1,0,4,0,1,2,0,0,0,0,255,255,255,3,696.514,"인생최패망자",R,10,77,106,-0.45,-1.512,0.492,2.096,-0.16,1.344,-36.862,57.226,1,0,-23.511,400,12.802,0,0,0,0,4,R,"「론구」",173.7,80,0.2,0,55,0,0,0,0,0,0,0,0,0,0,0,0,0,0,0,0,0.122,-37.863,0,"IbikiKai_JP",-0.06,-17.934,0,"Pring__",-22.761,-48.125,0,"_송글_",-12.359,-63.858,0,"Kr_Luna",18.987,-51.065,0,"Ayu_Yua",12.079,-65.246,0,"AI",40.9,-90.65,0,"AI",0,-109.84,0,"AI",-40.8,-90.55,0,0,0,0,0,0,"",0,0,0,0,697.768,,,,0,0
10,1,0,4,0,2,2,0,0,0,0,255,255,255,4,710.649,"인생최패망자",R,10,59,93,0.568,0.61,0.465,2.41,0.236,2.74,-37.244,81.099,0,0,0,400,-2.205,0,0,0,0,4,R,"「론구」",173.7,80,0.2,0,55,0,0,0,0,0,0,0,0,0,0,0,0,0,0,0,0,0.343,-37.89,0,"IbikiKai_JP",-0.011,-17.842,0,"Pring__",-22.454,-46.467,0,"_송글_",-12.382,-63.828,0,"Kr_Luna",18.442,-51.946,0,"Ayu_Yua",12.062,-65.253,0,"AI",40.9,-90.65,0,"AI",0,-109.84,0,"AI",-40.8,-90.55,0,0,0,0,0,0,"",0,0,0,0,712.002,,,,0,0
11,1,0,4,0,0,0,1,0,0,0,255,255,255,5,731.497,"인생최패망자",R,26,89,140,-0.739,-0.435,0.443,2.059,-0.42,1.153,-36.713,46.434,0,0,70.089,-184.64,11.831,-0.089,-19.334,0,1,2,L,"Amellaid",173.3,85,0.44,0,56,0,0,0,0,0,0,0,0,0,0,0,0,0,0,0,0,0.261,-37.447,0,"IbikiKai_JP",-0.064,-18.057,0,"Pring__",-22.938,-48.908,0,"_송글_",-12.375,-63.819,0,"Kr_Luna",18.46,-52.009,0,"Ayu_Yua",12.076,-65.281,0,"AI",40.9,-90.65,0,"AI",0,-109.84,0,"AI",-40.8,-90.55,0,0,0,0,0,0,"",0,0,0,0,734.313,,,,0,0
12,1,0,4,0,0,1,1,0,0,0,255,255,255,6,745.523,"인생최패망자",R,0,66,106,0.249,-0.166,0.56,2.164,0.093,1.545,-37.092,77.643,0,0,0,28.109,8.471,0,0,1,1,2,L,"Amellaid",173.3,85,0.44,0,56,0,0,0,0,0,0,0,0,0,0,0,0,0,0,0,0,0.318,-37.38,0,"IbikiKai_JP",-0.031,-17.591,0,"Pring__",-23.157,-47.846,0,"_송글_",-12.376,-63.87,0,"Kr_Luna",18.434,-52.04,0,"Ayu_Yua",12.077,-65.27,0,"AI",40.9,-90.65,0,"AI",0,-109.84,0,"AI",-40.8,-90.55,0,0,0,0,0,0,"",0,0,0,0,746.646,,,,0,0
13,1,0,4,0,0,2,1,0,0,0,255,255,255,7,760.536,"인생최패망자",R,14,72,100,2.412,-1.778,0.557,2.021,0.292,1.093,-36.72,47.194,4,0,354.94,312.348,19.371,0,0,1,1,2,L,"Amellaid",173.3,85,0.44,0,56,0,0,0,0,0,0,0,0,0,0,0,0,0,0,0,0,0.539,-37.923,0,"IbikiKai_JP",0.041,-17.659,0,"Pring__",-23.118,-46.3,0,"_송글_",-12.381,-63.864,0,"Kr_Luna",18.433,-52.027,0,"Ayu_Yua",10.6,-65.156,0,"AI",40.9,-90.65,0,"AI",0,-109.84,0,"AI",-40.8,-90.55,0,0,0,0,0,0,"",0,0,0,0,761.668,,,,0,0
14,1,0,4,0,0,0,2,0,0,0,255,255,255,8,780.927,"인생최패망자",R,3,66,99,1.148,0.608,0.804,2.059,1.104,1.976,-37.092,74.966,2,0,-316.897,0,17.33,0,0,1,2,3,R,"-라후이-",179.7,80,0.5,3,56,782.019,153,177,149,88,65,145,128,30.337,37.338,0.25,0,0.131,469.076,280.071,245.619,0.53,-37.187,0,"IbikiKai_JP",0.005,-17.588,0,"Pring__",-22.671,-48.513,0,"_송글_",-12.383,-63.812,0,"Kr_Luna",18.346,-52.074,0,"Ayu_Yua",8.641,-66.344,0,"AI",40.9,-90.65,0,"AI",0,-109.84,0,"AI",-40.8,-90.55,0,786.779,-76.863,-105.145,0,0,"",0,0,0,0,,792.62,797.642,,32,4
15,1,0,4,1,0,0,2,0,0,0,255,255,255,9,834.732,"인생최패망자",R,10,72,102,-1.185,-2.331,0.447,2.007,-0.521,0.861,-36.757,52.185,1,0,-2.208,400,12.603,-0.248,-19.721,0,3,5,R,"Pugeuk",169.9,86.173,0.398,0,56,0,0,0,0,0,0,0,0,0,0,0,0,0,0,0,0,0.066,-38.057,0,"IbikiKai_JP",-0.027,-17.208,0,"Pring__",-23.111,-49.193,0,"_송글_",-11.33,-64.729,0,"Kr_Luna",18.854,-51.591,0,"Ayu_Yua",8.686,-66.979,0,"AI",40.9,-90.65,0,"M a x ღ",-0.877,-116.997,0,"AI",-40.8,-90.55,0,0,0,0,0,0,"",0,0,0,0,836.002,,,,0,0
16,1,0,4,1,1,0,2,0,0,0,255,255,255,10,847.658,"인생최패망자",R,0,57,100,-0.676,-0.463,0.507,2.131,-0.309,1.339,-36.797,52.686,0,0,0,0,13.646,0,0,0,3,5,R,"Pugeuk",169.9,86.173,0.398,0,56,0,0,0,0,0,0,0,0,0,0,0,0,0,0,0,0,0.261,-37.637,0,"IbikiKai_JP",-0.084,-17.274,0,"Pring__",-22.235,-46.328,0,"_송글_",-11.329,-64.75,0,"Kr_Luna",18.848,-51.61,0,"Ayu_Yua",8.69,-67.046,0,"AI",40.9,-90.65,0,"M a x ღ",-1.815,-111.198,0,"AI",-40.8,-90.55,0,0,0,0,0,0,"",0,0,0,0,848.768,,,,0,0
17,1,0,4,1,1,1,2,0,0,0,255,255,255,11,860.928,"인생최패망자",R,10,70,101,-0.525,-2.481,0.444,1.938,-0.232,0.834,-36.713,47.274,2,0,-3.216,400,-5.112,0,0,1,3,5,R,"Pugeuk",169.9,86.173,0.398,3,56,862.174,255,174,146,97,66,145,91,-30,16.378,0.95,0,0.707,178.366,-417.92,-207.19,0.182,-37.126,0,"IbikiKai_JP",-0.006,-17.194,0,"Pring__",-22.996,-49.583,86,"_송글_",-11.311,-64.692,0,"Kr_Luna",20.47,-55.118,0,"Ayu_Yua",12.406,-64.835,0,"AI",40.9,-90.65,0,"M a x ღ",-1.735,-111.258,0,"AI",-40.8,-90.55,0,861.735,-0.191,-21.667,864.201,3,"_송글_",-10.602,-58.421,1,0,,,,,41,2
18,1,0,4,1,0,0,2,1,0,0,15,255,255,12,891.697,"인생최패망자",R,26,82,134,0.8,-0.078,0.561,2.15,0.293,1.357,-36.874,60.356,2,0,29.774,-193.717,4.155,0,0,1,4,1,R,"소솨소솨",190,80,0.404,3,43,892.634,254,89,58,0,24,94,102,-30,28.41,0.5,0,0.48,-481.843,292.904,5.576,0.076,-37.159,120,"IbikiKai_JP",0.009,-17.117,120,"Pring__",-20.022,-40.448,87,"_송글_",-12.007,-63.193,0,"Kr_Luna",19.83,-47.555,0,"Ayu_Yua",9.635,-65.844,73,"AI",40.9,-90.65,0,"M a x ღ",-7.492,-103.326,83,"AI",-40.8,-90.55,0,888.29,-0.419,-19.212,895.302,5,"Ayu_Yua",-2.114,-60.555,1,0,946.935,897.202,946.635,951.147,110,2
19,1,0,4,2,0,0,2,0,1,0,255,11,255,13,977.326,"인생최패망자",R,28,82,134,-0.198,0.662,0.502,2.216,-0.207,1.913,-36.852,57.329,2,0,70.448,-97.582,6.294,0,0,1,5,0,L,"NABIMan",190,81.885,0.496,3,57,978.272,255,36,113,111,103,145,100,106.015,48.403,-0.37,0,0.47,556.606,207.798,-58.519,0.56,-37.299,0,"IbikiKai_JP",0.011,-17.441,0,"Pring__",-23.927,-50.421,0,"_송글_",-12.258,-64.267,0,"Kr_Luna",19.242,-45.92,0,"Ayu_Yua",7.942,-65.917,0,"AI",40.9,-90.65,0,"M a x ღ",-6.477,-109.894,0,"AI",-40.8,-90.55,0,0,0,0,0,0,"",0,0,0,0,,981.157,,,32,3
20,1,0,4,2,0,1,2,0,1,0,255,11,255,14,994.831,"인생최패망자",R,26,85,138,-0.419,-0.193,0.479,2.097,-0.282,1.292,-36.707,46.988,2,0,61.405,-197.538,2.211,0,0,1,5,0,L,"NABIMan",190,81.885,0.496,3,57,995.773,255,61,142,113,98,145,130,28.795,-10.763,0.55,0,0.442,595.85,36.885,-4.191,0.557,-37.172,0,"IbikiKai_JP",0.036,-16.991,0,"Pring__",-23.108,-49.186,0,"_송글_",-13.206,-63.154,0,"Kr_Luna",19.258,-45.94,0,"Ayu_Yua",8.108,-67.043,0,"AI",40.9,-90.65,0,"M a x ღ",-10.174,-113.705,0,"AI",-40.8,-90.55,0,997.39,22.555,-139.485,0,0,"",0,0,0,0,,1007.771,1000.513,1005.799,32,4
21,1,0,4,4,0,0,2,0,0,0,255,255,255,15,1034.64,"인생최패망자",R,5,66,105,1.947,0.461,0.812,2.123,0.987,1.866,-37.02,68.679,2,0,-89.517,0,13.972,0,0,0,6,6,R,"TaeGeuk_",173.9,85,0.613,3,57,1035.617,209,62,119,37,46,145,83,21.186,33.43,-0.9,0,0.191,395.588,394.044,-216.888,0.542,-37.143,0,"IbikiKai_JP",0.038,-17.24,0,"Pring__",-22.61,-48.696,0,"_송글_",-12.15,-63.65,0,"Kr_Luna",17.91,-48.269,0,"Ayu_Yua",10.117,-66.51,85,"AI",40.9,-90.65,0,"M a x ღ",-7.943,-114.599,0,"AI",-40.8,-90.55,0,1035.035,-38.936,-70.672,1040.113,5,"Ayu_Yua",-1.593,-59.774,1,0,,,,,34,2
22,1,0,4,4,0,0,2,1,0,0,16,255,255,16,1057.082,"인생최패망자",R,34,67,122,3.016,2.209,0.595,2.176,1.122,2.751,-37.218,84.194,1,0,99.941,-86.479,5.489,0,0,0,0,4,R,"「론구」",173.7,80,0.2,0,57,0,0,0,0,0,0,0,0,0,0,0,0,0,0,0,0,0.033,-38.054,0,"IbikiKai_JP",0.068,-17.357,0,"Pring__",-19.572,-40.359,0,"_송글_",-14.354,-63.117,0,"Kr_Luna",19.343,-45.568,0,"Ayu_Yua",8.612,-66.224,0,"AI",40.9,-90.65,0,"M a x ღ",-7.799,-107.529,0,"AI",-40.8,-90.55,0,0,0,0,0,0,"",0,0,0,0,1054.168,,,,0,0
23,1,0,4,4,1,0,2,1,0,0,16,255,255,17,1066.599,"인생최패망자",R,34,75,127,0.21,-0.221,0.563,2.101,-0.073,1.353,-37.032,74.97,0,0,91.996,-88.222,4.368,0,0,0,0,4,R,"「론구」",173.7,80,0.2,0,57,0,0,0,0,0,0,0,0,0,0,0,0,0,0,0,0,0.122,-37.292,0,"IbikiKai_JP",-0.055,-17.469,0,"Pring__",-20.324,-45.306,0,"_송글_",-14.367,-63.106,0,"Kr_Luna",17.538,-48.727,0,"Ayu_Yua",8.803,-66.381,0,"AI",40.9,-90.65,0,"M a x ღ",-10.138,-112.115,0,"AI",-40.8,-90.55,0,0,0,0,0,0,"",0,0,0,0,1063.635,,,,0,0
24,1,0,4,4,1,1,2,1,0,0,16,255,255,18,1076.898,"인생최패망자",R,13,66,109,-1.829,-2.749,0.465,1.983,-0.145,0.38,-36.799,51.935,4,0,-350.15,353.744,-21.772,-0.309,-20.816,1,0,4,R,"「론구」",173.7,80,0.2,0,57,0,0,0,0,0,0,0,0,0,0,0,0,0,0,0,0,0.27,-37.753,0,"IbikiKai_JP",-0.016,-17.523,105,"Pring__",-19.789,-44.601,0,"_송글_",-14.341,-63.094,0,"Kr_Luna",17.118,-48.989,0,"Ayu_Yua",8.829,-66.456,0,"AI",40.9,-90.65,0,"M a x ღ",-11.159,-110.387,0,"AI",-40.8,-90.55,0,0,0,0,0,0,"",0,0,0,0,1070.624,,,,0,0
25,1,0,4,4,1,2,2,1,0,0,16,255,255,19,1090.383,"인생최패망자",R,41,42,89,-0.452,-0.389,0.538,2.073,-0.273,1.308,-36.887,62.472,0,0,24.334,-53.962,1.341,0,0,0,0,4,R,"「론구」",173.7,80,0.2,0,57,0,0,0,0,0,0,0,0,0,0,0,0,0,0,0,0,0.405,-36.935,0,"IbikiKai_JP",-0.094,-17.382,120,"Pring__",-19.35,-46.437,0,"_송글_",-14.376,-63.125,0,"Kr_Luna",18.282,-47.454,0,"Ayu_Yua",8.837,-66.771,0,"AI",40.9,-90.65,0,"M a x ღ",-10.693,-115.026,0,"AI",-40.8,-90.55,0,0,0,0,0,0,"",0,0,0,0,1084.246,,,,0,0
26,2,1,4,4,0,0,0,0,0,0,255,255,255,12,1139.336,"NABIMan",R,34,85,139,-0.678,-0.659,-0.085,1.712,-0.396,1.136,-36.279,11.268,2,0,92.388,-86.116,12.738,0,0,0,1,5,R,"Ayu_Yua",172,86,0.403,3,57,1140.404,52,102,24,54,91,53,53,-27.953,43.83,0.95,0,0.335,-469.649,120.257,-347.118,-0.353,-36.396,0,"소솨소솨",-0.326,-17.177,0,"Amellaid",-21.798,-47.17,85,"-라후이-",-10.965,-65.183,0,"「론구」",22.914,-52.758,0,"Pugeuk",9.901,-64.729,0,"TaeGeuk_",43.601,-93.155,0,"AI",0,-109.84,0,"AI",-40.8,-90.55,0,1132.635,-1.085,-20.78,1135.49,2,"Amellaid",-15.096,-40.469,0,0,,,,,34,2
27,2,1,4,4,0,0,1,0,0,0,255,255,255,13,1161.489,"NABIMan",R,28,78,129,2.413,0.852,0.245,1.996,0.948,2.063,-36.613,47.104,4,0,62.457,-73.393,1.982,0,0,1,2,1,L,"IbikiKai_JP",190,89.582,0.5,0,57,0,0,0,0,0,0,0,0,0,0,0,0,0,0,0,0,0.196,-37.155,0,"소솨소솨",0.077,-17.034,103,"Amellaid",-23.347,-48.214,0,"-라후이-",-11.22,-65.254,0,"「론구」",23.465,-52.283,0,"Pugeuk",11.624,-63.418,0,"TaeGeuk_",43.387,-94.804,0,"AI",0,-109.84,0,"AI",-40.8,-90.55,0,0,0,0,0,0,"",0,0,0,0,1155.19,,,,0,0
28,2,1,4,4,0,1,1,0,0,0,255,255,255,14,1172.606,"NABIMan",R,10,78,119,1.159,-0.066,0.141,2.011,0.5,2.029,-36.629,42.103,2,0,0,400,13.924,0,0,1,2,1,L,"IbikiKai_JP",190,89.582,0.5,3,57,1173.713,255,117,52,57,45,136,130,33.331,-34.626,0.39,0,0.541,211.951,548.785,-107.319,-0.012,-36.784,0,"소솨소솨",0.006,-17.146,0,"Amellaid",-23.367,-48.302,0,"-라후이-",-11.441,-65.258,0,"「론구」",23.398,-52.185,0,"Pugeuk",11.449,-63.534,0,"TaeGeuk_",43.904,-95.475,0,"AI",0,-109.84,0,"AI",-40.8,-90.55,0,1173.757,59.359,-137.321,0,0,"",0,0,0,4,,1183.814,1189.447,,32,4
29,2,1,5,4,0,0,1,0,0,0,255,255,255,15,1209.667,"NABIMan",R,10,78,121,0.344,-0.382,0.032,1.868,0.149,1.693,-36.351,28.208,0,0,0,304.125,7.202,0,0,0,3,2,L,"Pring__",190,94.507,0.484,0,56,0,0,0,0,0,0,0,0,0,0,0,0,0,0,0,0,0.075,-37.15,0,"소솨소솨",0.008,-17.179,0,"Amellaid",-24.187,-48.746,0,"-라후이-",-11.883,-65.194,0,"「론구」",22.885,-52.826,0,"Pugeuk",11.196,-64.556,0,"TaeGeuk_",44.008,-98.242,0,"AI",0,-109.84,0,"AI",-40.8,-90.55,0,0,0,0,0,0,"",0,0,0,0,1199.246,,,,0,0
30,2,1,5,4,0,1,1,0,0,0,255,255,255,16,1218.528,"NABIMan",R,6,37,90,2.838,-0.355,0.091,1.781,0.425,1.412,-36.38,11.813,4,0,326.502,0,-37.576,0,0,1,3,2,L,"Pring__",190,94.507,0.484,0,56,0,0,0,0,0,0,0,0,0,0,0,0,0,0,0,0,0.042,-37.328,0,"소솨소솨",0.044,-17.16,0,"Amellaid",-24.281,-48.845,0,"-라후이-",-11.663,-65.225,0,"「론구」",22.871,-52.846,0,"Pugeuk",11.466,-64.351,0,"TaeGeuk_",44.968,-100.229,0,"AI",0,-109.84,0,"AI",-40.8,-90.55,0,0,0,0,0,0,"",0,0,0,0,1208.268,,,,0,0
31,2,1,5,4,0,2,1,0,0,0,255,255,255,17,1227.533,"NABIMan",R,27,87,140,-0.463,-0.617,-0.052,1.685,-0.242,1.098,-36.312,16.106,2,0,32.338,-143.012,17.277,0,0,1,3,2,L,"Pring__",190,94.507,0.484,3,56,1228.336,155,150,118,101,58,145,130,-30,18.143,0.33,0,0.25,-588.307,9.094,44.104,-0.13,-36.578,0,"소솨소솨",0.005,-17.167,0,"Amellaid",-24.183,-48.784,0,"-라후이-",-11.716,-65.339,0,"「론구」",22.868,-52.809,0,"Pugeuk",11.426,-64.191,88,"TaeGeuk_",45.275,-100.106,0,"AI",0,-109.84,0,"AI",-40.8,-90.55,0,1216.613,-0.167,-20.18,1228.99,5,"Pugeuk",-0.454,-60.286,1,0,,1238.207,,,40,2
32,2,1,5,4,0,0,1,0,1,0,255,2,255,18,1287.156,"NABIMan",R,0,50,109,-0.857,-0.892,-0.08,1.672,-0.371,1.058,-36.412,7.065,0,0,0,1.816,-49.43,0,0,0,4,4,L,"Kr_Luna",190,94.714,0.501,0,57,0,0,0,0,0,0,0,0,0,0,0,0,0,0,0,0,0.107,-37.557,0,"소솨소솨",-0.041,-17.145,110,"Amellaid",-23.63,-48.374,0,"-라후이-",-9.789,-63.945,0,"「론구」",23.214,-54.102,0,"Pugeuk",9.96,-62.457,0,"TaeGeuk_",40.995,-105.393,0,"AI",0,-109.84,0,"AI",-40.8,-90.55,0,0,0,0,0,0,"",0,0,0,0,1275.201,1289.368,,,0,0
33,2,1,5,4,0,1,1,0,1,0,255,2,255,19,1296.987,"NABIMan",R,0,34,96,2.782,-0.205,0.242,1.809,1.125,1.499,-36.39,13.758,1,0,36.674,0,-18.416,0,0,0,4,4,L,"Kr_Luna",190,94.714,0.501,0,57,0,0,0,0,0,0,0,0,0,0,0,0,0,0,0,0,0.387,-36.954,0,"소솨소솨",0.177,-17.14,100,"Amellaid",-23.51,-48.304,0,"-라후이-",-3.102,-62.17,0,"「론구」",23.309,-54.175,0,"Pugeuk",10.214,-61.546,0,"TaeGeuk_",44.953,-100.345,0,"AI",0,-109.84,0,"AI",-40.8,-90.55,0,0,0,0,0,0,"",0,0,0,0,1285.124,,,,0,0
34,2,1,5,4,1,1,1,0,1,0,255,2,255,20,1308.029,"NABIMan",R,10,81,122,-1.308,-1.73,-0.122,1.631,-0.565,0.923,-36.273,7.11,2,0,0,400,39.576,0,0,0,4,4,L,"Kr_Luna",190,94.714,0.501,3,57,1308.83,255,103,180,97,58,145,130,-15.952,14.863,0.38,0,0.204,-588.307,9.094,44.104,-0.284,-36.403,0,"소솨소솨",-0.021,-17.069,0,"Amellaid",-23.623,-48.225,0,"-라후이-",-1.666,-61.154,100,"「론구」",23.406,-54.274,0,"Pugeuk",10.173,-61.682,0,"TaeGeuk_",40.669,-97.788,0,"AI",0,-109.84,0,"AI",-40.8,-90.55,0,1295.424,-0.503,-21.329,1306.99,5,"Pugeuk",-2.203,-65.071,0,0,,1318.559,1314.664,1319.458,44,2
35,2,1,5,4,0,0,1,0,1,0,255,2,255,21,1342.963,"NABIMan",R,27,82,135,-0.148,0.11,-0.031,1.834,-0.142,1.582,-36.312,21.061,2,0,57.72,-101.545,13.359,0,0,0,5,0,R,"인생최패망자",190,80,0.298,3,57,1344.015,230,189,133,144,62,145,130,-14.104,-30.571,0.51,0,0.253,-185.471,-357.76,-443.181,0.198,-36.743,0,"소솨소솨",-0.092,-17.146,0,"Amellaid",-22.749,-47.612,96,"-라후이-",-10.655,-63.396,0,"「론구」",22.531,-53.101,102,"Pugeuk",9.402,-62.582,0,"TaeGeuk_",40.901,-105.534,0,"AI",0,-109.84,0,"AI",-40.8,-90.55,0,1330.779,2.291,-23.528,1332.113,4,"「론구」",18.141,-50.104,0,0,,,1348.663,,35,2
36,2,1,6,4,0,0,2,0,1,0,255,2,255,22,1377.813,"NABIMan",R,10,76,118,-0.838,-1.524,-0.078,1.7,-0.362,1.071,-36.339,10.061,4,0,0,400,46.156,0,0,1,6,7,R,"M a x ღ",164.6,92.741,0.46,0,57,0,0,0,0,0,0,0,0,0,0,0,0,0,0,0,0,-0.092,-37.981,0,"소솨소솨",-0.027,-17.125,108,"Amellaid",-22.541,-47.183,0,"-라후이-",-11.347,-64.104,0,"「론구」",23.241,-53.255,0,"Pugeuk",7.283,-63.511,0,"TaeGeuk_",45.516,-108.223,0,"AI",0,-109.84,0,"AI",-40.8,-90.55,0,0,0,0,0,0,"",0,0,0,0,1366.346,,1380.803,,0,0
37,2,1,6,4,0,1,2,0,1,0,255,2,255,23,1390.488,"NABIMan",R,8,39,97,0.557,-0.596,0.003,1.76,0.015,1.293,-36.387,14.052,0,0,101.767,0,-28.474,0,0,0,6,7,R,"M a x ღ",164.6,92.741,0.46,0,37,0,0,0,0,0,0,0,0,0,0,0,0,0,0,0,0,-0.187,-37.949,0,"소솨소솨",-0.017,-17.186,119,"Amellaid",-22.593,-47.211,0,"-라후이-",-12.817,-62.286,0,"「론구」",22.856,-49.888,0,"Pugeuk",7.975,-62.41,0,"TaeGeuk_",45.365,-112.659,0,"AI",0,-109.84,0,"AI",-40.8,-90.55,0,0,0,0,0,0,"",0,0,0,0,1379.135,,1393.996,,0,0
38,2,1,6,4,0,2,2,0,1,0,255,2,255,24,1402.974,"NABIMan",R,28,85,138,-1.297,-0.598,-0.129,1.736,-0.601,1.203,-36.212,14.592,2,0,31.448,-61.157,23.177,0,0,1,6,7,R,"M a x ღ",164.6,92.741,0.46,2,37,1404.254,135,60,78,72,0,139,79,-30,59.93,0.98,0,0.3,-397.238,431.124,-123.026,0.151,-36.909,0,"소솨소솨",-0.413,-17.247,0,"Amellaid",-22.677,-47.22,0,"-라후이-",-12.592,-63.566,0,"「론구」",23.429,-52.506,0,"Pugeuk",8.047,-62.521,0,"TaeGeuk_",45.373,-112.637,0,"AI",0,-109.85,0,"AI",-40.807,-90.557,0,1391.079,-1.507,-19.238,0,0,"",0,0,0,0,,,1408.101,,32,3
39,2,1,6,4,0,2,2,0,0,1,255,255,4,25,1423.227,"NABIMan",R,0,72,125,1.221,0.829,0.129,1.968,0.528,2.039,-36.556,38.85,2,0,0,6.041,27.643,0,0,1,6,7,R,"M a x ღ",164.6,92.741,0.46,2,37,1424.495,229,97,100,98,58,145,80,11.337,-5.834,-0.89,0,0.309,28.294,-598.585,-29.919,0.045,-36.717,0,"소솨소솨",-0.021,-17.29,0,"Amellaid",-22.158,-47.036,0,"-라후이-",-13.278,-62.845,0,"「론구」",20.416,-45.043,0,"Pugeuk",8.726,-61.456,0,"TaeGeuk_",45.227,-112.438,0,"AI",0,-109.84,0,"AI",-40.8,-90.55,0,0,0,0,1412.49,0,"NABIMan",2.339,-35.345,0,0,,,,,32,1
40,2,0,6,4,0,0,0,0,0,0,255,255,255,20,1463.993,"인생최패망자",R,1,41,88,-0.687,-2.072,0.595,2.194,-0.018,1.508,-36.807,57.05,1,0,0,0,2.731,-0.462,-17.461,0,1,2,L,"Amellaid",173.3,85,0.44,0,58,0,0,0,0,0,0,0,0,0,0,0,0,0,0,0,0,0.493,-37.049,0,"IbikiKai_JP",-0.243,-17.268,0,"Pring__",-22.741,-47.465,0,"_송글_",-12.886,-63.024,0,"Kr_Luna",19.26,-49.529,0,"Ayu_Yua",13.339,-65.127,0,"AI",40.9,-90.65,0,"M a x ღ",-4.049,-119.123,0,"AI",-40.8,-90.55,0,0,0,0,0,0,"",0,0,0,0,1452.101,,,,0,0
41,2,0,6,4,0,1,0,0,0,0,255,255,255,21,1480.933,"인생최패망자",R,1,32,85,1.986,-1.993,0.582,2.222,-0.054,1.55,-36.904,61.096,1,0,0,0,-0.042,0.327,-19.365,0,1,2,L,"Amellaid",173.3,85,0.44,0,58,0,0,0,0,0,0,0,0,0,0,0,0,0,0,0,0,0.502,-37.169,0,"IbikiKai_JP",0.223,-17.356,0,"Pring__",-22.767,-47.819,0,"_송글_",-12.885,-63.002,0,"Kr_Luna",19.266,-49.51,0,"Ayu_Yua",13.331,-65.09,0,"AI",40.9,-90.65,0,"M a x ღ",-4.995,-114.832,0,"AI",-40.8,-90.55,0,0,0,0,0,0,"",0,0,0,0,1467.69,,,,0,0
42,2,0,6,4,1,1,0,0,0,0,255,255,255,22,1496.745,"인생최패망자",R,26,85,138,-0.96,-0.133,0.476,2.16,-0.482,1.336,-36.675,45.985,2,0,35.931,-169.355,7.441,0,0,1,1,2,L,"Amellaid",173.3,85,0.44,3,58,1497.586,255,71,86,29,0,139,79,53.29,-46.989,-0.9,0,0.254,549.166,-217.864,92.507,0.601,-37.105,0,"IbikiKai_JP",-0.015,-17.279,0,"Pring__",-22.952,-48.624,0,"_송글_",-12.901,-62.143,0,"Kr_Luna",19.325,-49.246,0,"Ayu_Yua",12.214,-65.502,0,"AI",40.9,-90.65,0,"M a x ღ",-2.185,-117.754,0,"AI",-40.8,-90.55,0,1489.157,44.195,-53.14,0,0,"",0,0,0,0,,,,,32,3
43,2,0,6,4,1,2,0,0,0,0,255,255,255,23,1513.995,"인생최패망자",R,1,38,87,-2.17,-0.435,0.579,2.201,0.032,1.501,-36.725,49.45,2,0,0,0,3.026,0,0,1,1,2,L,"Amellaid",173.3,85,0.44,3,58,1515.121,207,115,80,101,76,145,83,31.623,25.482,-0.9,0,0.341,413.095,351.808,-251.376,0.533,-37.167,0,"IbikiKai_JP",0.017,-17.175,0,"Pring__",-23.029,-49.252,0,"_송글_",-11.312,-63.11,0,"Kr_Luna",19.12,-48.327,0,"Ayu_Yua",13.539,-64.761,0,"AI",40.9,-90.65,0,"M a x ღ",-10.137,-120.754,0,"AI",-40.8,-90.55,0,1505.279,-34.773,-81.155,0,0,"",0,0,0,0,,,,,32,1
44,2,0,6,4,0,0,1,0,0,0,255,255,255,24,1537.592,"인생최패망자",R,27,66,121,3.85,1.635,0.7,2.149,1.449,2.422,-37.128,77.073,2,0,119.052,-120.856,6.506,0,0,0,2,3,R,"-라후이-",179.7,80,0.5,3,58,1538.548,172,176,114,59,65,145,87,58.364,-56.606,-0.78,0,0.224,97.605,-71.984,2.916,0.643,-37.2,0,"IbikiKai_JP",-0.001,-17.356,0,"Pring__",-22.588,-48.819,0,"_송글_",-10.929,-62.717,0,"Kr_Luna",19.756,-48.581,0,"Ayu_Yua",13.788,-64.774,0,"AI",40.9,-90.65,0,"M a x ღ",-6.526,-115.108,0,"AI",-40.8,-90.55,0,1528.746,55.548,-54.659,0,0,"",0,0,0,0,,,,,32,3
45,2,0,6,4,0,1,1,0,0,0,255,255,255,25,1553.684,"인생최패망자",R,33,71,125,3.117,1.718,0.658,2.188,1.11,2.483,-37.275,87.131,2,0,133.534,-109.77,8.575,0,0,1,2,3,R,"-라후이-",179.7,80,0.5,3,81,1554.652,202,122,141,61,46,145,93,42.657,-20.602,-0.52,0,0.198,241.99,45.872,-23.094,0.518,-37.164,0,"IbikiKai_JP",-0.026,-17.333,0,"Pring__",-22.821,-48.634,0,"_송글_",-11.397,-63.784,73,"Kr_Luna",20.904,-51.743,0,"Ayu_Yua",13.197,-64.902,0,"AI",40.9,-90.65,0,"M a x ღ",-13.747,-115.32,0,"AI",-40.8,-90.55,0,1545.068,25.441,-86.872,1549.19,3,"_송글_",1.061,-60.272,0,0,,,,,33,1
46,2,0,6,4,0,0,2,0,0,0,255,255,255,26,1576.966,"인생최패망자",R,47,19,79,-10.974,-2.807,0.345,1.467,-4.925,-2.401,-37.91,73.439,1,0,60.167,-15.522,-3.176,-1.177,-26.804,0,3,5,R,"Pugeuk",169.9,86.173,0.398,0,58,0,0,0,0,0,0,0,0,0,0,0,0,0,0,0,0,-0.038,-37.8,0,"IbikiKai_JP",-0.006,-17.183,0,"Pring__",-23.567,-48.937,0,"_송글_",-10.866,-65.042,0,"Kr_Luna",18.535,-48.662,0,"Ayu_Yua",12.898,-64.934,0,"AI",40.9,-90.65,0,"M a x ღ",-13.02,-116.811,0,"AI",-40.8,-90.55,0,0,0,0,0,0,"",0,0,0,0,,,,,0,0
47,2,0,6,4,1,0,2,0,0,0,255,255,255,27,1591.735,"인생최패망자",R,10,68,100,-0.171,-1.877,0.515,2.068,0.125,1.198,-36.817,61.328,1,0,-102.962,400,-3.619,0,0,0,3,5,R,"Pugeuk",169.9,86.173,0.398,0,58,0,0,0,0,0,0,0,0,0,0,0,0,0,0,0,0,0.179,-37.61,0,"IbikiKai_JP",-0.092,-17.652,0,"Pring__",-23.517,-48.952,0,"_송글_",-10.875,-65.017,0,"Kr_Luna",17.99,-50.281,0,"Ayu_Yua",12.899,-64.913,0,"AI",40.9,-90.65,0,"M a x ღ",-12.095,-110.321,0,"AI",-40.8,-90.55,0,0,0,0,0,0,"",0,0,0,0,1578.424,,,,0,0
48,2,0,6,4,2,0,2,0,0,0,255,255,255,28,1602.994,"인생최패망자",R,26,60,102,0.836,-0.005,0.589,2.068,0.241,1.319,-36.78,58.667,2,0,51.702,-200,-8.086,0,0,1,3,5,R,"Pugeuk",169.9,86.173,0.398,3,58,1604.219,249,62,124,120,52,145,124,9.6,-7.488,0.51,0,0.683,-175.512,556.441,135.538,0.357,-37.317,0,"IbikiKai_JP",-0.016,-17.595,0,"Pring__",-23.497,-48.896,0,"_송글_",-10.867,-64.987,0,"Kr_Luna",17.995,-50.291,66,"Ayu_Yua",12.901,-64.959,103,"AI",40.9,-90.65,0,"M a x ღ",-11.246,-110.415,71,"AI",-40.8,-90.55,0,1591.713,3.873,-91.199,1598.024,7,"M a x ღ",0.653,-118.284,1,0,,1613.353,1617.867,,114,2
49,2,0,6,4,0,0,2,0,0,1,255,255,15,29,1643.209,"인생최패망자",R,14,73,101,-0.171,-0.767,0.243,2.287,-0.833,1.575,-36.851,55.179,2,0,358.49,312.348,9.691,0,0,0,4,1,R,"소솨소솨",190,80,0.404,3,58,1644.329,255,206,207,133,115,145,117,-21.697,37.723,0.87,0,0.677,49.694,-555.055,-216.91,0.258,-37.134,0,"IbikiKai_JP",-0.034,-17.667,0,"Pring__",-23.38,-49.332,0,"_송글_",-11.67,-61.777,0,"Kr_Luna",18.225,-46.838,0,"Ayu_Yua",12.89,-64.781,0,"AI",40.9,-90.65,0,"M a x ღ",-11.182,-117.23,0,"AI",-40.8,-90.55,0,1629.513,-1.325,-22.202,1630.913,2,"Pring__",-19.259,-45.601,0,0,,,1655.773,1648.743,40,2
50,3,1,6,4,0,0,0,0,0,0,255,255,255,26,1697.323,"NABIMan",R,11,72,121,1.52,0.778,0.244,2.035,0.655,2.22,-36.635,44.329,2,0,0,161.707,5.927,0,0,0,0,3,R,"_송글_",172.2,92,0.315,3,58,1698.343,217,98,170,83,61,145,84,44.784,-23.244,-0.83,0,0.55,96.322,91.087,580.059,-0.042,-36.551,0,"소솨소솨",-0.01,-17.171,0,"Amellaid",-24.419,-48.396,0,"-라후이-",-11.978,-60.345,0,"「론구」",23.538,-52.176,0,"Pugeuk",8.958,-62.057,0,"TaeGeuk_",37.841,-88.579,86,"AI",0,-109.843,0,"AI",-40.802,-90.552,0,1688.668,21.49,-78.981,1688.946,6,"TaeGeuk_",21.004,-77.73,0,0,,,,,96,1
51,3,1,6,4,0,0,1,0,0,0,255,255,255,27,1723.644,"NABIMan",R,0,0,0,0,0,0,0,0,0,0,0,0,0,0,0,0,0,0,0,1,5,R,"Ayu_Yua",172,86,0.403,3,57,1724.828,178,76,77,68,46,145,84,114.583,54.428,-0.83,0,0.262,558.41,-136.36,-163.077,-0.201,-36.651,0,"소솨소솨",0.016,-17.082,0,"Amellaid",-23.086,-48.048,0,"-라후이-",-14.428,-62.084,0,"「론구」",22.533,-52.791,0,"Pugeuk",8.993,-63.054,0,"TaeGeuk_",39.017,-91.008,0,"AI",0,-109.843,0,"AI",-40.803,-90.552,0,0,0,0,0,0,"",0,0,0,0,,,,,32,0
52,3,1,6,4,0,1,1,0,0,0,255,255,255,28,1739.59,"NABIMan",R,10,74,116,0.872,-0.247,0.081,1.939,0.377,1.949,-36.38,27.247,2,0,0,400,9.237,0,0,1,1,5,R,"Ayu_Yua",172,86,0.403,3,35,1740.77,255,144,116,126,69,145,83,34.391,-14.795,-0.87,0,0.315,-91.576,210.275,551.732,0.117,-36.68,0,"소솨소솨",-0.14,-17.114,0,"Amellaid",-22.533,-47.65,0,"-라후이-",-16.056,-63.18,87,"「론구」",22.342,-52.812,0,"Pugeuk",9.62,-62.649,0,"TaeGeuk_",51.522,-94.903,0,"AI",0,-109.843,0,"AI",-40.803,-90.552,0,1730.524,11.831,-85.087,0,0,"",0,0,1,0,,,,,36,2
53,3,1,6,4,0,0,1,1,0,0,5,255,255,29,1768.61,"NABIMan",R,10,75,117,-0.225,-0.795,-0.021,1.82,-0.097,1.537,-36.38,16.807,2,0,0,389.934,28.534,0,0,1,2,1,L,"IbikiKai_JP",190,89.582,0.5,3,57,1769.725,255,140,53,59,51,137,130,-15.283,-44.025,0.5,0,0.689,234.732,544.585,-77.031,0.087,-37,0,"소솨소솨",-0.102,-17.339,0,"Amellaid",-19.743,-43.726,0,"-라후이-",-11.891,-61.268,0,"「론구」",21.698,-50.821,0,"Pugeuk",10.66,-61.921,0,"TaeGeuk_",43.792,-89.083,0,"AI",0,-109.843,0,"AI",-40.803,-90.552,0,1754.89,1.855,-21.736,0,0,"",0,0,0,0,,1773.592,,,32,3
54,3,1,6,4,0,1,1,1,0,0,5,255,255,30,1790.348,"NABIMan",R,7,27,89,0.615,-0.018,-0.019,1.843,-0.086,1.611,-36.254,16.355,2,0,158.182,0,1.407,0,0,1,2,1,L,"IbikiKai_JP",190,89.582,0.5,3,57,1791.621,255,99,29,44,42,107,67,113.391,76.374,0.99,0,0.732,111.499,584.578,-58.678,-0.021,-36.728,0,"소솨소솨",-0.031,-17.35,0,"Amellaid",-20.444,-41.267,0,"-라후이-",-9.428,-61.556,0,"「론구」",21.028,-48.329,0,"Pugeuk",11.334,-62.357,0,"TaeGeuk_",43.948,-96.574,0,"AI",0,-109.843,0,"AI",-40.803,-90.553,0,0,0,0,0,0,"",0,0,0,0,,,,,32,3
55,3,1,6,4,0,2,1,1,0,0,5,255,255,31,1809.021,"NABIMan",R,1,54,112,-1.954,-0.376,-0.167,1.821,-0.776,1.538,-36.336,20.654,2,0,0,0,8.44,0,0,1,2,1,L,"IbikiKai_JP",190,89.582,0.5,3,57,1810.147,255,118,50,59,50,136,98,26.42,-2.903,-0.14,0,0.637,-106.591,-268.807,-523.438,-0.038,-36.962,0,"소솨소솨",-0.133,-17.291,0,"Amellaid",-20.101,-43.641,77,"-라후이-",-10.79,-62.019,0,"「론구」",22.1,-50.304,0,"Pugeuk",12.57,-62.15,0,"TaeGeuk_",44.761,-95.646,0,"AI",0,-109.843,0,"AI",-40.803,-90.552,0,1799.79,10.713,-102.015,0,0,"",0,0,0,0,,,,,34,1
56,3,1,6,4,0,0,2,1,0,0,1,255,255,32,1840.364,"NABIMan",R,10,78,119,0.181,-0.241,0.022,2.03,-0.06,1.922,-36.543,29.938,2,0,81.004,398.45,33.457,0,0,1,3,2,L,"Pring__",190,94.507,0.484,3,57,1841.345,175,102,95,103,53,145,95,-30,2.252,0.96,0,0.391,-564.045,-192.052,-61.407,0.037,-36.78,0,"소솨소솨",-0.014,-17.136,0,"Amellaid",-21.224,-44.284,0,"-라후이-",-12.678,-60.71,108,"「론구」",22.83,-51.097,0,"Pugeuk",11.328,-63.852,0,"TaeGeuk_",45.927,-95.562,0,"AI",0,-109.84,0,"AI",-40.8,-90.55,0,1826.479,-0.007,-20.914,0,0,"",0,0,1,0,,1845.81,,,36,2
57,3,1,6,4,0,0,2,1,1,0,2,5,255,33,1865.347,"NABIMan",R,10,74,116,0.866,-0.126,0.078,2.023,0.375,2.008,-36.575,37.245,2,0,0,400,8.187,0,0,0,4,4,L,"Kr_Luna",190,94.714,0.501,3,57,1866.198,181,119,152,126,54,145,107,-30,-17.804,0.94,0,0.101,-564.045,-192.052,-61.407,-0.241,-36.602,0,"소솨소솨",0.024,-17.015,0,"Amellaid",-22.633,-46.942,93,"-라후이-",-9.365,-63.003,0,"「론구」",22.509,-50.896,0,"Pugeuk",11.971,-62.847,92,"TaeGeuk_",42.934,-93.944,0,"AI",0,-109.84,0,"AI",-40.8,-90.55,0,1851.246,0.653,-21.963,0,0,"",0,0,0,0,,1871.34,1870.192,,42,2
58,3,0,6,4,0,0,0,0,0,0,255,255,255,30,1904.671,"인생최패망자",R,14,60,91,-0.789,-0.644,0.178,2.286,-1.157,1.763,-37.009,58.377,0,0,322.996,312.348,8.674,0,0,0,5,0,L,"NABIMan",190,81.885,0.496,0,57,0,0,0,0,0,0,0,0,0,0,0,0,0,0,0,0,-0.023,-38.17,0,"IbikiKai_JP",0.036,-17.35,0,"Pring__",-23.041,-50.45,0,"_송글_",-14.084,-63.08,0,"Kr_Luna",18.881,-51.078,0,"Ayu_Yua",10.946,-65.742,0,"AI",40.9,-90.65,0,"M a x ღ",-3.797,-112.997,0,"AI",-40.8,-90.55,0,0,0,0,0,0,"",0,0,0,0,1891.39,,,,0,0
59,3,0,6,4,0,1,0,0,0,0,255,255,255,31,1920.064,"인생최패망자",R,42,56,98,-3.195,0.02,0.256,2.25,-0.842,1.449,-36.802,47.248,4,0,-222.727,-159.482,16.795,-0.467,-21.047,1,5,0,L,"NABIMan",190,81.885,0.496,0,57,0,0,0,0,0,0,0,0,0,0,0,0,0,0,0,0,0.486,-37.325,0,"IbikiKai_JP",-0.092,-17.197,0,"Pring__",-23.318,-49.853,0,"_송글_",-14.063,-63.077,0,"Kr_Luna",18.699,-51.191,0,"Ayu_Yua",10.898,-65.827,0,"AI",40.9,-90.65,0,"M a x ღ",-3.526,-115.818,0,"AI",-40.8,-90.55,0,0,0,0,0,0,"",0,0,0,0,,,,,0,0
60,3,0,6,4,0,2,0,0,0,0,255,255,255,32,1942.525,"인생최패망자",R,7,45,84,1.848,-1.089,0.473,2.06,0.188,1.248,-37.273,80.319,2,0,219.292,170.786,-4.383,0,0,1,5,0,L,"NABIMan",190,81.885,0.496,3,57,1943.661,255,163,109,84,83,145,87,-30,-51.835,1,0,0.358,373.572,445.137,132.38,0.374,-37.302,0,"IbikiKai_JP",0.049,-17.317,0,"Pring__",-23.355,-48.886,0,"_송글_",-14.073,-63.075,0,"Kr_Luna",18.951,-51.074,0,"Ayu_Yua",11.48,-64.864,0,"AI",40.9,-90.65,0,"M a x ღ",-5.316,-111.553,0,"AI",-40.8,-90.55,0,1928.802,1.662,-21.913,0,0,"",0,0,0,0,,,,,32,3
61,3,0,6,4,0,2,0,0,0,0,255,255,255,33,1958.908,"인생최패망자",R,0,56,114,4.217,6.301,0.564,2.197,1.886,4.694,-37.347,96.274,1,0,43.825,-41.514,4.932,1.447,-7.425,0,5,0,L,"NABIMan",190,81.885,0.496,0,57,0,0,0,0,0,0,0,0,0,0,0,0,0,0,0,0,0.161,-34.98,0,"IbikiKai_JP",0.402,-15.379,0,"Pring__",-23.019,-48.593,0,"_송글_",-12.634,-63.808,0,"Kr_Luna",20.532,-49.125,0,"Ayu_Yua",11.825,-64.971,0,"AI",40.9,-90.65,0,"M a x ღ",-6.945,-111.595,0,"AI",-40.8,-90.55,0,0,0,0,0,0,"",0,0,0,0,1948.701,,,,0,0
62,3,0,6,4,1,2,0,0,0,0,255,255,255,34,1978.491,"인생최패망자",R,27,87,140,-1.214,-0.466,0.441,2.101,-0.647,1.17,-36.65,47.538,2,0,78.924,-143.515,5.215,0,0,1,5,0,L,"NABIMan",190,81.885,0.496,3,36,1979.431,135,63,96,162,0,141,99,24.826,-44.578,0.93,0,0.5,-205.576,-559.945,24.796,0.442,-37.151,0,"IbikiKai_JP",-0.01,-16.765,0,"Pring__",-22.856,-48.53,0,"_송글_",-12.957,-63.334,0,"Kr_Luna",19.592,-48.971,0,"Ayu_Yua",12.076,-65.521,0,"AI",40.9,-90.65,0,"M a x ღ",-6.417,-112.572,0,"AI",-40.8,-90.55,0,1968.89,54.427,-63.29,0,0,"",0,0,0,0,,,,,32,3
63,3,0,6,4,1,2,0,0,0,0,255,255,255,35,1995.711,"인생최패망자",R,14,63,94,-1.084,-1.178,0.271,2.287,-1.055,1.558,-36.987,60.369,4,0,238.017,400,2.3,-0.191,-18.172,1,5,0,L,"NABIMan",190,81.885,0.496,0,57,0,0,0,0,0,0,0,0,0,0,0,0,0,0,0,0,0.152,-37.205,0,"IbikiKai_JP",-0.129,-16.807,0,"Pring__",-22.709,-46.849,0,"_송글_",-13.4,-62.244,0,"Kr_Luna",20.432,-50.339,0,"Ayu_Yua",12.16,-64.958,0,"AI",40.9,-90.65,0,"M a x ღ",-8.998,-111.393,0,"AI",-40.8,-90.55,0,0,0,0,0,0,"",0,0,0,0,1982.524,,,,0,0
64,3,0,6,4,0,0,1,0,0,0,255,255,255,36,2020.712,"인생최패망자",R,26,83,135,-0.001,0.012,0.512,2.125,-0.104,1.409,-36.699,51.533,0,0,61.799,-177.21,7.562,0.468,-18.379,1,6,6,R,"TaeGeuk_",173.9,85,0.613,0,57,0,0,0,0,0,0,0,0,0,0,0,0,0,0,0,0,0.24,-37.787,0,"IbikiKai_JP",-0.047,-17.15,0,"Pring__",-21.534,-46.192,0,"_송글_",-13.158,-63.705,0,"Kr_Luna",19.399,-49.368,0,"Ayu_Yua",11.651,-65.559,0,"AI",40.9,-90.65,0,"M a x ღ",-8.57,-112.393,0,"AI",-40.8,-90.55,0,0,0,0,0,0,"",0,0,0,0,2009.468,,,,0,0
65,3,0,6,4,0,1,1,0,0,0,255,255,255,37,2035.528,"인생최패망자",R,26,86,140,-0.533,-0.436,0.512,2.104,-0.317,1.138,-36.615,40.528,0,0,50.955,-200,14.414,0,0,1,6,6,R,"TaeGeuk_",173.9,85,0.613,0,57,0,0,0,0,0,0,0,0,0,0,0,0,0,0,0,0,0.258,-37.407,0,"IbikiKai_JP",-0.118,-17.278,0,"Pring__",-21.495,-45.854,0,"_송글_",-13.164,-63.729,0,"Kr_Luna",19.564,-49.285,0,"Ayu_Yua",11.642,-65.563,0,"AI",40.9,-90.65,0,"M a x ღ",-8.138,-113.158,0,"AI",-40.8,-90.55,0,0,0,0,0,0,"",0,0,0,0,2021.724,,,,0,0
66,3,0,6,4,0,2,1,0,0,0,255,255,255,38,2050.156,"인생최패망자",R,13,77,116,-1.494,-2.748,0.502,1.91,-0.058,0.631,-36.763,51.698,4,0,-338.103,368.356,8.134,-0.599,-17.733,1,6,6,R,"TaeGeuk_",173.9,85,0.613,0,57,0,0,0,0,0,0,0,0,0,0,0,0,0,0,0,0,0.589,-37.333,0,"IbikiKai_JP",-0.619,-17.907,0,"Pring__",-21.544,-44.834,0,"_송글_",-13.157,-63.697,0,"Kr_Luna",19.487,-49.313,0,"Ayu_Yua",11.472,-65.592,0,"AI",40.9,-90.65,0,"M a x ღ",-10.058,-114.692,0,"AI",-40.8,-90.55,0,0,0,0,0,0,"",0,0,0,0,2037.779,,,,0,0
67,3,0,6,4,0,0,2,0,0,0,255,255,255,38,2079.699,"인생최패망자",R,41,49,93,0.812,-0.779,0.686,2.036,0.407,1.047,-36.609,51.045,2,0,-32.543,-79.851,6.835,0,0,1,0,4,R,"「론구」",173.7,80,0.2,3,57,2080.96,255,106,90,87,59,145,88,-33.423,-40.988,-0.64,0,0.232,-491.651,-105.45,-325.516,0.62,-37.138,0,"IbikiKai_JP",-0.026,-17.351,0,"Pring__",-21.976,-47.593,0,"_송글_",-13.157,-63.703,0,"Kr_Luna",18.664,-49.837,119,"Ayu_Yua",11.641,-65.89,0,"AI",40.9,-90.65,0,"M a x ღ",-9.203,-114.359,0,"AI",-40.8,-90.55,0,2066.057,0.813,-21.109,0,0,"",0,0,0,0,,,,,56,2
68,4,1,6,4,0,0,0,0,0,0,255,255,255,34,2125.057,"NABIMan",R,26,45,105,2.802,1.193,0.298,2.006,1.139,2.121,-37.198,25.809,1,0,34.382,-200,-1.879,2.015,-16.393,0,5,0,R,"인생최패망자",190,80,0.298,0,57,0,0,0,0,0,0,0,0,0,0,0,0,0,0,0,0,0.075,-37.767,0,"ByeolBam",0.061,-17.166,0,"Amellaid",-23.029,-48.47,0,"-라후이-",-13.178,-63.854,0,"「론구」",23.442,-53.077,0,"Pugeuk",0.417,-55.785,0,"TaeGeuk_",35.587,-86.713,0,"AI",0,-109.84,0,"AI",-40.8,-90.55,0,0,0,0,0,0,"",0,0,0,0,2114.668,,,,0,0
69,4,1,6,4,1,0,0,0,0,0,255,255,255,35,2143.084,"NABIMan",R,26,58,115,6.279,1.378,0.508,1.963,2.464,2.263,-36.705,44.216,1,0,147.289,-200,-18.27,2.288,-5.626,0,5,0,R,"인생최패망자",190,80,0.298,0,57,0,0,0,0,0,0,0,0,0,0,0,0,0,0,0,0,0.372,-37.149,0,"ByeolBam",1.203,-17.806,0,"Amellaid",-22.926,-48.591,0,"-라후이-",-12.045,-63.476,0,"「론구」",23.191,-52.726,0,"Pugeuk",11.809,-61.273,0,"TaeGeuk_",35.894,-87.536,0,"AI",0,-109.84,0,"AI",-40.8,-90.55,0,0,0,0,0,0,"",0,0,0,0,2132.535,,,,0,0
70,4,1,6,4,2,0,0,0,0,0,255,255,255,36,2159.218,"NABIMan",R,0,48,107,19.521,1.561,0.658,1.893,8.465,1.976,-37.261,111.231,1,0,44.558,-13.395,1.923,5.563,-10.125,0,5,0,R,"인생최패망자",190,80,0.298,0,57,0,0,0,0,0,0,0,0,0,0,0,0,0,0,0,0,-1.063,-37.983,0,"ByeolBam",3.759,-14.289,0,"Amellaid",-22.904,-48.622,0,"-라후이-",-11.319,-62.4,0,"「론구」",23.359,-52.894,0,"Pugeuk",11.079,-60.955,0,"TaeGeuk_",36.65,-89.111,0,"AI",0,-109.84,0,"AI",-40.8,-90.55,0,0,0,0,0,0,"",0,0,0,0,2148.968,,,,0,0
71,4,1,6,4,3,0,0,0,0,0,255,255,255,37,2196.311,"NABIMan",R,27,89,140,-0.179,0,-0.041,1.805,-0.189,1.487,-36.348,22.293,0,0,89.164,-139.298,12,0,0,0,5,0,R,"인생최패망자",190,80,0.298,0,78,0,0,0,0,0,0,0,0,0,0,0,0,0,0,0,0,0.104,-37.237,0,"ByeolBam",0.103,-17.033,0,"Amellaid",-22.284,-47.033,0,"-라후이-",-13.468,-63.5,0,"「론구」",23.284,-52.862,0,"Pugeuk",10.022,-60.022,0,"TaeGeuk_",34.934,-86.393,0,"AI",0,-109.84,0,"AI",-40.8,-90.55,0,0,0,0,0,0,"",0,0,0,0,2182.868,,,,0,0
72,4,1,6,4,3,1,0,0,0,0,255,255,255,38,2208.377,"NABIMan",R,38,22,89,4.588,0.589,0.41,1.931,1.939,2.046,-36.525,27.303,3,0,7.356,-46.217,-6.125,0.746,-21.729,0,5,0,R,"인생최패망자",190,80,0.298,0,78,0,0,0,0,0,0,0,0,0,0,0,0,0,0,0,0,0.318,-37.183,0,"ByeolBam",-0.021,-17.885,0,"Amellaid",-22.389,-47.749,0,"-라후이-",-12.169,-64.248,0,"「론구」",23.266,-52.818,0,"Pugeuk",10.101,-60.179,0,"TaeGeuk_",31.789,-81.021,0,"AI",0,-109.84,0,"AI",-40.8,-90.55,0,0,0,0,0,0,"",0,0,0,0,,,,,0,6
73,4,1,6,4,0,0,0,1,0,0,0,255,255,39,2301.147,"NABIMan",R,27,81,133,-1.296,-1.748,-0.139,1.547,-0.647,0.497,-36.236,3.825,1,0,66.402,-141.099,31.293,-0.637,-17.903,0,6,7,L,"M a x ღ",164.6,92.741,0.46,0,57,0,0,0,0,0,0,0,0,0,0,0,0,0,0,0,0,0.051,-37.162,0,"소솨소솨",-0.894,-17.465,0,"Amellaid",-21.589,-45.032,0,"-라후이-",-6.094,-59.244,0,"「론구」",22.774,-51.642,0,"Pugeuk",10.874,-60.637,0,"TaeGeuk_",42.021,-99.674,0,"AI",0,-109.84,0,"AI",-40.8,-90.55,0,0,0,0,0,0,"",0,0,0,0,2289.268,,,,0,0
74,4,1,6,4,1,0,0,1,0,0,0,255,255,40,2316.108,"NABIMan",R,14,76,115,1.492,-1.494,0.012,1.84,0.149,1.33,-36.52,20.08,2,0,295.427,400,53.744,0,0,1,6,7,L,"M a x ღ",164.6,92.741,0.46,2,57,2317.438,188,95,85,86,29,145,125,-30,-26.803,0.49,0,0.244,147.656,169.071,36.649,0.041,-37.039,0,"소솨소솨",-0.001,-17.281,0,"Amellaid",-20.755,-45.614,0,"-라후이-",-8.78,-62.259,90,"「론구」",22.557,-51.587,0,"Pugeuk",11.562,-61.073,0,"TaeGeuk_",41.729,-101.964,89,"AI",0,-109.84,0,"AI",-40.8,-90.55,0,2302.613,0.536,-19.965,0,0,"",0,0,1,0,,2320.945,,,100,2
75,4,1,6,4,0,0,0,1,1,0,7,0,255,41,2339.265,"NABIMan",R,10,75,117,0.185,-0.498,0.021,1.988,0.08,1.833,-36.586,30.224,0,0,0,400,18.665,0,0,0,0,3,R,"_송글_",172.2,92,0.315,0,56,0,0,0,0,0,0,0,0,0,0,0,0,0,0,0,0,0.037,-36.854,119,"소솨소솨",-0.005,-17.115,0,"Amellaid",-21.419,-46.996,0,"-라후이-",-4.849,-60.34,0,"「론구」",20.888,-46.966,0,"Pugeuk",8.948,-62.01,90,"TaeGeuk_",43.642,-96.158,0,"AI",0,-109.84,0,"AI",-40.8,-90.55,0,0,0,0,0,0,"",0,0,0,0,2325.857,2342.475,,,0,0
76,4,1,6,4,0,1,0,1,1,0,7,0,255,42,2395.427,"NABIMan",R,28,79,130,-0.956,-0.482,-0.096,1.733,-0.444,1.215,-36.304,19.959,2,0,22.764,-94.748,23.26,0,0,0,0,3,R,"_송글_",172.2,92,0.315,3,56,2396.399,223,114,177,99,87,145,109,8.684,30.195,0.83,0,0.36,76.446,-583.732,-94.531,-0.082,-36.563,0,"소솨소솨",-0.089,-17.249,0,"Amellaid",-20.031,-40.762,0,"-라후이-",-11.455,-63.704,0,"「론구」",19.686,-44.748,106,"Pugeuk",4.191,-62.888,103,"TaeGeuk_",40.911,-97.239,0,"AI",0,-109.84,0,"AI",-40.8,-90.55,0,2383.479,-23.79,-67.467,0,0,"",0,0,1,0,2392.168,2401.147,2401.906,,57,2
77,4,1,6,4,0,0,0,1,1,1,3,7,0,43,2441.32,"NABIMan",R,27,82,134,-1.042,-0.758,-0.111,1.687,-0.518,1.048,-36.294,8.498,2,0,51.177,-105.274,16.2,0,0,1,1,5,R,"Ayu_Yua",172,86,0.403,3,56,2442.403,255,121,74,135,84,145,113,3.73,31.032,0.86,0,0.461,374.435,-462.844,50.819,0.237,-37.571,0,"소솨소솨",-0.249,-17.17,104,"Amellaid",-21.314,-47.567,0,"-라후이-",-9.865,-55.692,0,"「론구」",22.067,-51.501,0,"Pugeuk",9.784,-59.734,0,"TaeGeuk_",38.308,-91.492,0,"AI",0,-109.84,0,"AI",-40.8,-90.55,0,2428.69,-18.26,-52.307,0,0,"",0,0,1,64,2437.768,2448.235,2448.009,2446.512,56,2
78,4,1,7,4,0,0,1,1,1,0,5,3,255,44,2473.131,"NABIMan",R,10,63,109,0.811,0.148,0.075,2.024,0.351,2.199,-36.444,39.351,2,0,0,400,9.702,0,0,1,2,1,L,"IbikiKai_JP",190,89.582,0.5,3,56,2474.316,255,143,43,50,49,132,124,29.752,-48.621,0.67,0,0.803,27.239,589.837,94.636,0.155,-36.83,0,"소솨소솨",-0.03,-17.163,0,"Amellaid",-20.59,-44.238,0,"-라후이-",-7.769,-62.72,95,"「론구」",22.129,-50.653,0,"Pugeuk",10.816,-60.387,0,"TaeGeuk_",32.347,-95.6,90,"AI",0,-109.843,0,"AI",-40.803,-90.552,0,2464.224,66.143,-98.988,0,0,"",0,0,1,0,,2478.12,2478.045,2484.125,100,2
79,4,1,8,4,0,0,1,0,1,1,255,255,5,45,2518.739,"NABIMan",R,10,73,116,0.624,-0.37,0.058,1.913,0.27,1.839,-36.471,27.578,2,0,0,400,15.183,0,0,1,3,2,L,"Pring__",190,94.507,0.484,3,56,2519.652,238,126,121,86,75,145,130,-24.119,31.74,0.37,0,0.526,-416.417,57.317,426.747,0.098,-36.737,0,"소솨소솨",-0.035,-17.111,0,"Amellaid",-22.681,-48.274,0,"-라후이-",-11.182,-63.283,0,"「론구」",20.812,-49.005,0,"Pugeuk",11.315,-61.247,85,"TaeGeuk_",50.07,-102.403,0,"AI",0,-109.84,0,"AI",-40.8,-90.55,0,2504.735,-0.043,-21.865,0,0,"",0,0,1,0,,,2524.704,2525.425,40,2
80,4,1,9,4,0,0,1,1,0,1,2,255,1,46,2545.598,"NABIMan",R,28,76,128,-0.357,-0.079,-0.043,1.797,-0.198,1.463,-36.348,20.084,2,0,30.129,-95.101,16.277,0,0,0,4,4,L,"Kr_Luna",190,94.714,0.501,3,56,2546.448,193,155,143,140,62,145,123,25.559,-43.97,0.74,0,0.14,-416.417,57.317,426.747,-0.153,-36.592,0,"소솨소솨",0.004,-17.01,0,"Amellaid",-23.892,-47.204,0,"-라후이-",-9.995,-62.18,0,"「론구」",20.127,-48.901,0,"Pugeuk",10.58,-61.023,0,"TaeGeuk_",45.839,-105.15,0,"AI",0,-109.84,0,"AI",-40.8,-90.55,0,2536.357,69.282,-109.022,0,0,"",0,0,0,0,,2551.862,2556.899,2552.803,32,4
81,4,1,12,4,0,0,1,0,0,0,255,255,255,47,2579.345,"NABIMan",R,26,54,112,6.16,1.028,0.507,1.981,2.386,2.039,-36.663,36.102,1,0,153.146,-200,-11.249,2.095,-6.642,0,5,0,R,"인생최패망자",190,80,0.298,0,56,0,0,0,0,0,0,0,0,0,0,0,0,0,0,0,0,0.39,-37.842,0,"소솨소솨",0.004,-17.009,0,"Amellaid",-23.173,-48.76,0,"-라후이-",-11.524,-62.348,0,"「론구」",23.686,-50.976,0,"Pugeuk",9.112,-61.663,0,"TaeGeuk_",48.143,-94.372,0,"AI",0,-109.84,0,"AI",-40.8,-90.55,0,0,0,0,0,0,"",0,0,0,0,,,,,0,0
82,4,1,12,4,1,0,1,0,0,0,255,255,255,48,2593.465,"NABIMan",R,27,70,124,-0.828,-0.243,-0.115,1.752,-0.534,1.316,-36.328,9.156,2,0,121.159,-136.178,25.981,0,0,0,5,0,R,"인생최패망자",190,80,0.298,3,56,2594.568,255,154,105,136,106,145,120,20.465,-44.638,0.76,0,0.34,135.997,-31.646,305.961,0.13,-38.068,0,"소솨소솨",-0.234,-17.27,0,"Amellaid",-23.046,-49.075,0,"-라후이-",-11.663,-59.673,0,"「론구」",23.609,-52.118,86,"Pugeuk",9.537,-61.887,0,"TaeGeuk_",51.417,-104.83,98,"AI",0,-109.843,0,"AI",-40.803,-90.552,0,2584.102,72.378,-94.046,0,0,"",0,0,1,0,,2604.15,,,97,2
83,4,1,12,4,0,0,1,0,1,0,255,0,255,49,2629.542,"NABIMan",R,27,82,134,-0.637,-0.102,-0.067,1.794,-0.312,1.421,-36.23,25.241,0,0,27.148,-110.548,16.872,0,0,0,6,7,R,"M a x ღ",164.6,92.741,0.46,0,56,0,0,0,0,0,0,0,0,0,0,0,0,0,0,0,0,0.407,-37.414,0,"소솨소솨",-0.082,-17.144,110,"Amellaid",-23.026,-48.451,0,"-라후이-",-12.171,-62.093,0,"「론구」",21.682,-50.366,0,"Pugeuk",7.419,-62.476,0,"TaeGeuk_",53.717,-101.608,0,"AI",0,-109.842,0,"AI",-40.802,-90.551,0,0,0,0,0,0,"",0,0,0,0,2616.335,2632.788,,,0,0
84,4,1,12,4,0,1,1,0,1,0,255,0,255,50,2639.898,"NABIMan",R,26,91,140,-0.779,-0.348,-0.097,1.739,-0.449,1.214,-36.184,16.85,0,0,88.352,-195.958,20.966,0,0,0,6,7,R,"M a x ღ",164.6,92.741,0.46,0,56,0,0,0,0,0,0,0,0,0,0,0,0,0,0,0,0,-0.005,-37.867,0,"소솨소솨",-0.05,-17.133,119,"Amellaid",-23.065,-48.438,0,"-라후이-",-12.099,-62.251,0,"「론구」",20.589,-48.682,0,"Pugeuk",5.495,-62.651,0,"TaeGeuk_",53.74,-103.891,0,"AI",0,-109.842,0,"AI",-40.802,-90.552,0,0,0,0,0,0,"",0,0,0,0,2626.602,2643.127,,,0,0
85,4,1,12,4,0,2,1,0,1,0,255,0,255,51,2653.084,"NABIMan",R,1,19,87,2.321,-1.79,0.1,1.847,0.466,1.618,-36.283,20.435,2,0,0,0,-3.518,0,0,1,6,7,R,"M a x ღ",164.6,92.741,0.46,2,56,2654.507,138,71,81,89,81,140,91,-13.368,-29.564,-0.13,0,0.316,-371.568,-1.932,-469.824,0.233,-38.356,0,"소솨소솨",-0.066,-17.232,101,"Amellaid",-23.237,-48.65,106,"-라후이-",-12.11,-62.239,0,"「론구」",20.198,-48.96,101,"Pugeuk",6.819,-62.901,0,"TaeGeuk_",51.04,-103.749,0,"AI",0,-109.843,0,"AI",-40.803,-90.553,0,2639.657,1.146,-21.401,0,0,"",0,0,0,0,2650.468,,2657.736,2664.097,51,2
86,4,1,12,4,0,0,1,0,0,1,255,255,0,52,2685.295,"NABIMan",R,10,69,113,1.023,0.149,0.095,2.001,0.443,2.123,-36.477,34.337,0,0,0,400,15.717,0,0,0,7,8,R,"HANA_ARASHI",190,85.679,0.252,0,39,0,0,0,0,0,0,0,0,0,0,0,0,0,0,0,0,0.29,-37.262,0,"소솨소솨",-0.028,-17.013,107,"Amellaid",-23.351,-49.087,0,"-라후이-",-12.019,-60.87,0,"「론구」",23.068,-51.013,0,"Pugeuk",9.054,-62.303,0,"TaeGeuk_",41.595,-95.44,0,"AI",0,-109.842,0,"AI",-40.802,-90.552,0,0,0,0,0,0,"",0,0,0,0,2671.757,,,,0,0
87,4,1,13,4,0,1,1,1,0,0,7,255,255,53,2695.487,"NABIMan",R,0,34,97,1.001,0.067,0.093,1.855,0.433,1.651,-36.368,14.959,2,0,0,0,-24.222,0,0,0,7,8,R,"HANA_ARASHI",190,85.679,0.252,3,39,2696.547,137,72,79,116,81,140,130,96.245,-80.101,0.47,0,0.538,545.476,103.672,222.068,0.074,-37.855,0,"소솨소솨",-0.069,-17.364,0,"Amellaid",-20.711,-43.862,0,"-라후이-",-13.39,-62.894,0,"「론구」",22.875,-51.084,0,"Pugeuk",8.537,-62.552,0,"TaeGeuk_",41.719,-95.392,0,"AI",0,-109.843,0,"AI",-40.802,-90.552,0,0,0,0,0,0,"",0,0,0,0,,,,,32,3
88,4,1,13,4,0,2,1,1,0,0,7,255,255,54,2708.793,"NABIMan",R,10,85,127,-1.022,-1.713,-0.095,1.632,-0.442,0.928,-36.22,13.283,4,0,0,400,25.925,0,0,1,7,8,R,"HANA_ARASHI",190,85.679,0.252,0,40,0,0,0,0,0,0,0,0,0,0,0,0,0,0,0,0,0.292,-37.779,0,"소솨소솨",-0.066,-17.061,0,"Amellaid",-21.707,-45.545,0,"-라후이-",-12.927,-61.886,0,"「론구」",22.698,-50.799,0,"Pugeuk",9.328,-61.952,0,"TaeGeuk_",36.545,-99.013,0,"AI",0,-109.842,0,"AI",-40.802,-90.552,0,0,0,0,0,0,"",0,0,0,0,2695.113,,,,0,0
89,4,1,13,4,0,0,2,1,0,0,7,255,255,55,2730.572,"NABIMan",R,34,68,122,-1.03,-0.622,-0.111,1.721,-0.516,1.17,-36.303,6.483,2,0,63.698,-43.357,37.618,0,0,1,0,3,R,"_송글_",172.2,92,0.315,3,56,2731.563,255,71,178,85,81,145,96,95.457,-84.347,0.93,0,0.323,172.873,-560.537,106.943,0.042,-37.364,0,"소솨소솨",-0.242,-17.217,0,"Amellaid",-22.522,-47.384,0,"-라후이-",-9.971,-62.363,0,"「론구」",22.278,-50.86,0,"Pugeuk",8.599,-62.592,0,"TaeGeuk_",40.72,-103.079,0,"AI",0,-109.843,0,"AI",-40.802,-90.552,0,0,0,0,0,0,"",0,0,0,0,,,,,32,3
90,4,1,13,4,0,1,2,1,0,0,7,255,255,56,2746.166,"NABIMan",R,38,4,73,1.278,0.535,0.12,1.936,0.557,1.938,-36.436,28.613,0,0,-1.215,1.988,0.768,0,0,1,0,3,R,"_송글_",172.2,92,0.315,0,56,0,0,0,0,0,0,0,0,0,0,0,0,0,0,0,0,-0.017,-37.412,0,"소솨소솨",-0.033,-17.066,0,"Amellaid",-22.09,-42.829,0,"-라후이-",-13.915,-62.608,0,"「론구」",22.549,-51.614,0,"Pugeuk",9.223,-62.37,0,"TaeGeuk_",44.476,-108.32,0,"AI",0,-109.842,0,"AI",-40.802,-90.552,0,0,0,0,0,0,"",0,0,0,0,2732.957,,,,0,0
91,4,1,13,4,0,2,2,1,0,0,7,255,255,57,2758.796,"NABIMan",R,26,84,137,4.683,3.26,0.126,1.847,0.587,1.621,-36.343,34.669,2,0,66.611,-200,22.828,0,0,1,0,3,R,"_송글_",172.2,92,0.315,3,56,2759.762,206,50,155,49,22,145,83,-72.316,60.315,-0.86,0,0.37,-461.716,-28.086,-207.164,0.297,-37.793,0,"소솨소솨",-0.073,-17.239,0,"Amellaid",-22.587,-47.296,85,"-라후이-",-14.816,-62.807,0,"「론구」",22.552,-51.554,0,"Pugeuk",10.283,-64.014,0,"TaeGeuk_",45.592,-103.654,0,"AI",0,-109.843,0,"AI",-40.802,-90.552,0,2744.735,-0.294,-19.575,0,0,"",0,0,0,0,,,,,34,2
92,4,1,13,4,0,2,2,1,0,0,7,255,255,58,2780.339,"NABIMan",R,0,70,124,1.35,0.736,0.174,2.005,0.583,1.98,-36.53,41.079,2,0,0,0,11.004,0,0,1,0,3,R,"_송글_",172.2,92,0.315,3,28,2781.24,179,153,106,114,78,145,94,17.625,1.204,-0.31,0,0.337,230.634,430.151,342.493,0.05,-37.648,0,"소솨소솨",-0.006,-17.324,0,"Amellaid",-19.721,-39.773,0,"-라후이-",-14.364,-62.515,0,"「론구」",21.511,-50.71,90,"Pugeuk",8.21,-64.098,103,"TaeGeuk_",41.357,-101.51,0,"AI",0,-109.843,0,"AI",-40.802,-90.552,0,2770.279,-8.076,-95.212,0,0,"",0,0,1,0,,2782.887,2789.903,,41,2
93,4,1,13,4,0,0,2,1,0,1,3,255,7,59,2808.206,"NABIMan",R,1,35,97,0.812,-1.193,0.033,1.805,0.152,1.472,-36.243,14.661,1,0,0,0,-12.875,0.145,-17.53,0,1,5,R,"Ayu_Yua",172,86,0.403,0,56,0,0,0,0,0,0,0,0,0,0,0,0,0,0,0,0,0.233,-38.13,0,"소솨소솨",-0.055,-17.299,14,"Amellaid",-19.656,-39.78,0,"-라후이-",-13.358,-63.397,0,"「론구」",20.568,-48.483,0,"Pugeuk",6.47,-63.317,0,"TaeGeuk_",38.269,-101.76,0,"AI",0,-109.842,0,"AI",-40.802,-90.552,0,0,0,0,0,0,"",0,0,0,0,2794.935,2812.63,2810.881,,0,0
94,4,1,13,4,0,1,2,0,1,1,255,3,7,60,2856.932,"NABIMan",R,26,87,140,-0.723,-0.961,-0.08,1.636,-0.372,0.866,-36.199,16.614,2,0,49.535,-200,34.156,0,0,1,1,5,R,"Ayu_Yua",172,86,0.403,3,34,2858.019,255,94,135,87,49,145,80,25.278,28.596,1,0,0.362,556.783,-216.795,1.231,0.337,-38.104,0,"소솨소솨",0.013,-17.025,109,"Amellaid",-22.808,-47.916,0,"-라후이-",-14.064,-62.213,0,"「론구」",20.591,-49.075,105,"Pugeuk",8.274,-63.378,0,"TaeGeuk_",39.7,-98.627,0,"AI",0,-109.843,0,"AI",-40.802,-90.552,0,2847.435,-29.935,-77.554,0,0,"",0,0,1,0,2861.013,,2864.417,2866.535,57,2
95,4,1,15,4,0,0,2,1,0,0,5,255,255,61,2898.526,"NABIMan",R,1,23,90,1.462,0.132,0.029,1.939,0.137,1.923,-36.22,19.958,0,0,0,0,-5.135,0,0,0,2,1,L,"IbikiKai_JP",190,89.582,0.5,0,55,0,0,0,0,0,0,0,0,0,0,0,0,0,0,0,0,0.099,-37.604,0,"소솨소솨",-0.066,-17.064,111,"Amellaid",-20.111,-41.059,0,"-라후이-",-11.5,-62.481,0,"「론구」",22.921,-51.795,0,"Pugeuk",9.354,-62.451,0,"TaeGeuk_",49.84,-101.986,0,"AI",0,-109.842,0,"AI",-40.802,-90.552,0,0,0,0,0,0,"",0,0,0,0,2885.235,,,,0,0
96,4,1,15,4,0,1,2,1,0,0,5,255,255,62,2909.797,"NABIMan",R,10,63,110,0.631,1.175,0.151,2.244,0.27,2.882,-36.677,53.676,2,0,0,400,13.503,0,0,1,2,1,L,"IbikiKai_JP",190,89.582,0.5,3,55,2911.03,215,36,47,50,17,135,130,-23.845,-44.789,0.38,0,0.444,5.215,-545.638,-244.659,0.042,-37.035,0,"소솨소솨",0.01,-17.064,0,"Amellaid",-21.75,-45.322,0,"-라후이-",-11.111,-62.483,0,"「론구」",22.914,-51.734,0,"Pugeuk",10.064,-63.528,0,"TaeGeuk_",49.367,-100.888,0,"AI",0,-109.843,0,"AI",-40.803,-90.553,0,2896.079,3.176,-21.147,0,0,"",0,0,0,0,,,,,32,3
97,4,1,15,4,0,2,2,1,0,0,5,255,255,63,2925.425,"NABIMan",R,10,81,123,-1.197,-1.685,-0.111,1.63,-0.518,0.922,-36.188,2.435,2,0,0,400,37.332,0,0,1,2,1,L,"IbikiKai_JP",190,89.582,0.5,3,55,2926.529,255,92,47,58,38,135,101,-16.683,-3.564,0.04,0,0.551,-356.091,-463.125,127.869,0.266,-37.831,0,"소솨소솨",-0.277,-17.272,0,"Amellaid",-22.201,-47.487,0,"-라후이-",-12.217,-60.951,0,"「론구」",21.938,-49.042,0,"Pugeuk",11.508,-62.426,0,"TaeGeuk_",43.319,-97.415,0,"AI",0,-109.843,0,"AI",-40.803,-90.552,0,2911.468,-0.18,-20.854,0,0,"",0,0,0,0,,2931.2,,,34,2
98,4,0,15,4,0,0,0,0,0,0,255,255,255,39,3011.994,"인생최패망자",R,32,89,140,-1.01,0.586,0.422,1.08,-0.737,1.936,-36.548,43.746,2,0,225.68,-31.388,1.662,0,0,1,1,2,L,"Amellaid",173.3,85,0.44,3,55,3012.887,163,60,108,44,31,145,99,42.234,-34.245,-0.05,0,0.16,443.162,-395.408,69.755,0.637,-37.494,0,"IbikiKai_JP",0.024,-16.979,0,"Pring__",-23.246,-50.831,0,"_송글_",-13.706,-63.768,0,"Kr_Luna",20,-49.892,0,"Ayu_Yua",12.461,-65.378,0,"AI",40.9,-90.65,0,"M a x ღ",1.369,-120.105,0,"HANA_ARASHI",-45.564,-100.703,0,3003.446,52.935,-81.476,0,0,"",0,0,0,0,,,,,32,1
99,4,0,15,4,0,0,1,0,0,0,255,255,255,40,3039.706,"인생최패망자",R,32,80,131,3.257,-1.522,0.599,0.929,0.94,0.828,-36.788,62.302,3,0,250,45.749,-10.369,0.189,-20.484,0,2,3,R,"-라후이-",179.7,80,0.5,0,55,0,0,0,0,0,0,0,0,0,0,0,0,0,0,0,0,0.582,-37.792,0,"IbikiKai_JP",0.07,-17.164,0,"Pring__",-24.833,-51.038,0,"_송글_",-13.216,-62.634,0,"Kr_Luna",18.513,-50.763,0,"Ayu_Yua",10.824,-66.166,0,"AI",40.9,-90.65,0,"M a x ღ",-4.422,-108.135,0,"HANA_ARASHI",-45.919,-99.508,0,0,0,0,0,0,"",0,0,0,0,,,,,0,6
100,4,0,15,4,2,0,1,0,0,0,255,255,255,41,3052.158,"인생최패망자",R,33,49,108,4.169,-0.646,0.654,0.997,0.266,1.432,-36.884,71.648,2,0,123.752,-6.921,3.821,0,0,0,2,3,R,"-라후이-",179.7,80,0.5,3,55,3053.192,170,148,141,73,54,145,92,22.178,43.025,-0.57,0,0.118,-58.185,573.309,-163.499,0.787,-37.495,0,"IbikiKai_JP",0.029,-17.145,0,"Pring__",-24.585,-51.166,0,"_송글_",-13.225,-62.691,0,"Kr_Luna",16.789,-54.934,0,"Ayu_Yua",7.607,-67.257,0,"AI",40.9,-90.65,0,"M a x ღ",-5.669,-107.409,0,"HANA_ARASHI",-44.167,-99.587,0,3041.568,-49.015,-62.758,0,0,"",0,0,0,0,,,,,32,3
101,4,0,15,4,2,1,1,0,0,0,255,255,255,42,3067.195,"인생최패망자",R,32,69,123,5.98,-1.107,0.712,0.991,2.163,0.933,-36.964,76.657,1,0,250,-29.746,-8.169,1.512,-13.274,0,2,3,R,"-라후이-",179.7,80,0.5,0,78,0,0,0,0,0,0,0,0,0,0,0,0,0,0,0,0,0.471,-37.999,0,"IbikiKai_JP",0.95,-17.008,0,"Pring__",-23.527,-49.898,0,"_송글_",-12.646,-63.573,0,"Kr_Luna",17.795,-55.855,0,"Ayu_Yua",7.586,-67.163,0,"AI",40.9,-90.65,0,"M a x ღ",-8.553,-109.806,0,"HANA_ARASHI",-43.093,-93.239,0,0,0,0,0,0,"",0,0,0,0,3057.757,,,,0,0
102,4,0,15,4,3,1,1,0,0,0,255,255,255,43,3083.373,"인생최패망자",R,46,52,96,0.496,0.075,0.623,1.017,-0.026,1.72,-36.696,56.663,2,0,101,9.704,3.26,0,0,1,2,3,R,"-라후이-",179.7,80,0.5,3,78,3084.475,153,171,175,109,46,145,128,28.613,27.691,0.33,0,0.11,230.869,551.041,43.067,0.747,-37.352,0,"IbikiKai_JP",-0.003,-17.448,0,"Pring__",-23.776,-49.676,0,"_송글_",-12.623,-63.535,0,"Kr_Luna",17.788,-55.858,0,"Ayu_Yua",7.564,-67.181,0,"AI",40.9,-90.65,0,"M a x ღ",-9.945,-109.824,0,"HANA_ARASHI",-44.86,-94.732,0,3074.657,-66.845,-113.138,0,0,"",0,0,0,0,,3095.782,3100.84,,32,4
103,4,0,15,5,0,0,1,0,0,0,255,255,255,44,3120.22,"인생최패망자",R,32,86,140,-1.105,0.081,0.403,0.992,-0.822,1.625,-36.465,41.224,0,0,250,-53.725,19.863,0,0,0,3,5,R,"Pugeuk",169.9,86.173,0.398,0,55,0,0,0,0,0,0,0,0,0,0,0,0,0,0,0,0,0.296,-37.738,0,"IbikiKai_JP",-0.001,-17.504,0,"Pring__",-23.598,-49.717,0,"_송글_",-11.325,-64.966,0,"Kr_Luna",18.892,-51.079,0,"Ayu_Yua",11.606,-65.694,0,"AI",40.9,-90.65,0,"M a x ღ",-16.314,-105.251,0,"HANA_ARASHI",-43.578,-100.601,0,0,0,0,0,0,"",0,0,0,0,3107.49,,,,0,0
104,4,0,15,5,0,1,1,0,0,0,255,255,255,45,3132.876,"인생최패망자",R,0,45,89,1.064,-1.053,0.529,1.099,0.556,1.037,-37.011,75.326,2,0,-42.883,0,-3.51,0,0,1,3,5,R,"Pugeuk",169.9,86.173,0.398,3,55,3134.178,255,76,116,105,92,145,91,112.95,70.586,0.95,0,0.605,238.482,-483.158,261.697,0.643,-37.866,0,"IbikiKai_JP",-0.032,-17.485,0,"Pring__",-23.678,-49.519,0,"_송글_",-11.333,-64.934,0,"Kr_Luna",18.655,-51.21,0,"Ayu_Yua",11.615,-65.732,0,"AI",40.9,-90.65,0,"M a x ღ",-14.728,-100.229,0,"HANA_ARASHI",-40.151,-99.702,0,0,0,0,0,0,"",0,0,0,0,,,,,32,3
105,4,0,15,5,0,2,1,0,0,0,255,255,255,46,3146.449,"인생최패망자",R,0,0,0,0,0,0,0,0,0,0,0,0,0,0,0,0,0,0,0,3,5,R,"Pugeuk",169.9,86.173,0.398,0,66,0,0,0,0,0,0,0,0,0,0,0,0,0,0,0,0,0,0,0,"",0,0,0,"",0,0,0,"",0,0,0,"",0,0,0,"",0,0,0,"",0,0,0,"",0,0,0,"",0,0,0,0,0,0,0,0,"",0,0,0,0,,,,,0,0
106,4,0,15,5,0,2,1,0,0,0,255,255,255,47,3148.461,"인생최패망자",R,38,1,69,6.737,-2.807,0.906,1.266,2.928,-3.406,-36.692,62.602,1,0,-13.856,-21.882,-3.255,1.083,-28.294,0,3,5,R,"Pugeuk",169.9,86.173,0.398,0,66,0,0,0,0,0,0,0,0,0,0,0,0,0,0,0,0,0.775,-38.109,0,"IbikiKai_JP",0.256,-17.384,0,"Pring__",-23.433,-49.322,0,"_송글_",-12.858,-63.339,0,"Kr_Luna",16.984,-47.563,0,"Ayu_Yua",9.164,-67.034,0,"AI",40.901,-90.651,0,"M a x ღ",-13.87,-101.439,0,"HANA_ARASHI",-40.325,-99.493,0,0,0,0,0,0,"",0,0,0,0,3141.49,,,,0,0
107,4,0,15,5,2,2,2,0,0,0,255,255,255,48,3186.216,"인생최패망자",R,32,85,139,-1.216,0.72,0.391,1.068,-0.878,1.899,-36.518,42.783,0,0,250,-140.449,5.02,-0.884,-18.341,0,3,5,R,"Pugeuk",169.9,86.173,0.398,0,66,0,0,0,0,0,0,0,0,0,0,0,0,0,0,0,0,0.342,-37.818,0,"IbikiKai_JP",-0.194,-17.363,0,"Pring__",-23.452,-49.332,0,"_송글_",-12.798,-63.099,0,"Kr_Luna",18.787,-51.736,0,"Ayu_Yua",9.652,-63.139,0,"AI",40.9,-90.65,0,"M a x ღ",-15.074,-104.259,0,"HANA_ARASHI",-41.525,-98.048,0,0,0,0,0,0,"",0,0,0,0,3174.746,,,,0,0
108,5,1,15,5,0,0,0,0,0,0,255,255,255,64,3262.793,"소솨소솨",R,6,51,102,0.846,-0.974,-0.025,1.341,-0.315,1.026,-36.378,13.009,1,0,348.479,0,0,0,0,0,3,2,L,"Pring__",190,94.507,0.484,0,55,0,0,0,0,0,0,0,0,0,0,0,0,0,0,0,0,0.084,-37.605,0,"NABIMan",0.029,-17.856,0,"Amellaid",-24.151,-49.138,0,"-라후이-",-13.565,-64.558,0,"「론구」",23.078,-52.648,0,"Pugeuk",11.349,-61.353,0,"TaeGeuk_",34.654,-96.112,0,"AI",0,-109.84,0,"ByeolBam",-45.917,-88.787,0,0,0,0,0,0,"",0,0,0,0,3249.246,,,,0,0
109,5,1,15,5,0,1,0,0,0,0,255,255,255,65,3282.264,"소솨소솨",R,6,52,102,3.458,-0.95,0.206,1.346,0.761,1.042,-36.412,16.78,4,0,369.14,0,0,0,0,1,3,2,L,"Pring__",190,94.507,0.484,0,55,0,0,0,0,0,0,0,0,0,0,0,0,0,0,0,0,-0.127,-37.745,0,"NABIMan",0.027,-17.798,0,"Amellaid",-23.312,-49.019,0,"-라후이-",-13.459,-64.772,0,"「론구」",22.933,-52.729,0,"Pugeuk",11.332,-62.134,0,"TaeGeuk_",33.979,-94.017,0,"AI",0,-109.84,0,"ByeolBam",-46.084,-89.05,0,0,0,0,0,0,"",0,0,0,0,3268.646,,,,0,0
110,5,1,15,5,0,2,0,0,0,0,255,255,255,66,3298.912,"소솨소솨",R,7,52,107,1.013,-0.65,0.069,1.402,0.125,1.223,-36.393,12.987,0,0,168.078,0,0,0,0,1,3,2,L,"Pring__",190,94.507,0.484,0,55,0,0,0,0,0,0,0,0,0,0,0,0,0,0,0,0,-0.079,-37.739,0,"NABIMan",-0.013,-17.916,0,"Amellaid",-23.371,-47.186,0,"-라후이-",-13.483,-65.117,0,"「론구」",22.956,-52.793,0,"Pugeuk",11.496,-62.2,0,"TaeGeuk_",35.462,-96.743,0,"AI",0,-109.84,0,"ByeolBam",-46.063,-89.569,0,0,0,0,0,0,"",0,0,0,0,3285.301,,,,0,0
111,5,1,15,5,0,0,1,0,0,0,255,255,255,67,3322.784,"소솨소솨",R,8,49,107,3.124,-0.425,0.303,1.445,1.21,1.363,-36.396,27.143,1,0,75.197,0,0,0.333,-19.497,0,4,4,L,"Kr_Luna",190,94.714,0.501,0,56,0,0,0,0,0,0,0,0,0,0,0,0,0,0,0,0,-0.098,-37.789,0,"NABIMan",0.534,-18.454,0,"Amellaid",-22.517,-47.627,0,"-라후이-",-11.509,-61.575,0,"「론구」",22.955,-52.752,0,"Pugeuk",10.18,-62.913,0,"TaeGeuk_",34.59,-93.275,0,"AI",0,-109.84,0,"ByeolBam",-47.926,-96.357,0,0,0,0,0,0,"",0,0,0,0,3310.146,,,,0,0
112,5,1,15,5,1,0,1,0,0,0,255,255,255,68,3336.512,"소솨소솨",R,28,58,116,-1.006,-0.366,-0.102,1.439,-0.673,1.342,-36.616,11.686,2,0,-8.423,-85.988,0,0,0,0,4,4,L,"Kr_Luna",190,94.714,0.501,3,56,3337.403,235,92,189,92,50,145,107,-35.052,42.177,-0.01,0,0.136,490.35,-322.186,-120.641,-0.102,-36.945,0,"NABIMan",0.046,-17.657,0,"Amellaid",-22.568,-47.658,0,"-라후이-",-12.345,-62.217,0,"「론구」",22.886,-52.726,0,"Pugeuk",10.183,-63.201,0,"TaeGeuk_",35.252,-93.523,0,"AI",0,-109.84,0,"ByeolBam",-47.879,-96.39,0,3322.313,-1.197,-21.585,0,0,"",0,0,0,0,,,,,18,2
113,5,1,15,5,0,0,2,0,0,0,255,255,255,69,3359.798,"소솨소솨",R,3,74,115,-4.122,-1.378,-0.188,1.324,-1.071,0.97,-36.529,10.498,4,0,-410.254,172.955,0,0,0,1,5,8,R,"인생최패망자",190,80,0.298,0,56,0,0,0,0,0,0,0,0,0,0,0,0,0,0,0,0,-0.145,-37.708,0,"NABIMan",-1.177,-17.714,119,"Amellaid",-24.018,-48.93,0,"-라후이-",-7.801,-63.932,0,"「론구」",21.764,-50.054,0,"Pugeuk",11.195,-59.924,0,"TaeGeuk_",28.925,-100.921,0,"AI",0,-109.84,0,"ByeolBam",-47.669,-96.165,0,0,0,0,0,0,"",0,0,0,0,3346.368,,,,0,0
114,5,1,15,5,0,1,2,0,0,0,255,255,255,70,3379.49,"소솨소솨",R,10,76,120,1.348,-0.797,0.167,1.474,0.582,1.455,-36.444,18.546,0,0,0,301.243,0,0,0,1,5,8,R,"인생최패망자",190,80,0.298,0,78,0,0,0,0,0,0,0,0,0,0,0,0,0,0,0,0,-0.202,-37.636,0,"NABIMan",0.152,-17.88,84,"Amellaid",-23.802,-48.339,0,"-라후이-",-9.052,-63.131,0,"「론구」",21.794,-50.07,87,"Pugeuk",11.417,-60.97,0,"TaeGeuk_",31.577,-101.474,0,"AI",0,-109.84,0,"ByeolBam",-47.662,-96.171,0,0,0,0,0,0,"",0,0,0,0,3365.99,,,,0,0
115,5,1,15,5,0,2,2,0,0,0,255,255,255,71,3401.014,"소솨소솨",R,10,70,114,-1.058,-2.529,-0.056,1.144,-0.459,0.386,-36.485,21.3,4,0,0,400,0,-0.19,-21.028,1,5,8,R,"인생최패망자",190,80,0.298,0,78,0,0,0,0,0,0,0,0,0,0,0,0,0,0,0,0,-0.186,-37.478,0,"NABIMan",0.111,-19.108,119,"Amellaid",-24.656,-49.136,0,"-라후이-",-8.822,-63.061,0,"「론구」",22.405,-49.907,0,"Pugeuk",11.278,-61.024,0,"TaeGeuk_",33.113,-99.316,0,"AI",0,-109.84,0,"ByeolBam",-47.661,-96.17,0,0,0,0,0,0,"",0,0,0,0,3387.49,,,3407.754,0,0
116,5,0,15,5,0,0,0,0,0,0,255,255,255,49,3465.33,"HANA_ARASHI",R,13,80,118,-1.781,-0.671,-0.014,1.424,-0.205,1.569,-36.386,17.335,2,0,-366.393,340.229,5.367,0,0,0,4,0,R,"소솨소솨",190,80,0.404,3,56,3466.323,255,140,143,69,0,145,104,11.426,35.924,0.92,0,0.589,-73.202,-164.121,-2.902,-0.28,-37.014,0,"IbikiKai_JP",-0.007,-17.044,0,"Pring__",-24.027,-50.287,86,"_송글_",-13.491,-62.386,0,"Kr_Luna",18.372,-51.142,0,"Ayu_Yua",12.055,-65.069,0,"AI",40.9,-90.65,0,"AI",0,-109.84,0,"인생최패망자",-37.856,-87.741,0,0,0,0,0,0,"",0,0,0,0,,,,,72,1
117,5,0,15,5,0,0,1,0,0,0,255,255,255,50,3489.956,"HANA_ARASHI",R,13,79,118,1.703,0.268,0.273,1.631,1.13,2.24,-36.482,33.56,1,0,-244.306,400,4.124,0.188,-18.651,0,5,1,L,"NABIMan",190,81.885,0.496,0,55,0,0,0,0,0,0,0,0,0,0,0,0,0,0,0,0,-0.229,-37.537,0,"IbikiKai_JP",0.062,-17.283,0,"Pring__",-23.542,-50.323,0,"_송글_",-13.355,-61.451,0,"Kr_Luna",19.6,-50.443,0,"Ayu_Yua",10.453,-66.333,0,"AI",40.9,-90.65,0,"AI",0,-109.84,0,"인생최패망자",-35.582,-83.437,0,0,0,0,0,0,"",0,0,0,0,3478.024,,,,0,0
118,5,0,15,5,1,0,1,0,0,0,255,255,255,51,3508.443,"HANA_ARASHI",R,13,83,122,-0.864,0.092,0.091,1.548,0.286,1.972,-36.398,21.184,2,0,-372.088,333.992,16.371,0,0,1,5,1,L,"NABIMan",190,81.885,0.496,3,55,3509.416,165,41,76,119,14,145,89,10.149,1.623,-0.86,0,0.462,364.185,472.962,9.552,-0.311,-37.112,0,"IbikiKai_JP",0.02,-17.261,0,"Pring__",-23.533,-50.298,0,"_송글_",-13.361,-61.468,66,"Kr_Luna",19.789,-50.618,0,"Ayu_Yua",10.909,-65.345,0,"AI",40.9,-90.65,0,"AI",0,-109.84,0,"인생최패망자",-35.589,-83.434,0,3497.035,-5.146,-74.298,0,0,"",0,0,1,0,,,,,65,2
119,5,0,15,5,0,0,1,1,0,0,11,255,255,52,3538.217,"HANA_ARASHI",R,13,77,116,-1.09,0.021,0.089,1.56,0.135,2.042,-36.347,23.435,2,0,-373.901,331.961,-2.577,0,0,0,6,6,R,"TaeGeuk_",173.9,85,0.613,3,55,3539.09,163,68,52,54,44,136,89,28.01,57.31,0.94,0,0.195,-263.853,467.873,-262.836,-0.274,-36.855,0,"IbikiKai_JP",0.008,-17.219,0,"Pring__",-20.495,-45.198,0,"_송글_",-12.655,-64.012,0,"Kr_Luna",18.004,-49.187,0,"Ayu_Yua",9.996,-64.91,0,"AI",40.9,-90.65,0,"AI",0,-109.84,0,"인생최패망자",-39.323,-78.543,0,3527.257,-53.483,-47.734,0,0,"",0,0,0,0,,,,,64,3
120,5,0,15,5,0,1,1,1,0,0,11,255,255,53,3557.9,"HANA_ARASHI",R,26,80,131,1.168,1.538,0.11,1.631,0.231,2.294,-36.465,36.18,1,0,187.782,-200,4.433,0,0,0,6,6,R,"TaeGeuk_",173.9,85,0.613,0,55,0,0,0,0,0,0,0,0,0,0,0,0,0,0,0,0,-0.33,-37.365,0,"IbikiKai_JP",-0.046,-17.274,0,"Pring__",-21.631,-44.67,0,"_송글_",-12.529,-62.544,0,"Kr_Luna",17.34,-48.896,0,"Ayu_Yua",10.745,-66.066,0,"AI",40.9,-90.65,0,"AI",0,-109.84,0,"인생최패망자",-41.896,-81.767,0,0,0,0,0,0,"",0,0,0,0,3543.99,,,,0,0
121,5,0,15,5,1,1,1,1,0,0,11,255,255,54,3577.115,"HANA_ARASHI",R,5,84,135,-0.241,-0.306,0.059,1.487,-0.006,1.43,-36.32,15.657,2,0,-73.902,0,8.553,0,0,1,6,6,R,"TaeGeuk_",173.9,85,0.613,3,55,3577.941,246,61,135,83,11,145,114,-18.899,41.16,0.84,0,0.245,-56.996,587.596,-101.405,-0.335,-36.927,0,"IbikiKai_JP",-0.02,-17.366,0,"Pring__",-20.833,-43.896,85,"_송글_",-10.772,-63.045,0,"Kr_Luna",17.816,-49.501,0,"Ayu_Yua",10.762,-66.109,0,"AI",40.9,-90.65,0,"AI",0,-109.85,0,"인생최패망자",-41.397,-81.262,100,3562.868,-1.648,-19.325,0,0,"",0,0,1,0,,3580.237,,,104,2
122,5,0,15,5,0,0,1,1,1,0,16,11,255,55,3604.745,"HANA_ARASHI",R,32,92,140,-0.839,0.044,-0.07,1.494,-0.605,1.462,-36.307,9.197,0,0,215.094,-200,7.951,0.153,-7.011,0,7,8,R,"ByeolBam",179.7,90,0.5,0,55,0,0,0,0,0,0,0,0,0,0,0,0,0,0,0,0,-0.471,-37.073,0,"IbikiKai_JP",-0.03,-17.349,0,"Pring__",-20.839,-44.837,0,"_송글_",-12.239,-63.757,0,"Kr_Luna",20.003,-40.315,54,"Ayu_Yua",0.312,-58.382,0,"AI",40.9,-90.65,0,"AI",0,-109.84,0,"인생최패망자",-40.825,-78.118,0,0,0,0,0,0,"",0,0,0,0,3591.202,,3607.823,,0,0
123,5,0,15,5,0,1,1,1,0,1,16,255,11,56,3625.162,"HANA_ARASHI",R,13,80,119,-1.457,-0.692,0.055,1.44,-0.025,1.59,-36.292,14.267,2,0,-379.988,324.976,10.846,0,0,0,7,8,R,"ByeolBam",179.7,90,0.5,3,55,3626.14,214,53,106,92,59,145,99,99.508,-82.34,0.93,0,0.106,179.235,567.664,-56.909,-0.404,-37.003,0,"IbikiKai_JP",-0.017,-17.333,0,"Pring__",-20.486,-45.122,0,"_송글_",-12.247,-63.738,0,"Kr_Luna",16.11,-46.378,0,"Ayu_Yua",7.948,-65.927,0,"AI",40.9,-90.65,0,"AI",0,-109.84,0,"인생최패망자",-40.816,-78.1,0,0,0,0,0,0,"",0,0,0,0,,,3625.359,,64,3
124,5,0,15,5,0,2,1,1,0,1,16,255,11,57,3639.668,"HANA_ARASHI",R,0,73,126,-0.336,1.439,0.185,1.68,-0.151,2.462,-36.586,43.734,1,0,-0.662,0,7.534,0,0,0,7,8,R,"ByeolBam",179.7,90,0.5,0,55,0,0,0,0,0,0,0,0,0,0,0,0,0,0,0,0,-0.299,-37.303,0,"IbikiKai_JP",-0.143,-17.361,0,"Pring__",-21.314,-43.577,0,"_송글_",-11.428,-63.758,0,"Kr_Luna",19.757,-44.239,0,"Ayu_Yua",4.302,-65.758,0,"AI",40.9,-90.65,0,"AI",0,-109.84,0,"인생최패망자",-41.077,-85.346,0,0,0,0,0,0,"",0,0,0,32,3625.879,3658.763,3641.908,,0,0
125,6,1,15,5,0,0,0,0,0,0,255,255,255,72,3707.646,"소솨소솨",R,33,83,136,1.85,0.735,0.176,1.642,0.622,2,-36.44,13.535,4,0,127.939,-85.809,0,0,0,0,6,0,R,"HANA_ARASHI",190,85.679,0.252,0,55,0,0,0,0,0,0,0,0,0,0,0,0,0,0,0,0,0.056,-37.995,0,"NABIMan",0.181,-17.987,0,"Amellaid",-23.643,-48.762,0,"-라후이-",-14.216,-62.461,0,"「론구」",22.746,-51.308,0,"Pugeuk",10.428,-64.395,0,"TaeGeuk_",39.593,-93.257,0,"AI",0,-109.84,0,"ByeolBam",-46.695,-90.558,0,0,0,0,0,0,"",0,0,0,0,3693.957,,,,0,0
126,6,1,15,5,0,1,0,0,0,0,255,255,255,73,3721.742,"소솨소솨",R,5,69,120,-1.661,-0.935,-0.073,1.342,-0.537,1.028,-36.493,9.8,1,0,-112.855,0,0,-0.455,-19.162,0,6,0,R,"HANA_ARASHI",190,85.679,0.252,0,55,0,0,0,0,0,0,0,0,0,0,0,0,0,0,0,0,-0.192,-37.789,0,"NABIMan",-0.376,-18.427,0,"Amellaid",-23.682,-48.809,0,"-라후이-",-14.383,-62.473,0,"「론구」",22.739,-51.338,0,"Pugeuk",10.355,-64.463,0,"TaeGeuk_",39.474,-95.896,0,"AI",0,-109.84,0,"ByeolBam",-46.75,-92.027,0,0,0,0,0,0,"",0,0,0,0,3709.435,,,,0,0
127,6,1,15,5,1,1,0,0,0,0,255,255,255,74,3735.293,"소솨소솨",R,10,74,117,0.002,-2.401,0.08,1.316,0.001,0.478,-36.585,19.19,4,0,-1.693,389.828,0,0.001,-20.633,1,6,0,R,"HANA_ARASHI",190,85.679,0.252,0,55,0,0,0,0,0,0,0,0,0,0,0,0,0,0,0,0,-0.107,-37.686,0,"NABIMan",0.197,-17.941,0,"Amellaid",-23.358,-49.029,0,"-라후이-",-14.322,-62.189,0,"「론구」",22.676,-51.246,0,"Pugeuk",10.456,-64.538,0,"TaeGeuk_",39.733,-97.057,0,"AI",0,-109.84,0,"ByeolBam",-47.116,-92.635,0,0,0,0,0,0,"",0,0,0,0,3721.635,,,,0,0
128,6,1,15,5,1,2,0,0,0,0,255,255,255,75,3749.515,"소솨소솨",R,34,82,134,-2.209,0.652,-0.187,1.631,-1.069,1.964,-36.467,5.546,4,0,80.206,-65.112,0,0,0,1,6,0,R,"HANA_ARASHI",190,85.679,0.252,0,55,0,0,0,0,0,0,0,0,0,0,0,0,0,0,0,0,-0.088,-37.937,0,"NABIMan",-0.884,-17.291,0,"Amellaid",-24.816,-48.6,0,"-라후이-",-14.271,-62.363,0,"「론구」",22.695,-51.548,0,"Pugeuk",10.145,-64.53,0,"TaeGeuk_",38.042,-96.442,0,"AI",0,-109.84,0,"ByeolBam",-46.935,-93.325,0,0,0,0,0,0,"",0,0,0,0,3735.791,,,,0,0
129,6,1,15,5,0,0,1,0,0,0,255,255,255,76,3767.377,"소솨소솨",R,33,87,140,1.144,0.934,0.112,1.638,0.325,2.02,-36.479,10.783,0,0,127.686,-124.749,0,0,0,0,0,3,R,"_송글_",172.2,92,0.315,0,55,0,0,0,0,0,0,0,0,0,0,0,0,0,0,0,0,-0.066,-38.102,0,"NABIMan",0.055,-17.955,0,"Amellaid",-22.872,-48.551,0,"-라후이-",-14.233,-62.402,0,"「론구」",22.711,-51.567,0,"Pugeuk",10.17,-62.496,0,"TaeGeuk_",38.164,-96.894,0,"AI",0,-109.84,0,"ByeolBam",-46.976,-93.345,0,0,0,0,0,0,"",0,0,0,0,3753.624,,,,0,0
130,6,1,15,5,0,1,1,0,0,0,255,255,255,77,3780.91,"소솨소솨",R,27,77,129,-0.611,-1.115,-0.049,1.304,-0.425,0.829,-36.46,17.423,2,0,114.364,-125.37,0,0,0,0,0,3,R,"_송글_",172.2,92,0.315,3,55,3781.915,137,67,60,76,52,137,126,7.256,21.431,0.55,0,0.276,16.715,585.031,113.943,0.043,-37.608,0,"NABIMan",0.11,-18.106,0,"Amellaid",-22.893,-48.544,0,"-라후이-",-14.536,-62.238,0,"「론구」",22.572,-51.455,0,"Pugeuk",10.175,-62.491,87,"TaeGeuk_",38.377,-98.041,0,"AI",0,-109.85,0,"ByeolBam",-46.973,-93.356,91,3768.735,-25.605,-73.99,0,0,"",0,0,1,0,,,,,152,2
131,6,1,15,5,0,0,1,1,0,0,3,255,255,78,3811.677,"소솨소솨",R,27,86,140,-0.361,-0.823,-0.013,1.364,-0.257,1.042,-36.439,14.222,0,0,74.196,-105.531,0,0,0,1,1,5,R,"Ayu_Yua",172,86,0.403,0,34,0,0,0,0,0,0,0,0,0,0,0,0,0,0,0,0,-0.339,-37.811,0,"NABIMan",0.051,-17.73,0,"Amellaid",-21.026,-44.577,0,"-라후이-",-12.109,-60.197,0,"「론구」",21.343,-51.692,0,"Pugeuk",9.147,-62.163,0,"TaeGeuk_",30.865,-89.602,0,"AI",0,-109.84,0,"ByeolBam",-46.54,-92.107,0,0,0,0,0,0,"",0,0,0,0,3798.102,,,,0,0
132,6,1,15,5,0,1,1,1,0,0,3,255,255,79,3827.809,"소솨소솨",R,33,86,139,1.035,0.757,0.107,1.619,0.301,1.953,-36.461,9.153,2,0,108.965,-88.09,0,0,0,1,1,5,R,"Ayu_Yua",172,86,0.403,3,34,3828.989,191,34,130,37,15,145,83,-18.98,38.055,-0.86,0,0.213,-118.933,527.38,-254.43,0.005,-37.64,0,"NABIMan",0.123,-17.776,0,"Amellaid",-20.626,-45.651,0,"-라후이-",-13.653,-60.215,0,"「론구」",21.395,-51.609,0,"Pugeuk",8.97,-62.469,96,"TaeGeuk_",32.62,-96.495,0,"AI",0,-109.84,0,"ByeolBam",-45.851,-92.204,108,3813.957,-2.414,-21.188,0,0,"",0,0,1,0,,3833.616,,,152,2
133,6,1,15,5,0,0,1,1,1,0,5,3,255,80,3860.059,"소솨소솨",R,0,79,130,-1.779,-0.509,-0.129,1.413,-0.799,1.259,-36.435,8.443,1,0,19.001,-38.199,0,0,0,0,2,1,L,"IbikiKai_JP",190,89.582,0.5,0,55,0,0,0,0,0,0,0,0,0,0,0,0,0,0,0,0,-0.171,-38.104,0,"NABIMan",-0.254,-17.781,0,"Amellaid",-22.471,-46.215,0,"-라후이-",-13.188,-61.414,0,"「론구」",20.761,-48.393,0,"Pugeuk",10.119,-60.661,0,"TaeGeuk_",39.173,-94.799,0,"AI",0,-109.84,0,"ByeolBam",-44.507,-91.566,0,0,0,0,0,0,"",0,0,0,0,3846.49,3863.088,,,0,0
134,6,1,15,5,1,0,1,1,1,0,5,3,255,81,3876.318,"소솨소솨",R,28,84,137,-2.818,-1.919,-0.02,1.29,-0.288,0.861,-36.51,17.875,2,0,87.503,-95.555,0,0,0,1,2,1,L,"IbikiKai_JP",190,89.582,0.5,3,55,3877.436,217,58,60,58,43,138,126,-15.174,25.916,0.29,0,0.361,-440.206,130.082,169.48,-0.014,-37.723,0,"NABIMan",-0.098,-17.75,0,"Amellaid",-21.896,-46.824,0,"-라후이-",-14.57,-61.533,111,"「론구」",20.978,-48.84,0,"Pugeuk",10.084,-61.608,91,"TaeGeuk_",37.352,-90.826,0,"AI",0,-109.84,0,"ByeolBam",-44.488,-91.572,0,3862.335,-0.954,-21.49,0,0,"",0,0,0,4,,3884.297,3881.806,,78,2
135,6,0,15,5,0,0,0,0,0,0,255,255,255,58,3926.256,"HANA_ARASHI",R,13,90,126,-2.064,-1.319,-0.075,1.34,-0.351,1.237,-36.34,13.245,1,0,-367.563,338.965,15.806,-0.669,-17.473,0,0,4,R,"「론구」",173.7,80,0.2,0,55,0,0,0,0,0,0,0,0,0,0,0,0,0,0,0,0,-0.344,-37.685,0,"IbikiKai_JP",-0.626,-17.601,0,"Pring__",-23.438,-49.506,0,"_송글_",-9.433,-62.795,0,"Kr_Luna",18.312,-48.502,0,"Ayu_Yua",12.661,-65.046,0,"AI",40.9,-90.65,0,"AI",0,-109.84,0,"인생최패망자",-39.26,-86.041,0,0,0,0,0,0,"",0,0,0,0,3914.301,,,,0,0
136,6,0,15,5,1,0,0,0,0,0,255,255,255,59,3939.398,"HANA_ARASHI",R,32,78,129,-0.306,0.412,-0.106,1.457,-0.493,1.648,-36.331,8.93,2,0,250,-200,10.874,0,0,0,0,4,R,"「론구」",173.7,80,0.2,3,55,3940.467,212,51,79,73,42,145,97,25.882,54.741,0.93,0,0.205,377.935,425.133,-129.653,-0.025,-36.878,0,"IbikiKai_JP",-0.037,-17.378,0,"Pring__",-23.337,-49.668,0,"_송글_",-12.324,-61.976,0,"Kr_Luna",18.285,-48.498,0,"Ayu_Yua",12.659,-65.039,0,"AI",40.9,-90.65,0,"AI",0,-109.84,0,"인생최패망자",-39.257,-86.007,0,3929.135,-64.579,-56.882,0,0,"",0,0,0,0,,,,,64,3
137,6,0,15,5,1,1,0,0,0,0,255,255,255,60,3957.02,"HANA_ARASHI",R,26,92,140,-0.897,-0.2,-0.106,1.363,-0.493,1.317,-36.32,11.8,0,0,81.95,-200,23.97,0,0,0,0,4,R,"「론구」",173.7,80,0.2,0,55,0,0,0,0,0,0,0,0,0,0,0,0,0,0,0,0,-0.55,-37.755,0,"IbikiKai_JP",-0.107,-17.397,0,"Pring__",-23.268,-49.027,0,"_송글_",-11.29,-62.759,0,"Kr_Luna",18.225,-48.972,0,"Ayu_Yua",11.943,-65.397,0,"AI",40.9,-90.65,0,"AI",0,-109.84,0,"인생최패망자",-40.754,-89.268,0,0,0,0,0,0,"",0,0,0,0,3943.335,,,,0,0
138,6,0,15,5,1,2,0,0,0,0,255,255,255,61,3970.423,"HANA_ARASHI",R,26,80,132,1.277,1.234,0.084,1.591,0.39,2.125,-36.288,9.993,4,0,116.892,-200,20.37,0,0,1,0,4,R,"「론구」",173.7,80,0.2,0,55,0,0,0,0,0,0,0,0,0,0,0,0,0,0,0,0,-0.103,-37.533,0,"IbikiKai_JP",-0.027,-17.407,0,"Pring__",-23.159,-49.036,0,"_송글_",-11.244,-62.82,0,"Kr_Luna",18.404,-49.502,0,"Ayu_Yua",11.945,-65.379,0,"AI",40.9,-90.65,0,"AI",0,-109.84,0,"인생최패망자",-40.768,-89.298,0,0,0,0,0,0,"",0,0,0,0,3956.724,,,,0,0
139,6,0,15,5,0,0,1,0,0,0,255,255,255,62,3993.068,"HANA_ARASHI",R,14,82,120,1.277,0.772,-0.004,1.77,-0.02,2.468,-36.378,22.939,0,0,361.052,345.892,-1.053,0,0,0,1,2,L,"Amellaid",173.3,85,0.44,0,55,0,0,0,0,0,0,0,0,0,0,0,0,0,0,0,0,0.015,-37.158,0,"IbikiKai_JP",0.011,-17.392,0,"Pring__",-24.003,-49.549,0,"_송글_",-11.278,-62.803,0,"Kr_Luna",18.381,-50.593,0,"Ayu_Yua",11.907,-65.415,0,"AI",40.9,-90.65,0,"AI",0,-109.84,0,"인생최패망자",-40.869,-89.286,0,0,0,0,0,0,"",0,0,0,0,3979.346,,,,0,0
140,6,0,15,5,0,1,1,0,0,0,255,255,255,63,4004.144,"HANA_ARASHI",R,29,91,140,-1.194,0.998,-0.006,1.637,-0.194,1.997,-36.286,17.234,2,0,-250,-200,19.763,0,0,1,1,2,L,"Amellaid",173.3,85,0.44,3,55,4004.952,255,104,148,64,0,145,83,63.83,23.623,-0.88,0,0.268,427.464,390.525,-149.568,-0.158,-36.848,0,"IbikiKai_JP",-0.018,-17.376,0,"Pring__",-24.018,-49.604,0,"_송글_",-11.282,-62.849,0,"Kr_Luna",18.645,-50.054,0,"Ayu_Yua",12.256,-64.866,0,"AI",40.9,-90.65,0,"AI",0,-109.84,0,"인생최패망자",-40.893,-89.28,0,3995.924,-19.67,-53.935,0,0,"",0,0,0,0,,,,,72,1
141,6,0,15,5,0,0,2,0,0,0,255,255,255,64,4035.195,"HANA_ARASHI",R,5,62,116,2.779,1.382,0.519,1.767,1.359,2.43,-36.695,47.259,2,0,-94.24,0,4.357,0,0,0,2,3,R,"-라후이-",179.7,80,0.5,3,55,4036.121,74,113,8,11,38,22,37,6.213,26.522,-0.81,0,0.177,111.647,218.3,-350.544,-0.021,-36.922,0,"IbikiKai_JP",-0.003,-17.263,0,"Pring__",-26.518,-51.203,0,"_송글_",-13.104,-61.974,80,"Kr_Luna",19.171,-55.454,0,"Ayu_Yua",8.523,-65.76,0,"AI",40.9,-90.65,0,"AI",0,-109.84,0,"인생최패망자",-39.477,-85.123,0,4022.146,-4.405,-29.154,0,0,"",0,0,1,4,4055.279,4057.406,4064.818,4070.73,85,2
142,7,1,15,5,0,0,0,0,0,0,255,255,255,82,4107.443,"소솨소솨",R,28,64,120,0.591,-2.228,0.019,1.344,0.288,0.101,-36.677,19.353,2,0,-18.424,-95.749,0,0,0,0,3,2,L,"Pring__",190,94.507,0.484,3,55,4108.331,208,103,96,115,35,145,95,0.223,-7.877,0.96,0,0.547,-196.423,-436.296,92.545,0.008,-37.284,0,"NABIMan",0.396,-18.05,0,"Amellaid",-22.981,-49.423,0,"-라후이-",-12.792,-62.903,0,"「론구」",22.466,-52.515,0,"Pugeuk",11.985,-63.437,0,"TaeGeuk_",36.827,-85.883,0,"AI",0,-109.84,0,"ByeolBam",-46.167,-91.016,0,4093.179,0.29,-20.76,0,0,"",0,0,1,0,,,,,18,2
143,7,1,15,5,0,0,0,1,0,0,2,255,255,83,4137.814,"소솨소솨",R,6,57,107,1.61,-0.882,0.066,1.357,0.111,1.078,-36.545,19.412,1,0,309.512,0,0,0,0,0,4,4,L,"Kr_Luna",190,94.714,0.501,0,55,0,0,0,0,0,0,0,0,0,0,0,0,0,0,0,0,-2.993,-38.708,0,"NABIMan",0.535,-18.6,0,"Amellaid",-22.068,-46.416,0,"-라후이-",-4.836,-59.249,0,"「론구」",21.795,-48.065,0,"Pugeuk",11.948,-60.913,0,"TaeGeuk_",36.752,-97.459,0,"AI",0,-109.84,0,"ByeolBam",-42.899,-93.647,0,0,0,0,0,0,"",0,0,0,0,4123.99,4140.557,,,0,0
144,7,1,15,5,1,0,0,0,1,0,255,2,255,84,4159.383,"소솨소솨",R,33,88,140,0.13,-0.147,0.026,1.474,-0.076,1.456,-36.423,12.093,2,0,100.053,-80.871,0,0,0,0,4,4,L,"Kr_Luna",190,94.714,0.501,3,55,4160.249,212,110,150,90,48,145,130,91.111,88.868,0.37,0,0.09,-196.423,-436.296,92.545,-0.25,-36.888,0,"NABIMan",-0.008,-17.531,0,"Amellaid",-22.796,-51.084,0,"-라후이-",-9,-61.508,0,"「론구」",19.998,-49.486,0,"Pugeuk",11.76,-62.025,0,"TaeGeuk_",39.042,-101.689,0,"AI",0,-109.84,0,"ByeolBam",-43.156,-100.868,0,0,0,0,0,0,"",0,0,0,0,,4163.86,,,16,3
145,7,1,15,5,1,1,0,0,1,0,255,2,255,85,4202.714,"소솨소솨",R,33,84,138,-0.556,-1.236,-0.042,1.257,-0.391,0.752,-36.42,15.498,1,0,110.778,-106.13,0,0,0,0,4,4,L,"Kr_Luna",190,94.714,0.501,0,55,0,0,0,0,0,0,0,0,0,0,0,0,0,0,0,0,-0.198,-37.843,0,"NABIMan",0.178,-18.096,0,"Amellaid",-24.34,-51.61,0,"-라후이-",-0.709,-60.287,0,"「론구」",20.138,-49.023,0,"Pugeuk",11.916,-63.058,0,"TaeGeuk_",37.357,-102.145,0,"AI",0,-109.84,0,"ByeolBam",-45.43,-98.822,0,0,0,0,0,0,"",0,0,0,0,4188.802,4205.358,,,0,0
146,7,1,15,5,2,1,0,0,1,0,255,2,255,86,4219.865,"소솨소솨",R,6,50,100,3.393,-0.245,0.189,1.483,0.681,1.485,-36.491,26.226,1,0,380.337,0,0,0,0,0,4,4,L,"Kr_Luna",190,94.714,0.501,0,55,0,0,0,0,0,0,0,0,0,0,0,0,0,0,0,0,-0.27,-37.769,0,"NABIMan",0.034,-17.628,0,"Amellaid",-24.525,-50.659,0,"-라후이-",-0.942,-59.39,0,"「론구」",20.807,-50.195,0,"Pugeuk",12.218,-62.939,0,"TaeGeuk_",36.916,-96.303,0,"AI",0,-109.84,0,"ByeolBam",-45.465,-98.829,0,0,0,0,0,0,"",0,0,0,0,4205.99,4222.337,,,0,0
147,7,1,15,5,3,1,0,0,1,0,255,2,255,87,4237.896,"소솨소솨",R,0,72,125,3.078,-0.106,0.08,1.587,0.177,1.822,-36.617,24.469,2,0,-2.186,0,0,0,0,0,4,4,L,"Kr_Luna",190,94.714,0.501,3,55,4238.769,240,125,156,94,49,145,124,-14.142,25.919,0.22,0,0.167,186.785,455.329,-19.005,-0.265,-36.909,0,"NABIMan",-0.014,-17.728,0,"Amellaid",-24.311,-49.892,0,"-라후이-",-6.127,-62.02,0,"「론구」",20.755,-50.161,0,"Pugeuk",12.144,-63.106,87,"TaeGeuk_",39.691,-102.408,0,"AI",0,-109.84,0,"ByeolBam",-46.378,-98.656,112,4223.624,-1.066,-23.883,0,0,"",0,0,1,0,,,4243.951,,152,2
148,7,1,15,5,0,0,0,1,0,1,4,255,2,88,4265.768,"소솨소솨",R,3,78,118,0.261,-0.224,0.215,1.477,0.805,1.466,-36.572,16.141,2,0,-422.657,0,0,0,0,0,5,8,R,"인생최패망자",190,80,0.298,3,55,4266.899,253,174,94,134,91,145,115,27.234,-23.962,0.81,0,0.309,223.72,-160.78,156.288,0.038,-37.664,0,"NABIMan",0.087,-17.813,0,"Amellaid",-19.931,-39.836,0,"-라후이-",-11.766,-61.12,0,"「론구」",19.99,-48.754,0,"Pugeuk",9.437,-60.275,0,"TaeGeuk_",38.721,-103.939,87,"AI",0,-109.84,0,"ByeolBam",-46.498,-93.207,0,4256.779,44.44,-112.772,0,0,"",0,0,0,0,,,4275.397,,81,1
149,7,1,15,5,0,0,1,1,0,1,4,255,2,89,4293.463,"소솨소솨",R,28,80,131,-0.936,-0.725,-0.063,1.362,-0.488,1.092,-36.488,14.129,2,0,56.565,-74.259,0,0,0,0,6,0,R,"HANA_ARASHI",190,85.679,0.252,3,55,4294.472,141,79,110,136,69,145,119,90.637,-88.995,0.77,0,0.329,128.422,494.353,-302.67,0.053,-37.585,0,"NABIMan",-0.047,-18.233,0,"Amellaid",-22.9,-43.916,0,"-라후이-",-12.845,-60.278,0,"「론구」",19.328,-40.358,0,"Pugeuk",9.373,-62.519,0,"TaeGeuk_",38.413,-100.941,0,"AI",0,-109.84,0,"ByeolBam",-43.508,-91.618,0,0,0,0,0,0,"",0,0,0,0,,,4297.657,,16,3
150,7,1,15,5,0,1,1,1,0,1,4,255,2,90,4308.957,"소솨소솨",R,34,81,133,0.429,-0.164,0.16,1.574,0.549,1.78,-36.358,12.269,2,0,59.335,-51.866,0,0,0,1,6,0,R,"HANA_ARASHI",190,85.679,0.252,3,55,4309.954,163,92,137,127,0,145,91,61.471,-49.056,-0.79,0,0.388,455.168,-373.908,103.057,0.046,-37.5,0,"NABIMan",0.138,-17.838,0,"Amellaid",-21.665,-46.209,0,"-라후이-",-11.111,-60.064,0,"「론구」",20.701,-46.421,0,"Pugeuk",9.302,-62.59,0,"TaeGeuk_",37.364,-106.068,0,"AI",0,-109.84,0,"ByeolBam",-44.123,-93.568,0,4300.679,50.603,-53.419,0,0,"",0,0,0,0,,4313.313,4312.114,,16,3
151,7,1,15,5,0,2,1,1,0,1,4,255,2,91,4330.621,"소솨소솨",R,3,83,125,-2.74,-0.659,-0.008,1.501,-0.629,1.192,-36.62,8.737,2,0,-368.904,0,0,0,0,1,6,0,R,"HANA_ARASHI",190,85.679,0.252,3,47,4331.676,191,95,106,116,43,145,111,-4.767,36.648,0.92,0,0.37,-112.993,-65.126,-71.034,0.086,-37.49,0,"NABIMan",-0.63,-17.492,0,"Amellaid",-20.438,-43.464,88,"-라후이-",-11.153,-60.864,0,"「론구」",20.834,-46.617,0,"Pugeuk",10.11,-63.195,103,"TaeGeuk_",42.204,-101.174,0,"AI",0,-109.84,0,"ByeolBam",-44.321,-93.246,0,4316.791,-5.171,-26.117,0,0,"",0,0,0,0,,4335.33,,4336.862,26,2
152,7,1,16,5,0,0,2,0,1,0,255,4,255,92,4379.018,"소솨소솨",R,34,82,134,0.226,0.288,0.036,1.553,-0.027,1.718,-36.41,12.052,2,0,89.264,-53.09,0,0,0,1,0,3,R,"_송글_",172.2,92,0.315,3,55,4380.038,255,66,171,59,54,145,91,-62.872,64.43,-0.46,0,0.323,-371.456,291.374,-172.139,-0.114,-37.577,0,"NABIMan",0.234,-17.925,0,"Amellaid",-22.667,-48.08,0,"-라후이-",-13.107,-58.59,0,"「론구」",22.213,-51.047,0,"Pugeuk",8.902,-62.07,0,"TaeGeuk_",39.432,-95.608,0,"AI",0,-109.84,0,"ByeolBam",-44.105,-95.483,0,4364.957,-1.905,-19.209,0,0,"",0,0,0,0,,4385.907,,,16,3
153,7,1,16,5,0,1,2,0,1,0,255,4,255,93,4394.868,"소솨소솨",R,33,82,134,0.001,0.046,-0.002,1.493,-0.205,1.504,-36.492,8.256,0,0,145.287,-130.183,0,0,0,1,0,3,R,"_송글_",172.2,92,0.315,0,28,0,0,0,0,0,0,0,0,0,0,0,0,0,0,0,0,-0.161,-38.005,0,"NABIMan",0.055,-17.741,0,"Amellaid",-23.697,-49.25,0,"-라후이-",-12.323,-61.845,0,"「론구」",21.384,-50.179,0,"Pugeuk",4.465,-63.704,0,"TaeGeuk_",37.785,-96.195,0,"AI",0,-109.84,0,"ByeolBam",-44.742,-93.662,0,0,0,0,0,0,"",0,0,0,0,4381.09,,,,0,0
154,7,1,16,5,0,2,2,0,1,0,255,4,255,94,4406.044,"소솨소솨",R,28,82,135,-0.175,0.067,0.005,1.513,-0.175,1.575,-36.547,7.721,0,0,69.483,-70.351,0,0,0,1,0,3,R,"_송글_",172.2,92,0.315,0,28,0,0,0,0,0,0,0,0,0,0,0,0,0,0,0,0,-0.209,-37.968,0,"NABIMan",-0.044,-17.657,0,"Amellaid",-23.775,-48.975,0,"-라후이-",-10.641,-60.549,0,"「론구」",21.414,-50.182,0,"Pugeuk",6.36,-62.515,0,"TaeGeuk_",35.761,-95.222,0,"AI",0,-109.84,0,"ByeolBam",-45.149,-94.068,0,0,0,0,0,0,"",0,0,0,0,4392.246,4408.976,,,0,0
