id,inn,half,scoreA,scoreB,ball,strk,out,b1,b2,b3,b1Idx,b2Idx,b3Idx,pCnt,pSec,pName,pHand,pType,pPow,spdK,zoneX,zoneY,startX,startY,targetX,targetY,zDist,pitchAngle,call,balk,sH,sV,gyro,plx,plz,bSwing,bIdx,bPos,bZone,bName,bHCm,batLen,batCen,batType,bFps,hSec,rotS,rotL,shS,lgS,prepS,batSpd,ev,ldeg,sdeg,hPos,buntGrip,handDist,angVeloX,angVeloY,angVeloZ,PPosX,PPosY,PThrSpd,CName,CPosX,CPosY,CThrSpd,1BName,1BPosX,1BPosY,1BThrSpd,2BName,2BPosX,2BPosY,2BThrSpd,3BName,3BPosX,3BPosY,3BThrSpd,SSName,SSPosX,SSPosY,SSThrSpd,LFName,LFPosX,LFPosY,LFThrSpd,CFName,CFPosX,CFPosY,CFThrSpd,RFName,RFPosX,RFPosY,RFThrSpd,ltSec,lx,lz,cSec,cPos,cPlr,cx,cz,1BSafe,tag,cpSec,sb2Sec,sb3Sec,sbhSec,ass,result
1,1,1,0,0,0,0,0,0,0,0,255,255,255,0,378.275,"ًً미소",L,0,47,107,-8.872,6.201,-0.369,1.77,-3.85,3.521,-37.599,119.57,4,0,0,0,0,-2.892,-5.914,1,0,3,R,"Pugeuk",160,86.173,0.398,0,88,0,0,0,0,0,0,0,0,0,0,0,0,0,0,0,0,0.535,-37.719,0,"소솨소솨",0.03,-17.106,0,"すーぱーおもちらんど",-23.566,-39.377,0,"아침땅_",-14.932,-64.361,0,"Pring__",22.47,-47.948,0,"Amellaid",15.644,-62.164,0,"AI",40.9,-90.65,0,"ᴄʀᴜɴᴄʜʏᴇsᴛ",0.286,-106.072,0,"AI",-40.8,-90.55,0,0,0,0,0,0,"",0,0,0,0,,,,,0,0
2,1,1,0,0,0,0,0,0,0,0,255,255,255,1,407.845,"ًً미소",L,11,48,103,1.263,-0.156,-0.26,1.551,0.557,1.845,-36.557,24.858,2,0,0,191.663,0,0,0,1,0,3,R,"Pugeuk",160,86.173,0.398,3,88,408.915,113,46,93,44,24,136,88,-63.955,-21.386,-0.06,0,0.482,-597.45,39.966,-16.039,-0.263,-37.785,0,"소솨소솨",-0.143,-17.324,0,"すーぱーおもちらんど",-20.654,-45.723,73,"아침땅_",-14.653,-64,0,"Pring__",22.438,-47.997,99,"Amellaid",12.9,-63.795,0,"AI",40.9,-90.65,0,"ᴄʀᴜɴᴄʜʏᴇsᴛ",0.047,-109.852,0,"Multeinn",-41.164,-85.727,0,408.762,0.308,-20.207,412.24,4,"Pring__",10.645,-46.536,1,0,,,,,11,2
3,1,1,0,0,0,0,0,1,0,0,3,255,255,2,437.775,"ًً미소",L,11,58,111,-0.387,1.352,-0.414,1.789,-0.157,2.638,-36.759,39.813,1,0,0,180.774,0,0,0,0,1,5,L,"눈꽃",180.044,90,0.6,0,88,0,0,0,0,0,0,0,0,0,0,0,0,0,0,0,0,0.134,-37.858,0,"소솨소솨",0.044,-17.065,101,"すーぱーおもちらんど",-20.241,-45.187,0,"아침땅_",-5.249,-61.686,0,"Pring__",20.666,-46.871,0,"Amellaid",14.552,-63.2,0,"AI",40.9,-90.65,0,"ᴄʀᴜɴᴄʜʏᴇsᴛ",4.009,-108.967,0,"Multeinn",-39.737,-73.792,0,0,0,0,0,0,"",0,0,0,0,439.273,440.021,,,0,0
4,1,1,0,0,1,0,0,0,1,0,255,3,255,3,456.385,"ًً미소",L,3,61,108,-1.563,1.036,-0.657,1.762,-1.513,2.236,-37.233,73.953,2,0,405.692,0,0,0,0,0,1,5,L,"눈꽃",180.044,90,0.6,3,88,457.474,221,96,94,89,20,145,86,91.087,81.754,-0.85,0,0.43,-597.45,39.966,-16.039,0.115,-37.297,0,"소솨소솨",0.001,-17.067,0,"すーぱーおもちらんど",-21.191,-47.115,0,"아침땅_",-6.528,-63.927,0,"Pring__",19.967,-43.314,0,"Amellaid",13.381,-63.973,0,"AI",40.9,-90.65,0,"ᴄʀᴜɴᴄʜʏᴇsᴛ",-0.153,-116.315,0,"Multeinn",-43.044,-84.511,0,463.506,15.862,-12.249,0,0,"",0,0,0,0,,465.006,457.999,,40,3
5,1,1,0,0,1,1,0,0,0,1,255,255,3,4,496.667,"ًً미소",L,10,52,102,-0.51,0.441,-0.425,1.745,-0.211,2.49,-36.708,27.755,2,0,0,400,0,0,0,0,1,5,L,"눈꽃",180.044,90,0.6,3,88,497.743,221,112,99,90,28,145,108,28.607,-34.004,0.07,0,0.603,519.439,79.197,-287.597,-0.103,-37.396,88,"소솨소솨",-0.012,-17.012,0,"すーぱーおもちらんど",-20.957,-46.852,0,"아침땅_",-5.227,-64.033,95,"Pring__",21.823,-47.562,74,"Amellaid",16.824,-60.795,0,"AI",40.9,-90.65,0,"ᴄʀᴜɴᴄʜʏᴇsᴛ",-0.773,-115.669,0,"Multeinn",-46.062,-90.283,0,502.329,57.251,-94.991,507.651,3,"아침땅_",6.816,-63.056,0,0,,505.075,509.867,,42,1
6,1,1,0,0,0,0,1,0,0,1,255,255,3,5,559.524,"ًً미소",L,0,77,128,-0.275,0.4,-0.403,1.563,-0.108,1.855,-36.775,42.544,2,0,0,0,0,0,0,1,2,4,L,"encounter v",190,86.172,0.499,3,88,560.585,255,152,146,134,81,145,106,15.967,-2.323,0.91,0,0.629,-245.08,-486.765,-246.173,-0.1,-37.252,0,"소솨소솨",-0.188,-17.263,0,"すーぱーおもちらんど",-20.467,-47.096,0,"아침땅_",-9.554,-65.924,0,"Pring__",19.273,-41.758,85,"Amellaid",19.607,-59.901,0,"AI",40.902,-90.652,0,"ᴄʀᴜɴᴄʜʏᴇsᴛ",1.441,-114.518,112,"Multeinn",-45.146,-88.714,0,563.551,9.368,-93.132,570.062,7,"ᴄʀᴜɴᴄʜʏᴇsᴛ",17.687,-132.699,1,0,,570.96,577.614,567.331,74,2
7,1,1,1,0,0,0,1,0,0,1,255,255,4,6,596.864,"ًً미소",L,0,44,104,-0.201,2.503,-0.351,1.974,-0.078,3.196,-36.966,51.952,2,0,0,0,0,0,0,1,3,1,L,"schmoneymikey",190,90,0.403,3,88,598.11,155,72,127,84,33,145,93,42.094,7.251,-0.68,0,0.419,546.161,208.063,-121.184,-0.314,-37.743,0,"소솨소솨",-0.085,-17.134,119,"すーぱーおもちらんど",-20.6,-47.89,0,"아침땅_",-9.771,-66.213,83,"Pring__",21.179,-46.372,0,"Amellaid",17.091,-61.685,0,"AI",40.903,-90.653,0,"ᴄʀᴜɴᴄʜʏᴇsᴛ",1.504,-117.43,111,"Multeinn",-44.911,-94.039,68,603.829,-12.083,-90.636,605.062,7,"ᴄʀᴜɴᴄʜʏᴇsᴛ",-12.713,-93.507,1,0,609.018,627.801,603.063,621.522,110,2
8,1,1,2,0,0,0,1,0,1,0,255,1,255,7,658.471,"ًً미소",L,0,51,110,0.62,2.553,-0.294,1.932,0.278,3.087,-36.937,46.377,1,0,0,0,0,0,0,0,4,2,R,"hdsteve",174.6,83,0.31,0,88,0,0,0,0,0,0,0,0,0,0,0,0,0,0,0,0,0.068,-38.002,0,"소솨소솨",0.097,-16.944,104,"すーぱーおもちらんど",-20.868,-47.829,0,"아침땅_",-14.553,-64.078,0,"Pring__",20.107,-44.888,0,"Amellaid",13.268,-65.374,0,"AI",40.902,-90.652,0,"ᴄʀᴜɴᴄʜʏᴇsᴛ",0.603,-116.229,0,"Multeinn",-41.778,-95.078,0,0,0,0,0,0,"",0,0,0,0,659.995,661.661,,,0,0
9,1,1,2,0,1,0,1,0,1,0,255,1,255,8,674.604,"ًً미소",L,0,85,139,-0.296,0.203,-0.405,1.522,-0.117,1.726,-36.576,39.857,0,0,0,0,0,0.043,-17.828,1,4,2,R,"hdsteve",174.6,83,0.31,0,58,0,0,0,0,0,0,0,0,0,0,0,0,0,0,0,0,0.122,-37.865,0,"소솨소솨",0.015,-17.045,103,"すーぱーおもちらんど",-20.914,-47.793,0,"아침땅_",-14.533,-64.057,0,"Pring__",20.299,-43.831,0,"Amellaid",12.752,-65.568,0,"AI",40.9,-90.65,0,"ᴄʀᴜɴᴄʜʏᴇsᴛ",0.645,-117.093,0,"Multeinn",-43.656,-95.611,0,0,0,0,0,0,"",0,0,0,0,679.895,678.056,,,0,0
10,1,1,2,0,1,1,1,0,1,0,255,1,255,9,695.723,"ًً미소",L,0,59,116,-1.817,-0.538,-0.547,1.401,-0.775,1.303,-36.766,40.016,1,0,0,0,0,0,0,0,4,2,R,"hdsteve",174.6,83,0.31,0,58,0,0,0,0,0,0,0,0,0,0,0,0,0,0,0,0,0.122,-38.316,0,"소솨소솨",0.846,-18.7,119,"すーぱーおもちらんど",-20.99,-47.741,0,"아침땅_",-14.442,-64.018,85,"Pring__",19.583,-41.95,120,"Amellaid",15.257,-61.58,0,"AI",40.902,-90.652,0,"ᴄʀᴜɴᴄʜʏᴇsᴛ",0.644,-117.113,0,"Multeinn",-46.805,-94.721,0,0,0,0,0,0,"",0,0,0,0,697.251,700.824,,,0,0
11,1,1,2,0,2,1,1,0,1,0,255,1,255,10,723.155,"ًً미소",L,3,58,106,-0.319,-0.59,-0.622,1.475,-0.928,1.285,-37.227,70.829,0,0,375.249,0,0,1.034,-18.202,1,4,2,R,"hdsteve",174.6,83,0.31,0,58,0,0,0,0,0,0,0,0,0,0,0,0,0,0,0,0,0.286,-37.765,0,"소솨소솨",0.848,-18.001,101,"すーぱーおもちらんど",-20.726,-46.451,0,"아침땅_",-13.584,-64.056,0,"Pring__",20.452,-43.631,0,"Amellaid",14.144,-61.006,0,"AI",40.9,-90.65,0,"ᴄʀᴜɴᴄʜʏᴇsᴛ",-0.082,-115.278,0,"Multeinn",-46.929,-95.426,0,0,0,0,0,0,"",0,0,0,0,726.495,,723.73,,0,0
12,1,1,2,0,2,2,1,0,0,1,255,255,1,11,743.697,"ًً미소",L,0,55,113,-2.462,1.438,-0.613,1.725,-1.083,2.443,-36.941,55.375,1,0,15.615,0,0,0,0,0,4,2,R,"hdsteve",174.6,83,0.31,0,58,0,0,0,0,0,0,0,0,0,0,0,0,0,0,0,0,0.142,-37.906,0,"소솨소솨",-0.133,-16.947,119,"すーぱーおもちらんど",-20.796,-48.016,0,"아침땅_",-14.461,-63.919,0,"Pring__",19.512,-44.744,0,"Amellaid",11.217,-63.714,0,"AI",40.902,-90.652,0,"ᴄʀᴜɴᴄʜʏᴇsᴛ",0.558,-116.896,0,"Multeinn",-45.977,-95.253,0,0,0,0,0,0,"",0,0,0,0,745.206,,,,0,0
13,1,1,2,0,3,2,1,0,0,1,255,255,1,12,759.266,"ًً미소",L,0,80,131,2.631,-1.346,-0.133,1.268,1.149,0.833,-36.445,22.17,1,0,0,0,0,0,0,0,4,2,R,"hdsteve",174.6,83,0.31,0,58,0,0,0,0,0,0,0,0,0,0,0,0,0,0,0,0,0.362,-37.648,0,"소솨소솨",0.115,-17.148,109,"すーぱーおもちらんど",-20.78,-47.996,0,"아침땅_",-14.428,-63.889,0,"Pring__",20.093,-45.383,0,"Amellaid",12.174,-65.476,0,"AI",40.902,-90.652,0,"ᴄʀᴜɴᴄʜʏᴇsᴛ",0.91,-116.779,0,"Multeinn",-44.411,-90.425,0,0,0,0,0,0,"",0,0,0,0,760.695,,762.427,,0,5
14,1,1,2,0,0,0,1,1,0,1,2,255,1,13,781.76,"ًً미소",L,10,50,100,0.424,-0.245,-0.338,1.602,0.194,1.982,-36.549,28.606,2,0,0,400,0,0,0,1,5,0,R,"甲斐野柊太",190,80,0.2,2,29,783.088,255,58,134,124,51,145,89,-33.542,-34.769,-0.86,0.044,0.103,-107.199,-582.155,-98.001,-0.358,-37.675,89,"소솨소솨",-0.05,-17.112,119,"すーぱーおもちらんど",-19.845,-46.177,72,"아침땅_",-9.895,-63.227,0,"Pring__",15.861,-38.733,95,"Amellaid",11.958,-64.885,0,"AI",40.903,-90.653,0,"ᴄʀᴜɴᴄʜʏᴇsᴛ",0.728,-113.854,0,"Multeinn",-46.385,-90.03,0,782.917,0.895,-20.813,784.617,4,"Pring__",14.939,-40.851,1,8,786.94,787.802,,,47,2
15,1,1,2,0,0,0,2,1,1,0,0,2,255,14,848.728,"ًً미소",L,0,63,119,-3.859,2.871,-0.665,1.943,-1.661,3.211,-37.12,69.416,1,0,0,0,0,0,0,0,6,7,L,"SOM_candy",169.9,96.924,0.504,0,46,0,0,0,0,0,0,0,0,0,0,0,0,0,0,0,0,-0.017,-37.381,0,"소솨소솨",-1.51,-16.753,0,"すーぱーおもちらんど",-20.433,-43.913,0,"아침땅_",-8.664,-66.06,0,"Pring__",21.37,-45.916,0,"Amellaid",16.492,-62.128,0,"AI",40.902,-90.652,0,"ᴄʀᴜɴᴄʜʏᴇsᴛ",0.71,-115.282,0,"Multeinn",-43.613,-83.926,0,0,0,0,0,0,"",0,0,0,0,849.884,852.065,,,0,0
16,1,1,2,0,1,0,2,1,1,0,0,2,255,15,865.549,"ًً미소",L,0,87,140,1.938,-1.744,-0.197,1.219,0.849,0.632,-36.426,28.229,1,0,0,0,0,0.535,-17.997,0,6,7,L,"SOM_candy",169.9,96.924,0.504,0,46,0,0,0,0,0,0,0,0,0,0,0,0,0,0,0,0,0.138,-37.362,0,"소솨소솨",0.262,-18.14,0,"すーぱーおもちらんど",-20.199,-44.244,0,"아침땅_",-8.09,-66.181,0,"Pring__",21.299,-45.57,104,"Amellaid",16.311,-62.508,0,"AI",40.9,-90.65,0,"ᴄʀᴜɴᴄʜʏᴇsᴛ",0.586,-114.81,0,"Multeinn",-45.99,-87.432,0,0,0,0,0,0,"",0,0,0,0,867.806,877.028,870.445,,0,0
17,1,1,2,0,2,0,2,0,1,1,255,0,2,16,896.924,"ًً미소",L,3,64,110,5.479,-0.336,-0.03,1.44,1.628,1.434,-36.473,13.335,1,0,412.648,0,0,0,0,0,6,7,L,"SOM_candy",169.9,96.924,0.504,0,47,0,0,0,0,0,0,0,0,0,0,0,0,0,0,0,0,0.133,-38.003,0,"소솨소솨",2.046,-18.773,107,"すーぱーおもちらんど",-21.542,-45.281,0,"아침땅_",-6.352,-66.137,0,"Pring__",20.858,-45.288,0,"Amellaid",16.496,-60.536,0,"AI",40.902,-90.652,0,"ᴄʀᴜɴᴄʜʏᴇsᴛ",1.57,-105.605,0,"Multeinn",-40.343,-83.986,0,0,0,0,0,0,"",0,0,0,0,898.106,900.025,899.919,,0,0
18,1,1,2,0,3,0,2,0,1,1,255,0,2,17,915.03,"ًً미소",L,11,42,97,-0.298,0.395,-0.405,1.666,-0.118,2.251,-36.542,28.508,0,0,0,232,0,0,0,0,6,7,L,"SOM_candy",169.9,96.924,0.504,0,47,0,0,0,0,0,0,0,0,0,0,0,0,0,0,0,0,-0.031,-37.742,0,"소솨소솨",0.013,-17.063,119,"すーぱーおもちらんど",-20.046,-45.825,0,"아침땅_",-5.367,-64.919,0,"Pring__",20.2,-46.255,0,"Amellaid",16.567,-59.586,0,"AI",40.902,-90.652,0,"ᴄʀᴜɴᴄʜʏᴇsᴛ",1.68,-115.345,0,"Multeinn",-42.021,-86.936,0,0,0,0,0,0,"",0,0,0,0,916.362,918.537,917.982,,0,0
19,1,1,2,0,3,1,2,0,1,1,255,0,2,18,929.022,"ًً미소",L,0,74,127,-2.144,0.546,-0.577,1.571,-0.917,1.909,-36.642,48.821,1,0,0,0,0,0,0,0,6,7,L,"SOM_candy",169.9,96.924,0.504,0,46,0,0,0,0,0,0,0,0,0,0,0,0,0,0,0,0,0.08,-37.493,0,"소솨소솨",-0.048,-16.991,101,"すーぱーおもちらんど",-20.292,-45.845,0,"아침땅_",-7.009,-65.402,0,"Pring__",20.309,-43.635,0,"Amellaid",17.19,-62.021,0,"AI",40.902,-90.652,0,"ᴄʀᴜɴᴄʜʏᴇsᴛ",1.185,-113.788,0,"Multeinn",-42.269,-87.789,0,0,0,0,0,0,"",0,0,0,0,930.095,937.831,932.101,,0,5
20,1,1,2,0,0,0,2,1,1,1,7,0,2,19,967.016,"ًً미소",L,4,61,113,-3.442,1.148,-0.753,1.691,-1.734,2.301,-36.918,52.961,1,0,159.121,0,0,0,0,0,7,8,R,"ByeolBam",180.4,90,0.5,0,88,0,0,0,0,0,0,0,0,0,0,0,0,0,0,0,0,-0.156,-37.98,91,"소솨소솨",-0.298,-17.928,102,"すーぱーおもちらんど",-21.078,-44.773,0,"아침땅_",-11.194,-64.27,0,"Pring__",20.984,-44.249,120,"Amellaid",11.102,-62.648,88,"AI",40.902,-90.652,0,"ᴄʀᴜɴᴄʜʏᴇsᴛ",1.513,-106.167,0,"Multeinn",-47.482,-92.86,0,0,0,0,0,0,"",0,0,0,0,968.273,970.874,970.666,989.957,0,0
21,1,1,3,0,1,0,2,0,1,1,255,7,0,20,1018.546,"ًً미소",L,0,48,107,-5.008,1.181,-0.59,1.613,-2.217,2.331,-37.206,74.711,1,0,25.707,0,0,0,0,0,7,8,R,"ByeolBam",180.4,90,0.5,0,87,0,0,0,0,0,0,0,0,0,0,0,0,0,0,0,0,0.348,-37.934,0,"소솨소솨",-0.997,-17.146,119,"すーぱーおもちらんど",-20.535,-46.927,0,"아침땅_",-12.251,-64.714,0,"Pring__",22.322,-45.982,0,"Amellaid",13.068,-63.518,0,"AI",40.902,-90.652,0,"ᴄʀᴜɴᴄʜʏᴇsᴛ",0.272,-114.251,0,"Multeinn",-41.767,-90.75,0,0,0,0,0,0,"",0,0,0,32,1019.862,1021.355,1031.194,1030.455,0,0
22,1,0,3,0,0,0,0,0,0,0,255,255,255,0,1176.969,"甲斐野柊太",R,34,64,105,1.499,-0.038,0.372,1.127,0.497,1.656,-37.276,45.897,1,0,68.297,22.501,0,0,0,0,0,2,R,"すーぱーおもちらんど",190,89.927,0.397,0,92,0,0,0,0,0,0,0,0,0,0,0,0,0,0,0,0,0.034,-37.216,0,"schmoneymikey",0.13,-17.338,0,"hdsteve",-21.74,-48.45,0,"Pugeuk",-15.376,-62.627,0,"encounter v",21.956,-48.605,0,"눈꽃",11.142,-64.602,0,"인생최패망자",43.074,-87.743,0,"SOM_candy",-1.86,-114.4,0,"ByeolBam",-45.995,-96.462,0,0,0,0,0,0,"",0,0,0,0,1178.64,,,,0,0
23,1,0,3,0,1,0,0,0,0,0,255,255,255,1,1192.481,"甲斐野柊太",R,32,68,108,1.13,-0.759,0.215,0.997,0.141,1.313,-37.334,50.528,2,0,167.285,103.135,0,0,0,1,0,2,R,"すーぱーおもちらんど",190,89.927,0.397,2,92,1193.64,102,119,66,109,85,133,122,6.647,-23.352,0.69,0,0.275,36.318,-356.661,-27.741,0.044,-37.151,0,"schmoneymikey",-0.003,-17.316,0,"hdsteve",-21.621,-48.443,84,"Pugeuk",-16.117,-62.126,89,"encounter v",20.849,-47.809,0,"눈꽃",10.063,-65.787,0,"인생최패망자",43.256,-88.049,120,"SOM_candy",-3.302,-110.068,0,"ByeolBam",-46.141,-97.583,0,1195.229,23.78,-69.925,1196.451,6,"인생최패망자",33.038,-86.647,1,0,,,,,305,2
24,1,0,3,0,0,0,0,1,0,0,12,255,255,2,1218.121,"甲斐野柊太",R,32,69,123,-0.509,1.266,0.2,1.235,-0.463,2.36,-37.145,27.604,1,0,155.383,12.389,0,0,0,0,1,5,L,"Amellaid",173.3,86,0.44,0,87,0,0,0,0,0,0,0,0,0,0,0,0,0,0,0,0,-0.122,-37.551,0,"schmoneymikey",0.005,-17.372,119,"hdsteve",-19.919,-44.007,0,"Pugeuk",-11.188,-62.38,0,"encounter v",21.956,-46.966,0,"눈꽃",10.838,-63.728,0,"인생최패망자",47.687,-85.968,0,"SOM_candy",1.403,-117.417,0,"ByeolBam",-42.724,-94.747,0,0,0,0,0,0,"",0,0,0,0,1219.562,,,,0,0
25,1,0,3,0,1,0,0,1,0,0,12,255,255,3,1227.447,"甲斐野柊太",R,33,69,123,-1.367,0.562,0.104,1.079,-0.806,2.031,-37.101,31.963,0,0,122.174,64.54,0,0,0,0,1,5,L,"Amellaid",173.3,86,0.44,0,87,0,0,0,0,0,0,0,0,0,0,0,0,0,0,0,0,0.156,-37.281,0,"schmoneymikey",-0.056,-17.304,0,"hdsteve",-20.121,-45.218,0,"Pugeuk",-11.67,-62.476,0,"encounter v",21.84,-46.945,0,"눈꽃",7.613,-61.989,0,"인생최패망자",47.098,-87.22,0,"SOM_candy",0.226,-111.174,0,"ByeolBam",-43.68,-95.263,0,0,0,0,0,0,"",0,0,0,0,1228.795,,,,0,0
26,1,0,3,0,1,1,0,1,0,0,12,255,255,4,1239.27,"甲斐野柊太",R,3,70,99,-1.14,-0.565,0.355,0.973,0.515,1.33,-37.329,48.687,0,0,-433.219,0,0,-1.341,-18.15,0,1,5,L,"Amellaid",173.3,86,0.44,0,87,0,0,0,0,0,0,0,0,0,0,0,0,0,0,0,0,-0.219,-37.521,0,"schmoneymikey",-0.482,-17.75,0,"hdsteve",-20.21,-42.745,0,"Pugeuk",-11.439,-62.1,0,"encounter v",21.883,-46.967,0,"눈꽃",7.052,-60.696,0,"인생최패망자",45.911,-88.356,0,"SOM_candy",0.226,-110.63,0,"ByeolBam",-44.296,-96.365,0,0,0,0,0,0,"",0,0,0,0,1241.984,,,,0,0
27,1,0,3,0,1,2,0,1,0,0,12,255,255,5,1251.994,"甲斐野柊太",R,36,67,107,4.201,-2.278,0.421,0.921,1.598,0.537,-37.482,61.648,4,0,101.216,121.179,0,0.824,-18.953,1,1,5,L,"Amellaid",173.3,86,0.44,0,87,0,0,0,0,0,0,0,0,0,0,0,0,0,0,0,0,0.261,-36.956,0,"schmoneymikey",1.066,-17.362,112,"hdsteve",-20.351,-44.705,0,"Pugeuk",-9.139,-62.814,0,"encounter v",21.156,-47.1,0,"눈꽃",7.005,-60.455,86,"인생최패망자",45.47,-88.139,0,"SOM_candy",0.072,-110.887,0,"ByeolBam",-43.894,-96.781,0,0,0,0,0,0,"",0,0,0,0,1256.64,1259.489,,,0,0
28,1,0,3,0,0,0,1,0,1,0,255,12,255,6,1302.214,"甲斐野柊太",R,34,66,121,1.136,-0.235,0.097,1.095,0.343,1.567,-37.2,37.96,2,0,95.938,82.738,0,0,0,0,2,7,L,"ᴄʀᴜɴᴄʜʏᴇsᴛ",190,90.286,0.647,3,55,1303.285,122,86,112,73,66,138,121,-9.917,-27.623,0.76,0.238,0.652,-144.434,-549.845,183.903,-0.323,-37.242,0,"schmoneymikey",0.075,-17.393,0,"hdsteve",-22.122,-48.551,0,"Pugeuk",-14.523,-62.681,0,"encounter v",21.056,-47.38,64,"눈꽃",14.222,-63.437,0,"인생최패망자",45.798,-88.101,0,"SOM_candy",-1.665,-110.294,0,"ByeolBam",-46.507,-97.883,0,1303.273,2.708,-24.586,1306.506,6,"인생최패망자",31.863,-87.568,1,0,,,1308.241,,292,2
29,1,0,3,0,0,0,1,1,0,1,17,255,12,7,1331.867,"甲斐野柊太",R,3,69,98,-3.526,0.672,0.226,1.186,-0.651,1.961,-37.129,29.276,1,0,-438.121,-90.356,0,-2.608,-7.226,0,3,4,L,"Pring__",190,94.612,0.484,0,88,0,0,0,0,0,0,0,0,0,0,0,0,0,0,0,0,-0.104,-37.156,0,"schmoneymikey",-0.952,-16.767,104,"hdsteve",-20.34,-44.095,0,"Pugeuk",-14.229,-63.27,0,"encounter v",18.495,-40.254,0,"눈꽃",14.497,-64.287,0,"인생최패망자",49.003,-94.911,0,"SOM_candy",12.556,-124.754,0,"ByeolBam",-43.327,-104.745,0,0,0,0,0,0,"",0,0,0,0,1336.84,1338.953,1334.176,,0,0
30,1,0,3,0,1,0,1,0,1,1,255,17,12,8,1357.477,"甲斐野柊太",R,2,68,97,-1.913,0.626,0.146,1.145,0.014,1.649,-37.301,34.305,2,0,-353.153,-299.355,0,0,0,1,3,4,L,"Pring__",190,94.612,0.484,3,81,1358.641,178,84,59,96,65,137,85,113.521,-4.845,-0.83,0,0.515,582.904,118.037,-71.35,-0.151,-37.22,0,"schmoneymikey",-0.001,-16.919,0,"hdsteve",-20.555,-48.509,0,"Pugeuk",-14.146,-63.498,0,"encounter v",17.504,-42.573,0,"눈꽃",14.136,-63.597,0,"인생최패망자",52.503,-97.381,0,"SOM_candy",14.267,-124.139,0,"ByeolBam",-43.014,-107.151,0,0,0,0,0,0,"",0,0,0,0,,,1361.31,,32,3
31,1,0,3,0,1,1,1,0,1,1,255,17,12,9,1373.505,"甲斐野柊太",R,33,74,127,1.547,-0.296,0.219,1.149,0.453,1.493,-37.156,35.8,4,0,131.133,47.112,0,0,0,1,3,4,L,"Pring__",190,94.612,0.484,0,81,0,0,0,0,0,0,0,0,0,0,0,0,0,0,0,0,0.176,-37.35,0,"schmoneymikey",0.265,-17.301,0,"hdsteve",-20.657,-47.328,0,"Pugeuk",-15.898,-60.995,0,"encounter v",18.921,-41.095,0,"눈꽃",12.122,-62.395,0,"인생최패망자",50.855,-96.207,0,"SOM_candy",15.883,-119.275,0,"ByeolBam",-40.108,-106.23,0,0,0,0,0,0,"",0,0,0,0,1374.928,1376.479,1375.879,,0,0
32,1,0,3,0,1,2,1,0,1,1,255,17,12,10,1388.822,"甲斐野柊太",R,33,78,129,3.51,0.201,0.276,1.082,1.285,1.919,-37.114,33.312,1,0,146.507,143.406,0,0,0,0,3,4,L,"Pring__",190,94.612,0.484,0,81,0,0,0,0,0,0,0,0,0,0,0,0,0,0,0,0,0.051,-36.069,0,"schmoneymikey",0.522,-17.257,0,"hdsteve",-20.446,-45.525,0,"Pugeuk",-16.097,-61.502,0,"encounter v",18.088,-43.182,0,"눈꽃",13.139,-62.345,0,"인생최패망자",50.873,-96.255,0,"SOM_candy",18.825,-121.125,0,"ByeolBam",-40.095,-106.239,0,0,0,0,0,0,"",0,0,0,0,1390.651,1392.069,,,0,0
33,1,0,3,0,2,2,1,0,1,1,255,17,12,11,1404.212,"甲斐野柊太",R,33,67,122,-0.944,0.72,0.035,1.156,-0.624,2.116,-37.077,28.155,2,0,123.582,29.487,0,0,0,1,3,4,L,"Pring__",190,94.612,0.484,3,81,1405.209,140,83,114,83,54,144,130,-30,-42.029,0.42,0,0.252,-276.047,-467.101,253.803,-0.135,-37.296,0,"schmoneymikey",-0.036,-17.139,0,"hdsteve",-21.055,-46.687,91,"Pugeuk",-16.18,-61.496,0,"encounter v",17.401,-43.329,85,"눈꽃",14.52,-64.056,0,"인생최패망자",50.714,-96.132,0,"SOM_candy",18.147,-122.476,0,"ByeolBam",-42.327,-106.886,0,1405.084,1.687,-21.447,1412.151,6,"인생최패망자",61.725,-96.444,1,0,,1415.592,1411.238,1409.973,308,2
34,1,0,3,2,0,0,1,0,1,0,255,14,255,12,1451.845,"甲斐野柊太",R,3,63,94,-1.012,0.503,0.331,1.118,0.443,1.965,-37.135,34.036,2,0,-427.273,0,0,0,0,1,4,1,R,"소솨소솨",190,80,0.405,3,88,1452.89,255,255,181,150,104,145,87,26.102,65.106,1,0,0.614,95.377,-501.216,-313.825,0.022,-37.163,0,"schmoneymikey",-0.018,-17.071,0,"hdsteve",-21.621,-47.966,0,"Pugeuk",-13.908,-62.53,0,"encounter v",20.013,-45.203,0,"눈꽃",13.436,-64.059,0,"인생최패망자",51.321,-93.5,0,"SOM_candy",-13.494,-110.961,0,"ByeolBam",-44.666,-104.063,0,1455.706,-41.292,-43.801,0,0,"",0,0,0,0,,1456.752,,,32,3
35,1,0,3,2,0,1,1,0,1,0,255,14,255,13,1471.2,"甲斐野柊太",R,15,65,98,2.705,-0.299,0.378,0.912,1.185,0.934,-37.431,65.027,2,0,-7.753,-400,0,0,0,1,4,1,R,"소솨소솨",190,80,0.405,3,88,1472.321,231,255,161,113,82,145,101,27.015,16.474,-0.3,0,0.658,199.508,-555.7,100.968,-0.144,-37.083,120,"schmoneymikey",-0.014,-17.211,0,"hdsteve",-22.763,-49.643,0,"Pugeuk",-16.438,-62.547,0,"encounter v",20.917,-46.693,0,"눈꽃",12.325,-64.905,0,"인생최패망자",48.457,-93.109,0,"SOM_candy",-10.371,-114.827,89,"ByeolBam",-49.523,-102.307,0,1476.995,-14.013,-105.1,1477.162,7,"SOM_candy",-13.866,-101.668,0,0,,,1477.447,,226,1
36,2,1,3,2,0,0,0,0,0,0,255,255,255,21,1517.58,"ًً미소",L,0,69,123,-1.607,0.955,-0.527,1.653,-0.685,2.174,-36.784,62.8,1,0,0,0,0,0,0,0,7,8,R,"ByeolBam",180.4,90,0.5,0,88,0,0,0,0,0,0,0,0,0,0,0,0,0,0,0,0,0.218,-37.66,0,"소솨소솨",-0.137,-17.067,0,"すーぱーおもちらんど",-20.968,-46.414,0,"아침땅_",-14.519,-63.825,0,"Pring__",22.764,-47.897,0,"Amellaid",13.706,-64.771,0,"AI",40.9,-90.65,0,"ᴄʀᴜɴᴄʜʏᴇsᴛ",0.495,-110.084,0,"Multeinn",-40.974,-96.898,0,0,0,0,0,0,"",0,0,0,0,1518.951,,,,0,0
37,2,1,3,2,1,0,0,0,0,0,255,255,255,22,1530.588,"ًً미소",L,3,63,111,-0.576,-0.542,-0.564,1.396,-0.856,1.297,-36.729,38.21,2,0,338.387,0,0,0,0,1,7,8,R,"ByeolBam",180.4,90,0.5,3,88,1531.609,218,153,158,89,55,145,114,0.164,-21.269,0.07,0,0.072,-331.256,43.423,-117.409,-0.02,-37.497,0,"소솨소솨",-0.353,-17.069,0,"すーぱーおもちらんど",-20.003,-46.851,79,"아침땅_",-14.605,-63.847,0,"Pring__",22.678,-48.044,0,"Amellaid",12.26,-65.793,106,"AI",40.9,-90.65,0,"ᴄʀᴜɴᴄʜʏᴇsᴛ",0.494,-110.042,0,"Multeinn",-42.31,-95.179,0,1531.962,5.247,-34.487,1533.417,5,"Amellaid",15.357,-61.006,0,0,,,,,131,2
38,2,1,3,2,0,0,1,0,0,0,255,255,255,23,1557.835,"ًً미소",L,0,79,130,-0.206,-0.107,-0.397,1.468,-0.078,1.547,-36.711,44.745,0,0,0,0,0,0,0,0,8,6,R,"인생최패망자",190,80,0.404,0,87,0,0,0,0,0,0,0,0,0,0,0,0,0,0,0,0,0.209,-37.789,0,"소솨소솨",0.083,-17.09,106,"すーぱーおもちらんど",-19.831,-45.109,0,"아침땅_",-14.496,-63.984,0,"Pring__",21.819,-47.342,0,"Amellaid",12.989,-65.089,0,"AI",40.9,-90.65,0,"ᴄʀᴜɴᴄʜʏᴇsᴛ",0.421,-112.877,0,"Multeinn",-46.685,-95.211,0,0,0,0,0,0,"",0,0,0,0,1559.151,,,,0,0
39,2,1,3,2,0,1,1,0,0,0,255,255,255,24,1572.842,"ًً미소",L,10,58,106,0.15,-0.658,-0.364,1.532,0.075,1.754,-36.526,35.545,0,0,0,400,0,0,0,0,8,6,R,"인생최패망자",190,80,0.404,0,87,0,0,0,0,0,0,0,0,0,0,0,0,0,0,0,0,0.066,-38.114,0,"소솨소솨",-0.027,-17.108,102,"すーぱーおもちらんど",-19.454,-45.864,0,"아침땅_",-14.533,-64.079,0,"Pring__",21.726,-47.525,0,"Amellaid",13.002,-65.17,0,"AI",40.9,-90.65,0,"ᴄʀᴜɴᴄʜʏᴇsᴛ",0.513,-112.165,0,"Multeinn",-45.801,-94.081,0,0,0,0,0,0,"",0,0,0,0,1574.273,,,,0,0
40,2,1,3,2,0,2,1,0,0,0,255,255,255,25,1589.568,"ًً미소",L,10,46,97,0.981,0.045,-0.287,1.697,0.434,2.288,-36.644,33.609,2,0,0,400,0,0,0,0,8,6,R,"인생최패망자",190,80,0.404,3,87,1590.912,174,81,141,63,24,145,92,-5.563,-10.113,-0.75,0,0.401,-98.058,-353.982,100.276,0.016,-38.053,0,"소솨소솨",-0.127,-17.194,0,"すーぱーおもちらんど",-19.982,-46.467,0,"아침땅_",-14.494,-63.949,0,"Pring__",21.749,-47.556,0,"Amellaid",13.009,-65.217,0,"AI",40.9,-90.65,0,"ᴄʀᴜɴᴄʜʏᴇsᴛ",0.517,-112.198,89,"Multeinn",-44.878,-92.89,0,1590.984,1.463,-26.123,1595.529,7,"ᴄʀᴜɴᴄʜʏᴇsᴛ",10.418,-91.206,1,0,,,,,132,2
41,2,1,3,2,0,0,1,1,0,0,6,255,255,26,1620.414,"ًً미소",L,13,64,110,-0.18,-0.362,-0.457,1.59,-0.358,1.996,-36.753,28.38,2,0,155.064,370.957,0,0,0,1,0,3,R,"Pugeuk",160,86.173,0.398,3,87,1621.43,49,34,5,17,17,7,36,18.549,8.353,0.36,0,0.611,-261.666,-141.368,-11.648,-0.119,-37.936,120,"소솨소솨",-0.146,-17.149,0,"すーぱーおもちらんど",-19.867,-45.673,103,"아침땅_",-10.706,-63.179,83,"Pring__",20.454,-46.062,0,"Amellaid",14.092,-62.911,0,"AI",40.9,-90.65,0,"ᴄʀᴜɴᴄʜʏᴇsᴛ",0.403,-111.256,0,"Multeinn",-44.343,-87.016,0,1622.773,-1.804,-34.125,1623.117,0,"ًً미소",-1.722,-33.445,0,0,,1625.157,,,161,2
42,2,1,3,2,0,0,2,0,1,0,255,6,255,27,1707.468,"ًً미소",L,5,50,106,-2.871,-0.322,-0.711,1.474,-1.471,1.435,-37.248,78.279,1,0,111.584,0,0,0,0,0,1,5,L,"눈꽃",180.044,90,0.6,0,87,0,0,0,0,0,0,0,0,0,0,0,0,0,0,0,0,-0.086,-37.826,90,"소솨소솨",-0.084,-17.189,105,"すーぱーおもちらんど",-20.494,-46.93,0,"아침땅_",-6.569,-65.769,0,"Pring__",21.391,-44.849,89,"Amellaid",15.977,-61.948,0,"AI",40.9,-90.65,0,"ᴄʀᴜɴᴄʜʏᴇsᴛ",0.058,-107.936,0,"Multeinn",-44.447,-91.824,0,0,0,0,0,0,"",0,0,0,0,1708.773,1710.67,1724.086,,0,0
43,2,1,3,2,1,0,2,0,0,1,255,255,6,28,1754.351,"ًً미소",L,3,65,110,4.566,-0.538,-0.131,1.4,1.159,1.307,-36.656,15.881,1,0,457.971,0,0,1.778,-13.133,0,1,5,L,"눈꽃",180.044,90,0.6,0,87,0,0,0,0,0,0,0,0,0,0,0,0,0,0,0,0,0.08,-38.195,0,"소솨소솨",0.609,-16.812,90,"すーぱーおもちらんど",-20.32,-46.936,0,"아침땅_",-8.494,-65.699,0,"Pring__",20.409,-45.628,0,"Amellaid",17.354,-60.93,0,"Kr_Luna",45.119,-93.259,0,"ᴄʀᴜɴᴄʜʏᴇsᴛ",1.186,-108.27,0,"Multeinn",-46.359,-95.581,0,0,0,0,0,0,"",0,0,0,0,1758.84,,1757.468,,0,0
44,2,1,4,2,2,0,2,0,0,0,255,255,255,29,1800.038,"ًً미소",L,0,40,101,0.77,2.409,-0.306,1.913,0.344,3.06,-36.861,48.769,1,0,0,0,0,0,0,0,1,5,L,"눈꽃",180.044,90,0.6,0,87,0,0,0,0,0,0,0,0,0,0,0,0,0,0,0,0,0.3,-38.254,0,"소솨소솨",0.167,-16.523,119,"すーぱーおもちらんど",-20.457,-47.343,0,"아침땅_",-9.827,-66.065,0,"Pring__",22.991,-48.65,0,"Amellaid",15.575,-62.718,0,"Kr_Luna",47.639,-97.208,0,"ᴄʀᴜɴᴄʜʏᴇsᴛ",0.941,-110.126,0,"Multeinn",-42.946,-92.039,0,0,0,0,0,0,"",0,0,0,0,1801.74,,,,0,0
45,2,1,4,2,3,0,2,0,0,0,255,255,255,30,1815.628,"ًً미소",L,4,60,112,-2.043,-0.106,-0.559,1.48,-1.273,1.558,-36.89,51.204,1,0,213.194,0,0,0,0,0,1,5,L,"눈꽃",180.044,90,0.6,0,87,0,0,0,0,0,0,0,0,0,0,0,0,0,0,0,0,0.456,-38.093,0,"소솨소솨",-0.128,-17.111,109,"すーぱーおもちらんど",-20.194,-47.725,0,"아침땅_",-7.92,-65.849,0,"Pring__",22.861,-48.582,0,"Amellaid",14.847,-62.119,0,"Kr_Luna",49.561,-101.495,0,"ᴄʀᴜɴᴄʜʏᴇsᴛ",0.97,-110.153,0,"Multeinn",-42.977,-92.016,0,0,0,0,0,0,"",0,0,0,0,1816.828,,,,0,5
46,2,1,4,2,0,0,2,1,0,0,5,255,255,31,1838.395,"ًً미소",L,3,64,114,0.338,0.47,-0.446,1.582,-0.309,1.916,-36.807,37.702,2,0,257.939,0,0,0,0,1,2,4,L,"encounter v",190,86.172,0.499,3,87,1839.434,255,133,129,125,60,145,130,106.293,62.316,0.49,0,0.676,335.64,489.506,-73.047,0.232,-37.774,0,"소솨소솨",-0.024,-16.902,0,"すーぱーおもちらんど",-19.74,-46.441,0,"아침땅_",-8.485,-66.264,0,"Pring__",21.918,-47.799,0,"Amellaid",15.324,-63.252,0,"Kr_Luna",49.58,-101.505,0,"ᴄʀᴜɴᴄʜʏᴇsᴛ",0.952,-110.191,0,"Multeinn",-43.648,-90.403,0,0,0,0,0,0,"",0,0,0,0,,,,,128,3
47,2,1,4,2,0,1,2,1,0,0,5,255,255,32,1854.391,"ًً미소",L,3,58,105,-2.09,0.236,-0.669,1.484,-1.786,1.783,-37.146,67.759,1,0,418.191,0,0,0,0,0,2,4,L,"encounter v",190,86.172,0.499,0,87,0,0,0,0,0,0,0,0,0,0,0,0,0,0,0,0,0.521,-37.905,0,"소솨소솨",-0.147,-16.894,0,"すーぱーおもちらんど",-20.399,-42.504,0,"아침땅_",-7.444,-66.087,0,"Pring__",22.304,-45.569,0,"Amellaid",15.149,-62.393,0,"Kr_Luna",53.595,-100.831,0,"ᴄʀᴜɴᴄʜʏᴇsᴛ",0.802,-113.59,0,"Multeinn",-42.655,-88.88,0,0,0,0,0,0,"",0,0,0,0,1855.729,,,,0,0
48,2,1,4,2,1,1,2,1,0,0,5,255,255,33,1868.246,"ًً미소",L,1,33,96,-2.915,1.022,-0.262,1.933,-0.033,2.732,-37.077,58.393,2,0,0,0,0,0,0,0,2,4,L,"encounter v",190,86.172,0.499,3,87,1869.351,137,107,124,73,56,143,90,64.409,-20.502,-0.75,0,0.259,-1.5,-551.142,232.047,-0.02,-37.894,0,"소솨소솨",-0.015,-16.898,115,"すーぱーおもちらんど",-18.928,-45.804,0,"아침땅_",-8.295,-66.546,0,"Pring__",22.169,-47.797,0,"Amellaid",15.383,-62.221,0,"Kr_Luna",53.703,-100.713,0,"ᴄʀᴜɴᴄʜʏᴇsᴛ",0.705,-113.801,0,"Multeinn",-46.222,-90.553,0,0,0,0,1875.473,4,"Pring__",19.071,-58.872,0,0,1889.095,1873.295,,,43,1
49,2,0,4,2,0,0,0,0,0,0,255,255,255,14,1909.486,"甲斐野柊太",R,33,78,129,-0.546,0.575,0.179,1.08,-0.407,1.994,-37.137,38.324,0,0,115.037,58.257,0,0,0,0,5,3,R,"아침땅_",160,95.405,0.5,0,87,0,0,0,0,0,0,0,0,0,0,0,0,0,0,0,0,-0.281,-36.956,0,"schmoneymikey",-0.005,-17.095,119,"hdsteve",-21.893,-48.569,0,"Pugeuk",-14.314,-58.728,0,"encounter v",17.913,-44.035,0,"눈꽃",14.887,-64.137,0,"인생최패망자",40.185,-86.524,0,"SOM_candy",-2.518,-106.293,0,"ByeolBam",-43.475,-96.062,0,0,0,0,0,0,"",0,0,0,0,1910.917,,,,0,0
50,2,0,4,2,0,1,0,0,0,0,255,255,255,15,1921.255,"甲斐野柊太",R,3,87,114,2.012,-0.902,0.475,1.063,1.652,1.147,-37.352,58.663,1,0,-404.914,0,0,0,0,0,5,3,R,"아침땅_",160,95.405,0.5,0,87,0,0,0,0,0,0,0,0,0,0,0,0,0,0,0,0,-0.283,-37.359,0,"schmoneymikey",0.184,-17.245,116,"hdsteve",-21.746,-48.412,0,"Pugeuk",-13.758,-58.463,0,"encounter v",17.879,-44.006,0,"눈꽃",13.841,-64.133,0,"인생최패망자",40.198,-86.537,0,"SOM_candy",-0.378,-101.361,0,"ByeolBam",-43.468,-95.65,0,0,0,0,0,0,"",0,0,0,0,1922.74,,,,0,0
51,2,0,4,2,1,1,0,0,0,0,255,255,255,16,1933.223,"甲斐野柊太",R,3,71,100,-1.672,0.012,0.097,0.999,0.301,1.652,-37.256,46.571,2,0,-454.532,-3.815,0,0,0,1,5,3,R,"아침땅_",160,95.405,0.5,2,87,1934.43,119,87,115,110,75,138,77,108.865,-75.92,0.98,0.048,0.357,295.387,-69.416,57.588,-0.262,-37.09,0,"schmoneymikey",0.005,-17.194,0,"hdsteve",-21.711,-48.371,0,"Pugeuk",-13.641,-58.423,0,"encounter v",17.742,-43.948,0,"눈꽃",13.974,-63.801,0,"인생최패망자",40.195,-86.531,0,"SOM_candy",-0.141,-101.368,0,"ByeolBam",-43.296,-95.748,0,1938.828,-57.691,-5.526,0,0,"",0,0,0,0,,,,,32,3
52,2,0,4,2,1,2,0,0,0,0,255,255,255,17,1951.126,"甲斐野柊太",R,33,85,139,3.701,-1.614,0.272,1.026,1.264,0.984,-37.234,47.499,3,0,144.863,93.138,0,0.435,-19.991,0,5,3,R,"아침땅_",160,95.405,0.5,0,87,0,0,0,0,0,0,0,0,0,0,0,0,0,0,0,0,-0.146,-37.113,0,"schmoneymikey",0.368,-17.33,0,"hdsteve",-21.821,-47.917,0,"Pugeuk",-15.759,-60.361,0,"encounter v",18.679,-44.289,0,"눈꽃",15.269,-63.653,0,"인생최패망자",41.333,-86.364,0,"SOM_candy",-0.516,-100.655,0,"ByeolBam",-43.035,-96.141,0,0,0,0,0,0,"",0,0,0,0,,,,,0,6
53,2,0,4,2,3,2,0,0,0,0,255,255,255,18,1970.816,"甲斐野柊太",R,47,50,94,1.935,-0.584,0.252,0.967,0.663,1.452,-37.233,42.766,1,0,69.924,51.209,0,0,0,0,5,3,R,"아침땅_",160,95.405,0.5,0,87,0,0,0,0,0,0,0,0,0,0,0,0,0,0,0,0,-0.226,-37.091,0,"schmoneymikey",0.083,-17.324,0,"hdsteve",-21.736,-47.704,0,"Pugeuk",-15.488,-58.48,0,"encounter v",18.314,-44.709,0,"눈꽃",15.229,-63.581,0,"인생최패망자",40.88,-85.882,0,"SOM_candy",-0.069,-96.736,0,"ByeolBam",-42.727,-96.844,0,0,0,0,0,0,"",0,0,0,0,1972.44,,,,0,5
54,2,0,4,2,0,0,0,1,0,0,13,255,255,19,1991.979,"甲斐野柊太",R,47,57,100,1.117,-0.046,0.242,1.015,0.363,1.666,-37.091,40.214,0,0,59.674,24.831,0,0,0,0,6,8,R,"Multeinn",160,89.555,0.501,0,87,0,0,0,0,0,0,0,0,0,0,0,0,0,0,0,0,0.059,-37.238,0,"schmoneymikey",0.104,-17.293,0,"hdsteve",-20.389,-44.302,0,"Pugeuk",-13.62,-56.556,0,"encounter v",18.25,-45.243,0,"눈꽃",5.306,-60.56,0,"인생최패망자",41.218,-85.975,0,"SOM_candy",-0.907,-96.797,0,"ByeolBam",-43.168,-98.285,0,0,0,0,0,0,"",0,0,0,0,1993.317,,,,0,0
55,2,0,4,2,0,1,0,1,0,0,13,255,255,20,2004.28,"甲斐野柊太",R,34,63,119,2.709,-2.388,0.271,0.997,0.893,0.619,-37.157,47.244,3,0,97.056,90.39,0,-0.283,-20.662,0,6,8,R,"Multeinn",160,89.555,0.501,0,87,0,0,0,0,0,0,0,0,0,0,0,0,0,0,0,0,0.106,-37.231,0,"schmoneymikey",0.339,-17.469,0,"hdsteve",-18.174,-44.506,0,"Pugeuk",-14.313,-55.885,0,"encounter v",17.935,-45.231,0,"눈꽃",3.689,-60.731,0,"인생최패망자",41.265,-86.412,0,"SOM_candy",-1.836,-97.473,0,"ByeolBam",-43.298,-98.141,0,0,0,0,0,0,"",0,0,0,0,,2044.626,,,0,6
56,2,0,4,2,2,1,0,0,1,0,255,13,255,21,2065.284,"甲斐野柊太",R,38,41,88,1.138,0.568,0.273,1.236,0.365,1.948,-37.212,41.884,2,0,47.602,7.145,0,0,0,0,6,8,R,"Multeinn",160,89.555,0.501,3,87,2066.306,9,1,10,7,3,1,29,-47.323,-1.659,0.52,1,0.456,265.648,19.158,29.735,0.078,-34.899,0,"schmoneymikey",-0.02,-17.147,0,"hdsteve",-22.392,-47.589,0,"Pugeuk",-14.086,-55.901,0,"encounter v",18.558,-44.671,77,"눈꽃",8.83,-60.295,0,"인생최패망자",39.551,-80.182,0,"SOM_candy",-0.331,-95.47,0,"ByeolBam",-38.715,-93.847,0,2066.306,0.235,-21.381,2068.206,0,"甲斐野柊太",-0.126,-25.829,1,0,,,2070.526,,36,2
57,2,0,4,2,0,0,0,1,0,1,18,255,13,22,2095.686,"甲斐野柊太",R,29,70,123,-4.203,2.048,-0.037,1.393,-1.526,3.185,-37.151,14.598,3,0,-172.244,157.595,0,-1.493,-21.632,0,7,0,L,"ًً미소",190,80,0.4,0,87,0,0,0,0,0,0,0,0,0,0,0,0,0,0,0,0,0.2,-37.541,0,"schmoneymikey",-0.797,-16.965,0,"hdsteve",-19.837,-45.371,0,"Pugeuk",-14.475,-59.581,0,"encounter v",18.556,-43.568,0,"눈꽃",5.043,-62.992,0,"인생최패망자",46.189,-85.773,0,"SOM_candy",0.388,-100.907,0,"ByeolBam",-41.055,-94.589,0,0,0,0,0,0,"",0,0,0,0,2101.051,,2098.242,,0,6
58,2,0,4,2,0,0,0,1,1,1,18,255,13,23,2121.885,"甲斐野柊太",R,3,64,95,-1.949,0.28,0.122,1.12,0.025,1.813,-37.08,35.364,2,0,-421.163,0,0,0,0,1,8,6,L,"Kr_Luna",170.1,92.714,0.501,3,87,2123.117,171,96,107,63,42,145,84,23.941,2.159,-0.77,0,0.064,350.773,-425.848,226.527,-0.245,-37.154,0,"schmoneymikey",0.031,-17.197,0,"hdsteve",-20.694,-46.73,0,"Pugeuk",-14.298,-60.003,0,"encounter v",17.421,-43.074,0,"눈꽃",10.579,-61.908,111,"인생최패망자",49.918,-94.144,0,"SOM_candy",20.046,-116.45,104,"ByeolBam",-41.103,-99.914,0,2127.695,2.745,-91.89,2129.529,7,"SOM_candy",4.434,-105.518,1,0,,2125.806,2125.939,2131.741,99,2
59,2,0,4,3,0,0,0,1,1,1,16,10,18,24,2160.213,"甲斐野柊太",R,32,68,123,-1.762,0.819,-0.088,1.303,-1.099,2.135,-37.125,23.395,2,0,197.524,-1.585,0,0,0,1,0,2,R,"すーぱーおもちらんど",190,89.927,0.397,2,91,2161.381,139,74,132,105,62,143,112,30.882,7.339,0.11,0,0.191,501.462,-325.365,38.399,-0.203,-37.298,0,"schmoneymikey",-0.017,-17.377,119,"hdsteve",-19.255,-43.302,0,"Pugeuk",-14.743,-59.312,0,"encounter v",17.223,-42.786,0,"눈꽃",13.74,-62.971,111,"인생최패망자",45.54,-89.488,0,"SOM_candy",4.343,-106.667,97,"ByeolBam",-40.634,-98.461,0,2166.795,-6.401,-119.723,2166.917,7,"SOM_candy",-6.437,-116.799,0,0,2172.94,2169.076,2163.16,2172.298,106,1
60,2,0,4,4,0,0,1,1,1,0,16,10,255,25,2204.863,"甲斐野柊太",R,33,75,127,-0.254,0.292,0.183,1.222,-0.282,1.872,-37.187,25.21,2,0,102.099,69.108,0,0,0,1,1,5,L,"Amellaid",173.3,86,0.44,3,87,2205.834,253,56,0,0,0,15,40,0.598,-36.341,0.39,0,0.274,-62.427,-423.603,417.456,-0.086,-37.374,0,"schmoneymikey",0.052,-17.233,0,"hdsteve",-20.373,-42.848,0,"Pugeuk",-14.813,-60.585,0,"encounter v",18.9,-44.37,120,"눈꽃",13.297,-63.44,111,"인생최패망자",45.23,-85.731,0,"SOM_candy",2.242,-107.189,0,"ByeolBam",-41.387,-99.654,0,2206.373,5.421,-25.482,2209.262,8,"Multeinn",12.845,-37.146,0,0,,2211.817,2211.519,,150,2
61,3,1,4,4,0,0,0,0,0,0,255,255,255,34,2254.193,"ًً미소",L,0,74,127,-1.665,0.57,-0.533,1.598,-0.709,1.969,-36.807,62.015,2,0,0,0,0,0,0,1,3,1,L,"schmoneymikey",190,90,0.403,3,87,2255.311,255,130,156,110,0,145,89,48.251,17.129,-0.88,0,0.333,458.749,372.442,-88.584,-0.083,-36.517,0,"소솨소솨",-0.062,-17.001,0,"すーぱーおもちらんど",-20.952,-47.533,0,"아침땅_",-9.827,-66.24,95,"Pring__",21.414,-46.965,0,"Amellaid",16.391,-62.434,0,"Kr_Luna",45.882,-94.661,0,"ᴄʀᴜɴᴄʜʏᴇsᴛ",0.159,-108.497,0,"Multeinn",-41.907,-91.355,0,2260.951,-24.04,-77.074,2261.162,3,"아침땅_",-23.315,-75.623,0,0,,,,,160,1
62,3,1,4,4,0,0,1,0,0,0,255,255,255,35,2281.414,"ًً미소",L,4,53,107,-2.281,-0.5,-0.677,1.411,-1.384,1.338,-36.984,62.066,1,0,198.166,0,0,0,0,0,4,2,R,"hdsteve",174.6,83,0.31,0,86,0,0,0,0,0,0,0,0,0,0,0,0,0,0,0,0,0.149,-37.851,0,"소솨소솨",-0.255,-17.238,115,"すーぱーおもちらんど",-20.431,-46.847,0,"아침땅_",-14.479,-63.919,0,"Pring__",22.52,-48.311,0,"Amellaid",11.652,-64.855,0,"Kr_Luna",45.133,-95.679,0,"ᴄʀᴜɴᴄʜʏᴇsᴛ",1.793,-107.928,0,"Multeinn",-43.176,-89.472,0,0,0,0,0,0,"",0,0,0,0,2282.917,,,,0,0
63,3,1,4,4,1,0,1,0,0,0,255,255,255,36,2292.739,"ًً미소",L,3,53,105,-1.923,0.098,-0.637,1.505,-1.411,1.684,-36.959,50.614,4,0,288.027,0,0,0,0,0,4,2,R,"hdsteve",174.6,83,0.31,0,86,0,0,0,0,0,0,0,0,0,0,0,0,0,0,0,0,0.259,-38.004,0,"소솨소솨",-0.073,-17.051,119,"すーぱーおもちらんど",-20.34,-45.783,0,"아침땅_",-14.526,-63.933,0,"Pring__",22.661,-48.084,0,"Amellaid",11.702,-64.91,0,"Kr_Luna",45.131,-95.689,0,"ᴄʀᴜɴᴄʜʏᴇsᴛ",1.813,-107.952,0,"Multeinn",-42.677,-92.746,0,0,0,0,0,0,"",0,0,0,0,2294.373,,,,0,0
64,3,1,4,4,1,1,1,0,0,0,255,255,255,37,2306.942,"ًً미소",L,10,45,96,0.699,0.434,-0.313,1.759,0.312,2.562,-36.707,34.198,2,0,0,400,0,0,0,1,4,2,R,"hdsteve",174.6,83,0.31,3,52,2308.249,193,107,33,65,17,120,70,-25.681,-31.231,-0.85,0,0.392,-179.364,-262.729,115.985,0.068,-37.934,86,"소솨소솨",-0.105,-17.222,0,"すーぱーおもちらんど",-20.478,-46.872,71,"아침땅_",-14.481,-63.861,81,"Pring__",22.578,-48.159,0,"Amellaid",11.682,-64.801,0,"Kr_Luna",44.345,-96.079,104,"ᴄʀᴜɴᴄʜʏᴇsᴛ",1.807,-107.949,0,"Multeinn",-45.046,-89.901,0,2308.229,1.337,-21.789,2314.606,6,"Kr_Luna",30.865,-75.117,1,0,,,,,417,2
65,3,1,4,4,0,0,1,1,0,0,2,255,255,38,2347.503,"ًً미소",L,0,44,104,0.768,1.902,-0.293,1.919,0.343,2.82,-36.895,40.021,2,0,0,0,0,0,0,1,5,0,R,"甲斐野柊太",190,80,0.2,2,86,2348.731,238,71,77,83,28,145,125,90.006,89.926,0.72,0,0.27,23.025,596.96,-55.758,-0.242,-37.843,0,"소솨소솨",-0.043,-17.068,100,"すーぱーおもちらんど",-18.711,-46.593,0,"아침땅_",-7.328,-62.278,0,"Pring__",21.589,-47.068,0,"Amellaid",9.72,-65.76,0,"Kr_Luna",40.921,-92.986,0,"ᴄʀᴜɴᴄʜʏᴇsᴛ",0.255,-107.746,0,"Multeinn",-43.605,-85.62,0,2357.084,15.845,-21.067,2357.34,1,"소솨소솨",15.675,-21.016,0,0,2357.34,,,,144,1
66,3,1,4,4,0,0,2,1,0,0,2,255,255,39,2393.441,"ًً미소",L,5,54,110,-5.82,0.448,-0.745,1.543,-2.682,1.929,-37.105,64.298,3,0,96.796,0,0,-0.943,-21.13,0,6,7,L,"SOM_candy",169.9,96.924,0.504,0,43,0,0,0,0,0,0,0,0,0,0,0,0,0,0,0,0,-0.081,-37.978,0,"소솨소솨",-0.35,-17.788,0,"すーぱーおもちらんど",-19.53,-44.425,0,"아침땅_",-7.339,-65.862,0,"Pring__",21.708,-46.867,0,"Amellaid",14.96,-63.553,0,"Kr_Luna",45.903,-92.981,0,"ᴄʀᴜɴᴄʜʏᴇsᴛ",0.862,-113.751,0,"Multeinn",-44.416,-91.503,0,0,0,0,0,0,"",0,0,0,0,2396.64,,,,0,6
67,3,1,4,4,2,0,2,1,0,0,7,255,255,40,2412.606,"ًً미소",L,0,82,134,1.024,-0.98,-0.282,1.336,0.454,1.057,-36.478,28.629,0,0,0,0,0,0.225,-18.735,0,6,7,L,"SOM_candy",169.9,96.924,0.504,0,43,0,0,0,0,0,0,0,0,0,0,0,0,0,0,0,0,-0.041,-37.741,0,"소솨소솨",0.181,-17.911,119,"すーぱーおもちらんど",-19.599,-43.442,0,"아침땅_",-6.771,-65.88,85,"Pring__",21.796,-46.686,0,"Amellaid",14.957,-63.631,0,"Kr_Luna",45.829,-92.824,0,"ᴄʀᴜɴᴄʜʏᴇsᴛ",0.331,-108.727,0,"Multeinn",-47.462,-93.293,0,0,0,0,0,0,"",0,0,0,0,2414.829,2417.085,,,0,0
68,3,1,4,4,2,1,2,0,1,0,255,2,255,41,2438.366,"ًً미소",L,0,74,126,-1.048,0.28,-0.475,1.53,-0.443,1.759,-36.767,42.896,2,0,0,0,0,0,0,1,6,7,L,"SOM_candy",169.9,96.924,0.504,3,43,2439.271,128,67,94,50,26,138,89,-42.697,-53.45,-0.31,0,0.257,-253.772,-528.439,115.599,-0.109,-36.881,0,"소솨소솨",-0.062,-17.019,0,"すーぱーおもちらんど",-20.806,-48.13,0,"아침땅_",-8.421,-66.236,0,"Pring__",21.26,-47.023,0,"Amellaid",15.394,-62.587,0,"Kr_Luna",45.807,-92.841,0,"ᴄʀᴜɴᴄʜʏᴇsᴛ",0.336,-108.72,0,"Multeinn",-42.829,-92.837,0,2439.151,1.162,-19.441,0,0,"",0,0,0,0,,2443.306,,,128,3
69,3,1,4,4,2,2,2,0,1,0,255,2,255,42,2465.327,"ًً미소",L,0,85,139,0.117,0.359,-0.367,1.544,0.062,1.808,-36.556,37.572,0,0,0,0,0,0,0,0,6,7,L,"SOM_candy",169.9,96.924,0.504,0,43,0,0,0,0,0,0,0,0,0,0,0,0,0,0,0,0,-0.102,-37.845,0,"소솨소솨",0.053,-17.168,0,"すーぱーおもちらんど",-21.115,-46.217,0,"아침땅_",-6.675,-66.49,0,"Pring__",21.271,-44.505,0,"Amellaid",15.883,-63.445,0,"Kr_Luna",42.821,-95.975,0,"ᴄʀᴜɴᴄʜʏᴇsᴛ",-0.13,-109.255,0,"Multeinn",-42.662,-91.675,0,0,0,0,0,0,"",0,0,0,0,2466.451,2468.789,,,0,0
70,3,0,4,4,0,0,0,0,0,0,255,255,255,26,2510.377,"甲斐野柊太",R,28,97,140,-1.015,-1.529,0.063,1.795,-0.506,0.554,-36.948,22.35,2,0,45.06,-85.436,0,0,0,1,2,7,R,"ᴄʀᴜɴᴄʜʏᴇsᴛ",190,90.286,0.647,3,86,2511.39,236,83,165,131,67,145,126,-30,10.21,0.25,0.095,0.484,-530.625,54.825,-238.435,-0.236,-37.186,0,"schmoneymikey",-0.025,-17.109,0,"hdsteve",-22.706,-48.995,88,"Pugeuk",-16.693,-62.175,0,"encounter v",20.035,-45.789,0,"눈꽃",16.162,-63.315,0,"인생최패망자",42.839,-83.997,0,"SOM_candy",-1.853,-111.03,96,"ByeolBam",-45.717,-98.127,0,2511.251,-0.258,-20.765,2515.195,7,"SOM_candy",-13.482,-102.601,1,0,,,,,112,2
71,3,0,4,4,0,0,0,1,0,0,17,255,255,27,2534.471,"甲斐野柊太",R,3,64,94,-1.615,-1.554,0.308,1.598,0.175,1.057,-36.942,30.421,1,0,-375.586,238.383,0,-0.82,-18.099,0,3,4,L,"Pring__",190,94.612,0.484,0,86,0,0,0,0,0,0,0,0,0,0,0,0,0,0,0,0,-0.23,-37.453,0,"schmoneymikey",-0.293,-17.624,0,"hdsteve",-19.879,-46.312,0,"Pugeuk",-17.002,-62.164,0,"encounter v",21.875,-47.278,0,"눈꽃",7.39,-61.22,0,"인생최패망자",50.104,-94.405,0,"SOM_candy",10.91,-120.465,0,"ByeolBam",-47.139,-96.713,0,0,0,0,0,0,"",0,0,0,0,2537.562,,,,0,0
72,3,0,4,4,1,0,0,1,0,0,17,255,255,28,2553.422,"甲斐野柊太",R,3,59,91,-0.422,-0.002,0.239,1.841,0.799,1.612,-36.956,39.774,2,0,-413.636,0,0,0,0,1,3,4,L,"Pring__",190,94.612,0.484,3,81,2554.635,174,98,85,75,68,145,102,26.203,35.698,0.93,0,0.592,138.946,-455.153,-363.773,-0.313,-37.182,0,"schmoneymikey",-0.023,-17.163,0,"hdsteve",-19.353,-43.546,76,"Pugeuk",-17.028,-62.397,0,"encounter v",21.578,-47.204,0,"눈꽃",8.593,-63.515,0,"인생최패망자",50.052,-94.443,0,"SOM_candy",-3.511,-124.978,0,"ByeolBam",-45.405,-102.772,96,0,0,0,2559.606,8,"ByeolBam",-43.808,-99.104,0,0,,,,,176,1
73,3,0,4,4,0,0,1,1,0,0,17,255,255,29,2578.392,"甲斐野柊太",R,0,72,112,0.323,0.827,0.045,2.014,0.14,2.126,-36.873,36.675,2,0,0,0,0,0,0,1,4,1,R,"소솨소솨",190,80,0.405,3,86,2579.519,255,153,123,86,40,145,122,-1.018,21.149,0.79,0,0.664,422.474,-421.684,10.651,-0.284,-37.016,0,"schmoneymikey",-0.097,-16.996,0,"hdsteve",-20.053,-44.783,0,"Pugeuk",-16.773,-61.508,95,"encounter v",21.334,-46.784,0,"눈꽃",8.356,-62.208,101,"인생최패망자",44.427,-87.423,0,"SOM_candy",-1.043,-112.199,0,"ByeolBam",-45.398,-97.434,0,2580.162,-8.384,-42.765,2581.062,3,"Pugeuk",-14.08,-58.044,0,16,,2585.079,,,147,2
74,4,1,4,4,0,0,0,0,0,0,255,255,255,43,2616.659,"ًً미소",L,0,71,124,-1.047,1.317,-0.475,1.717,-0.442,2.389,-36.805,62.333,1,0,0,0,0,0,0,0,7,8,R,"ByeolBam",180.4,90,0.5,0,86,0,0,0,0,0,0,0,0,0,0,0,0,0,0,0,0,0.16,-37.408,0,"소솨소솨",-0.063,-16.904,0,"すーぱーおもちらんど",-20.157,-47.042,0,"아침땅_",-14.325,-64.062,0,"Pring__",21.697,-47.162,0,"Amellaid",11.117,-65.625,0,"Kr_Luna",41.275,-89.859,0,"ᴄʀᴜɴᴄʜʏᴇsᴛ",-0.062,-109.15,0,"Multeinn",-44.187,-93.888,0,0,0,0,0,0,"",0,0,0,0,2617.829,,,,0,0
75,4,1,4,4,1,0,0,0,0,0,255,255,255,44,2630.141,"ًً미소",L,10,58,108,1.106,0.426,-0.275,1.696,0.489,2.319,-36.708,38.419,2,0,0,313.244,0,0,0,1,7,8,R,"ByeolBam",180.4,90,0.5,3,86,2631.28,209,100,101,49,19,145,128,18.477,36.346,0.68,0,0.181,43.171,575.823,-159.265,0.102,-36.974,0,"소솨소솨",-0.108,-17.013,0,"すーぱーおもちらんど",-20.141,-46.906,0,"아침땅_",-14.446,-63.933,0,"Pring__",21.718,-47.142,0,"Amellaid",12.283,-65.345,85,"Kr_Luna",41.371,-89.855,0,"ᴄʀᴜɴᴄʜʏᴇsᴛ",-0.038,-109.224,0,"Multeinn",-42.803,-92.103,94,2635.606,-69.129,-94.068,2636.651,8,"Multeinn",-65.802,-91.717,1,0,,2641.166,,,194,2
76,4,1,4,4,0,0,0,0,1,0,255,8,255,45,2666.674,"ًً미소",L,4,60,112,-2.639,-0.125,-0.7,1.468,-1.488,1.546,-37.103,58.906,1,0,182.571,0,0,0,0,0,8,6,R,"인생최패망자",190,80,0.404,0,86,0,0,0,0,0,0,0,0,0,0,0,0,0,0,0,0,0.043,-38.023,0,"소솨소솨",-0.151,-17.016,101,"すーぱーおもちらんど",-20.589,-46.339,0,"아침땅_",-14.628,-63.842,0,"Pring__",22.892,-47.214,0,"Amellaid",11.362,-65.658,0,"Kr_Luna",35.144,-94.36,0,"ᴄʀᴜɴᴄʜʏᴇsᴛ",0.156,-108.049,0,"Multeinn",-44.229,-89.303,0,0,0,0,0,0,"",0,0,0,0,2667.962,2670.359,,,0,0
77,4,1,4,4,1,0,0,0,1,0,255,8,255,46,2685.173,"ًً미소",L,0,83,136,-1.009,0.886,-0.472,1.66,-0.426,2.169,-36.759,49.226,2,0,0,0,0,0,0,1,8,6,R,"인생최패망자",190,80,0.404,3,86,2686.156,224,109,165,93,71,145,119,27.236,7.924,0.19,0,0.342,578.549,-137.604,71.748,-0.008,-37.29,0,"소솨소솨",-0.271,-16.934,110,"すーぱーおもちらんど",-20.321,-46.327,0,"아침땅_",-14.549,-63.708,88,"Pring__",22.567,-47.32,0,"Amellaid",11.337,-65.626,0,"Kr_Luna",38.02,-98.52,0,"ᴄʀᴜɴᴄʜʏᴇsᴛ",0.196,-109.029,120,"Multeinn",-44.366,-88.276,0,2691.617,-12.749,-127.813,2694.373,7,"ᴄʀᴜɴᴄʜʏᴇsᴛ",-14.687,-129.982,1,0,2701.218,2696.822,2695.26,2700.022,180,2
78,4,1,5,4,0,0,0,0,1,0,255,6,255,47,2759.903,"ًً미소",L,0,60,116,-4.533,3.698,-0.568,1.904,-2.032,3.556,-37.17,74.524,1,0,39.875,0,0,0,0,0,0,3,R,"Pugeuk",160,86.173,0.398,0,85,0,0,0,0,0,0,0,0,0,0,0,0,0,0,0,0,0.062,-37.744,0,"소솨소솨",-0.942,-16.573,116,"すーぱーおもちらんど",-20.133,-47.416,0,"아침땅_",-13.239,-64.218,0,"Pring__",21.07,-45.666,0,"Amellaid",8.343,-65.038,0,"Kr_Luna",37.284,-102.821,0,"ᴄʀᴜɴᴄʜʏᴇsᴛ",0.891,-113.731,0,"Multeinn",-44.978,-89.728,0,0,0,0,0,0,"",0,0,0,0,2761.073,2762.801,,,0,0
79,4,1,5,4,1,0,0,0,1,0,255,6,255,48,2774.964,"ًً미소",L,0,71,124,-0.567,1.019,-0.43,1.625,-0.235,2.132,-36.8,55.12,2,0,0,0,0,0,0,1,0,3,R,"Pugeuk",160,86.173,0.398,3,85,2775.932,133,45,73,33,9,136,88,23.329,35.739,0.92,0,0.446,-142.407,567.943,-126.344,0.196,-37.181,0,"소솨소솨",-0.683,-17.096,104,"すーぱーおもちらんど",-20.07,-47.366,89,"아침땅_",-14.524,-64.029,0,"Pring__",20.762,-45.632,0,"Amellaid",5.992,-64.81,0,"Kr_Luna",37.279,-102.821,0,"ᴄʀᴜɴᴄʜʏᴇsᴛ",-0.534,-112.98,0,"Multeinn",-43.813,-89.94,0,2779.306,-42.625,-66.825,2782.218,7,"ᴄʀᴜɴᴄʜʏᴇsᴛ",-60.464,-83.752,1,0,2786.24,2785.409,2779.381,2784.293,209,2
80,4,1,6,4,0,0,0,0,1,0,255,3,255,49,2808.258,"ًً미소",L,0,87,140,1.049,-0.691,-0.28,1.369,0.465,1.203,-36.599,33.981,0,0,0,0,0,0,0,0,1,5,L,"눈꽃",180.044,90,0.6,0,85,0,0,0,0,0,0,0,0,0,0,0,0,0,0,0,0,0.06,-37.904,94,"소솨소솨",0.06,-17.095,102,"すーぱーおもちらんど",-20.899,-46.62,0,"아침땅_",-8.247,-64.404,84,"Pring__",22.654,-47.55,0,"Amellaid",15.07,-63.713,0,"Kr_Luna",44.896,-96.286,0,"ᴄʀᴜɴᴄʜʏᴇsᴛ",0.586,-113.742,0,"Multeinn",-39.086,-86.128,0,0,0,0,0,0,"",0,0,0,0,2809.428,2810.667,,,0,0
81,4,1,6,4,0,1,0,0,1,0,255,3,255,50,2834.212,"ًً미소",L,10,31,87,-2.55,-2.66,-0.424,1.165,-1.098,-4.596,-36.749,46.664,1,0,0,400,0,-0.441,-31.037,0,1,5,L,"눈꽃",180.044,90,0.6,0,85,0,0,0,0,0,0,0,0,0,0,0,0,0,0,0,0,-0.106,-37.974,0,"소솨소솨",-0.316,-17.475,100,"すーぱーおもちらんど",-20.049,-46.194,0,"아침땅_",-2.263,-64.441,0,"Pring__",21.034,-45.37,0,"Amellaid",15.94,-62.723,0,"Kr_Luna",43.049,-97.239,0,"ᴄʀᴜɴᴄʜʏᴇsᴛ",0.366,-113.379,0,"Multeinn",-41.304,-86.688,0,0,0,0,0,0,"",0,0,0,0,2835.706,2838.035,,,0,0
82,4,1,6,4,1,1,0,0,1,0,255,3,255,51,2863.083,"ًً미소",L,0,79,130,-1.015,-0.01,-0.478,1.488,-0.457,1.609,-36.707,47.545,2,0,0,0,0,0,0,0,1,5,L,"눈꽃",180.044,90,0.6,3,85,2864.215,255,76,125,83,22,145,115,25.821,31.718,0.17,0,0.448,-142.407,567.943,-126.344,-0.011,-36.905,0,"소솨소솨",-0.053,-16.96,0,"すーぱーおもちらんど",-20.403,-46.97,0,"아침땅_",-3.503,-63.981,0,"Pring__",21.501,-45.564,0,"Amellaid",16.547,-61.466,83,"Kr_Luna",43.052,-97.241,0,"ᴄʀᴜɴᴄʜʏᴇsᴛ",0.069,-113.659,0,"Multeinn",-44.622,-90.053,91,0,0,0,2868.984,8,"Multeinn",-46.014,-106.115,0,0,,2871.318,,,194,1
83,4,1,6,4,0,0,1,0,1,0,255,3,255,52,2893.718,"ًً미소",L,3,60,107,2.961,0.415,-0.277,1.574,0.48,1.892,-36.764,25.462,2,0,421.838,0,0,0,0,1,2,4,L,"encounter v",190,86.172,0.499,3,85,2894.793,187,175,80,109,121,145,130,27.486,-34.154,0.63,0,0.552,545.673,84.974,-229.404,0.192,-38.028,0,"소솨소솨",-0.031,-17.109,0,"すーぱーおもちらんど",-20.482,-47.043,0,"아침땅_",-6.722,-65.144,0,"Pring__",20.276,-46.319,0,"Amellaid",16.903,-63.107,0,"Kr_Luna",43.298,-97.127,0,"ᴄʀᴜɴᴄʜʏᴇsᴛ",0.041,-113.543,0,"Multeinn",-43.1,-88.839,0,2899.895,67.537,-117.928,0,0,"",0,0,0,0,,2905.903,2900.034,2904.71,128,4
84,4,1,8,4,0,0,1,0,0,0,255,255,255,53,2935.508,"ًً미소",L,10,45,96,-0.61,-0.26,-0.435,1.627,-0.253,2.063,-36.669,34.858,2,0,0,400,0,0,0,1,3,1,L,"schmoneymikey",190,90,0.403,3,51,2936.706,232,188,174,155,88,145,130,-30,-44.301,0.56,0,0.325,346.81,377.832,-305.341,-0.104,-38.026,0,"소솨소솨",-0.155,-17.049,0,"すーぱーおもちらんど",-20.335,-46.671,81,"아침땅_",-9.964,-66.012,0,"Pring__",20.571,-46.125,0,"Amellaid",15.369,-63.424,0,"Kr_Luna",47.561,-97.351,0,"ᴄʀᴜɴᴄʜʏᴇsᴛ",0.086,-115.114,0,"Multeinn",-43.507,-90.305,0,2936.684,1.442,-22.743,2937.928,4,"Pring__",20.453,-42.44,0,8,,,,,137,2
85,4,1,8,4,0,0,2,0,0,0,255,255,255,54,2963.243,"ًً미소",L,10,44,96,0.343,0.202,-0.346,1.721,0.159,2.428,-36.631,37.667,0,0,0,400,0,0,0,0,4,2,R,"hdsteve",174.6,83,0.31,0,85,0,0,0,0,0,0,0,0,0,0,0,0,0,0,0,0,0.048,-38.131,0,"소솨소솨",0.006,-17.063,107,"すーぱーおもちらんど",-20.345,-46.795,0,"아침땅_",-14.538,-64.12,0,"Pring__",20.893,-46.403,0,"Amellaid",10.207,-66.461,0,"Kr_Luna",41.333,-98.759,0,"ᴄʀᴜɴᴄʜʏᴇsᴛ",0.114,-114.528,0,"Multeinn",-45.209,-88.322,0,0,0,0,0,0,"",0,0,0,0,2964.873,,,,0,0
86,4,1,8,4,0,1,2,0,0,0,255,255,255,55,2975.746,"ًً미소",L,0,33,96,1.065,3.19,-0.104,2.067,0.466,3.467,-37.126,69.764,1,0,0,0,0,0,0,0,4,2,R,"hdsteve",174.6,83,0.31,0,85,0,0,0,0,0,0,0,0,0,0,0,0,0,0,0,0,0.435,-38.024,0,"소솨소솨",0.081,-16.342,114,"すーぱーおもちらんど",-20.367,-46.841,0,"아침땅_",-14.486,-64.076,0,"Pring__",21.948,-47.754,0,"Amellaid",10.15,-66.462,0,"Kr_Luna",41.333,-98.784,0,"ᴄʀᴜɴᴄʜʏᴇsᴛ",0.424,-114.618,0,"Multeinn",-44.71,-90.677,0,0,0,0,0,0,"",0,0,0,0,2977.495,,,,0,0
87,4,1,8,4,1,1,2,0,0,0,255,255,255,56,2988.339,"ًً미소",L,0,66,121,-5.625,2.055,-0.47,1.679,-2.435,2.793,-37.133,83.568,1,0,0,0,0,0,0,0,4,2,R,"hdsteve",174.6,83,0.31,0,85,0,0,0,0,0,0,0,0,0,0,0,0,0,0,0,0,0.348,-37.98,0,"소솨소솨",-3.246,-16.708,119,"すーぱーおもちらんど",-20.337,-46.861,0,"아침땅_",-14.517,-64.138,0,"Pring__",21.96,-47.781,0,"Amellaid",10.29,-66.945,0,"Kr_Luna",41.334,-98.796,0,"ᴄʀᴜɴᴄʜʏᴇsᴛ",0.424,-114.694,0,"Multeinn",-44.966,-90.775,0,0,0,0,0,0,"",0,0,0,0,2989.851,,,,0,0
88,4,1,8,4,2,1,2,0,0,0,255,255,255,57,3002.289,"ًً미소",L,0,66,121,-0.847,1.618,-0.456,1.751,-0.356,2.535,-36.98,73.292,1,0,0,0,0,0,0,0,4,2,R,"hdsteve",174.6,83,0.31,0,85,0,0,0,0,0,0,0,0,0,0,0,0,0,0,0,0,0.253,-37.879,0,"소솨소솨",-0.039,-16.749,116,"すーぱーおもちらんど",-20.305,-46.827,0,"아침땅_",-14.523,-64.148,0,"Pring__",21.966,-47.794,0,"Amellaid",11.006,-67.323,0,"Kr_Luna",41.235,-98.786,0,"ᴄʀᴜɴᴄʜʏᴇsᴛ",0.476,-114.56,0,"Multeinn",-45.276,-90.631,0,0,0,0,0,0,"",0,0,0,0,3003.817,,,,0,0
89,4,1,8,4,3,1,2,0,0,0,255,255,255,58,3016.851,"ًً미소",L,0,51,110,0.47,1.018,-0.334,1.658,0.214,2.206,-36.678,38.123,2,0,0,0,0,0,0,0,4,2,R,"hdsteve",174.6,83,0.31,3,85,3018.125,178,84,53,38,0,134,84,-15.9,41.53,-0.52,0,0.275,-142.382,568.496,-117.677,0.126,-37.931,0,"소솨소솨",-0.019,-16.905,0,"すーぱーおもちらんど",-20.169,-46.859,0,"아침땅_",-14.468,-64.036,0,"Pring__",21.981,-47.795,0,"Amellaid",11.015,-67.362,0,"Kr_Luna",41.108,-98.922,0,"ᴄʀᴜɴᴄʜʏᴇsᴛ",0.496,-114.576,0,"Multeinn",-45.306,-90.791,0,3018.195,-3.128,-22.819,3019.784,2,"すーぱーおもちらんど",-19.99,-41.563,0,0,,,,,97,2
90,4,0,8,4,0,0,0,0,0,0,255,255,255,30,3067.888,"甲斐野柊太",R,28,95,140,-0.22,0.055,-0.036,1.766,-0.168,1.542,-36.749,18.472,2,0,54.253,-70.69,0,0,0,1,5,3,R,"아침땅_",160,95.405,0.5,2,85,3068.879,116,66,98,83,39,137,100,27.09,-6.309,0.85,0.048,0.305,280.426,530.432,1.93,-0.15,-37.083,0,"schmoneymikey",-0.045,-17.217,0,"hdsteve",-23.084,-48.195,0,"Pugeuk",-13.398,-58.913,92,"encounter v",22.417,-48.224,0,"눈꽃",11.605,-64.58,0,"인생최패망자",45.982,-84.248,0,"SOM_candy",-1.177,-100.646,104,"ByeolBam",-44.915,-97.311,0,0,0,0,3073.695,7,"SOM_candy",-0.118,-100.276,0,0,,,,,97,1
91,4,0,8,4,0,0,1,0,0,0,255,255,255,31,3093.388,"甲斐野柊太",R,38,31,85,1.257,0.609,0.377,1.971,0.48,1.903,-37.382,69.786,2,0,23.339,-10.056,0,0,0,0,6,8,R,"Multeinn",160,89.555,0.501,3,85,3094.44,220,106,67,82,53,142,119,18.844,9.822,0.58,0,0.383,-94.506,526.198,269.047,-0.311,-36.973,0,"schmoneymikey",-0.013,-17.184,0,"hdsteve",-22.628,-47.959,0,"Pugeuk",-14.335,-60.164,87,"encounter v",18.913,-47.158,0,"눈꽃",7.095,-63.957,0,"인생최패망자",45.751,-92.022,0,"SOM_candy",0.153,-108.735,93,"ByeolBam",-42.265,-95.775,0,3098.406,-28.081,-114.732,3101.606,7,"SOM_candy",-29.526,-119.696,1,0,,3104.237,,,97,2
92,4,0,8,4,0,0,1,0,1,0,255,18,255,32,3121.747,"甲斐野柊太",R,0,68,108,2.522,0.395,0.375,1.989,1.087,1.85,-37.239,60.055,2,0,0,0,0,0,0,1,7,4,L,"ًً미소",190,80,0.4,3,85,3123.015,237,117,79,82,79,145,130,6.88,-9.675,0.29,0,0.349,-303.515,-485.035,-172.132,-0.193,-37.129,0,"schmoneymikey",0.01,-17.19,0,"hdsteve",-22.963,-49.148,87,"Pugeuk",-13.381,-59.257,0,"encounter v",19.907,-45.873,0,"눈꽃",14.692,-63.325,111,"인생최패망자",47.981,-88.882,0,"SOM_candy",-2.32,-111.045,0,"ByeolBam",-44.394,-100.955,0,0,0,0,3124.406,5,"눈꽃",9.948,-64.606,0,0,,3125.87,3133.041,,50,1
93,4,0,8,4,0,0,2,0,0,1,255,255,18,33,3155.97,"甲斐野柊太",R,34,80,131,1.72,1.607,0.136,2.014,0.632,2.446,-37.092,50.146,1,0,72.034,-41.628,0,0,0,0,8,6,L,"Kr_Luna",170.1,92.714,0.501,0,85,0,0,0,0,0,0,0,0,0,0,0,0,0,0,0,0,-0.325,-37.096,0,"schmoneymikey",0.16,-17.209,0,"hdsteve",-21.99,-47.857,0,"Pugeuk",-15.323,-61.743,0,"encounter v",19.042,-40.259,0,"눈꽃",14.449,-64.054,0,"인생최패망자",46.642,-88.794,0,"SOM_candy",-0.793,-117.968,0,"ByeolBam",-45.476,-98.952,0,0,0,0,0,0,"",0,0,0,0,3157.473,,,,0,0
94,4,0,8,4,1,0,2,0,0,1,255,255,18,34,3167.972,"甲斐野柊太",R,3,65,97,-1.144,-0.587,0.104,1.644,0.323,1.289,-36.772,29.028,2,0,-378.509,0,0,0,0,1,8,6,L,"Kr_Luna",170.1,92.714,0.501,3,85,3169.074,224,118,86,105,76,145,127,33.67,9.047,0.41,0,0.125,290.164,-31.641,-522.158,-0.27,-36.985,0,"schmoneymikey",0.022,-17.265,101,"hdsteve",-22.796,-48.692,107,"Pugeuk",-15.454,-61.901,0,"encounter v",17.276,-42.513,0,"눈꽃",16.549,-62.907,0,"인생최패망자",46.637,-88.776,6,"SOM_candy",-2.903,-114.274,0,"ByeolBam",-45.549,-98.956,0,3175.073,-13.88,-134.519,3177.751,7,"SOM_candy",-14.919,-124.189,1,0,3194.873,3178.841,3183.731,3174.444,378,2
95,4,0,8,6,0,0,2,0,0,0,255,255,255,35,3215.931,"甲斐野柊太",R,33,107,140,-1.202,0.333,-0.144,1.816,-0.669,1.723,-36.768,24.927,0,0,109.63,-103.52,0,-0.068,-7.094,0,0,2,R,"すーぱーおもちらんど",190,89.927,0.397,0,90,0,0,0,0,0,0,0,0,0,0,0,0,0,0,0,0,-0.028,-37.211,0,"schmoneymikey",-0.081,-17.418,111,"hdsteve",-22.375,-49.656,0,"Pugeuk",-14.188,-61.888,0,"encounter v",20.332,-47.695,0,"눈꽃",12.389,-65.019,0,"인생최패망자",43.215,-89.994,0,"SOM_candy",9.035,-119.075,0,"ByeolBam",-38.327,-98.165,0,0,0,0,0,0,"",0,0,0,0,3219.084,,,,0,0
96,4,0,8,6,0,1,2,0,0,0,255,255,255,36,3233.029,"甲斐野柊太",R,28,109,140,-1.213,-0.376,-0.136,1.682,-0.634,1.287,-36.652,14.72,2,0,80.481,-95.939,0,0,0,1,0,2,R,"すーぱーおもちらんど",190,89.927,0.397,2,90,3234.039,218,51,113,81,32,145,130,25.51,22.261,0.35,0,0.222,-318.609,-506.902,-18.41,-0.307,-36.741,0,"schmoneymikey",-0.03,-17.249,0,"hdsteve",-22.566,-49.644,0,"Pugeuk",-14.146,-62.058,0,"encounter v",19.533,-46.093,0,"눈꽃",15.096,-63.663,89,"인생최패망자",43.208,-90.395,0,"SOM_candy",0.62,-112.624,0,"ByeolBam",-39.673,-98.587,0,3238.218,-28.723,-122.917,3240.517,7,"SOM_candy",-22.003,-123.757,1,0,,3244.867,,,98,2
97,4,0,8,6,0,0,2,0,1,0,255,12,255,37,3262.714,"甲斐野柊太",R,3,65,97,-4.328,-1.04,0.007,1.645,-0.863,1.105,-36.893,19.785,3,0,-378.114,0,0,0.13,-20.67,0,1,5,L,"Amellaid",173.3,86,0.44,0,85,0,0,0,0,0,0,0,0,0,0,0,0,0,0,0,0,-0.324,-37.302,0,"schmoneymikey",-0.127,-17.451,0,"hdsteve",-22.983,-48.656,0,"Pugeuk",-14.549,-61.834,0,"encounter v",19.665,-46.063,0,"눈꽃",9.789,-63.355,0,"인생최패망자",40.369,-82.007,0,"SOM_candy",0.51,-120.194,0,"ByeolBam",-40.45,-103.425,0,0,0,0,0,0,"",0,0,0,0,,3265.865,,,0,6
98,4,0,8,6,2,0,2,0,1,0,255,12,255,38,3298.801,"甲斐野柊太",R,13,66,96,0.272,-1.39,0.256,1.724,0.793,1.485,-36.914,31.681,4,0,-295.558,367.844,0,0.297,-17.947,1,1,5,L,"Amellaid",173.3,86,0.44,0,85,0,0,0,0,0,0,0,0,0,0,0,0,0,0,0,0,-0.149,-37.445,0,"schmoneymikey",0.12,-17.651,0,"hdsteve",-22.929,-48.832,0,"Pugeuk",-12.831,-62.737,0,"encounter v",21.573,-43.679,0,"눈꽃",11.292,-61.823,0,"인생최패망자",47.789,-89.385,0,"SOM_candy",-1.902,-114.521,0,"ByeolBam",-42.383,-102.208,0,0,0,0,0,0,"",0,0,0,0,3301.84,3302.481,,,0,0
99,4,0,8,6,2,1,2,0,1,0,255,12,255,39,3310.347,"甲斐野柊太",R,28,94,140,-1.457,0.395,-0.144,1.825,-0.67,1.761,-36.777,23.457,0,0,28.756,-62.326,0,-0.311,-9.027,0,1,5,L,"Amellaid",173.3,86,0.44,0,85,0,0,0,0,0,0,0,0,0,0,0,0,0,0,0,0,-0.209,-36.806,0,"schmoneymikey",-0.378,-17.202,0,"hdsteve",-23.312,-49.256,0,"Pugeuk",-9.686,-62.414,0,"encounter v",21.107,-45.448,0,"눈꽃",9.664,-61.469,0,"인생최패망자",47.754,-89.399,0,"SOM_candy",-1.335,-113.518,0,"ByeolBam",-41.997,-99.886,0,0,0,0,0,0,"",0,0,0,0,3312.784,3314.537,,,0,0
100,4,0,8,6,2,2,2,0,1,0,255,12,255,40,3322.089,"甲斐野柊太",R,1,32,85,0.053,-0.309,0.158,2.042,0.404,2.558,-37.614,81.102,0,0,0,0,0,0,0,0,1,5,L,"Amellaid",173.3,86,0.44,0,85,0,0,0,0,0,0,0,0,0,0,0,0,0,0,0,0,-0.273,-37.184,0,"schmoneymikey",0.17,-17.625,0,"hdsteve",-22.156,-47.185,0,"Pugeuk",-12.555,-61.795,0,"encounter v",19.576,-42.003,0,"눈꽃",11.477,-60.718,0,"인생최패망자",47.78,-89.443,0,"SOM_candy",1.149,-109.441,0,"ByeolBam",-42.289,-100.045,0,0,0,0,0,0,"",0,0,0,0,3323.773,,3326.258,,0,0
101,5,1,8,6,0,0,0,0,0,0,255,255,255,59,3381.197,"Pring__",R,26,78,129,-1.924,0.321,-0.225,1.47,-1.048,1.661,-36.195,13.84,2,0,157.723,-175.085,31.177,0,0,1,5,0,L,"甲斐野柊太",190,80,0.2,2,25,3382.316,183,94,111,67,66,145,102,48.681,-30.991,-0.25,0,0.207,401.446,-438.969,-68.187,-0.481,-36.734,0,"소솨소솨",-0.046,-17.059,0,"すーぱーおもちらんど",-20.612,-47.494,0,"아침땅_",-10.239,-66.105,0,"ًً미소",23.344,-49.951,0,"Amellaid",16.366,-61.935,0,"Kr_Luna",36.894,-86.502,84,"ᴄʀᴜɴᴄʜʏᴇsᴛ",0.064,-111.176,0,"Multeinn",-44.463,-94.566,0,3388.073,48.772,-80.712,3388.306,6,"Kr_Luna",47.697,-79.564,0,0,,,,,264,1
102,5,1,8,6,0,0,1,0,0,0,255,255,255,60,3409.772,"Pring__",R,3,74,103,-1.121,0.01,0.094,1.457,0.29,1.628,-36.233,25.745,2,0,-418.171,0,12.931,0,0,1,6,7,L,"SOM_candy",169.9,96.924,0.504,3,85,3410.821,19,9,18,10,16,6,33,19.641,-10.436,-0.77,0,0.513,-21.971,-56.979,-93.534,-0.533,-36.845,0,"소솨소솨",0.023,-17.08,0,"すーぱーおもちらんど",-20.571,-47.342,0,"아침땅_",-8.912,-66.426,0,"ًً미소",23.547,-49.581,0,"Amellaid",14.789,-64.51,0,"Kr_Luna",38.974,-89.262,0,"ᴄʀᴜɴᴄʜʏᴇsᴛ",0.425,-111.2,0,"Multeinn",-43.025,-98.285,0,3412.273,2.249,-33.048,3412.54,0,"Pring__",2.121,-32.389,0,0,,,,,8,1
103,5,1,8,6,0,0,2,0,0,0,255,255,255,61,3431.883,"Pring__",R,13,74,102,0.369,-0.643,0.273,1.484,0.846,1.692,-36.255,37.319,0,0,-362.402,311.858,9.443,0,0,0,7,8,R,"ByeolBam",180.4,90,0.5,0,85,0,0,0,0,0,0,0,0,0,0,0,0,0,0,0,0,-0.161,-37.842,0,"소솨소솨",-0.018,-17.188,105,"すーぱーおもちらんど",-20.473,-47.684,0,"아침땅_",-14.648,-63.896,0,"ًً미소",22.873,-49.639,0,"Amellaid",8.597,-66.394,0,"Kr_Luna",-17.935,-116.242,0,"ᴄʀᴜɴᴄʜʏᴇsᴛ",15.472,-108.319,0,"Multeinn",-46.776,-92.124,0,0,0,0,0,0,"",0,0,0,0,3433.262,,,,0,0
104,5,1,8,6,0,1,2,0,0,0,255,255,255,62,3445.694,"Pring__",R,13,75,103,0.354,-0.88,0.274,1.425,0.85,1.557,-36.292,40.614,2,0,-363.618,314.96,6.232,0,0,1,7,8,R,"ByeolBam",180.4,90,0.5,3,85,3446.862,195,152,144,84,52,145,130,-30,-24.004,0.61,0,0.156,-517.716,-241.436,-183.519,-0.379,-36.649,0,"소솨소솨",-0.157,-16.939,101,"すーぱーおもちらんど",-20.483,-47.815,0,"아침땅_",-14.622,-63.893,70,"ًً미소",22.917,-49.685,0,"Amellaid",8.576,-66.386,0,"Kr_Luna",-20.731,-113.495,0,"ᴄʀᴜɴᴄʜʏᴇsᴛ",32.422,-106.328,0,"Multeinn",-46.756,-92.067,0,3446.673,0.44,-20.947,3450.451,7,"ᴄʀᴜɴᴄʜʏᴇsᴛ",31.918,-91.767,1,0,3457.806,,,,60,2
105,5,1,8,6,0,0,2,1,0,0,8,255,255,63,3476.57,"Pring__",R,32,83,135,-2.941,-0.016,-0.331,1.401,-1.541,1.44,-36.16,12.407,1,0,237.393,-200,45.822,0,0,0,8,6,R,"인생최패망자",190,80,0.404,0,85,0,0,0,0,0,0,0,0,0,0,0,0,0,0,0,0,-0.207,-37.509,0,"소솨소솨",-0.411,-17.131,114,"すーぱーおもちらんど",-20.194,-43.201,0,"아침땅_",-14.45,-63.922,0,"ًً미소",23.694,-49.143,0,"Amellaid",12.587,-65.309,0,"Kr_Luna",41.384,-97.083,0,"ᴄʀᴜɴᴄʜʏᴇsᴛ",0.614,-110.444,0,"Multeinn",-46.875,-91.162,0,0,0,0,0,0,"",0,0,0,0,3477.74,,,,0,0
106,5,1,8,6,1,0,2,1,0,0,8,255,255,64,3490.546,"Pring__",R,26,74,126,0.531,0.901,-0.002,1.573,-0.009,1.995,-36.295,30.89,0,0,159.928,-200,15.71,0,0,0,8,6,R,"인생최패망자",190,80,0.404,0,85,0,0,0,0,0,0,0,0,0,0,0,0,0,0,0,0,-0.203,-37.451,0,"소솨소솨",-0.069,-17.256,117,"すーぱーおもちらんど",-19.029,-46.047,0,"아침땅_",-14.633,-63.797,86,"ًً미소",23.693,-49.174,0,"Amellaid",12.996,-65.389,0,"Kr_Luna",40.546,-96.541,0,"ᴄʀᴜɴᴄʜʏᴇsᴛ",-1.836,-120.05,0,"Multeinn",-48.629,-92.065,0,0,0,0,0,0,"",0,0,0,0,3492.151,,,,0,0
107,5,1,8,6,1,1,2,1,0,0,8,255,255,65,3512.497,"Pring__",R,32,78,129,0.081,-0.229,-0.051,1.385,-0.238,1.387,-36.126,27.076,2,0,198.466,-92.907,3.814,0,0,1,8,6,R,"인생최패망자",190,80,0.404,3,85,3513.409,255,117,193,125,83,145,122,-30,-43.182,0.19,0,0.286,-189.068,256.678,-353.007,-0.384,-36.747,0,"소솨소솨",-0.198,-17.262,0,"すーぱーおもちらんど",-19.966,-43.396,74,"아침땅_",-14.727,-63.694,0,"ًً미소",23.768,-49.238,85,"Amellaid",13.443,-64.607,0,"Kr_Luna",40.333,-95.852,0,"ᴄʀᴜɴᴄʜʏᴇsᴛ",0.876,-114.958,0,"Multeinn",-47.122,-91.395,0,3513.34,1.426,-22.444,3514.928,4,"ًً미소",24.623,-44.406,1,0,,3518.695,,,137,2
108,5,1,8,6,0,0,2,1,1,0,6,8,255,66,3543.883,"Pring__",R,33,72,112,1.497,1.226,0.134,1.645,0.415,2.111,-36.379,48.801,4,0,135.606,-118.653,6.82,0,0,1,0,3,R,"Pugeuk",160,86.173,0.398,0,85,0,0,0,0,0,0,0,0,0,0,0,0,0,0,0,0,-0.337,-37.527,0,"소솨소솨",-0.031,-17.068,107,"すーぱーおもちらんど",-19.307,-43.48,0,"아침땅_",-14.561,-63.763,0,"ًً미소",24.971,-50.35,0,"Amellaid",13.92,-64.381,0,"Kr_Luna",34.686,-89.418,0,"ᴄʀᴜɴᴄʜʏᴇsᴛ",-0.745,-111.91,0,"Multeinn",-47.34,-88.8,0,0,0,0,0,0,"",0,0,0,0,3545.151,3546.544,,,0,0
109,5,1,8,6,1,0,2,1,1,0,6,8,255,67,3567.949,"Pring__",R,13,69,98,-0.324,-0.504,0.162,1.588,0.501,1.963,-36.271,31.383,2,0,-315.626,352.832,18.248,0,0,1,0,3,R,"Pugeuk",160,86.173,0.398,3,85,3569.05,147,53,87,64,27,144,126,-10.076,-5.636,0.67,0,0.528,-242.282,114.976,0.382,-0.156,-36.606,0,"소솨소솨",0.001,-17.079,0,"すーぱーおもちらんど",-19.032,-44.926,0,"아침땅_",-14.489,-63.441,0,"ًً미소",22.87,-47.626,0,"Amellaid",14.011,-64.374,77,"Kr_Luna",34.482,-89.273,0,"ᴄʀᴜɴᴄʜʏᴇsᴛ",0.651,-111.81,0,"Multeinn",-47.827,-91.8,0,3568.951,0.245,-23.492,3572.617,7,"ᴄʀᴜɴᴄʜʏᴇsᴛ",7.41,-102.043,1,0,,3572.549,3574.134,,14,2
110,5,1,8,6,0,0,2,1,1,1,3,6,8,68,3599.229,"Pring__",R,32,83,136,-0.727,0.52,-0.124,1.496,-0.575,1.754,-36.17,19.467,0,0,201.498,-190.513,19.156,0,0,0,1,5,L,"눈꽃",180.044,90,0.6,0,85,0,0,0,0,0,0,0,0,0,0,0,0,0,0,0,0,-0.369,-37.455,0,"소솨소솨",-0.006,-16.904,102,"すーぱーおもちらんど",-20.34,-44.175,0,"아침땅_",-9.05,-65.523,0,"ًً미소",18.811,-42.07,0,"Amellaid",15.791,-61.848,0,"Kr_Luna",47.061,-99.852,0,"ᴄʀᴜɴᴄʜʏᴇsᴛ",-0.073,-114.484,0,"Multeinn",-43.528,-93.935,0,0,0,0,0,0,"",0,0,0,0,3600.484,3603.271,3601.965,,0,0
111,5,1,8,6,0,1,2,1,1,1,3,6,8,69,3617.645,"Pring__",R,32,69,123,3.342,1.82,0.196,1.661,1.205,2.609,-36.435,52.307,1,0,153.541,-82.351,6.232,0,0,0,1,5,L,"눈꽃",180.044,90,0.6,0,85,0,0,0,0,0,0,0,0,0,0,0,0,0,0,0,0,-0.113,-37.472,0,"소솨소솨",0.256,-16.792,104,"すーぱーおもちらんど",-19.077,-45.46,77,"아침땅_",-8.745,-66.295,0,"ًً미소",19.377,-42.491,0,"Amellaid",16.146,-61.988,0,"Kr_Luna",47.068,-99.846,0,"ᴄʀᴜɴᴄʜʏᴇsᴛ",-0.477,-117.688,0,"Multeinn",-42.645,-95.558,0,0,0,0,0,0,"",0,0,0,0,3618.928,3621.306,3620.124,,0,0
112,5,1,8,6,1,1,2,1,1,1,3,6,8,70,3656.197,"Pring__",R,32,76,128,-0.449,0.609,-0.037,1.577,-0.174,2.031,-36.302,35.07,2,0,250,-200,6.478,0,0,0,1,5,L,"눈꽃",180.044,90,0.6,3,85,3657.207,231,103,91,86,20,145,128,26.919,46.402,0.41,0,0.358,-242.282,114.976,0.382,-0.643,-36.713,0,"소솨소솨",-0.01,-17.364,0,"すーぱーおもちらんど",-19.227,-42.574,0,"아침땅_",-3.396,-65.216,0,"ًً미소",18.822,-40.226,0,"Amellaid",10.656,-64.909,0,"Kr_Luna",47.112,-99.782,0,"ᴄʀᴜɴᴄʜʏᴇsᴛ",-0.019,-117.995,0,"Multeinn",-39.156,-91.087,0,3661.718,-77.496,-104.934,0,0,"",0,0,0,0,,3660.888,3661.597,3661.46,8,4
113,5,1,12,6,0,0,2,0,0,0,255,255,255,71,3698.739,"Pring__",R,13,72,101,0.718,-0.348,0.227,1.605,0.705,1.952,-36.166,35.217,0,0,-209.636,400,15.156,-0.26,-18.278,1,2,4,L,"encounter v",190,86.172,0.499,0,85,0,0,0,0,0,0,0,0,0,0,0,0,0,0,0,0,0.042,-37.26,0,"소솨소솨",-0.046,-17.639,0,"すーぱーおもちらんど",-19.971,-46.074,0,"아침땅_",-8.255,-66.84,0,"ًً미소",22.806,-48.314,0,"Amellaid",17.161,-62.7,0,"Kr_Luna",44.906,-92.345,0,"ᴄʀᴜɴᴄʜʏᴇsᴛ",1.158,-113.223,0,"Multeinn",-43.175,-97.245,0,0,0,0,0,0,"",0,0,0,0,3701.384,,,,0,0
114,5,1,12,6,0,1,2,0,0,0,255,255,255,72,3713.093,"Pring__",R,13,83,108,-1.803,-0.522,-0.033,1.481,-0.104,1.683,-36.135,21.066,2,0,-383.336,312.348,33.829,0,0,1,2,4,L,"encounter v",190,86.172,0.499,3,85,3714.185,255,175,122,173,99,145,123,-30,5.248,0.2,0,0.707,232.651,384.397,394.612,-0.096,-36.773,0,"소솨소솨",0.054,-16.999,0,"すーぱーおもちらんど",-20.166,-46.248,0,"아침땅_",-8.463,-66.777,95,"ًً미소",24.317,-50.052,0,"Amellaid",17.103,-62.651,0,"Kr_Luna",44.914,-92.356,0,"ᴄʀᴜɴᴄʜʏᴇsᴛ",0.36,-113.006,0,"Multeinn",-43.123,-95.828,0,3714.051,-0.459,-21.79,3715.995,3,"아침땅_",-4.276,-62.533,0,4,,,,,289,2
115,5,0,12,6,0,0,0,0,0,0,255,255,255,41,3774.132,"인생최패망자",R,27,68,123,1.171,1.45,0.445,2.275,0.308,2.363,-36.929,68.444,2,0,113.09,-132.346,8.41,0,0,1,2,7,L,"ᴄʀᴜɴᴄʜʏᴇsᴛ",190,90.286,0.647,3,51,3775.241,89,47,125,81,39,133,130,93.738,85.66,0.45,0.095,0.478,105.679,-570.986,138.111,0.175,-37.095,0,"schmoneymikey",0.103,-16.695,0,"hdsteve",-22.89,-49.138,0,"Pugeuk",-14.479,-61.171,0,"encounter v",19.577,-45.197,0,"눈꽃",15.096,-63.413,0,"甲斐野柊太",51.612,-102.4,0,"SOM_candy",-6.256,-103.705,0,"ByeolBam",-44.394,-100.157,0,0,0,0,0,0,"",0,0,0,0,,,,,256,3
116,5,0,12,6,0,1,0,0,0,0,255,255,255,42,3788.557,"인생최패망자",R,14,61,92,-0.356,-0.456,0.097,2.246,-0.919,1.893,-37.141,77.507,2,0,310.782,334.549,1.997,0,0,1,2,7,L,"ᴄʀᴜɴᴄʜʏᴇsᴛ",190,90.286,0.647,3,51,3789.837,140,51,112,84,95,144,116,-30,-1.657,0.88,0.381,0.898,-303.406,148.667,492.047,0.033,-37.057,0,"schmoneymikey",-0.001,-17.077,0,"hdsteve",-23.115,-49.177,89,"Pugeuk",-14.952,-62.437,0,"encounter v",20.588,-46.143,0,"눈꽃",14.458,-63.829,0,"甲斐野柊太",53.439,-101.466,0,"SOM_candy",-1.923,-105.053,0,"ByeolBam",-43.45,-100.332,0,3789.773,-0.029,-22.461,3793.229,7,"SOM_candy",0.867,-89.801,1,0,,,,,336,2
117,5,0,12,6,0,0,0,1,0,0,17,255,255,43,3812.679,"인생최패망자",R,26,85,139,-2.902,-0.774,0.148,2.027,-1.078,0.932,-36.458,28.645,1,0,-141.852,-200,28.23,-0.92,-14.377,0,3,0,L,"Pring__",190,94.612,0.484,0,84,0,0,0,0,0,0,0,0,0,0,0,0,0,0,0,0,0.229,-37.3,0,"schmoneymikey",-0.179,-17.122,119,"hdsteve",-19.234,-44.851,0,"Pugeuk",-15.12,-62.057,0,"encounter v",21.411,-46.083,0,"눈꽃",11.22,-63.584,111,"甲斐野柊太",35.148,-78.105,0,"SOM_candy",-0.199,-106.3,0,"ByeolBam",-42.914,-98.016,0,0,0,0,0,0,"",0,0,0,0,3816.584,3819.219,,,0,0
118,5,0,12,6,1,0,0,0,1,0,255,17,255,44,3837.283,"인생최패망자",R,26,87,140,-0.456,-0.45,0.316,2.092,-0.298,1.142,-36.682,44.98,0,0,64.428,-187.054,11.224,0,0,1,3,0,L,"Pring__",190,94.612,0.484,0,84,0,0,0,0,0,0,0,0,0,0,0,0,0,0,0,0,0.417,-37.349,0,"schmoneymikey",-0.012,-17.525,0,"hdsteve",-22.356,-48.137,0,"Pugeuk",-14.047,-62.218,0,"encounter v",21.517,-43.406,0,"눈꽃",10.521,-61.859,0,"甲斐野柊太",36.675,-83.485,0,"SOM_candy",0.824,-97.831,0,"ByeolBam",-43.094,-97.154,0,0,0,0,0,0,"",0,0,0,0,3838.773,3839.751,,,0,0
119,5,0,12,6,1,1,0,0,1,0,255,17,255,45,3851.391,"인생최패망자",R,10,64,96,1.363,-1.486,0.431,2.071,0.359,1.312,-36.918,61.826,2,0,98.126,400,-10.764,0,0,1,3,0,L,"Pring__",190,94.612,0.484,3,84,3852.636,186,90,41,80,70,128,94,5.288,-45.584,0.91,0,0.581,182.864,-120.451,-243.294,0.174,-37.191,0,"schmoneymikey",0.083,-17.175,0,"hdsteve",-22.715,-49.706,85,"Pugeuk",-13.992,-62.204,0,"encounter v",20.203,-45.804,0,"눈꽃",14.902,-63.481,0,"甲斐野柊太",36.378,-83.019,0,"SOM_candy",0.173,-99.194,0,"ByeolBam",-40.945,-106.128,0,3853.462,17.367,-37.634,3854.184,4,"encounter v",21.572,-41.391,0,0,,3863.099,,,276,2
120,5,0,12,6,0,0,1,0,1,0,255,17,255,46,3963.132,"인생최패망자",R,0,65,120,12.81,5.923,0.389,2.034,5.592,4.488,-37.73,127.723,1,0,20.014,-23.544,0.716,5.099,-7.533,0,4,1,R,"소솨소솨",190,80,0.405,0,84,0,0,0,0,0,0,0,0,0,0,0,0,0,0,0,0,0.712,-33.394,0,"schmoneymikey",1.418,-15.371,0,"hdsteve",-22.257,-48.379,0,"Pugeuk",-10.94,-62.831,0,"encounter v",19.282,-40.14,87,"눈꽃",8.799,-62.23,0,"甲斐野柊太",39.266,-91.674,0,"SOM_candy",-0.404,-102.886,0,"ByeolBam",-40.812,-103.726,0,0,0,0,0,0,"",0,0,0,4,3967.54,,3969.908,,0,0
121,5,0,12,6,1,0,2,0,0,0,255,255,255,47,3990.71,"인생최패망자",R,26,85,138,-0.498,-0.363,0.344,2.105,-0.167,1.184,-36.627,47.802,2,0,-45.306,-200,9.991,0,0,1,4,1,R,"소솨소솨",190,80,0.405,3,84,3991.699,255,189,159,16,0,145,127,-30,-6.784,0.71,0,0.51,-500.759,-325.973,-24.256,0.049,-37.02,0,"schmoneymikey",-0.007,-17.064,0,"hdsteve",-22.999,-48.901,83,"Pugeuk",-14.409,-61.799,0,"encounter v",19.718,-45.339,0,"눈꽃",10.259,-65.232,77,"甲斐野柊太",45.248,-92.276,0,"SOM_candy",-1.849,-103.681,0,"ByeolBam",-42.927,-95.483,0,3991.584,0.006,-20.176,3993.422,5,"눈꽃",5.367,-64.437,1,0,,,,,274,2
122,5,0,12,6,0,0,2,1,0,0,11,255,255,48,4022.302,"인생최패망자",R,10,57,91,1.088,0.146,0.355,2.381,0.464,2.534,-37.128,76.707,0,0,0,400,0.614,-0.249,-16.122,0,5,3,R,"아침땅_",160,95.405,0.5,0,84,0,0,0,0,0,0,0,0,0,0,0,0,0,0,0,0,0.593,-37.756,0,"schmoneymikey",0.175,-16.328,0,"hdsteve",-20.906,-44.382,0,"Pugeuk",-12.055,-62.402,0,"encounter v",20.356,-42.199,0,"눈꽃",3.223,-61.762,0,"甲斐野柊太",33.22,-89.541,0,"SOM_candy",0.186,-103.007,0,"ByeolBam",-42.372,-98.776,0,0,0,0,0,0,"",0,0,0,0,4025.306,,,,0,0
123,5,0,12,6,0,1,2,1,0,0,11,255,255,49,4038.349,"인생최패망자",R,26,89,140,-0.559,-1.758,0.302,1.936,-0.364,0.446,-36.69,40.066,2,0,82.913,-186.298,12.444,0,0,1,5,3,R,"아침땅_",160,95.405,0.5,2,84,4039.338,137,73,92,53,20,139,84,-16.002,5.846,0.95,0.048,0.332,-171.979,220.804,27.97,0.09,-36.995,93,"schmoneymikey",-0.032,-16.972,0,"hdsteve",-20.575,-46.38,0,"Pugeuk",-15.885,-60.226,0,"encounter v",19.254,-44.37,0,"눈꽃",9.258,-65.702,0,"甲斐野柊太",28.606,-84.732,0,"SOM_candy",-0.716,-99.849,0,"ByeolBam",-41.847,-98.893,0,4039.14,-0.17,-18.836,4040.406,0,"인생최패망자",-1.919,-34.684,0,32,,4044.068,,,344,2
124,6,1,12,6,0,0,0,0,0,0,255,255,255,73,4089.235,"Pring__",L,28,79,129,-0.385,-0.641,-0.252,1.679,-0.093,1.127,-36.472,37.532,2,0,-46.563,-71.9,2.163,0,0,1,3,1,L,"schmoneymikey",190,90,0.403,3,84,4090.375,207,148,107,56,0,145,99,106.64,64.592,-0.38,0,0.212,496.312,-36.634,-329.545,-0.174,-36.961,0,"소솨소솨",-0.116,-17.115,0,"すーぱーおもちらんど",-20.04,-46.949,0,"아침땅_",-9.809,-66.184,0,"ًً미소",24.325,-49.619,0,"Amellaid",16.666,-62.506,0,"Kr_Luna",37.268,-88.063,0,"ᴄʀᴜɴᴄʜʏᴇsᴛ",0.538,-112.413,0,"Multeinn",-44.011,-93.891,0,0,0,0,0,0,"",0,0,0,0,,,,,8,3
125,6,1,12,6,0,1,0,0,0,0,255,255,255,74,4106.089,"Pring__",L,10,72,103,0.766,-1.545,-0.091,1.549,0.336,1.213,-36.411,21.279,4,0,0,400,-1.177,0.173,-18.307,1,3,1,L,"schmoneymikey",190,90,0.403,0,84,0,0,0,0,0,0,0,0,0,0,0,0,0,0,0,0,0.265,-37.997,0,"소솨소솨",0.043,-17.435,0,"すーぱーおもちらんど",-20.866,-45.992,0,"아침땅_",-6.552,-65.949,0,"ًً미소",23.978,-50.614,0,"Amellaid",16.257,-63.671,0,"Kr_Luna",42.005,-84.719,0,"ᴄʀᴜɴᴄʜʏᴇsᴛ",-0.92,-116.932,0,"Multeinn",-42.515,-91.727,0,0,0,0,0,0,"",0,0,0,0,4107.729,,,,0,0
126,6,1,12,6,0,2,0,0,0,0,255,255,255,75,4121.548,"Pring__",L,27,77,128,1.282,-0.199,-0.093,1.568,0.623,1.387,-36.364,24.264,0,0,-42.062,-106.564,-1.593,0,0,1,3,1,L,"schmoneymikey",190,90,0.403,0,84,0,0,0,0,0,0,0,0,0,0,0,0,0,0,0,0,-0.096,-37.762,0,"소솨소솨",0.119,-17.978,0,"すーぱーおもちらんど",-21.468,-46.864,0,"아침땅_",-7.893,-66.522,0,"ًً미소",23.936,-50.47,0,"Amellaid",15.745,-63.039,0,"Kr_Luna",40.683,-87.394,0,"ᴄʀᴜɴᴄʜʏᴇsᴛ",-0.904,-115.759,0,"Multeinn",-42.118,-93.493,0,0,0,0,0,0,"",0,0,0,0,4123.018,,,,0,0
127,6,1,12,6,0,0,1,0,0,0,255,255,255,76,4142.382,"Pring__",L,28,74,126,0.056,0.448,-0.199,1.68,0.13,1.758,-36.376,31.842,0,0,-66.932,-98.47,3.004,0,0,0,4,2,R,"hdsteve",174.6,83,0.31,0,84,0,0,0,0,0,0,0,0,0,0,0,0,0,0,0,0,-0.001,-37.64,0,"소솨소솨",0.002,-17.697,0,"すーぱーおもちらんど",-20.705,-46.439,0,"아침땅_",-14.68,-64.121,0,"ًً미소",23.944,-50.507,0,"Amellaid",11.578,-66.421,0,"Kr_Luna",43.422,-88.384,0,"ᴄʀᴜɴᴄʜʏᴇsᴛ",-0.735,-114.789,0,"Multeinn",-46.617,-88.529,0,0,0,0,0,0,"",0,0,0,0,4143.929,,,,0,0
128,6,1,12,6,0,1,1,0,0,0,255,255,255,77,4158.067,"Pring__",L,0,79,117,2.809,1.058,-0.122,1.639,0.116,1.528,-36.391,31.467,2,0,0,0,1.178,0,0,1,4,2,R,"hdsteve",174.6,83,0.31,3,49,4159.329,255,75,77,56,15,143,84,-17.605,22.969,-0.84,0,0.41,41.085,558.494,-209.057,0.34,-36.884,0,"소솨소솨",-0.057,-17.732,0,"すーぱーおもちらんど",-20.935,-46.34,85,"아침땅_",-14.679,-63.923,0,"ًً미소",23.935,-50.451,0,"Amellaid",14.165,-64.659,0,"Kr_Luna",35.852,-88.774,0,"ᴄʀᴜɴᴄʜʏᴇsᴛ",-0.694,-114.193,0,"Multeinn",-45.714,-90.274,0,4159.284,-0.969,-21.845,4161.707,3,"아침땅_",-15.107,-56.059,0,0,,,,,41,2
129,6,1,12,6,0,0,2,0,0,0,255,255,255,78,4182.057,"Pring__",L,26,77,128,-0.206,0.268,-0.204,1.641,0.107,1.625,-36.373,35.409,0,0,-128.074,-163.471,3.032,0,0,0,5,6,L,"甲斐野柊太",190,80,0.2,0,25,0,0,0,0,0,0,0,0,0,0,0,0,0,0,0,0,0.01,-37.367,0,"소솨소솨",0.007,-17.621,102,"すーぱーおもちらんど",-19.589,-46.702,0,"아침땅_",-9.68,-66.336,0,"ًً미소",23.751,-49.759,0,"Amellaid",14.475,-63.927,0,"Kr_Luna",38.071,-83.978,0,"ᴄʀᴜɴᴄʜʏᴇsᴛ",0.347,-111.794,0,"Multeinn",-44.429,-92.906,0,0,0,0,0,0,"",0,0,0,0,4183.54,,,,0,0
130,6,1,12,6,0,1,2,0,0,0,255,255,255,79,4198.058,"Pring__",L,11,77,123,1.999,-0.438,-0.039,1.608,0.871,1.516,-36.408,24.928,2,0,0,199.267,-3.804,0,0,1,5,6,L,"甲斐野柊太",190,80,0.2,2,25,4199.233,194,105,88,118,69,145,91,104.832,71.8,0.98,0,0.084,125.261,-72.567,-39.291,-0.356,-37.244,0,"소솨소솨",0.038,-17.649,0,"すーぱーおもちらんど",-19.856,-46.551,0,"아침땅_",-9.261,-66.346,0,"ًً미소",23.706,-49.681,0,"Amellaid",14.483,-63.99,0,"Kr_Luna",43.087,-89.599,0,"ᴄʀᴜɴᴄʜʏᴇsᴛ",0.356,-111.8,0,"Multeinn",-44.474,-92.752,0,0,0,0,0,0,"",0,0,0,0,,,,,8,3
131,6,1,12,6,0,2,2,0,0,0,255,255,255,80,4214.408,"Pring__",L,28,80,132,0.96,-0.306,-0.118,1.546,0.503,1.317,-36.33,23.09,2,0,-61.507,-97.096,0.442,0,0,1,5,6,L,"甲斐野柊太",190,80,0.2,2,25,4215.588,144,83,63,99,53,137,98,53.908,0.857,-0.22,0,0.124,353.82,52.965,-90.125,-0.388,-37.055,0,"소솨소솨",0.111,-17.826,0,"すーぱーおもちらんど",-20.037,-46.995,0,"아침땅_",-8.84,-66.391,87,"ًً미소",23.496,-49.596,0,"Amellaid",16.024,-62.847,0,"Kr_Luna",44.567,-90.722,0,"ᴄʀᴜɴᴄʜʏᴇsᴛ",-6.234,-114.812,0,"Multeinn",-43.193,-94.204,0,4221.795,-0.811,-82.92,4222.251,7,"ᴄʀᴜɴᴄʜʏᴇsᴛ",-0.769,-81.856,0,0,,,,,352,1
132,6,0,12,6,0,0,0,0,0,0,255,255,255,50,4259.016,"인생최패망자",R,26,89,140,-0.264,-0.452,0.348,2.111,-0.15,1.12,-36.608,48.141,0,0,18.535,-200,12.383,0,0,0,6,8,R,"Multeinn",160,89.555,0.501,0,84,0,0,0,0,0,0,0,0,0,0,0,0,0,0,0,0,0.219,-36.978,0,"schmoneymikey",-0.055,-17.007,0,"hdsteve",-22.979,-48.536,0,"Pugeuk",-14.356,-60.654,0,"encounter v",20.28,-47.286,0,"눈꽃",14.088,-63.595,0,"甲斐野柊太",47.518,-96.88,0,"SOM_candy",-1.608,-99.33,0,"ByeolBam",-41.183,-102.039,0,0,0,0,0,0,"",0,0,0,0,4260.24,,,,0,0
133,6,0,12,6,0,1,0,0,0,0,255,255,255,51,4269.721,"인생최패망자",R,26,86,140,-0.145,-1.112,0.356,2.017,-0.113,0.757,-36.563,42.956,2,0,30.63,-200,17.383,0,0,1,6,8,R,"Multeinn",160,89.555,0.501,3,84,4270.864,216,106,52,32,36,133,89,17.86,20.309,0.9,0,0.327,-51.262,324.408,498.543,0.267,-37.301,0,"schmoneymikey",-0.036,-16.981,0,"hdsteve",-22.993,-48.615,0,"Pugeuk",-14.45,-60.806,0,"encounter v",20.078,-47.231,0,"눈꽃",10.78,-63.382,88,"甲斐野柊太",46.287,-111.045,0,"SOM_candy",-4.22,-98.125,0,"ByeolBam",-37.9,-100.716,107,4273.596,-23.282,-73.195,4274.962,8,"ByeolBam",-29.352,-85.392,1,0,,,,,386,2
134,6,0,12,6,0,0,0,1,0,0,18,255,255,52,4292.098,"인생최패망자",R,10,59,93,-0.05,-0.503,0.236,2.194,-0.027,1.988,-37.187,79.27,2,0,0,400,0.294,0,0,1,7,4,L,"ًً미소",190,80,0.4,3,84,4293.491,229,224,85,100,87,145,101,-86.421,78.678,-0.28,0,0.39,-255.384,389.143,226.017,0.208,-37.135,0,"schmoneymikey",-0.023,-16.866,0,"hdsteve",-18.635,-42.129,0,"Pugeuk",-17.617,-61.411,0,"encounter v",21.269,-46.698,0,"눈꽃",13.612,-62.175,0,"甲斐野柊太",31.49,-78.138,0,"SOM_candy",-0.277,-99.199,0,"ByeolBam",-39.987,-94.032,0,4293.318,-0.223,-19.923,0,0,"",0,0,0,0,,,,,256,3
135,6,0,12,6,0,1,0,1,0,0,18,255,255,53,4307.343,"인생최패망자",R,0,58,100,1.27,0.166,0.311,2.107,0.544,1.718,-37.252,82.807,0,0,0,0,-2.706,0,0,0,7,4,L,"ًً미소",190,80,0.4,0,42,0,0,0,0,0,0,0,0,0,0,0,0,0,0,0,0,0.165,-37.807,0,"schmoneymikey",0.151,-17.23,0,"hdsteve",-19.316,-43.722,0,"Pugeuk",-16.08,-61.086,0,"encounter v",20.578,-45.626,0,"눈꽃",5.639,-61.575,0,"甲斐野柊太",33.193,-83.706,0,"SOM_candy",-5.458,-92.814,0,"ByeolBam",-37.923,-95.103,0,0,0,0,0,0,"",0,0,0,0,4309.129,,,,0,0
136,6,0,12,6,0,2,0,1,0,0,18,255,255,54,4322.543,"인생최패망자",R,10,65,97,0.387,-2.01,0.372,1.988,0.159,0.948,-36.8,58.442,2,0,0,400,-6.041,0,0,1,7,4,L,"ًً미소",190,80,0.4,3,42,4323.843,213,130,119,87,76,145,118,-24.143,32.679,0.84,0,0.266,-408.64,307.235,311.644,0.05,-36.839,120,"schmoneymikey",0.016,-16.993,0,"hdsteve",-19.025,-42.187,0,"Pugeuk",-14.853,-61.596,0,"encounter v",20.275,-45.64,0,"눈꽃",9.224,-62.19,87,"甲斐野柊太",33.829,-82.266,0,"SOM_candy",-3.152,-95.308,0,"ByeolBam",-39.764,-99.358,105,4323.651,-0.302,-21.193,4327.862,8,"ByeolBam",-52.297,-89.434,1,0,,4328.207,,,386,2
137,6,0,12,6,0,0,0,1,1,0,14,18,255,55,4374.603,"인생최패망자",R,26,82,134,-0.286,-0.865,0.327,2.05,-0.246,0.932,-36.62,45.497,2,0,77.721,-153.922,1.983,0,0,1,8,6,L,"Kr_Luna",170.1,92.714,0.501,3,63,4375.521,230,79,113,85,37,145,126,-2.907,2.453,0.51,0,0.123,-283.756,-526.184,39.172,-0.376,-37.205,0,"schmoneymikey",0.053,-16.943,0,"hdsteve",-20.615,-45.786,0,"Pugeuk",-15.188,-60.083,0,"encounter v",18.988,-44.346,85,"눈꽃",11.898,-61.495,111,"甲斐野柊太",33.638,-80.923,0,"SOM_candy",-0.193,-81.792,104,"ByeolBam",-41.094,-94.654,0,4375.507,0.165,-24.832,4378.04,7,"SOM_candy",-3.904,-82.521,1,0,,4381.201,4379.392,,326,2
138,6,0,12,6,0,0,1,1,0,1,16,255,18,56,4404.426,"인생최패망자",R,26,84,137,0.184,0.102,0.332,2.151,-0.02,1.473,-36.729,48.143,0,0,63.035,-200,9.695,0,0,0,0,2,R,"すーぱーおもちらんど",190,89.927,0.397,0,90,0,0,0,0,0,0,0,0,0,0,0,0,0,0,0,0,0.341,-37.069,0,"schmoneymikey",-0.245,-19.046,117,"hdsteve",-18.088,-44.395,0,"Pugeuk",-3.836,-66.092,0,"encounter v",19.321,-41.009,0,"눈꽃",4.725,-61.268,0,"甲斐野柊太",28.986,-79.415,0,"SOM_candy",-2.789,-96.395,0,"ByeolBam",-38.526,-93.892,0,0,0,0,0,0,"",0,0,0,0,4405.917,4407.179,4409.084,,0,0
139,6,0,12,6,0,1,1,0,1,1,255,16,18,57,4426.539,"인생최패망자",R,26,84,137,-0.481,-0.32,0.346,2.113,-0.158,1.21,-36.592,40.387,0,0,-44.814,-200,14.661,0,0,0,0,2,R,"すーぱーおもちらんど",190,89.927,0.397,0,90,0,0,0,0,0,0,0,0,0,0,0,0,0,0,0,0,0.229,-37.595,0,"schmoneymikey",-0.012,-17.247,112,"hdsteve",-23.209,-49.034,0,"Pugeuk",-16.189,-61.154,0,"encounter v",18.668,-39.646,0,"눈꽃",7.158,-61.864,0,"甲斐野柊太",33.111,-83.982,0,"SOM_candy",-2.695,-102.788,0,"ByeolBam",-39.735,-94.384,0,0,0,0,0,0,"",0,0,0,0,4428.018,4429.932,4428.729,,0,0
140,6,0,12,6,0,2,1,0,1,1,255,16,18,58,4444.004,"인생최패망자",R,13,75,103,-3.25,-2.157,0.14,1.837,-0.745,0.762,-36.57,33.01,4,0,-333.198,351.249,7.454,-0.661,-19.675,1,0,2,R,"すーぱーおもちらんど",190,89.927,0.397,0,90,0,0,0,0,0,0,0,0,0,0,0,0,0,0,0,0,0.267,-34.37,0,"schmoneymikey",-0.307,-17.599,119,"hdsteve",-22.88,-49.14,87,"Pugeuk",-17.274,-61.112,80,"encounter v",19.388,-40.28,0,"눈꽃",7.723,-61.857,0,"甲斐野柊太",29.96,-80.073,0,"SOM_candy",-3.482,-102.681,0,"ByeolBam",-37.331,-97.675,0,0,0,0,0,0,"",0,0,0,0,4445.64,4448.007,4448.146,,0,0
141,6,0,12,6,0,0,2,0,1,1,255,16,18,59,4473.575,"인생최패망자",R,10,62,95,1.872,-1.657,0.5,2.089,0.75,1.381,-37.027,81.477,1,0,22.21,400,-22.376,0,0,0,1,5,L,"Amellaid",173.3,86,0.44,0,84,0,0,0,0,0,0,0,0,0,0,0,0,0,0,0,0,0.293,-37.56,0,"schmoneymikey",0.503,-17.733,0,"hdsteve",-21.153,-46.031,0,"Pugeuk",-15.858,-60.464,0,"encounter v",18.741,-39.845,69,"눈꽃",17.255,-62.629,0,"甲斐野柊太",35.52,-78.373,0,"SOM_candy",-2.081,-94.857,0,"ByeolBam",-41.961,-93.717,0,0,0,0,0,0,"",0,0,0,0,4475.351,4477.051,4475.842,,0,0
142,6,0,12,6,1,0,2,0,1,1,255,16,18,60,4503.71,"인생최패망자",R,14,77,104,2.156,-2.267,0.449,1.878,0.213,0.773,-36.54,42.334,4,0,369.138,312.348,3.786,0.428,-19.581,1,1,5,L,"Amellaid",173.3,86,0.44,0,84,0,0,0,0,0,0,0,0,0,0,0,0,0,0,0,0,0.228,-37.768,0,"schmoneymikey",0.596,-17.752,0,"hdsteve",-21.537,-46.417,0,"Pugeuk",-15.78,-60.535,0,"encounter v",18.861,-39.793,0,"눈꽃",17.26,-62.615,0,"甲斐野柊太",32.146,-75.815,0,"SOM_candy",-0.131,-93.616,0,"ByeolBam",-41.751,-97.458,0,0,0,0,0,0,"",0,0,0,0,4505.384,,4505.976,,0,0
143,6,0,12,6,1,1,2,0,1,1,255,16,18,61,4518.138,"인생최패망자",R,14,40,79,1.801,-2.229,0.368,1.994,-0.037,1.048,-36.965,77.933,1,0,280.403,312.348,-2.682,0.36,-19.738,0,1,5,L,"Amellaid",173.3,86,0.44,0,84,0,0,0,0,0,0,0,0,0,0,0,0,0,0,0,0,0.149,-38.016,0,"schmoneymikey",0.727,-17.788,0,"hdsteve",-20.434,-44.512,0,"Pugeuk",-15.835,-60.41,0,"encounter v",19.223,-39.845,0,"눈꽃",17.533,-62.526,0,"甲斐野柊太",32.065,-75.878,0,"SOM_candy",0.046,-97.101,0,"ByeolBam",-41.736,-97.456,0,0,0,0,0,0,"",0,0,0,0,4520.396,4522.337,,,0,0
144,6,0,12,6,2,1,2,0,1,1,255,16,18,62,4532.198,"인생최패망자",R,14,75,103,1.888,-2.416,0.412,1.845,0.098,0.694,-36.501,40.39,1,0,365.589,312.348,4.453,0.368,-19.854,0,1,5,L,"Amellaid",173.3,86,0.44,0,84,0,0,0,0,0,0,0,0,0,0,0,0,0,0,0,0,0.315,-37.573,0,"schmoneymikey",0.7,-17.631,0,"hdsteve",-22.458,-47.956,0,"Pugeuk",-15.915,-60.59,0,"encounter v",19.69,-40.248,0,"눈꽃",15.975,-62.756,0,"甲斐野柊太",32.011,-75.792,0,"SOM_candy",2.3,-96.395,0,"ByeolBam",-41.747,-97.46,0,0,0,0,0,0,"",0,0,0,0,4533.862,,,,0,0
145,6,0,12,6,3,1,2,0,1,1,255,16,18,63,4545.757,"인생최패망자",R,26,79,131,-0.612,-0.452,0.312,2.098,-0.316,1.115,-36.535,41.704,2,0,27.494,-200,8.931,0,0,1,1,5,L,"Amellaid",173.3,86,0.44,3,84,4546.863,255,121,42,0,0,67,64,-8.506,-23.109,-0.91,0,0.466,-92.96,-394.605,-131.703,0.409,-37.019,0,"schmoneymikey",0.017,-17.466,0,"hdsteve",-22.47,-47.758,104,"Pugeuk",-15.883,-60.505,0,"encounter v",17.58,-43.048,120,"눈꽃",15.376,-63.459,0,"甲斐野柊太",32.06,-75.921,0,"SOM_candy",-2.34,-99.171,0,"ByeolBam",-40.416,-98.744,0,4546.873,1.334,-22.415,4548.929,4,"encounter v",11.915,-42.999,0,0,,,4551.554,,28,2
146,7,1,12,6,0,0,0,0,0,0,255,255,255,81,4587.875,"Pring__",L,5,67,106,-0.572,-0.075,-0.442,1.772,-0.336,1.561,-36.589,55.354,2,0,51.307,0,0.442,0,0,1,6,7,L,"SOM_candy",169.9,96.924,0.504,3,42,4588.966,161,113,172,59,104,145,124,9.717,-20.529,0.47,0,0.12,-136.118,-541.506,-212.729,0.045,-36.607,0,"소솨소솨",-0.095,-17.156,0,"すーぱーおもちらんど",-19.882,-46.573,72,"아침땅_",-8.935,-66.39,0,"ًً미소",22.489,-48.703,0,"Amellaid",15.384,-63.213,106,"Kr_Luna",49.876,-96.048,0,"ᴄʀᴜɴᴄʜʏᴇsᴛ",0.042,-111.158,0,"Multeinn",-38.533,-86.562,0,0,0,0,4590.484,5,"Amellaid",16.236,-58.356,0,0,,,,,11,1
147,7,1,12,6,0,0,1,0,0,0,255,255,255,82,4613.074,"Pring__",L,27,80,131,1.283,-0.294,-0.083,1.552,0.668,1.321,-36.267,23.882,0,0,-75.27,-116.75,0.007,0,0,0,7,8,R,"ByeolBam",180.4,90,0.5,0,84,0,0,0,0,0,0,0,0,0,0,0,0,0,0,0,0,0.072,-37.321,0,"소솨소솨",-0.053,-17.183,106,"すーぱーおもちらんど",-19.216,-45.798,0,"아침땅_",-14.519,-63.908,0,"ًً미소",23.402,-48.651,0,"Amellaid",14.183,-63.955,0,"Kr_Luna",41.985,-89.971,0,"ᴄʀᴜɴᴄʜʏᴇsᴛ",-2.198,-112.417,0,"Multeinn",-46.509,-91.734,0,0,0,0,0,0,"",0,0,0,0,4614.484,,,,0,0
148,7,1,12,6,0,1,1,0,0,0,255,255,255,83,4627.793,"Pring__",L,27,81,133,0.273,-0.083,-0.178,1.591,0.228,1.454,-36.253,28.304,2,0,-74.571,-110.705,1.68,0,0,1,7,8,R,"ByeolBam",180.4,90,0.5,3,84,4628.977,244,47,107,80,36,145,97,27.996,37.482,-0.29,0,0.152,183.74,555.04,-130.275,0.009,-36.752,0,"소솨소솨",-0.091,-17.23,0,"すーぱーおもちらんど",-19.84,-45.721,0,"아침땅_",-14.689,-63.815,0,"ًً미소",23.411,-48.681,0,"Amellaid",14.371,-64.143,0,"Kr_Luna",42.023,-89.989,0,"ᴄʀᴜɴᴄʜʏᴇsᴛ",-1.792,-114.594,0,"Multeinn",-46.868,-93.891,0,4633.784,-61.398,-81.53,4634.029,8,"Multeinn",-59.208,-79.794,0,0,,,,,72,1
149,7,1,12,6,0,0,2,0,0,0,255,255,255,84,4655.822,"Pring__",L,0,73,112,-0.723,0.849,-0.213,1.86,-0.309,2.147,-36.575,51.412,0,0,0,0,0.896,0,0,0,8,0,R,"인생최패망자",190,80,0.404,0,84,0,0,0,0,0,0,0,0,0,0,0,0,0,0,0,0,-0.116,-37.471,0,"소솨소솨",-0.069,-17.033,0,"すーぱーおもちらんど",-20.49,-46.827,0,"아침땅_",-14.853,-63.677,0,"ًً미소",22.839,-48.36,0,"Amellaid",13.613,-64.172,0,"Kr_Luna",36.557,-93.946,0,"ᴄʀᴜɴᴄʜʏᴇsᴛ",0.176,-113.44,0,"Multeinn",-47.097,-91.789,0,0,0,0,0,0,"",0,0,0,0,4657.373,,,,0,0
150,7,1,12,6,0,1,2,0,0,0,255,255,255,85,4672.848,"Pring__",L,27,75,127,0.537,0.037,-0.149,1.632,0.36,1.596,-36.246,30.869,2,0,-76.946,-100.716,0.923,0,0,1,8,0,R,"인생최패망자",190,80,0.404,3,84,4674.055,213,163,135,149,70,145,94,105.843,-19.1,-0.65,0,0.364,561.267,199.426,-63.322,-0.332,-37.084,0,"소솨소솨",-0.026,-17.242,0,"すーぱーおもちらんど",-20.557,-47.319,0,"아침땅_",-14.934,-63.254,0,"ًً미소",22.85,-48.412,0,"Amellaid",13.445,-64.251,0,"Kr_Luna",36.812,-93.813,0,"ᴄʀᴜɴᴄʜʏᴇsᴛ",0.189,-113.572,0,"Multeinn",-47.53,-91.928,0,0,0,0,0,0,"",0,0,0,0,,,,,8,3
151,7,1,12,6,0,2,2,0,0,0,255,255,255,86,4691.316,"Pring__",L,0,0,0,0,0,0,0,0,0,0,0,0,0,0,0,0,0,0,1,8,0,R,"인생최패망자",190,80,0.404,3,74,4692.73,246,51,134,88,10,145,89,-21.335,-38.346,-0.86,0,0.388,-272.805,-501.569,181.127,-0.028,-37.455,0,"소솨소솨",0.008,-17.418,0,"すーぱーおもちらんど",-21.225,-47.541,0,"아침땅_",-14.859,-63.496,0,"ًً미소",23.464,-49.875,0,"Amellaid",13.632,-64.484,0,"Kr_Luna",41.732,-92.474,0,"ᴄʀᴜɴᴄʜʏᴇsᴛ",0.027,-114.041,0,"Multeinn",-48,-90.449,0,4692.606,1.273,-21.178,0,0,"",0,0,0,0,,,,,8,0
152,7,1,12,6,0,2,2,0,0,0,255,255,255,87,4712.983,"Pring__",L,26,70,124,-2.392,1.111,-0.318,1.775,-0.824,2.14,-36.521,46.49,2,0,-133.591,-163.566,-1.886,0,0,1,8,0,R,"인생최패망자",190,80,0.404,3,74,4714.235,236,191,149,115,76,145,114,-8.473,28.207,0.9,0,0.457,-153.346,306.403,-9.244,-0.184,-37.54,0,"소솨소솨",-0.077,-16.963,0,"すーぱーおもちらんど",-20.232,-46.232,74,"아침땅_",-14.898,-63.595,0,"ًً미소",23.149,-49.119,0,"Amellaid",14.115,-64.146,0,"Kr_Luna",44.682,-91.416,0,"ᴄʀᴜɴᴄʜʏᴇsᴛ",0.995,-110.018,0,"Multeinn",-43.179,-87.726,95,4714.351,-4.79,-29.01,4717.307,8,"Multeinn",-33.585,-82.471,1,0,,,,,73,2
153,7,1,12,6,0,0,2,1,0,0,0,255,255,88,4745.191,"Pring__",L,34,73,126,7.658,-0.402,-0.292,1.764,-0.987,2.24,-36.642,51.175,2,0,-92.803,-81.246,0.519,0,0,0,0,3,R,"Pugeuk",160,86.173,0.398,3,84,4746.411,161,38,88,36,16,139,99,26.895,16.589,0.87,0,0.5,420.617,424.08,-45.158,-0.384,-37.358,0,"소솨소솨",-0.255,-16.951,0,"すーぱーおもちらんど",-19.367,-46.023,0,"아침땅_",-14.619,-63.195,0,"ًً미소",24.439,-49.85,0,"Amellaid",12.492,-65.071,0,"Kr_Luna",41.804,-98.974,0,"ᴄʀᴜɴᴄʜʏᴇsᴛ",0.358,-108.344,0,"Multeinn",-47.869,-91.339,0,4751.207,-33.117,-100.044,4751.417,8,"Multeinn",-31.709,-97.233,0,0,,4750.342,,,320,1
154,7,0,12,6,0,0,0,0,0,0,255,255,255,64,4799.494,"인생최패망자",L,34,74,127,-2.509,-0.48,-0.547,0.972,-0.932,1.3,-36.702,59.799,4,0,-94.42,-32.631,8.531,0,0,1,2,7,R,"ᴄʀᴜɴᴄʜʏᴇsᴛ",190,90.286,0.647,0,51,0,0,0,0,0,0,0,0,0,0,0,0,0,0,0,0,0.078,-38.218,0,"schmoneymikey",-0.098,-17.427,0,"hdsteve",-22.8,-49.314,0,"Pugeuk",-15.316,-60.898,0,"encounter v",20.126,-46.412,0,"눈꽃",14.656,-64.178,0,"甲斐野柊太",36.995,-86.365,0,"SOM_candy",-8.324,-101.376,0,"ByeolBam",-41.752,-104.074,0,0,0,0,0,0,"",0,0,0,0,4801.34,,,,0,0
155,7,0,12,6,0,1,0,0,0,0,255,255,255,65,4815.441,"인생최패망자",L,4,67,101,-1.283,0.281,-0.656,1.257,-1.05,1.855,-36.78,59.555,2,0,249.009,36.575,6.242,0,0,1,2,7,R,"ᴄʀᴜɴᴄʜʏᴇsᴛ",190,90.286,0.647,3,51,4816.708,189,136,74,162,122,145,112,-30,50.381,0.91,0.143,0.552,-4.456,-419.763,-425.194,-0.277,-37.068,0,"schmoneymikey",-0.003,-17.347,0,"hdsteve",-22.947,-49.304,0,"Pugeuk",-15.474,-60.901,0,"encounter v",19.86,-46.397,0,"눈꽃",15.367,-62.814,0,"甲斐野柊太",41.848,-92.88,0,"SOM_candy",-8.329,-101.158,0,"ByeolBam",-41.652,-104.158,0,4816.707,-2.527,-23.017,0,0,"",0,0,0,0,,,,,256,3
156,7,0,12,6,0,2,0,0,0,0,255,255,255,66,4835.572,"인생최패망자",L,34,74,126,-3.068,0.48,-0.646,1.085,-1.236,1.928,-36.7,62.573,2,0,-52.518,1.129,-0.14,0,0,1,2,7,R,"ᴄʀᴜɴᴄʜʏᴇsᴛ",190,90.286,0.647,3,51,4836.718,195,75,166,115,75,145,111,22.177,38.824,0.89,0.095,0.504,174.11,533.799,204.342,-0.275,-37.473,0,"schmoneymikey",0.027,-17.356,0,"hdsteve",-23.973,-49.834,0,"Pugeuk",-15.883,-62.394,0,"encounter v",19.606,-45.587,0,"눈꽃",14.214,-63.83,0,"甲斐野柊太",48.845,-111.177,0,"SOM_candy",-11.561,-96.587,0,"ByeolBam",-44.903,-104.051,0,4840.695,-65.372,-83.326,0,0,"",0,0,0,0,,,,,256,3
157,7,0,12,6,0,2,0,0,0,0,255,255,255,67,4855.94,"인생최패망자",L,33,81,133,-0.115,-0.232,-0.479,1.03,-0.461,1.751,-36.4,40.462,2,0,-140.051,21.799,-0.465,0,0,1,2,7,R,"ᴄʀᴜɴᴄʜʏᴇsᴛ",190,90.286,0.647,3,51,4857.265,136,88,112,107,52,142,93,25.895,50.562,0.96,0.143,0.376,140.052,487.739,-314.267,-0.467,-37.532,0,"schmoneymikey",0.002,-17.383,0,"hdsteve",-23.031,-48.435,0,"Pugeuk",-15.476,-61.787,0,"encounter v",19.552,-46.472,0,"눈꽃",14.865,-63.862,0,"甲斐野柊太",20.541,-114.424,0,"SOM_candy",-6.523,-106.787,0,"ByeolBam",-45.737,-97.9,0,4861.251,-63.101,-62.457,0,0,"",0,0,0,0,,,,,256,3
158,7,0,12,6,0,2,0,0,0,0,255,255,255,68,4876.443,"인생최패망자",L,13,73,101,0.188,-0.251,-0.584,1.12,-0.632,1.913,-36.733,56.084,2,0,358.49,312.348,11.829,0,0,1,2,7,R,"ᴄʀᴜɴᴄʜʏᴇsᴛ",190,90.286,0.647,3,51,4877.728,218,54,124,135,114,145,117,-30,29.285,0.86,0.048,0.41,-78.643,365.644,-465.973,-0.008,-37.308,0,"schmoneymikey",-0.005,-17.318,0,"hdsteve",-22.201,-47.677,85,"Pugeuk",-16.239,-61.708,0,"encounter v",19.788,-45.473,0,"눈꽃",15.883,-63.112,0,"甲斐野柊太",3.187,-85.271,0,"SOM_candy",-19.291,-102.162,0,"ByeolBam",-53.196,-90.563,87,4877.695,-0.95,-23.259,4881.451,8,"ByeolBam",-36.158,-88.626,1,0,,,,,400,2
159,7,0,12,6,0,0,0,1,0,0,17,255,255,69,4904.306,"인생최패망자",L,32,82,134,1.065,-0.629,-0.32,0.971,0.818,1.206,-36.771,43.505,2,0,-236.511,-34.867,-0.163,0,0,0,3,0,R,"Pring__",190,94.612,0.484,3,84,4905.237,100,80,135,136,71,136,94,25.473,31.892,0.94,0.049,0.287,-125.092,508.216,-291.324,0.401,-37.469,0,"schmoneymikey",0.012,-17.156,0,"hdsteve",-18.947,-43.638,0,"Pugeuk",-16.64,-60.997,0,"encounter v",19.68,-46.073,97,"눈꽃",11.014,-62.983,0,"甲斐野柊太",38.39,-103.254,0,"SOM_candy",-6.707,-102.219,0,"ByeolBam",-43.673,-99.553,113,4909.484,-46.79,-79.942,4910.462,8,"ByeolBam",-51.919,-85.152,1,4,,4911.021,4915.53,,390,2
160,7,0,12,6,0,0,1,1,0,0,10,255,255,70,4939.527,"인생최패망자",L,0,0,0,0,0,0,0,0,0,0,0,0,0,0,0,0,0,0,0,4,1,R,"소솨소솨",190,80,0.405,0,84,0,0,0,0,0,0,0,0,0,0,0,0,0,0,0,0,0,0,0,"",0,0,0,"",0,0,0,"",0,0,0,"",0,0,0,"",0,0,0,"",0,0,0,"",0,0,0,"",0,0,0,0,0,0,0,0,"",0,0,0,0,,,,,0,0
161,7,0,12,6,1,0,1,1,0,0,10,255,255,71,4955.819,"인생최패망자",L,34,73,126,-0.559,-0.421,-0.524,1.127,-0.151,1.319,-36.782,52.642,2,0,-51.243,-42.79,2.332,0,0,1,4,1,R,"소솨소솨",190,80,0.405,3,84,4956.844,255,151,73,0,18,120,83,13.018,5.067,-0.34,0,0.538,319.167,365.874,-349.105,-0.013,-37.093,0,"schmoneymikey",-0.039,-17.075,0,"hdsteve",-18.916,-46.068,87,"Pugeuk",-14.883,-62.349,95,"encounter v",19.344,-45.471,0,"눈꽃",4.984,-66.021,0,"甲斐野柊太",21.541,-73.106,0,"SOM_candy",-4.624,-98.975,0,"ByeolBam",-43.033,-96.581,0,0,0,0,4959.362,3,"Pugeuk",-5.639,-62.603,0,0,,,,,273,1
162,7,0,12,6,0,0,2,1,0,0,10,255,255,72,4980.232,"인생최패망자",L,32,81,133,-1.965,-0.764,-0.493,0.941,-0.48,1.203,-36.622,47.924,1,0,-250,-14.49,3.757,-0.963,-18.126,0,5,3,R,"아침땅_",160,95.405,0.5,0,84,0,0,0,0,0,0,0,0,0,0,0,0,0,0,0,0,-0.012,-37.703,0,"schmoneymikey",-0.134,-17.276,99,"hdsteve",-20.662,-45.723,0,"Pugeuk",-17.375,-60.639,0,"encounter v",20.148,-46.336,0,"눈꽃",6.562,-65.988,0,"甲斐野柊太",40.157,-101.841,0,"SOM_candy",-5.246,-100.547,0,"ByeolBam",-39.409,-98.359,0,0,0,0,0,0,"",0,0,0,0,4983.951,,,,0,0
163,7,0,12,6,1,0,2,1,0,0,10,255,255,73,4996.567,"인생최패망자",L,32,88,140,-0.39,0.622,-0.363,1.07,0.077,1.922,-36.557,39.707,2,0,-175.581,-31.908,3.976,0,0,1,5,3,R,"아침땅_",160,95.405,0.5,2,84,4997.502,116,65,111,58,16,137,85,27.052,37.844,-0.29,0,0.29,-225.745,455.272,-319.009,-0.141,-37.231,0,"schmoneymikey",-0.009,-17.302,0,"hdsteve",-20.545,-43.735,0,"Pugeuk",-17.336,-60.707,0,"encounter v",19.951,-46.311,86,"눈꽃",7.653,-65.488,0,"甲斐野柊太",42.567,-103.221,0,"SOM_candy",-6.101,-98.947,0,"ByeolBam",-41.656,-99.494,0,5001.207,-44.439,-67.778,5003.929,8,"ByeolBam",-60.349,-82.929,1,0,,5002.886,5008.065,,388,2
164,7,0,12,6,0,0,2,0,1,0,255,13,255,74,5028.299,"인생최패망자",L,32,82,135,0.52,0.037,-0.271,0.984,0.507,1.593,-36.469,29.651,2,0,-195.984,-48.412,-3.428,0,0,0,6,8,R,"Multeinn",160,89.555,0.501,3,84,5029.085,255,86,71,36,10,137,89,61.85,28.586,-0.04,0,0.321,403.331,-440.065,-8.961,-0.276,-36.896,0,"schmoneymikey",-0.002,-16.891,0,"hdsteve",-22.418,-47.844,0,"Pugeuk",-16.874,-60.238,0,"encounter v",17.165,-42.916,0,"눈꽃",6.571,-63.309,0,"甲斐野柊太",29.648,-97.68,0,"SOM_candy",-9.168,-102.075,0,"ByeolBam",-39.183,-97.236,0,5035.096,-19.885,-63.107,5035.229,3,"Pugeuk",-19.546,-61.984,0,0,,,5033.481,5034.285,1,1
