id,inn,half,scoreA,scoreB,ball,strk,out,b1,b2,b3,b1Idx,b2Idx,b3Idx,pCnt,pSec,pName,pHand,pType,pPow,spdK,zoneX,zoneY,startX,startY,targetX,targetY,zDist,pitchAngle,call,balk,sH,sV,gyro,plx,plz,bSwing,bIdx,bPos,bZone,bName,bHCm,batLen,batCen,batType,bFps,bOS,bVR,hSec,rotS,rotL,shS,lgS,prepS,batSpd,ev,ldeg,sdeg,hPos,buntGrip,handDist,angVeloX,angVeloY,angVeloZ,PPosX,PPosY,PThrSpd,CName,CPosX,CPosY,CThrSpd,1BName,1BPosX,1BPosY,1BThrSpd,2BName,2BPosX,2BPosY,2BThrSpd,3BName,3BPosX,3BPosY,3BThrSpd,SSName,SSPosX,SSPosY,SSThrSpd,LFName,LFPosX,LFPosY,LFThrSpd,CFName,CFPosX,CFPosY,CFThrSpd,RFName,RFPosX,RFPosY,RFThrSpd,ltSec,lx,lz,cSec,cPos,cPlr,cx,cz,1BSafe,tag,cpSec,sb2Sec,sb3Sec,sbhSec,ass,result
1,1,1,0,0,0,0,0,0,0,0,255,255,255,0,336.064,"kotatu_yowai",R,26,88,140,0.115,0.639,0.206,1.697,0.027,1.756,-36.399,25.876,0,0,12.309,-200,13.237,0,0,0,0,5,R,"Yaksok~",166.8,86.073,0.453,0,83,W,Y,0,0,0,0,0,0,0,0,0,0,0,0,0,0,0,0,0.005,-37.579,0,"濃いめのラー油",-0.061,-17.736,0,"아침땅_",-22.128,-48.246,0,"mochi_2929",-12.511,-60.261,0,"Kr_Luna",19.042,-49.884,0,"うよすま",13.518,-59.135,0,"AI",40.9,-90.65,0,"Gonyong",-3.48,-101.452,0,"AI",-40.8,-90.55,0,0,0,0,0,0,"",0,0,0,0,337.365,,,,0,0
2,1,1,0,0,0,1,0,0,0,0,255,255,255,1,350.403,"kotatu_yowai",R,13,69,98,-2.415,-1.583,0.111,1.532,-0.275,1.317,-36.399,11.921,2,0,-347.842,312.348,-38.458,0,0,1,0,5,R,"Yaksok~",166.8,86.073,0.453,2,81,W,Y,351.724,249,119,147,114,15,145,79,-12.141,13.623,1,0,0.364,-232.251,507.649,-190.684,-0.03,-37.237,0,"濃いめのラー油",-0.163,-17.818,0,"아침땅_",-21.83,-47.965,87,"mochi_2929",-12.733,-61.09,97,"Kr_Luna",18.272,-50.65,0,"うよすま",13.274,-60.073,0,"AI",40.9,-90.65,0,"Gonyong",-3.484,-101.478,0,"AI",-40.8,-90.55,0,351.723,-0.816,-22.837,354.198,3,"mochi_2929",-6.463,-57.153,0,0,,,,,25,2
3,1,1,0,0,0,0,1,0,0,0,255,255,255,2,372.681,"kotatu_yowai",R,27,86,139,0.544,0.687,0.24,1.756,0.185,1.935,-36.399,20.525,2,0,36.083,-116.31,9.601,0,0,1,1,2,R,"SUGUN",190,81.662,0.502,0,81,W,Y,373.846,247,48,63,50,7,137,87,106.455,-45.157,1,0,0.19,-324.645,322.61,-33.395,0.017,-37.26,0,"濃いめのラー油",0.049,-17.837,0,"아침땅_",-22.171,-48.362,0,"mochi_2929",-12.769,-60.677,0,"Kr_Luna",18.319,-47.755,0,"うよすま",13.638,-59.221,0,"AI",40.9,-90.65,0,"Gonyong",-9.19,-119.815,0,"AI",-40.8,-90.55,0,0,0,0,0,0,"",0,0,0,0,,,,,1,3
4,1,1,0,0,0,1,1,0,0,0,255,255,255,3,391.062,"kotatu_yowai",R,6,79,107,-0.205,-0.491,-0.088,1.513,-0.892,1.317,-36.399,6.694,2,0,394.801,0,35.331,0,0,1,1,2,R,"SUGUN",190,81.662,0.502,5,55,W,Y,392.334,160,212,84,140,80,145,93,5.087,-4.286,0.97,0,0.413,237.115,-8.973,211.368,0.01,-37.021,0,"濃いめのラー油",-0.29,-17.955,0,"아침땅_",-21.962,-48.3,0,"mochi_2929",-12.29,-62.013,66,"Kr_Luna",18.292,-47.821,0,"うよすま",13.49,-61.086,0,"AI",40.9,-90.65,0,"Gonyong",-8.529,-118.654,93,"AI",-40.8,-90.55,0,393.773,2.564,-56.277,397.948,7,"Gonyong",3.33,-99.995,1,0,,,,,13,2
5,1,1,0,0,0,0,1,1,0,0,2,255,255,4,420.09,"kotatu_yowai",R,27,92,140,-2.622,-0.889,-0.064,1.448,-1.229,0.936,-36.399,7.098,1,0,76.567,-137.274,18.847,0,0,0,2,4,R,"-라후이-",190,87,0.498,0,81,W,Y,0,0,0,0,0,0,0,0,0,0,0,0,0,0,0,0,0.296,-37.302,0,"濃いめのラー油",-0.229,-17.8,0,"아침땅_",-20.185,-42.486,0,"mochi_2929",-10.774,-60.549,0,"Kr_Luna",18.812,-51.575,0,"うよすま",5.315,-60.404,0,"AI",40.9,-90.65,0,"Gonyong",-30.396,-121.529,0,"AI",-40.8,-90.55,0,0,0,0,0,0,"",0,0,0,0,421.14,,,,0,0
6,1,1,0,0,1,0,1,1,0,0,2,255,255,5,440.666,"kotatu_yowai",R,13,58,89,-2.047,-1.275,0.207,1.52,-0.099,1.399,-36.399,5.952,4,0,-315.897,312.348,-35.2,-0.622,-18.147,1,2,4,R,"-라후이-",190,87,0.498,0,81,W,Y,0,0,0,0,0,0,0,0,0,0,0,0,0,0,0,0,0.213,-37.991,0,"濃いめのラー油",-0.211,-17.767,0,"아침땅_",-20.386,-42.387,0,"mochi_2929",-11.177,-61.041,0,"Kr_Luna",19.009,-51.464,0,"うよすま",5.795,-62.114,0,"AI",40.9,-90.65,0,"Gonyong",-30.782,-121.41,0,"AI",-40.8,-90.55,0,0,0,0,0,0,"",0,0,0,0,442.098,,,,0,0
7,1,1,0,0,1,1,1,1,0,0,2,255,255,6,462.925,"kotatu_yowai",R,26,91,140,0.232,0.134,0.21,1.639,0.047,1.556,-36.399,16.352,0,0,35.471,-162.525,15.501,0,0,1,2,4,R,"-라후이-",190,87,0.498,0,81,W,Y,0,0,0,0,0,0,0,0,0,0,0,0,0,0,0,0,0.359,-37.021,0,"濃いめのラー油",-0.18,-17.789,0,"아침땅_",-19.812,-42.27,0,"mochi_2929",-11.088,-60.456,0,"Kr_Luna",18.964,-51.366,0,"うよすま",4.011,-61.777,0,"AI",40.9,-90.65,0,"Gonyong",-30.784,-121.41,0,"AI",-40.8,-90.55,0,0,0,0,0,0,"",0,0,0,0,463.965,,,,0,0
8,1,1,0,0,1,2,1,1,0,0,2,255,255,7,480.012,"kotatu_yowai",R,13,66,95,-3.103,-1.246,0.122,1.558,-0.603,1.376,-36.399,10.565,1,0,-328.685,324.28,-26.274,-0.695,-18.468,0,2,4,R,"-라후이-",190,87,0.498,0,81,W,Y,0,0,0,0,0,0,0,0,0,0,0,0,0,0,0,0,0.107,-37.799,0,"濃いめのラー油",-0.547,-17.807,0,"아침땅_",-19.704,-42.063,0,"mochi_2929",-12.474,-59.874,0,"Kr_Luna",18.989,-51.359,0,"うよすま",4.045,-61.395,0,"AI",40.9,-90.65,0,"Gonyong",-31.227,-120.764,0,"AI",-40.8,-90.55,0,0,0,0,0,0,"",0,0,0,0,483.782,,,,0,0
9,1,1,0,0,2,2,1,1,0,0,2,255,255,8,499.856,"kotatu_yowai",R,11,70,105,-2.055,-0.161,-0.014,1.802,-0.895,1.776,-36.399,34.733,1,0,0,190.606,15.507,0,0,0,2,4,R,"-라후이-",190,87,0.498,0,81,W,Y,0,0,0,0,0,0,0,0,0,0,0,0,0,0,0,0,-0.902,-37.374,0,"濃いめのラー油",-0.696,-18.108,0,"아침땅_",-20.544,-44.595,0,"mochi_2929",-10.37,-62.053,0,"Kr_Luna",18.818,-51.433,0,"うよすま",-0.181,-59.211,0,"AI",40.9,-90.65,0,"Gonyong",-31.217,-120.812,0,"AI",-40.8,-90.55,0,0,0,0,0,0,"",0,0,0,0,501.09,502.529,,,0,0
10,1,1,0,0,3,2,1,0,1,0,255,2,255,9,521.166,"kotatu_yowai",R,26,87,140,-1.195,-0.526,0.074,1.51,-0.588,1.138,-36.399,14.234,2,0,48.194,-168.73,15.639,0,0,1,2,4,R,"-라후이-",190,87,0.498,3,87,W,Y,522.006,161,87,151,79,45,145,130,19.589,35.658,0.43,0,0.185,-22.291,389.844,29.555,-0.362,-36.885,0,"濃いめのラー油",-0.165,-18.092,0,"아침땅_",-21.68,-47.609,0,"mochi_2929",-12.485,-60.642,0,"Kr_Luna",18.952,-45.034,0,"うよすま",0.357,-59.439,69,"AI",40.9,-90.65,0,"Gonyong",-30.413,-119.343,0,"AI",-40.8,-90.55,0,526.215,-66.719,-99.495,527.407,8,"AI",-61.438,-96.073,1,0,,532.196,527.735,532.65,65,2
11,1,1,1,0,0,0,1,0,1,0,255,4,255,10,554.106,"kotatu_yowai",R,10,79,107,0.107,-1.235,0.213,1.459,0.04,1.199,-36.399,14.869,2,0,0,400,35.887,0,0,1,3,1,L,"Pring__",190,92.818,0.485,3,79,W,Y,555.002,205,132,94,104,81,145,87,24.401,18.389,1,0,0.836,-203.239,-470.125,-99.847,-0.165,-36.914,0,"濃いめのラー油",-0.024,-18.074,0,"아침땅_",-21.571,-47.929,0,"mochi_2929",-7.751,-62.068,0,"Kr_Luna",18.272,-49.311,0,"うよすま",13.617,-60.698,0,"AI",40.9,-90.65,0,"Gonyong",6.365,-121.199,85,"AI",-40.8,-90.55,0,558.732,-14.072,-84.681,562.923,8,"AI",-15.187,-110.466,1,0,,565.555,562.922,567.906,5,2
12,1,1,2,0,0,0,1,0,1,0,255,1,255,11,595.804,"kotatu_yowai",R,26,84,136,0.968,0.367,0.281,1.661,0.375,1.624,-36.399,25.718,2,0,30.469,-199.318,9.496,0,0,1,4,3,R,"TaeGeuk_",176.8,88,0.623,2,79,W,Y,596.849,162,33,88,52,24,144,127,32.977,45.486,0.47,0,0.172,-264.848,412.851,-35.938,-0.105,-36.97,0,"濃いめのラー油",0.016,-18.112,0,"아침땅_",-21.695,-47.564,0,"mochi_2929",-11.571,-60.284,0,"Kr_Luna",18.533,-49.342,0,"うよすま",9.913,-59.899,0,"AI",40.9,-90.65,0,"Gonyong",-8.369,-118.381,0,"AI",-40.8,-90.55,0,601.29,-83.076,-87.512,0,0,"",0,0,0,0,,602.295,,,1,3
13,1,1,2,0,0,1,1,0,1,0,255,1,255,12,616.788,"kotatu_yowai",R,13,59,90,-2.433,-1.515,0.205,1.598,-0.337,1.37,-36.399,24.754,4,0,-300.781,338.902,-20.816,0,0,1,4,3,R,"TaeGeuk_",176.8,88,0.623,0,79,W,Y,0,0,0,0,0,0,0,0,0,0,0,0,0,0,0,0,-0.01,-37.87,0,"濃いめのラー油",-0.067,-18.069,0,"아침땅_",-22.255,-48.227,0,"mochi_2929",-9.769,-61.371,0,"Kr_Luna",18.562,-46.061,0,"うよすま",6.28,-62.423,0,"AI",40.9,-90.65,0,"Gonyong",-11.671,-122.492,0,"AI",-40.8,-90.55,0,0,0,0,0,0,"",0,0,0,0,618.282,,,,0,0
14,1,1,2,0,0,2,1,0,1,0,255,1,255,13,631.341,"kotatu_yowai",R,10,79,107,1.133,-1.254,0.296,1.591,0.297,1.471,-36.399,29.1,2,0,96.735,400,15.027,0,0,1,4,3,R,"TaeGeuk_",176.8,88,0.623,2,79,W,Y,632.402,0,0,0,0,0,0,44,28.393,17.254,-1,0,0.218,354.996,-57.337,11.05,-0.253,-37.321,0,"濃いめのラー油",0.007,-18.109,0,"아침땅_",-21.814,-47.763,0,"mochi_2929",-10.824,-58.671,0,"Kr_Luna",19.364,-49.062,0,"うよすま",11.648,-60.321,0,"AI",40.9,-90.65,0,"Gonyong",-12.895,-122.073,0,"AI",-40.8,-90.55,0,0,0,0,634.548,0,"kotatu_yowai",-5.231,-37.363,0,0,,635.666,,,1,1
15,1,1,2,0,0,0,2,0,1,0,255,1,255,14,655.853,"kotatu_yowai",R,26,87,140,1.612,1.288,0.336,1.852,0.633,2.246,-36.399,34.428,4,0,50.92,-200,12.941,0,0,1,5,0,L,"하루（Haru）",190,90,0.503,0,78,W,Y,0,0,0,0,0,0,0,0,0,0,0,0,0,0,0,0,0.085,-37.486,0,"濃いめのラー油",-0.167,-17.984,0,"아침땅_",-21.684,-48.523,0,"mochi_2929",-7.332,-60.807,0,"Kr_Luna",19.116,-48.111,0,"うよすま",9.408,-61.074,0,"AI",40.9,-90.65,0,"Gonyong",12.707,-120.98,0,"AI",-40.8,-90.55,0,0,0,0,0,0,"",0,0,0,0,657.09,658.545,,,0,0
16,1,1,2,0,0,1,2,0,1,0,255,1,255,15,668.827,"kotatu_yowai",R,10,75,104,0.309,-1.252,0.241,1.554,0.128,1.405,-36.399,16.708,1,0,0,400,26.572,0.157,-19.47,0,5,0,L,"하루（Haru）",190,90,0.503,0,78,W,Y,0,0,0,0,0,0,0,0,0,0,0,0,0,0,0,0,0.171,-37.451,0,"濃いめのラー油",-0.087,-18.048,0,"아침땅_",-21.873,-48.298,0,"mochi_2929",-6.239,-60.824,0,"Kr_Luna",19.136,-44.34,0,"うよすま",11.723,-61.382,0,"AI",40.9,-90.65,0,"Gonyong",12.692,-120.984,0,"AI",-40.8,-90.55,0,0,0,0,0,0,"",0,0,0,0,672.907,671.462,,,0,0
17,1,1,2,0,1,1,2,0,1,0,255,1,255,16,684.715,"kotatu_yowai",R,13,60,91,0.66,-0.918,0.541,1.591,1.034,1.584,-36.399,25.94,0,0,-322.996,312.348,-49.646,0,0,1,5,0,L,"하루（Haru）",190,90,0.503,0,78,W,Y,0,0,0,0,0,0,0,0,0,0,0,0,0,0,0,0,0.348,-37.795,0,"濃いめのラー油",-0.038,-18.196,0,"아침땅_",-21.907,-48.331,0,"mochi_2929",-6.414,-61.677,0,"Kr_Luna",18.914,-41.309,0,"うよすま",15.444,-61.179,0,"AI",40.9,-90.65,0,"Gonyong",12.756,-121.044,0,"AI",-40.8,-90.55,0,0,0,0,0,0,"",0,0,0,0,686.198,688.017,,,0,0
18,1,1,2,0,1,2,2,0,1,0,255,1,255,17,700.469,"kotatu_yowai",R,26,92,140,1.201,-0.109,0.292,1.582,0.426,1.372,-36.399,28.491,0,0,66.133,-200,10.067,0,0,1,5,0,L,"하루（Haru）",190,90,0.503,0,78,W,Y,0,0,0,0,0,0,0,0,0,0,0,0,0,0,0,0,0.048,-37.243,0,"濃いめのラー油",-0.18,-18.389,0,"아침땅_",-21.834,-47.638,0,"mochi_2929",-9.203,-62.097,0,"Kr_Luna",19.893,-41.651,0,"うよすま",14.63,-62.082,0,"AI",40.9,-90.65,0,"Gonyong",12.787,-121.035,0,"AI",-40.8,-90.55,0,0,0,0,913.04,0,"하루（Haru）",0.087,-37.647,0,0,701.715,,,,0,0
19,1,0,2,0,0,0,0,0,0,0,255,255,255,0,926.736,"하루（Haru）",R,28,87,140,-3.373,0.848,0.159,1.754,-0.19,1.654,-36.489,40.868,2,0,63.786,-92.088,6.591,0,0,1,0,7,L,"Gonyong",169.6,80,0.2,0,45,W,Y,927.724,205,86,94,40,21,145,88,-5.527,-26.164,-0.83,0,0.207,259.601,23.546,143.937,-0.323,-36.875,0,"Pring__",-0.055,-17.299,0,"SUGUN",-19.978,-44.767,87,"ByeolBam",-13.33,-63.627,0,"-라후이-",18.855,-44.813,0,"Yaksok~",16.399,-63.012,100,"AI",40.9,-90.65,0,"AI",0,-109.84,0,"AI",-40.8,-90.55,0,927.932,3.46,-27.224,930.332,1,"Pring__",17.805,-57.357,1,0,,,,,35,2
20,1,0,2,0,0,0,0,1,0,0,17,255,255,1,956.004,"하루（Haru）",R,26,90,140,-1.337,-0.317,0.051,1.636,-0.694,1.272,-36.489,32.994,2,0,95.43,-160.261,10.629,0,0,1,1,1,L,"濃いめのラー油",190,80,0.8,3,76,W,Y,957.037,255,100,107,70,14,145,93,-18.595,13.592,-0.69,0,0.064,479.865,-141.596,-33.239,-0.676,-37.26,0,"Pring__",-0.087,-17.403,0,"SUGUN",-19.688,-44.637,0,"ByeolBam",-5.351,-62.485,0,"-라후이-",19.961,-45.093,0,"Yaksok~",13.113,-59.107,0,"AI",40.9,-90.65,0,"AI",0,-109.84,0,"AI",-40.8,-90.55,0,956.932,-0.813,-23.223,959.015,3,"ByeolBam",-9.718,-58.579,0,0,,959.4,,,98,2
21,1,0,2,0,0,0,1,0,1,0,255,17,255,2,988.339,"하루（Haru）",R,11,81,127,-0.091,-0.629,0.212,1.691,0.054,1.429,-36.489,45.412,0,0,-75.221,192.371,1.193,0,0,1,2,3,R,"mochi_2929",172.9,92.617,0.463,0,76,W,Y,0,0,0,0,0,0,0,0,0,0,0,0,0,0,0,0,-0.558,-37.058,0,"Pring__",0.032,-17.198,0,"SUGUN",-19.714,-44.042,0,"ByeolBam",-12.801,-63.606,0,"-라후이-",19.77,-47.265,0,"Yaksok~",6.134,-59.307,0,"AI",40.9,-90.65,0,"AI",0,-109.84,0,"AI",-40.8,-90.55,0,0,0,0,0,0,"",0,0,0,0,989.823,991.568,,,0,0
22,1,0,2,0,0,1,1,0,1,0,255,17,255,3,1010.831,"하루（Haru）",R,3,64,108,-0.158,0.273,0.332,1.803,0.691,1.764,-36.489,72.358,2,0,-405.658,0,18.917,0,0,1,2,3,R,"mochi_2929",172.9,92.617,0.463,3,75,W,Y,1012.076,152,52,51,39,22,131,125,18.638,45.04,0.41,0,0.199,227.872,523.53,-42.792,-0.285,-36.757,0,"Pring__",-0.612,-17.231,0,"SUGUN",-19.573,-44.189,0,"ByeolBam",-11.253,-61.06,0,"-라후이-",19.528,-45.773,0,"Yaksok~",7.942,-59.96,0,"AI",40.9,-90.65,0,"AI",0,-109.84,0,"AI",-40.8,-90.55,0,1015.932,-79.428,-83.866,0,0,"",0,0,0,0,,1021.704,,,32,3
23,1,0,2,0,0,2,1,0,1,0,255,17,255,4,1033.912,"하루（Haru）",R,3,62,107,-3.2,-0.193,0.064,1.712,-0.634,1.502,-36.489,35.382,2,0,-395.719,0,17.504,0,0,1,2,3,R,"mochi_2929",172.9,92.617,0.463,3,75,W,Y,1035.166,196,78,60,33,4,136,76,9.629,-3.397,1,0,0.188,13.132,579.682,92.409,-0.267,-37.24,120,"Pring__",-0.705,-17.25,0,"SUGUN",-19.687,-43.597,0,"ByeolBam",-13.139,-63.791,0,"-라후이-",19.823,-45.297,0,"Yaksok~",8.565,-59.93,0,"AI",40.9,-90.65,0,"AI",0,-109.84,0,"AI",-40.8,-90.55,0,0,0,0,1036.265,0,"하루（Haru）",-0.298,-36.343,0,0,1056.34,,,,99,1
24,2,1,2,0,0,0,0,0,0,0,255,255,255,18,1083.511,"kotatu_yowai",R,10,73,102,1.157,-1.106,0.359,1.667,0.494,1.648,-36.399,29.486,0,0,0,400,8.92,0,0,1,0,5,R,"Yaksok~",166.8,86.073,0.453,0,75,W,Y,0,0,0,0,0,0,0,0,0,0,0,0,0,0,0,0,0.087,-37.976,0,"濃いめのラー油",-0.017,-17.715,0,"아침땅_",-22.296,-48.651,0,"mochi_2929",-11.267,-60.972,0,"Kr_Luna",19.1,-49.399,0,"うよすま",9.171,-59.815,0,"AI",40.9,-90.65,0,"Gonyong",-4.174,-100.095,0,"AI",-40.8,-90.55,0,0,0,0,0,0,"",0,0,0,0,1085.107,,,,0,0
25,2,1,2,0,0,1,0,0,0,0,255,255,255,19,1100.022,"kotatu_yowai",R,13,62,92,-1.561,-1.273,0.207,1.622,0.023,1.537,-36.399,24.531,1,0,-311.345,333.8,-19.98,-0.646,-19.181,0,0,5,R,"Yaksok~",166.8,86.073,0.453,0,75,W,Y,0,0,0,0,0,0,0,0,0,0,0,0,0,0,0,0,-0.015,-37.83,0,"濃いめのラー油",-0.085,-17.825,0,"아침땅_",-22.28,-48.671,0,"mochi_2929",-12.245,-60.598,0,"Kr_Luna",19.214,-49.25,0,"うよすま",13.172,-61.181,0,"AI",40.9,-90.65,0,"Gonyong",-4.165,-100.113,0,"AI",-40.8,-90.55,0,0,0,0,0,0,"",0,0,0,0,1104.298,,,,0,0
26,2,1,2,0,1,1,0,0,0,0,255,255,255,20,1116.516,"kotatu_yowai",R,14,83,108,-0.511,-2.159,-0.083,1.322,-0.876,0.801,-36.399,7.878,1,0,394.357,278.976,62.391,0.051,-18.394,0,0,5,R,"Yaksok~",166.8,86.073,0.453,0,75,W,Y,0,0,0,0,0,0,0,0,0,0,0,0,0,0,0,0,-0.012,-37.484,0,"濃いめのラー油",0.017,-17.968,0,"아침땅_",-22.273,-48.557,0,"mochi_2929",-12.323,-61.132,0,"Kr_Luna",19.355,-49.271,0,"うよすま",13.008,-61.486,0,"AI",40.9,-90.65,0,"Gonyong",-4.181,-100.027,0,"AI",-40.8,-90.55,0,0,0,0,0,0,"",0,0,0,0,1120.382,,,,0,0
27,2,1,2,0,2,1,0,0,0,0,255,255,255,21,1131.571,"kotatu_yowai",R,26,85,138,1.966,1.415,0.36,1.822,0.746,2.217,-36.399,36.391,2,0,73.347,-160.63,11.493,0,0,1,0,5,R,"Yaksok~",166.8,86.073,0.453,3,75,W,Y,1132.838,200,200,38,0,6,65,63,-23.053,-19.622,-1,0,0.377,-8.012,-529.942,200.219,-0.295,-37.233,0,"濃いめのラー油",-0.117,-17.809,0,"아침땅_",-22.167,-48.498,85,"mochi_2929",-12.461,-61.599,0,"Kr_Luna",18.605,-49.416,0,"うよすま",12.81,-61.79,107,"AI",40.9,-90.65,0,"Gonyong",-4.17,-100.022,0,"AI",-40.8,-90.55,0,1132.865,1.344,-22.456,1136.115,5,"うよすま",7.049,-51.949,1,1,,,,,112,2
28,2,1,2,0,0,0,0,1,0,0,5,255,255,22,1159.113,"kotatu_yowai",R,13,63,93,-0.038,-1.278,0.561,1.534,0.845,1.348,-36.399,28.711,4,0,-346.27,286.802,-33.22,-0.333,-18.925,1,1,2,R,"SUGUN",190,81.662,0.502,0,75,W,Y,0,0,0,0,0,0,0,0,0,0,0,0,0,0,0,0,0.26,-37.813,0,"濃いめのラー油",-0.088,-17.954,0,"아침땅_",-20.639,-44.08,0,"mochi_2929",-11.783,-59.05,0,"Kr_Luna",19.315,-49.023,0,"うよすま",3.474,-59.851,0,"AI",40.9,-90.65,0,"Gonyong",-0.882,-95.439,0,"AI",-40.8,-90.55,0,0,0,0,0,0,"",0,0,0,0,1163.64,,,,0,0
29,2,1,2,0,0,1,0,1,0,0,5,255,255,23,1179.503,"kotatu_yowai",R,0,66,105,-1.251,0.209,0.092,1.811,-0.548,1.816,-36.399,47.723,2,0,0,46.35,9.315,0,0,1,1,2,R,"SUGUN",190,81.662,0.502,5,75,W,Y,1180.71,201,183,140,142,47,145,130,27.124,0.113,0.4,0,0.348,341.083,165.336,194.656,-0.01,-37.232,0,"濃いめのラー油",-0.224,-18.076,0,"아침땅_",-19.928,-45.918,0,"mochi_2929",-11.319,-58.746,0,"Kr_Luna",19.354,-49.091,0,"うよすま",7.715,-61.189,0,"AI",40.9,-90.65,0,"Gonyong",-3.779,-115.304,0,"AI",-40.8,-90.55,0,1186.173,-5.988,-140.666,0,0,"",0,0,0,0,,1187.869,1192.793,1197.807,64,4
30,2,1,4,0,0,0,0,0,0,0,255,255,255,24,1217.654,"kotatu_yowai",R,13,58,90,-2.055,-0.926,0.202,1.604,-0.121,1.596,-36.399,21.964,1,0,-319.446,312.348,-27.864,-0.743,-18.36,0,2,4,R,"-라후이-",190,87,0.498,0,75,W,Y,0,0,0,0,0,0,0,0,0,0,0,0,0,0,0,0,0.096,-37.626,0,"濃いめのラー油",-0.044,-17.895,0,"아침땅_",-22.171,-48.383,0,"mochi_2929",-12.821,-62.181,0,"Kr_Luna",19.591,-48.977,0,"うよすま",8.227,-60.937,0,"AI",40.9,-90.65,0,"Gonyong",-8.718,-117.389,0,"AI",-40.8,-90.55,0,0,0,0,0,0,"",0,0,0,0,1221.007,,,,0,0
31,2,1,4,0,0,1,0,0,0,0,255,255,255,25,1231.743,"kotatu_yowai",R,14,86,110,-0.477,-1.947,-0.056,1.258,-0.793,0.765,-36.399,9.456,1,0,376.665,328.821,66.93,0.109,-18.467,0,2,4,R,"-라후이-",190,87,0.498,0,75,W,Y,0,0,0,0,0,0,0,0,0,0,0,0,0,0,0,0,-0.037,-37.621,0,"濃いめのラー油",-0.081,-17.972,0,"아침땅_",-22.158,-48.411,0,"mochi_2929",-11.84,-61.091,0,"Kr_Luna",19.402,-50.319,0,"うよすま",10.757,-61.356,0,"AI",40.9,-90.65,0,"Gonyong",-8.737,-117.084,0,"AI",-40.8,-90.55,0,0,0,0,0,0,"",0,0,0,0,1235.123,,,,0,0
32,2,1,4,0,1,1,0,0,0,0,255,255,255,26,1247.105,"kotatu_yowai",R,26,90,140,0.914,0.769,0.261,1.752,0.286,1.922,-36.399,32.013,0,0,78.436,-200,9.204,0,0,0,2,4,R,"-라후이-",190,87,0.498,0,75,W,Y,0,0,0,0,0,0,0,0,0,0,0,0,0,0,0,0,0.125,-37.523,0,"濃いめのラー油",-0.063,-17.926,0,"아침땅_",-22.068,-48.297,0,"mochi_2929",-12.796,-60.204,0,"Kr_Luna",19.435,-49.898,0,"うよすま",11.935,-61.309,0,"AI",40.9,-90.65,0,"Gonyong",-8.71,-117.24,0,"AI",-40.8,-90.55,0,0,0,0,0,0,"",0,0,0,0,1248.165,,,,0,0
33,2,1,4,0,1,2,0,0,0,0,255,255,255,27,1259.399,"kotatu_yowai",R,3,60,93,0.885,-0.101,0.561,1.714,1.074,1.57,-36.399,47.904,2,0,-313.986,0,-14.726,0,0,1,2,4,R,"-라후이-",190,87,0.498,0,75,W,Y,1260.427,144,122,97,98,59,145,92,-30,38.871,1,0,0.233,-536.546,261.899,-48.25,-0.134,-37.23,0,"濃いめのラー油",-0.087,-18.021,0,"아침땅_",-21.956,-48.182,88,"mochi_2929",-12.651,-60.676,0,"Kr_Luna",18.886,-50.233,0,"うよすま",11.785,-61.302,0,"AI",40.9,-90.65,0,"Gonyong",-8.722,-117.272,0,"AI",-40.8,-90.55,0,1260.357,-1.148,-22.704,1262.173,2,"아침땅_",-19.049,-44.673,0,0,,,,,80,2
34,2,1,4,0,0,0,1,0,0,0,255,255,255,28,1281.178,"kotatu_yowai",R,10,89,128,-1.829,-2.065,0.029,1.368,-0.797,0.679,-36.399,6.151,2,0,0,400,52.484,0,0,1,3,1,L,"Pring__",190,92.818,0.485,3,75,W,Y,1282.408,180,122,77,111,83,145,117,-13.083,21.854,0.86,0,0.459,-350.304,-418.141,249.89,-0.134,-36.895,0,"濃いめのラー油",-0.088,-18.046,0,"아침땅_",-21.946,-48.698,86,"mochi_2929",-10.303,-60.997,97,"Kr_Luna",18.776,-50.356,0,"うよすま",13.382,-61.896,0,"AI",40.9,-90.65,0,"Gonyong",8.567,-120.198,0,"AI",-40.8,-90.55,0,1282.382,-0.755,-22.398,1284.14,3,"mochi_2929",-14.941,-57.478,0,0,,,,,84,2
35,2,1,4,0,0,0,2,0,0,0,255,255,255,29,1305.791,"kotatu_yowai",R,13,63,93,-2.517,-1.313,0.209,1.634,-0.363,1.447,-36.399,17.778,4,0,-316.976,330.812,-19.701,0,0,1,4,3,R,"TaeGeuk_",176.8,88,0.623,0,75,W,Y,0,0,0,0,0,0,0,0,0,0,0,0,0,0,0,0,-0.073,-38.055,0,"濃いめのラー油",-0.12,-17.94,0,"아침땅_",-22.123,-48.162,0,"mochi_2929",-12.806,-60.309,0,"Kr_Luna",18.45,-47.641,0,"うよすま",6.882,-61.342,0,"AI",40.9,-90.65,0,"Gonyong",-10.171,-124.456,0,"AI",-40.8,-90.55,0,0,0,0,0,0,"",0,0,0,0,1307.248,,,,0,0
36,2,1,4,0,0,1,2,0,0,0,255,255,255,30,1318.035,"kotatu_yowai",R,13,66,95,-1.771,-1.096,0.262,1.685,-0.054,1.571,-36.399,28.969,2,0,-318.044,338.207,-12.323,0,0,1,4,3,R,"TaeGeuk_",176.8,88,0.623,2,75,W,Y,1319.268,134,143,113,121,91,141,121,-0.884,36.132,0.75,0,0.154,260.134,-68.135,41.801,-0.122,-37.624,0,"濃いめのラー油",-0.098,-17.983,0,"아침땅_",-21.938,-48.008,85,"mochi_2929",-12.513,-60.652,0,"Kr_Luna",18.69,-47.412,0,"うよすま",9.956,-60.905,0,"AI",40.9,-90.65,0,"Gonyong",-9.942,-124.243,0,"AI",-40.8,-90.55,0,1319.548,-9.242,-33.1,1323.248,2,"아침땅_",-20.514,-49.284,1,0,,,,,80,2
37,2,1,4,0,0,0,2,1,0,0,3,255,255,31,1346.449,"kotatu_yowai",R,4,54,90,-1.466,-0.261,0.306,1.694,-0.062,1.472,-36.399,31.881,0,0,-249.989,0,-9.548,0,0,1,5,0,L,"하루（Haru）",190,90,0.503,0,74,W,Y,0,0,0,0,0,0,0,0,0,0,0,0,0,0,0,0,0.16,-37.586,0,"濃いめのラー油",-0.008,-18.003,0,"아침땅_",-20.512,-44.766,0,"mochi_2929",-8.708,-61.645,0,"Kr_Luna",19.299,-47.104,0,"うよすま",12.219,-61.95,0,"AI",40.9,-90.65,0,"Gonyong",3.436,-124.931,0,"AI",-40.8,-90.55,0,0,0,0,0,0,"",0,0,0,0,1347.915,,,,0,0
38,2,1,4,0,0,1,2,1,0,0,3,255,255,32,1374.086,"kotatu_yowai",R,26,83,135,-1.63,0.627,0.035,1.73,-0.768,1.851,-36.399,11.393,4,0,40.374,-170.333,17.475,0,0,1,5,0,L,"하루（Haru）",190,90,0.503,0,74,W,Y,0,0,0,0,0,0,0,0,0,0,0,0,0,0,0,0,0.109,-37.795,0,"濃いめのラー油",-0.081,-17.937,0,"아침땅_",-20.467,-44.546,0,"mochi_2929",-8.975,-61.266,0,"Kr_Luna",19.71,-47.268,0,"うよすま",11.305,-61.169,0,"AI",40.9,-90.65,0,"Gonyong",5.088,-118.526,0,"AI",-40.8,-90.55,0,0,0,0,0,0,"",0,0,0,0,1375.357,,,,0,0
39,2,1,4,0,0,2,2,1,0,0,3,255,255,33,1387.428,"kotatu_yowai",R,10,80,107,1.156,-1.061,0.292,1.596,0.286,1.496,-36.399,21.602,4,0,109.104,400,25.67,0.298,-18.929,1,5,0,L,"하루（Haru）",190,90,0.503,0,74,W,Y,0,0,0,0,0,0,0,0,0,0,0,0,0,0,0,0,0.093,-37.801,0,"濃いめのラー油",-0.026,-18.189,0,"아침땅_",-20.904,-48.1,0,"mochi_2929",-8.204,-61.379,0,"Kr_Luna",19.551,-47.347,0,"うよすま",13.705,-61.435,0,"AI",40.9,-90.65,0,"Gonyong",5.065,-118.509,0,"AI",-40.8,-90.55,0,0,0,0,0,0,"",0,0,0,0,1390.548,,,,0,0
40,2,0,4,0,0,0,0,0,0,0,255,255,255,5,1428.268,"하루（Haru）",R,1,30,92,0.721,1.2,0.429,1.971,0.846,2.415,-36.489,97.819,4,0,-3.501,3.409,0.447,0,0,0,3,4,L,"Kr_Luna",190,95.417,0.5,0,74,W,Y,0,0,0,0,0,0,0,0,0,0,0,0,0,0,0,0,-0.249,-36.906,0,"Pring__",0.004,-17.303,0,"SUGUN",-19.903,-44.496,0,"TaeGeuk_",-10.6,-56.057,0,"-라후이-",21.188,-47.11,0,"Yaksok~",15.393,-62.961,0,"AI",40.9,-90.65,0,"AI",0,-109.84,0,"AI",-40.8,-90.55,0,0,0,0,0,0,"",0,0,0,0,1429.723,,,,0,0
41,2,0,4,0,0,1,0,0,0,0,255,255,255,6,1445.706,"하루（Haru）",R,27,90,140,-0.088,-0.027,0.164,1.702,-0.168,1.484,-36.489,35.949,0,0,89.597,-119.76,5.617,0,0,0,3,4,L,"Kr_Luna",190,95.417,0.5,0,74,W,Y,0,0,0,0,0,0,0,0,0,0,0,0,0,0,0,0,-0.443,-37.406,0,"Pring__",-0.025,-17.23,0,"SUGUN",-19.876,-44.553,0,"TaeGeuk_",-11.36,-55.078,0,"-라후이-",21.123,-47.087,0,"Yaksok~",15.396,-62.951,0,"AI",40.9,-90.65,0,"AI",0,-109.84,0,"AI",-40.8,-90.55,0,0,0,0,0,0,"",0,0,0,0,1446.865,,,,0,0
42,2,0,4,0,0,2,0,0,0,0,255,255,255,7,1461.751,"하루（Haru）",R,3,71,114,0.547,0.196,0.387,1.818,0.912,1.731,-36.489,63.573,2,0,-379.657,0,14.462,0,0,0,3,4,L,"Kr_Luna",190,95.417,0.5,5,74,W,Y,1462.692,142,66,113,66,32,144,100,51.129,-0.829,-0.33,0,0.131,260.134,-68.135,41.801,-0.328,-36.683,0,"Pring__",-0.001,-17.308,0,"SUGUN",-19.917,-44.591,0,"TaeGeuk_",-11.363,-55.063,0,"-라후이-",20.91,-47.014,0,"Yaksok~",15.388,-62.954,98,"AI",40.9,-90.65,0,"AI",0,-109.84,0,"AI",-40.8,-90.55,0,1468.69,3.613,-88.502,1469.557,5,"Yaksok~",3.824,-88.151,0,0,,,,,33,1
43,2,0,4,0,0,0,1,0,0,0,255,255,255,8,1494.307,"하루（Haru）",R,33,81,132,1.199,1.198,0.278,1.916,0.364,2.207,-36.489,58.221,2,0,121.786,-103.858,8.523,0,0,1,4,2,R,"아침땅_",179.6,95.405,0.5,2,75,W,Y,1495.25,90,52,73,46,14,126,86,47.975,24.915,-0.23,0,0.336,-188.127,300.404,-172.542,-0.344,-36.827,0,"Pring__",-0.061,-17.161,0,"SUGUN",-19.749,-44.616,0,"TaeGeuk_",-12.479,-59.861,0,"-라후이-",20.414,-45.642,0,"Yaksok~",10.631,-61.069,85,"AI",40.9,-90.65,0,"AI",0,-109.84,0,"AI",-40.8,-90.55,0,1500.098,-28.09,-72.736,1500.865,8,"AI",-28.547,-73.422,1,0,,,,,33,2
44,2,0,4,0,0,0,1,1,0,0,12,255,255,9,1523.04,"하루（Haru）",R,1,41,100,-1.38,-0.587,0.108,1.744,-0.426,1.619,-36.489,21.504,2,0,-5.078,-1.201,3.857,0,0,0,5,5,R,"うよすま",175.4,92.834,0.601,0,75,W,Y,1524.244,157,78,127,102,33,145,132,-5.075,17.581,0.54,0.095,0.356,44.143,23.496,-16.826,-0.365,-36.675,0,"Pring__",-0.182,-17.345,0,"SUGUN",-19.808,-44.745,85,"TaeGeuk_",-14.138,-61.85,86,"-라후이-",20.683,-48.114,0,"Yaksok~",8.12,-59.378,100,"AI",40.9,-90.65,0,"AI",0,-109.84,0,"AI",-40.8,-90.55,0,1524.207,-2.317,-26.429,1525.64,3,"TaeGeuk_",-12.229,-57.803,0,0,,1528.997,,,115,2
45,3,1,4,0,0,0,0,0,0,0,255,255,255,34,1571.226,"kotatu_yowai",R,6,75,103,-0.092,-0.243,-0.089,1.643,-0.897,1.59,-36.399,12.355,0,0,416.584,64.728,35.656,0.398,-19.296,0,0,5,R,"Yaksok~",166.8,86.073,0.453,0,75,W,Y,0,0,0,0,0,0,0,0,0,0,0,0,0,0,0,0,-0.042,-37.702,0,"濃いめのラー油",-0.058,-17.68,0,"아침땅_",-22.15,-48.417,0,"mochi_2929",-13.664,-61.473,0,"Kr_Luna",17.437,-48.032,0,"うよすま",12.398,-55.906,0,"AI",40.9,-90.65,0,"Gonyong",-5.98,-101.36,0,"AI",-40.8,-90.55,0,0,0,0,0,0,"",0,0,0,0,1576.057,,,,0,0
46,3,1,4,0,0,1,0,0,0,0,255,255,255,35,1588.871,"kotatu_yowai",R,13,65,106,-2.435,-1.429,0.209,1.614,-0.399,1.351,-36.399,16.183,2,0,-349.775,343.875,-18.835,0,0,1,0,5,R,"Yaksok~",166.8,86.073,0.453,3,75,W,Y,1590.255,145,203,159,115,0,145,79,25.362,59.008,1,0,0.518,-78.742,-494.662,-272.134,0.037,-37.278,0,"濃いめのラー油",-0.196,-17.98,0,"아침땅_",-21.946,-48.233,0,"mochi_2929",-13.148,-61.724,0,"Kr_Luna",17.442,-48.023,0,"うよすま",13.069,-59.872,0,"AI",40.9,-90.65,0,"Gonyong",-7.727,-106.392,0,"AI",-40.8,-90.55,0,1592.682,-38.017,-47.443,0,0,"",0,0,0,0,,,,,64,3
47,3,1,4,0,0,2,0,0,0,0,255,255,255,36,1605.358,"kotatu_yowai",R,26,90,140,-1.88,-0.215,0.018,1.577,-0.846,1.313,-36.399,4.021,1,0,19.694,-172.096,22.149,0,0,0,0,5,R,"Yaksok~",166.8,86.073,0.453,0,75,W,Y,0,0,0,0,0,0,0,0,0,0,0,0,0,0,0,0,0.231,-37.047,0,"濃いめのラー油",-0.038,-17.954,0,"아침땅_",-22.11,-48.181,0,"mochi_2929",-13.197,-62.043,0,"Kr_Luna",18.413,-49.32,0,"うよすま",12.107,-60.123,0,"AI",40.9,-90.65,0,"Gonyong",-8.103,-106.619,0,"AI",-40.8,-90.55,0,0,0,0,0,0,"",0,0,0,0,1607.132,,,,0,0
48,3,1,4,0,1,2,0,0,0,0,255,255,255,37,1620.02,"kotatu_yowai",R,13,70,98,-1.965,-1.392,0.263,1.624,-0.161,1.422,-36.399,16.662,2,0,-331.922,333.46,-18.015,0,0,1,0,5,R,"Yaksok~",166.8,86.073,0.453,3,75,W,Y,1621.556,183,94,137,101,20,145,79,-9.502,48.522,1,0,0.238,-170.373,-532.057,-173.697,0.117,-37.261,0,"濃いめのラー油",-0.09,-17.886,0,"아침땅_",-21.974,-47.992,104,"mochi_2929",-13.083,-62.346,0,"Kr_Luna",18.012,-49.59,0,"うよすま",12.151,-60.613,0,"AI",40.9,-90.65,0,"Gonyong",-8.109,-106.644,0,"AI",-40.8,-90.55,0,1621.557,-2.921,-22.741,1623.565,2,"아침땅_",-22.16,-42.069,0,0,,,,,80,2
49,3,1,4,0,1,2,0,0,0,0,255,255,255,38,1638.169,"kotatu_yowai",R,26,81,131,-0.785,1.117,0.128,1.777,-0.333,2.05,-36.399,24.23,2,0,-8.972,-153.768,10.175,0,0,1,0,5,R,"Yaksok~",166.8,86.073,0.453,3,75,W,Y,1639.6,120,255,55,20,0,117,64,-12.24,54.451,1,0,0.556,54.972,-433.132,-174.923,0.113,-37.579,0,"濃いめのラー油",-0.054,-17.869,0,"아침땅_",-22.098,-48.197,85,"mochi_2929",-12.675,-60.554,0,"Kr_Luna",19.739,-49.132,0,"うよすま",11.964,-58.754,0,"AI",40.9,-90.65,0,"Gonyong",-6.725,-106.789,0,"AI",-40.8,-90.55,0,1639.823,-5.434,-23.469,1642.248,2,"아침땅_",-24.698,-39.993,0,0,,,,,80,2
50,3,1,4,0,1,2,0,0,0,0,255,255,255,39,1654.432,"kotatu_yowai",R,10,80,107,-1.365,-0.88,-0.046,1.699,-0.761,1.726,-36.399,23.976,2,0,89.733,400,17.877,0,0,1,0,5,R,"Yaksok~",166.8,86.073,0.453,3,75,W,Y,1656.149,152,114,82,58,0,142,82,-30,-8.279,0.98,0,0.323,151.408,191.319,-229.871,0.066,-37.514,91,"濃いめのラー油",-0.086,-17.887,0,"아침땅_",-21.967,-48.116,0,"mochi_2929",-13.296,-61.053,0,"Kr_Luna",19.008,-49.541,0,"うよすま",13.262,-61.648,0,"AI",40.9,-90.65,0,"Gonyong",-6.959,-107.58,0,"AI",-40.8,-90.55,0,1656.015,-0.156,-20.265,1657.232,0,"kotatu_yowai",2.057,-35.637,0,0,,,,,80,2
51,3,1,4,0,0,0,1,0,0,0,255,255,255,40,1678.044,"kotatu_yowai",R,10,79,119,-0.488,-0.588,0.153,1.69,-0.217,1.719,-36.399,27.018,2,0,0,400,15.676,0,0,1,1,2,R,"SUGUN",190,81.662,0.502,5,75,W,Y,1679.273,227,106,173,77,14,145,125,-30,1.29,0.74,0,0.276,-505.428,46.294,11.867,-0.083,-37.187,0,"濃いめのラー油",-0.021,-17.945,0,"아침땅_",-22.014,-48,0,"mochi_2929",-13.133,-62.056,0,"Kr_Luna",18.269,-50.139,0,"うよすま",12.271,-61.071,86,"AI",40.9,-90.65,0,"Gonyong",-2.334,-126.702,101,"AI",-40.8,-90.55,0,1679.173,-0.124,-21.054,1683.765,7,"Gonyong",-2.122,-108.668,1,0,,,,,97,2
52,3,1,4,0,0,0,1,1,0,0,2,255,255,41,1701.901,"kotatu_yowai",R,14,76,102,1.172,-0.997,0.153,1.619,-0.145,1.545,-36.399,18.693,1,0,312.015,369.833,30.513,0.509,-18.585,0,2,4,R,"-라후이-",190,87,0.498,0,75,W,Y,0,0,0,0,0,0,0,0,0,0,0,0,0,0,0,0,0.151,-37.615,0,"濃いめのラー油",-0.013,-17.818,0,"아침땅_",-21.026,-44.145,0,"mochi_2929",-12.171,-60.977,0,"Kr_Luna",18.473,-49.969,0,"うよすま",3.409,-60.958,0,"AI",40.9,-90.65,0,"Gonyong",-15.499,-125.445,0,"AI",-40.8,-90.55,0,0,0,0,0,0,"",0,0,0,0,1707.19,,,,0,0
53,3,1,4,0,0,1,1,1,0,0,2,255,255,42,1719.526,"kotatu_yowai",R,3,47,84,0.576,1.322,0.561,2.055,0.922,2.478,-36.399,63.976,1,0,-276.542,8.75,-6.175,0,0,0,2,4,R,"-라후이-",190,87,0.498,0,75,W,Y,0,0,0,0,0,0,0,0,0,0,0,0,0,0,0,0,0.269,-37.729,0,"濃いめのラー油",0.006,-18.033,0,"아침땅_",-21.299,-44.187,0,"mochi_2929",-12.51,-61.584,0,"Kr_Luna",18.35,-50.028,0,"うよすま",3.096,-60.893,0,"AI",40.9,-90.65,0,"Gonyong",-15.527,-125.414,0,"AI",-40.8,-90.55,0,0,0,0,0,0,"",0,0,0,0,1720.882,,,,0,0
54,3,1,4,0,1,1,1,1,0,0,2,255,255,43,1733.983,"kotatu_yowai",R,13,61,92,-2.527,-1.24,0.209,1.586,-0.356,1.4,-36.399,14.775,1,0,-317.627,325.228,-26.033,0,0,0,2,4,R,"-라후이-",190,87,0.498,0,75,W,Y,0,0,0,0,0,0,0,0,0,0,0,0,0,0,0,0,0.137,-37.852,0,"濃いめのラー油",-0.231,-18.158,0,"아침땅_",-21.217,-43.674,0,"mochi_2929",-13.065,-61.117,0,"Kr_Luna",18.553,-49.847,0,"うよすま",2.203,-61.355,0,"AI",40.9,-90.65,0,"Gonyong",-15.523,-125.421,0,"AI",-40.807,-90.557,0,0,0,0,0,0,"",0,0,0,0,1735.282,,,,0,0
55,3,1,4,0,1,2,1,1,0,0,2,255,255,44,1755.736,"kotatu_yowai",R,26,94,140,-2.836,-0.453,-0.073,1.52,-1.272,1.169,-36.399,1.049,1,0,28.469,-186.256,21.171,0,0,0,2,4,R,"-라후이-",190,87,0.498,0,75,W,Y,0,0,0,0,0,0,0,0,0,0,0,0,0,0,0,0,0.007,-37.358,0,"濃いめのラー油",-0.088,-18.589,0,"아침땅_",-21.062,-44.243,0,"mochi_2929",-11.115,-60.44,0,"Kr_Luna",18.55,-49.693,0,"うよすま",3.053,-60.889,0,"AI",40.9,-90.65,0,"Gonyong",-16.161,-124.913,0,"AI",-40.8,-90.55,0,0,0,0,0,0,"",0,0,0,0,1756.79,,,,0,0
56,3,1,4,0,2,2,1,1,0,0,2,255,255,45,1771.235,"kotatu_yowai",R,14,78,106,-0.54,-0.866,-0.033,1.682,-0.648,1.551,-36.399,26.474,2,0,213.733,347.545,26.767,0,0,0,2,4,R,"-라후이-",190,87,0.498,5,75,W,Y,1772.175,128,107,147,78,64,139,129,-30,0.757,0.33,0,0.138,-360.182,-260.964,396.551,-0.001,-37.326,0,"濃いめのラー油",-0.124,-18.185,0,"아침땅_",-20.061,-45.169,0,"mochi_2929",-12.815,-60.641,72,"Kr_Luna",18.329,-49.918,0,"うよすま",10.935,-61.372,85,"AI",40.9,-90.65,0,"Gonyong",-17.266,-125.053,107,"AI",-40.8,-90.55,0,1772.032,-0.121,-21.903,1776.723,7,"Gonyong",-1.556,-114.122,1,0,,1777.33,,,101,2
57,3,1,4,0,0,0,1,1,1,0,4,2,255,46,1797.462,"kotatu_yowai",R,26,87,140,-1.035,0.875,0.096,1.781,-0.482,2.015,-36.399,22.998,0,0,21.196,-173.632,11.425,0,0,1,3,1,L,"Pring__",190,92.818,0.485,0,75,W,Y,0,0,0,0,0,0,0,0,0,0,0,0,0,0,0,0,-0.087,-37.492,0,"濃いめのラー油",0.092,-18.078,0,"아침땅_",-21.899,-45.047,0,"mochi_2929",-6.862,-61.874,0,"Kr_Luna",18.997,-41.638,0,"うよすま",13.052,-59.042,0,"AI",40.9,-90.65,0,"Gonyong",-0.309,-123.527,0,"AI",-40.8,-90.55,0,0,0,0,0,0,"",0,0,0,0,1798.448,1799.976,,,0,0
58,3,1,4,0,0,1,1,1,1,0,4,2,255,47,1809.876,"kotatu_yowai",R,10,73,103,1.392,-0.893,0.372,1.704,0.595,1.601,-36.399,34.856,2,0,0,400,13.666,0,0,1,3,1,L,"Pring__",190,92.818,0.485,3,75,W,Y,1811.133,179,117,82,105,77,145,130,-30,12.109,0.64,0,0.45,-492.528,-329.811,86.263,0.149,-37.118,0,"濃いめのラー油",0.022,-18.161,0,"아침땅_",-21.195,-47.573,111,"mochi_2929",-9.466,-60.983,62,"Kr_Luna",18.631,-43.836,58,"うよすま",15.717,-58.477,0,"AI",40.9,-90.65,0,"Gonyong",3.96,-123.261,0,"AI",-40.8,-90.55,0,1811.007,0.004,-22.17,1812.657,3,"mochi_2929",-7.261,-56.278,1,4,,1823.525,1814.018,,92,2
59,3,1,4,0,0,0,2,0,1,1,255,1,2,48,1849.107,"kotatu_yowai",R,3,61,93,0.453,-0.617,0.601,1.706,1.012,1.547,-36.399,41.231,0,0,-353.269,156.503,-22.637,0,0,1,4,3,R,"TaeGeuk_",176.8,88,0.623,0,75,W,Y,0,0,0,0,0,0,0,0,0,0,0,0,0,0,0,0,0.102,-37.776,0,"濃いめのラー油",0.015,-17.943,0,"아침땅_",-22.138,-48.04,0,"mochi_2929",-10.981,-61.666,0,"Kr_Luna",19.059,-40.258,0,"うよすま",12.609,-59.893,0,"AI",40.9,-90.65,0,"Gonyong",-19.438,-117.713,0,"AI",-40.8,-90.55,0,0,0,0,0,0,"",0,0,0,0,1850.373,1852.011,1851.184,,0,0
60,3,1,4,0,0,1,2,0,1,1,255,1,2,49,1863.331,"kotatu_yowai",R,10,68,99,1.207,-1.288,0.327,1.614,0.394,1.525,-36.399,26.98,2,0,56.737,400,14.814,0,0,0,4,3,R,"TaeGeuk_",176.8,88,0.623,2,75,W,Y,1864.48,137,134,143,142,71,143,82,24.156,17.71,-0.97,0,0.232,392.429,438.562,96.403,-0.043,-37.364,0,"濃いめのラー油",-0.012,-17.91,107,"아침땅_",-22.142,-48.001,85,"mochi_2929",-11.757,-61.374,0,"Kr_Luna",19.338,-42.654,0,"うよすま",12.37,-59.329,107,"AI",40.9,-90.65,0,"Gonyong",-19.418,-117.717,0,"AI",-40.8,-90.55,0,1868.64,-25.974,-81.687,1869.123,8,"AI",-26.284,-82.026,1,0,1874.707,,1867.497,1874.317,114,2
61,3,1,5,0,0,0,2,1,0,1,3,255,1,50,1894.65,"kotatu_yowai",R,13,53,86,-1.794,-1.222,0.269,1.655,-0.115,1.488,-36.399,26.962,4,0,-274.608,355.849,-19.447,-0.531,-18.901,1,5,0,L,"하루（Haru）",190,90,0.503,0,75,W,Y,0,0,0,0,0,0,0,0,0,0,0,0,0,0,0,0,0.054,-37.862,0,"濃いめのラー油",-0.084,-18.122,0,"아침땅_",-20.043,-44.402,0,"mochi_2929",-9.603,-63.526,0,"Kr_Luna",19.359,-41.132,0,"うよすま",7.637,-59.858,0,"AI",40.9,-90.65,0,"Gonyong",4.071,-122.543,0,"AI",-40.8,-90.55,0,0,0,0,0,0,"",0,0,0,0,1898.04,,1897.586,,0,0
62,3,1,5,0,0,1,2,1,0,1,3,255,1,51,1912.666,"kotatu_yowai",R,6,75,103,2.454,-0.318,0.287,1.6,0.27,1.505,-36.399,19.55,4,0,383.911,53.167,29.728,1.785,-18.348,1,5,0,L,"하루（Haru）",190,90,0.503,0,75,W,Y,0,0,0,0,0,0,0,0,0,0,0,0,0,0,0,0,0.152,-37.803,0,"濃いめのラー油",-0.039,-17.75,0,"아침땅_",-21.406,-45.72,0,"mochi_2929",-9.676,-63.532,0,"Kr_Luna",19.717,-40.926,0,"うよすま",11.213,-59.435,0,"AI",40.9,-90.65,0,"Gonyong",2.366,-120.014,0,"AI",-40.8,-90.55,0,0,0,0,0,0,"",0,0,0,0,1917.098,,1915.533,,0,0
63,3,1,5,0,0,2,2,1,0,1,3,255,1,52,1931.535,"kotatu_yowai",R,26,86,139,-2.474,-0.627,-0.039,1.485,-1.113,1.058,-36.399,4.969,2,0,26.749,-186.495,17.145,0,0,1,5,0,L,"하루（Haru）",190,90,0.503,0,75,W,Y,1932.586,208,111,112,91,35,145,93,107.551,-68.338,-0.92,0,0.227,-5.015,-62.591,0.823,-0.005,-37.272,0,"濃いめのラー油",-0.121,-17.925,0,"아침땅_",-20.906,-47.778,0,"mochi_2929",-10.422,-60.702,0,"Kr_Luna",18.867,-42.833,0,"うよすま",14.25,-60.283,0,"AI",40.9,-90.65,0,"Gonyong",2.363,-120.032,0,"AI",-40.8,-90.55,0,0,0,0,0,0,"",0,0,0,0,,,1936.197,,64,3
64,3,1,5,0,0,2,2,1,0,1,3,255,1,53,1947.194,"kotatu_yowai",R,13,61,91,1.113,-0.815,0.644,1.635,1.267,1.673,-36.399,37.336,0,0,-322.872,312.534,-34.621,0,0,1,5,0,L,"하루（Haru）",190,90,0.503,0,74,W,Y,0,0,0,0,0,0,0,0,0,0,0,0,0,0,0,0,0.073,-37.496,0,"濃いめのラー油",-0.222,-18.206,0,"아침땅_",-21.306,-47.708,0,"mochi_2929",-6.882,-60.38,0,"Kr_Luna",19.108,-40.082,0,"うよすま",12.354,-58.732,0,"AI",40.9,-90.65,0,"Gonyong",-1.201,-119.132,0,"AI",-40.8,-90.55,0,0,0,0,0,0,"",0,0,0,0,1948.715,,,,0,0
65,3,0,5,0,0,0,0,0,0,0,255,255,255,10,1994.343,"하루（Haru）",R,10,9,9,0.295,-2.529,0.261,2.066,0.12,2.598,-36.489,67.213,1,0,0,400,-53.088,0.228,-33.824,0,6,0,R,"kotatu_yowai",190,86.486,0.644,0,74,W,Y,0,0,0,0,0,0,0,0,0,0,0,0,0,0,0,0,-0.091,-36.77,0,"Pring__",-0.068,-17.192,0,"SUGUN",-19.975,-44.548,0,"TaeGeuk_",-11.426,-56.001,0,"-라후이-",18.736,-47.522,0,"Yaksok~",13.27,-63.69,0,"AI",40.9,-90.65,0,"AI",0,-109.84,0,"AI",-40.8,-90.55,0,0,0,0,0,0,"",0,0,0,0,,,,,0,0
66,3,0,5,0,1,0,0,0,0,0,255,255,255,11,2012.445,"하루（Haru）",R,10,9,9,0.097,-2.529,0.236,2.058,0.035,2.586,-36.489,68.769,1,0,0,400,-47.306,0.201,-33.827,0,6,0,R,"kotatu_yowai",190,86.486,0.644,0,74,W,Y,0,0,0,0,0,0,0,0,0,0,0,0,0,0,0,0,-0.32,-36.723,0,"Pring__",-0.072,-17.197,0,"SUGUN",-19.957,-44.566,0,"TaeGeuk_",-10.339,-53.066,0,"-라후이-",19.521,-48.521,0,"Yaksok~",14.04,-64.215,0,"AI",40.9,-90.65,0,"AI",0,-109.84,0,"AI",-40.8,-90.55,0,0,0,0,0,0,"",0,0,0,0,,,,,0,0
67,3,0,5,0,2,0,0,0,0,0,255,255,255,12,2030.3,"하루（Haru）",R,13,23,71,-1.253,-0.687,0.263,1.929,0.072,2.078,-36.489,57.079,2,0,-198.976,393.66,-30.925,0,0,1,6,0,R,"kotatu_yowai",190,86.486,0.644,3,74,W,Y,2031.731,255,94,93,73,47,145,87,-3.328,10.088,1,0,0.253,-169.853,248.887,-36.163,-0.195,-37.07,0,"Pring__",-0.114,-17.242,0,"SUGUN",-19.825,-44.451,0,"TaeGeuk_",-13.045,-61.054,0,"-라후이-",18.469,-48.594,0,"Yaksok~",14.174,-64.113,75,"AI",40.905,-90.655,0,"AI",0,-109.846,0,"AI",-40.805,-90.555,0,2031.89,-1.825,-30.098,2036.594,7,"AI",-10.706,-88.986,1,0,,,,,33,2
68,3,0,5,0,0,0,0,1,0,0,10,255,255,13,2064.77,"하루（Haru）",R,27,87,140,0.144,0.318,0.188,1.751,-0.054,1.644,-36.489,43.596,0,0,79.532,-128.412,4.133,-0.592,-18.897,0,0,7,L,"Gonyong",169.6,80,0.2,0,43,W,Y,0,0,0,0,0,0,0,0,0,0,0,0,0,0,0,0,-0.386,-36.714,0,"Pring__",-0.017,-17.208,0,"SUGUN",-19.74,-45.037,0,"TaeGeuk_",-11.831,-60.637,0,"-라후이-",18.177,-44.109,0,"Yaksok~",10.655,-57.589,0,"AI",40.9,-90.65,0,"AI",0,-109.84,0,"AI",-40.8,-90.55,0,0,0,0,0,0,"",0,0,0,0,2068.34,2088.66,,,0,2
69,3,0,5,0,0,1,0,0,1,0,255,10,255,14,2119.669,"하루（Haru）",R,10,92,128,-0.412,-2.403,0.16,1.502,-0.184,0.739,-36.489,28.79,4,0,0,400,1.493,0.058,-17.823,1,0,7,L,"Gonyong",169.6,80,0.2,0,43,W,Y,0,0,0,0,0,0,0,0,0,0,0,0,0,0,0,0,-0.057,-36.977,0,"Pring__",0.075,-18.118,0,"SUGUN",-19.597,-42.88,0,"TaeGeuk_",-10.67,-62.166,0,"-라후이-",20.187,-43.838,0,"Yaksok~",8.846,-57.378,0,"AI",40.9,-90.65,0,"AI",0,-109.84,0,"AI",-40.8,-90.55,0,0,0,0,0,0,"",0,0,0,0,2122.073,2122.275,,,0,0
70,3,0,5,0,0,2,0,0,1,0,255,10,255,15,2151.851,"하루（Haru）",R,3,73,117,0.708,0.372,0.381,1.797,0.843,1.811,-36.489,67.974,2,0,-311.344,5.33,9.143,0,0,1,0,7,L,"Gonyong",169.6,80,0.2,1,43,W,Y,2153.076,118,136,31,39,27,91,42,63.73,4.13,-1,0,0.408,-439.969,-318.593,231.362,-0.169,-36.607,0,"Pring__",-0.009,-17.342,0,"SUGUN",-18.943,-43.638,0,"TaeGeuk_",-11.538,-62.681,0,"-라후이-",21.329,-45.588,0,"Yaksok~",11.442,-57.1,0,"AI",40.905,-90.654,0,"AI",0,-109.845,0,"AI",-40.805,-90.554,0,0,0,0,2157.373,0,"하루（Haru）",-1.054,-37.373,0,0,,2157.07,,,32,1
71,3,0,5,0,0,0,1,0,1,0,255,10,255,16,2181.65,"하루（Haru）",R,28,87,140,0.58,0.478,0.232,1.806,0.149,1.823,-36.489,40.694,0,0,72.647,-95.373,4.095,0.059,-18.324,1,1,1,L,"濃いめのラー油",190,80,0.8,0,74,W,Y,0,0,0,0,0,0,0,0,0,0,0,0,0,0,0,0,0.028,-36.869,0,"Pring__",0.074,-17.358,0,"SUGUN",-19.427,-43.527,0,"TaeGeuk_",-11.268,-61.004,0,"-라후이-",20.863,-45.768,0,"Yaksok~",10.4,-56.315,0,"AI",40.9,-90.65,0,"AI",0,-109.84,0,"AI",-40.8,-90.55,0,0,0,0,0,0,"",0,0,0,0,2185.123,2184.497,,,0,0
72,3,0,5,0,0,1,1,0,1,0,255,10,255,17,2201.712,"하루（Haru）",R,4,74,119,-0.474,0.852,0.235,1.903,0.163,2.137,-36.489,57.562,2,0,-230.309,0,6.593,0,0,1,1,1,L,"濃いめのラー油",190,80,0.8,3,74,W,Y,2202.831,255,47,106,42,13,145,87,16.822,38.221,-1,0,0.079,-129.449,-334.629,440.065,-0.485,-37.103,0,"Pring__",-0.084,-17.216,0,"SUGUN",-19.116,-44.015,120,"TaeGeuk_",-8.926,-63.485,0,"-라후이-",20.76,-45.701,0,"Yaksok~",9.516,-57.5,85,"AI",40.904,-90.654,0,"AI",0,-109.845,0,"AI",-40.804,-90.554,0,0,0,0,2204.332,2,"SUGUN",-16.954,-42.983,0,0,,2204.889,,,35,1
73,3,0,5,0,0,0,2,0,1,0,255,10,255,18,2250.518,"하루（Haru）",R,27,88,140,-0.728,-0.107,0.094,1.761,-0.493,1.679,-36.489,37.826,2,0,75.984,-118.888,6.592,0,0,1,2,3,R,"mochi_2929",172.9,92.617,0.463,3,74,W,Y,2251.572,178,100,80,33,27,138,104,33.121,11.142,0.87,0,0.189,220.165,182.28,69.593,-0.35,-37.361,0,"Pring__",-0.059,-17.236,0,"SUGUN",-18.973,-44.042,0,"TaeGeuk_",-12.951,-64.093,0,"-라후이-",20.188,-46.981,86,"Yaksok~",7.588,-58.949,100,"AI",40.904,-90.654,0,"AI",0,-109.845,0,"AI",-40.804,-90.554,0,2256.615,-21.05,-105.397,2260.153,7,"AI",-28.447,-128.913,1,0,,2261.895,2257.703,2262.705,37,2
74,3,0,5,1,0,0,2,0,0,1,255,255,13,19,2292.723,"하루（Haru）",R,10,81,123,-0.36,-1.566,0.165,1.549,-0.161,0.991,-36.489,31.998,2,0,0,322.86,9.41,0,0,0,3,4,L,"Kr_Luna",190,95.417,0.5,1,74,W,Y,2293.588,140,75,118,77,55,144,91,-18.81,-5.906,1,0,0.146,220.165,182.28,69.593,-0.449,-36.537,0,"Pring__",-0.044,-16.945,0,"SUGUN",-19.6,-44.311,89,"TaeGeuk_",-10.844,-61.954,0,"-라후이-",19.622,-44.879,0,"Yaksok~",14.443,-63.98,97,"AI",40.902,-90.652,0,"AI",0,-109.842,0,"AI",-40.802,-90.552,0,2293.323,0.004,-21.569,2296.24,5,"Yaksok~",3.622,-65.738,0,0,,,,2297.749,99,2
75,4,1,5,1,0,0,0,0,0,0,255,255,255,54,2359.956,"kotatu_yowai",R,14,80,106,1.553,-1.342,0.274,1.453,0.23,1.148,-36.399,8.41,1,0,363.723,327.921,44.879,0.488,-18.573,0,6,8,L,"Megarafa",175,90,0.498,0,74,W,Y,0,0,0,0,0,0,0,0,0,0,0,0,0,0,0,0,0.052,-37.815,0,"濃いめのラー油",0.027,-18.035,0,"아침땅_",-21.687,-48.029,0,"mochi_2929",-9.607,-62.376,0,"Kr_Luna",19.656,-46.959,0,"うよすま",13.717,-57.217,0,"AI",40.9,-90.65,0,"Gonyong",11.05,-107.7,0,"AI",-40.8,-90.55,0,0,0,0,0,0,"",0,0,0,0,2363.557,,,,0,0
76,4,1,5,1,1,0,0,0,0,0,255,255,255,55,2383.281,"kotatu_yowai",R,26,91,140,-0.276,-0.051,0.186,1.594,-0.064,1.389,-36.399,15.672,0,0,-46.872,-200,18.325,0,0,0,6,8,L,"Megarafa",175,90,0.498,0,74,W,Y,0,0,0,0,0,0,0,0,0,0,0,0,0,0,0,0,-0.013,-37.649,0,"濃いめのラー油",-0.063,-17.837,0,"아침땅_",-21.619,-48.265,0,"mochi_2929",-9.895,-62.242,0,"Kr_Luna",19.683,-47.054,0,"うよすま",14.13,-57.338,0,"AI",40.9,-90.65,0,"Gonyong",11.047,-107.723,0,"AI",-40.8,-90.55,0,0,0,0,0,0,"",0,0,0,0,2384.607,,,,0,0
77,4,1,5,1,1,1,0,0,0,0,255,255,255,56,2397.191,"kotatu_yowai",R,13,63,93,1.003,-0.885,0.617,1.657,1.214,1.696,-36.399,31.838,0,0,-330.095,312.348,-37.641,0,0,0,6,8,L,"Megarafa",175,90,0.498,0,74,W,Y,0,0,0,0,0,0,0,0,0,0,0,0,0,0,0,0,0.186,-37.853,0,"濃いめのラー油",-0.033,-17.815,0,"아침땅_",-21.679,-48.323,0,"mochi_2929",-9.848,-62.611,0,"Kr_Luna",19.726,-46.953,0,"うよすま",13.862,-57.611,0,"AI",40.9,-90.65,0,"Gonyong",11.061,-107.752,0,"AI",-40.8,-90.55,0,0,0,0,0,0,"",0,0,0,0,2398.757,,,,0,0
78,4,1,5,1,1,2,0,0,0,0,255,255,255,57,2411.917,"kotatu_yowai",R,6,78,104,0.255,-1.603,-0.048,1.354,-0.77,0.914,-36.399,4.377,2,0,452.736,143.867,48.031,0,0,1,6,8,L,"Megarafa",175,90,0.498,2,74,W,Y,2413.172,245,129,115,95,83,145,81,-37.044,-44.23,-1,0,0.519,211.823,547.203,54.997,-0.066,-36.838,0,"濃いめのラー油",-0.081,-18.025,0,"아침땅_",-21.599,-48.224,0,"mochi_2929",-10.533,-62.599,0,"Kr_Luna",19.658,-45.989,119,"うよすま",12.163,-57.844,0,"AI",40.9,-90.65,0,"Gonyong",11.03,-105.935,0,"AI",-40.8,-90.55,0,2413.065,0.542,-21.308,2414.89,4,"Kr_Luna",20.098,-41.392,0,0,,,,,88,2
79,4,1,5,1,0,0,1,0,0,0,255,255,255,58,2434.383,"kotatu_yowai",R,26,90,140,-0.155,0.706,0.19,1.707,-0.048,1.793,-36.399,25.925,0,0,-19.207,-200,12.338,-0.076,-18.793,1,0,5,R,"Yaksok~",166.8,86.073,0.453,0,74,W,Y,0,0,0,0,0,0,0,0,0,0,0,0,0,0,0,0,0.071,-37.69,0,"濃いめのラー油",-0.021,-17.786,0,"아침땅_",-21.938,-48.184,0,"mochi_2929",-10.965,-59.919,0,"Kr_Luna",19.793,-45.497,0,"うよすま",10.208,-59.622,0,"AI",40.9,-90.65,0,"Gonyong",-3.437,-104.35,0,"AI",-40.8,-90.55,0,0,0,0,0,0,"",0,0,0,0,2438.032,,,,0,0
80,4,1,5,1,0,1,1,0,0,0,255,255,255,59,2453.228,"kotatu_yowai",R,13,65,96,-1.388,-1.357,0.221,1.702,-0.252,1.511,-36.399,28.516,4,0,-165.075,365.766,-7.933,0,0,1,0,5,R,"Yaksok~",166.8,86.073,0.453,0,74,W,Y,0,0,0,0,0,0,0,0,0,0,0,0,0,0,0,0,0.08,-38.169,0,"濃いめのラー油",-0.221,-17.836,0,"아침땅_",-21.928,-48.049,0,"mochi_2929",-11.304,-61.222,0,"Kr_Luna",19.779,-46.57,0,"うよすま",10.093,-59.804,0,"AI",40.9,-90.65,0,"Gonyong",-4.21,-104.142,0,"AI",-40.8,-90.55,0,0,0,0,0,0,"",0,0,0,0,2454.49,,,,0,0
81,4,1,5,1,0,2,1,0,0,0,255,255,255,60,2472.104,"kotatu_yowai",R,14,88,111,0.12,-1.82,0.02,1.466,-0.558,1.153,-36.399,9.39,1,0,333.766,372.291,33.746,0.504,-18.381,0,0,5,R,"Yaksok~",166.8,86.073,0.453,0,62,W,Y,0,0,0,0,0,0,0,0,0,0,0,0,0,0,0,0,-0.104,-37.965,0,"濃いめのラー油",-0.014,-17.886,0,"아침땅_",-22.227,-48.185,0,"mochi_2929",-12.303,-61.41,0,"Kr_Luna",19.579,-46.835,0,"うよすま",10.976,-59.82,0,"AI",40.9,-90.65,0,"Gonyong",-4.163,-104.736,0,"AI",-40.8,-90.55,0,0,0,0,0,0,"",0,0,0,0,2475.115,,,,0,0
82,4,1,5,1,1,2,1,0,0,0,255,255,255,61,2486.797,"kotatu_yowai",R,26,91,140,1.462,0.826,0.332,1.725,0.615,1.859,-36.399,33.961,2,0,8.649,-200,6.657,0,0,1,0,5,R,"Yaksok~",166.8,86.073,0.453,3,62,W,Y,2487.663,255,128,28,0,0,48,48,-47.956,17.772,0.04,0,0.44,-222.3,320.308,300.645,-0.21,-37.013,0,"濃いめのラー油",-0.01,-18.004,0,"아침땅_",-22.13,-48.126,0,"mochi_2929",-12,-60.989,91,"Kr_Luna",19.935,-46.547,0,"うよすま",12.036,-57.789,0,"AI",40.9,-90.65,0,"Gonyong",-4.142,-104.687,0,"AI",-40.8,-90.55,0,2487.565,-0.076,-20.619,2491.698,3,"mochi_2929",-9.563,-44.258,0,0,,,,,84,2
83,4,1,5,1,0,0,2,0,0,0,255,255,255,62,2534.517,"kotatu_yowai",R,14,86,109,1.68,-1.783,0.225,1.381,0.077,1.03,-36.399,13.56,1,0,327.057,375.583,32.952,0.643,-18.633,0,1,2,R,"SUGUN",190,81.662,0.502,0,74,W,Y,0,0,0,0,0,0,0,0,0,0,0,0,0,0,0,0,-0.007,-37.857,0,"濃いめのラー油",0.007,-17.943,0,"아침땅_",-22.169,-48.008,0,"mochi_2929",-12.999,-61.282,0,"Kr_Luna",19.989,-46.582,0,"うよすま",10.574,-58.382,0,"AI",40.9,-90.65,0,"Gonyong",-11.687,-124.369,0,"AI",-40.8,-90.55,0,0,0,0,0,0,"",0,0,0,0,2537.932,,,,0,0
84,4,1,5,1,1,0,2,0,0,0,255,255,255,63,2553.64,"kotatu_yowai",R,27,93,140,-1.122,-0.315,0.095,1.556,-0.488,1.286,-36.399,6.783,0,0,-3.075,-142.604,14.222,0,0,1,1,2,R,"SUGUN",190,81.662,0.502,0,74,W,Y,0,0,0,0,0,0,0,0,0,0,0,0,0,0,0,0,0.017,-37.613,0,"濃いめのラー油",0.008,-18.041,0,"아침땅_",-22.052,-48.046,0,"mochi_2929",-13.217,-61.412,0,"Kr_Luna",19.347,-47.383,0,"うよすま",10.544,-60.573,0,"AI",40.9,-90.65,0,"Gonyong",-11.69,-124.329,0,"AI",-40.8,-90.55,0,0,0,0,0,0,"",0,0,0,0,2554.957,,,,0,0
85,4,1,5,1,1,1,2,0,0,0,255,255,255,64,2570.311,"kotatu_yowai",R,3,84,111,-2.222,-1.642,-0.018,0.943,-0.266,0.607,-36.399,52.047,1,0,-372.388,0,-12.803,-0.703,-18.861,0,1,2,R,"SUGUN",190,81.662,0.502,0,54,W,Y,0,0,0,0,0,0,0,0,0,0,0,0,0,0,0,0,-0.021,-37.762,0,"濃いめのラー油",-0.074,-18.062,0,"아침땅_",-22.025,-48.043,0,"mochi_2929",-13.053,-61.321,0,"Kr_Luna",19.007,-47.681,0,"うよすま",9.563,-60.214,0,"AI",40.9,-90.65,0,"Gonyong",-11.672,-124.383,0,"AI",-40.8,-90.55,0,0,0,0,0,0,"",0,0,0,0,2574.057,,,,0,0
86,4,1,5,1,2,1,2,0,0,0,255,255,255,65,2587.749,"kotatu_yowai",R,27,83,134,0.204,0.818,0.211,1.771,0.053,1.983,-36.399,20.959,2,0,19.721,-148.426,11.231,0,0,1,1,2,R,"SUGUN",190,81.662,0.502,0,54,W,Y,2588.712,163,39,46,27,3,118,126,-30,27.001,0.43,0,0.26,-108.334,28.529,65.347,-0.151,-37.152,0,"濃いめのラー油",0.072,-18.02,0,"아침땅_",-21.966,-47.975,0,"mochi_2929",-13.136,-61.318,0,"Kr_Luna",19.325,-47.316,0,"うよすま",10.748,-60.183,83,"AI",40.9,-90.65,0,"Gonyong",-11.663,-124.305,0,"AI",-40.8,-90.55,0,2588.623,-1.052,-21.926,2592.032,8,"AI",-33.086,-84.628,1,0,,,,,96,2
87,4,1,5,1,0,0,2,1,0,0,2,255,255,66,2616.396,"kotatu_yowai",R,11,75,108,0.609,-1.158,0.31,1.507,0.34,1.302,-36.399,14.177,2,0,0,194.346,13.844,0,0,1,2,4,R,"-라후이-",190,87,0.498,0,74,W,Y,2617.359,152,103,138,81,55,145,131,-15,4.433,0.25,0,0.141,-443.365,110.188,77.905,0.039,-37.253,0,"濃いめのラー油",0.048,-18.068,0,"아침땅_",-20.558,-46.473,0,"mochi_2929",-12.364,-59.617,0,"Kr_Luna",19.579,-46.953,0,"うよすま",6.819,-60.705,0,"AI",40.9,-90.65,0,"Gonyong",-26.933,-121.864,0,"AI",-40.8,-90.55,0,2617.24,-0.031,-22.549,2621.498,7,"Gonyong",-8.076,-114.281,1,2,,2622.009,2627.096,,41,2
88,4,0,5,1,0,0,0,0,0,0,255,255,255,20,2673.825,"하루（Haru）",R,3,65,111,0.414,0.353,0.354,1.855,0.752,1.815,-36.489,72.567,0,0,-325.878,0,10.825,0,0,0,4,2,R,"아침땅_",179.6,95.405,0.5,0,74,W,Y,0,0,0,0,0,0,0,0,0,0,0,0,0,0,0,0,-0.169,-36.874,0,"Pring__",-0.054,-17.115,0,"SUGUN",-19.632,-44.525,0,"TaeGeuk_",-11.952,-59.885,0,"-라후이-",19.217,-45.673,0,"Yaksok~",12.629,-64.536,0,"AI",40.902,-90.652,0,"",0,0,0,"Megarafa",-34.554,-78.461,0,0,0,0,0,0,"",0,0,0,0,2675.123,,,,0,0
89,4,0,5,1,0,1,0,0,0,0,255,255,255,21,2720.811,"하루（Haru）",R,28,80,130,-0.161,0.607,0.167,1.82,-0.155,1.88,-36.489,46.673,2,0,54.714,-78.112,5.21,0,0,1,4,2,R,"아침땅_",179.6,95.405,0.5,2,36,W,Y,2721.752,136,80,120,97,14,142,127,105.072,-68.962,0.56,0.143,0.343,173.932,308.143,10.503,-0.662,-36.875,0,"Pring__",-0.035,-17.066,0,"SUGUN",-19.554,-44.353,0,"TaeGeuk_",-13.179,-64.212,0,"-라후이-",19.492,-46.073,0,"Yaksok~",12.567,-64.573,0,"AI",40.9,-90.65,0,"AI",0,-109.84,0,"Megarafa",-46.338,-93.694,0,0,0,0,0,0,"",0,0,0,0,,,,,32,3
90,4,0,5,1,0,2,0,0,0,0,255,255,255,22,2739.661,"하루（Haru）",R,3,49,83,-2.791,-1.119,0.133,1.533,-0.269,0.976,-36.489,49.809,1,0,-377.273,0,16.726,0,0,0,4,2,R,"아침땅_",179.6,95.405,0.5,0,36,W,Y,0,0,0,0,0,0,0,0,0,0,0,0,0,0,0,0,-0.376,-36.996,0,"Pring__",-0.288,-17.535,0,"SUGUN",-20.27,-44.877,0,"TaeGeuk_",-13.289,-63.223,0,"-라후이-",19.192,-46.339,0,"Yaksok~",9.695,-63.99,0,"AI",40.9,-90.65,0,"AI",0,-109.84,0,"Megarafa",-45.03,-94.441,0,0,0,0,0,0,"",0,0,0,0,2741.248,,,,0,0
91,4,0,5,1,1,2,0,0,0,0,255,255,255,23,2754.256,"하루（Haru）",R,3,69,113,0.059,0.318,0.336,1.795,0.633,1.795,-36.489,70.573,2,0,-353.727,0,14.024,0,0,1,4,2,R,"아침땅_",179.6,95.405,0.5,2,36,W,Y,2755.224,81,84,115,137,68,129,74,105.285,-79.381,1,0.19,0.43,-351.98,-432.486,-48.906,-0.519,-37.127,0,"Pring__",-0.045,-17.063,0,"SUGUN",-19.658,-44.622,0,"TaeGeuk_",-13.402,-63.271,0,"-라후이-",19.086,-46.303,0,"Yaksok~",10.356,-63.969,0,"AI",40.9,-90.65,0,"AI",0,-109.84,0,"Megarafa",-47.26,-94.517,0,0,0,0,0,0,"",0,0,0,0,,,,,32,3
92,4,0,5,1,1,2,0,0,0,0,255,255,255,24,2770.387,"하루（Haru）",R,28,88,140,-0.897,-0.684,0.095,1.596,-0.49,1.112,-36.489,20.196,0,0,72.269,-91.494,14.86,0,0,0,4,2,R,"아침땅_",179.6,95.405,0.5,0,36,W,Y,0,0,0,0,0,0,0,0,0,0,0,0,0,0,0,0,-0.298,-36.922,0,"Pring__",-0.061,-16.97,0,"SUGUN",-19.975,-44.425,0,"TaeGeuk_",-13.589,-63.477,0,"-라후이-",18.884,-47.894,0,"Yaksok~",7.918,-63.83,0,"AI",40.9,-90.65,0,"AI",0,-109.84,0,"Megarafa",-47.436,-94.981,0,0,0,0,0,0,"",0,0,0,0,2771.632,,,,0,0
93,4,0,5,1,0,0,1,0,0,0,255,255,255,25,2793.349,"하루（Haru）",R,13,20,70,-1.226,-1.078,0.28,1.826,0.247,1.822,-36.489,48.318,4,0,-241.824,324.952,-39.755,0,0,1,5,5,R,"うよすま",175.4,92.834,0.601,0,73,W,Y,0,0,0,0,0,0,0,0,0,0,0,0,0,0,0,0,-0.431,-36.763,0,"Pring__",-0.19,-17.394,0,"SUGUN",-20.109,-43.72,0,"TaeGeuk_",-12.909,-61.184,0,"-라후이-",18.242,-45.509,0,"Yaksok~",10.647,-63.948,0,"AI",40.9,-90.65,0,"AI",0,-109.84,0,"Megarafa",-47.17,-97.598,0,0,0,0,0,0,"",0,0,0,0,2795.157,,,,0,0
94,4,0,5,1,0,1,1,0,0,0,255,255,255,26,2811.858,"하루（Haru）",R,27,94,128,-0.665,-1.994,0.042,1.174,-0.491,0.297,-36.489,28.744,1,0,132.266,-134.312,7.344,-0.117,-17.637,0,5,5,R,"うよすま",175.4,92.834,0.601,0,73,W,Y,0,0,0,0,0,0,0,0,0,0,0,0,0,0,0,0,-0.137,-36.965,0,"Pring__",-0.063,-17.056,0,"SUGUN",-19.797,-44.782,0,"TaeGeuk_",-13.775,-61.874,0,"-라후이-",18.487,-45.922,0,"Yaksok~",10.018,-63.563,0,"AI",40.9,-90.65,0,"AI",0,-109.84,0,"Megarafa",-46.447,-98.185,0,0,0,0,0,0,"",0,0,0,0,2813.165,,,,0,0
95,4,0,5,1,1,1,1,0,0,0,255,255,255,27,2827.676,"하루（Haru）",R,6,46,83,1.129,0.641,0.114,1.902,-0.266,2,-36.489,34.279,2,0,295.139,0,0.379,0,0,1,5,5,R,"うよすま",175.4,92.834,0.601,5,73,W,Y,2829.037,170,25,155,63,14,145,84,113.42,1.02,-0.86,0.095,0.462,288.391,104.521,-415.463,-0.271,-36.753,0,"Pring__",-0.034,-17.094,0,"SUGUN",-19.817,-44.731,0,"TaeGeuk_",-13.41,-61.316,0,"-라후이-",18.793,-46.67,0,"Yaksok~",12.677,-64.384,0,"AI",40.9,-90.65,0,"AI",0,-109.84,0,"Megarafa",-46.977,-97.68,0,2834.54,5.589,18.856,0,0,"",0,0,0,0,,,,,32,3
96,4,0,5,1,1,2,1,0,0,0,255,255,255,28,2846.905,"하루（Haru）",R,1,47,104,-0.871,-0.194,0.184,1.743,-0.074,1.615,-36.489,37.565,0,0,-6.778,0.942,0.939,0,0,1,5,5,R,"うよすま",175.4,92.834,0.601,0,73,W,Y,0,0,0,0,0,0,0,0,0,0,0,0,0,0,0,0,-0.066,-36.881,0,"Pring__",-0.22,-17.42,0,"SUGUN",-19.787,-44.78,0,"TaeGeuk_",-12.743,-59.634,0,"-라후이-",18.381,-47.76,0,"Yaksok~",11.62,-64.332,0,"AI",40.9,-90.65,0,"AI",0,-109.84,0,"Megarafa",-47.623,-97.089,0,0,0,0,0,0,"",0,0,0,0,2848.373,,,,0,0
97,4,0,5,1,0,0,2,0,0,0,255,255,255,29,2869.849,"하루（Haru）",R,0,46,104,0.536,0.08,0.278,1.794,0.263,1.67,-36.489,62.357,2,0,-19.49,0,5.234,0,0,1,6,0,R,"kotatu_yowai",190,86.486,0.644,3,73,W,Y,2871.017,255,104,90,77,46,145,87,18.919,24.101,1,0,0.127,-104.845,476.68,314.766,-0.363,-36.87,0,"Pring__",-0.033,-17.073,117,"SUGUN",-19.668,-44.666,0,"TaeGeuk_",-12.9,-61.09,0,"-라후이-",21.372,-47.316,0,"Yaksok~",12.185,-65.244,0,"AI",40.9,-90.65,0,"AI",0,-109.84,0,"Megarafa",-47.659,-97.05,102,2873.723,-26.639,-69.282,2875.648,8,"Megarafa",-35.478,-82.536,1,0,2879.507,,,,104,2
98,4,0,5,1,0,0,2,1,0,0,10,255,255,30,2901.511,"하루（Haru）",R,28,82,133,-0.267,1.069,0.157,1.878,-0.199,2.104,-36.489,58.047,0,0,52.384,-80.207,3.758,0,0,0,0,7,R,"Gonyong",169.6,80,0.2,0,42,W,Y,0,0,0,0,0,0,0,0,0,0,0,0,0,0,0,0,-0.416,-36.973,0,"Pring__",-0.026,-17.11,0,"SUGUN",-20.002,-44.753,0,"TaeGeuk_",-12.926,-59.384,0,"-라후이-",18.411,-45.71,0,"Yaksok~",8.011,-61.634,0,"AI",40.9,-90.65,0,"AI",0,-109.84,0,"Megarafa",-47.152,-93.826,0,0,0,0,0,0,"",0,0,0,0,2903.09,,,,0,0
99,4,0,5,1,0,1,2,1,0,0,10,255,255,31,2917.894,"하루（Haru）",R,3,73,115,-1.138,0.805,0.246,1.863,0.214,2.048,-36.489,62.96,0,0,-399.929,0,10.397,0,0,1,0,7,R,"Gonyong",169.6,80,0.2,0,42,W,Y,0,0,0,0,0,0,0,0,0,0,0,0,0,0,0,0,-0.79,-37.078,0,"Pring__",-0.074,-17.166,0,"SUGUN",-20.422,-44.458,0,"TaeGeuk_",-12.597,-61.664,0,"-라후이-",18.235,-46.353,0,"Yaksok~",6.66,-61.538,0,"AI",40.9,-90.65,0,"AI",0,-109.84,0,"Megarafa",-47.088,-93.081,0,0,0,0,0,0,"",0,0,0,0,2919.457,,,,0,0
100,4,0,5,1,0,2,2,1,0,0,10,255,255,32,2934.314,"하루（Haru）",R,10,81,121,-0.592,-0.825,0.165,1.75,-0.162,1.638,-36.489,51.058,2,0,-59.27,386.965,3.188,0,0,1,0,7,R,"Gonyong",169.6,80,0.2,0,42,W,Y,2935.409,166,118,55,55,9,137,80,-30,35.091,1,0.048,0.329,-317.512,397.049,305.357,-0.323,-36.832,0,"Pring__",-0.06,-17.149,0,"SUGUN",-20.008,-44.504,67,"TaeGeuk_",-10.91,-60.035,0,"-라후이-",18.088,-46.14,0,"Yaksok~",8.214,-61.09,0,"AI",40.9,-90.65,0,"AI",0,-109.84,0,"Megarafa",-47.693,-94.427,0,2935.257,-0.633,-20.256,2937.14,2,"SUGUN",-15.931,-41.764,0,0,,2939.766,,,98,2
101,5,1,5,1,0,0,0,0,0,0,255,255,255,67,2987.87,"kotatu_yowai",R,26,81,131,1.719,1.411,0.342,1.874,0.662,2.316,-36.399,35.638,4,0,54.946,-200,14.509,0,0,1,3,1,L,"Pring__",190,92.818,0.485,0,74,W,Y,0,0,0,0,0,0,0,0,0,0,0,0,0,0,0,0,-0.139,-37.672,0,"濃いめのラー油",0.027,-17.815,0,"아침땅_",-21.964,-48.342,0,"mochi_2929",-9.407,-61.079,0,"Kr_Luna",19.196,-47.735,0,"うよすま",13.568,-57.457,0,"AI",40.9,-90.65,0,"Gonyong",-0.957,-116.243,0,"AI",-40.8,-90.55,0,0,0,0,0,0,"",0,0,0,0,2988.982,,,,0,0
102,5,1,5,1,0,1,0,0,0,0,255,255,255,68,3017.75,"kotatu_yowai",R,14,82,107,1.064,-1.375,0.162,1.488,-0.119,1.261,-36.399,3.377,4,0,312.302,383.303,42.569,0.438,-18.303,1,3,1,L,"Pring__",190,92.818,0.485,0,74,W,Y,0,0,0,0,0,0,0,0,0,0,0,0,0,0,0,0,0.124,-37.744,0,"濃いめのラー油",0.191,-17.9,0,"아침땅_",-22.049,-48.399,0,"mochi_2929",-9.234,-61.881,0,"Kr_Luna",19.593,-47.561,0,"うよすま",13.996,-60.153,0,"AI",40.9,-90.65,0,"Gonyong",-0.95,-116.261,0,"AI",-40.8,-90.55,0,0,0,0,0,0,"",0,0,0,0,3020.807,,,,0,0
103,5,1,5,1,0,2,0,0,0,0,255,255,255,69,3032.95,"kotatu_yowai",R,14,76,103,4.669,-1.367,0.637,1.452,1.356,1.184,-36.399,22.686,1,0,360.479,319.049,56.317,1.081,-18.003,0,3,1,L,"Pring__",190,92.818,0.485,0,74,W,Y,0,0,0,0,0,0,0,0,0,0,0,0,0,0,0,0,0.187,-37.55,0,"濃いめのラー油",0.15,-17.693,0,"아침땅_",-21.979,-48.361,0,"mochi_2929",-9.976,-62.277,0,"Kr_Luna",19.439,-47.606,0,"うよすま",13.76,-60.3,0,"AI",40.9,-90.65,0,"Gonyong",-0.961,-116.234,0,"AI",-40.8,-90.55,0,0,0,0,0,0,"",0,0,0,0,3038.515,,,,0,0
104,5,1,5,1,1,2,0,0,0,0,255,255,255,70,3052.569,"kotatu_yowai",R,26,84,137,0.974,1.081,0.275,1.817,0.35,2.133,-36.399,35.177,2,0,49.393,-181.754,9.014,0,0,1,3,1,L,"Pring__",190,92.818,0.485,3,74,W,Y,3053.411,181,119,91,95,46,145,87,2.992,-57.375,1,0,0.38,68.639,-143.281,52.286,-0.144,-37.127,0,"濃いめのラー油",0.02,-17.835,0,"아침땅_",-21.902,-48.288,0,"mochi_2929",-11.205,-62.735,0,"Kr_Luna",19.876,-47.4,0,"うよすま",14.689,-63.434,0,"AI",40.9,-90.65,0,"Gonyong",-0.954,-116.239,0,"AI",-40.8,-90.55,0,3054.315,19.156,-31.767,0,0,"",0,0,0,0,,,,,64,3
105,5,1,5,1,1,2,0,0,0,0,255,255,255,71,3065.989,"kotatu_yowai",R,6,76,105,-0.384,-1.286,-0.079,1.286,-0.865,0.825,-36.399,11.831,2,0,379.706,0,49.757,0,0,1,3,1,L,"Pring__",190,92.818,0.485,3,74,W,Y,3066.882,215,152,80,111,99,145,87,28.122,-54.979,1,0,0.777,-99.182,-348.129,-294.047,-0.194,-37.125,0,"濃いめのラー油",-0.083,-17.994,0,"아침땅_",-22.439,-48.797,0,"mochi_2929",-10.688,-62.69,0,"Kr_Luna",19.727,-47.263,0,"うよすま",14.81,-61.361,0,"AI",40.9,-90.65,0,"Gonyong",-0.956,-116.259,0,"AI",-40.8,-90.55,0,3069.698,41.645,-49.017,0,0,"",0,0,0,0,,,,,64,3
106,5,1,5,1,1,2,0,0,0,0,255,255,255,72,3079.037,"kotatu_yowai",R,10,74,103,1.562,-0.707,0.371,1.75,0.65,1.717,-36.399,34.694,2,0,10.349,400,14.098,0,0,1,3,1,L,"Pring__",190,92.818,0.485,3,74,W,Y,3079.977,163,140,91,80,88,145,130,95.511,76.357,0.43,0,0.563,158.175,-380.243,-52.296,0.206,-37.625,0,"濃いめのラー油",0.043,-17.798,0,"아침땅_",-22.362,-48.751,0,"mochi_2929",-10.933,-62.504,0,"Kr_Luna",19.62,-46.542,0,"うよすま",15.052,-61.679,0,"AI",40.9,-90.65,0,"Gonyong",0.02,-115.374,0,"AI",-40.8,-90.55,0,0,0,0,0,0,"",0,0,0,0,,,,,64,3
107,5,1,5,1,1,2,0,0,0,0,255,255,255,73,3093.711,"kotatu_yowai",R,0,56,97,3.284,0.025,0.57,1.757,1.44,1.644,-36.399,73.292,2,0,-13.201,0,-4.986,0,0,1,3,1,L,"Pring__",190,92.818,0.485,3,74,W,Y,3094.758,157,165,75,78,68,145,87,109.211,70.756,1,0,0.682,217.511,-240.176,-180.28,0.311,-37.195,0,"濃いめのラー油",0.031,-17.786,0,"아침땅_",-22.069,-48.414,0,"mochi_2929",-11.037,-63.194,0,"Kr_Luna",19.034,-45.599,0,"うよすま",17.021,-60.749,0,"AI",40.9,-90.65,0,"Gonyong",0.003,-115.334,0,"AI",-40.8,-90.55,0,0,0,0,0,0,"",0,0,0,0,,,,,64,3
108,5,1,5,1,1,2,0,0,0,0,255,255,255,74,3105.829,"kotatu_yowai",R,26,90,140,-1.467,0.272,0.067,1.658,-0.62,1.617,-36.399,14.686,2,0,-17.888,-200,27.87,0,0,1,3,1,L,"Pring__",190,92.818,0.485,3,74,W,Y,3106.622,169,120,106,110,65,145,119,-30,-18.866,0.15,0,0.401,80.544,138.576,-170.199,-0.069,-36.934,0,"濃いめのラー油",0.008,-17.805,0,"아침땅_",-22.289,-48.969,0,"mochi_2929",-10.905,-62.776,0,"Kr_Luna",18.341,-47.444,0,"うよすま",16.619,-60.992,106,"AI",40.9,-90.65,0,"Gonyong",-0.093,-115.364,0,"AI",-40.8,-90.55,0,3106.557,0.34,-22.008,3108.398,5,"うよすま",12.409,-57.538,0,0,,,,,112,2
109,5,1,5,1,0,0,1,0,0,0,255,255,255,75,3128.682,"kotatu_yowai",R,13,59,90,-2.279,-1.291,0.244,1.653,-0.279,1.503,-36.399,22.098,4,0,-298.461,341.953,-20.302,-0.844,-18.45,1,4,0,R,"TaeGeuk_",176.8,88,0.623,0,74,W,Y,0,0,0,0,0,0,0,0,0,0,0,0,0,0,0,0,0.022,-37.758,0,"濃いめのラー油",-0.085,-17.808,0,"아침땅_",-22.099,-48.404,0,"mochi_2929",-11.956,-62.002,0,"Kr_Luna",17.121,-47.581,0,"うよすま",9.068,-60.627,0,"AI",40.9,-90.65,0,"Gonyong",-6.778,-116.375,0,"AI",-40.8,-90.55,0,0,0,0,0,0,"",0,0,0,0,3131.874,,,,0,0
110,5,1,5,1,0,1,1,0,0,0,255,255,255,76,3141.597,"kotatu_yowai",R,12,72,108,0.48,0.144,0.312,1.784,0.2,1.841,-36.399,45.474,2,0,0,100.67,6.831,0,0,0,4,0,R,"TaeGeuk_",176.8,88,0.623,2,74,W,Y,3142.748,230,83,118,62,0,145,82,112.145,-62.868,-1,0,0.194,-46.389,16.989,-6.833,-0.033,-37.384,0,"濃いめのラー油",-0.045,-18.03,0,"아침땅_",-22.141,-48.409,0,"mochi_2929",-12.635,-62.104,0,"Kr_Luna",17.836,-48.134,0,"うよすま",12.415,-61.721,0,"AI",40.9,-90.65,0,"Gonyong",-6.741,-116.408,0,"AI",-40.8,-90.55,0,0,0,0,0,0,"",0,0,0,0,,,,,64,3
111,5,1,5,1,0,2,1,0,0,0,255,255,255,77,3154.598,"kotatu_yowai",R,26,87,140,-0.129,1.607,0.192,1.87,-0.039,2.353,-36.399,32.475,1,0,-16.796,-200,14.415,0,0,0,4,0,R,"TaeGeuk_",176.8,88,0.623,0,74,W,Y,0,0,0,0,0,0,0,0,0,0,0,0,0,0,0,0,0.134,-37.485,0,"濃いめのラー油",-0.055,-17.957,0,"아침땅_",-22.223,-48.15,0,"mochi_2929",-13.486,-63.726,0,"Kr_Luna",18.223,-48.05,0,"うよすま",11.733,-62.205,0,"AI",40.9,-90.65,0,"Gonyong",-7.169,-115.574,0,"AI",-40.8,-90.55,0,0,0,0,0,0,"",0,0,0,0,3155.757,,,,0,0
112,5,1,5,1,0,0,2,0,0,0,255,255,255,78,3222.854,"kotatu_yowai",R,10,72,102,-0.712,-1.01,0.099,1.625,-0.313,1.559,-36.399,26.118,4,0,0,400,12.722,-0.52,-18.731,1,5,3,L,"하루（Haru）",190,90,0.503,0,74,W,Y,0,0,0,0,0,0,0,0,0,0,0,0,0,0,0,0,-0.151,-37.73,0,"濃いめのラー油",-0.104,-18.214,0,"아침땅_",-22.179,-48.699,0,"mochi_2929",-10.689,-62.389,0,"Kr_Luna",18.791,-46.693,0,"うよすま",12.198,-61.141,0,"AI",40.9,-90.65,0,"Gonyong",-7.151,-115.46,0,"AI",-40.8,-90.55,0,0,0,0,0,0,"",0,0,0,0,3225.865,,,,0,0
113,5,1,5,1,0,1,2,0,0,0,255,255,255,79,3236.339,"kotatu_yowai",R,14,71,99,2.451,-1.011,0.308,1.609,0.336,1.523,-36.399,21.541,1,0,329.309,340.761,29.272,0,0,0,5,3,L,"하루（Haru）",190,90,0.503,0,74,W,Y,0,0,0,0,0,0,0,0,0,0,0,0,0,0,0,0,-0.069,-36.97,0,"濃いめのラー油",-0.131,-18.134,0,"아침땅_",-22.06,-48.97,0,"mochi_2929",-9.936,-61.691,0,"Kr_Luna",20.214,-48.223,0,"うよすま",15.153,-61.798,0,"AI",40.9,-90.65,0,"Gonyong",0.866,-119.062,0,"AI",-40.8,-90.55,0,0,0,0,0,0,"",0,0,0,0,3237.707,,,,0,0
114,5,1,5,1,1,1,2,0,0,0,255,255,255,80,3251.266,"kotatu_yowai",R,26,89,140,-2.204,-0.085,-0.001,1.588,-0.937,1.39,-36.399,9.187,1,0,-17.596,-195.489,18.332,-0.709,-19.804,0,5,3,L,"하루（Haru）",190,90,0.503,0,74,W,Y,0,0,0,0,0,0,0,0,0,0,0,0,0,0,0,0,-0.044,-37.835,0,"濃いめのラー油",-0.284,-18.276,0,"아침땅_",-22.077,-48.974,0,"mochi_2929",-9.417,-62.147,0,"Kr_Luna",20.309,-48.275,0,"うよすま",14.345,-61.282,0,"AI",40.9,-90.65,0,"Gonyong",0.864,-119.049,0,"AI",-40.8,-90.55,0,0,0,0,0,0,"",0,0,0,0,3254.432,,,,0,0
115,5,1,5,1,2,1,2,0,0,0,255,255,255,81,3266.756,"kotatu_yowai",R,47,41,88,-0.759,0.662,0.179,1.834,-0.502,1.997,-36.399,40.195,0,0,69.36,-40.172,-0.352,0,0,0,5,3,L,"하루（Haru）",190,90,0.503,0,74,W,Y,0,0,0,0,0,0,0,0,0,0,0,0,0,0,0,0,0.153,-37.316,0,"濃いめのラー油",0.017,-17.875,0,"아침땅_",-22.037,-48.95,0,"mochi_2929",-10.322,-61.858,0,"Kr_Luna",20.227,-48.256,0,"うよすま",15.158,-60.795,0,"AI",40.9,-90.65,0,"Gonyong",0.732,-119.048,0,"AI",-40.8,-90.55,0,0,0,0,0,0,"",0,0,0,0,3268.19,,,,0,0
116,5,1,5,1,2,2,2,0,0,0,255,255,255,82,3279.681,"kotatu_yowai",R,13,56,88,0.65,-0.809,0.608,1.708,1.06,1.704,-36.399,37.72,0,0,-309.341,316.988,-35.29,0,0,0,5,3,L,"하루（Haru）",190,90,0.503,0,74,W,Y,0,0,0,0,0,0,0,0,0,0,0,0,0,0,0,0,0.049,-37.752,0,"濃いめのラー油",-0.013,-17.967,0,"아침땅_",-21.978,-48.904,0,"mochi_2929",-11.272,-62.728,0,"Kr_Luna",20.316,-48.221,0,"うよすま",14.695,-60.449,0,"AI",40.9,-90.65,0,"Gonyong",0.736,-119.053,0,"AI",-40.8,-90.55,0,0,0,0,0,0,"",0,0,0,0,3281.148,,,,0,0
117,5,0,5,1,0,0,0,0,0,0,255,255,255,33,3307.326,"TaeGeuk_",R,0,78,128,-0.919,0.733,0.608,1.708,1.06,1.704,-36.399,37.72,0,0,0,0,0,0,0,0,0,3,L,"하루（Haru）",190,90,0.503,0,74,W,Y,0,0,0,0,0,0,0,0,0,0,0,0,0,0,0,0,0.059,-37.507,0,"Pring__",0.014,-17.286,0,"SUGUN",-19.738,-44.831,0,"하루（Haru）",-14.061,-63.507,0,"-라후이-",18.479,-44.327,0,"Yaksok~",15.897,-62.866,0,"AI",40.9,-90.65,0,"AI",0,-109.84,0,"Megarafa",-39.959,-77.591,0,0,0,0,0,0,"",0,0,0,0,3308.115,,,,0,0
118,5,0,5,1,0,0,0,0,0,0,255,255,255,33,3367.814,"TaeGeuk_",R,0,83,134,-1.285,0.276,0.332,1.048,-0.571,1.808,-36.842,19.726,0,0,0,0,0,0,0,1,1,1,L,"濃いめのラー油",190,80,0.8,0,73,W,Y,0,0,0,0,0,0,0,0,0,0,0,0,0,0,0,0,0.212,-37.516,0,"Pring__",-0.195,-17.185,0,"SUGUN",-19.617,-44.359,0,"하루（Haru）",-7.631,-65.691,0,"-라후이-",23.969,-52.623,0,"Yaksok~",15.736,-63.125,0,"AI",40.9,-90.65,0,"AI",0,-109.84,0,"Megarafa",-33.855,-91.722,0,0,0,0,0,0,"",0,0,0,0,3369.173,,,,0,0
119,5,0,5,1,0,1,0,0,0,0,255,255,255,34,3382.57,"TaeGeuk_",R,32,90,140,-1.516,0.115,0.251,1.047,-0.947,1.806,-36.842,10.663,4,0,209.339,105.412,16.565,0,0,1,1,1,L,"濃いめのラー油",190,80,0.8,0,73,W,Y,0,0,0,0,0,0,0,0,0,0,0,0,0,0,0,0,-0.292,-37.81,0,"Pring__",-0.098,-17.264,0,"SUGUN",-19.568,-44.35,0,"하루（Haru）",-7.629,-65.797,0,"-라후이-",23.887,-52.563,0,"Yaksok~",15.735,-63.106,0,"AI",40.9,-90.65,0,"AI",0,-109.84,0,"Megarafa",-37.12,-92.475,0,0,0,0,0,0,"",0,0,0,0,3383.848,,,,0,0
120,5,0,5,1,0,2,0,0,0,0,255,255,255,35,3397.218,"TaeGeuk_",R,32,87,140,1.715,0.052,0.588,0.938,0.623,1.453,-36.842,31.07,2,0,250,59.594,22.236,0,0,1,1,1,L,"濃いめのラー油",190,80,0.8,0,73,W,Y,3398.275,23,59,76,44,9,25,50,-63.248,-63.817,1,0,0.078,-445.315,-283.156,52.385,0.272,-37.261,0,"Pring__",0.381,-17.089,0,"SUGUN",-19.466,-44.325,0,"하루（Haru）",-7.47,-65.977,0,"-라후이-",23.85,-52.459,120,"Yaksok~",14.494,-63.951,0,"AI",40.9,-90.65,0,"AI",0,-109.84,0,"Megarafa",-37.13,-92.481,0,3398.048,1.22,-20.353,3403.757,7,"Gonyong",26.535,-35.053,0,0,,,,,20,2
121,5,0,5,1,0,2,0,0,0,0,255,255,255,36,3416.266,"TaeGeuk_",R,3,88,111,-0.846,-0.022,0.593,0.891,0.431,1.419,-36.842,33.2,0,0,-455.53,-206.137,8.654,0,0,1,1,1,L,"濃いめのラー油",190,80,0.8,0,73,W,Y,0,0,0,0,0,0,0,0,0,0,0,0,0,0,0,0,0.17,-37.447,0,"Pring__",-0.238,-17.469,0,"SUGUN",-19.406,-44.158,0,"하루（Haru）",-4.855,-59.687,0,"-라후이-",21.882,-48.953,0,"Yaksok~",12.105,-63.355,0,"AI",40.9,-90.65,0,"AI",0,-109.84,0,"Megarafa",-37.516,-88.05,0,0,0,0,0,0,"",0,0,0,0,3417.715,,,,0,0
122,5,0,5,1,0,0,1,0,0,0,255,255,255,37,3435.243,"TaeGeuk_",R,0,92,140,0.344,-0.275,0.484,0.95,0.135,1.474,-36.842,27.724,2,0,0,0,0,0,0,1,2,0,R,"mochi_2929",172.9,92.617,0.463,3,73,W,Y,3436.279,255,52,91,93,38,145,81,18.737,11.763,-1,0,0.242,1.875,-210.99,-131.731,0.182,-37.52,0,"Pring__",0.025,-17.262,0,"SUGUN",-19.329,-44.186,85,"하루（Haru）",-13.617,-60.742,0,"-라후이-",22.276,-49.772,0,"Yaksok~",12.199,-64.225,100,"AI",40.9,-90.65,0,"AI",0,-109.84,0,"Megarafa",-43.851,-91.374,0,3439.257,-8.955,-74.259,3441.59,7,"AI",-9.367,-90.813,1,0,,,,,19,2
123,5,0,5,1,0,0,1,1,0,0,10,255,255,38,3481.061,"TaeGeuk_",R,0,86,139,-0.316,0.166,0.422,1.027,-0.151,1.74,-36.842,21.652,0,0,0,0,0,0,0,0,3,4,L,"Kr_Luna",190,95.417,0.5,0,73,W,Y,0,0,0,0,0,0,0,0,0,0,0,0,0,0,0,0,0.086,-37.407,0,"Pring__",0.004,-17.008,0,"SUGUN",-19.436,-43.982,0,"하루（Haru）",-5.815,-60.164,0,"-라후이-",19.893,-43.923,0,"Yaksok~",12.403,-59.434,0,"AI",40.9,-90.65,0,"AI",0,-109.84,0,"Megarafa",-32.535,-99.426,0,0,0,0,0,0,"",0,0,0,0,3482.107,,,,0,0
124,5,0,5,1,0,1,1,1,0,0,10,255,255,39,3492.956,"TaeGeuk_",R,32,83,135,0.177,-0.211,0.405,0.989,-0.229,1.619,-36.842,24.115,0,0,201.253,114.788,18.107,0,0,0,3,4,L,"Kr_Luna",190,95.417,0.5,0,73,W,Y,0,0,0,0,0,0,0,0,0,0,0,0,0,0,0,0,0.293,-37.354,0,"Pring__",0.023,-17.053,0,"SUGUN",-20.021,-43.277,0,"하루（Haru）",-6.761,-61.278,0,"-라후이-",20.455,-44.935,0,"Yaksok~",12.387,-59.423,0,"AI",40.9,-90.65,0,"AI",0,-109.84,0,"Megarafa",-32.574,-99.441,0,0,0,0,0,0,"",0,0,0,0,3494.082,,,,0,0
125,5,0,5,1,0,2,1,1,0,0,10,255,255,40,3503.942,"TaeGeuk_",R,3,77,104,-0.348,-1.278,0.622,0.782,0.681,0.854,-36.842,56.464,1,0,-416.837,0,4.535,0,0,0,3,4,L,"Kr_Luna",190,95.417,0.5,0,73,W,Y,0,0,0,0,0,0,0,0,0,0,0,0,0,0,0,0,0.469,-37.373,0,"Pring__",0.226,-17.658,0,"SUGUN",-19.362,-43.404,0,"하루（Haru）",-0.357,-60.412,0,"-라후이-",20.192,-44.54,0,"Yaksok~",10.906,-59.971,0,"AI",40.9,-90.65,0,"AI",0,-109.84,0,"Megarafa",-32.572,-99.426,0,0,0,0,0,0,"",0,0,0,0,3505.19,3506.438,,,0,0
126,5,0,5,1,1,2,1,0,1,0,255,10,255,41,3530.762,"TaeGeuk_",R,3,83,123,0.3,-1.394,0.624,0.724,0.787,0.76,-36.842,49.946,4,0,-411.58,0,1.694,0,0,0,3,4,L,"Kr_Luna",190,95.417,0.5,0,73,W,Y,0,0,0,0,0,0,0,0,0,0,0,0,0,0,0,0,0.484,-37.382,0,"Pring__",0.419,-17.714,0,"SUGUN",-19.604,-44.225,0,"하루（Haru）",-4.285,-59.86,0,"-라후이-",19.483,-41.451,0,"Yaksok~",10.829,-59.112,0,"AI",40.9,-90.65,0,"AI",0,-109.84,0,"Megarafa",-32.552,-99.392,0,0,0,0,0,0,"",0,0,0,0,3531.948,3533.254,,,0,0
127,5,0,5,1,0,0,2,0,1,0,255,10,255,42,3552.139,"TaeGeuk_",R,0,84,136,-1.597,1.75,0.303,1.296,-0.705,2.667,-36.842,3.161,1,0,0,0,0,0,0,0,4,2,R,"아침땅_",179.6,95.405,0.5,0,73,W,Y,0,0,0,0,0,0,0,0,0,0,0,0,0,0,0,0,0.052,-37.549,0,"Pring__",-0.178,-17.148,0,"SUGUN",-19.649,-44.293,0,"하루（Haru）",-13.576,-60.999,0,"-라후이-",19.153,-40.184,0,"Yaksok~",4.127,-63.539,0,"AI",40.9,-90.65,0,"AI",0,-109.84,0,"Megarafa",-44.995,-93.64,0,0,0,0,0,0,"",0,0,0,0,3553.323,,3553.379,,0,0
128,5,0,5,1,1,0,2,0,0,1,255,255,10,43,3566.278,"TaeGeuk_",R,32,90,140,-0.362,0.088,0.366,1.03,-0.413,1.758,-36.842,11.409,2,0,183.237,73.997,18.563,0,0,1,4,2,R,"아침땅_",179.6,95.405,0.5,2,73,W,Y,3567.16,144,69,102,18,0,137,79,-19.74,47.844,1,0.048,0.274,14.867,491.263,37.666,0.3,-37.396,0,"Pring__",-0.124,-17.247,0,"SUGUN",-19.558,-44.274,0,"하루（Haru）",-13.787,-61.368,0,"-라후이-",18.065,-41.403,0,"Yaksok~",7.7,-62.493,0,"AI",40.9,-90.65,0,"AI",0,-109.84,0,"Megarafa",-45,-93.622,0,3567.024,-2.569,-20.459,0,0,"",0,0,0,0,,,3570.266,,16,3
129,5,0,5,1,1,1,2,0,0,1,255,255,10,44,3582.263,"TaeGeuk_",R,2,86,125,-1.123,1.141,0.473,1.098,0.088,1.99,-36.842,16.231,4,0,-387.311,-316.212,22.012,-1.522,-18.032,1,4,2,R,"아침땅_",179.6,95.405,0.5,0,36,W,Y,0,0,0,0,0,0,0,0,0,0,0,0,0,0,0,0,0.187,-37.257,0,"Pring__",-0.804,-18.028,0,"SUGUN",-19.804,-44.444,0,"하루（Haru）",-14.041,-61.416,0,"-라후이-",19.148,-40.811,0,"Yaksok~",4.558,-62.965,0,"AI",40.9,-90.65,0,"AI",0,-109.84,0,"Megarafa",-46.158,-92.229,0,0,0,0,0,0,"",0,0,0,0,3592.282,,,3588.372,0,0
130,5,0,5,2,1,2,2,0,0,0,255,255,255,45,3645.849,"TaeGeuk_",R,32,86,140,-1.588,0.811,0.261,1.155,-0.901,2.186,-36.842,5.243,1,0,150.644,75.384,14.155,0,0,0,4,2,R,"아침땅_",179.6,95.405,0.5,0,36,W,Y,0,0,0,0,0,0,0,0,0,0,0,0,0,0,0,0,0.25,-37.673,0,"Pring__",-0.217,-16.985,0,"SUGUN",-19.992,-44.821,0,"하루（Haru）",-12.323,-61.469,0,"-라후이-",18.937,-44.509,0,"Yaksok~",4.851,-63.424,0,"AI",40.9,-90.65,0,"AI",0,-109.84,0,"Megarafa",-43.017,-97.569,0,0,0,0,0,0,"",0,0,0,0,3647.032,,,,0,0
131,5,0,5,2,2,2,2,0,0,0,255,255,255,46,3658.788,"TaeGeuk_",R,0,70,109,-0.248,-0.522,0.415,0.862,-0.121,1.339,-36.842,27.013,2,0,0,0,22.636,0,0,1,4,2,R,"아침땅_",179.6,95.405,0.5,2,36,W,Y,3659.782,68,80,106,133,108,120,69,31.778,64.086,1,0.238,0.431,147.778,-35.298,22.773,0.128,-37.548,0,"Pring__",-0.121,-17.029,0,"SUGUN",-19.957,-44.784,0,"하루（Haru）",-12.215,-63.164,0,"-라후이-",19.986,-44.747,0,"Yaksok~",7.228,-63.975,0,"AI",40.9,-90.65,0,"AI",0,-109.84,0,"Megarafa",-42.98,-97.573,0,3661.857,-33.418,-36.659,0,0,"",0,0,0,0,,,,,16,3
132,5,0,5,2,2,2,2,0,0,0,255,255,255,47,3673.888,"TaeGeuk_",R,32,84,136,-0.329,0.255,0.357,1.052,-0.455,1.833,-36.842,19.331,0,0,221.941,50.434,24.58,0,0,0,4,2,R,"아침땅_",179.6,95.405,0.5,0,36,W,Y,0,0,0,0,0,0,0,0,0,0,0,0,0,0,0,0,0.032,-37.287,0,"Pring__",-0.146,-16.975,0,"SUGUN",-19.818,-44.691,0,"하루（Haru）",-17.038,-60.055,0,"-라후이-",19.678,-45.037,0,"Yaksok~",4.512,-62.879,0,"AI",40.9,-90.65,0,"AI",0,-109.84,0,"Megarafa",-44.572,-95.753,0,0,0,0,0,0,"",0,0,0,0,3675.065,,,,0,0
133,6,1,5,2,0,0,0,0,0,0,255,255,255,84,3797.791,"mochi_2929",R,0,32,84,0,0.018,0.21,1.656,-0.007,1.647,-36.72,99.303,2,0,0,0,2.025,0,0,0,6,8,L,"Megarafa",175,90,0.498,2,74,W,Y,3799.322,40,28,53,73,31,40,40,-73.814,-81.292,1,0,0.137,-410.178,-397.967,-5.26,0.107,-37.327,0,"濃いめのラー油",0.006,-17.843,0,"아침땅_",-21.981,-48.287,0,"うよすま",-9.592,-58.978,0,"Kr_Luna",19.319,-47.266,0,"kotatu_yowai",16.176,-63.045,0,"AI",40.9,-90.65,0,"Gonyong",10.548,-109.533,0,"AI",-40.8,-90.55,0,3799.24,1.167,-18.817,0,0,"",0,0,0,0,,,,,4,0
134,6,1,5,2,0,1,0,0,0,0,255,255,255,85,3816.199,"mochi_2929",R,1,25,81,-0.762,-0.446,0.145,1.763,-0.335,1.419,-36.72,124.749,2,0,-5.861,4.724,1.31,0,0,1,6,8,L,"Megarafa",175,90,0.498,2,74,W,Y,3817.67,216,83,94,91,47,145,90,13.653,-23.023,0.96,0,0.343,-145.148,-410.538,-173.516,0.027,-37.694,0,"濃いめのラー油",0.036,-17.736,0,"아침땅_",-22.406,-48.529,98,"うよすま",-9.86,-59.763,0,"Kr_Luna",18.659,-47.855,0,"kotatu_yowai",15.107,-63.94,110,"AI",40.9,-90.65,0,"Gonyong",0.357,-111.935,0,"AI",-40.8,-90.55,0,3819.815,21.363,-64.222,3819.982,5,"kotatu_yowai",19.945,-61.69,0,0,,,,,84,1
135,6,1,5,2,0,0,1,0,0,0,255,255,255,86,3836.098,"mochi_2929",R,26,68,121,1.887,2.13,0.318,1.883,0.548,2.544,-36.72,50.115,2,0,165.175,-200,4.465,0,0,1,0,5,R,"Yaksok~",166.8,80,0.453,2,74,W,Y,3837.731,149,64,63,62,30,137,75,96.475,-70.912,1,0,0.362,50.7,472.392,-90.747,0.114,-37.748,0,"濃いめのラー油",0.008,-17.854,0,"아침땅_",-22.04,-48.212,0,"うよすま",-12.262,-58.917,0,"Kr_Luna",19.694,-46.853,0,"kotatu_yowai",14.61,-64.156,0,"AI",40.9,-90.65,0,"Gonyong",-3.624,-106.086,0,"AI",-40.8,-90.55,0,3843.198,-22.761,-8.25,0,0,"",0,0,0,0,,,,,4,3
136,6,1,5,2,0,1,1,0,0,0,255,255,255,87,3873.681,"mochi_2929",R,26,87,140,-0.791,-1.011,0.073,1.424,-0.59,0.85,-36.72,13.81,0,0,182.882,-200,4.931,0,0,0,0,5,R,"Yaksok~",166.8,80,0.453,0,74,W,Y,0,0,0,0,0,0,0,0,0,0,0,0,0,0,0,0,0.004,-37.956,0,"濃いめのラー油",-0.013,-17.645,0,"아침땅_",-22.53,-48.736,0,"うよすま",-13.159,-58.021,0,"Kr_Luna",19.229,-47.717,0,"kotatu_yowai",14.751,-63.783,0,"AI",40.9,-90.65,0,"Gonyong",-6.646,-102.846,0,"AI",-40.8,-90.55,0,0,0,0,0,0,"",0,0,0,0,3875.165,,,,0,0
137,6,1,5,2,0,2,1,0,0,0,255,255,255,88,3887.892,"mochi_2929",R,3,52,89,-0.792,0.378,0.283,1.657,0.242,1.842,-36.72,59.426,0,0,-253.736,0,-4.612,0,0,1,0,5,R,"Yaksok~",166.8,80,0.453,0,74,W,Y,0,0,0,0,0,0,0,0,0,0,0,0,0,0,0,0,0.293,-37.706,0,"濃いめのラー油",-0.026,-17.647,0,"아침땅_",-22.522,-47.538,0,"うよすま",-13.298,-58.061,0,"Kr_Luna",19.073,-48.577,0,"kotatu_yowai",14.887,-64.118,0,"AI",40.9,-90.65,0,"Gonyong",-8.039,-107.236,0,"AI",-40.8,-90.55,0,0,0,0,0,0,"",0,0,0,0,3889.582,,,,0,0
138,6,1,5,2,0,0,2,0,0,0,255,255,255,89,3925.543,"mochi_2929",R,26,82,133,0.33,0.773,0.195,1.723,-0.022,1.916,-36.72,30.827,2,0,112.273,-200,0.055,0,0,0,2,4,R,"-라후이-",190,87,0.498,5,73,W,Y,3926.396,158,114,142,63,44,145,93,47.572,3.473,-0.7,0,0.163,317.544,218.063,-201.11,0.261,-37.667,0,"濃いめのラー油",-0.055,-17.818,0,"아침땅_",-22.497,-48.583,0,"うよすま",-13.706,-60.919,0,"Kr_Luna",19.614,-48.791,48,"kotatu_yowai",14.838,-64.118,0,"AI",40.9,-90.65,0,"Gonyong",-21.584,-124.045,85,"AI",-40.8,-90.55,0,3931.982,-5.992,-85.699,3934.049,7,"Gonyong",-7.522,-95.108,1,0,,3936.989,,,13,2
139,6,1,5,2,0,0,2,0,1,0,255,4,255,90,3959.267,"mochi_2929",R,2,76,114,-2.258,-0.341,0.129,1.477,-0.329,1.12,-36.72,31.864,1,0,-410.938,-284.834,50.005,-1.775,-18.838,0,3,1,L,"Pring__",190,92.818,0.485,0,74,W,Y,0,0,0,0,0,0,0,0,0,0,0,0,0,0,0,0,-0.028,-38.112,0,"濃いめのラー油",-0.04,-17.847,0,"아침땅_",-22.26,-48.462,0,"うよすま",-7.772,-59.133,0,"Kr_Luna",19.315,-47.367,0,"kotatu_yowai",15.663,-63.606,0,"AI",40.9,-90.65,0,"Gonyong",0.738,-109.465,0,"AI",-40.8,-90.55,0,0,0,0,0,0,"",0,0,0,0,3962.865,3962.114,,,0,0
140,6,1,5,2,1,0,2,0,1,0,255,4,255,91,3975.453,"mochi_2929",R,14,75,113,-0.384,0.491,0.024,1.842,-0.817,2.302,-36.72,37.957,0,0,383.702,320.582,-42.139,-0.3,-19.337,0,3,1,L,"Pring__",190,92.818,0.485,0,74,W,Y,0,0,0,0,0,0,0,0,0,0,0,0,0,0,0,0,0.195,-38.104,0,"濃いめのラー油",-0.085,-17.939,0,"아침땅_",-22.086,-48.508,0,"うよすま",-6.651,-59.698,0,"Kr_Luna",19.788,-43.607,0,"kotatu_yowai",15.713,-63.671,0,"AI",40.9,-90.65,0,"Gonyong",-0.76,-111.706,0,"AI",-40.8,-90.55,0,0,0,0,0,0,"",0,0,0,0,3979.323,,,,0,0
141,6,1,5,2,1,1,2,0,1,0,255,4,255,92,3988.471,"mochi_2929",R,5,50,104,1.108,0.659,0.292,1.711,0.672,2.04,-36.72,53.56,2,0,-105.304,0,-3.727,0,0,1,3,1,L,"Pring__",190,92.818,0.485,3,74,W,Y,3989.846,177,119,81,107,74,145,95,33.469,-29.031,0.96,0,0.49,349.229,2.848,168.261,0.076,-37.608,0,"濃いめのラー油",0.029,-18.083,0,"아침땅_",-21.981,-48.398,0,"うよすま",-10.6,-60.758,0,"Kr_Luna",19.124,-45.785,0,"kotatu_yowai",15.656,-63.406,0,"AI",40.9,-90.65,0,"Gonyong",-0.883,-111.896,0,"AI",-40.8,-90.55,0,3994.707,39.01,-90.052,0,0,"",0,0,0,0,,,3996.441,,24,1
142,6,0,5,2,0,0,0,0,0,0,255,255,255,48,4081.495,"TaeGeuk_",R,32,91,140,-1.043,0.64,0.297,1.145,-0.732,2.163,-36.842,7.537,0,0,202.982,162.45,25.237,0,0,0,5,3,R,"うよすま",175.4,92.834,0.601,0,73,W,Y,0,0,0,0,0,0,0,0,0,0,0,0,0,0,0,0,0.113,-37.874,0,"Pring__",-0.067,-16.944,0,"하루（Haru）",-19.998,-47.415,0,"Megarafa",-14.646,-56.613,0,"-라후이-",17.635,-43.874,0,"Yaksok~",11.569,-64.97,0,"AI",40.902,-90.652,0,"AI",0,-109.843,0,"AI",-40.802,-90.552,0,0,0,0,0,0,"",0,0,0,0,4082.698,,,,0,0
143,6,0,5,2,0,1,0,0,0,0,255,255,255,49,4095.582,"TaeGeuk_",R,13,69,97,-1.916,-1.319,0.424,0.897,-0.096,1.412,-36.842,23.323,1,0,-344.292,312.348,13.54,-0.76,-18.037,0,5,3,R,"うよすま",175.4,92.834,0.601,0,73,W,Y,0,0,0,0,0,0,0,0,0,0,0,0,0,0,0,0,0.01,-37.89,0,"Pring__",-0.386,-17.56,0,"하루（Haru）",-20.545,-47.157,0,"Megarafa",-12.467,-56.659,0,"-라후이-",19.807,-46.869,0,"Yaksok~",10.356,-64.936,0,"AI",40.9,-90.65,0,"AI",0,-109.84,0,"AI",-40.8,-90.55,0,0,0,0,0,0,"",0,0,0,0,4099.349,,,,0,0
144,6,0,5,2,1,1,0,0,0,0,255,255,255,50,4109.179,"TaeGeuk_",R,0,80,130,-0.417,0.409,0.413,1.06,-0.194,1.865,-36.842,15.183,0,0,0,0,0,0,0,1,5,3,R,"うよすま",175.4,92.834,0.601,0,73,W,Y,0,0,0,0,0,0,0,0,0,0,0,0,0,0,0,0,0.322,-37.408,0,"Pring__",-0.049,-17.139,0,"하루（Haru）",-20.564,-47.167,0,"Megarafa",-12.474,-56.595,0,"-라후이-",19.807,-45.181,0,"Yaksok~",11.399,-65.475,0,"AI",40.902,-90.652,0,"AI",0,-109.843,0,"AI",-40.802,-90.552,0,0,0,0,0,0,"",0,0,0,0,4110.432,,,,0,0
145,6,0,5,2,1,2,0,0,0,0,255,255,255,51,4121.824,"TaeGeuk_",R,32,81,132,2.08,-0.058,0.598,1.005,0.667,1.67,-36.842,21.19,2,0,151.343,68.046,11.031,0,0,1,5,3,R,"うよすま",175.4,92.834,0.601,0,73,W,Y,4122.831,131,16,108,26,0,138,83,25.069,10.218,-1,0.095,0.348,274.965,-462.005,-266.355,0.785,-37.173,0,"Pring__",0.016,-17.204,0,"하루（Haru）",-20.558,-47.172,0,"Megarafa",-12.482,-56.591,0,"-라후이-",19.545,-45.631,0,"Yaksok~",10.856,-63.96,70,"AI",40.904,-90.654,0,"AI",0,-109.844,0,"AI",-40.804,-90.554,0,4127.274,-4.64,-88.949,4127.653,7,"AI",-4.61,-91.03,1,0,,,,,9,2
146,6,0,5,2,0,0,0,1,0,0,13,255,255,52,4148.389,"TaeGeuk_",R,32,87,140,1.058,-0.225,0.483,0.991,0.132,1.623,-36.842,21.404,0,0,250,145.256,34.788,0,0,0,6,5,R,"kotatu_yowai",190,86.486,0.644,0,73,W,Y,0,0,0,0,0,0,0,0,0,0,0,0,0,0,0,0,0.284,-37.582,0,"Pring__",-0.006,-17.069,0,"하루（Haru）",-18.239,-43.238,0,"Megarafa",-12.921,-56.304,0,"-라후이-",19.503,-43.44,0,"Yaksok~",6.657,-61.082,0,"AI",40.902,-90.652,0,"AI",0,-109.843,0,"AI",-40.802,-90.552,0,0,0,0,0,0,"",0,0,0,0,4149.649,,,,0,0
147,6,0,5,2,0,1,0,1,0,0,13,255,255,53,4161.702,"TaeGeuk_",R,0,87,140,-1.447,0.72,0.317,1.134,-0.64,2.088,-36.842,11.803,0,0,0,0,0,0,0,1,6,5,R,"kotatu_yowai",190,86.486,0.644,0,73,W,Y,0,0,0,0,0,0,0,0,0,0,0,0,0,0,0,0,0.052,-37.243,0,"Pring__",-0.152,-17.46,0,"하루（Haru）",-18.499,-44.833,0,"Megarafa",-12.662,-56.397,0,"-라후이-",19.009,-41.881,0,"Yaksok~",2.773,-61.986,0,"AI",40.902,-90.652,0,"AI",0,-109.843,0,"AI",-40.802,-90.552,0,0,0,0,0,0,"",0,0,0,0,4162.957,4165.077,,,0,0
148,6,0,5,2,0,2,0,0,1,0,255,13,255,54,4184.218,"TaeGeuk_",R,3,84,126,0.306,-0.994,0.613,0.802,0.735,1.011,-36.842,48.366,2,0,-410.253,0,1.664,0,0,1,6,5,R,"kotatu_yowai",190,86.486,0.644,3,73,W,Y,4185.291,214,62,86,60,30,145,130,-30,-5.144,0.41,0,0.161,-219.269,-446.556,265.813,0.608,-37.539,0,"Pring__",-0.009,-17.542,0,"하루（Haru）",-19.716,-46.704,0,"Megarafa",-13.842,-57.024,0,"-라후이-",19.128,-44.747,0,"Yaksok~",8.031,-58.932,100,"AI",40.904,-90.654,0,"AI",0,-109.845,0,"AI",-40.804,-90.554,0,4185.065,0.115,-20.951,4187.315,-1,"SUGUN",4.267,-65.985,0,0,,,4187.678,,25,2
149,6,0,5,2,0,0,1,0,0,1,255,255,13,55,4216.84,"TaeGeuk_",R,0,81,132,-0.482,-0.621,0.407,0.897,-0.222,1.279,-36.842,29.279,2,0,0,0,0,0,0,0,0,7,R,"Gonyong",169.6,80,0.2,3,73,W,Y,4217.925,227,142,85,120,30,145,118,8.792,29.616,0.73,0.19,0.348,388.444,-34.379,-62.787,0.355,-37.591,0,"Pring__",-0.076,-16.983,0,"하루（Haru）",-19.735,-46.344,0,"Megarafa",-9.966,-56.069,0,"-라후이-",19.225,-46.277,0,"Yaksok~",8.553,-57.253,85,"AI",40.904,-90.654,0,"AI",0,-109.845,0,"AI",-40.804,-90.554,0,4220.432,-35.421,-82.796,4220.65,8,"AI",-36.039,-83.752,1,0,,,,4223.49,9,2
150,6,0,5,3,0,0,1,1,0,0,17,255,255,56,4246.658,"TaeGeuk_",R,0,83,135,-2.052,0.327,0.26,1.058,-0.903,1.84,-36.842,15.705,2,1,0,0,0,0,0,1,1,1,L,"濃いめのラー油",190,80,0.8,3,73,W,Y,4247.754,135,229,104,79,23,141,84,27.073,39.093,-1,0,0.089,304.156,306.139,154.188,0.191,-37.496,109,"Pring__",-0.176,-17.625,0,"하루（Haru）",-18.704,-45.211,83,"Megarafa",-9.245,-58.054,0,"-라후이-",19.906,-44.781,0,"Yaksok~",10.282,-60.102,0,"AI",40.904,-90.654,0,"AI",0,-109.845,0,"AI",-40.804,-90.554,0,4251.474,-45.372,-67.998,4254.085,8,"AI",-61.363,-82.303,1,0,,4250.007,4254.625,4259.47,25,2
151,6,0,5,4,0,0,1,0,1,0,255,11,255,57,4308.728,"TaeGeuk_",R,32,82,133,2.25,-1.124,0.585,0.818,0.607,1.007,-36.842,45.547,2,0,239.491,16.916,12.522,0,0,0,2,0,R,"mochi_2929",172.9,92.617,0.463,3,73,W,Y,4309.803,96,121,89,80,54,134,126,-14.449,-4.214,0.64,0,0.23,-534.945,253.122,82.298,0.61,-37.21,0,"Pring__",0.039,-17.618,0,"하루（Haru）",-19.758,-46.656,0,"Megarafa",-10.294,-55.774,0,"-라후이-",19.53,-45.994,0,"Yaksok~",7.588,-58.289,100,"AI",40.904,-90.654,0,"AI",0,-109.845,0,"AI",-40.804,-90.554,0,4309.624,0.557,-21.551,4311.391,5,"Yaksok~",3.189,-57.94,0,2,,4311.998,,,21,2
152,7,1,5,4,0,0,0,0,0,0,255,255,255,93,4364.769,"mochi_2929",R,32,88,140,-0.768,-0.659,0.053,1.463,-0.685,1.03,-36.72,14.676,0,0,250,-200,18.642,-0.41,-19.558,0,3,0,R,"TaeGeuk_",176.8,88,0.623,0,73,W,Y,0,0,0,0,0,0,0,0,0,0,0,0,0,0,0,0,-0.023,-37.965,0,"濃いめのラー油",-0.201,-17.988,0,"아침땅_",-22.255,-48.658,0,"うよすま",-11.836,-60.381,0,"Kr_Luna",20.265,-50.351,0,"kotatu_yowai",14.692,-64.037,0,"AI",40.9,-90.65,0,"Gonyong",-15.495,-119.969,0,"AI",-40.8,-90.55,0,0,0,0,0,0,"",0,0,0,0,4368.599,,,,0,0
153,7,1,5,4,0,1,0,0,0,0,255,255,255,94,4383.787,"mochi_2929",R,13,79,116,-0.495,-0.56,0.267,1.688,0.311,1.814,-36.72,30.812,2,0,-300.492,399.63,5.472,0,0,1,3,0,R,"TaeGeuk_",176.8,88,0.623,2,73,W,Y,4384.79,198,144,107,127,78,145,82,12.777,19.816,-1,0,0.19,207.155,-332.754,-9.969,0.314,-37.569,0,"濃いめのラー油",-0.143,-17.878,0,"아침땅_",-22.255,-48.569,0,"うよすま",-11.262,-59.424,81,"Kr_Luna",20.17,-50.653,0,"kotatu_yowai",14.676,-63.906,0,"AI",40.9,-90.65,0,"Gonyong",-16.042,-120.663,0,"AI",-40.8,-90.55,0,0,0,0,4386.99,3,"うよすま",-12.447,-57.546,0,0,,,,,36,1
154,7,1,5,4,0,0,1,0,0,0,255,255,255,95,4407.663,"mochi_2929",R,14,71,111,0.807,0.31,0.134,1.824,-0.306,2.244,-36.72,33.543,0,0,363.037,343.808,-15.487,0,0,1,4,2,L,"하루（Haru）",190,90,0.503,0,73,W,Y,0,0,0,0,0,0,0,0,0,0,0,0,0,0,0,0,0.281,-38.224,0,"濃いめのラー油",-0.045,-17.884,0,"아침땅_",-22.301,-48.729,0,"うよすま",-9.679,-62.064,0,"Kr_Luna",20.333,-50.68,0,"kotatu_yowai",15.917,-63.485,0,"AI",40.9,-90.65,0,"Gonyong",9.038,-124.294,0,"AI",-40.8,-90.55,0,0,0,0,0,0,"",0,0,0,0,4408.916,,,,0,0
155,7,1,5,4,0,1,1,0,0,0,255,255,255,96,4426.362,"mochi_2929",R,10,64,108,0.792,1.391,0.202,2.015,0.203,3.027,-36.72,52.046,1,0,71.368,400,-29.452,0.937,-18.769,0,4,2,L,"하루（Haru）",190,90,0.503,0,73,W,Y,0,0,0,0,0,0,0,0,0,0,0,0,0,0,0,0,0.144,-38.157,0,"濃いめのラー油",-0.043,-17.765,0,"아침땅_",-22.315,-48.757,0,"うよすま",-11.688,-61.694,0,"Kr_Luna",20.344,-50.709,0,"kotatu_yowai",15.827,-63.412,0,"AI",40.9,-90.65,0,"Gonyong",9.049,-124.308,0,"AI",-39.144,-88.852,0,0,0,0,0,0,"",0,0,0,0,4430.757,,,,0,0
156,7,1,5,4,1,1,1,0,0,0,255,255,255,97,4441.513,"mochi_2929",R,10,72,113,-1.082,-1.954,0.078,1.393,-0.569,0.846,-36.72,24.677,1,0,59.201,400,-58.071,-0.309,-18.106,0,4,2,L,"하루（Haru）",190,90,0.503,0,73,W,Y,0,0,0,0,0,0,0,0,0,0,0,0,0,0,0,0,0.194,-38.225,0,"濃いめのラー油",-0.113,-18.141,0,"아침땅_",-22.294,-48.756,0,"うよすま",-11.301,-61.493,0,"Kr_Luna",20.333,-50.74,0,"kotatu_yowai",15.87,-63.477,0,"AI",40.9,-90.65,0,"Gonyong",9.053,-124.298,0,"AI",-39.83,-89.075,0,0,0,0,0,0,"",0,0,0,0,4444.674,,,,0,0
157,7,1,5,4,2,1,1,0,0,0,255,255,255,98,4456.358,"mochi_2929",R,32,83,135,-0.836,-0.191,0.054,1.537,-0.68,1.314,-36.72,25.063,0,0,223.95,-200,7.001,0,0,1,4,2,L,"하루（Haru）",190,90,0.503,0,73,W,Y,0,0,0,0,0,0,0,0,0,0,0,0,0,0,0,0,-1.21,-35.956,0,"濃いめのラー油",-0.059,-17.896,0,"아침땅_",-22.22,-48.666,0,"うよすま",-11.799,-61.008,0,"Kr_Luna",20.311,-50.788,0,"kotatu_yowai",15.745,-63.511,0,"AI",40.9,-90.65,0,"Gonyong",9.058,-124.296,0,"AI",-40.8,-90.55,0,0,0,0,0,0,"",0,0,0,0,4457.507,,,,0,0
158,7,1,5,4,2,2,1,0,0,0,255,255,255,99,4500.12,"mochi_2929",R,0,51,107,21.013,49.731,0.457,1.853,9.143,7.95,-36.72,108.119,1,0,0,0,-2.255,15.589,34.378,0,4,2,L,"하루（Haru）",190,90,0.503,0,73,W,Y,0,0,0,0,0,0,0,0,0,0,0,0,0,0,0,0,-0.556,-40.179,0,"濃いめのラー油",0.066,-17.772,0,"아침땅_",-22.491,-48.912,0,"うよすま",-9.095,-55.816,0,"Kr_Luna",20.429,-50.634,0,"kotatu_yowai",15.797,-63.402,0,"AI",40.9,-90.65,0,"Gonyong",9.366,-124.237,0,"AI",-29.407,-78.871,0,0,0,0,0,0,"",0,0,0,0,,,,,0,0
159,7,1,5,4,3,2,1,0,0,0,255,255,255,100,4518.801,"mochi_2929",R,0,81,131,-1.596,-0.019,0.061,1.624,-0.646,1.595,-36.72,17.537,2,0,-45.515,0,-95.955,0,0,1,4,2,L,"하루（Haru）",190,90,0.503,3,73,W,Y,4519.911,214,108,115,95,0,145,98,57.338,-47.209,-0.44,0.095,0.281,371.839,40.183,241.283,-0.065,-37.623,0,"濃いめのラー油",-0.092,-17.832,0,"아침땅_",-22.171,-48.618,0,"うよすま",-9.979,-63.076,0,"Kr_Luna",20.45,-50.766,0,"kotatu_yowai",15.766,-63.214,0,"AI",40.9,-90.65,0,"Gonyong",22.012,-125.079,0,"AI",-40.8,-90.55,0,4525.707,52.31,-68.241,4526.407,6,"AI",53.092,-68.995,0,0,,,,,4,2
160,7,1,5,4,3,2,1,0,0,0,255,255,255,101,4542.512,"mochi_2929",R,15,79,107,-1.142,-0.156,0.039,1.382,-0.499,1.092,-36.72,28.746,0,0,0,-400,-102.988,0,0,0,4,2,L,"하루（Haru）",190,90,0.503,0,34,W,Y,0,0,0,0,0,0,0,0,0,0,0,0,0,0,0,0,-0.11,-38.045,0,"濃いめのラー油",-0.132,-17.853,0,"아침땅_",-21.913,-48.808,0,"うよすま",-11.574,-62.423,0,"Kr_Luna",21.923,-49.482,0,"kotatu_yowai",15.982,-62.719,0,"AI",40.9,-90.65,0,"Gonyong",18.907,-123.216,0,"AI",-40.8,-90.55,0,0,0,0,0,0,"",0,0,0,0,4543.874,,,,0,0
161,7,1,5,4,0,0,2,0,0,0,255,255,255,102,4568.548,"mochi_2929",R,26,73,124,1.133,1.205,0.24,1.765,0.187,2.086,-36.72,42.972,2,0,193.295,-200,-1.527,0,0,1,5,3,L,"Megarafa",175,90,0.498,2,72,W,Y,4569.768,161,64,69,68,26,140,79,104.955,74.655,1,0,0.127,273.691,-432.847,37.858,-0.013,-37.972,0,"濃いめのラー油",0.016,-17.87,0,"아침땅_",-22.454,-48.804,0,"うよすま",-9.21,-61.58,0,"Kr_Luna",22.043,-49.359,0,"kotatu_yowai",15.812,-63.326,0,"AI",40.9,-90.65,0,"Gonyong",14.276,-108.462,0,"AI",-40.8,-90.55,0,4574.449,50.372,1.631,0,0,"",0,0,0,0,,,,,4,3
162,7,1,5,4,0,1,2,0,0,0,255,255,255,103,4590.754,"mochi_2929",R,13,79,116,-1.586,-0.609,0.183,1.653,-0.078,1.693,-36.72,29.404,2,0,-365.406,341.29,4.994,0,0,1,5,3,L,"Megarafa",175,90,0.498,2,72,W,Y,4592.031,146,80,100,99,39,145,103,-17.916,17.66,0.05,0,0.34,-412.858,45.808,264.361,-0.019,-37.655,0,"濃いめのラー油",0.033,-17.746,0,"아침땅_",-22.116,-48.787,0,"うよすま",-11.157,-62.775,86,"Kr_Luna",21.044,-49.742,0,"kotatu_yowai",15.653,-63.628,0,"AI",40.9,-90.65,0,"Gonyong",13.041,-104.364,0,"AI",-40.8,-90.55,0,4591.865,-0.883,-22.058,4593.815,3,"うよすま",-15.349,-59.469,0,0,,,,,56,2
163,7,0,5,4,0,0,0,0,0,0,255,255,255,58,4642.177,"TaeGeuk_",R,33,82,133,-0.373,0.191,0.311,1.044,-0.378,1.796,-36.842,14.017,0,0,138.898,39.908,19.185,0,0,0,3,4,L,"Kr_Luna",190,95.417,0.5,0,72,W,Y,0,0,0,0,0,0,0,0,0,0,0,0,0,0,0,0,-0.016,-37.525,0,"Pring__",0.013,-17.122,0,"하루（Haru）",-19.797,-47.321,0,"Megarafa",-9.129,-56.094,0,"-라후이-",19.788,-43.514,0,"Yaksok~",15.052,-63.082,0,"AI",40.9,-90.65,0,"AI",0,-109.84,0,"AI",-40.8,-90.55,0,0,0,0,0,0,"",0,0,0,0,4643.315,,,,0,0
164,7,0,5,4,0,1,0,0,0,0,255,255,255,59,4659.528,"TaeGeuk_",R,0,88,140,-0.091,0.658,0.382,1.122,-0.051,2.048,-36.842,12.39,0,0,0,0,0,0,0,0,3,4,L,"Kr_Luna",190,95.417,0.5,0,72,W,Y,0,0,0,0,0,0,0,0,0,0,0,0,0,0,0,0,0.378,-37.202,0,"Pring__",0.023,-17.05,0,"하루（Haru）",-19.787,-47.47,0,"Megarafa",-9.435,-56.603,0,"-라후이-",19.067,-43.991,0,"Yaksok~",13.669,-63.28,0,"AI",40.9,-90.65,0,"AI",0,-109.84,0,"AI",-40.8,-90.55,0,0,0,0,0,0,"",0,0,0,0,4660.666,,,,0,0
165,7,0,5,4,0,2,0,0,0,0,255,255,255,60,4675.972,"TaeGeuk_",R,2,86,125,-2.039,1.367,0.337,1.169,-0.257,2.2,-36.842,11.586,4,0,-402.759,-296.286,32.157,0,0,0,3,4,L,"Kr_Luna",190,95.417,0.5,0,72,W,Y,0,0,0,0,0,0,0,0,0,0,0,0,0,0,0,0,-0.123,-37.557,0,"Pring__",-0.022,-17.053,0,"하루（Haru）",-19.78,-47.61,0,"Megarafa",-9.432,-56.591,0,"-라후이-",19.067,-43.984,0,"Yaksok~",14.305,-63.924,0,"AI",40.9,-90.65,0,"AI",0,-109.85,0,"AI",-40.8,-90.55,0,0,0,0,0,0,"",0,0,0,0,4677.082,,,,0,0
166,7,0,5,4,0,0,1,0,0,0,255,255,255,61,4696.284,"TaeGeuk_",R,4,78,122,3.783,-2.126,0.652,0.713,1.975,0.364,-36.842,54.848,1,0,-220.053,0,3.629,0,0,0,4,2,R,"아침땅_",179.6,95.405,0.5,0,72,W,Y,0,0,0,0,0,0,0,0,0,0,0,0,0,0,0,0,0.527,-37.345,0,"Pring__",-0.148,-17.032,0,"하루（Haru）",-20.125,-45.989,0,"Megarafa",-10.897,-55.321,0,"-라후이-",19.536,-45.862,0,"Yaksok~",6.042,-63.689,0,"AI",40.9,-90.65,0,"AI",0,-109.84,0,"AI",-40.8,-90.55,0,0,0,0,0,0,"",0,0,0,0,4697.449,,,,0,0
167,7,0,5,4,1,0,1,0,0,0,255,255,255,62,4709.09,"TaeGeuk_",R,3,79,118,-0.769,-1.139,0.476,0.798,0.387,0.96,-36.842,35.393,2,0,-445.763,0,5.889,0,0,1,4,2,R,"아침땅_",179.6,95.405,0.5,2,72,W,Y,4710.046,133,79,134,120,44,141,81,92.615,-88.32,1,0.095,0.295,58,215.63,3.81,0.657,-37.284,0,"Pring__",-0.476,-17.049,0,"하루（Haru）",-19.899,-46.048,0,"Megarafa",-10.875,-55.195,0,"-라후이-",19.728,-47.245,0,"Yaksok~",6.869,-64.287,0,"AI",40.907,-90.657,0,"AI",0,-109.84,0,"AI",-40.807,-90.557,0,4714.541,-64.89,-13.951,0,0,"",0,0,0,0,,,,,8,3
168,7,0,5,4,1,1,1,0,0,0,255,255,255,63,4724.789,"TaeGeuk_",R,3,84,123,-4.677,0.776,0.123,1.127,-1.254,2.088,-36.842,14.176,1,0,-500,0,16.419,0,0,0,4,2,R,"아침땅_",179.6,95.405,0.5,0,36,W,Y,0,0,0,0,0,0,0,0,0,0,0,0,0,0,0,0,0.304,-37.474,0,"Pring__",-0.675,-16.966,0,"하루（Haru）",-20.862,-44.97,0,"Megarafa",-10.003,-55.445,0,"-라후이-",19.748,-45.289,0,"Yaksok~",5.312,-64.498,0,"AI",40.9,-90.65,0,"AI",0,-109.84,0,"AI",-40.807,-90.557,0,0,0,0,0,0,"",0,0,0,0,4725.957,,,,0,0
169,7,0,5,4,2,1,1,0,0,0,255,255,255,64,4737.672,"TaeGeuk_",R,34,67,120,0.435,-0.701,0.403,0.885,0.05,1.259,-36.842,33.451,0,0,78.557,35.663,1.502,0,0,0,4,2,R,"아침땅_",179.6,95.405,0.5,0,36,W,Y,0,0,0,0,0,0,0,0,0,0,0,0,0,0,0,0,0.554,-37.449,0,"Pring__",0.016,-16.921,0,"하루（Haru）",-19.92,-46.181,0,"Megarafa",-9.98,-55.412,0,"-라후이-",19.396,-45.563,0,"Yaksok~",4.89,-63.618,0,"AI",40.9,-90.65,0,"AI",0,-109.84,0,"AI",-40.807,-90.557,0,0,0,0,0,0,"",0,0,0,0,4738.807,,,,0,0
170,7,0,5,4,2,2,1,0,0,0,255,255,255,65,4750.335,"TaeGeuk_",R,2,80,117,-0.591,0.49,0.475,0.982,0.38,1.592,-36.842,12.269,0,0,-387.955,-315.421,35.756,0,0,0,4,2,R,"아침땅_",179.6,95.405,0.5,0,36,W,Y,0,0,0,0,0,0,0,0,0,0,0,0,0,0,0,0,0.206,-37.486,0,"Pring__",-0.778,-17.961,0,"하루（Haru）",-20.06,-45.84,0,"Megarafa",-9.96,-55.362,0,"-라후이-",20,-45.815,0,"Yaksok~",4.637,-63.698,0,"AI",40.9,-90.65,0,"AI",0,-109.84,0,"AI",-40.8,-90.55,0,0,0,0,0,0,"",0,0,0,16,4753.774,,,,0,0
171,7,0,5,4,0,0,2,0,0,0,255,255,255,66,4773.399,"TaeGeuk_",R,33,78,128,0.77,0.367,0.423,1.072,0.143,1.905,-36.842,17.811,2,0,118.764,57.222,9.322,0,0,1,5,3,R,"うよすま",175.4,92.834,0.601,5,72,W,Y,4774.456,130,59,173,69,0,140,83,90.84,-68.33,0.98,0.095,0.458,270.734,207.686,-448.416,0.567,-37.047,0,"Pring__",0.02,-17.182,54,"하루（Haru）",-19.654,-46.232,0,"Megarafa",-10.872,-54.763,0,"-라후이-",19.562,-43.738,0,"Yaksok~",9.537,-63.742,0,"AI",40.9,-90.65,0,"AI",0,-109.84,0,"AI",-40.8,-90.55,0,4780.449,1.688,-14.908,4780.749,1,"Pring__",1.727,-14.953,0,0,4780.749,,,,36,1
