id,inn,half,scoreA,scoreB,ball,strk,out,b1,b2,b3,b1Idx,b2Idx,b3Idx,pCnt,pSec,pName,pHand,pType,pPow,spdK,zoneX,zoneY,startX,startY,targetX,targetY,zDist,pitchAngle,call,balk,sH,sV,gyro,plx,plz,bSwing,bIdx,bPos,bZone,bName,bHCm,batLen,batCen,batType,bFps,bOS,bVR,hSec,rotS,rotL,shS,lgS,prepS,batSpd,ev,ldeg,sdeg,hPos,buntGrip,handDist,angVeloX,angVeloY,angVeloZ,PPosX,PPosY,PThrSpd,CName,CPosX,CPosY,CThrSpd,1BName,1BPosX,1BPosY,1BThrSpd,2BName,2BPosX,2BPosY,2BThrSpd,3BName,3BPosX,3BPosY,3BThrSpd,SSName,SSPosX,SSPosY,SSThrSpd,LFName,LFPosX,LFPosY,LFThrSpd,CFName,CFPosX,CFPosY,CFThrSpd,RFName,RFPosX,RFPosY,RFThrSpd,ltSec,lx,lz,cSec,cPos,cPlr,cx,cz,1BSafe,tag,cpSec,sb2Sec,sb3Sec,sbhSec,ass,result
1,1,1,0,0,1,0,0,0,0,0,255,255,255,0,204.968,"3Ducks",R,14,84,122,1.766,-0.761,0.185,1.761,0.179,1.564,-36.542,21.761,1,0,357.647,349.412,15.829,0,0,0,0,2,R,"가앤슬_",180,83.179,0.2,0,39,W,Y,0,0,0,0,0,0,0,0,0,0,0,0,0,0,0,0,0.011,-37.464,0,"Penguin_iDOL",0.226,-17.187,0,"Floră",-22.628,-53.7,0,"YukihiroD",-13.771,-63.56,0,"si_ho",20.736,-48.565,0,"schmoneymikey",12.794,-62.685,0,"shuwaYNZ",37.994,-90.614,0,"AI",0,-109.84,0,"Megarafa",-47.97,-96.576,0,0,0,0,0,0,"",0,0,0,0,206.084,,,,0,0
2,1,1,0,0,1,0,0,0,0,0,255,255,255,1,219.878,"3Ducks",R,28,45,103,-24.022,-2.661,0.019,1.481,-10.486,-5.339,-36.542,16.301,1,0,20.433,-99.99,2.301,-1.592,-30.822,0,0,2,R,"가앤슬_",180,83.179,0.2,0,39,W,Y,0,0,0,0,0,0,0,0,0,0,0,0,0,0,0,0,0.192,-36.99,0,"Penguin_iDOL",-0.786,-16.85,0,"Floră",-22.63,-54.214,0,"YukihiroD",-13.867,-63.693,0,"si_ho",20.741,-48.532,0,"schmoneymikey",12.358,-62.92,0,"shuwaYNZ",38.177,-90.745,0,"AI",0,-109.84,0,"Megarafa",-47.954,-96.595,0,0,0,0,0,0,"",0,0,0,0,225.284,,,,0,0
3,1,1,0,0,2,0,0,0,0,0,255,255,255,2,245.093,"3Ducks",R,27,77,127,1.423,1.428,0.22,1.791,0.503,2.299,-36.542,19.2,4,0,70.851,-149.617,7.562,0,0,1,0,2,R,"가앤슬_",180,83.179,0.2,0,39,W,Y,0,0,0,0,0,0,0,0,0,0,0,0,0,0,0,0,0.257,-37.192,0,"Penguin_iDOL",0.063,-17.336,0,"Floră",-23.435,-53.394,0,"YukihiroD",-13.822,-63.574,0,"si_ho",21.519,-48.853,0,"schmoneymikey",13.649,-63.869,0,"shuwaYNZ",38.003,-90.795,0,"AI",0,-109.84,0,"Megarafa",-47.943,-96.577,0,0,0,0,0,0,"",0,0,0,0,246.19,,,,0,0
4,1,1,0,0,2,1,0,0,0,0,255,255,255,3,259.591,"3Ducks",R,26,84,136,0.753,0.184,0.284,1.721,0.263,1.52,-36.542,18.468,0,0,39.43,-200,18.306,0,0,0,0,2,R,"가앤슬_",180,83.179,0.2,0,39,W,Y,0,0,0,0,0,0,0,0,0,0,0,0,0,0,0,0,0.162,-37.291,0,"Penguin_iDOL",0.443,-17.129,0,"Floră",-23.754,-52.554,0,"YukihiroD",-13.377,-63.849,0,"si_ho",21.549,-48.559,0,"schmoneymikey",12.917,-64.052,0,"shuwaYNZ",37.999,-90.594,0,"AI",0,-109.84,0,"Megarafa",-47.973,-96.573,0,0,0,0,0,0,"",0,0,0,0,260.577,,,,0,0
5,1,1,0,0,2,2,0,0,0,0,255,255,255,4,274.036,"3Ducks",R,14,82,120,1.832,-0.952,0.258,1.771,0.209,1.472,-36.542,26.256,4,0,348.522,358.514,3.007,0,0,1,0,2,R,"가앤슬_",180,83.179,0.2,0,39,W,Y,0,0,0,0,0,0,0,0,0,0,0,0,0,0,0,0,0.111,-37.036,0,"Penguin_iDOL",0.269,-16.678,0,"Floră",-23.421,-52.174,0,"YukihiroD",-13.328,-63.868,0,"si_ho",21.122,-47.883,0,"schmoneymikey",12.365,-63.914,0,"shuwaYNZ",38.052,-90.805,0,"AI",0,-109.84,0,"Megarafa",-47.953,-96.559,0,0,0,0,0,0,"",0,0,0,0,275.19,,,,0,0
6,1,1,0,0,0,0,1,0,0,0,255,255,255,5,296.283,"3Ducks",R,26,84,136,-2.13,-1.386,0.122,1.705,-0.987,0.581,-36.542,16.709,1,0,43.464,-159.166,0.547,0,0,0,1,4,R,"인생최패망자",190,80,0.299,0,38,W,Y,0,0,0,0,0,0,0,0,0,0,0,0,0,0,0,0,0.11,-37.506,0,"Penguin_iDOL",-0.243,-16.89,0,"Floră",-22.738,-51.629,0,"YukihiroD",-13.554,-63.675,0,"si_ho",21.51,-48.788,0,"schmoneymikey",13.303,-62.599,0,"shuwaYNZ",37.933,-90.224,0,"AI",0,-109.84,0,"Megarafa",-47.955,-96.579,0,0,0,0,0,0,"",0,0,0,0,297.204,,,,0,0
7,1,1,0,0,1,0,1,0,0,0,255,255,255,6,310.967,"3Ducks",R,26,79,129,-2.376,-1.281,0.037,1.589,-1.048,0.614,-36.542,13.231,1,0,7.463,-190.326,11.699,0,0,0,1,4,R,"인생최패망자",190,80,0.299,0,38,W,Y,0,0,0,0,0,0,0,0,0,0,0,0,0,0,0,0,0.012,-37.529,0,"Penguin_iDOL",-0.497,-16.861,0,"Floră",-22.859,-51.805,0,"YukihiroD",-11.787,-63.717,0,"si_ho",21.694,-48.737,0,"schmoneymikey",10.24,-63.81,0,"shuwaYNZ",37.936,-90.246,0,"AI",0,-109.84,0,"Megarafa",-47.952,-96.591,0,0,0,0,0,0,"",0,0,0,0,311.937,,,,0,0
8,1,1,0,0,2,0,1,0,0,0,255,255,255,7,325.128,"3Ducks",R,26,84,136,1.237,0.435,0.336,1.843,0.469,1.694,-36.542,30.264,0,0,41.701,-200,5.856,0,0,0,1,4,R,"인생최패망자",190,80,0.299,0,38,W,Y,0,0,0,0,0,0,0,0,0,0,0,0,0,0,0,0,0.216,-37.293,0,"Penguin_iDOL",-0.072,-17.324,0,"Floră",-23.01,-52.014,0,"YukihiroD",-11.751,-63.701,0,"si_ho",21.701,-48.754,0,"schmoneymikey",13.147,-62.182,0,"shuwaYNZ",38.116,-90.347,0,"AI",0,-109.84,0,"Megarafa",-47.98,-96.547,0,0,0,0,0,0,"",0,0,0,0,325.937,,,,0,0
9,1,1,0,0,2,1,1,0,0,0,255,255,255,8,342.238,"3Ducks",R,10,82,123,-0.143,-1.461,0.117,1.749,-0.339,1.51,-36.542,18.634,2,0,0,400,13.81,0,0,1,1,4,R,"인생최패망자",190,80,0.299,3,38,W,Y,343.31,167,116,94,100,49,145,122,-15.147,-13.634,0.77,0,0.376,-237.211,-356.551,-65.624,-0.203,-37.182,0,"Penguin_iDOL",-0.268,-17.52,0,"Floră",-22.773,-52.477,85,"YukihiroD",-11.481,-63.591,0,"si_ho",21.574,-48.954,0,"schmoneymikey",11.382,-63.73,99,"shuwaYNZ",37.835,-90.511,0,"AI",0,-109.84,0,"Megarafa",-47.958,-96.596,0,342.777,0.339,-21.957,344.644,5,"schmoneymikey",9.455,-59.149,0,2,,,,,22,2
10,1,1,0,0,0,0,2,0,0,0,255,255,255,9,371.17,"3Ducks",R,26,79,129,1.529,-0.026,0.259,1.752,0.591,1.366,-36.542,16.475,2,0,52.603,-195.268,14.021,0,0,1,2,5,R,"Rite_",167.1,80,0.453,5,55,W,Y,372.563,63,98,77,84,40,103,64,100.996,1.055,-0.42,0,0.261,85.323,113.771,-439.921,0.27,-36.914,0,"Penguin_iDOL",0.121,-17.186,0,"Floră",-22.682,-51.272,0,"YukihiroD",-13.254,-62.349,0,"si_ho",21.245,-47.803,0,"schmoneymikey",12.042,-63.399,0,"shuwaYNZ",39.451,-86.334,0,"AI",0,-109.84,0,"Megarafa",-46.662,-95.078,0,0,0,0,377.244,1,"Penguin_iDOL",3.67,-7.121,0,0,377.244,,,,88,1
11,1,0,0,0,0,0,0,0,0,0,255,255,255,0,462.578,"Pugeuk",R,14,85,124,1.959,-1.027,0.299,1.433,0.459,1.243,-36.586,36.899,4,0,390.434,312.348,39.571,0.46,-19.293,1,0,5,L,"schmoneymikey",175,90.046,0.353,0,36,W,Y,0,0,0,0,0,0,0,0,0,0,0,0,0,0,0,0,-0.247,-37.885,0,"-라후이-",0.285,-18.154,0,"가앤슬_",-22.458,-45.174,0,"_앰프_",-11.964,-61.8,0,"인생최패망자",20.845,-46.591,0,"Rite_",13.983,-63.656,0,"AI",40.9,-90.65,0,"AI",0,-109.84,0,"SUGUN",-48.728,-94.827,0,0,0,0,0,0,"",0,0,0,0,465.217,,,,0,0
12,1,0,0,0,0,1,0,0,0,0,255,255,255,1,477.044,"Pugeuk",R,6,76,114,-0.607,1.72,-0.045,1.82,-1.138,2.603,-36.586,23.054,1,0,500,0,32.983,0,0,0,0,5,L,"schmoneymikey",175,90.046,0.353,0,36,W,Y,0,0,0,0,0,0,0,0,0,0,0,0,0,0,0,0,-0.06,-37.656,0,"-라후이-",0.221,-17.77,0,"가앤슬_",-22.47,-45.155,0,"_앰프_",-12.384,-61.029,0,"인생최패망자",20.681,-46.391,0,"Rite_",13.657,-64.417,0,"AI",40.9,-90.65,0,"AI",0,-109.84,0,"SUGUN",-49.1,-94.679,0,0,0,0,0,0,"",0,0,0,0,478.284,,,,0,0
13,1,0,0,0,1,1,0,0,0,0,255,255,255,2,491.876,"Pugeuk",R,26,78,129,0.049,-0.404,0.22,1.414,0.094,1.175,-36.586,30.481,0,0,-53.813,-200,8.864,0,0,0,0,5,L,"schmoneymikey",175,90.046,0.353,0,36,W,Y,0,0,0,0,0,0,0,0,0,0,0,0,0,0,0,0,-0.405,-37.424,0,"-라후이-",0.012,-17.956,0,"가앤슬_",-23.008,-45.217,0,"_앰프_",-12.084,-60.826,0,"인생최패망자",21.256,-46.814,0,"Rite_",15.745,-62.984,0,"AI",40.9,-90.65,0,"AI",0,-109.84,0,"SUGUN",-47.338,-93.817,0,0,0,0,0,0,"",0,0,0,0,492.804,,,,0,0
14,1,0,0,0,1,2,0,0,0,0,255,255,255,3,508.199,"Pugeuk",R,6,82,109,2.259,-0.722,0.266,1.555,0.204,1.196,-36.586,18.461,4,0,415.661,0,27.271,0,0,1,0,5,L,"schmoneymikey",175,90.046,0.353,0,36,W,Y,0,0,0,0,0,0,0,0,0,0,0,0,0,0,0,0,0.032,-37.583,0,"-라후이-",0.037,-17.987,0,"가앤슬_",-22.992,-45.224,0,"_앰프_",-9.827,-58.622,0,"인생최패망자",20.82,-46.278,0,"Rite_",15.83,-63.204,0,"AI",40.9,-90.65,0,"AI",0,-109.84,0,"SUGUN",-49.104,-95.087,0,0,0,0,0,0,"",0,0,0,0,509.177,,,,0,0
15,1,0,0,0,0,0,1,0,0,0,255,255,255,4,528.133,"Pugeuk",R,6,85,124,-0.185,0.205,0.089,1.568,-0.518,1.717,-36.586,20.615,0,0,500,0,48.195,0,0,0,1,3,R,"YukihiroD",174,87.01,0.349,0,36,W,Y,0,0,0,0,0,0,0,0,0,0,0,0,0,0,0,0,0.372,-37.516,0,"-라후이-",0.053,-17.6,0,"가앤슬_",-23.261,-45.2,0,"_앰프_",-14.91,-59.712,0,"인생최패망자",21.57,-50.608,0,"Rite_",12.624,-65.581,0,"AI",40.9,-90.65,0,"AI",0,-109.84,0,"SUGUN",-48.896,-95.065,0,0,0,0,0,0,"",0,0,0,0,528.897,,,,0,0
16,1,0,0,0,0,1,1,0,0,0,255,255,255,5,541.867,"Pugeuk",R,6,86,126,-2.246,-0.146,-0.169,1.511,-1.718,1.516,-36.586,6.568,1,0,500,0,34.32,0,0,0,1,3,R,"YukihiroD",174,87.01,0.349,0,36,W,Y,0,0,0,0,0,0,0,0,0,0,0,0,0,0,0,0,-0.049,-37.27,0,"-라후이-",-0.057,-17.684,0,"가앤슬_",-23.171,-45.177,0,"_앰프_",-15.963,-60.902,0,"인생최패망자",21.667,-50.694,0,"Rite_",12.282,-66.127,0,"AI",40.9,-90.65,0,"AI",0,-109.84,0,"SUGUN",-49.929,-96.012,0,0,0,0,0,0,"",0,0,0,0,542.67,,,,0,0
17,1,0,0,0,1,1,1,0,0,0,255,255,255,6,556.665,"Pugeuk",R,26,86,139,0.469,0.094,0.278,1.509,0.365,1.51,-36.586,19.279,2,0,-127.157,-162.767,21.106,0,0,1,1,3,R,"YukihiroD",174,87.01,0.349,3,36,W,Y,557.672,126,83,112,59,11,138,126,-30,34.446,0.55,0,0.217,-313.605,18.563,137.456,0.096,-37.179,0,"-라후이-",0.115,-17.777,0,"가앤슬_",-23.367,-45.146,85,"_앰프_",-15.771,-60.663,0,"인생최패망자",21.393,-50.412,0,"Rite_",11.581,-65.415,0,"AI",40.9,-90.65,0,"AI",0,-109.84,0,"SUGUN",-49.922,-96.016,96,557.057,-0.915,-21.28,561.057,2,"가앤슬_",-47.096,-89.779,1,0,,,,,73,2
18,1,0,0,0,0,0,1,1,0,0,13,255,255,7,581.198,"Pugeuk",R,27,86,139,0.705,1.037,0.275,1.687,0.351,2.116,-36.586,21.71,1,0,-43.608,-126.733,8.554,0,0,0,2,6,R,"shuwaYNZ",181.8,84.856,0.344,0,36,W,Y,0,0,0,0,0,0,0,0,0,0,0,0,0,0,0,0,0.111,-37.067,0,"-라후이-",0.032,-17.696,0,"가앤슬_",-19.653,-40.763,0,"_앰프_",-14.37,-58.613,0,"인생최패망자",20.101,-48.384,0,"Rite_",10.387,-66.043,0,"AI",40.9,-90.65,0,"AI",0,-109.84,0,"SUGUN",-48.201,-93.852,0,0,0,0,0,0,"",0,0,0,0,581.764,,,,0,0
19,1,0,0,0,1,0,1,1,0,0,13,255,255,8,599.274,"Pugeuk",R,13,71,99,1.173,-0.412,0.594,1.851,1.223,1.881,-36.586,35.936,0,0,-342.282,324.595,12.723,0,0,0,2,6,R,"shuwaYNZ",181.8,84.856,0.344,0,36,W,Y,0,0,0,0,0,0,0,0,0,0,0,0,0,0,0,0,0.113,-37.605,120,"-라후이-",-0.081,-17.831,0,"가앤슬_",-20.628,-42.064,0,"_앰프_",-11.064,-59.032,0,"인생최패망자",19.923,-48.196,0,"Rite_",10.224,-66.209,0,"AI",40.9,-90.65,0,"AI",0,-109.84,0,"SUGUN",-47.902,-93.246,0,0,0,0,0,0,"",0,0,0,0,600.097,,,,0,0
20,1,0,0,0,1,1,1,1,0,0,13,255,255,9,633.525,"Pugeuk",R,14,76,116,-0.819,1.991,0.026,2.005,-0.809,3.193,-36.586,36.939,1,0,261.114,307.986,10.089,0,0,0,2,6,R,"shuwaYNZ",181.8,84.856,0.344,0,36,W,Y,0,0,0,0,0,0,0,0,0,0,0,0,0,0,0,0,0.003,-37.392,0,"-라후이-",-0.354,-18.869,0,"가앤슬_",-19.46,-39.903,0,"_앰프_",-15.307,-59.607,0,"인생최패망자",19.918,-48.553,0,"Rite_",10.035,-66.575,0,"AI",40.9,-90.65,0,"AI",0,-109.84,0,"SUGUN",-47.65,-93.474,0,0,0,0,0,0,"",0,0,0,0,634.257,,,,0,2
21,1,0,0,0,2,1,1,1,0,0,13,255,255,10,659.809,"Pugeuk",R,29,80,130,-0.769,1.098,0.205,1.722,0.022,2.236,-36.586,23.934,2,0,-250,-28.947,31.947,0,0,1,2,6,R,"shuwaYNZ",181.8,84.856,0.344,5,36,W,Y,660.772,129,109,75,63,43,138,128,29.806,6.947,0.65,0,0.298,322.966,76.097,-197.482,0.21,-37.586,0,"-라후이-",0.006,-17.807,0,"가앤슬_",-21.663,-43.249,0,"_앰프_",-15.914,-59.894,0,"인생최패망자",19.297,-48.243,86,"Rite_",9.764,-66.34,0,"AI",40.9,-90.65,0,"AI",0,-109.84,0,"SUGUN",-47.491,-92.918,0,665.964,-15.43,-133.653,666.884,7,"AI",-16.049,-130.473,1,0,,666.981,672.247,,66,2
22,1,0,0,0,0,0,1,0,1,1,255,16,13,11,709.927,"Pugeuk",R,26,84,136,1.441,0.565,0.334,1.597,0.623,1.805,-36.586,22.036,2,0,-6.833,-155.228,22.226,0,0,1,3,1,R,"Penguin_iDOL",190,80,0.398,5,71,W,Y,711.017,231,49,75,46,28,139,95,91.041,-23.555,-0.39,0,0.345,103.012,95.252,-580.485,-0.063,-37.488,0,"-라후이-",0.045,-17.965,70,"가앤슬_",-22.546,-44.335,0,"_앰프_",-14.585,-58.055,0,"인생최패망자",16.871,-43.695,0,"Rite_",6.208,-67.789,0,"AI",40.9,-90.65,0,"AI",0,-109.84,0,"SUGUN",-48.578,-96.257,0,717.244,7.547,-16.499,717.404,1,"-라후이-",7.535,-16.531,0,0,717.404,713.665,717.1,,80,1
23,1,0,0,0,0,0,2,0,1,1,255,16,13,12,741.173,"Pugeuk",R,6,87,126,0.533,0.53,0.131,1.622,-0.32,1.908,-36.586,16.875,0,0,500,0,30.329,0,0,0,4,8,L,"Megarafa",175.4,90,0.498,0,36,W,Y,0,0,0,0,0,0,0,0,0,0,0,0,0,0,0,0,0.177,-37.606,0,"-라후이-",0.034,-17.702,0,"가앤슬_",-23.761,-45.525,0,"_앰프_",-10.992,-60.464,0,"인생최패망자",18.787,-42.362,0,"Rite_",13.949,-63.778,0,"AI",40.9,-90.65,0,"AI",0,-109.84,0,"SUGUN",-47.361,-94.47,0,0,0,0,0,0,"",0,0,0,0,742.124,743.823,,,0,0
24,1,0,0,0,0,1,2,0,1,1,255,16,13,13,755.43,"Pugeuk",R,6,94,126,2.075,0.1,0.23,1.552,0.138,1.66,-36.586,29.666,1,0,500,0,19.235,0,0,0,4,8,L,"Megarafa",175.4,90,0.498,0,36,W,Y,0,0,0,0,0,0,0,0,0,0,0,0,0,0,0,0,0.056,-37.933,0,"-라후이-",0.056,-17.765,0,"가앤슬_",-23.163,-45.033,0,"_앰프_",-6.933,-59.998,0,"인생최패망자",19.154,-43.744,0,"Rite_",15.114,-63.398,0,"AI",40.9,-90.65,0,"AI",0,-109.84,0,"SUGUN",-47.104,-93.441,0,0,0,0,0,0,"",0,0,0,0,756.377,758.491,,,0,0
25,1,0,0,0,1,1,2,0,1,1,255,16,13,14,770.993,"Pugeuk",R,13,67,96,0.054,-1.324,0.418,1.466,0.675,1.457,-36.586,29.4,4,0,-305.793,356.691,-18.063,-0.165,-17.795,1,4,8,L,"Megarafa",175.4,90,0.498,0,36,W,Y,0,0,0,0,0,0,0,0,0,0,0,0,0,0,0,0,0.062,-37.372,0,"-라후이-",0.015,-17.75,0,"가앤슬_",-24.039,-45.685,0,"_앰프_",-9.779,-61.901,0,"인생최패망자",19.176,-43.052,0,"Rite_",15.255,-63.177,0,"AI",40.9,-90.65,0,"AI",0,-109.84,0,"SUGUN",-48.248,-93.031,0,0,0,0,0,0,"",0,0,0,0,772.097,773.827,782.89,,0,0
26,1,0,0,0,1,2,2,0,1,1,255,16,13,15,788.66,"Pugeuk",R,24,83,128,-1.669,1.557,-0.005,1.853,-0.953,2.718,-36.586,29.165,4,0,151.413,192.357,0,-0.243,-7.963,1,4,8,L,"Megarafa",175.4,90,0.498,0,36,W,Y,0,0,0,0,0,0,0,0,0,0,0,0,0,0,0,0,0.145,-37.713,0,"-라후이-",-0.86,-18.576,0,"가앤슬_",-23.336,-44.847,0,"_앰프_",-11.384,-61.429,0,"인생최패망자",18.765,-42.522,0,"Rite_",15.506,-63.419,0,"AI",40.9,-90.65,0,"AI",0,-109.84,0,"SUGUN",-47.979,-92.46,0,0,0,0,0,0,"",0,0,0,16,789.724,791.726,,,0,0
27,2,1,0,0,0,0,0,0,0,0,255,255,255,10,830.768,"3Ducks",R,26,87,140,-1.584,-2.529,0.388,1.7,0.633,1.041,-36.542,28.389,2,0,58.67,-200,7.372,0,0,1,3,8,R,"SUGUN",190,81.662,0.502,3,36,W,Y,832.265,253,72,110,58,13,145,108,-30,19.277,0.05,0,0.335,-71.968,38.832,8.103,0.199,-36.787,0,"Penguin_iDOL",0.174,-17.33,0,"Floră",-22.202,-50.338,88,"YukihiroD",-14.517,-61.839,88,"si_ho",20.908,-47.912,0,"schmoneymikey",14.167,-62.568,0,"shuwaYNZ",36.272,-88.662,0,"AI",0,-109.84,0,"Megarafa",-41.947,-91,0,831.75,-0.108,-20.994,833.59,3,"YukihiroD",-12.274,-55.736,0,0,,,,,162,2
28,2,1,0,0,0,0,1,0,0,0,255,255,255,11,859.374,"3Ducks",R,26,80,130,0.794,-0.787,0.345,1.618,0.328,0.925,-36.542,18.365,2,0,5.735,-200,2.733,0,0,1,4,1,R,"-라후이-",190,87,0.498,5,35,W,Y,860.327,189,116,247,100,49,145,104,103.938,-6.487,-0.17,0,0.146,281.96,522.722,-85.208,0.273,-36.933,0,"Penguin_iDOL",0.107,-17.208,0,"Floră",-21.143,-48.736,0,"YukihiroD",-15.933,-61.532,0,"si_ho",21.58,-47.978,0,"schmoneymikey",13.31,-62.87,0,"shuwaYNZ",40.266,-90.478,0,"AI",0,-109.84,0,"Megarafa",-45.774,-91.54,0,0,0,0,0,0,"",0,0,0,0,,,,,128,3
29,2,1,0,0,0,1,1,0,0,0,255,255,255,12,874.835,"3Ducks",R,14,80,118,-1.062,-1.313,0.091,1.769,-0.767,1.241,-36.542,18.056,1,0,182.612,400,10.108,0,0,0,4,1,R,"-라후이-",190,87,0.498,0,35,W,Y,0,0,0,0,0,0,0,0,0,0,0,0,0,0,0,0,0.015,-37.364,0,"Penguin_iDOL",-0.194,-16.977,0,"Floră",-21.699,-49.221,0,"YukihiroD",-14.672,-61.336,0,"si_ho",20.592,-47.767,0,"schmoneymikey",14.073,-64.053,0,"shuwaYNZ",40.248,-90.255,0,"AI",0,-109.84,0,"Megarafa",-48.423,-93.463,0,0,0,0,0,0,"",0,0,0,0,875.537,,,,0,0
30,2,1,0,0,1,1,1,0,0,0,255,255,255,13,890.464,"3Ducks",R,26,83,135,0.034,-1.694,0.372,1.648,-0.123,0.356,-36.542,22.893,1,0,90.003,-200,5.377,0.011,-17.855,0,4,1,R,"-라후이-",190,87,0.498,0,35,W,Y,0,0,0,0,0,0,0,0,0,0,0,0,0,0,0,0,0.281,-37.338,0,"Penguin_iDOL",0.097,-16.975,0,"Floră",-21.704,-49.518,0,"YukihiroD",-14.925,-61.369,0,"si_ho",21.315,-47.639,0,"schmoneymikey",13.715,-63.229,0,"shuwaYNZ",40.074,-90.387,0,"AI",0,-109.84,0,"Megarafa",-48.634,-93.482,0,0,0,0,0,0,"",0,0,0,0,893.03,,,,0,0
31,2,1,0,0,2,1,1,0,0,0,255,255,255,14,907.797,"3Ducks",R,26,83,135,-0.115,0.904,0.255,1.929,-0.062,1.992,-36.542,31.698,0,0,2.493,-200,9.351,0,0,1,4,1,R,"-라후이-",190,87,0.498,0,35,W,Y,0,0,0,0,0,0,0,0,0,0,0,0,0,0,0,0,0.111,-36.865,0,"Penguin_iDOL",-0.203,-17.463,0,"Floră",-21.395,-49.299,0,"YukihiroD",-14.89,-61.378,0,"si_ho",21.33,-47.592,0,"schmoneymikey",13.018,-63.233,0,"shuwaYNZ",40.85,-89.877,0,"AI",0,-109.84,0,"Megarafa",-48.418,-93.449,0,0,0,0,0,0,"",0,0,0,0,908.35,,,,0,0
32,2,1,0,0,2,2,1,0,0,0,255,255,255,15,922.322,"3Ducks",R,14,84,123,2.115,-0.979,0.309,1.753,0.314,1.337,-36.542,26.627,2,0,359.245,347.768,11.52,0,0,1,4,1,R,"-라후이-",190,87,0.498,0,35,W,Y,923.269,255,104,169,70,46,145,100,29.001,-12.014,-0.6,0,0.175,431.047,-9.57,226.076,0.216,-36.833,0,"Penguin_iDOL",0.147,-17.632,0,"Floră",-21.213,-49.214,0,"YukihiroD",-14.455,-61.325,0,"si_ho",21.2,-47.599,0,"schmoneymikey",13.312,-63.711,0,"shuwaYNZ",40.576,-90.029,0,"AI",0,-109.84,0,"Megarafa",-47.636,-94.192,0,927.737,17.9,-104.438,933.51,0,"3Ducks",0.424,-39.297,0,0,,,,,128,1
33,2,1,0,0,0,0,2,0,0,0,255,255,255,16,949.982,"3Ducks",R,26,97,140,-0.466,-1.59,0.222,1.733,-0.211,0.545,-36.542,16.843,2,0,0.414,-200,4.404,0,0,1,5,3,R,"_앰프_",160,80,0.4,3,35,W,Y,951.076,255,205,90,97,77,145,76,-30,60.975,1,0,0.4,440.9,-138.037,-244.104,0.075,-36.695,0,"Penguin_iDOL",-0.03,-17.365,0,"Floră",-21.932,-50.355,0,"YukihiroD",-12.632,-62.423,0,"si_ho",20.808,-47.57,0,"schmoneymikey",10.798,-64.523,0,"shuwaYNZ",39.788,-94.008,0,"AI",0,-109.84,0,"Megarafa",-46.492,-92.154,0,950.484,-1.742,-23.254,0,0,"",0,0,0,0,,,,,128,0
34,2,1,0,0,0,1,2,0,0,0,255,255,255,17,967.143,"3Ducks",R,26,78,129,1.403,1.139,0.344,1.946,0.609,1.974,-36.542,39.481,2,0,-6.003,-200,6.781,0,0,1,5,3,R,"_앰프_",160,80,0.4,3,35,W,Y,968.333,255,119,94,58,43,145,76,92.843,58.108,-1,0,0.223,-74.306,-102.885,571.585,0.055,-36.695,0,"Penguin_iDOL",0.139,-17.29,0,"Floră",-22.129,-50.159,0,"YukihiroD",-13.631,-62.182,0,"si_ho",21.292,-47.492,0,"schmoneymikey",13.245,-63.652,0,"shuwaYNZ",41.154,-93.003,0,"AI",0,-109.84,0,"Megarafa",-46.336,-92.782,0,973.59,1.592,-17.126,973.817,1,"Penguin_iDOL",1.482,-17.216,0,0,973.817,,,,72,1
35,2,0,0,0,0,0,0,0,0,0,255,255,255,16,1023.71,"Pugeuk",R,13,79,116,0.138,-0.39,0.325,1.553,0.58,1.662,-36.586,22.42,2,0,-390.434,312.348,22.043,0,0,1,5,2,R,"Floră",190,86,0.403,5,35,W,Y,1024.88,113,140,156,93,54,137,130,101.731,-22.173,0.59,0,0.602,497.873,289.779,-22.93,-0.462,-37.61,0,"-라후이-",0.012,-17.85,0,"가앤슬_",-23.413,-45.045,0,"_앰프_",-16.633,-61.495,0,"인생최패망자",18.767,-48.97,0,"Rite_",8.463,-67.049,0,"AI",40.9,-90.65,0,"AI",0,-109.84,0,"SUGUN",-43.114,-92.832,0,0,0,0,0,0,"",0,0,0,0,,,,,64,3
36,2,0,0,0,0,1,0,0,0,0,255,255,255,17,1043.91,"Pugeuk",R,13,68,98,-1.047,-0.082,0.171,1.982,-0.089,2.155,-36.586,34.874,2,0,-179.308,400,0,0,0,1,5,2,R,"Floră",190,86,0.403,5,91,W,Y,1045.199,112,146,125,106,31,137,129,29.381,3.92,0.64,0,0.584,562.44,200.479,47.645,-0.166,-37.432,0,"-라후이-",-0.132,-17.837,0,"가앤슬_",-23.223,-44.992,0,"_앰프_",-16.669,-62.011,0,"인생최패망자",18.277,-48.686,0,"Rite_",9.76,-66.432,0,"AI",40.9,-90.65,0,"AI",0,-109.84,0,"SUGUN",-47.088,-93.724,0,1050.644,-14.74,-141.145,0,0,"",0,0,0,0,,1055.506,1060.602,,64,4
37,2,0,0,1,0,0,0,0,0,0,255,255,255,18,1084.312,"Pugeuk",R,29,91,140,0.392,-0.803,0.271,1.371,0.33,1.073,-36.586,29.052,0,0,-250,-44.862,50.283,0,0,0,6,4,R,"si_ho",190,88.027,0.5,0,35,W,Y,0,0,0,0,0,0,0,0,0,0,0,0,0,0,0,0,-0.386,-37.934,0,"-라후이-",0.08,-17.826,0,"가앤슬_",-24.274,-46.12,0,"_앰프_",-14.777,-61.892,0,"인생최패망자",20.112,-48.619,0,"Rite_",8.96,-66.445,0,"AI",40.9,-90.65,0,"AI",0,-109.84,0,"SUGUN",-43.208,-90.763,0,0,0,0,0,0,"",0,0,0,0,1085.084,,,,0,0
38,2,0,0,1,0,1,0,0,0,0,255,255,255,19,1096.246,"Pugeuk",R,29,83,134,-2.974,0.743,-0.005,1.682,-0.955,2.081,-36.586,20.838,4,0,-250,4.125,28.225,-2.026,-5.458,1,6,4,R,"si_ho",190,88.027,0.5,0,35,W,Y,0,0,0,0,0,0,0,0,0,0,0,0,0,0,0,0,-0.309,-37.572,0,"-라후이-",-0.64,-17.353,0,"가앤슬_",-24.261,-46.104,0,"_앰프_",-14.634,-61.1,0,"인생최패망자",20.258,-48.611,0,"Rite_",8.971,-66.461,0,"AI",40.9,-90.65,0,"AI",0,-109.84,0,"SUGUN",-44.185,-90.002,0,0,0,0,0,0,"",0,0,0,0,1100.417,,,,0,0
39,2,0,0,1,0,2,0,0,0,0,255,255,255,20,1113.756,"Pugeuk",R,28,79,129,-0.667,2.037,0.13,1.902,-0.324,2.795,-36.586,26.38,4,0,19.715,-97.914,16.788,0,0,1,6,4,R,"si_ho",190,88.027,0.5,0,35,W,Y,0,0,0,0,0,0,0,0,0,0,0,0,0,0,0,0,0.089,-37.628,0,"-라후이-",-0.083,-17.988,0,"가앤슬_",-24.253,-45.726,0,"_앰프_",-15.18,-60.881,0,"인생최패망자",19.59,-48.914,0,"Rite_",8.337,-66.93,0,"AI",40.9,-90.65,0,"AI",0,-109.84,0,"SUGUN",-44.382,-89.763,0,0,0,0,0,0,"",0,0,0,0,1114.564,,,,0,0
40,2,0,0,1,0,0,1,0,0,0,255,255,255,21,1132.09,"Pugeuk",R,29,85,138,1.314,0.505,0.375,1.608,0.816,1.84,-36.586,30.078,0,0,-250,-80.052,30.805,0,0,1,7,0,R,"3Ducks",190,80,0.496,0,35,W,Y,0,0,0,0,0,0,0,0,0,0,0,0,0,0,0,0,0.094,-37.783,0,"-라후이-",0.083,-17.988,0,"가앤슬_",-24.77,-46.228,0,"_앰프_",-16.106,-61.344,0,"인생최패망자",19.623,-49.119,0,"Rite_",8.457,-67.457,0,"AI",40.9,-90.65,0,"AI",0,-109.84,0,"SUGUN",-44.372,-89.807,0,0,0,0,0,0,"",0,0,0,0,1132.99,,,,0,0
41,2,0,0,1,0,1,1,0,0,0,255,255,255,22,1146.744,"Pugeuk",R,6,88,126,-1.985,0.101,-0.139,1.546,-1.577,1.641,-36.586,7.062,1,0,466.771,0,29.358,-0.348,-18.948,0,7,0,R,"3Ducks",190,80,0.496,0,35,W,Y,0,0,0,0,0,0,0,0,0,0,0,0,0,0,0,0,-0.026,-38,0,"-라후이-",-0.175,-18.046,0,"가앤슬_",-23.871,-46.23,0,"_앰프_",-15.97,-61.614,0,"인생최패망자",19.593,-48.717,0,"Rite_",8.052,-67.596,0,"AI",40.9,-90.65,0,"AI",0,-109.84,0,"SUGUN",-44.509,-90.125,0,0,0,0,0,0,"",0,0,0,0,1149.577,,,,0,0
42,2,0,0,1,1,1,1,0,0,0,255,255,255,23,1162.061,"Pugeuk",R,6,85,123,-0.425,-0.718,-0.007,1.393,-0.962,1.147,-36.586,2.513,2,0,500,0,35.086,0,0,1,7,0,R,"3Ducks",190,80,0.496,3,35,W,Y,1163.253,181,179,153,131,62,145,87,-30,-5.145,1,0.19,0.157,505.864,51.233,94.398,0.275,-37.527,0,"-라후이-",-0.083,-17.953,0,"가앤슬_",-23.853,-46.343,0,"_앰프_",-15.976,-60.543,0,"인생최패망자",18.833,-48.25,0,"Rite_",7.867,-66.985,0,"AI",40.9,-90.65,0,"AI",0,-109.84,0,"SUGUN",-44.504,-90.095,0,1162.67,0.016,-21.472,1163.737,0,"Pugeuk",1.315,-35.903,0,0,,,,,65,2
43,2,0,0,1,0,0,2,0,0,0,255,255,255,24,1187.505,"Pugeuk",R,3,77,115,-0.532,-0.952,0.316,1.451,0.54,1.306,-36.586,21.177,2,0,-456.436,187.092,11.266,0,0,1,0,5,L,"schmoneymikey",175,90.046,0.353,3,35,W,Y,1188.65,209,134,138,45,0,145,95,13.612,-36.728,-0.32,0,0.267,93.978,-214.417,-530.897,0.006,-37.155,0,"-라후이-",0.006,-17.732,0,"가앤슬_",-24.466,-46.117,0,"_앰프_",-11.005,-61.454,0,"인생최패망자",20.774,-46.399,0,"Rite_",15.87,-62.084,0,"AI",40.9,-90.65,0,"AI",0,-109.84,0,"SUGUN",-45.202,-89.965,0,0,0,0,1189.59,4,"인생최패망자",16.97,-42.469,0,0,,,,,194,1
44,3,1,0,1,0,0,0,0,0,0,255,255,255,18,1240.363,"3Ducks",R,27,76,127,-0.292,-0.316,0.247,1.849,-0.312,1.281,-36.542,38.259,2,0,118.276,-120.635,5.266,0,0,1,6,0,R,"Pugeuk",190,86.173,0.396,2,35,W,Y,1241.507,176,109,130,71,38,145,91,31.15,53.04,0.98,0,0.911,-186.571,-157.161,-16.207,-0.143,-36.792,0,"Penguin_iDOL",-0.222,-17.308,0,"Floră",-22.1,-50.401,0,"YukihiroD",-12.418,-62.836,0,"si_ho",21.048,-48.221,0,"schmoneymikey",10.276,-64.782,0,"shuwaYNZ",38.589,-92.688,0,"AI",0,-109.84,0,"Megarafa",-42.042,-85.304,0,1244.79,-49.637,-60.666,0,0,"",0,0,0,0,,,,,128,3
45,3,1,0,1,0,1,0,0,0,0,255,255,255,19,1260.992,"3Ducks",R,3,69,109,-2.504,0.668,0.177,1.919,-0.17,2.034,-36.542,35.142,4,0,-495.455,0,-12.858,0,0,1,6,0,R,"Pugeuk",190,86.173,0.396,0,35,W,Y,0,0,0,0,0,0,0,0,0,0,0,0,0,0,0,0,0.098,-37.454,0,"Penguin_iDOL",-0.479,-16.905,0,"Floră",-22.306,-49.369,0,"YukihiroD",-12.832,-64.145,0,"si_ho",21.731,-48.816,0,"schmoneymikey",10.451,-64.82,0,"shuwaYNZ",40.22,-92.098,0,"AI",0,-109.84,0,"Megarafa",-45.076,-86.893,0,0,0,0,0,0,"",0,0,0,0,1261.95,,,,0,0
46,3,1,0,1,0,2,0,0,0,0,255,255,255,20,1276.208,"3Ducks",R,26,82,133,-1.882,1.747,0.296,1.879,0.521,1.971,-36.542,27.274,2,0,-37.475,-200,6.262,0,0,1,6,0,R,"Pugeuk",190,86.173,0.396,2,35,W,Y,1277.348,183,25,87,34,19,139,130,16.66,38.623,0.41,0,0.454,110.499,566.254,110.494,-0.161,-36.804,0,"Penguin_iDOL",0.144,-17.405,0,"Floră",-21.839,-50.398,0,"YukihiroD",-13.314,-63.395,0,"si_ho",21.902,-48.692,0,"schmoneymikey",13.42,-62.706,0,"shuwaYNZ",40.351,-91.966,0,"AI",0,-109.84,0,"Megarafa",-45.035,-96.2,0,1280.39,-70.618,-90.464,0,0,"",0,0,0,0,,,,,128,3
47,3,1,0,1,0,2,0,0,0,0,255,255,255,21,1312.301,"3Ducks",R,14,78,116,2.711,-0.39,0.333,1.934,0.527,1.757,-36.542,36.358,2,0,373.883,331.982,5.83,0,0,1,6,0,R,"Pugeuk",190,86.173,0.396,2,35,W,Y,1313.564,222,60,127,86,45,145,87,-85.626,-81.94,-1,0,0.686,-79.323,-363.219,-90.142,-0.161,-36.845,0,"Penguin_iDOL",0.172,-17.142,0,"Floră",-22.146,-49.896,0,"YukihiroD",-14.02,-62.048,0,"si_ho",21.9,-48.211,0,"schmoneymikey",13.8,-62.652,0,"shuwaYNZ",38.802,-93.293,0,"AI",0,-109.84,0,"Megarafa",-54.768,-93.469,0,1312.937,0.939,-20.495,0,0,"",0,0,0,0,,,,,128,3
48,3,1,0,1,0,2,0,0,0,0,255,255,255,22,1335.189,"3Ducks",R,3,77,115,-1.774,0.948,0.319,1.923,0.09,2.203,-36.542,41.256,2,0,-500,0,-3.364,0,0,1,6,0,R,"Pugeuk",190,86.173,0.396,2,35,W,Y,1336.45,255,111,118,83,33,145,87,-1.337,48.797,1,0,0.79,-270.151,318.056,328.955,-0.002,-37.169,0,"Penguin_iDOL",-0.666,-17.276,0,"Floră",-21.495,-50.352,0,"YukihiroD",-11.798,-61.229,0,"si_ho",21.238,-48.315,0,"schmoneymikey",11.284,-63.404,0,"shuwaYNZ",39.14,-93.229,0,"AI",0,-109.84,0,"Megarafa",-51.597,-95.914,0,1336.39,-11.849,-31.026,0,0,"",0,0,0,0,,,,,128,3
49,3,1,0,1,0,2,0,0,0,0,255,255,255,23,1353.9,"3Ducks",R,26,89,140,-3.578,-1.252,-0.007,1.636,-1.55,0.642,-36.542,12.406,4,0,-6.837,-200,13.311,-0.673,-17.99,1,6,0,R,"Pugeuk",190,86.173,0.396,0,35,W,Y,0,0,0,0,0,0,0,0,0,0,0,0,0,0,0,0,0.029,-37.558,0,"Penguin_iDOL",-0.567,-17.331,0,"Floră",-16.239,-43.352,0,"YukihiroD",-13.124,-62.84,0,"si_ho",20.981,-47.812,0,"schmoneymikey",14.119,-62.573,0,"shuwaYNZ",38.826,-93.735,0,"AI",0,-109.84,0,"Megarafa",-54.679,-92.502,0,0,0,0,0,0,"",0,0,0,64,1356.137,,,,0,0
50,3,1,0,1,0,0,1,0,0,0,255,255,255,24,1380.711,"3Ducks",R,26,85,138,-1.71,-0.619,0.103,1.663,-0.739,1.043,-36.542,19.775,1,0,-7.032,-200,19.51,0,0,0,0,2,R,"가앤슬_",180,83.179,0.2,0,35,W,Y,0,0,0,0,0,0,0,0,0,0,0,0,0,0,0,0,0.04,-37.243,0,"Penguin_iDOL",-0.225,-16.71,0,"Floră",-21.494,-49.747,0,"YukihiroD",-13.159,-62.852,0,"si_ho",20.847,-47.875,0,"schmoneymikey",8.479,-64.552,0,"shuwaYNZ",38.582,-95.213,0,"AI",0,-109.84,0,"Megarafa",-47.489,-96.93,0,0,0,0,0,0,"",0,0,0,0,1381.71,,,,0,0
51,3,1,0,1,1,0,1,0,0,0,255,255,255,25,1393.877,"3Ducks",R,3,68,108,-1.085,1.115,0.375,1.971,0.456,2.273,-36.542,48.751,4,0,-490.909,0,12.301,0,0,1,0,2,R,"가앤슬_",180,83.179,0.2,0,35,W,Y,0,0,0,0,0,0,0,0,0,0,0,0,0,0,0,0,0.227,-37.344,0,"Penguin_iDOL",-0.297,-16.671,0,"Floră",-21.853,-50.148,0,"YukihiroD",-13.192,-62.841,0,"si_ho",20.843,-47.879,0,"schmoneymikey",13.034,-62.398,0,"shuwaYNZ",38.635,-95.239,0,"AI",0,-109.84,0,"Megarafa",-47.473,-96.892,0,0,0,0,0,0,"",0,0,0,0,1394.95,,,,0,0
52,3,1,0,1,1,1,1,0,0,0,255,255,255,26,1408.318,"3Ducks",R,26,88,140,0.693,-0.867,0.264,1.675,0.23,0.897,-36.542,25.265,0,0,46.065,-200,8.28,0,0,0,0,2,R,"가앤슬_",180,83.179,0.2,0,35,W,Y,0,0,0,0,0,0,0,0,0,0,0,0,0,0,0,0,0.166,-37.14,0,"Penguin_iDOL",0.209,-17.011,0,"Floră",-18.371,-45.934,0,"YukihiroD",-13.739,-62.822,0,"si_ho",20.873,-47.878,0,"schmoneymikey",13.046,-62.421,0,"shuwaYNZ",38.963,-95.144,0,"AI",0,-109.84,0,"Megarafa",-47.449,-96.887,0,0,0,0,0,0,"",0,0,0,0,1409.31,,,,0,0
53,3,1,0,1,1,2,1,0,0,0,255,255,255,27,1421.034,"3Ducks",R,34,76,126,1.661,1.925,0.38,2.13,0.587,2.669,-36.542,60.535,1,0,79.743,-62.347,4.538,0,0,0,0,2,R,"가앤슬_",180,83.179,0.2,0,35,W,Y,0,0,0,0,0,0,0,0,0,0,0,0,0,0,0,0,0.245,-37.139,0,"Penguin_iDOL",0.044,-17.252,0,"Floră",-21.183,-49.321,0,"YukihiroD",-13.72,-62.603,0,"si_ho",20.893,-47.865,0,"schmoneymikey",14.512,-61.831,0,"shuwaYNZ",38.912,-95.131,0,"AI",0,-109.84,0,"Megarafa",-47.53,-97.041,0,0,0,0,0,0,"",0,0,0,0,1422.044,,,,0,0
54,3,1,0,1,2,2,1,0,0,0,255,255,255,28,1436.585,"3Ducks",R,14,79,116,2.569,-1.123,0.339,1.755,0.483,1.382,-36.542,28.7,1,0,359.049,347.971,7.365,0.637,-17.086,0,0,2,R,"가앤슬_",180,83.179,0.2,0,35,W,Y,0,0,0,0,0,0,0,0,0,0,0,0,0,0,0,0,0.099,-37.445,0,"Penguin_iDOL",0.249,-16.905,0,"Floră",-21.251,-49.862,0,"YukihiroD",-13.698,-62.799,0,"si_ho",20.902,-47.868,0,"schmoneymikey",12.569,-63.563,0,"shuwaYNZ",38.6,-95.251,0,"AI",0,-109.84,0,"Megarafa",-47.466,-96.935,0,0,0,0,0,0,"",0,0,0,0,1437.657,,,,0,0
55,3,1,0,1,3,2,1,0,0,0,255,255,255,29,1452.89,"3Ducks",R,26,87,140,-0.926,-0.678,0.158,1.655,-0.466,1.015,-36.542,13.606,0,0,41.604,-196.162,9.332,0,0,0,0,2,R,"가앤슬_",180,83.179,0.2,0,35,W,Y,0,0,0,0,0,0,0,0,0,0,0,0,0,0,0,0,0.158,-37.015,0,"Penguin_iDOL",-0.01,-16.792,0,"Floră",-21.531,-50.143,0,"YukihiroD",-13.714,-62.769,0,"si_ho",20.904,-47.869,0,"schmoneymikey",12.602,-63.662,0,"shuwaYNZ",38.48,-94.967,0,"AI",0,-109.84,0,"Megarafa",-48.607,-96.419,0,0,0,0,0,0,"",0,0,0,0,1453.804,,,,0,0
56,3,1,0,1,0,0,2,0,0,0,255,255,255,30,1475.378,"3Ducks",R,26,77,128,1.26,-0.14,0.203,1.57,0.396,1.328,-36.542,20.776,0,0,94.767,-200,12.22,0,0,0,1,4,R,"인생최패망자",190,80,0.299,0,35,W,Y,0,0,0,0,0,0,0,0,0,0,0,0,0,0,0,0,-0.084,-36.863,0,"Penguin_iDOL",0.26,-16.816,0,"Floră",-12.375,-39.952,0,"YukihiroD",-13.724,-62.745,0,"si_ho",20.783,-48.228,0,"schmoneymikey",12.683,-63.041,0,"shuwaYNZ",38.892,-95.084,0,"AI",0,-109.84,0,"Megarafa",-48.595,-96.338,0,0,0,0,0,0,"",0,0,0,0,1476.23,,,,0,0
57,3,1,0,1,0,1,2,0,0,0,255,255,255,31,1489.404,"3Ducks",R,26,81,131,1.286,0.524,0.34,1.898,0.493,1.74,-36.542,42.221,2,0,37.843,-200,-0.235,0,0,1,1,4,R,"인생최패망자",190,80,0.299,3,35,W,Y,1490.438,230,174,113,137,77,145,99,35.379,10.034,-0.42,0,0.387,130.131,156.485,563.364,-0.387,-37.025,105,"Penguin_iDOL",0.186,-17.279,0,"Floră",-13.067,-40.933,0,"YukihiroD",-13.718,-62.749,0,"si_ho",20.992,-48.202,0,"schmoneymikey",8.947,-65.035,91,"shuwaYNZ",38.886,-95.052,0,"AI",0,-109.84,0,"Megarafa",-48.589,-96.327,0,1494.75,-19.441,-97.382,1497.63,7,"AI",-25.456,-117.344,1,2,,1501.037,,,197,2
58,3,0,0,1,0,0,0,0,0,0,255,255,255,25,1583.127,"Pugeuk",R,3,71,99,-2.097,1.302,0.166,1.721,-0.105,2.057,-36.586,19.931,4,0,-390.583,-248.315,0,0,0,1,1,3,R,"YukihiroD",174,87.01,0.349,0,35,W,Y,0,0,0,0,0,0,0,0,0,0,0,0,0,0,0,0,-0.091,-37.752,0,"-라후이-",-0.161,-17.602,0,"가앤슬_",-25.655,-47.932,0,"_앰프_",-15.646,-61.474,0,"인생최패망자",19.874,-49.306,0,"Rite_",10.673,-65.848,0,"AI",40.903,-90.653,0,"AI",0,-109.84,0,"SUGUN",-48.294,-95.443,0,0,0,0,0,0,"",0,0,0,0,1584.044,,,,0,0
59,3,0,0,1,0,1,0,0,0,0,255,255,255,26,1597.584,"Pugeuk",R,9,96,117,-0.931,-0.465,-0.14,1.275,-1.053,1.005,-36.586,10.892,2,0,390.006,-312.883,0,0,0,1,1,3,R,"YukihiroD",174,87.01,0.349,3,35,W,Y,1598.685,125,66,44,43,16,122,119,-15.191,23.681,0.63,0,0.109,-530.591,-44.228,276.208,0.215,-37.383,0,"-라후이-",0.023,-17.709,0,"가앤슬_",-22.688,-44.58,0,"_앰프_",-16.457,-61.744,95,"인생최패망자",18.499,-48.897,0,"Rite_",10.224,-65.763,0,"AI",40.903,-90.653,0,"AI",0,-109.84,0,"SUGUN",-48.236,-95.539,0,1598.044,-1.239,-22.336,1599.977,3,"_앰프_",-17.875,-60.024,0,2,,,,,97,2
60,3,0,0,1,0,0,1,0,0,0,255,255,255,27,1619.765,"Pugeuk",R,29,91,140,-0.116,-0.217,0.252,1.487,0.242,1.441,-36.586,18.325,0,0,-231.432,-43.148,31.725,0,0,0,2,6,R,"shuwaYNZ",181.8,84.856,0.344,0,35,W,Y,0,0,0,0,0,0,0,0,0,0,0,0,0,0,0,0,-0.043,-37.645,0,"-라후이-",0.064,-17.786,0,"가앤슬_",-22.732,-43.914,0,"_앰프_",-15.277,-61.079,0,"인생최패망자",19.739,-48.623,0,"Rite_",10.497,-65.716,0,"AI",40.9,-90.65,0,"AI",0,-109.84,0,"SUGUN",-49.619,-96.564,0,0,0,0,0,0,"",0,0,0,0,1620.644,,,,0,0
61,3,0,0,1,0,1,1,0,0,0,255,255,255,28,1632.479,"Pugeuk",R,26,84,136,0.23,-0.779,0.254,1.344,0.25,0.957,-36.586,20.189,2,0,-111.599,-200,19.441,0,0,1,2,6,R,"shuwaYNZ",181.8,84.856,0.344,5,35,W,Y,1633.727,111,146,96,90,67,137,116,90.304,-82.072,0.2,0,0.249,356.506,460.92,39.882,0.203,-36.983,0,"-라후이-",-0.034,-17.911,23,"가앤슬_",-22.652,-43.855,0,"_앰프_",-15.825,-61.132,0,"인생최패망자",19.53,-48.421,0,"Rite_",10.336,-65.727,0,"AI",40.9,-90.65,0,"AI",0,-109.84,0,"SUGUN",-49.623,-96.464,0,1640.99,-5.743,-11.468,1641.23,1,"-라후이-",-5.696,-11.502,0,0,1641.23,,,,80,1
62,3,0,0,1,0,0,2,0,0,0,255,255,255,29,1667.393,"Pugeuk",R,6,88,126,-0.758,0.439,-0.033,1.612,-1.083,1.855,-36.586,8.932,0,0,500,0,32.632,0.116,-18.955,0,3,1,R,"Penguin_iDOL",190,80,0.398,0,35,W,Y,0,0,0,0,0,0,0,0,0,0,0,0,0,0,0,0,0.2,-38.058,0,"-라후이-",0.04,-17.885,0,"가앤슬_",-23.686,-45.405,0,"_앰프_",-16.473,-60.412,0,"인생최패망자",19.739,-49.231,0,"Rite_",9.566,-66.119,0,"AI",40.9,-90.65,0,"AI",0,-109.84,0,"SUGUN",-48.43,-96.61,0,0,0,0,0,0,"",0,0,0,0,1669.87,,,,0,0
63,3,0,0,1,0,1,2,0,0,0,255,255,255,30,1682.739,"Pugeuk",R,10,81,121,-1.415,-0.67,0.033,1.54,-0.774,1.623,-36.586,11.245,2,0,91.328,400,21.714,0,0,1,3,1,R,"Penguin_iDOL",190,80,0.398,3,35,W,Y,1683.602,255,209,84,96,40,145,87,-30,43.464,1,0,0.549,-481.391,325.17,-150.091,-0.141,-36.78,0,"-라후이-",-0.068,-17.769,97,"가앤슬_",-23.181,-44.385,0,"_앰프_",-15.617,-60.781,90,"인생최패망자",18.739,-48.571,0,"Rite_",9.446,-66.001,0,"AI",40.9,-90.65,0,"AI",0,-109.84,0,"SUGUN",-48.445,-96.531,110,1682.91,-1.056,-20.975,1688.884,2,"가앤슬_",-39.069,-75.816,1,0,1694.884,1698.035,,,120,2
64,3,0,0,1,0,0,2,0,1,0,255,11,255,31,1716.85,"Pugeuk",R,29,91,140,-1.425,0.168,0.132,1.551,-0.317,1.658,-36.586,19.31,0,0,-250,-49.412,40.127,-1.068,-18.981,0,4,8,L,"Megarafa",175.4,90,0.498,0,35,W,Y,0,0,0,0,0,0,0,0,0,0,0,0,0,0,0,0,0.099,-37.951,0,"-라후이-",-0.62,-18.282,0,"가앤슬_",-22.626,-44.358,0,"_앰프_",-5.453,-61.613,0,"인생최패망자",19.132,-44.558,0,"Rite_",16.308,-62.642,0,"AI",40.9,-90.65,0,"AI",0,-109.84,0,"SUGUN",-49.118,-96.673,0,0,0,0,0,0,"",0,0,0,16,1718.844,1720,,,0,0
65,3,0,0,1,0,1,2,0,1,0,255,11,255,32,1731.22,"Pugeuk",R,6,91,126,-0.267,0.695,0.012,1.65,-0.876,2.003,-36.586,18.157,2,0,500,0,18.175,0,0,1,4,8,L,"Megarafa",175.4,90,0.498,3,35,W,Y,1732.321,156,91,69,104,45,140,85,105.727,45.796,-0.69,0,0.186,535.601,-206.599,160.24,0.107,-37.189,0,"-라후이-",-0.029,-17.796,0,"가앤슬_",-22.744,-44.41,0,"_앰프_",-9.674,-61.056,0,"인생최패망자",20.136,-45.694,0,"Rite_",16.296,-62.662,0,"AI",40.9,-90.65,0,"AI",0,-109.84,0,"SUGUN",-49.832,-95.789,0,0,0,0,0,0,"",0,0,0,0,,1737.428,,,64,3
66,3,0,0,1,0,2,2,0,1,0,255,11,255,33,1752.782,"Pugeuk",R,26,81,132,1.016,-0.263,0.299,1.438,0.459,1.26,-36.586,28.51,0,0,-18.288,-200,10.012,0,0,0,4,8,L,"Megarafa",175.4,90,0.498,0,35,W,Y,0,0,0,0,0,0,0,0,0,0,0,0,0,0,0,0,-0.185,-37.648,0,"-라후이-",-0.004,-17.986,0,"가앤슬_",-22.667,-44.216,0,"_앰프_",-4.603,-61.322,0,"인생최패망자",18.913,-42.438,0,"Rite_",16.138,-63.029,0,"AI",40.9,-90.65,0,"AI",0,-109.84,0,"SUGUN",-49.347,-95.76,0,0,0,0,0,0,"",0,0,0,0,1753.617,1755.867,,,0,0
67,4,1,0,1,0,0,0,0,0,0,255,255,255,32,1807.422,"3Ducks",R,26,81,132,0.519,0.224,0.344,1.793,0.264,1.505,-36.542,24.95,0,0,-33.804,-200,1.083,0,0,1,2,5,R,"Rite_",167.1,80,0.453,0,47,W,Y,0,0,0,0,0,0,0,0,0,0,0,0,0,0,0,0,0.194,-36.951,0,"Penguin_iDOL",0.062,-17.102,0,"Floră",-22.193,-50.988,0,"YukihiroD",-13.705,-61.903,0,"si_ho",21.72,-48.763,0,"schmoneymikey",14.324,-63.241,0,"shuwaYNZ",40.488,-92.491,0,"AI",0,-109.84,0,"Megarafa",-49.84,-93.951,0,0,0,0,0,0,"",0,0,0,0,1808.244,,,,0,0
68,4,1,0,1,0,1,0,0,0,0,255,255,255,33,1824.689,"3Ducks",R,26,90,140,-2.266,-2.002,0.065,1.479,-1.108,0.291,-36.542,17.807,4,0,87.142,-200,12.798,-0.399,-18.278,1,2,5,R,"Rite_",167.1,80,0.453,0,47,W,Y,0,0,0,0,0,0,0,0,0,0,0,0,0,0,0,0,0.049,-37.411,0,"Penguin_iDOL",-0.348,-17.338,0,"Floră",-22.09,-51.28,0,"YukihiroD",-14.75,-61.927,0,"si_ho",21.699,-48.705,0,"schmoneymikey",12.934,-63.829,0,"shuwaYNZ",40.417,-92.531,0,"AI",0,-109.84,0,"Megarafa",-49.909,-93.942,0,0,0,0,0,0,"",0,0,0,0,1827.19,,,,0,0
69,4,1,0,1,0,2,0,0,0,0,255,255,255,34,1843.08,"3Ducks",R,3,73,112,-1.211,0.911,0.263,1.893,0.36,2.103,-36.542,43.909,0,0,-500,0,-10.367,0,0,0,2,5,R,"Rite_",167.1,80,0.453,0,47,W,Y,0,0,0,0,0,0,0,0,0,0,0,0,0,0,0,0,0.133,-37.412,0,"Penguin_iDOL",-0.288,-16.56,0,"Floră",-22.28,-49.787,0,"YukihiroD",-14.772,-61.976,0,"si_ho",21.821,-48.636,0,"schmoneymikey",6.072,-64.242,0,"shuwaYNZ",40.315,-92.389,0,"AI",0,-109.84,0,"Megarafa",-49.902,-93.921,0,0,0,0,0,0,"",0,0,0,0,1844.217,,,,0,0
70,4,1,0,1,0,0,1,0,0,0,255,255,255,35,1864.68,"3Ducks",R,26,88,140,9.796,-0.528,0.175,1.83,-1.147,1.205,-36.542,34.278,2,0,107.478,-172.686,2.708,0,0,1,3,8,R,"SUGUN",190,81.662,0.502,3,35,W,Y,1865.993,255,75,128,61,17,145,87,5.455,46.273,1,0,0.356,92.787,426.769,322.975,0.098,-37.288,0,"Penguin_iDOL",-0.538,-17.538,0,"Floră",-20.03,-47.594,0,"YukihiroD",-14.814,-61.892,0,"si_ho",21.764,-48.633,0,"schmoneymikey",8.923,-65.226,0,"shuwaYNZ",41.051,-94.567,0,"AI",0,-109.84,0,"Megarafa",-49.649,-93.614,0,1866.35,-17.071,-35.005,0,0,"",0,0,0,0,,,,,128,3
71,4,1,0,1,0,1,1,0,0,0,255,255,255,36,1882.709,"3Ducks",R,26,82,133,0.622,-0.118,0.367,1.9,0.234,1.334,-36.542,40.82,2,0,16.961,-200,-2.806,0,0,1,3,8,R,"SUGUN",190,81.662,0.502,3,34,W,Y,1883.763,248,179,157,66,14,145,130,-13.218,1.87,0.53,0,0.46,-488.213,-71.233,-287.912,0.044,-36.868,0,"Penguin_iDOL",0.094,-17.265,0,"Floră",-17.04,-44.367,0,"YukihiroD",-14.022,-63.229,0,"si_ho",21.696,-48.291,0,"schmoneymikey",11.678,-63.453,0,"shuwaYNZ",40.336,-94.901,0,"AI",0,-109.84,0,"Megarafa",-50.726,-91.638,0,1883.217,-0.009,-24.11,1886.324,7,"AI",-1.219,-98.844,1,0,,,,,160,2
72,4,1,0,1,0,0,1,1,0,0,8,255,255,37,1909.794,"3Ducks",R,10,90,128,0.265,-2.385,0.161,1.508,-0.088,0.524,-36.542,21.165,1,0,133.085,400,14.603,0.227,-18.383,0,4,1,R,"-라후이-",190,87,0.498,0,34,W,Y,0,0,0,0,0,0,0,0,0,0,0,0,0,0,0,0,0.261,-37.213,0,"Penguin_iDOL",0.219,-17.708,0,"Floră",-18.08,-42.674,0,"YukihiroD",-11.909,-62.46,0,"si_ho",21.379,-47.993,0,"schmoneymikey",9.738,-61.78,0,"shuwaYNZ",39.675,-94.031,0,"AI",0,-109.84,0,"Megarafa",-46.256,-94.752,0,0,0,0,0,0,"",0,0,0,0,1913.804,,,,0,0
73,4,1,0,1,1,0,1,1,0,0,8,255,255,38,1928.807,"3Ducks",R,26,81,132,1.496,-0.226,0.361,1.781,0.428,1.313,-36.542,36.435,4,0,148.671,-160.664,1.54,0,0,1,4,1,R,"-라후이-",190,87,0.498,0,34,W,Y,0,0,0,0,0,0,0,0,0,0,0,0,0,0,0,0,0.018,-36.85,0,"Penguin_iDOL",0.155,-16.791,0,"Floră",-18.606,-42.66,0,"YukihiroD",-14.092,-61.855,0,"si_ho",21.405,-47.952,0,"schmoneymikey",5.602,-61.043,0,"shuwaYNZ",41.297,-94.154,0,"AI",0,-109.84,0,"Megarafa",-46.24,-94.818,0,0,0,0,0,0,"",0,0,0,0,1929.377,,,,0,0
74,4,1,0,1,1,1,1,1,0,0,8,255,255,39,1947.631,"3Ducks",R,10,78,118,-2.594,-2.529,-0.006,1.53,-1.186,0.099,-36.542,18.071,1,0,36.382,400,7.883,-0.442,-21.778,0,4,1,R,"-라후이-",190,87,0.498,0,34,W,Y,0,0,0,0,0,0,0,0,0,0,0,0,0,0,0,0,0.062,-37.427,0,"Penguin_iDOL",-0.428,-17.657,0,"Floră",-17.989,-42.705,0,"YukihiroD",-14.125,-61.949,0,"si_ho",21.433,-47.948,0,"schmoneymikey",10.301,-64.42,0,"shuwaYNZ",41.641,-94.625,0,"AI",0,-109.84,0,"Megarafa",-46.244,-94.796,0,0,0,0,0,0,"",0,0,0,0,1948.217,,,,0,0
75,4,1,0,1,2,1,1,1,0,0,8,255,255,40,1964.459,"3Ducks",R,33,65,119,2.427,1.531,0.471,1.974,0.843,2.456,-36.542,45.912,2,0,122.34,-108.223,12.808,0,0,0,4,1,R,"-라후이-",190,87,0.498,5,34,W,Y,1965.413,19,71,13,22,34,15,38,-6.755,-0.393,-1,0,0.173,-108.218,0.658,-370.408,0.316,-37.025,116,"Penguin_iDOL",0.301,-18.166,0,"Floră",-17.602,-45.185,105,"YukihiroD",-12.214,-62.211,0,"si_ho",21.398,-47.908,0,"schmoneymikey",5.07,-63.71,85,"shuwaYNZ",41.425,-96.066,0,"AI",0,-109.84,0,"Megarafa",-46.251,-94.806,0,1965.284,0.482,-25.328,1966.897,0,"3Ducks",1.484,-33.453,0,0,,1969.379,,,161,2
76,4,1,0,1,0,0,2,0,1,0,255,8,255,41,1994.95,"3Ducks",R,26,80,130,0.174,-0.389,0.278,1.68,-0.012,1.217,-36.542,27.553,0,0,57.183,-157.083,4.681,0,0,1,5,3,R,"_앰프_",160,80,0.4,0,34,W,Y,0,0,0,0,0,0,0,0,0,0,0,0,0,0,0,0,0.068,-36.737,0,"Penguin_iDOL",0.078,-16.889,0,"Floră",-16.712,-43.746,0,"YukihiroD",-14.55,-60.735,0,"si_ho",19.224,-45.963,0,"schmoneymikey",7.272,-61.531,0,"shuwaYNZ",43.549,-95.204,0,"AI",0,-109.84,0,"Megarafa",-49.029,-93.213,0,0,0,0,0,0,"",0,0,0,0,1995.804,1997.901,,,0,0
77,4,1,0,1,0,1,2,0,1,0,255,8,255,42,2011.029,"3Ducks",R,3,76,114,-2.03,-0.398,0.235,1.728,-0.081,1.383,-36.542,27.153,2,0,-500,0,-18.609,0,0,1,5,3,R,"_앰프_",160,80,0.4,3,34,W,Y,2012.209,255,107,120,92,51,145,76,36.123,45.185,1,0,0.178,-29.5,222.846,533.912,0.009,-37.199,0,"Penguin_iDOL",-0.651,-17.433,0,"Floră",-16.983,-44.135,0,"YukihiroD",-13.395,-61.419,0,"si_ho",20.02,-46.923,0,"schmoneymikey",5.726,-60.233,0,"shuwaYNZ",43.563,-95.234,0,"AI",0,-109.84,0,"Megarafa",-45.562,-93.129,0,2015.137,-40.816,-57.201,0,0,"",0,0,0,0,,2018.874,,,128,3
78,4,1,0,1,0,2,2,0,1,0,255,8,255,43,2030.969,"3Ducks",R,26,80,131,-2.811,0.149,0.107,1.759,-1.353,1.502,-36.542,18.521,4,0,90.788,-156.292,5.231,0,0,1,5,3,R,"_앰프_",160,80,0.4,0,34,W,Y,0,0,0,0,0,0,0,0,0,0,0,0,0,0,0,0,0.344,-37.383,0,"Penguin_iDOL",-0.181,-17.936,0,"Floră",-20.662,-48.892,0,"YukihiroD",-13.82,-60.763,0,"si_ho",20.558,-46.9,0,"schmoneymikey",2.777,-61.871,0,"shuwaYNZ",36.379,-93.035,0,"AI",0,-109.84,0,"Megarafa",-46.642,-89.704,0,0,0,0,0,0,"",0,0,0,0,2031.79,,,,0,0
79,4,0,0,1,0,0,0,0,0,0,255,255,255,34,2076.339,"Pugeuk",R,28,85,137,-2.859,-0.211,-0.053,1.466,-1.179,1.381,-36.586,13.346,4,0,-59.664,-94.132,9.972,0,0,1,5,2,R,"Floră",190,86,0.403,0,34,W,Y,0,0,0,0,0,0,0,0,0,0,0,0,0,0,0,0,-0.288,-37.939,0,"-라후이-",-0.128,-17.625,0,"가앤슬_",-24.132,-46.023,0,"_앰프_",-15.152,-60.914,0,"인생최패망자",20.249,-49.301,0,"Rite_",11.355,-65.908,0,"AI",40.9,-90.65,0,"AI",0,-109.84,0,"SUGUN",-47.831,-94.792,0,0,0,0,0,0,"",0,0,0,0,2076.977,,,,0,0
80,4,0,0,1,0,1,0,0,0,0,255,255,255,35,2093.281,"Pugeuk",R,13,85,109,-3.952,-1.819,-0.153,1.41,-1.094,0.92,-36.586,7.871,4,0,-350.274,353.619,0,-0.9,-18.933,1,5,2,R,"Floră",190,86,0.403,0,91,W,Y,0,0,0,0,0,0,0,0,0,0,0,0,0,0,0,0,-0.171,-37.855,0,"-라후이-",-0.186,-17.773,0,"가앤슬_",-24.21,-46.015,0,"_앰프_",-14.909,-60.712,0,"인생최패망자",20.146,-49.536,0,"Rite_",10.667,-66.032,0,"AI",40.9,-90.65,0,"AI",0,-109.84,0,"SUGUN",-47.82,-94.748,0,0,0,0,0,0,"",0,0,0,0,2094.27,,,,0,0
81,4,0,0,1,0,2,0,0,0,0,255,255,255,36,2111.061,"Pugeuk",R,10,73,102,-1.93,-0.201,-0.076,1.933,-0.857,2.049,-36.586,19.5,2,0,0,399.836,0,0,0,1,5,2,R,"Floră",190,86,0.403,1,91,W,Y,2112.178,88,106,101,89,80,132,114,25.037,-0.155,0.13,0,0.417,-89.968,-120.627,-60.182,-0.13,-37.474,0,"-라후이-",-0.571,-17.626,0,"가앤슬_",-24.303,-45.95,0,"_앰프_",-16.027,-60.952,0,"인생최패망자",19.179,-49.716,0,"Rite_",10.669,-65.91,85,"AI",40.9,-90.65,0,"AI",0,-109.84,0,"SUGUN",-47.824,-94.725,0,2116.07,2.856,-116.747,2120.83,5,"Rite_",0.097,-61.229,0,0,,,,,68,1
82,4,0,0,1,0,0,1,0,0,0,255,255,255,37,2139.412,"Pugeuk",R,6,88,126,0.287,0.118,0.066,1.559,-0.622,1.683,-36.586,17.333,0,0,500,0,28.465,0.187,-19.112,0,6,4,R,"si_ho",190,88.027,0.5,0,34,W,Y,0,0,0,0,0,0,0,0,0,0,0,0,0,0,0,0,-0.157,-37.798,0,"-라후이-",0.087,-17.744,0,"가앤슬_",-22.755,-44.719,0,"_앰프_",-15.7,-60.282,0,"인생최패망자",18.848,-48.874,0,"Rite_",11.166,-65.779,0,"AI",40.9,-90.65,0,"AI",0,-109.84,0,"SUGUN",-47.855,-94.524,0,0,0,0,0,0,"",0,0,0,0,2141.857,,,,0,0
83,4,0,0,1,0,1,1,0,0,0,255,255,255,38,2153.362,"Pugeuk",R,10,75,116,1.422,-0.817,0.331,1.526,0.609,1.575,-36.586,21.828,0,0,0,400,25.427,0,0,1,6,4,R,"si_ho",190,88.027,0.5,0,34,W,Y,0,0,0,0,0,0,0,0,0,0,0,0,0,0,0,0,-0.023,-37.76,0,"-라후이-",0.016,-17.736,0,"가앤슬_",-22.657,-44.51,0,"_앰프_",-15.855,-61.055,0,"인생최패망자",18.82,-49.46,0,"Rite_",9.509,-65.561,0,"AI",40.9,-90.65,0,"AI",0,-109.84,0,"SUGUN",-47.899,-94.425,0,0,0,0,0,0,"",0,0,0,0,2154.124,,,,0,0
84,4,0,0,1,0,2,1,0,0,0,255,255,255,39,2168.507,"Pugeuk",R,0,78,116,-3.357,-0.746,-0.269,1.318,-1.455,1.152,-36.586,11.971,1,0,0,0,38.349,0,0,0,6,4,R,"si_ho",190,88.027,0.5,0,34,W,Y,0,0,0,0,0,0,0,0,0,0,0,0,0,0,0,0,-0.14,-37.924,0,"-라후이-",-0.207,-17.751,0,"가앤슬_",-24.355,-46.068,0,"_앰프_",-15.842,-60.948,0,"인생최패망자",18.682,-48.82,0,"Rite_",9.727,-65.488,0,"AI",40.9,-90.65,0,"AI",0,-109.84,0,"SUGUN",-47.892,-94.494,0,0,0,0,0,0,"",0,0,0,0,2169.337,,,,0,0
85,4,0,0,1,1,2,1,0,0,0,255,255,255,40,2185.056,"Pugeuk",R,26,91,140,-2.927,-0.171,-0.057,1.463,-1.195,1.371,-36.586,10.791,1,0,-60.25,-161.003,19.346,0,0,0,6,4,R,"si_ho",190,88.027,0.5,0,34,W,Y,0,0,0,0,0,0,0,0,0,0,0,0,0,0,0,0,-0.116,-37.434,0,"-라후이-",-0.194,-17.683,0,"가앤슬_",-23.127,-44.562,0,"_앰프_",-16.001,-60.938,0,"인생최패망자",19.125,-48.346,0,"Rite_",9.268,-65.586,0,"AI",40.9,-90.65,0,"AI",0,-109.84,0,"SUGUN",-48.87,-93.661,0,0,0,0,0,0,"",0,0,0,0,2185.684,,,,0,0
86,4,0,0,1,0,0,2,0,0,0,255,255,255,41,2305.157,"Pugeuk",R,14,85,126,-0.079,-0.728,0.121,1.529,-0.366,1.578,-36.586,15.254,0,0,226.305,359.849,43.013,0,0,0,0,5,L,"schmoneymikey",175,90.046,0.353,0,34,W,Y,0,0,0,0,0,0,0,0,0,0,0,0,0,0,0,0,-0.053,-37.354,0,"-라후이-",-0.007,-17.707,0,"가앤슬_",-23.167,-45.301,0,"_앰프_",-8.124,-61.858,0,"인생최패망자",20.421,-46.305,0,"Rite_",16.26,-64.58,0,"AI",40.9,-90.65,0,"AI",0,-109.84,0,"SUGUN",-48.782,-95.017,0,0,0,0,0,0,"",0,0,0,0,2306.004,,,,0,0
87,4,0,0,1,0,1,2,0,0,0,255,255,255,42,2321.739,"Pugeuk",R,10,80,119,2.077,-0.932,0.392,1.524,0.893,1.563,-36.586,31.902,4,0,0,400,21.182,0.459,-18.155,1,0,5,L,"schmoneymikey",175,90.046,0.353,0,34,W,Y,0,0,0,0,0,0,0,0,0,0,0,0,0,0,0,0,-0.453,-37.495,0,"-라후이-",0.406,-18.479,0,"가앤슬_",-23.131,-44.961,0,"_앰프_",-11.15,-61.291,0,"인생최패망자",20.143,-45.817,0,"Rite_",15.831,-62.877,0,"AI",40.9,-90.65,0,"AI",0,-109.84,0,"SUGUN",-49.092,-95.023,0,0,0,0,0,0,"",0,0,0,0,2323.577,,,,0,0
88,4,0,0,1,0,2,2,0,0,0,255,255,255,43,2340.358,"Pugeuk",R,13,71,99,1.264,-1.339,0.622,1.633,1.309,1.379,-36.586,37.465,2,0,-351.391,312.348,35.22,0,0,1,0,5,L,"schmoneymikey",175,90.046,0.353,3,34,W,Y,2341.557,250,142,82,78,55,145,81,-30,-46.604,1,0,0.345,572.582,142.996,-104.654,-0.489,-37.176,0,"-라후이-",0.054,-17.514,0,"가앤슬_",-23.714,-45.335,86,"_앰프_",-12.625,-62.407,85,"인생최패망자",20.11,-45.704,0,"Rite_",16.598,-62.274,100,"AI",40.9,-90.65,0,"AI",0,-109.84,0,"SUGUN",-48.867,-94.81,0,2341.004,1.465,-22.661,2349.03,5,"Rite_",47.181,-58.233,1,0,,,,,101,2
89,4,0,0,1,0,0,2,1,0,0,15,255,255,44,2393.33,"Pugeuk",R,27,93,140,0.791,-0.041,0.29,1.502,0.42,1.483,-36.586,22.052,2,0,-63.442,-108.973,5.508,0,0,1,1,3,R,"YukihiroD",174,87.01,0.349,3,34,W,Y,2394.353,223,120,97,75,24,145,126,-15.17,2.463,0.49,0,0.258,-471.198,-69.697,-165.959,0.125,-36.725,0,"-라후이-",0.031,-17.666,0,"가앤슬_",-20.624,-42.665,0,"_앰프_",-14.578,-60.813,0,"인생최패망자",18.764,-48.169,0,"Rite_",7.892,-66.879,88,"AI",40.9,-90.65,0,"AI",0,-109.84,0,"SUGUN",-48.399,-95.19,0,2393.657,0.016,-23.146,2396.91,7,"AI",-1.939,-98.162,1,0,,2399.074,,,68,2
90,4,0,0,1,0,0,2,1,1,0,13,15,255,45,2417.249,"Pugeuk",R,29,78,129,-1.312,1.684,0.132,1.818,-0.315,2.559,-36.586,27.864,1,0,-172.905,-57.51,12.875,-1.073,-19.384,0,2,6,R,"shuwaYNZ",181.8,84.856,0.344,0,35,W,Y,0,0,0,0,0,0,0,0,0,0,0,0,0,0,0,0,-0.006,-37.35,0,"-라후이-",-0.526,-18.34,0,"가앤슬_",-21.932,-44.422,0,"_앰프_",-12.868,-62.463,0,"인생최패망자",18.59,-44.694,0,"Rite_",4.899,-66.294,0,"AI",40.9,-90.65,0,"AI",0,-109.84,0,"SUGUN",-46.774,-96.868,0,0,0,0,0,0,"",0,0,0,0,2419.43,2420.128,,,0,0
91,4,0,0,1,1,0,2,1,1,0,13,15,255,46,2432.607,"Pugeuk",R,29,87,140,-0.132,0.599,0.257,1.619,0.266,1.889,-36.586,18.377,0,0,-250,-88.927,25.077,0,0,1,2,6,R,"shuwaYNZ",181.8,84.856,0.344,0,35,W,Y,0,0,0,0,0,0,0,0,0,0,0,0,0,0,0,0,-0.401,-37.807,0,"-라후이-",1.56,-19.243,0,"가앤슬_",-22.793,-44.587,0,"_앰프_",-14.727,-62.128,0,"인생최패망자",18.861,-43.222,0,"Rite_",2.511,-64.161,0,"AI",40.9,-90.65,0,"AI",0,-109.84,0,"SUGUN",-49.083,-96.031,0,0,0,0,0,0,"",0,0,0,0,2433.177,2447.816,,,0,0
92,4,0,0,1,1,1,2,1,1,0,13,15,255,47,2469.071,"Pugeuk",R,6,81,118,-1.446,-0.081,-0.081,1.452,-1.305,1.322,-36.586,4.102,0,0,446.099,-225.823,58.631,0.494,-18.72,0,2,6,R,"shuwaYNZ",181.8,84.856,0.344,0,35,W,Y,0,0,0,0,0,0,0,0,0,0,0,0,0,0,0,0,0.088,-37.574,0,"-라후이-",0.439,-18.502,0,"가앤슬_",-22.065,-44.073,0,"_앰프_",-11.469,-57.984,0,"인생최패망자",17.752,-44.226,0,"Rite_",4.483,-64.927,0,"AI",40.9,-90.65,0,"AI",0,-109.84,0,"SUGUN",-50.061,-95.297,0,0,0,0,0,0,"",0,0,0,0,2470.524,2471.41,,,0,0
93,4,0,0,1,1,2,2,1,1,0,13,15,255,48,2486.704,"Pugeuk",R,3,69,99,-2.726,-0.337,0.083,1.452,-0.364,1.433,-36.586,23.699,1,0,-387.744,0,0,0,0,0,2,6,R,"shuwaYNZ",181.8,84.856,0.344,0,35,W,Y,0,0,0,0,0,0,0,0,0,0,0,0,0,0,0,0,-0.21,-37.276,0,"-라후이-",-0.195,-17.474,0,"가앤슬_",-22.944,-45.328,0,"_앰프_",-12.288,-60.453,0,"인생최패망자",17.785,-44.044,0,"Rite_",3.642,-64.338,0,"AI",40.9,-90.65,0,"AI",0,-109.84,0,"SUGUN",-49.993,-95.478,0,0,0,0,0,0,"",0,0,0,0,2487.43,2490.253,,,0,0
94,4,0,0,1,2,2,2,1,1,0,13,15,255,49,2501.592,"Pugeuk",R,26,95,140,-1.843,-0.451,0.061,1.404,-0.645,1.16,-36.586,15.407,2,0,-118.046,-200,0,0,0,1,2,6,R,"shuwaYNZ",181.8,84.856,0.344,5,35,W,Y,2502.605,133,131,110,73,54,140,108,-15.042,9.031,0.91,0,0.232,62.503,294.214,-146.16,0.066,-37.625,0,"-라후이-",-0.244,-17.659,0,"가앤슬_",-23.407,-45.221,0,"_앰프_",-14.663,-60.005,0,"인생최패망자",18.193,-46.985,0,"Rite_",3.8,-62.753,0,"AI",40.9,-90.65,0,"AI",0,-109.84,0,"SUGUN",-50.395,-95.131,0,2501.937,-0.785,-22.269,2506.51,7,"AI",-11.746,-101.249,0,0,,2507.543,2507.155,,64,2
95,4,0,0,1,0,0,2,1,1,1,13,15,255,50,2532.648,"Pugeuk",R,3,74,103,-2.328,0.629,0.133,1.915,-0.208,2.011,-36.586,23.776,4,0,-405.931,0,0,0,0,1,3,1,R,"Penguin_iDOL",190,80,0.398,0,34,W,Y,0,0,0,0,0,0,0,0,0,0,0,0,0,0,0,0,-0.326,-37.645,0,"-라후이-",-0.024,-17.426,0,"가앤슬_",-22.895,-44.722,0,"_앰프_",-15.402,-60.82,0,"인생최패망자",17.901,-40.575,0,"Rite_",5.93,-66.593,0,"AI",40.9,-90.65,0,"AI",0,-109.84,0,"SUGUN",-50.711,-97.575,0,0,0,0,0,0,"",0,0,0,0,2533.31,,2535.203,,0,0
96,4,0,0,1,0,1,2,1,1,1,13,15,255,51,2550.655,"Pugeuk",R,2,59,90,-1.77,0.718,0.252,1.601,-0.015,1.686,-36.586,36.603,4,0,-323.959,-305.326,0,0,0,1,3,1,R,"Penguin_iDOL",190,80,0.398,0,34,W,Y,0,0,0,0,0,0,0,0,0,0,0,0,0,0,0,0,-0.331,-37.616,115,"-라후이-",-0.141,-17.751,0,"가앤슬_",-22.961,-44.655,0,"_앰프_",-14.625,-61.229,0,"인생최패망자",17.92,-41.006,0,"Rite_",6.26,-66.235,0,"AI",40.9,-90.65,0,"AI",0,-109.84,0,"SUGUN",-51.392,-97.007,0,0,0,0,0,0,"",0,0,0,0,2551.497,2553.441,2553.419,,0,0
97,4,0,0,1,0,2,2,1,1,1,13,15,255,52,2585.368,"Pugeuk",R,27,84,136,-1.95,0.701,0.021,1.641,-0.833,1.95,-36.586,19.09,1,0,-15.645,-101.143,0,0,0,0,3,1,R,"Penguin_iDOL",190,80,0.398,0,34,W,Y,0,0,0,0,0,0,0,0,0,0,0,0,0,0,0,0,-0.081,-37.242,0,"-라후이-",-0.068,-18.019,0,"가앤슬_",-23.127,-45.716,0,"_앰프_",-15.899,-61.09,0,"인생최패망자",18.586,-41.113,0,"Rite_",4.075,-63.825,0,"AI",40.9,-90.65,0,"AI",0,-109.84,0,"SUGUN",-51.333,-96.366,0,0,0,0,0,0,"",0,0,0,0,2585.79,2589.695,2588.077,,0,0
98,4,0,0,1,1,2,2,1,1,1,13,15,255,53,2605.237,"Pugeuk",R,3,68,98,1.215,0.761,0.633,1.761,1.343,2.11,-36.586,28.523,0,0,-391.057,0,-4.936,0,0,0,3,1,R,"Penguin_iDOL",190,80,0.398,0,34,W,Y,0,0,0,0,0,0,0,0,0,0,0,0,0,0,0,0,0.385,-37.271,0,"-라후이-",-0.027,-17.891,0,"가앤슬_",-23.237,-45.672,0,"_앰프_",-14.383,-61.731,0,"인생최패망자",18.144,-41.188,0,"Rite_",2.66,-64.997,0,"AI",40.9,-90.65,0,"AI",0,-109.84,0,"SUGUN",-50.231,-95.879,0,0,0,0,0,0,"",0,0,0,0,2605.91,,,,0,0
99,5,1,0,1,0,0,0,0,0,0,255,255,255,44,2754.776,"Penguin_iDOL",R,27,80,130,2.838,-0.182,0.552,1.765,1.04,1.355,-36.545,34.235,2,0,120.93,-140.55,0,0,0,1,6,0,R,"Pugeuk",190,86.173,0.396,2,34,W,Y,2755.814,232,64,69,59,12,140,89,-5.158,24.981,-0.76,0,0.574,205.08,350.332,-139.486,0.558,-37.313,0,"Megarafa",0.036,-17.265,0,"Floră",-20.879,-48.881,87,"YukihiroD",-12.29,-63.654,93,"si_ho",20.413,-47.214,0,"schmoneymikey",12.924,-63.609,0,"shuwaYNZ",37.51,-91.308,0,"3Ducks",0.253,-101.979,0,"AI",-40.8,-90.55,0,2755.39,-3.026,-27.824,2757.324,3,"YukihiroD",-16.039,-56.8,0,0,,,,,42,2
100,5,1,0,1,0,0,1,0,0,0,255,255,255,45,2781.349,"Penguin_iDOL",R,27,80,130,3.002,1.505,0.601,2.038,1.219,2.367,-36.545,39.929,1,0,46.816,-121.353,0,0,0,0,0,2,R,"가앤슬_",180,83.179,0.2,0,34,W,Y,0,0,0,0,0,0,0,0,0,0,0,0,0,0,0,0,0.189,-37.735,0,"Megarafa",0.122,-16.952,0,"Floră",-20.886,-47.846,0,"YukihiroD",-14.309,-63.826,0,"si_ho",20.784,-47.035,0,"schmoneymikey",13.061,-63.998,0,"shuwaYNZ",36.176,-87.908,0,"3Ducks",0.2,-102.057,0,"AI",-40.8,-90.55,0,0,0,0,0,0,"",0,0,0,0,2782.51,,,,0,0
101,5,1,0,1,0,1,1,0,0,0,255,255,255,46,2817.597,"Penguin_iDOL",R,26,85,138,0.192,0.635,0.312,1.842,0.048,1.788,-36.545,16.16,0,0,18.436,-200,0,0,0,1,0,2,R,"가앤슬_",180,83.179,0.2,0,34,W,Y,0,0,0,0,0,0,0,0,0,0,0,0,0,0,0,0,0.172,-37.674,0,"Megarafa",0.012,-17.068,0,"Floră",-20.499,-48.272,0,"YukihiroD",-13.973,-64.289,0,"si_ho",20.785,-47.047,0,"schmoneymikey",13.049,-63.745,0,"shuwaYNZ",37.48,-89.112,0,"3Ducks",-0.019,-100.783,0,"AI",-40.8,-90.55,0,0,0,0,0,0,"",0,0,0,0,2818.79,,,,0,0
102,5,1,0,1,0,2,1,0,0,0,255,255,255,47,2838.927,"Penguin_iDOL",R,1,56,98,0.76,-1.778,0.401,1.639,0.309,1.28,-36.545,22.172,2,0,-4.464,3.764,0,0,0,1,0,2,R,"가앤슬_",180,83.179,0.2,3,34,W,Y,2840.234,122,83,51,88,71,133,126,-15.021,-3.427,0.67,0,0.361,342.885,398.269,-98.613,-0.066,-37.284,0,"Megarafa",-0.005,-17.408,0,"Floră",-20.142,-48.526,0,"YukihiroD",-13.782,-63.369,0,"si_ho",21.094,-47.559,0,"schmoneymikey",11.878,-64.38,0,"shuwaYNZ",37.066,-89.918,0,"3Ducks",-0.053,-100.793,95,"AI",-40.8,-90.55,0,2839.59,0.205,-21.579,2843.164,7,"3Ducks",8.627,-91.455,1,0,,,,,168,2
103,5,1,0,1,0,0,1,1,0,0,2,255,255,48,2876.788,"Penguin_iDOL",R,3,69,109,-1.312,1.013,0.37,1.923,0.362,2.252,-36.545,46.227,2,0,-495.455,0,0,0,0,1,1,4,R,"인생최패망자",190,80,0.299,3,34,W,Y,2877.861,248,96,110,98,55,145,126,32.647,2.715,0.71,0,0.41,331.943,197.192,456.657,-0.496,-37.589,0,"Megarafa",-0.227,-17.206,0,"Floră",-18.038,-46.244,85,"YukihiroD",-11.373,-62.757,0,"si_ho",21.263,-48.065,0,"schmoneymikey",9.376,-65.123,0,"shuwaYNZ",37.19,-88.377,0,"3Ducks",0.126,-98.019,0,"AI",-40.8,-90.55,0,2883.044,-14.511,-134.568,2885.297,7,"3Ducks",-16.349,-126.991,1,0,,2885.224,2890.143,,168,2
104,5,1,0,1,0,0,1,0,1,1,255,4,2,49,2913.717,"Penguin_iDOL",R,27,84,137,0.78,0.755,0.255,1.868,0.257,1.892,-36.545,18.006,2,0,53.842,-113.491,0,0,0,1,2,5,R,"Rite_",167.1,80,0.453,5,34,W,Y,2914.785,168,111,73,97,44,145,88,97.115,0.699,-0.52,0,0.412,427.222,48.219,-287.056,-0.05,-37.557,0,"Megarafa",0.053,-17.114,0,"Floră",-16.877,-45.148,0,"YukihiroD",-11.927,-63.085,0,"si_ho",18.47,-44.419,0,"schmoneymikey",7.308,-62.085,0,"shuwaYNZ",39.496,-91.85,0,"3Ducks",0.606,-108.991,0,"AI",-40.8,-90.55,0,2920.417,3.846,-2.078,0,0,"",0,0,0,0,,2917.597,2919.511,,8,3
105,5,1,0,1,0,1,1,0,1,1,255,4,2,50,2941.127,"Penguin_iDOL",R,26,87,140,1.323,0.653,0.307,1.844,0.499,1.804,-36.545,18.64,2,0,50.285,-150.153,0,0,0,1,2,5,R,"Rite_",167.1,80,0.453,5,46,W,Y,2942.106,95,97,106,76,39,134,78,90.714,-41.047,-0.71,0,0.369,110.348,57.086,-580.886,-0.251,-37.154,0,"Megarafa",0.22,-17.148,100,"Floră",-16.171,-44.644,0,"YukihiroD",-13.988,-62.53,0,"si_ho",18.493,-44.801,0,"schmoneymikey",5.917,-58.648,0,"shuwaYNZ",39.44,-91.72,0,"3Ducks",0.182,-108.516,0,"AI",-40.8,-90.55,0,2947.35,5.016,-17.505,2947.777,1,"Megarafa",4.996,-17.54,0,0,2947.777,2944.776,2944.595,,24,1
106,5,1,0,1,0,0,2,0,1,1,255,4,2,51,2989.697,"Penguin_iDOL",R,28,85,138,1.242,-0.308,0.296,1.702,0.447,1.325,-36.545,11.932,2,0,59.902,-94.833,0,0,0,1,3,8,R,"SUGUN",190,81.662,0.502,3,34,W,Y,2990.558,255,193,130,121,34,145,101,41.047,-0.102,-0.28,0,0.435,177.319,76.749,190.421,0.181,-37.287,0,"Megarafa",0.084,-17.158,0,"Floră",-19.328,-48.183,0,"YukihiroD",-14.748,-61.486,0,"si_ho",19.399,-45.856,0,"schmoneymikey",6.898,-60.608,0,"shuwaYNZ",40.685,-97.28,0,"3Ducks",0.521,-109.152,0,"AI",-40.8,-90.55,0,2995.484,-2.282,-100.766,2995.924,7,"3Ducks",-2.224,-99.049,0,0,,,2995.031,2995.833,192,1
107,5,0,0,1,0,0,0,0,0,0,255,255,255,54,3032.954,"Pugeuk",R,14,85,124,0.564,0.741,0.12,1.742,-0.372,2.327,-36.586,23.341,2,0,420.788,270.07,47.387,0,0,1,4,1,L,"Megarafa",175.4,90,0.498,3,34,W,Y,3034.078,219,48,79,31,0,138,78,18.345,-62.346,1,0,0.363,112.222,-522.249,-178.532,-0.137,-37.353,0,"-라후이-",0.021,-17.587,0,"가앤슬_",-23.247,-45.175,0,"_앰프_",-11.122,-62.379,0,"인생최패망자",19.506,-45.301,0,"Rite_",16.426,-61.494,0,"AI",40.9,-90.65,0,"AI",0,-109.84,0,"SUGUN",-49.037,-96.921,0,3035.337,27.758,-32.183,0,0,"",0,0,0,0,,,,,64,3
108,5,0,0,1,0,1,0,0,0,0,255,255,255,55,3051.338,"Pugeuk",R,29,86,139,-0.151,0.426,0.25,1.6,0.234,1.829,-36.586,32.807,0,0,-237.216,-25.678,28.323,0,0,1,4,1,L,"Megarafa",175.4,90,0.498,0,33,W,Y,0,0,0,0,0,0,0,0,0,0,0,0,0,0,0,0,0.141,-37.467,0,"-라후이-",-0.024,-17.6,0,"가앤슬_",-24.106,-46.195,0,"_앰프_",-8.716,-62.99,0,"인생최패망자",19.183,-44.988,0,"Rite_",15.962,-63.63,0,"AI",40.9,-90.65,0,"AI",0,-109.84,0,"SUGUN",-48.953,-97.093,0,0,0,0,0,0,"",0,0,0,0,3052.057,,,,0,0
109,5,0,0,1,0,2,0,0,0,0,255,255,255,56,3068.511,"Pugeuk",R,14,83,108,-0.995,0.142,-0.057,1.812,-0.795,2.266,-36.586,15.491,0,0,194.212,400,24.983,-0.223,-18.985,1,4,1,L,"Megarafa",175.4,90,0.498,0,33,W,Y,0,0,0,0,0,0,0,0,0,0,0,0,0,0,0,0,-0.037,-37.317,0,"-라후이-",-0.066,-17.846,0,"가앤슬_",-23.459,-45.176,0,"_앰프_",-11.436,-63.705,0,"인생최패망자",19.274,-44.952,0,"Rite_",16.172,-63.914,0,"AI",40.907,-90.656,0,"AI",0,-109.84,0,"SUGUN",-49.272,-96.975,0,0,0,0,0,0,"",0,0,0,0,3071.297,,,,0,0
110,5,0,0,1,0,0,1,0,0,0,255,255,255,57,3094.254,"Pugeuk",R,3,72,101,-4.345,0.635,-0.14,1.717,-1.055,2.015,-36.586,16.314,4,0,-421.178,0,0,0,0,1,5,2,R,"Floră",190,86,0.403,0,34,W,Y,0,0,0,0,0,0,0,0,0,0,0,0,0,0,0,0,-0.13,-37.387,0,"-라후이-",-0.379,-18.091,0,"가앤슬_",-23.708,-45.598,0,"_앰프_",-15.772,-62.904,0,"인생최패망자",19.488,-48.872,0,"Rite_",8.236,-65.628,0,"AI",40.9,-90.65,0,"AI",0,-109.84,0,"SUGUN",-47.813,-93.339,0,0,0,0,0,0,"",0,0,0,0,3095.004,,,,0,0
111,5,0,0,1,0,1,1,0,0,0,255,255,255,58,3111.04,"Pugeuk",R,14,71,99,-1.024,-0.958,-0.132,1.608,-1.082,1.547,-36.586,5.063,2,0,303.283,369.383,0,0,0,1,5,2,R,"Floră",190,86,0.403,0,34,W,Y,3112.238,103,103,100,109,78,136,88,90.62,-88.623,-0.92,0,0.45,270.275,-74.986,51.512,-0.128,-37.153,0,"-라후이-",-0.609,-18.166,0,"가앤슬_",-23.668,-45.586,0,"_앰프_",-15.7,-62.788,0,"인생최패망자",19.491,-48.887,0,"Rite_",7.993,-67.164,0,"AI",40.9,-90.65,0,"AI",0,-109.84,0,"SUGUN",-47.973,-93.222,0,3117.524,-41.124,-17.583,0,0,"",0,0,0,0,,,,,64,3
112,5,0,0,1,0,2,1,0,0,0,255,255,255,59,3136.914,"Pugeuk",R,27,75,126,0.567,3.048,0.248,2.085,0.225,3.388,-36.586,43.586,1,0,7.568,-134.082,0,0,0,0,5,2,R,"Floră",190,86,0.403,0,90,W,Y,0,0,0,0,0,0,0,0,0,0,0,0,0,0,0,0,0.145,-37.603,0,"-라후이-",0.01,-17.679,0,"가앤슬_",-23.337,-45.119,0,"_앰프_",-16.143,-62.54,0,"인생최패망자",19.404,-48.915,0,"Rite_",6.224,-67.096,0,"AI",40.9,-90.65,0,"AI",0,-109.84,0,"SUGUN",-46.283,-94.62,0,0,0,0,0,0,"",0,0,0,0,3137.457,,,,0,0
113,5,0,0,1,1,2,1,0,0,0,255,255,255,60,3152.58,"Pugeuk",R,0,84,136,0.024,1.353,0.188,1.783,-0.058,2.41,-36.586,21.674,2,0,39.716,-40.23,0,0,0,1,5,2,R,"Floră",190,86,0.403,0,90,W,Y,3153.56,90,66,78,58,0,128,99,34.475,38.491,-0.08,0,0.435,-193.101,81.232,259.111,0.101,-37.056,0,"-라후이-",-0.039,-17.769,0,"가앤슬_",-23.29,-45.105,0,"_앰프_",-16.094,-62.46,0,"인생최패망자",19.17,-48.721,0,"Rite_",6.032,-67.274,0,"AI",40.9,-90.65,0,"AI",0,-109.84,0,"SUGUN",-46.307,-94.658,104,3157.19,-50.709,-80.197,3157.724,8,"SUGUN",-49.556,-78.854,0,0,,,,,72,1
114,5,0,0,1,0,0,2,0,0,0,255,255,255,61,3176.88,"Pugeuk",R,6,83,122,-1.024,0.333,-0.064,1.6,-1.228,1.816,-36.586,8.501,0,0,500,0,0,0,0,0,6,4,R,"si_ho",190,88.027,0.5,0,34,W,Y,0,0,0,0,0,0,0,0,0,0,0,0,0,0,0,0,0.151,-37.388,0,"-라후이-",-0.136,-17.277,0,"가앤슬_",-23.548,-45.014,0,"_앰프_",-16.856,-62.062,0,"인생최패망자",19.97,-49.776,0,"Rite_",4.35,-67.915,0,"AI",40.9,-90.65,0,"AI",0,-109.84,0,"SUGUN",-47.076,-94.735,0,0,0,0,0,0,"",0,0,0,0,3177.644,,,,0,0
115,5,0,0,1,0,1,2,0,0,0,255,255,255,62,3189.614,"Pugeuk",R,14,84,122,-4.97,-0.959,0.057,1.521,-0.667,1.561,-36.586,16.162,2,0,390.434,312.348,0,0,0,1,6,4,R,"si_ho",190,88.027,0.5,3,34,W,Y,3190.784,255,87,110,102,0,145,87,-9.751,47.178,1,0,0.487,-84.366,371.886,236.703,0.067,-37.122,0,"-라후이-",-0.059,-17.326,0,"가앤슬_",-23.54,-45.016,85,"_앰프_",-16.772,-62.018,0,"인생최패망자",19.905,-49.928,0,"Rite_",4.291,-67.694,0,"AI",40.9,-90.65,0,"AI",0,-109.84,0,"SUGUN",-47.227,-94.486,0,3190.217,-3.518,-23.388,3192.124,2,"가앤슬_",-23.079,-40.847,0,0,,,,,65,2
116,5,0,0,1,0,2,2,0,0,0,255,255,255,63,3210.7,"Pugeuk",R,4,67,103,2.536,-0.267,0.707,1.625,1.402,1.459,-36.586,42.183,2,0,-162.624,0,13.827,0,0,0,6,4,R,"si_ho",190,88.027,0.5,3,34,W,Y,3211.893,255,134,114,124,55,145,87,11.295,-36.05,1,0,0.816,-417.138,277.793,-82.775,-0.113,-36.824,0,"-라후이-",0.107,-17.433,0,"가앤슬_",-23.443,-44.907,0,"_앰프_",-16.266,-63.32,0,"인생최패망자",19.881,-49.665,83,"Rite_",6.411,-68.048,0,"AI",40.9,-90.65,0,"AI",0,-109.84,0,"SUGUN",-48.278,-96.498,0,3212.724,20.103,-49.721,3212.87,4,"인생최패망자",16.811,-44.687,0,0,,,,,10,1
117,6,1,0,1,0,0,0,0,0,0,255,255,255,52,3265.237,"Penguin_iDOL",R,27,89,140,0.277,-0.52,0.3,1.737,0.368,1.244,-36.495,21.989,2,0,127.582,-141.684,0,0,0,1,4,1,R,"-라후이-",190,87,0.498,0,34,W,Y,3266.027,127,160,114,95,48,139,88,48.405,-54.127,-1,0,0.148,234.051,-473.069,283.244,0.167,-37.173,0,"Megarafa",0.006,-17.408,0,"Floră",-11.802,-39.909,0,"YukihiroD",-12.32,-63.465,0,"si_ho",21.591,-48.587,0,"schmoneymikey",10.632,-64.072,0,"shuwaYNZ",38.137,-89.51,0,"3Ducks",0.199,-111.398,0,"AI",-40.8,-90.55,0,3270.324,61.848,-55.134,0,0,"",0,0,0,0,,,,,8,3
118,6,1,0,1,0,1,0,0,0,0,255,255,255,53,3286.296,"Penguin_iDOL",R,26,87,140,-1.71,-0.311,0.011,1.687,-0.881,1.278,-36.495,12.078,1,0,101.417,-154.576,0,0,0,0,4,1,R,"-라후이-",190,87,0.498,0,34,W,Y,0,0,0,0,0,0,0,0,0,0,0,0,0,0,0,0,-0.084,-37.356,0,"Megarafa",-0.29,-17.149,0,"Floră",-19.078,-47.714,0,"YukihiroD",-12.402,-63.429,0,"si_ho",21.404,-48.357,0,"schmoneymikey",7.526,-64.693,0,"shuwaYNZ",38.176,-88.585,0,"3Ducks",0.007,-111.377,0,"AI",-40.8,-90.55,0,0,0,0,0,0,"",0,0,0,0,3287.017,,,,0,0
119,6,1,0,1,1,1,0,0,0,0,255,255,255,54,3301.268,"Penguin_iDOL",R,3,75,115,-1.069,1.17,0.31,1.953,0.265,2.342,-36.495,40.782,2,0,-432.848,0,0,0,0,0,4,1,R,"-라후이-",190,87,0.498,0,34,W,Y,3302.126,147,113,145,86,53,145,121,17.031,6.78,0.8,0,0.118,-392.402,-109.363,13.453,-0.464,-37.054,0,"Megarafa",-0.065,-17.046,0,"Floră",-19.164,-47.856,0,"YukihiroD",-12.404,-63.449,0,"si_ho",21.545,-48.111,0,"schmoneymikey",12.096,-63.809,86,"shuwaYNZ",38.073,-88.827,0,"3Ducks",0.105,-111.332,74,"AI",-40.8,-90.55,0,3304.791,-8.64,-107.001,3307.55,7,"3Ducks",-8.229,-104.628,1,16,,3312.683,,,137,2
120,6,1,0,1,0,0,1,0,0,0,255,255,255,55,3335.583,"Penguin_iDOL",R,10,76,117,-0.579,-0.949,0.189,1.85,-0.258,1.591,-36.495,26.042,0,0,0,390.32,0,0,0,1,5,3,R,"_앰프_",160,80,0.4,0,34,W,Y,0,0,0,0,0,0,0,0,0,0,0,0,0,0,0,0,-0.205,-37.87,0,"Megarafa",-0.178,-17.503,0,"Floră",-20.539,-48.988,0,"YukihiroD",-13.816,-63.07,0,"si_ho",21.059,-48.343,0,"schmoneymikey",9.691,-64.05,0,"shuwaYNZ",35.903,-89.925,0,"3Ducks",-0.273,-108.132,0,"AI",-40.8,-90.55,0,0,0,0,0,0,"",0,0,0,0,3336.644,,,,0,0
121,6,1,0,1,0,1,1,0,0,0,255,255,255,56,3353.144,"Penguin_iDOL",R,26,85,138,-0.883,1.624,0.153,1.937,-0.219,2.169,-36.495,20.676,2,0,41.618,-169.013,0,0,0,1,5,3,R,"_앰프_",160,80,0.4,3,34,W,Y,3354.174,255,51,137,38,20,145,117,23.535,28.15,0.7,0,0.217,423.863,109.016,362.423,0.019,-37.016,0,"Megarafa",0.02,-17.305,0,"Floră",-20.304,-49.436,0,"YukihiroD",-13.625,-63.48,0,"si_ho",21.088,-48.035,0,"schmoneymikey",10.258,-63.752,88,"shuwaYNZ",35.818,-89.918,0,"3Ducks",-0.249,-108.134,0,"AI",-40.8,-90.55,0,3358.19,-52.965,-110.127,3359.857,8,"AI",-51.124,-114.08,1,0,,3363.476,,,9,2
122,6,1,0,1,0,0,1,0,1,0,255,3,255,57,3388.294,"Penguin_iDOL",R,10,73,115,0.813,-1.519,0.274,1.646,0.346,1.144,-36.495,14.238,4,0,0,400,0,0,0,1,6,4,R,"Pugeuk",190,86.173,0.396,0,34,W,Y,0,0,0,0,0,0,0,0,0,0,0,0,0,0,0,0,-0.133,-38.03,0,"Megarafa",0.087,-17.293,0,"Floră",-19.447,-48.491,0,"YukihiroD",-14.409,-62.614,0,"si_ho",19.343,-45.527,0,"schmoneymikey",4.363,-59.734,0,"shuwaYNZ",38.962,-93.501,0,"3Ducks",0.352,-108.064,0,"AI",-40.8,-90.55,0,0,0,0,0,0,"",0,0,0,0,3389.364,3390.672,,,0,0
123,6,1,0,1,0,1,1,0,1,0,255,3,255,58,3408.53,"Penguin_iDOL",R,10,81,122,-0.645,-2.132,0.139,1.514,-0.284,0.717,-36.495,7.88,1,0,0,400,0,-0.135,-19.434,0,6,4,R,"Pugeuk",190,86.173,0.396,0,34,W,Y,0,0,0,0,0,0,0,0,0,0,0,0,0,0,0,0,-0.128,-37.972,0,"Megarafa",-0.08,-17.175,0,"Floră",-19.999,-47.855,0,"YukihiroD",-14.51,-64.156,0,"si_ho",19.458,-45.45,0,"schmoneymikey",3.108,-59.022,0,"shuwaYNZ",38.997,-93.574,0,"3Ducks",0.339,-108.118,0,"AI",-40.8,-90.55,0,0,0,0,0,0,"",0,0,0,0,3409.43,3410.74,,,0,0
124,6,1,0,1,1,1,1,0,1,0,255,3,255,59,3427.982,"Penguin_iDOL",R,13,79,116,-0.12,-1.11,0.331,1.69,0.611,1.288,-36.495,15.545,4,0,-390.434,312.348,0,0,0,1,6,4,R,"Pugeuk",190,86.173,0.396,0,34,W,Y,0,0,0,0,0,0,0,0,0,0,0,0,0,0,0,0,-0.239,-37.926,0,"Megarafa",-0.105,-17.338,0,"Floră",-19.432,-48.405,0,"YukihiroD",-14.474,-64.095,0,"si_ho",19.816,-44.62,0,"schmoneymikey",2.302,-59.024,0,"shuwaYNZ",38.742,-93.315,0,"3Ducks",0.417,-108.136,0,"AI",-40.8,-90.55,0,0,0,0,0,0,"",0,0,0,0,3428.95,3430.555,,,0,0
125,6,1,0,1,1,2,1,0,1,0,255,3,255,60,3445.805,"Penguin_iDOL",R,34,71,123,1.363,0.015,0.436,1.753,0.499,1.588,-36.495,47.079,0,0,51.171,-19.255,0,0,0,0,6,4,R,"Pugeuk",190,86.173,0.396,0,34,W,Y,0,0,0,0,0,0,0,0,0,0,0,0,0,0,0,0,-0.1,-37.812,0,"Megarafa",-0.106,-17.352,0,"Floră",-19.629,-48.546,0,"YukihiroD",-13.422,-64.563,0,"si_ho",19.584,-45.186,0,"schmoneymikey",4.903,-59.174,0,"shuwaYNZ",38.823,-93.274,0,"3Ducks",0.337,-108.143,0,"AI",-40.8,-90.55,0,0,0,0,0,0,"",0,0,0,0,3446.857,3448.546,,,0,0
126,6,1,0,1,0,0,2,0,1,0,255,3,255,61,3469.835,"Penguin_iDOL",R,14,71,112,2.352,-1.339,0.339,1.782,0.674,1.35,-36.495,23.279,1,0,186.045,400,0,0.547,-17.338,0,0,2,R,"가앤슬_",180,83.179,0.2,0,34,W,Y,0,0,0,0,0,0,0,0,0,0,0,0,0,0,0,0,-0.034,-38.167,0,"Megarafa",0.365,-17.482,0,"Floră",-20.733,-49.535,0,"YukihiroD",-13.406,-64.557,0,"si_ho",19.639,-44.992,0,"schmoneymikey",3.456,-59.117,0,"shuwaYNZ",38.756,-93.587,0,"3Ducks",1.014,-106.49,0,"AI",-40.8,-90.55,0,0,0,0,0,0,"",0,0,0,0,3471.07,3472.411,,,0,0
127,6,1,0,1,1,0,2,0,1,0,255,3,255,62,3489.325,"Penguin_iDOL",R,34,75,126,3.991,0.547,0.63,1.848,1.615,1.854,-36.495,46.385,2,0,66.549,-62.69,0,0,0,0,0,2,R,"가앤슬_",180,83.179,0.2,3,34,W,Y,3490.441,132,53,52,63,28,134,77,15.273,10.26,-1,0,0.262,290.335,77.367,-375.098,0.097,-37.198,0,"Megarafa",0.038,-17.078,0,"Floră",-20.909,-49.873,80,"YukihiroD",-13.388,-64.582,101,"si_ho",19.892,-45.987,0,"schmoneymikey",7.134,-60.729,0,"shuwaYNZ",38.612,-93.598,0,"3Ducks",0.72,-106.304,0,"AI",-40.8,-90.55,0,0,0,0,3494.737,3,"YukihiroD",-8.838,-59.976,1,0,,,3496.432,,42,2
128,6,1,0,1,0,0,2,1,0,1,2,255,3,63,3520.995,"Penguin_iDOL",R,3,69,109,-2.432,1.073,0.225,1.943,-0.121,2.289,-36.495,36.609,2,0,-495.455,0,0,0,0,1,1,0,R,"인생최패망자",190,80,0.299,3,34,W,Y,3522.018,221,57,120,104,61,145,100,95.609,-73.038,0.94,0,0.329,429.202,117.033,402.603,-0.419,-37.54,0,"Megarafa",-0.431,-17.267,0,"Floră",-18.658,-44.807,0,"YukihiroD",-12.742,-63.711,0,"si_ho",19.956,-46.29,0,"schmoneymikey",2.327,-60.805,0,"shuwaYNZ",40.508,-92.993,0,"3Ducks",0.137,-106.845,0,"AI",-40.8,-90.55,0,0,0,0,0,0,"",0,0,0,0,,3524.695,3526.032,,8,3
129,6,1,0,1,0,1,2,1,0,1,2,255,3,64,3541.317,"Penguin_iDOL",R,26,78,129,0.081,1.706,0.226,2.091,-0.049,2.478,-36.495,37.255,2,0,50.241,-200,0,0,0,1,1,0,R,"인생최패망자",190,80,0.299,3,34,W,Y,3542.301,128,73,127,79,35,139,83,104.258,48.723,-1,0,0.291,-326.138,11.337,327.52,0.102,-37.128,0,"Megarafa",-0.016,-16.937,0,"Floră",-18.643,-45.349,0,"YukihiroD",-14.833,-63.871,0,"si_ho",19.836,-46.535,0,"schmoneymikey",9.076,-61.345,0,"shuwaYNZ",36.212,-90.267,0,"3Ducks",-0.174,-107.535,0,"AI",-40.8,-90.55,0,3547.67,22.194,-0.951,0,0,"",0,0,0,0,,,3542.135,,8,3
130,6,1,0,1,0,2,2,1,0,1,2,255,3,65,3561.479,"Penguin_iDOL",R,27,79,129,1.264,-0.169,0.292,1.72,0.429,1.384,-36.495,18.284,0,0,74.002,-116.362,0,0,0,1,1,0,R,"인생최패망자",190,80,0.299,0,34,W,Y,0,0,0,0,0,0,0,0,0,0,0,0,0,0,0,0,-0.298,-37.822,0,"Megarafa",0.154,-16.985,0,"Floră",-20.669,-49.697,0,"YukihiroD",-13.232,-63.478,0,"si_ho",19.854,-44.513,0,"schmoneymikey",9.677,-63.25,0,"shuwaYNZ",38.971,-91.623,0,"3Ducks",-0.326,-108.138,0,"AI",-40.8,-90.55,0,0,0,0,0,0,"",0,0,0,0,3562.444,,,,0,0
131,6,0,0,1,0,0,0,0,0,0,255,255,255,64,3616.431,"인생최패망자",R,3,68,96,-0.187,-0.237,1.225,1.443,0.697,1.509,-36.744,53.621,2,0,-436.364,0,0.069,0,0,1,7,7,R,"3Ducks",160,80,0.496,3,34,W,Y,3617.725,255,87,98,82,57,145,100,26.567,18.248,0.89,0.143,0.345,-108.371,-18.703,11.612,0.583,-37.47,0,"-라후이-",-0.105,-17.759,0,"가앤슬_",-21.691,-44.485,0,"_앰프_",-14.675,-58.58,0,"Pugeuk",18.339,-49.058,0,"Rite_",10.342,-66.027,85,"AI",40.9,-90.65,0,"AI",0,-109.84,0,"SUGUN",-46.522,-96.267,113,3621.604,-26.475,-102.641,3626.444,8,"SUGUN",-33.769,-127.07,1,0,,3627.275,3631.967,,46,2
132,6,0,0,1,0,0,0,0,0,1,255,255,17,65,3655.258,"인생최패망자",R,32,85,137,-0.479,0.646,0.885,1.554,-0.536,1.843,-36.744,45.661,2,0,217.243,-148.611,4.702,0,0,1,0,5,L,"schmoneymikey",175,90.046,0.353,3,34,W,Y,3656.374,202,66,56,0,0,84,79,31.89,-28.658,0.1,0,0.327,432.946,-365.325,182.866,0.691,-37.162,0,"-라후이-",-0.119,-17.817,0,"가앤슬_",-23.672,-45.333,0,"_앰프_",-11.354,-61.559,0,"Pugeuk",18.921,-45.133,0,"Rite_",15.037,-63.128,0,"AI",40.9,-90.65,0,"AI",0,-109.84,0,"SUGUN",-48.728,-96.309,126,3660.617,36.922,-76.127,3666.244,2,"가앤슬_",-30.156,-84.495,0,0,,,3659.124,3667.228,10,1
133,6,0,0,2,0,0,1,0,0,0,255,255,255,66,3691.688,"인생최패망자",R,3,70,98,2.012,0.197,1.41,1.525,1.722,1.75,-36.744,79.479,2,0,-419.492,0,7.303,0,0,1,1,3,R,"YukihiroD",174,87.01,0.349,3,34,W,Y,3692.86,255,65,50,89,29,136,76,94.142,-87.599,1,0,0.415,-57.058,241.638,201.03,0.648,-37.143,0,"-라후이-",0.067,-17.369,0,"가앤슬_",-23.377,-44.874,0,"_앰프_",-13.134,-59.39,0,"Pugeuk",17.601,-47.989,0,"Rite_",11.289,-66.987,0,"AI",40.9,-90.65,0,"AI",0,-109.84,0,"SUGUN",-46.668,-95.428,0,0,0,0,0,0,"",0,0,0,0,,,,,2,3
134,6,0,0,2,0,1,1,0,0,0,255,255,255,67,3706.631,"인생최패망자",R,3,73,102,1.413,1.086,1.337,1.783,1.359,2.365,-36.744,71.889,2,0,-389.936,75.289,8.828,0,0,1,1,3,R,"YukihiroD",174,87.01,0.349,3,34,W,Y,3707.815,255,64,77,98,46,145,81,25.878,-37.424,1,0,0.484,256.949,294.848,453.699,0.639,-37.255,0,"-라후이-",-0.016,-17.214,0,"가앤슬_",-23.054,-44.687,0,"_앰프_",-14.476,-59.739,95,"Pugeuk",16.5,-48.243,0,"Rite_",9.474,-65.311,0,"AI",40.9,-90.65,0,"AI",0,-109.84,0,"SUGUN",-46.899,-96.09,0,3711.244,37.804,-77.121,3715.284,3,"_앰프_",3.533,-60.862,0,0,,,,,34,1
135,6,0,0,2,0,0,2,0,0,0,255,255,255,68,3730.331,"인생최패망자",R,32,82,133,2.06,0.569,1.122,1.559,0.569,1.855,-36.744,58.824,1,0,202.316,-100.109,-0.256,0.655,-18.329,0,2,6,R,"shuwaYNZ",181.8,84.856,0.344,0,34,W,Y,0,0,0,0,0,0,0,0,0,0,0,0,0,0,0,0,0.535,-37.47,0,"-라후이-",0.377,-17.73,0,"가앤슬_",-24.725,-46.071,0,"_앰프_",-15.731,-60.763,0,"Pugeuk",16.036,-47.615,0,"Rite_",13.082,-64.561,0,"AI",40.9,-90.65,0,"AI",0,-109.84,0,"SUGUN",-45.45,-94.438,0,0,0,0,0,0,"",0,0,0,0,3732.684,,,,0,0
136,6,0,0,2,1,0,2,0,0,0,255,255,255,69,3744.294,"인생최패망자",R,13,62,92,1.756,0.647,1.341,1.841,1.487,2.558,-36.744,75.575,1,0,-326.545,312.348,2.801,0,0,0,2,6,R,"shuwaYNZ",181.8,84.856,0.344,0,34,W,Y,0,0,0,0,0,0,0,0,0,0,0,0,0,0,0,0,0.581,-37.626,0,"-라후이-",-0.074,-17.471,0,"가앤슬_",-24.727,-46.049,0,"_앰프_",-15.861,-61.401,0,"Pugeuk",16.377,-47.319,0,"Rite_",12.428,-65.075,0,"AI",40.9,-90.65,0,"AI",0,-109.84,0,"SUGUN",-45.803,-94.167,0,0,0,0,0,0,"",0,0,0,0,3744.977,,,,0,0
137,6,0,0,2,2,0,2,0,0,0,255,255,255,70,3758.597,"인생최패망자",R,32,80,131,0.225,0.884,0.955,1.596,-0.208,1.978,-36.744,48.258,0,0,185.949,-167.24,11.608,0,0,0,2,6,R,"shuwaYNZ",181.8,84.856,0.344,0,34,W,Y,0,0,0,0,0,0,0,0,0,0,0,0,0,0,0,0,0.32,-37.704,0,"-라후이-",-0.093,-17.437,0,"가앤슬_",-24.665,-45.976,0,"_앰프_",-15.919,-61.744,0,"Pugeuk",16.557,-47.438,0,"Rite_",11.555,-66,0,"AI",40.9,-90.65,0,"AI",0,-109.84,0,"SUGUN",-46.039,-93.836,0,0,0,0,0,0,"",0,0,0,0,3759.244,,,,0,0
138,6,0,0,2,2,1,2,0,0,0,255,255,255,71,3771.864,"인생최패망자",R,13,83,108,-3.595,-1.785,0.725,1.209,-0.852,0.997,-36.744,45.412,4,0,-383.336,312.348,16.207,-1.494,-17.945,1,2,6,R,"shuwaYNZ",181.8,84.856,0.344,0,34,W,Y,0,0,0,0,0,0,0,0,0,0,0,0,0,0,0,0,0.119,-37.623,0,"-라후이-",-1.088,-17.886,0,"가앤슬_",-24.739,-46.06,0,"_앰프_",-16.169,-61.754,0,"Pugeuk",16.583,-47.294,0,"Rite_",11.017,-65.929,0,"AI",40.9,-90.65,0,"AI",0,-109.84,0,"SUGUN",-46.392,-93.911,0,0,0,0,0,0,"",0,0,0,0,3774.03,,,,0,0
139,6,0,0,2,2,2,2,0,0,0,255,255,255,72,3786.48,"인생최패망자",R,13,74,101,0.35,0.275,1.231,1.761,0.889,2.246,-36.744,59.856,2,0,-369.899,296.148,6.583,0,0,1,2,6,R,"shuwaYNZ",181.8,84.856,0.344,5,34,W,Y,3787.721,159,99,95,59,45,145,128,-30,9.113,0.58,0,0.228,-350.928,-74.985,136.279,0.837,-37.594,0,"-라후이-",0.024,-17.667,0,"가앤슬_",-24.649,-46.019,0,"_앰프_",-15.94,-61.548,87,"Pugeuk",16.423,-47.235,0,"Rite_",9.9,-65.751,0,"AI",40.9,-90.65,0,"AI",0,-109.84,0,"SUGUN",-47.229,-93.355,0,3786.817,-0.238,-21.8,3794.377,7,"AI",-19.134,-134.614,0,0,,3797.772,,,34,2
140,6,0,0,2,0,0,2,0,1,0,255,16,255,73,3822.788,"인생최패망자",R,32,85,138,1.422,0.575,1.067,1.566,0.309,1.87,-36.744,50.445,0,0,200.988,-122.753,5.364,0.524,-19.221,0,3,1,R,"Penguin_iDOL",190,80,0.398,0,34,W,Y,0,0,0,0,0,0,0,0,0,0,0,0,0,0,0,0,0.515,-37.392,0,"-라후이-",0.242,-18.508,0,"가앤슬_",-23.766,-44.972,0,"_앰프_",-16.722,-62.162,0,"Pugeuk",17.952,-48.589,0,"Rite_",3.82,-64.191,0,"AI",40.9,-90.65,0,"AI",0,-109.84,0,"SUGUN",-46.332,-92.295,0,0,0,0,0,0,"",0,0,0,8,3824.63,3825.629,,,0,0
141,6,0,0,2,0,1,2,0,1,0,255,16,255,74,3838.975,"인생최패망자",R,13,76,103,-2.585,-1.356,0.865,1.301,-0.419,1.225,-36.744,58.737,4,0,-365.589,312.348,11.834,0,0,1,3,1,R,"Penguin_iDOL",190,80,0.398,0,34,W,Y,0,0,0,0,0,0,0,0,0,0,0,0,0,0,0,0,0.323,-37.341,0,"-라후이-",-0.279,-17.605,0,"가앤슬_",-23.834,-44.978,0,"_앰프_",-16.649,-61.689,0,"Pugeuk",18.153,-45.972,0,"Rite_",6.999,-66.055,0,"AI",40.9,-90.65,0,"AI",0,-109.84,0,"SUGUN",-45.96,-92.703,0,0,0,0,0,0,"",0,0,0,0,3839.47,,,,0,0
142,6,0,0,2,0,2,2,0,1,0,255,16,255,75,3852.989,"인생최패망자",R,32,82,133,1.861,1.4,1.101,1.73,0.472,2.399,-36.744,66.344,2,0,212.136,-102.535,1.571,0,0,1,3,1,R,"Penguin_iDOL",190,80,0.398,5,68,W,Y,3854.055,94,66,67,63,39,129,130,104.655,-10.543,0.56,0,0.207,-10.145,21.13,88.336,0.641,-36.966,0,"-라후이-",-0.079,-17.702,0,"가앤슬_",-23.833,-44.946,0,"_앰프_",-16.671,-61.733,0,"Pugeuk",17.315,-48.964,0,"Rite_",4.764,-66.084,0,"AI",40.9,-90.65,0,"AI",0,-109.84,0,"SUGUN",-45.523,-93.211,0,0,0,0,0,0,"",0,0,0,0,,3857.922,,,2,3
143,6,0,0,2,0,2,2,0,1,0,255,16,255,76,3871.774,"인생최패망자",R,3,78,104,-3.009,-1.275,0.834,1.273,-0.515,1.165,-36.744,54.82,4,0,-415.214,239.021,1.369,-1.471,-18.394,1,3,1,R,"Penguin_iDOL",190,80,0.398,0,68,W,Y,0,0,0,0,0,0,0,0,0,0,0,0,0,0,0,0,0.414,-37.441,0,"-라후이-",-1.085,-18.505,0,"가앤슬_",-23.334,-44.994,0,"_앰프_",-15.688,-61.828,0,"Pugeuk",18.108,-46.502,0,"Rite_",2.498,-63.854,0,"AI",40.9,-90.65,0,"AI",0,-109.84,0,"SUGUN",-46.02,-92.817,0,0,0,0,0,0,"",0,0,0,0,3873.524,3874.468,,,0,0
144,7,1,0,2,0,0,0,0,0,0,255,255,255,66,3903.491,"Floră",R,10,60,93,0.066,-2.381,0.213,1.677,0.023,1.038,-36.344,27.597,2,0,0,400,5.053,0,0,1,2,5,R,"Rite_",167.1,80,0.453,3,34,W,Y,3904.706,255,81,67,83,94,142,77,-9.092,15.801,1,0,0.455,-254.414,374.97,-15.507,-0.198,-37.667,0,"Penguin_iDOL",-0.065,-17.429,0,"Megarafa",-20.516,-44.928,53,"YukihiroD",-15.761,-61.686,99,"si_ho",21.589,-48.758,0,"schmoneymikey",10.625,-64.298,0,"shuwaYNZ",36.718,-87.746,0,"3Ducks",0.52,-111.057,0,"AI",-40.8,-90.55,0,3903.764,-0.12,-21.414,3906.444,3,"YukihiroD",-8.546,-58.872,0,0,,,,,50,2
145,7,1,0,2,0,0,1,0,0,0,255,255,255,67,3940.818,"Floră",R,3,50,85,1.13,1.049,0.725,1.836,1.303,2.299,-36.344,35.735,2,0,-321.556,0,9.969,0,0,1,3,8,R,"SUGUN",190,81.662,0.502,3,34,W,Y,3942.451,255,26,133,41,14,145,127,-30,9.671,0.26,0,0.195,-383.205,241.263,34.512,-0.237,-37.704,0,"Penguin_iDOL",0.036,-17.299,0,"Megarafa",-19.474,-44.535,84,"YukihiroD",-13.737,-61.743,106,"si_ho",21.102,-47.769,0,"schmoneymikey",11.31,-62.898,0,"shuwaYNZ",38.14,-88.556,0,"3Ducks",-0.118,-105.233,0,"AI",-40.8,-90.55,0,3941.657,-0.205,-22.362,3944.937,3,"YukihiroD",-6.74,-60.961,0,0,,,,,50,2
146,7,1,0,2,0,0,2,0,0,0,255,255,255,68,3970.362,"Floră",R,1,47,104,-0.056,1.336,0.401,2.047,0.181,2.998,-36.344,53.754,1,0,-3.46,1.717,-0.321,0.678,-18.21,0,4,1,R,"-라후이-",190,87,0.498,0,34,W,Y,0,0,0,0,0,0,0,0,0,0,0,0,0,0,0,0,-0.137,-37.779,0,"Penguin_iDOL",-0.005,-16.941,0,"Megarafa",-20.208,-44.486,0,"YukihiroD",-15.267,-62.346,0,"si_ho",21.32,-47.956,0,"schmoneymikey",10.803,-63.132,0,"shuwaYNZ",40.99,-93.753,0,"3Ducks",0.01,-105.932,0,"AI",-40.8,-90.55,0,0,0,0,0,0,"",0,0,0,16,3972.497,,,,0,0
147,7,1,0,2,1,0,2,0,0,0,255,255,255,69,3986.308,"Floră",R,1,48,105,1.395,0.452,0.429,1.874,0.499,2.099,-36.344,52.144,0,0,-4.038,4.968,-3.432,0,0,1,4,1,R,"-라후이-",190,87,0.498,0,34,W,Y,0,0,0,0,0,0,0,0,0,0,0,0,0,0,0,0,-0.036,-37.637,0,"Penguin_iDOL",0.081,-17.012,0,"Megarafa",-20.112,-44.396,0,"YukihiroD",-13.2,-63.008,0,"si_ho",21.333,-47.927,0,"schmoneymikey",10.062,-64.381,0,"shuwaYNZ",40.382,-94.701,0,"3Ducks",0.15,-105.995,0,"AI",-40.8,-90.55,0,0,0,0,0,0,"",0,0,0,0,3986.684,,,,0,0
148,7,1,0,2,1,1,2,0,0,0,255,255,255,70,4001.885,"Floră",R,10,69,112,0.348,-0.879,0.231,1.676,0.145,1.559,-36.344,32.145,0,0,0,400,3.032,0,0,0,4,1,R,"-라후이-",190,87,0.498,0,34,W,Y,0,0,0,0,0,0,0,0,0,0,0,0,0,0,0,0,0,-37.462,0,"Penguin_iDOL",-0.013,-17.235,0,"Megarafa",-20.105,-44.404,0,"YukihiroD",-13.914,-62.62,0,"si_ho",21.318,-47.897,0,"schmoneymikey",8.162,-64.546,0,"shuwaYNZ",39.712,-94.827,0,"3Ducks",0.094,-106.032,0,"AI",-40.8,-90.55,0,0,0,0,0,0,"",0,0,0,0,4002.271,,,,0,0
149,7,1,0,2,1,2,2,0,0,0,255,255,255,71,4015.991,"Floră",R,3,67,110,-2.099,0.535,0.164,1.807,-0.169,1.983,-36.344,28.157,1,0,-414.759,24.484,13.67,0,0,0,4,1,R,"-라후이-",190,87,0.498,0,34,W,Y,0,0,0,0,0,0,0,0,0,0,0,0,0,0,0,0,-0.395,-37.454,0,"Penguin_iDOL",-0.397,-16.899,0,"Megarafa",-20.121,-44.366,0,"YukihiroD",-13.874,-62.502,0,"si_ho",21.178,-48.099,0,"schmoneymikey",8.178,-63.754,0,"shuwaYNZ",39.876,-96.201,0,"3Ducks",0.163,-105.663,0,"AI",-40.8,-90.55,0,0,0,0,0,0,"",0,0,0,0,4016.391,,,,0,0
150,7,0,0,2,0,0,0,0,0,0,255,255,255,77,4049.959,"인생최패망자",R,3,67,97,1.626,-0.416,1.276,1.415,1.561,1.398,-36.744,96.293,1,0,-415.373,0,5.292,0,0,0,4,2,L,"Megarafa",175.4,90,0.498,0,34,W,Y,0,0,0,0,0,0,0,0,0,0,0,0,0,0,0,0,0.472,-37.264,0,"-라후이-",0.018,-17.562,0,"가앤슬_",-23.897,-45.637,0,"_앰프_",-12.177,-63.73,0,"Pugeuk",19.663,-47.17,0,"Rite_",16.494,-63.415,0,"AI",40.9,-90.65,0,"AI",0,-109.84,0,"SUGUN",-46.694,-93.248,0,0,0,0,0,0,"",0,0,0,0,4050.804,,,,0,0
151,7,0,0,2,1,0,0,0,0,0,255,255,255,78,4062.139,"인생최패망자",R,3,63,93,0.09,-0.684,1.301,1.359,0.956,1.249,-36.744,69.464,2,0,-422.727,0,-7.039,0,0,1,4,2,L,"Megarafa",175.4,90,0.498,3,34,W,Y,4063.367,163,103,58,128,51,137,117,-30,25.212,0.19,0,0.163,-428.513,164.188,186.471,0.54,-37.521,0,"-라후이-",-0.159,-17.76,0,"가앤슬_",-23.381,-46.052,86,"_앰프_",-12.06,-63.663,88,"Pugeuk",19.531,-47.756,0,"Rite_",15.856,-62.232,0,"AI",40.9,-90.65,0,"AI",0,-109.84,0,"SUGUN",-46.263,-93.779,0,4062.604,-0.503,-21.796,4064.524,3,"_앰프_",-16.868,-59.358,0,0,,,,,35,2
152,7,0,0,2,0,0,1,0,0,0,255,255,255,79,4084.096,"인생최패망자",R,32,83,134,0.307,0.496,0.956,1.55,-0.207,1.818,-36.56,46.699,2,0,219.992,-121.145,8.682,0,0,1,5,0,R,"Floră",190,86,0.403,5,90,W,Y,4085.461,143,74,138,98,24,145,88,59.864,4.664,-0.95,0,0.398,442.232,145.746,-231.569,0.482,-37.2,0,"-라후이-",-0.084,-17.621,0,"가앤슬_",-22.665,-44.566,0,"_앰프_",-14.612,-61.132,90,"Pugeuk",18.248,-48.06,0,"Rite_",9.413,-65.175,0,"AI",40.9,-90.65,0,"AI",0,-109.84,0,"SUGUN",-48.352,-95.57,0,0,0,0,4090.91,3,"_앰프_",-3.488,-64.036,0,0,,,,,34,1
153,7,0,0,2,0,0,2,0,0,0,255,255,255,80,4108.928,"인생최패망자",R,32,86,139,0.526,0.683,0.974,1.589,-0.122,1.943,-36.744,50.407,0,0,239.191,-117.268,9.078,0,0,0,6,4,R,"si_ho",190,88.027,0.5,0,34,W,Y,0,0,0,0,0,0,0,0,0,0,0,0,0,0,0,0,0.448,-37.356,0,"-라후이-",0.006,-17.548,0,"가앤슬_",-23.226,-44.987,0,"_앰프_",-15.308,-61.8,0,"Pugeuk",16.945,-47.821,0,"Rite_",8.245,-65.435,0,"AI",40.9,-90.65,0,"AI",-2.237,-80.987,0,"SUGUN",-49.749,-95.709,0,0,0,0,0,0,"",0,0,0,0,4109.51,,,,0,0
154,7,0,0,2,0,1,2,0,0,0,255,255,255,81,4120.965,"인생최패망자",R,3,74,101,-2.565,-0.505,0.928,1.348,-0.223,1.326,-36.744,66.515,4,0,-454.075,0,-1.849,0,0,1,6,4,R,"si_ho",190,88.027,0.5,0,34,W,Y,0,0,0,0,0,0,0,0,0,0,0,0,0,0,0,0,0.352,-37.525,0,"-라후이-",-0.335,-17.662,0,"가앤슬_",-23.13,-44.903,0,"_앰프_",-15.32,-61.888,0,"Pugeuk",17.289,-48.315,0,"Rite_",7.544,-66.518,0,"AI",40.9,-90.65,0,"AI",0,-109.84,0,"SUGUN",-49.728,-95.754,0,0,0,0,0,0,"",0,0,0,0,4121.684,,,,0,0
155,7,0,0,2,0,2,2,0,0,0,255,255,255,82,4133.095,"인생최패망자",R,3,64,96,0.183,0.933,1.27,1.764,0.836,2.225,-36.744,58.864,2,0,-366.504,0.944,2.858,0,0,1,6,4,R,"si_ho",190,88.027,0.5,3,34,W,Y,4134.385,255,115,138,108,107,145,87,-30,64.397,1,0,0.929,150.699,-504.359,104.481,0.727,-37.51,0,"-라후이-",-0.161,-17.627,0,"가앤슬_",-23.207,-44.979,0,"_앰프_",-16.04,-61.408,0,"Pugeuk",17.13,-48.383,0,"Rite_",7.509,-66.451,0,"AI",40.9,-90.65,0,"AI",0,-109.84,0,"SUGUN",-50.101,-95.644,0,4133.63,-4.423,-23.273,0,0,"",0,0,0,0,,,,,2,3
156,7,0,0,2,0,2,2,0,0,0,255,255,255,83,4147.481,"인생최패망자",R,3,74,101,-3.099,-1.091,0.846,1.268,-0.476,1.152,-36.744,58.545,4,0,-441.885,135.604,-8.019,0,0,1,6,4,R,"si_ho",190,88.027,0.5,0,34,W,Y,0,0,0,0,0,0,0,0,0,0,0,0,0,0,0,0,0.481,-37.412,0,"-라후이-",-0.235,-17.58,0,"가앤슬_",-23.21,-45.147,0,"_앰프_",-16.443,-61.742,0,"Pugeuk",18.292,-47.436,0,"Rite_",7.013,-66.657,0,"AI",40.9,-90.65,0,"AI",0,-109.84,0,"SUGUN",-48.375,-94.099,0,0,0,0,0,0,"",0,0,0,0,4148.217,,,,0,0
157,8,1,0,2,0,0,0,0,0,0,255,255,255,72,4194.084,"Floră",R,27,80,130,1.364,0.556,0.271,1.734,0.47,1.778,-36.344,30.243,0,0,84.585,-100.078,0.109,0,0,0,5,3,R,"_앰프_",160,80,0.4,0,34,W,Y,0,0,0,0,0,0,0,0,0,0,0,0,0,0,0,0,0.052,-37.797,0,"Penguin_iDOL",0.127,-16.781,0,"Megarafa",-18.939,-44.17,0,"YukihiroD",-13.492,-62.997,0,"si_ho",21.523,-48.194,0,"schmoneymikey",11.942,-65.187,0,"shuwaYNZ",36.334,-87.746,0,"3Ducks",-0.113,-111.011,0,"AI",-40.8,-90.55,0,0,0,0,0,0,"",0,0,0,0,4194.657,,,,0,0
158,8,1,0,2,0,1,0,0,0,0,255,255,255,73,4211.191,"Floră",R,10,65,109,1.981,-1.71,0.283,1.763,0.854,1.265,-36.344,37.617,1,0,0,400,0.66,0,0,0,5,3,R,"_앰프_",160,80,0.4,0,34,W,Y,0,0,0,0,0,0,0,0,0,0,0,0,0,0,0,0,-0.157,-37.689,0,"Penguin_iDOL",0.134,-17.372,0,"Megarafa",-18.878,-44.096,0,"YukihiroD",-14.284,-62.627,0,"si_ho",21.633,-48.257,0,"schmoneymikey",9.413,-64.444,0,"shuwaYNZ",38.662,-89.145,0,"3Ducks",0.11,-110.667,0,"AI",-40.8,-90.55,0,0,0,0,0,0,"",0,0,0,0,4211.857,,,,0,0
159,8,1,0,2,1,1,0,0,0,0,255,255,255,74,4225.144,"Floră",R,10,58,104,1.183,-1.371,0.26,1.795,0.508,1.489,-36.344,35.523,1,0,0,400,0.297,0.212,-18.071,0,5,3,R,"_앰프_",160,80,0.4,0,34,W,Y,0,0,0,0,0,0,0,0,0,0,0,0,0,0,0,0,-0.218,-37.761,0,"Penguin_iDOL",0.086,-17.436,0,"Megarafa",-18.855,-44.07,0,"YukihiroD",-13.949,-62.762,0,"si_ho",21.612,-48.229,0,"schmoneymikey",10.102,-64.911,0,"shuwaYNZ",39.007,-91.8,0,"3Ducks",-0.014,-110.866,0,"AI",-40.8,-90.55,0,0,0,0,0,0,"",0,0,0,0,4225.844,,,,0,0
160,8,1,0,2,2,1,0,0,0,0,255,255,255,75,4240.425,"Floră",R,10,42,81,0.883,0.882,0.355,2.118,0.374,2.885,-36.344,50.53,0,0,0,393.495,-0.311,-0.211,-17.998,0,5,3,R,"_앰프_",160,80,0.4,0,34,W,Y,0,0,0,0,0,0,0,0,0,0,0,0,0,0,0,0,-0.239,-37.995,0,"Penguin_iDOL",0.044,-17.4,0,"Megarafa",-18.939,-44.156,0,"YukihiroD",-13.947,-62.751,0,"si_ho",21.505,-48.381,0,"schmoneymikey",11.924,-64.988,0,"shuwaYNZ",39.166,-91.629,0,"3Ducks",0.187,-109.427,0,"AI",-40.8,-90.55,0,0,0,0,0,0,"",0,0,0,0,4243.337,,,,0,0
161,8,1,0,2,2,2,0,0,0,0,255,255,255,76,4261.396,"Floră",R,13,73,112,-0.436,-0.088,0.288,1.647,0.411,2.027,-36.344,33.925,2,0,-367.724,338.791,3.517,0,0,1,5,3,R,"_앰프_",160,80,0.4,3,34,W,Y,4262.49,255,94,68,79,54,142,95,93.602,-85.341,0.05,0,0.244,88.838,91.969,583.729,-0.435,-37.166,0,"Penguin_iDOL",-0.08,-17.403,0,"Megarafa",-18.821,-44.024,0,"YukihiroD",-13.987,-62.74,0,"si_ho",21.458,-48.345,0,"schmoneymikey",11.739,-64.761,0,"shuwaYNZ",38.976,-91.787,0,"3Ducks",-0.293,-109.501,0,"AI",-40.8,-90.55,0,0,0,0,0,0,"",0,0,0,0,,,,,32,3
162,8,1,0,2,2,2,0,0,0,0,255,255,255,77,4276.513,"Floră",R,3,56,102,0.971,1.414,0.393,1.812,1.149,2.361,-36.344,49.551,1,0,-394.709,0,2.985,0,0,0,5,3,R,"_앰프_",160,80,0.4,0,34,W,Y,0,0,0,0,0,0,0,0,0,0,0,0,0,0,0,0,-0.14,-37.981,0,"Penguin_iDOL",0.031,-17.132,0,"Megarafa",-18.383,-43.059,0,"YukihiroD",-13.627,-63.795,0,"si_ho",21.418,-48.049,0,"schmoneymikey",10.31,-64.015,0,"shuwaYNZ",41.678,-93.412,0,"3Ducks",0.232,-107.746,0,"AI",-40.8,-90.55,0,0,0,0,0,0,"",0,0,0,0,4277.19,,,,0,0
163,8,1,0,2,3,2,0,0,0,0,255,255,255,78,4292.829,"Floră",R,3,46,82,1.832,1.941,0.759,1.971,1.516,2.721,-36.344,47.016,1,0,-310.222,32.913,8.648,0,0,0,5,3,R,"_앰프_",160,80,0.4,0,34,W,Y,0,0,0,0,0,0,0,0,0,0,0,0,0,0,0,0,0.062,-37.72,0,"Penguin_iDOL",0.1,-17.369,0,"Megarafa",-18.496,-43.039,0,"YukihiroD",-13.58,-63.85,0,"si_ho",21.441,-48.062,0,"schmoneymikey",12.439,-64.232,0,"shuwaYNZ",41.774,-94.541,0,"3Ducks",0.181,-107.819,0,"AI",-40.8,-90.55,0,0,0,0,0,0,"",0,0,0,0,4293.831,,,,0,5
164,8,1,0,2,0,0,0,1,0,0,3,255,255,79,4319.506,"Floră",R,33,74,125,3.68,1.017,0.448,1.822,1.385,2.161,-36.344,43.516,4,0,131.31,-83.312,0.813,1.848,-18.338,1,6,4,R,"Pugeuk",190,86.173,0.396,0,34,W,Y,0,0,0,0,0,0,0,0,0,0,0,0,0,0,0,0,0.031,-37.467,0,"Penguin_iDOL",0.739,-17.493,0,"Megarafa",-18.97,-42.687,0,"YukihiroD",-14.066,-63.328,0,"si_ho",21.391,-48.077,0,"schmoneymikey",9.199,-65.152,0,"shuwaYNZ",41.398,-95.798,0,"3Ducks",-0.071,-109.296,0,"AI",-40.8,-90.55,0,0,0,0,0,0,"",0,0,0,0,4321.604,,,,0,0
165,8,1,0,2,0,1,0,1,0,0,3,255,255,80,4339.87,"Floră",R,0,39,87,0.573,1.965,0.347,2.201,0.239,2.862,-36.344,51.058,2,0,0,0,-2.937,0,0,1,6,4,R,"Pugeuk",190,86.173,0.396,5,34,W,Y,4341.1,114,55,118,33,16,137,130,29.196,2.048,0.51,0,0.604,532.009,48.971,-203.742,-0.02,-37.816,0,"Penguin_iDOL",-0.014,-17.223,0,"Megarafa",-17.877,-42.968,0,"YukihiroD",-14.211,-62.759,0,"si_ho",20.673,-46.975,0,"schmoneymikey",7.698,-64.059,0,"shuwaYNZ",39.274,-95.812,0,"3Ducks",0.017,-109.034,0,"AI",-40.8,-90.55,0,4346.23,-4.434,-143.437,0,0,"",0,0,0,0,,4346.001,4351.486,4356.054,32,4
166,8,1,2,2,0,0,0,0,0,0,255,255,255,81,4383.708,"Floră",R,1,43,89,-1.962,-0.765,0.298,1.919,-0.394,1.722,-36.344,37.262,2,0,-1.921,2.726,-0.514,0,0,1,0,2,R,"가앤슬_",180,83.179,0.2,3,34,W,Y,4385.05,255,80,90,87,75,145,83,-30,57.746,1,0,0.567,34.935,-300.056,-354.183,-0.052,-37.553,0,"Penguin_iDOL",-0.31,-17.404,0,"Megarafa",-19.021,-44.246,0,"YukihiroD",-12.336,-64.021,0,"si_ho",20.924,-47.27,0,"schmoneymikey",10.215,-64.438,0,"shuwaYNZ",38.955,-92.769,0,"3Ducks",-0.353,-107.001,0,"AI",-40.8,-90.55,0,4384.271,-2.343,-22.303,0,0,"",0,0,0,0,,,,,32,0
167,8,1,2,2,0,1,0,0,0,0,255,255,255,82,4398.405,"Floră",R,1,45,103,-1.118,2.081,0.262,1.971,-0.433,2.614,-36.344,34.523,1,0,-1.345,3.557,-5.698,0,0,0,0,2,R,"가앤슬_",180,83.179,0.2,0,73,W,Y,0,0,0,0,0,0,0,0,0,0,0,0,0,0,0,0,-0.259,-37.907,0,"Penguin_iDOL",-0.334,-16.72,0,"Megarafa",-19.011,-43.879,0,"YukihiroD",-13.924,-63.419,0,"si_ho",21.086,-47.186,0,"schmoneymikey",12.123,-64.194,0,"shuwaYNZ",38.647,-92.347,0,"3Ducks",-0.273,-107.743,0,"AI",-40.8,-90.55,0,0,0,0,0,0,"",0,0,0,0,4399.217,,,,0,0
168,8,1,2,2,1,1,0,0,0,0,255,255,255,83,4415.889,"Floră",R,33,77,128,1.257,0.887,0.267,1.659,0.312,2.026,-36.344,27.128,0,0,148.081,-105.232,-0.428,0,0,1,0,2,R,"가앤슬_",180,83.179,0.2,0,73,W,Y,0,0,0,0,0,0,0,0,0,0,0,0,0,0,0,0,0.106,-37.894,0,"Penguin_iDOL",0.133,-17.338,0,"Megarafa",-18.934,-43.788,0,"YukihiroD",-13.955,-63.398,0,"si_ho",21.193,-47.635,0,"schmoneymikey",8.647,-64.852,0,"shuwaYNZ",38.333,-93.155,0,"3Ducks",-0.265,-107.643,0,"AI",-40.8,-90.55,0,0,0,0,0,0,"",0,0,0,0,4416.524,,,,0,0
169,8,1,2,2,1,2,0,0,0,0,255,255,255,84,4430.664,"Floră",R,3,61,106,-1.833,0.022,0.198,1.736,-0.009,1.63,-36.344,30.801,1,0,-405.418,0,1.169,-1.121,-12.545,0,0,2,R,"가앤슬_",180,83.179,0.2,0,73,W,Y,0,0,0,0,0,0,0,0,0,0,0,0,0,0,0,0,-0.138,-37.707,0,"Penguin_iDOL",-0.638,-17.387,0,"Megarafa",-18.974,-43.784,0,"YukihiroD",-13.723,-63.492,0,"si_ho",21.071,-47.726,0,"schmoneymikey",8.995,-64.518,0,"shuwaYNZ",38.1,-93.351,0,"3Ducks",-0.021,-109.091,0,"AI",-40.8,-90.55,0,0,0,0,0,0,"",0,0,0,0,4432.59,,,,0,0
170,8,1,2,2,2,2,0,0,0,0,255,255,255,85,4448.113,"Floră",R,1,46,104,-0.429,-2.256,0.316,1.87,-0.141,1.666,-36.344,36.948,4,0,-2.451,2.771,-4.084,-0.148,-17.833,1,0,2,R,"가앤슬_",180,83.179,0.2,0,73,W,Y,0,0,0,0,0,0,0,0,0,0,0,0,0,0,0,0,-0.008,-38.208,0,"Penguin_iDOL",0.006,-17.458,0,"Megarafa",-19.029,-43.832,0,"YukihiroD",-13.739,-63.468,0,"si_ho",21.2,-47.758,0,"schmoneymikey",8.431,-64.073,0,"shuwaYNZ",38.113,-93.293,0,"3Ducks",0.239,-109.584,0,"AI",-40.8,-90.55,0,0,0,0,0,0,"",0,0,0,1,4450.044,,,,0,0
171,8,1,2,2,0,0,1,0,0,0,255,255,255,86,4472.782,"Floră",R,26,82,133,-0.29,-1.081,0.14,1.459,-0.278,0.76,-36.344,22.727,1,0,99.63,-183.276,11.561,0,0,0,1,0,R,"인생최패망자",190,80,0.299,0,34,W,Y,0,0,0,0,0,0,0,0,0,0,0,0,0,0,0,0,-0.097,-37.834,0,"Penguin_iDOL",-0.115,-17.271,0,"Megarafa",-18.767,-44.423,0,"YukihiroD",-13.751,-63.484,0,"si_ho",21.275,-47.993,0,"schmoneymikey",8.959,-64.521,0,"shuwaYNZ",37.497,-91.962,0,"3Ducks",0.265,-109.269,0,"AI",-40.8,-90.55,0,0,0,0,0,0,"",0,0,0,0,4473.204,,,,0,0
172,8,1,2,2,1,0,1,0,0,0,255,255,255,87,4487.375,"Floră",R,26,78,129,3.555,-0.002,0.43,1.664,1.398,1.459,-36.344,37.641,1,0,90.228,-151.704,-6.157,1.015,-18.712,0,1,0,R,"인생최패망자",190,80,0.299,0,34,W,Y,0,0,0,0,0,0,0,0,0,0,0,0,0,0,0,0,0.22,-37.664,0,"Penguin_iDOL",0.58,-17.111,0,"Megarafa",-18.701,-44.364,0,"YukihiroD",-13.694,-63.51,0,"si_ho",21.28,-47.994,0,"schmoneymikey",10.084,-65.086,0,"shuwaYNZ",38.54,-93.647,0,"3Ducks",0.503,-109.333,0,"AI",-40.8,-90.55,0,0,0,0,0,0,"",0,0,0,0,4490.657,,,,0,0
173,8,1,2,2,2,0,1,0,0,0,255,255,255,88,4505.084,"Floră",R,10,73,114,-0.714,-0.076,0.167,1.679,-0.153,2.072,-36.344,25.298,0,0,-90.726,400,11.845,0,0,0,1,0,R,"인생최패망자",190,80,0.299,0,34,W,Y,0,0,0,0,0,0,0,0,0,0,0,0,0,0,0,0,-0.134,-37.829,0,"Penguin_iDOL",-0.072,-17.165,0,"Megarafa",-18.645,-44.295,0,"YukihiroD",-13.687,-63.465,0,"si_ho",21.309,-47.934,0,"schmoneymikey",9.47,-65.252,0,"shuwaYNZ",37.757,-94.487,0,"3Ducks",0.516,-110.269,0,"AI",-40.8,-90.55,0,0,0,0,0,0,"",0,0,0,0,4505.684,,,,0,0
174,8,1,2,2,2,1,1,0,0,0,255,255,255,89,4519.904,"Floră",R,13,81,118,-0.735,-0.375,0.262,1.594,0.29,1.797,-36.344,15.965,0,0,-359.329,347.682,27.424,-0.079,-18.975,0,1,0,R,"인생최패망자",190,80,0.299,0,34,W,Y,0,0,0,0,0,0,0,0,0,0,0,0,0,0,0,0,-0.041,-37.838,0,"Penguin_iDOL",-0.255,-17.66,0,"Megarafa",-20.488,-46.906,0,"YukihiroD",-13.69,-63.531,0,"si_ho",21.314,-47.947,0,"schmoneymikey",8.494,-65.424,0,"shuwaYNZ",37.917,-94.308,0,"3Ducks",0.493,-112.136,0,"AI",-40.8,-90.55,0,0,0,0,0,0,"",0,0,0,0,4522.764,,,,0,0
175,8,1,2,2,2,2,1,0,0,0,255,255,255,90,4537.124,"Floră",R,33,80,131,1.721,0.272,0.325,1.752,0.582,1.702,-36.344,37.88,2,0,104.859,-77.23,-4.086,0,0,1,1,0,R,"인생최패망자",190,80,0.299,3,34,W,Y,4538.119,169,121,117,102,54,145,87,59.115,-56.914,-1,0,0.402,-163.981,332.025,-416.895,-0.046,-37.279,0,"Penguin_iDOL",0.213,-17.263,0,"Megarafa",-20.306,-46.468,0,"YukihiroD",-13.719,-63.536,0,"si_ho",21.27,-47.926,0,"schmoneymikey",10.547,-65.246,0,"shuwaYNZ",37.767,-94.424,0,"3Ducks",0.486,-112.21,0,"AI",-40.8,-90.55,0,4541.831,49.683,-58.405,0,0,"",0,0,0,0,,,,,32,3
176,8,1,2,2,2,2,1,0,0,0,255,255,255,91,4552.92,"Floră",R,1,48,105,0.64,0.229,0.392,2.164,0.372,2.439,-36.344,51.662,2,1,-3.348,4.3,-5.545,0,0,1,1,0,R,"인생최패망자",190,80,0.299,3,34,W,Y,4554.011,236,127,124,19,0,145,87,-50.415,-39.738,-1,0,0.497,-358.115,-212.768,-156.438,-0.034,-37.809,0,"Penguin_iDOL",-0.011,-17.224,0,"Megarafa",-20.267,-45.346,85,"YukihiroD",-14.62,-62.951,0,"si_ho",21.456,-47.827,120,"schmoneymikey",11.447,-64.674,0,"shuwaYNZ",39.098,-94.359,0,"3Ducks",0.432,-112.116,0,"AI",-40.8,-90.55,0,4553.137,0.825,-20.888,4555.391,4,"si_ho",18.441,-41.973,0,0,,,,,112,2
177,8,1,2,2,0,0,2,0,0,0,255,255,255,92,4583.662,"Floră",R,10,46,83,-0.442,0.066,0.208,1.97,-0.198,2.378,-36.344,32.777,0,0,0,350.5,2.071,0,0,1,2,5,R,"Rite_",167.1,80,0.453,0,46,W,Y,0,0,0,0,0,0,0,0,0,0,0,0,0,0,0,0,-0.174,-37.833,0,"Penguin_iDOL",-0.021,-17.128,0,"Megarafa",-20.706,-45.439,0,"YukihiroD",-14.358,-61.808,0,"si_ho",20.632,-47.546,0,"schmoneymikey",10.242,-64.892,0,"shuwaYNZ",37.233,-92.219,0,"3Ducks",0.008,-112.648,0,"AI",-40.8,-90.55,0,0,0,0,0,0,"",0,0,0,0,4584.524,,,,0,0
178,8,1,2,2,0,1,2,0,0,0,255,255,255,93,4601.888,"Floră",R,1,51,108,1.322,-0.052,0.381,1.829,0.223,2.085,-36.344,42.959,2,0,-3.366,4.927,-3.086,0,0,1,2,5,R,"Rite_",167.1,80,0.453,3,46,W,Y,4603.006,255,142,78,107,62,145,79,39.264,21.14,-1,0,0.368,345.786,367.751,324.332,-0.084,-37.406,0,"Penguin_iDOL",-0.021,-17.362,0,"Megarafa",-20.639,-45.333,0,"YukihiroD",-14.308,-61.788,0,"si_ho",20.615,-47.69,0,"schmoneymikey",9.678,-64.919,0,"shuwaYNZ",40.183,-93.935,0,"3Ducks",0.002,-112.648,0,"AI",-40.8,-90.55,0,0,0,0,4606.924,3,"YukihiroD",-26.304,-70.699,0,0,,,,,2,1
179,8,0,2,2,0,0,0,0,0,0,255,255,255,84,4637.844,"인생최패망자",R,13,63,93,0.293,0.198,1.2,1.711,0.897,2.256,-36.744,63.732,0,0,-352.793,275.456,-11.055,0,0,0,7,7,R,"3Ducks",160,80,0.496,0,34,W,Y,0,0,0,0,0,0,0,0,0,0,0,0,0,0,0,0,-0.016,-37.728,0,"-라후이-",-0.064,-17.631,0,"가앤슬_",-23.215,-45.256,0,"_앰프_",-15.753,-60.652,0,"Pugeuk",17.315,-48.491,0,"Rite_",11.938,-65.666,0,"AI",40.9,-90.65,0,"AI",0,-109.84,0,"SUGUN",-47.792,-95.435,0,0,0,0,0,0,"",0,0,0,0,4638.71,,,,0,0
180,8,0,2,2,0,1,0,0,0,0,255,255,255,85,4649.579,"인생최패망자",R,32,89,140,0.14,0.683,0.933,1.529,-0.31,1.765,-36.744,39.302,0,0,250,-190.094,15.741,-1.097,-18.869,0,7,7,R,"3Ducks",160,80,0.496,0,34,W,Y,0,0,0,0,0,0,0,0,0,0,0,0,0,0,0,0,0.455,-37.265,0,"-라후이-",-0.398,-18.26,0,"가앤슬_",-23.3,-45.216,0,"_앰프_",-16.118,-62.662,0,"Pugeuk",17.555,-48.523,0,"Rite_",12.119,-66.136,0,"AI",40.9,-90.65,0,"AI",0,-109.84,0,"SUGUN",-47.832,-95.361,0,0,0,0,0,0,"",0,0,0,0,4651.337,,,,0,0
181,8,0,2,2,0,2,0,0,0,0,255,255,255,86,4661.71,"인생최패망자",R,3,72,100,-1.723,-0.589,0.91,1.419,0.172,1.317,-36.744,72.037,4,0,-454.546,0,-4.914,0,0,1,7,7,R,"3Ducks",160,80,0.496,0,34,W,Y,0,0,0,0,0,0,0,0,0,0,0,0,0,0,0,0,0.682,-37.587,0,"-라후이-",-0.351,-17.618,0,"가앤슬_",-23.084,-45.351,0,"_앰프_",-16.129,-62.679,0,"Pugeuk",17.327,-47.865,0,"Rite_",10.803,-65.127,0,"AI",40.9,-90.65,0,"AI",0,-109.84,0,"SUGUN",-47.647,-95.635,0,0,0,0,0,0,"",0,0,0,0,4662.604,,,,0,0
182,8,0,2,2,0,0,1,0,0,0,255,255,255,87,4682.246,"인생최패망자",R,32,84,137,-0.308,0.857,0.893,1.575,-0.498,1.917,-36.744,47.721,0,0,244.027,-200,8.802,-0.239,-18.795,1,0,5,L,"schmoneymikey",175,90.046,0.353,0,34,W,Y,0,0,0,0,0,0,0,0,0,0,0,0,0,0,0,0,0.506,-37.474,0,"-라후이-",-0.151,-17.922,0,"가앤슬_",-24.318,-45.822,0,"_앰프_",-12.099,-62.987,0,"Pugeuk",18.353,-47.149,0,"Rite_",15.108,-63.915,0,"AI",40.9,-90.65,0,"AI",0,-109.84,0,"SUGUN",-47.61,-95.576,0,0,0,0,0,0,"",0,0,0,0,4684.75,,,,0,0
183,8,0,2,2,0,1,1,0,0,0,255,255,255,88,4696.865,"인생최패망자",R,13,90,126,-1.884,-0.459,0.939,1.523,-0.286,1.735,-36.744,47.615,2,0,-366.735,339.86,5.848,0,0,1,0,5,L,"schmoneymikey",175,90.046,0.353,3,34,W,Y,4698.011,141,110,2,0,19,18,43,31.167,-20.333,-1,0,0.404,549.985,-184.528,143.099,0.452,-37.634,0,"-라후이-",-0.193,-17.66,0,"가앤슬_",-24.27,-45.765,0,"_앰프_",-12.074,-62.796,0,"Pugeuk",18.071,-47.338,0,"Rite_",15.438,-63.817,0,"AI",40.9,-90.65,0,"AI",0,-109.84,0,"SUGUN",-47.691,-95.523,0,0,0,0,4699.777,0,"인생최패망자",6.982,-38.519,0,0,,,,,2,1
184,8,0,2,2,0,0,2,0,0,0,255,255,255,89,4718.735,"인생최패망자",R,3,75,115,-1.419,0.04,1.047,1.483,0.219,1.593,-36.744,57.305,2,0,-460.128,0,5.08,0,0,1,1,3,R,"YukihiroD",174,87.01,0.349,3,34,W,Y,4719.89,149,98,102,59,40,145,81,25.96,46.976,1,0,0.408,-285.782,-428.302,-36.099,0.722,-37.03,0,"-라후이-",-0.128,-17.564,0,"가앤슬_",-24.252,-45.809,0,"_앰프_",-14.515,-61.21,0,"Pugeuk",15.885,-46.904,0,"Rite_",12.717,-65.396,0,"AI",40.9,-90.65,0,"AI",0,-109.84,0,"SUGUN",-49.628,-94.751,97,4721.884,-35.332,-58.562,4724.737,2,"가앤슬_",-49.627,-77.319,1,0,,,,,11,2
185,8,0,2,2,0,0,2,1,0,0,13,255,255,90,4747.986,"인생최패망자",R,3,77,116,-1.019,0.275,1.066,1.538,0.308,1.782,-36.744,60.596,0,0,-450.565,0,3.608,0,0,0,2,6,R,"shuwaYNZ",181.8,84.856,0.344,0,34,W,Y,0,0,0,0,0,0,0,0,0,0,0,0,0,0,0,0,0.69,-37.349,0,"-라후이-",-0.118,-18.288,0,"가앤슬_",-19.413,-40.554,0,"_앰프_",-11.678,-61.276,0,"Pugeuk",17.2,-45.967,0,"Rite_",0.738,-61.456,0,"AI",40.9,-90.65,0,"AI",0,-109.84,0,"SUGUN",-49.571,-96.281,0,0,0,0,0,0,"",0,0,0,0,4748.71,4750.676,,,0,0
186,8,0,2,2,0,1,2,0,1,0,255,13,255,91,4761.829,"인생최패망자",R,3,76,117,-0.976,-0.154,1.049,1.461,0.228,1.523,-36.744,60.613,2,0,-398.553,0,1.971,0,0,1,2,6,R,"shuwaYNZ",181.8,84.856,0.344,5,34,W,Y,4762.991,152,110,66,108,51,138,128,110.65,-26.077,0.58,0,0.253,254.483,236.16,41.17,0.5,-36.925,0,"-라후이-",-0.163,-17.672,0,"가앤슬_",-22.566,-44.03,0,"_앰프_",-14.162,-60.522,0,"Pugeuk",16.452,-47.791,0,"Rite_",9.288,-65.892,0,"AI",40.9,-90.65,0,"AI",0,-109.84,0,"SUGUN",-49.678,-96.259,0,0,0,0,0,0,"",0,0,0,0,,4765.584,,,2,3
187,8,0,2,2,0,2,2,0,1,0,255,13,255,92,4777.421,"인생최패망자",R,3,72,100,-3.094,-1.329,0.846,1.27,-0.478,1.134,-36.744,56.09,4,0,-421.467,187.249,-4.761,0,0,1,2,6,R,"shuwaYNZ",181.8,84.856,0.344,0,34,W,Y,0,0,0,0,0,0,0,0,0,0,0,0,0,0,0,0,0.436,-37.532,0,"-라후이-",-0.387,-18.145,0,"가앤슬_",-23.126,-44.425,0,"_앰프_",-15.308,-61.718,0,"Pugeuk",17.393,-45.061,0,"Rite_",6.767,-64.374,0,"AI",40.9,-90.65,0,"AI",0,-109.84,0,"SUGUN",-50.644,-95.864,0,0,0,0,0,0,"",0,0,0,0,4778.404,,,,0,0
