id,inn,half,scoreA,scoreB,ball,strk,out,b1,b2,b3,b1Idx,b2Idx,b3Idx,pCnt,pSec,pName,pHand,pType,pPow,spdK,zoneX,zoneY,startX,startY,targetX,targetY,zDist,pitchAngle,call,balk,sH,sV,gyro,plx,plz,bSwing,bIdx,bPos,bZone,bName,bHCm,batLen,batCen,batType,bFps,bOS,bVR,hSec,rotS,rotL,shS,lgS,prepS,batSpd,ev,ldeg,sdeg,hPos,buntGrip,handDist,angVeloX,angVeloY,angVeloZ,PPosX,PPosY,PThrSpd,CName,CPosX,CPosY,CThrSpd,1BName,1BPosX,1BPosY,1BThrSpd,2BName,2BPosX,2BPosY,2BThrSpd,3BName,3BPosX,3BPosY,3BThrSpd,SSName,SSPosX,SSPosY,SSThrSpd,LFName,LFPosX,LFPosY,LFThrSpd,CFName,CFPosX,CFPosY,CFThrSpd,RFName,RFPosX,RFPosY,RFThrSpd,ltSec,lx,lz,cSec,cPos,cPlr,cx,cz,1BSafe,tag,cpSec,sb2Sec,sb3Sec,sbhSec,ass,result
1,1,1,0,0,0,0,0,0,0,0,255,255,255,0,263.899,"Penguin_iDOL",R,0,69,122,0.641,-0.104,0.258,1.769,0.272,1.525,-36.495,12.82,0,0,-0.285,0,0,0,0,0,0,5,R,"crani",165,80,0.299,0,47,W,Y,0,0,0,0,0,0,0,0,0,0,0,0,0,0,0,0,0.123,-37.376,0,"Slaris",-0.017,-17.28,0,"ByeolBam",-21.708,-50.086,0,"_앰프_",-16.658,-61.592,0,"DoYaGee",19.58,-45.405,0,"k@ster",5.74,-66.703,0,"AI",40.9,-90.65,0,"AI",0,-109.84,0,"AI",-40.8,-90.55,0,0,0,0,0,0,"",0,0,0,0,264.822,,,,0,0
2,1,1,0,0,0,1,0,0,0,0,255,255,255,1,277.605,"Penguin_iDOL",R,1,61,115,1.527,-1.221,0.2,1.753,0.002,1.467,-36.495,13.888,1,0,-0.481,2.25,0,0.469,-18.851,0,0,5,R,"crani",165,80,0.299,0,47,W,Y,0,0,0,0,0,0,0,0,0,0,0,0,0,0,0,0,0.131,-37.378,0,"Slaris",0.091,-17.781,0,"ByeolBam",-22.273,-50.326,0,"_앰프_",-15.753,-62.284,0,"DoYaGee",20.057,-46.197,0,"k@ster",5.487,-66.54,0,"AI",40.9,-90.65,0,"AI",0,-109.84,0,"AI",-40.8,-90.55,0,0,0,0,0,0,"",0,0,0,0,280.969,,,,0,0
3,1,1,0,0,1,1,0,0,0,0,255,255,255,2,293.691,"Penguin_iDOL",R,0,76,126,-0.495,-0.169,0.153,1.759,-0.22,1.491,-36.495,12.916,0,0,0,0,0,0,0,0,0,5,R,"crani",165,80,0.299,0,47,W,Y,0,0,0,0,0,0,0,0,0,0,0,0,0,0,0,0,0.097,-37.525,0,"Slaris",-0.142,-17.611,0,"ByeolBam",-21.631,-49.576,0,"_앰프_",-15.157,-62.541,0,"DoYaGee",20.505,-46.937,0,"k@ster",4.697,-66.565,0,"AI",40.9,-90.65,0,"AI",0,-109.84,0,"AI",-40.8,-90.55,0,0,0,0,0,0,"",0,0,0,0,294.609,,,,0,0
4,1,1,0,0,1,2,0,0,0,0,255,255,255,3,307.569,"Penguin_iDOL",R,1,53,95,-0.08,-0.264,0.255,1.8,0.172,1.647,-36.495,21.874,2,0,-4.825,2.852,0,0,0,1,0,5,R,"crani",165,80,0.299,3,47,W,Y,308.693,124,137,95,132,69,138,109,26.108,14.117,0.2,0.381,0.272,340.195,323.028,282.1,0.114,-37.005,0,"Slaris",-0.187,-17.741,0,"ByeolBam",-21.717,-49.626,0,"_앰프_",-15.032,-62.735,0,"DoYaGee",22.265,-49.353,0,"k@ster",5.699,-67.06,84,"AI",40.9,-90.65,0,"AI",0,-109.84,0,"AI",-40.8,-90.55,0,313.116,-30.907,-109.872,315.996,8,"AI",-36.436,-123.475,1,0,,318.475,,,3,2
5,1,1,0,0,0,0,0,0,1,0,255,5,255,4,359.42,"Penguin_iDOL",R,28,89,140,2.002,-0.27,0.408,1.857,0.811,1.351,-36.495,24.59,1,0,41.357,-88.007,0,0,0,0,1,4,R,"CoalCat",174.8,86.186,0.503,0,46,W,Y,0,0,0,0,0,0,0,0,0,0,0,0,0,0,0,0,0.147,-37.577,0,"Slaris",-0.006,-17.435,0,"ByeolBam",-21.485,-48.566,0,"_앰프_",-14.984,-60.496,0,"DoYaGee",20.831,-45.671,0,"k@ster",2.694,-62.242,0,"AI",40.9,-90.65,0,"AI",0,-109.84,0,"AI",-40.8,-90.55,0,0,0,0,0,0,"",0,0,0,0,360.249,361.065,,,0,0
6,1,1,0,0,1,0,0,0,1,0,255,5,255,5,376.369,"Penguin_iDOL",R,6,68,97,-1.068,0.825,-0.108,2.183,-1.316,2.273,-36.495,35.682,0,0,395.269,114.953,0,0,0,0,1,4,R,"CoalCat",174.8,86.186,0.503,0,46,W,Y,0,0,0,0,0,0,0,0,0,0,0,0,0,0,0,0,0.039,-37.71,0,"Slaris",-0.053,-17.375,0,"ByeolBam",-21.274,-48.28,0,"_앰프_",-14.706,-60.422,0,"DoYaGee",20.492,-44.591,0,"k@ster",2.327,-64.897,0,"AI",40.9,-90.65,0,"AI",0,-109.84,0,"AI",-40.8,-90.55,0,0,0,0,0,0,"",0,0,0,0,377.436,378.646,,,0,0
7,1,1,0,0,1,1,0,0,1,0,255,5,255,6,390.553,"Penguin_iDOL",R,3,65,98,-0.934,0.575,0.364,1.983,0.245,1.947,-36.495,31.893,0,0,-310.92,0,0,0,0,1,1,4,R,"CoalCat",174.8,86.186,0.503,0,46,W,Y,0,0,0,0,0,0,0,0,0,0,0,0,0,0,0,0,-0.019,-37.73,0,"Slaris",-0.14,-17.44,0,"ByeolBam",-21.121,-47.528,0,"_앰프_",-14.694,-60.467,0,"DoYaGee",20.156,-44.088,0,"k@ster",3.284,-64.295,0,"AI",40.9,-90.65,0,"AI",0,-109.84,0,"AI",-40.8,-90.55,0,0,0,0,0,0,"",0,0,0,0,391.636,392.424,,,0,0
8,1,1,0,0,1,2,0,0,1,0,255,5,255,7,408.012,"Penguin_iDOL",R,28,78,129,-2.044,2.255,0.346,2.062,0.437,2.187,-36.495,35.447,2,0,24.419,-99.186,0,0,0,1,1,4,R,"CoalCat",174.8,86.186,0.503,0,45,W,Y,409.029,216,47,33,28,5,107,69,-11.308,-23.56,-1,0,0.348,149.73,-471.799,166.568,-0.065,-37.158,0,"Slaris",0,-17.408,0,"ByeolBam",-21.01,-47.263,0,"_앰프_",-14.495,-60.588,88,"DoYaGee",20.499,-43.899,0,"k@ster",5.644,-66.278,0,"AI",40.9,-90.65,0,"AI",0,-109.84,0,"AI",-40.8,-90.55,0,408.849,2.562,-25.355,414.076,6,"AI",22.459,-71.245,1,0,,,414.29,,9,2
9,1,1,0,0,0,0,0,1,0,1,4,255,5,8,440.61,"Penguin_iDOL",R,28,91,140,-0.753,-0.027,0.122,1.903,-0.347,1.501,-36.495,19.647,0,0,13.126,-92.115,0,0,0,0,2,1,R,"Pugeuk",190,86.173,0.396,0,45,W,Y,0,0,0,0,0,0,0,0,0,0,0,0,0,0,0,0,-0.184,-38.073,0,"Slaris",-0.045,-17.328,0,"ByeolBam",-20.532,-44.583,0,"_앰프_",-13.37,-59.133,0,"DoYaGee",19.119,-45.101,0,"k@ster",8.851,-65.718,0,"AI",40.9,-90.65,0,"AI",0,-109.84,0,"AI",-40.8,-90.55,0,0,0,0,0,0,"",0,0,0,0,441.583,,442.61,,0,0
10,1,1,0,0,0,1,0,1,0,1,4,255,5,9,458.344,"Penguin_iDOL",R,10,86,128,-0.378,-1.053,0.164,1.813,-0.169,1.361,-36.495,16.906,1,0,0,400,0,0,0,0,2,1,R,"Pugeuk",190,86.173,0.396,0,45,W,Y,0,0,0,0,0,0,0,0,0,0,0,0,0,0,0,0,-0.108,-37.506,0,"Slaris",-0.036,-17.395,0,"ByeolBam",-20.235,-43.824,0,"_앰프_",-14.687,-61.811,0,"DoYaGee",19.946,-43.79,0,"k@ster",8.186,-65.227,0,"AI",40.9,-90.65,0,"AI",0,-109.84,0,"AI",-40.8,-90.55,0,0,0,0,0,0,"",0,0,0,0,459.316,,460.764,,0,0
11,1,1,0,0,1,1,0,1,0,1,4,255,5,10,472.944,"Penguin_iDOL",R,1,50,93,-0.22,-1.625,0.278,1.918,0.119,1.563,-36.495,24.603,4,0,-4.773,2.213,0,0,0,1,2,1,R,"Pugeuk",190,86.173,0.396,0,45,W,Y,0,0,0,0,0,0,0,0,0,0,0,0,0,0,0,0,0.038,-37.692,0,"Slaris",-0.177,-17.91,0,"ByeolBam",-20.048,-42.793,0,"_앰프_",-12.37,-59.347,0,"DoYaGee",19.926,-44.773,0,"k@ster",7.882,-64.959,0,"AI",40.9,-90.65,0,"AI",0,-109.84,0,"AI",-40.8,-90.55,0,0,0,0,0,0,"",0,0,0,0,474.036,,474.867,,0,0
12,1,1,0,0,1,2,0,1,0,1,4,255,5,11,492.447,"Penguin_iDOL",R,1,56,111,0.257,-0.524,0.215,1.783,0.04,1.044,-36.495,16.624,2,0,-5.666,1.441,0,0,0,1,2,1,R,"Pugeuk",190,86.173,0.396,5,45,W,Y,493.459,90,50,118,55,10,133,129,-27.817,7.045,0.4,0,0.57,270.35,33.581,-239.144,-0.263,-37.14,0,"Slaris",0.005,-17.836,0,"ByeolBam",-20.78,-46.323,0,"_앰프_",-14.212,-59.764,0,"DoYaGee",18.982,-45.538,0,"k@ster",8.907,-65.76,0,"AI",40.9,-90.65,0,"AI",0,-109.84,0,"AI",-40.8,-90.55,0,492.956,-0.129,-21.759,499.263,0,"Penguin_iDOL",-2.968,-34.144,1,0,,498.71,,498.803,1,2
13,1,1,1,0,0,0,0,1,1,0,1,4,255,12,520.97,"Penguin_iDOL",R,27,83,135,0.363,-0.278,0.241,1.851,0.078,1.311,-36.495,18.857,2,0,54.524,-122.444,0,0,0,1,3,2,R,"Floră",190,86,0.403,5,45,W,Y,521.973,150,64,91,27,0,138,82,-70.696,4.557,-1,0,0.352,-185.128,-39.431,124.194,0.073,-37.538,109,"Slaris",0.003,-17.603,0,"ByeolBam",-20.824,-46.213,103,"_앰프_",-15.933,-60.563,0,"DoYaGee",20.704,-45.573,75,"k@ster",8.955,-66.134,0,"AI",40.9,-90.65,0,"AI",0,-109.84,0,"AI",-40.8,-90.55,0,521.476,0.021,-19.647,523.903,0,"Penguin_iDOL",-0.983,-32.54,0,2,,526.597,529.374,,37,2
14,1,1,1,0,0,0,2,0,1,0,255,1,255,13,554.832,"Penguin_iDOL",R,14,68,109,-2.05,-0.09,-0.1,2.046,-1.485,1.905,-36.495,25.118,1,0,378.337,322.836,0,-0.488,-18.6,0,4,0,L,"하루（Haru）",190,90,0.503,0,44,W,Y,0,0,0,0,0,0,0,0,0,0,0,0,0,0,0,0,-0.02,-37.848,0,"Slaris",-0.041,-17.327,0,"ByeolBam",-19.602,-45.667,0,"_앰프_",-7.265,-61.573,0,"DoYaGee",20.853,-43.844,0,"k@ster",11.814,-64.435,0,"AI",40.9,-90.65,0,"AI",0,-109.84,0,"AI",-40.8,-90.55,0,0,0,0,0,0,"",0,0,0,0,560.063,558.226,,,0,0
15,1,1,1,0,1,0,2,0,1,0,255,1,255,14,577.19,"Penguin_iDOL",R,0,58,113,2.988,1.523,0.539,2.043,1.305,2.564,-36.495,59.787,1,0,-11.305,0,0,0,0,0,4,0,L,"하루（Haru）",190,90,0.503,0,44,W,Y,0,0,0,0,0,0,0,0,0,0,0,0,0,0,0,0,-0.221,-37.924,0,"Slaris",-0.022,-17.444,0,"ByeolBam",-20.45,-47.907,0,"_앰프_",-6.334,-61.682,0,"DoYaGee",20.524,-43.146,0,"k@ster",12.504,-63.602,0,"AI",40.9,-90.65,0,"AI",0,-109.84,0,"AI",-40.8,-90.55,0,0,0,0,0,0,"",0,0,0,0,578.236,579.933,,,0,0
16,1,1,1,0,2,0,2,0,1,0,255,1,255,15,592.404,"Penguin_iDOL",R,28,84,136,0.077,-0.31,0.223,1.849,-0.051,1.33,-36.495,23.037,2,0,55.884,-81.254,0,0,0,1,4,0,L,"하루（Haru）",190,90,0.503,5,44,W,Y,593.504,147,185,95,131,22,145,130,105.502,1.494,0.53,0.095,0.322,323.741,-473.794,110.317,-0.533,-37.322,0,"Slaris",-0.117,-17.932,0,"ByeolBam",-20.491,-47.945,0,"_앰프_",-9.752,-60.775,0,"DoYaGee",20.517,-44.114,0,"k@ster",12.242,-62.312,0,"AI",40.9,-90.65,0,"AI",0,-109.84,0,"AI",-40.8,-90.55,0,0,0,0,0,0,"",0,0,0,0,,599.568,,,1,3
17,1,1,1,0,2,1,2,0,1,0,255,1,255,16,611.626,"Penguin_iDOL",R,14,72,100,-0.675,-0.737,-0.159,1.917,-1.023,1.609,-36.495,16.275,0,0,354.94,312.348,0,0,0,0,4,0,L,"하루（Haru）",190,90,0.503,0,37,W,Y,0,0,0,0,0,0,0,0,0,0,0,0,0,0,0,0,-0.083,-37.868,0,"Slaris",-0.235,-17.937,0,"ByeolBam",-20.747,-46.576,0,"_앰프_",-5.474,-61.902,0,"DoYaGee",19.552,-42.462,0,"k@ster",11.727,-63.293,0,"AI",40.9,-90.65,0,"AI",0,-109.84,0,"AI",-40.8,-90.55,0,0,0,0,0,0,"",0,0,0,0,612.823,614.947,,,0,0
18,1,1,1,0,2,2,2,0,1,0,255,1,255,17,627.167,"Penguin_iDOL",R,27,88,140,-1.001,1.076,0.146,2.09,-0.437,2.154,-36.495,35.281,4,0,-3.159,-137.188,0,0,0,1,4,0,L,"하루（Haru）",190,90,0.503,0,37,W,Y,0,0,0,0,0,0,0,0,0,0,0,0,0,0,0,0,-0.079,-37.822,0,"Slaris",-0.141,-17.669,0,"ByeolBam",-20.735,-45.136,0,"_앰프_",-8.05,-60.601,0,"DoYaGee",20.596,-45.346,0,"k@ster",11.307,-63.361,0,"AI",40.9,-90.65,0,"AI",0,-109.84,0,"AI",-40.8,-90.55,0,0,0,0,0,0,"",0,0,0,0,628.049,630.595,,,0,0
19,1,0,1,0,0,0,0,0,0,0,255,255,255,0,696.641,"하루（Haru）",R,26,89,140,-0.394,0.492,0.146,1.779,-0.251,1.742,-36.489,23.969,0,0,65.049,-150.991,19.528,0,0,1,0,5,R,"k@ster",174.9,80,0.326,0,44,W,Y,0,0,0,0,0,0,0,0,0,0,0,0,0,0,0,0,0.119,-37.516,0,"Pugeuk",-0.024,-17.149,0,"AI",-20.761,-49.667,0,"",-12.405,-58.207,0,"CoalCat",22.133,-52.493,0,"crani",8.665,-62.686,0,"AI",40.9,-90.65,0,"AI",0,-109.84,0,"AI",-40.8,-90.55,0,0,0,0,0,0,"",0,0,0,0,697.449,,,,0,0
20,1,0,1,0,0,1,0,0,0,0,255,255,255,1,716.045,"하루（Haru）",R,3,72,114,-0.305,0.413,0.312,1.807,0.523,1.841,-36.489,48.455,2,0,-384.894,0,13.818,0,0,1,0,5,R,"k@ster",174.9,80,0.326,0,44,W,Y,717.138,190,90,71,72,54,145,93,40.615,-15.852,-0.66,0,0.159,113.15,27.992,56.904,0.144,-36.943,0,"Pugeuk",-0.159,-17.295,0,"AI",-20.659,-50.067,0,"",-12.4,-58.2,0,"CoalCat",22.224,-52.557,0,"crani",8.585,-62.645,0,"AI",40.9,-90.65,0,"AI",0,-109.84,0,"AI",-40.8,-90.55,0,721.823,19.043,-89.732,722.742,6,"AI",20.408,-94.764,1,0,,,,,16,2
21,1,0,1,0,0,0,0,1,0,0,15,255,255,2,749.37,"하루（Haru）",R,27,81,131,-0.35,0.387,0.149,1.773,-0.236,1.714,-36.489,25.56,2,0,63.625,-145.472,12.915,0,0,0,1,4,R,"DoYaGee",190,80,0.603,5,44,W,Y,750.37,114,195,53,51,23,133,112,92.155,-46.257,0.79,0,0.203,265.906,351.115,-385.626,0.066,-37.663,0,"Pugeuk",-0.044,-17.271,88,"AI",-19.742,-46.208,0,"",-12.4,-58.2,0,"CoalCat",20.984,-51.329,0,"crani",8.345,-64.847,0,"AI",40.9,-90.65,0,"AI",0,-109.84,0,"AI",-40.8,-90.55,0,757.649,2.466,-9.348,757.836,1,"Pugeuk",2.507,-9.428,0,0,757.836,,,,20,1
22,1,0,1,0,0,0,1,1,0,0,15,255,255,3,786.847,"하루（Haru）",R,10,79,119,0.451,-1.581,0.243,1.631,0.198,1.178,-36.489,36.291,1,0,-7.261,400,1.014,0.056,-17.953,0,2,3,R,"_앰프_",160,80,0.4,0,43,W,Y,0,0,0,0,0,0,0,0,0,0,0,0,0,0,0,0,-0.004,-37.208,0,"Pugeuk",-0.022,-17.531,0,"AI",-21.173,-48.769,0,"",-12.4,-58.2,0,"CoalCat",20.823,-52.146,0,"crani",6.549,-64.514,0,"AI",40.9,-90.65,0,"AI",0,-109.84,0,"AI",-40.8,-90.55,0,0,0,0,0,0,"",0,0,0,0,787.943,,,,0,0
23,1,0,1,0,1,0,1,1,0,0,15,255,255,4,800.895,"하루（Haru）",R,10,76,116,-0.198,-0.691,0.18,1.78,-0.091,1.753,-36.489,30.556,2,0,-0.328,400,1.997,0,0,1,2,3,R,"_앰프_",160,80,0.4,3,43,W,Y,802.02,255,226,95,99,48,145,76,-30,65.114,1,0,0.335,-77.372,-3.42,94.255,-0.148,-37.036,0,"Pugeuk",-0.048,-17.541,0,"AI",-20.742,-49.437,0,"",-13.551,-57.776,0,"CoalCat",20.555,-52.433,0,"crani",7.875,-64.2,0,"AI",40.9,-90.65,0,"AI",0,-109.84,0,"AI",-40.8,-90.55,0,801.622,-2.741,-22.963,0,0,"",0,0,0,0,,,,,16,0
24,1,0,1,0,1,1,1,1,0,0,15,255,255,5,818.916,"하루（Haru）",R,0,63,117,2.098,1.248,0.437,1.92,0.929,2.245,-36.489,82.572,4,0,-18.032,0,7.732,0,0,1,2,3,R,"_앰프_",160,80,0.4,0,43,W,Y,0,0,0,0,0,0,0,0,0,0,0,0,0,0,0,0,0.139,-37.32,0,"Pugeuk",0.003,-17.442,0,"AI",-21.254,-50.944,0,"",-12.4,-58.2,0,"CoalCat",20.475,-52.283,0,"crani",5.485,-62.932,0,"AI",40.9,-90.65,0,"AI",0,-109.84,0,"AI",-40.8,-90.55,0,0,0,0,0,0,"",0,0,0,0,819.889,,,,0,0
25,1,0,1,0,1,2,1,1,0,0,15,255,255,6,838.249,"하루（Haru）",R,27,83,135,-0.855,1.533,0.113,1.917,-0.404,2.282,-36.489,39.292,4,0,21.2,-113.605,12.736,0,0,1,2,3,R,"_앰프_",160,80,0.4,0,43,W,Y,0,0,0,0,0,0,0,0,0,0,0,0,0,0,0,0,-0.088,-36.91,0,"Pugeuk",-0.208,-17.327,0,"AI",-21.91,-50.526,0,"",-12.4,-58.2,0,"CoalCat",20.493,-52.246,0,"crani",8.724,-64.658,0,"AI",40.9,-90.65,0,"AI",0,-109.84,0,"AI",-40.8,-90.55,0,0,0,0,0,0,"",0,0,0,0,839.223,,,,0,0
26,1,0,1,0,0,0,2,1,0,0,15,255,255,7,865.305,"하루（Haru）",R,27,90,140,0.183,0.959,0.06,1.759,-0.651,1.671,-36.489,21.872,2,0,18.755,-135.338,19.746,0,0,1,3,1,R,"Slaris",190,85.69,0.452,0,43,W,Y,866.216,185,93,86,66,22,145,135,-30,26.57,0.61,0,0.131,-67.247,-5.119,43.956,0.264,-37.306,0,"Pugeuk",-0.28,-17.035,0,"AI",-21.487,-50.948,0,"",-12.64,-57.702,0,"CoalCat",21.505,-52.882,0,"crani",9.036,-64.404,87,"AI",40.9,-90.65,0,"AI",0,-109.84,0,"AI",-40.8,-90.55,0,865.689,-1.172,-21.73,868.956,8,"AI",-35.45,-90.18,1,0,,871.327,,,17,2
27,1,0,1,0,0,0,2,1,1,0,11,15,255,8,895.078,"하루（Haru）",R,3,66,109,-2.05,0.124,0.157,1.763,-0.201,1.686,-36.489,38.425,1,0,-424.043,0,16.412,0,0,0,4,2,R,"ByeolBam",179.9,90,0.5,0,43,W,Y,0,0,0,0,0,0,0,0,0,0,0,0,0,0,0,0,-0.008,-37.471,0,"Pugeuk",-0.266,-17.237,0,"AI",-20.883,-48.865,0,"",-12.4,-58.2,0,"CoalCat",20.431,-49.665,0,"crani",6.641,-64.568,0,"AI",40.9,-90.65,0,"AI",0,-109.84,0,"AI",-40.8,-90.55,0,0,0,0,0,0,"",0,0,0,0,896.023,898.195,,,0,0
28,1,0,1,0,1,0,2,1,1,0,11,15,255,9,912.421,"하루（Haru）",R,34,75,126,2.057,1.5,0.359,1.97,0.74,2.392,-36.489,60.576,1,0,91.89,-90.183,3.469,0,0,0,4,2,R,"ByeolBam",179.9,90,0.5,0,43,W,Y,0,0,0,0,0,0,0,0,0,0,0,0,0,0,0,0,0.01,-37.581,0,"Pugeuk",-0.066,-17.206,0,"AI",-21.196,-49.278,0,"",-12.4,-58.2,0,"CoalCat",19.922,-49.961,0,"crani",5.57,-63.468,0,"AI",40.9,-90.65,0,"AI",0,-109.84,0,"AI",-40.8,-90.55,0,0,0,0,0,0,"",0,0,0,0,913.289,915.058,,,0,0
29,1,0,1,0,2,0,2,1,1,0,11,15,255,10,929.374,"하루（Haru）",R,28,84,136,1.259,0.975,0.306,1.889,0.493,2.114,-36.489,51.562,0,0,32.475,-65.214,3.666,0,0,0,4,2,R,"ByeolBam",179.9,90,0.5,0,43,W,Y,0,0,0,0,0,0,0,0,0,0,0,0,0,0,0,0,0.211,-37.465,0,"Pugeuk",-0.068,-17.252,0,"AI",-21.603,-48.91,0,"",-12.4,-58.2,0,"CoalCat",19.409,-50.341,0,"crani",5.012,-63.59,0,"AI",40.9,-90.65,0,"AI",0,-109.84,0,"AI",-40.8,-90.55,0,0,0,0,0,0,"",0,0,0,0,930.196,931.918,,,0,0
30,1,0,1,0,2,1,2,1,1,0,11,15,255,11,947.702,"하루（Haru）",R,28,77,128,1.672,1.65,0.337,1.996,0.638,2.48,-36.489,53.24,4,0,52.009,-93.746,4.796,0,0,1,4,2,R,"ByeolBam",179.9,90,0.5,0,43,W,Y,0,0,0,0,0,0,0,0,0,0,0,0,0,0,0,0,0.179,-37.588,0,"Pugeuk",-0.106,-17.139,0,"AI",-21.046,-49.575,0,"",-12.4,-58.2,0,"CoalCat",19.432,-50.394,0,"crani",6.001,-62.767,0,"AI",40.9,-90.65,0,"AI",0,-109.84,0,"AI",-40.8,-90.55,0,0,0,0,0,0,"",0,0,0,0,948.543,950.624,,,0,0
31,1,0,1,0,2,2,2,1,1,0,11,15,255,12,965.942,"하루（Haru）",R,3,75,115,-2.951,0.345,0.089,1.8,-0.515,1.81,-36.489,36.85,2,0,-435.138,0,16.826,0,0,1,4,2,R,"ByeolBam",179.9,90,0.5,5,43,W,Y,967.002,210,119,154,86,46,145,109,29.625,8.152,0.88,0,0.075,329.338,139.449,-78.26,-0.07,-37.603,0,"Pugeuk",-0.675,-17.442,0,"Floră",-20.822,-49.516,0,"아침땅_",-12.358,-59.871,0,"CoalCat",19.313,-50.349,0,"crani",6.998,-62.827,0,"AI",40.9,-90.65,0,"AI",0,-109.84,0,"AI",-40.8,-90.55,0,971.756,-16.573,-113.925,0,0,"",0,0,0,0,,971.728,972.16,,32,1
32,2,1,1,0,0,0,0,0,0,0,255,255,255,18,1013.608,"Penguin_iDOL",R,27,91,140,1.765,-1.172,0.218,1.838,0.063,1.162,-36.495,11.417,2,0,31.953,-121.972,0,0,0,1,5,3,R,"아침땅_",160,95.405,0.5,2,43,W,Y,1014.401,159,70,70,16,6,128,72,52.939,46.022,-0.72,0,0.263,410.064,259.073,-201.085,0.178,-37.465,0,"Slaris",-0.01,-17.383,0,"ByeolBam",-20.524,-47.699,111,"_앰프_",-14.485,-62.281,0,"DoYaGee",20.581,-49.071,0,"k@ster",8.363,-64.767,0,"AI",40.9,-90.65,0,"AI",0,-109.84,0,"AI",-40.8,-90.55,0,0,0,0,1018.876,2,"ByeolBam",-36.966,-51.043,0,0,,,,,48,1
33,2,1,1,0,0,0,1,0,0,0,255,255,255,19,1037.28,"Penguin_iDOL",R,14,76,103,-0.716,-1.372,-0.136,1.837,-0.998,1.391,-36.495,11.137,1,0,349.15,333.109,0,-0.034,-18.072,0,0,5,R,"crani",165,80,0.299,0,42,W,Y,0,0,0,0,0,0,0,0,0,0,0,0,0,0,0,0,0.2,-37.49,0,"Slaris",-0.041,-17.531,0,"ByeolBam",-21.279,-47.725,0,"_앰프_",-16.894,-61.055,0,"DoYaGee",20.471,-49.027,0,"k@ster",8.906,-65.463,0,"AI",40.9,-90.65,0,"AI",0,-109.84,0,"AI",-40.8,-90.55,0,0,0,0,0,0,"",0,0,0,0,1038.223,,,,0,0
34,2,1,1,0,1,0,1,0,0,0,255,255,255,20,1051.106,"Penguin_iDOL",R,14,77,103,-0.27,-0.593,-0.103,1.971,-0.838,1.779,-36.495,18.88,0,0,365.589,312.348,0,0.047,-19.038,0,0,5,R,"crani",165,80,0.299,0,42,W,Y,0,0,0,0,0,0,0,0,0,0,0,0,0,0,0,0,0.215,-37.51,0,"Slaris",-0.01,-17.457,0,"ByeolBam",-21.312,-47.84,0,"_앰프_",-16.573,-60.477,0,"DoYaGee",20.178,-49.033,0,"k@ster",8.172,-65.28,0,"AI",40.9,-90.65,0,"AI",0,-109.84,0,"AI",-40.8,-90.55,0,0,0,0,0,0,"",0,0,0,0,1054.302,,,,0,0
35,2,1,1,0,1,1,1,0,0,0,255,255,255,21,1066.4,"Penguin_iDOL",R,10,62,95,0.809,1.131,0.347,2.34,0.342,3.051,-36.495,62.536,0,0,0,400,0,0,0,0,0,5,R,"crani",165,80,0.299,0,42,W,Y,0,0,0,0,0,0,0,0,0,0,0,0,0,0,0,0,0.12,-37.321,0,"Slaris",0.032,-17.385,0,"ByeolBam",-21.304,-47.861,0,"_앰프_",-16.61,-60.524,0,"DoYaGee",20.122,-49.634,0,"k@ster",8.811,-65.169,0,"AI",40.9,-90.65,0,"AI",0,-109.84,0,"AI",-40.8,-90.55,0,0,0,0,0,0,"",0,0,0,0,1067.449,,,,0,0
36,2,1,1,0,1,2,1,0,0,0,255,255,255,22,1082.016,"Penguin_iDOL",R,0,77,127,0.671,-1.061,0.49,1.954,1.032,1.73,-36.495,37.616,2,0,0,0,0,0,0,1,0,5,R,"crani",165,80,0.299,3,42,W,Y,1082.96,190,140,79,84,29,145,78,40.389,-29.634,-1,0.048,0.341,317.145,-481.639,-149.402,0.186,-37.161,0,"Slaris",0.074,-17.558,0,"ByeolBam",-21.258,-47.966,0,"_앰프_",-15.445,-61.764,91,"DoYaGee",21.778,-49.808,0,"k@ster",8.741,-64.985,0,"AI",40.9,-90.65,0,"AI",0,-109.84,0,"AI",-40.8,-90.55,0,1087.223,36.111,-67.23,1088.142,6,"AI",38.797,-70.226,1,0,,,,,36,2
37,2,1,1,0,0,0,1,1,0,0,5,255,255,23,1112.66,"Penguin_iDOL",R,14,70,98,-0.45,-0.584,-0.052,2.03,-0.898,1.821,-36.495,23.472,0,0,329.989,335.868,0,-0.235,-18.973,1,1,4,R,"CoalCat",174.8,85.186,0.503,0,42,W,Y,0,0,0,0,0,0,0,0,0,0,0,0,0,0,0,0,0.235,-37.79,0,"Slaris",0.032,-17.604,0,"ByeolBam",-19.771,-43.87,0,"_앰프_",-14.854,-60.21,0,"DoYaGee",20.531,-48.223,0,"k@ster",7.893,-65.271,0,"AI",40.9,-90.65,0,"AI",0,-109.84,0,"AI",-40.8,-90.55,0,0,0,0,0,0,"",0,0,0,0,1115.422,,,,0,0
38,2,1,1,0,0,1,1,1,0,0,5,255,255,24,1127.693,"Penguin_iDOL",R,3,61,92,0.046,0.459,0.547,1.947,0.956,1.888,-36.495,34.346,0,0,-414.512,0,0,0,0,0,1,4,R,"CoalCat",174.8,85.186,0.503,0,42,W,Y,0,0,0,0,0,0,0,0,0,0,0,0,0,0,0,0,0.288,-38.081,0,"Slaris",-0.023,-17.415,0,"ByeolBam",-19.873,-44.439,0,"_앰프_",-15.323,-62.075,0,"DoYaGee",20.408,-48.974,0,"k@ster",5.799,-64.451,0,"AI",40.9,-90.65,0,"AI",0,-109.84,0,"AI",-40.8,-90.55,0,0,0,0,0,0,"",0,0,0,0,1129.063,,,,0,0
39,2,1,1,0,0,2,1,1,0,0,5,255,255,25,1144.466,"Penguin_iDOL",R,27,87,140,0.463,-0.462,0.233,1.773,0.155,1.195,-36.495,13.893,0,0,29.114,-138.751,0,0,0,1,1,4,R,"CoalCat",174.8,85.186,0.503,0,42,W,Y,0,0,0,0,0,0,0,0,0,0,0,0,0,0,0,0,0.262,-37.63,0,"Slaris",-0.013,-17.403,0,"ByeolBam",-21.117,-43.836,0,"_앰프_",-12.915,-59.892,0,"DoYaGee",20.138,-49.607,0,"k@ster",6.894,-64.989,0,"AI",40.9,-90.65,0,"AI",0,-109.84,0,"AI",-40.8,-90.55,0,0,0,0,0,0,"",0,0,0,0,1145.249,,,,0,0
40,2,1,1,0,0,0,2,1,0,0,5,255,255,26,1169.249,"Penguin_iDOL",R,27,93,140,-1.044,-0.301,0.093,1.796,-0.496,1.308,-36.495,9.368,0,0,28.106,-119.69,0,0,0,0,2,1,R,"Pugeuk",190,86.173,0.396,0,42,W,Y,0,0,0,0,0,0,0,0,0,0,0,0,0,0,0,0,0.264,-37.757,0,"Slaris",-0.044,-17.378,0,"ByeolBam",-21.358,-45.778,0,"_앰프_",-15.794,-62.077,0,"DoYaGee",20.911,-49.342,0,"k@ster",5.755,-65.003,0,"AI",40.9,-90.65,0,"AI",0,-109.84,0,"AI",-40.8,-90.55,0,0,0,0,0,0,"",0,0,0,0,1170.196,,,,0,0
41,2,1,1,0,0,1,2,1,0,0,5,255,255,27,1186.58,"Penguin_iDOL",R,14,76,114,1.523,-1.405,0.209,1.753,0.04,1.166,-36.495,8.516,1,0,350.009,357.062,0,0,0,0,2,1,R,"Pugeuk",190,86.173,0.396,0,42,W,Y,0,0,0,0,0,0,0,0,0,0,0,0,0,0,0,0,0.155,-37.69,0,"Slaris",0.062,-17.423,0,"ByeolBam",-21.041,-45.493,0,"_앰프_",-13.881,-61.116,0,"DoYaGee",20.787,-49.661,0,"k@ster",6.801,-65.337,0,"AI",40.9,-90.65,0,"AI",0,-109.84,0,"AI",-40.8,-90.55,0,0,0,0,0,0,"",0,0,0,0,1187.463,,,,0,0
42,2,1,1,0,1,1,2,1,0,0,5,255,255,28,1201.769,"Penguin_iDOL",R,10,69,99,0.295,0,0.256,2.211,0.121,2.209,-36.495,39.551,0,0,0,400,0,0,0,0,2,1,R,"Pugeuk",190,86.173,0.396,0,42,W,Y,0,0,0,0,0,0,0,0,0,0,0,0,0,0,0,0,0.349,-37.551,0,"Slaris",0.02,-17.314,0,"ByeolBam",-20.816,-46.818,0,"_앰프_",-16.406,-62.394,0,"DoYaGee",20.993,-50.218,0,"k@ster",6.573,-65.563,0,"AI",40.9,-90.65,0,"AI",0,-109.84,0,"AI",-40.8,-90.55,0,0,0,0,0,0,"",0,0,0,0,1202.849,,,,0,0
43,2,1,1,0,1,2,2,1,0,0,5,255,255,29,1215.866,"Penguin_iDOL",R,26,83,134,0.635,1.179,0.284,2.076,0.261,2.2,-36.495,37.45,2,0,4.86,-151.892,0,0,0,1,2,1,R,"Pugeuk",190,86.173,0.396,5,42,W,Y,1216.895,84,64,85,35,13,120,74,-20.694,4.199,-0.84,0,0.527,-70.565,7.246,70.315,0.517,-37.215,97,"Slaris",-0.002,-17.426,0,"ByeolBam",-21.148,-46.847,0,"_앰프_",-16.718,-63.431,0,"DoYaGee",21.126,-49.851,0,"k@ster",6.341,-65.694,0,"AI",40.9,-90.65,0,"AI",0,-109.84,0,"AI",-40.8,-90.55,0,1216.463,-0.141,-24.028,1217.609,0,"Penguin_iDOL",-0.993,-35.692,0,0,,1222.328,,,48,2
44,2,0,1,0,0,0,0,0,0,0,255,255,255,13,1254.815,"하루（Haru）",R,27,87,140,-0.799,0.114,0.11,1.725,-0.417,1.561,-36.489,26.241,0,0,45.135,-121.582,10.448,-0.378,-9.723,1,5,0,R,"Penguin_iDOL",190,80,0.398,0,42,W,Y,0,0,0,0,0,0,0,0,0,0,0,0,0,0,0,0,0.235,-37.055,0,"Pugeuk",-0.015,-17.218,0,"Floră",-21.016,-50.222,0,"아침땅_",-14.701,-63.901,0,"CoalCat",19.507,-49.135,0,"crani",6.959,-64.023,0,"AI",40.9,-90.65,0,"AI",0,-109.84,0,"AI",-40.8,-90.55,0,0,0,0,0,0,"",0,0,0,0,1255.516,,,,0,0
45,2,0,1,0,0,1,0,0,0,0,255,255,255,14,1273.964,"하루（Haru）",R,8,16,73,1.485,-0.478,0.347,1.639,0.449,1.34,-36.489,70.709,4,0,61.333,0,-30.322,0,0,1,5,0,R,"Penguin_iDOL",190,80,0.398,0,42,W,Y,0,0,0,0,0,0,0,0,0,0,0,0,0,0,0,0,0.104,-36.969,0,"Pugeuk",0.079,-17.453,0,"Floră",-21.313,-50.674,0,"아침땅_",-14.552,-64.031,0,"CoalCat",19.671,-49.417,0,"crani",6.197,-63.797,0,"AI",40.9,-90.65,0,"AI",0,-109.84,0,"AI",-40.8,-90.55,0,0,0,0,0,0,"",0,0,0,0,1275.076,,,,0,0
46,2,0,1,0,0,2,0,0,0,0,255,255,255,15,1295.215,"하루（Haru）",R,0,53,109,0.488,-0.394,0.243,1.665,0.201,1.364,-36.489,40.407,2,0,0,0,4.893,0,0,1,5,0,R,"Penguin_iDOL",190,80,0.398,0,42,W,Y,1296.168,255,158,146,95,39,145,109,40.514,21.738,-0.15,0,0.443,359.895,267.969,78.398,-0.372,-37.019,0,"Pugeuk",-0.13,-17.331,118,"Floră",-21.443,-50.872,0,"아침땅_",-14.938,-63.714,0,"CoalCat",19.826,-49.175,0,"crani",7.407,-63.522,86,"AI",40.9,-90.65,0,"AI",0,-109.84,0,"AI",-40.8,-90.55,0,1301.422,-40.05,-101.489,1306.236,5,"crani",-1.517,-60.699,0,0,1330.622,,,,21,1
47,2,0,1,0,1,0,1,0,0,0,255,255,255,16,1351.865,"하루（Haru）",R,28,82,134,-0.234,1.029,0.166,1.882,-0.16,2.103,-36.489,42.841,0,0,37.618,-89.081,6.166,0,0,1,0,5,R,"k@ster",174.9,80,0.326,0,42,W,Y,0,0,0,0,0,0,0,0,0,0,0,0,0,0,0,0,-0.162,-37.944,0,"Pugeuk",-0.04,-17.223,0,"Floră",-20.892,-49.422,0,"아침땅_",-15.249,-63.56,0,"CoalCat",20.097,-49.107,0,"crani",8.498,-64.28,0,"AI",40.9,-90.65,0,"AI",0,-109.84,0,"AI",-40.8,-90.55,0,0,0,0,0,0,"",0,0,0,0,1352.702,,,,0,0
48,2,0,1,0,1,1,1,0,0,0,255,255,255,17,1367.832,"하루（Haru）",R,1,40,99,1.622,-2.733,0.281,1.626,0.377,1.202,-36.489,39.168,4,0,-5.04,1.002,1.202,0.3,-20.529,1,0,5,R,"k@ster",174.9,80,0.326,0,42,W,Y,0,0,0,0,0,0,0,0,0,0,0,0,0,0,0,0,-0.047,-37.018,0,"Pugeuk",-0.034,-17.367,0,"Floră",-20.684,-49.584,0,"아침땅_",-15.28,-63.55,0,"CoalCat",19.874,-49.279,0,"crani",8.092,-64.302,0,"AI",40.9,-90.65,0,"AI",0,-109.84,0,"AI",-40.8,-90.55,0,0,0,0,0,0,"",0,0,0,0,1368.996,,,,0,0
49,2,0,1,0,2,2,1,0,0,0,255,255,255,18,1406.792,"하루（Haru）",R,3,68,110,-2.847,-0.073,0.098,1.729,-0.474,1.566,-36.489,27.31,4,0,-424.823,0,12.572,0,0,1,0,5,R,"k@ster",174.9,80,0.326,0,42,W,Y,0,0,0,0,0,0,0,0,0,0,0,0,0,0,0,0,-0.428,-37.546,0,"Pugeuk",-0.476,-17.293,0,"Floră",-20.944,-49.951,0,"아침땅_",-16.104,-63.028,0,"CoalCat",19.517,-49.702,0,"crani",8.134,-64.33,0,"AI",40.9,-90.65,0,"AI",0,-109.84,0,"AI",-40.8,-90.55,0,0,0,0,0,0,"",0,0,0,0,1407.716,,,,0,0
50,2,0,1,0,0,0,2,0,0,0,255,255,255,19,1428.055,"하루（Haru）",R,0,63,117,-1.195,0.086,0.087,1.756,-0.523,1.66,-36.489,24.885,2,0,0,0,17.948,0,0,1,1,4,R,"DoYaGee",190,80,0.603,5,42,W,Y,1429.069,120,116,79,68,38,137,130,25.384,5.473,0.6,0,0.181,170.896,213.148,19.219,0.024,-37.617,0,"Pugeuk",-0.152,-17.352,0,"Floră",-20.881,-49.464,0,"아침땅_",-14.631,-63.644,0,"CoalCat",19.1,-48.316,0,"crani",8.376,-64.401,85,"AI",40.9,-90.65,0,"AI",0,-109.84,0,"AI",-40.8,-90.55,0,1433.756,-17.046,-133.95,1435.343,7,"AI",-18.688,-126.923,1,0,,1439.454,,,17,2
51,2,0,1,0,0,0,2,0,1,0,255,14,255,20,1467.332,"하루（Haru）",R,26,90,140,-0.874,-1.031,0.097,1.558,-0.477,0.9,-36.489,24.221,0,0,74.088,-150.736,9.258,0,0,1,2,3,R,"_앰프_",160,80,0.4,0,41,W,Y,0,0,0,0,0,0,0,0,0,0,0,0,0,0,0,0,-0.133,-36.913,0,"Pugeuk",-0.047,-17.436,0,"Floră",-19.586,-48.25,0,"아침땅_",-15.34,-63.325,0,"CoalCat",18.246,-47.745,0,"crani",5.894,-63.176,0,"AI",40.9,-90.65,0,"AI",0,-109.84,0,"AI",-40.8,-90.55,0,0,0,0,0,0,"",0,0,0,0,1468.183,1470.344,,,0,0
52,2,0,1,0,0,1,2,0,1,0,255,14,255,21,1484.508,"하루（Haru）",R,27,90,140,-0.425,-1.164,0.145,1.546,-0.255,0.852,-36.489,24.495,2,0,52.385,-128.334,6.354,0,0,1,2,3,R,"_앰프_",160,80,0.4,3,41,W,Y,1485.563,255,80,78,87,40,145,106,25.692,36.831,0.8,0,0.244,139.15,240.102,452.99,-0.283,-36.83,0,"Pugeuk",-0.134,-17.361,0,"Floră",-19.525,-48.534,0,"아침땅_",-15.574,-63.102,93,"CoalCat",18.243,-47.758,0,"crani",7.512,-63.141,0,"AI",40.9,-90.65,0,"AI",0,-109.84,0,"AI",-40.8,-90.55,0,1489.103,-55.086,-84.977,1491.956,8,"AI",-66.938,-98.224,1,0,,1495.533,1490.346,1495.45,48,2
53,2,0,1,1,0,0,2,0,1,0,255,13,255,22,1518.67,"하루（Haru）",R,6,71,115,1.539,-0.009,0.225,1.738,0.118,1.603,-36.489,26.901,2,0,313.36,0,5.75,0,0,0,3,1,R,"Slaris",190,85.69,0.452,1,41,W,Y,1519.656,143,98,151,88,61,145,104,-51.75,-0.824,-0.39,0,0.158,495.593,77.136,15.765,0.017,-37.253,0,"Pugeuk",-0.051,-17.302,0,"Floră",-20.244,-49.168,0,"아침땅_",-14.915,-63.743,0,"CoalCat",19.28,-47.778,0,"crani",6.518,-64.304,99,"AI",40.9,-90.65,0,"AI",0,-109.84,0,"AI",-40.8,-90.55,0,1519.129,0.28,-21.472,1522.863,5,"crani",0.379,-52.945,0,0,,,1525.387,,41,2
54,3,1,1,1,0,0,0,0,0,0,255,255,255,30,1560.559,"Penguin_iDOL",R,28,85,138,0.192,-0.276,0.275,1.862,-0.016,1.356,-36.495,22.485,2,0,55.834,-79.548,0,0,0,1,3,2,R,"Floră",190,86,0.403,0,41,W,Y,1561.51,159,91,82,37,0,138,103,31.136,38.752,-0.24,0,0.427,434.854,249.545,-329.589,0.219,-37.345,0,"Slaris",-0.061,-16.902,0,"ByeolBam",-22.183,-49.42,0,"_앰프_",-14.639,-62.733,0,"DoYaGee",22.161,-49.713,0,"k@ster",10.074,-64.666,0,"AI",40.9,-90.65,0,"AI",0,-109.84,0,"AI",-40.8,-90.55,0,1566.089,-60.564,-87.215,1570.262,3,"_앰프_",-21.861,-69.678,0,0,,,,,36,1
55,3,1,1,1,0,0,1,0,0,0,255,255,255,31,1594.425,"Penguin_iDOL",R,14,73,100,-0.1,0.251,0.03,2.194,-0.728,2.248,-36.495,36.416,0,0,337.216,335.269,0,0,0,0,4,0,L,"하루（Haru）",190,90,0.503,0,41,W,Y,0,0,0,0,0,0,0,0,0,0,0,0,0,0,0,0,0.205,-37.648,0,"Slaris",-0.074,-16.89,0,"ByeolBam",-20.773,-46.947,0,"_앰프_",-6.489,-62.717,0,"DoYaGee",22.352,-46.914,0,"k@ster",13.053,-63.205,0,"AI",40.9,-90.65,0,"AI",0,-109.84,0,"AI",-40.8,-90.55,0,0,0,0,0,0,"",0,0,0,0,1595.556,,,,0,0
56,3,1,1,1,0,1,1,0,0,0,255,255,255,32,1611.609,"Penguin_iDOL",R,27,73,124,0.525,1.102,0.251,2.079,0.112,2.16,-36.495,34.967,2,0,70.026,-129.023,0,0,0,1,4,0,L,"하루（Haru）",190,90,0.503,5,41,W,Y,1612.749,99,210,125,134,67,136,111,28.166,-1.504,0.14,0.095,0.358,515.627,-210.132,59.06,0.095,-37.134,0,"Slaris",-0.077,-16.93,0,"ByeolBam",-20.395,-47.233,0,"_앰프_",-9.962,-62.271,0,"DoYaGee",23.42,-47.238,0,"k@ster",13.055,-63.298,93,"AI",40.9,-90.65,0,"AI",0,-109.84,0,"AI",-40.8,-90.55,0,1617.583,7.042,-119.997,1621.969,5,"k@ster",1.916,-76.132,0,0,,,,,33,1
57,3,1,1,1,0,0,2,0,0,0,255,255,255,33,1637.439,"Penguin_iDOL",R,1,63,104,1.021,-1.442,0.189,1.807,-0.034,1.408,-36.495,13.616,1,0,1.377,3.062,0,-0.45,-17.314,0,5,3,R,"아침땅_",160,95.405,0.5,0,41,W,Y,0,0,0,0,0,0,0,0,0,0,0,0,0,0,0,0,0.21,-37.454,0,"Slaris",-0.074,-17.692,0,"ByeolBam",-20.037,-47.016,0,"_앰프_",-12.419,-60.278,0,"DoYaGee",20.775,-47.02,0,"k@ster",7.455,-64.356,0,"AI",40.9,-90.65,0,"AI",0,-109.84,0,"AI",-40.8,-90.55,0,0,0,0,0,0,"",0,0,0,0,1639.756,,,,0,0
58,3,1,1,1,1,0,2,0,0,0,255,255,255,34,1655.597,"Penguin_iDOL",R,3,75,101,0.078,-0.4,0.506,1.803,0.949,1.396,-36.495,20.751,0,0,-459.091,0,0,0,0,0,5,3,R,"아침땅_",160,95.405,0.5,0,41,W,Y,0,0,0,0,0,0,0,0,0,0,0,0,0,0,0,0,0.097,-37.798,0,"Slaris",-0.068,-17.249,0,"ByeolBam",-20.854,-47.808,0,"_앰프_",-14.226,-60.943,0,"DoYaGee",20.712,-48.815,0,"k@ster",6.92,-64.112,0,"AI",40.9,-90.65,0,"AI",0,-109.84,0,"AI",-40.8,-90.55,0,0,0,0,0,0,"",0,0,0,0,1656.449,,,,0,0
59,3,1,1,1,1,1,2,0,0,0,255,255,255,35,1672.432,"Penguin_iDOL",R,10,79,118,0.866,-0.355,0.274,2.081,0.208,2.203,-36.495,36.654,2,0,147.57,400,0,0,0,1,5,3,R,"아침땅_",160,95.405,0.5,2,41,W,Y,1673.372,123,89,81,82,33,137,73,46.955,-12.911,-1,0,0.314,502.158,67.382,-233.207,0.038,-36.942,0,"Slaris",0.025,-17.227,0,"ByeolBam",-20.89,-47.827,0,"_앰프_",-15.396,-61.521,0,"DoYaGee",21.935,-50.79,0,"k@ster",8.98,-64.982,0,"AI",40.9,-90.65,0,"AI",0,-109.84,0,"AI",-40.8,-90.55,0,0,0,0,1678.209,5,"k@ster",11.537,-65.283,0,0,,,,,19,1
60,3,0,1,1,0,0,0,0,0,0,255,255,255,23,1726.716,"하루（Haru）",R,27,85,138,0.725,0.387,0.243,1.771,0.198,1.711,-36.489,39.914,0,0,78.783,-126.23,5.937,0,0,0,4,2,R,"ByeolBam",179.9,90,0.5,0,75,W,Y,0,0,0,0,0,0,0,0,0,0,0,0,0,0,0,0,-0.063,-37.234,0,"Pugeuk",-0.368,-17.199,0,"Floră",-21.596,-51.321,0,"아침땅_",-14.787,-63.847,0,"CoalCat",18.821,-48.705,0,"crani",8.617,-64.176,0,"AI",40.9,-90.65,0,"AI",0,-109.84,0,"AI",-40.8,-90.55,0,0,0,0,0,0,"",0,0,0,0,1727.476,,,,0,0
61,3,0,1,1,0,1,0,0,0,0,255,255,255,24,1746.961,"하루（Haru）",R,10,87,132,0.932,-1.597,0.304,1.544,0.484,0.935,-36.489,22.112,2,0,-58.697,257.682,13.486,0,0,1,4,2,R,"ByeolBam",179.9,90,0.5,3,75,W,Y,1747.943,182,216,164,90,60,145,127,9.38,19.191,0.57,0,0.143,247.208,538.803,71.284,-0.113,-36.845,0,"Pugeuk",-0.359,-17.25,0,"Floră",-21.084,-50.411,0,"아침땅_",-14.771,-63.878,81,"CoalCat",19.477,-49.768,0,"crani",9.061,-63.278,0,"AI",40.9,-90.65,0,"AI",0,-109.84,0,"AI",-40.8,-90.55,0,1750.302,-33.569,-96.343,1753.689,8,"AI",-44.934,-114.695,1,0,,1758.001,,,48,2
62,3,0,1,1,0,0,0,0,1,0,255,12,255,25,1781.398,"하루（Haru）",R,27,88,140,1.26,0.056,0.297,1.709,0.451,1.507,-36.489,27.318,2,0,59.571,-138.103,13.383,0,0,1,5,0,R,"Penguin_iDOL",190,80,0.398,0,41,W,Y,1782.278,246,90,110,64,35,145,92,27.785,-29.597,1,0,0.433,-266.924,326.432,4.16,-0.174,-36.809,0,"Pugeuk",-0.24,-17.284,0,"Floră",-21.027,-49.726,0,"아침땅_",-15.013,-63.533,84,"CoalCat",19.262,-49.368,0,"crani",6.941,-64.238,0,"AI",40.9,-90.65,0,"AI",0,-109.84,0,"AI",-40.8,-90.55,0,1785.742,30.827,-84.056,1789.796,3,"아침땅_",1.584,-60.386,0,0,,1786.432,,,48,1
63,3,0,1,1,0,0,1,0,1,0,255,12,255,26,1813.159,"하루（Haru）",R,3,55,100,-2.25,-0.291,0.181,1.697,-0.088,1.454,-36.489,25.236,1,0,-436.924,0,16.57,0,0,0,0,5,R,"k@ster",174.9,80,0.326,0,41,W,Y,0,0,0,0,0,0,0,0,0,0,0,0,0,0,0,0,-0.608,-37.304,0,"Pugeuk",-0.204,-17.247,0,"Floră",-21.013,-50.146,0,"아침땅_",-14.883,-63.903,0,"CoalCat",19.704,-49.421,0,"crani",8.524,-64.127,0,"AI",40.9,-90.65,0,"AI",0,-109.84,0,"AI",-40.8,-90.55,0,0,0,0,0,0,"",0,0,0,0,1814.076,1817.152,,,0,0
64,3,0,1,1,1,0,1,0,1,0,255,12,255,27,1831.633,"하루（Haru）",R,27,84,137,0.559,0.577,0.237,1.803,0.171,1.826,-36.489,39.239,0,0,47.789,-109.703,7.036,0,0,1,0,5,R,"k@ster",174.9,80,0.326,0,41,W,Y,0,0,0,0,0,0,0,0,0,0,0,0,0,0,0,0,0.01,-37.154,0,"Pugeuk",-0.447,-17.227,0,"Floră",-21.328,-50.551,0,"아침땅_",-15.405,-63.369,0,"CoalCat",19.938,-50.078,0,"crani",7.319,-63.678,0,"AI",40.9,-90.65,0,"AI",0,-109.84,0,"AI",-40.8,-90.55,0,0,0,0,0,0,"",0,0,0,0,1832.396,1835.604,,,0,0
65,3,0,1,1,1,1,1,0,1,0,255,12,255,28,1850.732,"하루（Haru）",R,10,74,116,1.775,0.019,0.385,1.88,0.863,2.095,-36.489,61.003,4,0,-59.731,377.698,-3.831,0,0,1,0,5,R,"k@ster",174.9,80,0.326,0,41,W,Y,0,0,0,0,0,0,0,0,0,0,0,0,0,0,0,0,-0.086,-36.882,0,"Pugeuk",0.043,-17.172,0,"Floră",-21.547,-50.848,0,"아침땅_",-15.272,-63.492,0,"CoalCat",19.604,-48.555,0,"crani",5.582,-63.568,0,"AI",40.9,-90.65,0,"AI",0,-109.84,0,"AI",-40.8,-90.55,0,0,0,0,0,0,"",0,0,0,0,1851.609,1853.845,,,0,0
66,3,0,1,1,1,2,1,0,1,0,255,12,255,29,1870.626,"하루（Haru）",R,33,74,112,1.695,0.303,0.373,1.771,0.535,1.694,-36.489,48.354,4,0,108.581,-74.27,11.358,0,0,1,0,5,R,"k@ster",174.9,80,0.326,0,41,W,Y,0,0,0,0,0,0,0,0,0,0,0,0,0,0,0,0,0.041,-37.543,0,"Pugeuk",-0.059,-17.217,0,"Floră",-21.819,-50.584,0,"아침땅_",-14.953,-63.729,0,"CoalCat",20.09,-47.19,0,"crani",5.356,-62.58,0,"AI",40.9,-90.65,0,"AI",0,-109.84,0,"AI",-40.8,-90.55,0,0,0,0,0,0,"",0,0,0,0,1871.396,1873.927,,,0,0
67,3,0,1,1,0,0,2,0,1,0,255,12,255,30,1894.636,"하루（Haru）",R,28,75,126,2.386,0.325,0.401,1.773,0.937,1.715,-36.489,56.228,2,0,59.476,-96.375,2.57,0,0,1,1,4,R,"DoYaGee",190,80,0.603,0,41,W,Y,1895.628,120,182,47,71,42,129,82,49.302,-8.732,-1,0,0.166,382.204,-2.479,56.112,0.027,-37.502,0,"Pugeuk",-0.065,-17.195,0,"Floră",-14.899,-42.888,0,"아침땅_",-15.018,-63.679,0,"CoalCat",19.253,-48.464,0,"crani",7.049,-63.691,89,"AI",40.9,-90.65,0,"AI",0,-109.84,0,"AI",-40.8,-90.55,0,1900.569,8.697,-74.058,1900.716,5,"crani",8.435,-72.367,0,0,,,1900.555,,33,1
68,4,1,1,1,0,0,0,0,0,0,255,255,255,36,1943.323,"Penguin_iDOL",R,1,53,95,0.061,-0.707,0.224,1.795,0.074,1.4,-36.495,17.165,2,0,-3.078,4.29,0,0,0,1,6,6,R,"「론구」",175,80,0.2,3,41,W,Y,1944.539,246,138,117,113,93,145,126,31.115,12.978,0.69,0,0.212,-325.332,-251.056,-319.722,0.223,-37.224,0,"Slaris",-0.026,-17.27,0,"ByeolBam",-20.564,-47.576,0,"_앰프_",-14.867,-61.95,0,"DoYaGee",19.485,-48.496,0,"k@ster",6.117,-65.984,84,"AI",40.9,-90.65,0,"AI",0,-109.84,0,"AI",-40.8,-90.55,0,1948.782,-15.32,-125.791,1950.569,7,"AI",-16.871,-130.499,1,0,,1954.387,,,33,2
69,4,1,1,1,0,0,0,0,1,0,255,6,255,37,1972.958,"Penguin_iDOL",R,4,51,104,0.232,1.44,0.426,2.034,0.429,2.389,-36.495,51.178,1,0,-175.054,0,0,0,0,0,0,5,R,"crani",165,80,0.299,0,41,W,Y,0,0,0,0,0,0,0,0,0,0,0,0,0,0,0,0,0.119,-37.793,0,"Slaris",0,-17.077,0,"ByeolBam",-19.72,-46.167,0,"_앰프_",-14.592,-61.205,0,"DoYaGee",19.629,-46.296,0,"k@ster",5.594,-65.794,0,"AI",40.9,-90.65,0,"AI",0,-109.84,0,"AI",-40.8,-90.55,0,0,0,0,0,0,"",0,0,0,0,1973.863,,,,0,0
70,4,1,1,1,1,0,0,0,1,0,255,6,255,38,1988.383,"Penguin_iDOL",R,26,91,140,0.181,-0.883,0.202,1.711,0.008,0.937,-36.495,5.62,0,0,48.484,-171.186,0,-0.501,-18.193,1,0,5,R,"crani",165,80,0.299,0,41,W,Y,0,0,0,0,0,0,0,0,0,0,0,0,0,0,0,0,0.241,-37.498,0,"Slaris",0.005,-17.261,0,"ByeolBam",-21.369,-47.813,0,"_앰프_",-16.002,-61.565,0,"DoYaGee",19.579,-47.048,0,"k@ster",5.544,-62.929,0,"AI",40.9,-90.65,0,"AI",0,-109.84,0,"AI",-40.8,-90.55,0,0,0,0,0,0,"",0,0,0,0,1993.129,1992.404,,,0,0
71,4,1,1,1,1,1,0,0,1,0,255,6,255,39,2008.605,"Penguin_iDOL",R,14,73,100,-0.652,-0.113,-0.091,2.105,-0.979,2.093,-36.495,30.439,0,0,339.721,332.195,0,0,0,0,0,5,R,"crani",165,80,0.299,0,41,W,Y,0,0,0,0,0,0,0,0,0,0,0,0,0,0,0,0,0.144,-37.705,0,"Slaris",-0.031,-17.676,0,"ByeolBam",-20.467,-46.375,0,"_앰프_",-14.792,-60.34,0,"DoYaGee",20.546,-46.477,0,"k@ster",5.753,-63.928,0,"AI",40.9,-90.65,0,"AI",0,-109.84,0,"AI",-40.8,-90.55,0,0,0,0,0,0,"",0,0,0,0,2009.596,2011.764,,,0,0
72,4,1,1,1,1,2,0,0,1,0,255,6,255,40,2024.311,"Penguin_iDOL",R,10,75,116,0.88,-1.204,0.313,1.903,0.374,1.478,-36.495,29.272,2,0,0,400,0,0,0,1,0,5,R,"crani",165,80,0.299,3,41,W,Y,2025.336,154,143,84,137,87,145,124,-30,-27.509,0.43,0.143,0.408,-467.17,-249.427,-167.326,-0.118,-37.169,0,"Slaris",0.054,-17.615,0,"ByeolBam",-20.826,-46.194,0,"_앰프_",-13.919,-58.233,0,"DoYaGee",20.499,-48.687,0,"k@ster",6.736,-64.689,89,"AI",40.9,-90.65,0,"AI",0,-109.84,0,"AI",-40.8,-90.55,0,2024.742,0.64,-21.667,2032.129,6,"AI",37.717,-124.93,1,0,,2034.765,2028.921,2033.754,33,2
73,4,1,2,1,0,0,0,0,1,0,255,5,255,41,2058.332,"Penguin_iDOL",R,27,86,140,1.158,-0.399,0.298,1.84,0.425,1.24,-36.495,22.838,0,0,52.32,-125.93,0,0,0,0,1,4,R,"CoalCat",174.8,85.186,0.503,0,41,W,Y,0,0,0,0,0,0,0,0,0,0,0,0,0,0,0,0,0.554,-37.691,0,"Slaris",-0.028,-16.995,0,"ByeolBam",-20.681,-47.107,0,"_앰프_",-13.791,-62.603,0,"DoYaGee",20.415,-46.929,0,"k@ster",11.106,-64.949,0,"muyang_",40.184,-90.813,0,"AI",0,-109.84,0,"AI",-40.8,-90.55,0,0,0,0,0,0,"",0,0,0,0,2059.222,2060.523,,,0,0
74,4,1,2,1,0,1,0,0,1,0,255,5,255,42,2078.661,"Penguin_iDOL",R,10,73,103,-0.213,-1.11,0.262,1.905,-0.056,1.546,-36.495,19.646,4,0,-22.016,379.1,0,0,0,1,1,4,R,"CoalCat",174.8,85.186,0.503,0,41,W,Y,0,0,0,0,0,0,0,0,0,0,0,0,0,0,0,0,0.036,-37.938,0,"Slaris",-0.137,-17.719,0,"ByeolBam",-21.155,-47.357,0,"_앰프_",-14.372,-60.6,0,"DoYaGee",19.506,-45.928,0,"k@ster",11.305,-64.299,0,"muyang_",34.205,-95.364,0,"AI",0,-109.84,0,"AI",-40.8,-90.55,0,0,0,0,0,0,"",0,0,0,0,2079.556,2080.404,,,0,0
75,4,1,2,1,0,2,0,0,1,0,255,5,255,43,2095.534,"Penguin_iDOL",R,4,62,111,3.747,0.905,0.697,1.991,2.025,2.183,-36.495,52.253,3,0,-234.744,0,0,0.436,-21.885,0,1,4,R,"CoalCat",174.8,85.186,0.503,0,41,W,Y,0,0,0,0,0,0,0,0,0,0,0,0,0,0,0,0,0.105,-37.684,0,"Slaris",0.011,-17.201,0,"ByeolBam",-21.131,-47.298,0,"_앰프_",-15.571,-60.499,0,"DoYaGee",20.101,-47.227,0,"k@ster",11.517,-64.105,0,"muyang_",33.256,-95.612,0,"AI",0,-109.84,0,"AI",-40.8,-90.55,0,0,0,0,0,0,"",0,0,0,0,2099.996,2098.657,,,0,6
76,4,1,2,1,0,0,1,0,1,0,255,5,255,44,2123.976,"Penguin_iDOL",R,26,83,135,-0.828,0.033,0.12,1.843,-0.372,1.458,-36.495,15.316,0,0,5.23,-180.916,0,0,0,0,2,1,R,"Pugeuk",190,86.173,0.396,0,41,W,Y,0,0,0,0,0,0,0,0,0,0,0,0,0,0,0,0,-0.015,-37.732,0,"Slaris",-0.042,-17.181,0,"ByeolBam",-20.642,-47.445,0,"_앰프_",-14.631,-61.094,0,"DoYaGee",20.64,-44.238,0,"k@ster",11.492,-64.178,0,"muyang_",36.668,-92.393,0,"AI",0,-109.84,0,"AI",-40.8,-90.55,0,0,0,0,0,0,"",0,0,0,0,2124.742,2125.924,,,0,0
77,4,1,2,1,0,1,1,0,1,0,255,5,255,45,2138.514,"Penguin_iDOL",R,14,80,118,0.94,-0.558,0.151,1.898,-0.229,1.638,-36.495,18.896,2,0,376.402,329.123,0,0,0,1,2,1,R,"Pugeuk",190,86.173,0.396,2,41,W,Y,2139.532,228,58,129,65,33,145,130,5.162,-27.679,0.68,0,0.74,-94.987,-82.966,-65.928,-0.179,-37.406,0,"Slaris",0.023,-17.191,120,"ByeolBam",-20.996,-47.347,86,"_앰프_",-16.788,-60.572,95,"DoYaGee",19.33,-47.54,0,"k@ster",11.756,-64.375,0,"muyang_",34.89,-93.849,107,"AI",0,-109.84,0,"AI",-40.8,-90.55,0,2140.316,21.705,-61.3,2141.782,6,"muyang_",34.419,-84.358,1,1,2148.156,,2144.638,2149.371,124,2
78,4,1,2,1,0,0,2,1,0,0,1,255,255,46,2169.776,"Penguin_iDOL",R,1,63,116,-1.204,-1.463,0.258,1.815,0.272,1.367,-36.495,18.83,4,0,-4.599,1.171,0,-0.359,-18.276,1,3,2,R,"Floră",190,86,0.403,0,40,W,Y,0,0,0,0,0,0,0,0,0,0,0,0,0,0,0,0,-1.264,-38.196,0,"Slaris",-0.089,-19.728,0,"ByeolBam",-19.265,-42.041,0,"_앰프_",-12.38,-62.669,0,"DoYaGee",20.324,-47.927,0,"k@ster",9.014,-63.88,0,"muyang_",29.71,-87.735,0,"AI",0,-109.84,0,"AI",-40.8,-90.55,0,0,0,0,0,0,"",0,0,0,0,2170.769,2173.718,,,0,0
79,4,1,2,1,0,1,2,0,1,0,255,1,255,47,2195.131,"Penguin_iDOL",R,3,66,107,-4.038,-0.136,0.087,1.833,-0.863,1.526,-36.495,18.535,2,0,-486.364,0,0,0,0,1,3,2,R,"Floră",190,86,0.403,5,40,W,Y,2196.15,99,137,118,59,20,135,85,28.811,15.405,0.98,0,0.411,554.313,226.684,-12.356,-0.154,-37.762,0,"Slaris",-0.379,-17.409,0,"ByeolBam",-21.139,-47.331,0,"_앰프_",-14.651,-60.992,0,"DoYaGee",19.842,-46.794,0,"k@ster",11.792,-62.95,0,"muyang_",33.298,-92.158,0,"AI",0,-109.84,0,"AI",-40.8,-90.55,0,2200.583,-23.638,-88.67,0,0,"",0,0,0,0,,,2201.722,,16,1
80,4,0,2,1,0,0,0,0,0,0,255,255,255,31,2241.19,"하루（Haru）",R,0,7,10,1.401,-2.97,0.325,1.852,0.6,1.616,-36.489,58.606,1,0,0,0,-21.482,0.313,-33.105,0,2,3,R,"_앰프_",160,80,0.4,0,40,W,Y,0,0,0,0,0,0,0,0,0,0,0,0,0,0,0,0,0.129,-37.201,0,"Pugeuk",0.002,-17.099,0,"Floră",-20.311,-49.827,0,"아침땅_",-15.003,-64.29,0,"CoalCat",19.349,-50.46,0,"crani",8.636,-64.391,0,"「론구」",39.49,-90.125,0,"AI",0,-109.84,0,"AI",-40.8,-90.55,0,0,0,0,0,0,"",0,0,0,0,,,,,0,0
81,4,0,2,1,1,0,0,0,0,0,255,255,255,32,2260.092,"하루（Haru）",R,0,6,9,1.86,-2.97,0.383,1.841,0.798,2.1,-36.489,49.374,1,0,-34.948,0,-27.728,0.377,-33.475,0,2,3,R,"_앰프_",160,80,0.4,0,40,W,Y,0,0,0,0,0,0,0,0,0,0,0,0,0,0,0,0,0.08,-37.125,0,"Pugeuk",-0.044,-17.173,0,"Floră",-20.568,-50.149,0,"아침땅_",-15.08,-64.158,0,"CoalCat",19.33,-50.458,0,"crani",8.638,-64.41,0,"「론구」",42.221,-92.407,0,"AI",0,-109.84,0,"AI",-40.8,-90.55,0,0,0,0,0,0,"",0,0,0,0,,,,,0,0
82,4,0,2,1,2,0,0,0,0,0,255,255,255,33,2277.912,"하루（Haru）",R,13,22,71,-0.303,-1.482,0.404,1.708,0.642,1.553,-36.489,33.082,1,0,-265.915,283.323,-32.037,0.092,-18.964,0,2,3,R,"_앰프_",160,80,0.4,0,40,W,Y,0,0,0,0,0,0,0,0,0,0,0,0,0,0,0,0,0.025,-37.102,0,"Pugeuk",-0.036,-17.272,0,"Floră",-20.546,-50.117,0,"아침땅_",-15.259,-63.635,0,"CoalCat",19.34,-50.467,0,"crani",8.622,-64.316,0,"「론구」",41.475,-93.538,0,"AI",0,-109.84,0,"AI",-40.8,-90.55,0,0,0,0,0,0,"",0,0,0,0,2280.676,,,,0,0
83,4,0,2,1,3,0,0,0,0,0,255,255,255,34,2294.315,"하루（Haru）",R,27,84,137,1.336,0.938,0.304,1.878,0.485,1.952,-36.489,47.395,0,0,68.466,-129.699,5.154,0,0,0,2,3,R,"_앰프_",160,80,0.4,0,40,W,Y,0,0,0,0,0,0,0,0,0,0,0,0,0,0,0,0,-0.435,-37.28,0,"Pugeuk",-0.014,-16.986,0,"Floră",-20.729,-50.5,0,"아침땅_",-15.394,-63.311,0,"CoalCat",19.31,-50.453,0,"crani",8.592,-64.312,0,"「론구」",36.278,-100.515,0,"AI",0,-109.84,0,"AI",-40.8,-90.55,0,0,0,0,0,0,"",0,0,0,0,2295.183,,,,0,0
84,4,0,2,1,3,1,0,0,0,0,255,255,255,35,2311.049,"하루（Haru）",R,28,81,132,2.423,0.824,0.398,1.869,0.922,1.917,-36.489,50.923,1,0,90.837,-98.391,6.047,0,0,0,2,3,R,"_앰프_",160,80,0.4,0,40,W,Y,0,0,0,0,0,0,0,0,0,0,0,0,0,0,0,0,0.089,-37.126,0,"Pugeuk",-0.044,-16.991,0,"Floră",-20.741,-50.706,0,"아침땅_",-14.859,-63.833,0,"CoalCat",19.321,-50.464,0,"crani",7.307,-64.507,0,"「론구」",36.131,-100.362,0,"AI",0,-109.84,0,"AI",-40.8,-90.55,0,0,0,0,0,0,"",0,0,0,0,2311.956,,,,0,5
85,4,0,2,1,0,0,0,1,0,0,13,255,255,36,2330.818,"하루（Haru）",R,27,90,140,0.15,-0.483,0.201,1.653,0.005,1.177,-36.489,29.366,2,0,39.683,-145.316,10.195,0,0,1,3,1,R,"Slaris",190,85.69,0.452,1,40,W,Y,2331.795,224,119,80,73,35,145,135,-0.174,0.292,0.39,0,0.276,134.808,-252.603,-13.777,-0.029,-37.322,0,"Pugeuk",-0.022,-17.275,0,"Floră",-18.927,-44.89,0,"아침땅_",-13.057,-62.675,85,"CoalCat",19.123,-49.748,0,"crani",7.474,-63.431,0,"「론구」",36.167,-100.429,0,"AI",0,-109.84,0,"AI",-40.8,-90.55,0,2331.676,0.077,-38.435,2334.276,7,"AI",1.302,-99.791,1,0,,2336.188,,,48,2
86,4,0,2,1,0,0,0,1,1,0,11,13,255,37,2362.18,"하루（Haru）",R,10,76,117,1.032,-0.668,0.295,1.819,0.441,1.717,-36.489,41.116,2,0,0,400,11.551,0,0,1,4,2,R,"ByeolBam",179.9,90,0.5,3,40,W,Y,2363.187,170,79,124,98,52,145,98,-19.528,6.167,-0.24,0,0.087,-230.412,-193.489,100.426,-0.225,-36.719,0,"Pugeuk",-0.059,-17.231,0,"Floră",-20.522,-49.224,0,"아침땅_",-13.354,-62.689,95,"CoalCat",19.689,-48.979,0,"crani",7.374,-63.386,0,"「론구」",33.818,-98.246,0,"AI",0,-109.84,0,"AI",-40.8,-90.55,0,2362.716,-0.015,-22.525,2367.276,7,"AI",-9.12,-93.403,1,0,2373.396,2367.515,2367.975,2372.637,52,2
87,4,0,2,2,0,0,0,1,1,0,12,11,255,38,2398.456,"하루（Haru）",R,0,35,95,-0.419,0.056,0.159,1.803,-0.192,1.663,-36.489,20.463,0,0,0,0,3.652,0,0,1,5,0,R,"Penguin_iDOL",190,80,0.398,0,40,W,Y,0,0,0,0,0,0,0,0,0,0,0,0,0,0,0,0,-0.476,-37.385,0,"Pugeuk",-0.05,-17.155,0,"Floră",-19.272,-45.048,0,"아침땅_",-12.587,-62.888,0,"CoalCat",18.89,-47.427,0,"crani",5.179,-63.529,0,"「론구」",38.226,-102.493,0,"AI",0,-109.84,0,"AI",-40.8,-90.55,0,0,0,0,0,0,"",0,0,0,0,2399.196,2401.278,,,0,0
88,4,0,2,2,0,1,0,1,1,0,12,11,255,39,2414.221,"하루（Haru）",R,1,38,97,0.625,0.428,0.256,1.801,0.258,1.657,-36.489,33.151,2,0,-3.007,0.446,2.071,0,0,1,5,0,R,"Penguin_iDOL",190,80,0.398,5,40,W,Y,2415.234,143,128,79,72,58,141,92,112.694,8.513,-0.65,0,0.453,430.003,212.081,-336.201,0.07,-37.375,0,"Pugeuk",-0.161,-17.229,0,"Floră",-16.702,-43.936,0,"아침땅_",-12.647,-62.937,0,"CoalCat",18.815,-47.381,0,"crani",6.283,-63.185,0,"「론구」",38.354,-102.642,0,"AI",0,-109.84,0,"AI",-40.8,-90.55,0,0,0,0,0,0,"",0,0,0,0,,2420.482,,,16,3
89,4,0,2,2,0,2,0,1,1,0,12,11,255,40,2432.73,"하루（Haru）",R,27,91,140,-0.905,-0.46,0.094,1.659,-0.495,1.196,-36.183,23.632,2,0,64.287,-118.595,15.662,0,0,1,5,0,R,"Penguin_iDOL",190,80,0.398,5,71,W,Y,2433.708,189,206,91,97,51,145,130,9.056,6.16,0.42,0,0.601,152.15,390.765,-128.318,0.052,-37.566,0,"Pugeuk",-0.097,-17.258,107,"Floră",-19.561,-47.043,0,"아침땅_",-12.453,-62.977,0,"CoalCat",19.234,-48.122,0,"crani",6.441,-63.254,0,"「론구」",38.601,-103.157,0,"AI",0,-109.84,0,"AI",-40.8,-90.55,0,2435.996,-14.326,-104.047,2439.369,7,"AI",-15.897,-129.637,1,0,2447.049,2438.384,2439.678,2444.879,52,2
90,4,0,2,3,0,0,0,0,1,1,255,10,12,41,2469.939,"하루（Haru）",R,0,77,127,0.222,-0.323,0.219,1.729,0.086,1.397,-36.293,31.911,2,0,0,0,7.726,0,0,1,6,6,R,"muyang_",169.6,80,0.498,5,40,W,Y,2470.984,72,205,67,22,7,100,66,-2.847,3.542,-0.14,0,1.013,-241.182,-460.555,291.228,-0.29,-37.312,102,"Pugeuk",-0.05,-17.178,0,"Floră",-16.087,-43.811,93,"아침땅_",-14.637,-63.872,0,"CoalCat",18.706,-45.382,85,"crani",7.336,-64.067,96,"「론구」",30.334,-93.631,86,"AI",0,-109.84,0,"AI",-40.8,-90.55,0,2470.756,-0.311,-27.101,2471.689,0,"하루（Haru）",-1.006,-35.512,0,0,,,2480.602,2478.071,91,2
91,4,0,2,4,0,0,1,0,0,1,255,255,10,42,2515.229,"하루（Haru）",R,11,64,113,0.968,1.359,0.331,2.142,0.412,2.643,-36.726,72.744,1,0,0,197.201,4.266,0,0,0,0,5,R,"k@ster",174.9,80,0.326,0,40,W,Y,0,0,0,0,0,0,0,0,0,0,0,0,0,0,0,0,-0.551,-37.349,0,"Pugeuk",0.016,-16.902,0,"Floră",-19.329,-49.309,0,"아침땅_",-14.563,-63.98,0,"CoalCat",20.105,-46.853,0,"crani",7.757,-64.83,0,"「론구」",31.966,-95.858,0,"AI",0,-109.84,0,"AI",-40.8,-90.55,0,0,0,0,0,0,"",0,0,0,0,2515.996,,2515.91,,0,0
92,4,0,2,4,1,0,1,0,0,1,255,255,10,43,2531.054,"하루（Haru）",R,0,46,104,4.436,4.228,0.494,2.197,1.918,4.061,-37.266,107.921,1,0,0,0,4.407,0,0,0,0,5,R,"k@ster",174.9,80,0.326,0,40,W,Y,0,0,0,0,0,0,0,0,0,0,0,0,0,0,0,0,0.324,-37.21,0,"Pugeuk",0.609,-16.785,0,"Floră",-19.377,-49.797,0,"아침땅_",-14.808,-63.956,0,"CoalCat",19.675,-45.051,0,"crani",8.126,-62.542,0,"「론구」",32.52,-96.709,0,"AI",0,-109.84,0,"AI",-40.8,-90.55,0,0,0,0,0,0,"",0,0,0,0,2531.969,,2533.923,,0,0
93,4,0,2,4,2,0,1,0,0,1,255,255,10,44,2548.73,"하루（Haru）",R,27,74,125,0.585,1.837,0.233,2.046,0.155,2.517,-36.533,59.556,4,0,60.108,-128.406,8.716,0,0,1,0,5,R,"k@ster",174.9,80,0.326,0,40,W,Y,0,0,0,0,0,0,0,0,0,0,0,0,0,0,0,0,-0.109,-37.513,111,"Pugeuk",-0.068,-17.11,0,"Floră",-19.348,-49.698,0,"아침땅_",-14.806,-63.84,0,"CoalCat",19.311,-43.758,0,"crani",8.305,-63.026,0,"「론구」",32.514,-96.708,0,"AI",0,-109.84,0,"AI",-40.8,-90.55,0,0,0,0,0,0,"",0,0,0,0,2549.489,,2551.486,,0,0
94,4,0,2,4,2,1,1,0,0,1,255,255,10,45,2585.276,"하루（Haru）",R,26,89,140,-5.72,-1.056,0.199,1.73,-0.003,1.406,-36.223,29.019,2,0,19.089,-161.446,13.457,0,0,1,0,5,R,"k@ster",174.9,80,0.326,0,40,W,Y,2586.234,153,74,82,38,21,138,83,19.341,-19.553,-1,0,0.1,261.267,-406.125,-44.059,-0.367,-37.543,0,"Pugeuk",-0.026,-17.151,0,"Floră",-19.636,-50.021,0,"아침땅_",-14.783,-63.783,87,"CoalCat",19.419,-45.055,0,"crani",8.274,-62.965,0,"「론구」",32.527,-96.712,113,"AI",0,-109.84,0,"AI",-40.8,-90.55,0,2589.156,24.398,-75.051,2590.022,6,"「론구」",26.945,-79.91,1,0,,,,2593.192,112,2
95,4,0,2,5,0,0,1,1,0,0,15,255,255,46,2613.859,"하루（Haru）",R,27,80,131,0.999,1.008,0.281,1.942,0.377,2.112,-36.321,38.888,2,0,34.091,-133.456,5.751,0,0,1,1,4,R,"DoYaGee",190,80,0.603,5,40,W,Y,2614.869,119,162,91,63,47,137,90,109.358,-4.528,-0.61,0,0.22,347.09,401.517,168.981,-0.286,-37.423,0,"Pugeuk",-0.013,-17.354,0,"Floră",-19.636,-49.291,0,"아침땅_",-12.979,-62.896,0,"CoalCat",19.485,-47.51,0,"crani",8.082,-64.375,0,"「론구」",38.346,-100.71,0,"AI",0,-109.84,0,"AI",-40.8,-90.55,0,0,0,0,0,0,"",0,0,0,0,,,,,16,3
96,4,0,2,5,0,1,1,1,0,0,15,255,255,47,2633.69,"하루（Haru）",R,27,87,140,0.94,0.1,0.272,1.773,0.336,1.564,-36.489,32.744,2,0,48.576,-119.805,7.668,0,0,1,1,4,R,"DoYaGee",190,80,0.603,5,40,W,Y,2634.682,172,150,91,64,36,145,107,25.795,3.321,0.01,0,0.175,290.566,444.929,-21.151,0.327,-37.556,0,"Pugeuk",0.011,-17.159,0,"Floră",-20.163,-48.669,85,"아침땅_",-12.958,-63.204,0,"CoalCat",21.041,-47.991,0,"crani",7.271,-63.76,85,"「론구」",36.919,-101.607,0,"AI",0,-109.84,0,"AI",-40.8,-90.55,0,2639.063,-14.35,-112.827,2643.849,5,"crani",-0.464,-60.831,0,0,,2640.755,,,25,1
97,4,0,2,5,0,0,2,0,1,0,255,15,255,48,2668.176,"하루（Haru）",R,27,87,140,0.377,-0.638,0.228,1.665,0.131,1.135,-36.489,28.466,0,0,20.315,-118.664,7.249,-0.706,-19.217,0,2,3,R,"_앰프_",160,80,0.4,0,40,W,Y,0,0,0,0,0,0,0,0,0,0,0,0,0,0,0,0,-0.352,-37.075,0,"Pugeuk",-0.047,-17.989,0,"Floră",-20.439,-46.482,0,"아침땅_",-14.492,-64.222,0,"CoalCat",20.347,-49.061,0,"crani",3.544,-62.527,0,"「론구」",30.197,-93.053,0,"AI",0,-109.84,0,"AI",-40.8,-90.55,0,0,0,0,0,0,"",0,0,0,0,2670.383,2672.049,,,0,0
98,4,0,2,5,0,1,2,0,1,0,255,15,255,49,2694.703,"하루（Haru）",R,27,78,128,0.059,2.198,0.188,2.053,-0.058,2.624,-36.489,51.89,4,0,55.648,-110.931,4.104,0,0,1,2,3,R,"_앰프_",160,80,0.4,0,40,W,Y,0,0,0,0,0,0,0,0,0,0,0,0,0,0,0,0,-0.029,-37.358,0,"Pugeuk",-0.032,-17.218,0,"Floră",-20.308,-49.153,0,"아침땅_",-14.742,-63.657,0,"CoalCat",20.118,-48.332,0,"crani",7.599,-63.833,0,"「론구」",30.16,-93.012,0,"AI",0,-109.84,0,"AI",-40.8,-90.55,0,0,0,0,0,0,"",0,0,0,0,2695.609,2697.203,,,0,0
99,4,0,2,5,0,2,2,0,1,0,255,15,255,50,2713.117,"하루（Haru）",R,3,57,103,-1.176,-0.069,0.255,1.836,0.182,1.568,-36.489,55.104,2,0,-379.824,0,17.857,0,0,1,2,3,R,"_앰프_",160,80,0.4,3,40,W,Y,2714.287,255,187,85,83,63,145,76,104.623,-81.865,1,0,0.201,-126.786,-12.229,164.902,-0.671,-37.298,0,"Pugeuk",-0.588,-17.488,0,"Floră",-20.373,-49.375,0,"아침땅_",-14.848,-63.572,0,"CoalCat",19.797,-48.663,0,"crani",7.537,-63.58,0,"「론구」",30.273,-93.166,0,"AI",0,-109.84,0,"AI",-40.8,-90.55,0,0,0,0,0,0,"",0,0,0,0,,2718.957,,,16,3
100,4,0,2,5,0,2,2,0,1,0,255,15,255,51,2735.344,"하루（Haru）",R,3,72,114,-0.332,1.395,0.303,1.975,0.478,2.326,-36.489,57.367,1,0,-391.008,0,12.377,0,0,0,2,3,R,"_앰프_",160,80,0.4,0,40,W,Y,0,0,0,0,0,0,0,0,0,0,0,0,0,0,0,0,-0.023,-37.656,0,"Pugeuk",-0.059,-17.138,0,"Floră",-20.815,-47.371,0,"아침땅_",-15.883,-63.09,0,"CoalCat",20.157,-47.064,0,"crani",7.151,-64.176,0,"「론구」",29.898,-91.121,0,"AI",0,-109.84,0,"AI",-40.8,-90.55,0,0,0,0,0,0,"",0,0,0,0,2736.302,2738.558,,,0,0
101,4,0,2,5,1,2,2,0,1,0,255,15,255,52,2758.698,"하루（Haru）",R,3,64,108,-1.456,-0.111,0.215,1.771,0.069,1.542,-36.489,43.041,0,0,-408.337,0,17.315,0,0,1,2,3,R,"_앰프_",160,80,0.4,0,39,W,Y,0,0,0,0,0,0,0,0,0,0,0,0,0,0,0,0,0.061,-37.425,0,"Pugeuk",-0.331,-18.237,0,"Floră",-19.981,-47.26,0,"아침땅_",-15.437,-63.204,0,"CoalCat",19.675,-47.7,0,"crani",7.424,-64.268,0,"「론구」",29.815,-90.882,0,"AI",0,-109.84,0,"AI",-40.8,-90.55,0,0,0,0,0,0,"",0,0,0,0,2759.663,2761.859,,,0,0
102,5,1,2,5,0,0,0,0,0,0,255,255,255,48,2795.611,"Penguin_iDOL",R,14,86,126,1.146,-1.331,0.188,1.742,-0.058,1.133,-36.495,8.08,4,0,360.277,346.699,0,0.696,-18.412,1,4,0,L,"하루（Haru）",190,90,0.503,0,39,W,Y,0,0,0,0,0,0,0,0,0,0,0,0,0,0,0,0,0.405,-37.68,0,"Slaris",0.078,-17.395,0,"ByeolBam",-20.761,-49.823,0,"_앰프_",-5.32,-62.794,0,"DoYaGee",20.585,-44.903,0,"k@ster",13.203,-62.322,0,"muyang_",38.273,-88.141,0,"AI",0,-109.84,0,"AI",-40.8,-90.55,0,0,0,0,0,0,"",0,0,0,0,2798.876,,,,0,0
103,5,1,2,5,0,1,0,0,0,0,255,255,255,49,2813.446,"Penguin_iDOL",R,26,86,139,-0.286,1.109,0.17,2.048,-0.138,2.122,-36.495,28.189,2,0,5.9,-200,0,0,0,1,4,0,L,"하루（Haru）",190,90,0.503,5,39,W,Y,2814.51,201,116,118,85,27,145,95,61.494,-4.262,-0.61,0,0.286,364.849,-186.947,201.14,-0.153,-37.52,0,"Slaris",-0.108,-17.221,0,"ByeolBam",-21.126,-50.347,0,"_앰프_",-8.686,-61.981,94,"DoYaGee",21.221,-45.037,0,"k@ster",13.168,-62.196,0,"muyang_",38.686,-89.485,0,"AI",0,-109.84,0,"AI",-40.8,-90.55,0,2820.449,4.194,-68.786,2820.569,3,"_앰프_",4.035,-67.818,0,0,,,,,36,1
104,5,1,2,5,0,0,1,0,0,0,255,255,255,50,2845.292,"Penguin_iDOL",R,14,80,105,-0.962,-0.596,-0.171,2.023,-1.093,1.819,-36.495,24.158,0,0,353.316,336.149,0,0,0,0,5,3,R,"아침땅_",160,95.405,0.5,0,39,W,Y,0,0,0,0,0,0,0,0,0,0,0,0,0,0,0,0,-0.01,-37.395,0,"Slaris",-0.243,-17.586,0,"ByeolBam",-21.668,-48.813,0,"_앰프_",-11.629,-61.934,0,"DoYaGee",20.035,-48.506,0,"k@ster",10.624,-62.724,0,"muyang_",28.462,-94.434,0,"AI",0,-109.84,0,"AI",-40.8,-90.55,0,0,0,0,0,0,"",0,0,0,0,2846.049,,,,0,0
105,5,1,2,5,0,1,1,0,0,0,255,255,255,51,2865.177,"Penguin_iDOL",R,10,66,98,0.176,0.347,0.248,2.247,0.07,2.485,-36.495,44.007,2,0,0,400,0,0,0,1,5,3,R,"아침땅_",160,95.405,0.5,2,36,W,Y,2866.15,164,67,96,70,34,145,76,105.826,-59.024,-1,0,0.243,407.168,228.692,48.298,-0.197,-37.039,0,"Slaris",-0.06,-17.209,0,"ByeolBam",-21.688,-48.765,0,"_앰프_",-13.989,-61.581,0,"DoYaGee",19.557,-49.236,0,"k@ster",10.642,-62.709,0,"muyang_",31.121,-92.732,0,"AI",0,-109.84,0,"AI",-40.8,-90.55,0,0,0,0,0,0,"",0,0,0,0,,,,,32,3
106,5,1,2,5,0,2,1,0,0,0,255,255,255,52,2882.219,"Penguin_iDOL",R,26,83,135,0.726,-0.687,0.258,1.739,0.27,1.023,-36.495,13.564,2,0,27.109,-185.381,0,0,0,1,5,3,R,"아침땅_",160,95.405,0.5,2,39,W,Y,2883.055,177,68,88,52,0,145,119,-30,-27.4,0.25,0,0.28,-371.829,-198.941,-19.847,-0.13,-37.172,0,"Slaris",0,-17.528,0,"ByeolBam",-21.866,-48.663,0,"_앰프_",-14.986,-62.338,88,"DoYaGee",19.516,-49.097,0,"k@ster",11.975,-62.444,0,"muyang_",31.757,-92.321,0,"AI",0,-109.84,0,"AI",-40.8,-90.55,0,2882.423,0.55,-19.697,2885.996,6,"muyang_",33.116,-82.724,1,0,,,,,100,2
107,5,1,2,5,0,0,1,1,0,0,3,255,255,53,2908.187,"Penguin_iDOL",R,14,80,117,-2.109,-0.906,-0.135,1.853,-1.556,1.476,-36.495,16.369,1,0,383.951,320.284,0,0,0,0,6,6,R,"「론구」",175,80,0.2,0,39,W,Y,0,0,0,0,0,0,0,0,0,0,0,0,0,0,0,0,-0.143,-38.033,0,"Slaris",-0.329,-17.807,0,"ByeolBam",-20.449,-43.648,0,"_앰프_",-13.828,-61.071,0,"DoYaGee",19.679,-50.088,0,"k@ster",10.788,-64.026,0,"muyang_",31.635,-91.674,0,"AI",0,-109.84,0,"AI",-40.8,-90.55,0,0,0,0,0,0,"",0,0,0,0,2909.116,,,,0,0
108,5,1,2,5,1,0,1,1,0,0,3,255,255,54,2922.649,"Penguin_iDOL",R,27,79,129,0.438,-0.244,0.246,1.849,0.044,1.303,-36.495,29.802,2,0,94.61,-142.646,0,0,0,1,6,6,R,"「론구」",175,80,0.2,3,39,W,Y,2923.762,215,95,115,97,73,145,81,41.892,26.619,-1,0,0.298,435.393,366.243,-142.714,-2.785,-37.836,0,"Slaris",-0.137,-17.802,0,"ByeolBam",-19.773,-45.153,0,"_앰프_",-11.339,-62.113,0,"DoYaGee",19.439,-50.483,0,"k@ster",7.322,-62.983,85,"muyang_",36.649,-100.16,0,"AI",0,-109.84,0,"AI",-40.8,-90.55,0,2928.249,-31.953,-72.562,2928.676,8,"AI",-31.669,-72.161,1,0,,2925.771,,,33,2
109,5,1,2,5,0,0,1,1,1,0,6,3,255,55,2955.227,"Penguin_iDOL",R,1,54,96,0.351,0.237,0.213,1.863,0.041,1.551,-36.495,18.955,0,0,-2.766,3.332,0,0.157,-18.025,0,0,5,R,"crani",160,80,0.299,0,39,W,Y,0,0,0,0,0,0,0,0,0,0,0,0,0,0,0,0,-0.292,-37.684,0,"Slaris",0.044,-18.093,0,"ByeolBam",-21.063,-46.617,0,"_앰프_",-12.384,-61.699,0,"DoYaGee",20.227,-47.355,0,"k@ster",8.795,-63.756,0,"muyang_",38.408,-98.14,0,"AI",0,-109.84,0,"AI",-40.8,-90.55,0,0,0,0,0,0,"",0,0,0,0,2957.436,2958.876,,,0,0
110,5,1,2,5,0,1,1,1,1,0,6,3,255,56,2971.596,"Penguin_iDOL",R,27,78,128,0.526,-0.855,0.232,1.73,0.149,0.988,-36.495,9.165,2,0,48.393,-125.928,0,0,0,1,0,5,R,"crani",160,80,0.299,3,39,W,Y,2972.62,200,121,121,96,42,145,76,-30,65.016,1,0.143,0.376,37.396,488.318,-232.776,0.264,-37.156,0,"Slaris",0.005,-17.677,0,"ByeolBam",-20.678,-46.132,0,"_앰프_",-14.173,-60.311,0,"DoYaGee",20.091,-46.71,0,"k@ster",11.685,-63.656,0,"muyang_",39.73,-108.417,0,"AI",0,-109.84,0,"AI",-40.8,-90.55,0,2972.089,-1.696,-20.545,0,0,"",0,0,0,0,,2976.84,,,32,3
111,5,1,2,5,0,2,1,1,1,0,6,3,255,57,2988.745,"Penguin_iDOL",R,14,73,100,-1.348,-0.399,-0.211,2.073,-1.282,1.956,-36.495,28.128,0,0,340.954,330.663,0,0,0,0,0,5,R,"crani",160,80,0.299,0,39,W,Y,0,0,0,0,0,0,0,0,0,0,0,0,0,0,0,0,0.005,-37.685,0,"Slaris",-0.385,-18.966,0,"ByeolBam",-20.889,-44.202,0,"_앰프_",-15.161,-61.289,0,"DoYaGee",19.704,-46.322,0,"k@ster",10.629,-64.05,0,"muyang_",39.565,-104.096,0,"AI",0,-109.84,0,"AI",-40.8,-90.55,0,0,0,0,0,0,"",0,0,0,0,2989.703,2991.988,,,0,0
112,5,1,2,5,0,0,2,1,1,0,6,3,255,58,3013.219,"Penguin_iDOL",R,3,58,91,0.233,0.93,0.505,2.069,0.835,2.183,-36.495,49.826,2,0,-322.025,14.642,0,0,0,1,1,4,R,"CoalCat",174.8,85.186,0.503,0,39,W,Y,3014.616,255,82,78,78,43,145,101,-8.667,-21.214,-0.23,0,0.277,-197.819,-502.724,-197.062,0.055,-37.243,0,"Slaris",-0.114,-17.88,0,"ByeolBam",-20.138,-45.617,0,"_앰프_",-14.872,-60.543,0,"DoYaGee",20.451,-46.847,0,"k@ster",12.022,-64.035,0,"muyang_",39.111,-87.371,68,"AI",0,-109.84,0,"AI",-40.8,-90.55,0,3014.223,2.887,-27.82,3017.623,6,"muyang_",25.932,-82.091,1,0,,3019.645,3018.057,,96,2
113,5,1,2,5,0,0,2,1,1,1,4,6,3,59,3044.353,"Penguin_iDOL",R,26,86,139,0.08,0.22,0.193,1.875,-0.032,1.564,-36.495,22.733,2,0,44.642,-200,0,0,0,1,2,1,R,"Pugeuk",190,86.173,0.396,2,39,W,Y,3045.359,163,34,74,37,15,137,82,-30,41.97,1,0,0.511,-390.768,287.236,61.95,-0.317,-37.159,0,"Slaris",-0.136,-17.746,0,"ByeolBam",-21.344,-48.391,0,"_앰프_",-14.604,-61.55,0,"DoYaGee",17.645,-46.332,0,"k@ster",13.043,-62.482,0,"muyang_",30.195,-87.332,0,"AI",0,-109.84,0,"AI",-40.8,-90.55,0,3044.823,-1.327,-20.595,3046.769,2,"ByeolBam",-20.669,-42.187,0,0,,3050.869,3050.116,,16,2
114,5,0,2,5,0,0,0,0,0,0,255,255,255,53,3093.354,"하루（Haru）",R,27,89,140,-0.186,-1.492,0.176,1.468,-0.11,0.577,-36.489,26.655,1,0,17.374,-108.171,8.063,0.386,-18.722,0,3,1,R,"Slaris",190,85.69,0.452,0,39,W,Y,0,0,0,0,0,0,0,0,0,0,0,0,0,0,0,0,0.198,-37.146,0,"Pugeuk",0.107,-17.65,0,"Floră",-20.765,-50.627,0,"아침땅_",-14.609,-64.139,0,"CoalCat",18.881,-48.964,0,"crani",8.701,-64.975,0,"「론구」",37.56,-101.009,0,"AI",0,-109.84,0,"AI",-40.8,-90.55,0,0,0,0,0,0,"",0,0,0,0,3099.156,,,,0,0
115,5,0,2,5,1,0,0,0,0,0,255,255,255,54,3117.842,"하루（Haru）",R,26,88,140,-0.095,-0.734,0.125,1.625,-0.349,1.085,-36.489,27.566,2,0,76.981,-178.25,20.281,0,0,1,3,1,R,"Slaris",190,85.69,0.452,0,39,W,Y,3118.748,190,146,160,108,28,145,135,26.24,29.247,0.56,0,0.23,307.954,497.385,-101.826,-0.447,-37.264,0,"Pugeuk",0.021,-17.029,0,"Floră",-20.816,-50.747,0,"아침땅_",-14.583,-64.044,0,"CoalCat",18.859,-49.002,0,"crani",8.665,-64.883,0,"「론구」",37.532,-100.998,0,"AI",0,-109.84,0,"AI",-40.8,-90.55,0,3123.476,-73.79,-121.401,0,0,"",0,0,0,0,,3129.075,3134.237,,16,4
116,5,0,2,6,0,0,0,0,0,0,255,255,255,55,3158.687,"하루（Haru）",R,5,75,123,0.401,-0.556,0.28,1.686,0.371,1.263,-36.489,37.668,2,0,-126.032,0,10.386,0,0,1,4,2,R,"ByeolBam",179.9,90,0.5,5,39,W,Y,3159.693,168,180,119,134,76,145,127,90.924,-70.397,0.27,0,0.242,313.975,476.197,136.521,0.032,-36.852,0,"Pugeuk",0.062,-17.113,120,"Floră",-17.91,-46.642,0,"아침땅_",-14.474,-63.939,0,"CoalCat",19.41,-48.268,0,"crani",9.133,-65.397,0,"「론구」",34.022,-96.314,0,"AI",0,-109.84,0,"AI",-40.8,-90.55,0,3167.716,-9.885,-9.054,3167.863,1,"Pugeuk",-9.822,-9.119,0,0,3167.863,,,,20,1
117,5,0,2,6,0,0,1,0,0,0,255,255,255,56,3196.064,"하루（Haru）",R,27,86,139,3.049,0.177,0.453,1.776,1.176,1.575,-36.489,34.598,4,0,97.427,-146.471,10.023,0,0,1,5,0,R,"Penguin_iDOL",190,80,0.398,0,39,W,Y,0,0,0,0,0,0,0,0,0,0,0,0,0,0,0,0,0.124,-37.274,0,"Pugeuk",0.088,-16.937,0,"Floră",-20.291,-50.501,0,"아침땅_",-14.415,-64.107,0,"CoalCat",18.98,-49.768,0,"crani",9.368,-65.316,0,"「론구」",34.443,-96.297,0,"AI",0,-109.84,0,"AI",-40.8,-90.55,0,0,0,0,0,0,"",0,0,0,0,3196.703,,,,0,0
118,5,0,2,6,0,1,1,0,0,0,255,255,255,57,3213.578,"하루（Haru）",R,3,65,108,-4.524,-0.409,-0.055,1.709,-1.186,1.359,-36.489,13.993,4,0,-424.157,0,17.091,0,0,1,5,0,R,"Penguin_iDOL",190,80,0.398,0,39,W,Y,0,0,0,0,0,0,0,0,0,0,0,0,0,0,0,0,-0.177,-37.409,0,"Pugeuk",-1.116,-17.72,0,"Floră",-20.575,-50.876,0,"아침땅_",-15.726,-63.074,0,"CoalCat",18.978,-49.792,0,"crani",8.496,-65.435,0,"「론구」",34.457,-96.294,0,"AI",0,-109.84,0,"AI",-40.8,-90.55,0,0,0,0,0,0,"",0,0,0,0,3214.316,,,,0,0
119,5,0,2,6,0,2,1,0,0,0,255,255,255,58,3232.405,"하루（Haru）",R,27,89,140,-2.804,0.205,-0.078,1.793,-1.291,1.629,-36.489,27.908,1,0,46.228,-100.312,5.639,-0.88,-18.72,0,5,0,R,"Penguin_iDOL",190,80,0.398,0,71,W,Y,0,0,0,0,0,0,0,0,0,0,0,0,0,0,0,0,0.129,-37.118,0,"Pugeuk",-1.036,-17.574,0,"Floră",-18.053,-46.335,0,"아침땅_",-15.894,-62.98,0,"CoalCat",19.078,-49.756,0,"crani",8.768,-65.25,0,"「론구」",34.422,-96.294,0,"AI",0,-109.84,0,"AI",-40.8,-90.55,0,0,0,0,0,0,"",0,0,0,0,3235.876,,,,0,0
120,5,0,2,6,1,2,1,0,0,0,255,255,255,59,3253.117,"하루（Haru）",R,26,89,140,-4.147,-0.169,-0.207,1.702,-1.894,1.337,-36.489,20.656,1,0,62.48,-170.758,16.386,-2.125,-17.466,0,5,0,R,"Penguin_iDOL",190,80,0.398,0,71,W,Y,0,0,0,0,0,0,0,0,0,0,0,0,0,0,0,0,0.009,-37.07,0,"Pugeuk",-0.464,-17.546,0,"Floră",-18.727,-45.484,0,"아침땅_",-16.173,-62.911,0,"CoalCat",19.021,-49.585,0,"crani",8.783,-65.312,0,"「론구」",34.449,-96.3,0,"AI",0,-109.84,0,"AI",-40.8,-90.55,0,0,0,0,0,0,"",0,0,0,0,3256.369,,,,0,0
121,5,0,2,6,2,2,1,0,0,0,255,255,255,60,3269.962,"하루（Haru）",R,3,70,111,-4.525,-0.153,-0.041,1.758,-1.121,1.517,-36.489,26.47,4,0,-476.668,0,20.633,-2.033,-12.596,1,5,0,R,"Penguin_iDOL",190,80,0.398,0,71,W,Y,0,0,0,0,0,0,0,0,0,0,0,0,0,0,0,0,-0.2,-37.501,0,"Pugeuk",-0.698,-17.566,0,"Floră",-18.439,-45.142,0,"아침땅_",-16.355,-62.913,0,"CoalCat",18.592,-49.002,0,"crani",8.762,-65.267,0,"「론구」",34.446,-96.298,0,"AI",0,-109.84,0,"AI",-40.8,-90.55,0,0,0,0,0,0,"",0,0,0,32,3270.529,,,,0,0
122,5,0,2,6,0,0,2,0,0,0,255,255,255,61,3294.58,"하루（Haru）",R,10,10,63,-1.493,-0.53,0.067,1.735,-0.654,1.495,-36.489,44.378,1,0,0,400,-31.836,0,0,0,6,6,R,"muyang_",169.6,80,0.498,0,39,W,Y,0,0,0,0,0,0,0,0,0,0,0,0,0,0,0,0,-0.064,-37.535,0,"Pugeuk",-0.138,-17.348,0,"Floră",-18.441,-47.098,0,"아침땅_",-15.34,-63.42,0,"CoalCat",18.944,-49.394,0,"crani",9.937,-64.525,0,"「론구」",30.117,-92.734,0,"AI",0,-109.84,0,"AI",-40.8,-90.55,0,0,0,0,0,0,"",0,0,0,0,3295.996,,,,0,0
123,5,0,2,6,1,0,2,0,0,0,255,255,255,62,3310.613,"하루（Haru）",R,0,9,9,2.033,-2.811,0.404,1.808,0.875,1.998,-36.489,38.76,1,0,-37.981,3.741,-21.298,0.362,-34.005,0,6,6,R,"muyang_",169.6,80,0.498,0,39,W,Y,0,0,0,0,0,0,0,0,0,0,0,0,0,0,0,0,0.078,-37.505,0,"Pugeuk",-0.037,-17.198,0,"Floră",-18.765,-47.286,0,"아침땅_",-15.549,-63.724,0,"CoalCat",18.876,-49.412,0,"crani",9.368,-64.657,0,"「론구」",30.109,-92.745,0,"AI",0,-109.84,0,"AI",-40.8,-90.55,0,0,0,0,0,0,"",0,0,0,0,,,,,0,0
124,5,0,2,6,2,0,2,0,0,0,255,255,255,63,3327.11,"하루（Haru）",R,13,28,74,0.151,-0.868,0.469,1.798,0.902,1.81,-36.489,29.694,0,0,-280.023,277.012,-32.996,-0.184,-18.206,0,6,6,R,"muyang_",169.6,80,0.498,0,30,W,Y,0,0,0,0,0,0,0,0,0,0,0,0,0,0,0,0,-0.283,-37.526,0,"Pugeuk",-0.031,-17.176,0,"Floră",-18.746,-47.261,0,"아침땅_",-15.03,-63.571,0,"CoalCat",19.736,-50.027,0,"crani",9.321,-64.533,0,"「론구」",30.109,-92.732,0,"AI",0,-109.84,0,"AI",-40.8,-90.55,0,0,0,0,0,0,"",0,0,0,0,3328.516,,,,0,0
125,5,0,2,6,2,1,2,0,0,0,255,255,255,64,3342.686,"하루（Haru）",R,10,16,68,0.32,-0.121,0.226,2.121,0.094,2.597,-36.489,44.382,2,0,0,400,-48.761,0,0,1,6,6,R,"muyang_",169.6,80,0.498,0,30,W,Y,3344.232,255,98,97,47,32,145,124,-27.135,-37.547,0.21,0,0.122,-252.704,-508.549,-193.697,-0.119,-37.62,0,"Pugeuk",-0.084,-17.234,0,"Floră",-18.897,-47.566,0,"아침땅_",-14.977,-63.5,0,"CoalCat",19.674,-49.94,107,"crani",9.319,-64.511,0,"「론구」",30.134,-92.746,0,"AI",0,-109.84,0,"AI",-40.8,-90.55,0,3343.676,1.262,-21.753,3346.649,4,"CoalCat",19.851,-46.58,1,0,,,,,26,2
126,5,0,2,6,0,0,2,1,0,0,16,255,255,65,3372.645,"하루（Haru）",R,10,16,68,0.548,0.048,0.314,2.139,0.231,2.663,-36.489,49.422,0,0,0,400,-41.647,-0.247,-18.62,0,0,5,R,"k@ster",174.9,80,0.326,0,39,W,Y,0,0,0,0,0,0,0,0,0,0,0,0,0,0,0,0,0.099,-37.063,0,"Pugeuk",-0.047,-17.241,0,"Floră",-20,-45.481,0,"아침땅_",-14.583,-63.804,0,"CoalCat",20.118,-49.812,0,"crani",7.139,-63.535,0,"「론구」",35.833,-93.932,0,"AI",0,-109.84,0,"AI",-40.8,-90.55,0,0,0,0,0,0,"",0,0,0,0,3375.943,,,,0,0
127,5,0,2,6,0,1,2,1,0,0,16,255,255,66,3390.121,"하루（Haru）",R,27,84,137,0.479,0.58,0.227,1.849,0.128,1.826,-36.489,35.622,0,0,54.326,-108.379,7.581,0,0,1,0,5,R,"k@ster",174.9,80,0.326,0,39,W,Y,0,0,0,0,0,0,0,0,0,0,0,0,0,0,0,0,0.107,-36.924,0,"Pugeuk",-0.072,-17.487,0,"Floră",-19.643,-47.423,0,"아침땅_",-14.732,-63.924,0,"CoalCat",20.032,-49.85,0,"crani",7.672,-64.45,0,"「론구」",35.832,-93.919,0,"AI",0,-109.84,0,"AI",-40.8,-90.55,0,0,0,0,0,0,"",0,0,0,0,3390.756,,,,0,0
128,5,0,2,6,0,2,2,1,0,0,16,255,255,67,3407.862,"하루（Haru）",R,0,17,75,-2.329,0.229,0.142,1.906,-0.928,1.76,-36.489,35.285,4,0,-32.83,0,-4.548,0,0,1,0,5,R,"k@ster",174.9,80,0.326,0,39,W,Y,0,0,0,0,0,0,0,0,0,0,0,0,0,0,0,0,-0.038,-37.093,0,"Pugeuk",-0.462,-18.09,0,"Floră",-20.622,-45.825,0,"아침땅_",-15.954,-63.112,0,"CoalCat",20.047,-49.866,0,"crani",7.313,-63.872,0,"「론구」",35.941,-94.014,0,"AI",0,-109.84,0,"AI",-40.8,-90.55,0,0,0,0,0,0,"",0,0,0,0,3408.969,,,,0,0
129,6,1,2,6,0,0,0,0,0,0,255,255,255,60,3537.044,"muyang_",R,3,50,84,-0.214,-0.013,0.219,1.46,0.838,1.643,-36.65,51.474,0,0,-381.818,0,-5.672,-0.065,-18.492,1,3,2,R,"Floră",190,86,0.403,0,39,W,Y,0,0,0,0,0,0,0,0,0,0,0,0,0,0,0,0,-0.325,-37.599,0,"Slaris",-0.177,-17.187,0,"ByeolBam",-21.687,-48.53,0,"_앰프_",-15.103,-62.451,0,"DoYaGee",20.688,-49.86,0,"k@ster",12.473,-63.472,0,"AI",40.9,-90.65,0,"AI",0,-109.84,0,"Penguin_iDOL",-38.365,-96.859,0,0,0,0,0,0,"",0,0,0,0,3541.143,,,,0,0
130,6,1,2,6,0,1,0,0,0,0,255,255,255,61,3555.581,"muyang_",R,3,47,82,-1.846,1.322,0.348,1.75,0.064,2.478,-36.65,63.096,4,0,-348.142,0,1.878,0,0,1,3,2,R,"Floră",190,86,0.403,0,39,W,Y,0,0,0,0,0,0,0,0,0,0,0,0,0,0,0,0,-0.142,-37.645,0,"Slaris",-0.176,-17.19,0,"ByeolBam",-21.88,-48.963,0,"_앰프_",-15.175,-62.432,0,"DoYaGee",19.778,-49.169,0,"k@ster",12.474,-63.504,0,"AI",40.9,-90.65,0,"AI",0,-109.84,0,"Penguin_iDOL",-42.272,-93.73,0,0,0,0,0,0,"",0,0,0,0,3556.743,,,,0,0
131,6,1,2,6,0,2,0,0,0,0,255,255,255,62,3572.695,"muyang_",R,32,98,140,-0.873,-2.529,-0.104,1.223,-0.584,-1.364,-36.65,29.212,1,0,222.976,-200,30.079,-0.109,-24.64,0,3,2,R,"Floră",190,86,0.403,0,39,W,Y,0,0,0,0,0,0,0,0,0,0,0,0,0,0,0,0,-0.119,-37.493,0,"Slaris",-0.278,-17.72,0,"ByeolBam",-21.885,-48.961,0,"_앰프_",-15.193,-62.429,0,"DoYaGee",20.407,-49.687,0,"k@ster",12.455,-63.53,0,"AI",40.9,-90.65,0,"AI",0,-109.84,0,"Penguin_iDOL",-43.776,-95.872,0,0,0,0,0,0,"",0,0,0,0,3573.689,,,,0,0
132,6,1,2,6,1,2,0,0,0,0,255,255,255,63,3587.691,"muyang_",R,26,87,140,-0.342,2.05,0.135,1.725,-0.3,2.732,-36.65,35.202,1,0,111.28,-200,-3.327,0,0,0,3,2,R,"Floră",190,86,0.403,0,39,W,Y,0,0,0,0,0,0,0,0,0,0,0,0,0,0,0,0,-0.069,-37.744,0,"Slaris",-0.116,-17.066,0,"ByeolBam",-21.878,-48.967,0,"_앰프_",-15.521,-62.232,0,"DoYaGee",20.866,-50.288,0,"k@ster",12.517,-63.611,0,"AI",40.9,-90.65,0,"AI",0,-109.84,0,"Penguin_iDOL",-43.718,-95.99,0,0,0,0,0,0,"",0,0,0,0,3588.436,,,,0,0
133,6,1,2,6,2,2,0,0,0,0,255,255,255,64,3602.904,"muyang_",R,13,50,97,-1.298,0.859,0.143,1.888,-0.041,2.766,-36.65,57.372,2,0,-250.107,400,-3.537,0,0,1,3,2,R,"Floră",190,86,0.403,5,39,W,Y,3604.178,176,99,115,106,46,145,96,112.087,-12.624,-0.56,0,0.42,491.839,198.912,-142.872,-0.219,-37.362,0,"Slaris",-0.271,-17.208,0,"ByeolBam",-21.822,-48.91,0,"_앰프_",-15.525,-62.157,0,"DoYaGee",21.835,-50.162,0,"k@ster",12.003,-63.309,0,"AI",40.9,-90.65,0,"AI",0,-109.84,0,"Penguin_iDOL",-43.993,-94.567,0,0,0,0,0,0,"",0,0,0,0,,,,,64,3
134,6,1,2,6,2,2,0,0,0,0,255,255,255,65,3618.904,"muyang_",R,3,51,84,-2.552,-0.512,0.21,1.292,-0.178,1.335,-36.65,46.715,4,0,-381.818,0,-20.239,0,0,1,3,2,R,"Floră",190,86,0.403,0,39,W,Y,0,0,0,0,0,0,0,0,0,0,0,0,0,0,0,0,-0.246,-37.851,0,"Slaris",-0.576,-17.89,0,"ByeolBam",-21.994,-46.503,0,"_앰프_",-15.628,-62.298,0,"DoYaGee",21.845,-50.132,0,"k@ster",13.487,-62.73,0,"AI",40.9,-90.65,0,"AI",0,-109.84,0,"Penguin_iDOL",-44.555,-91.547,0,0,0,0,0,0,"",0,0,0,0,3620.343,,,,0,0
135,6,1,2,6,0,0,1,0,0,0,255,255,255,66,3642.689,"muyang_",R,26,82,134,-1.514,-2.529,-0.086,1.357,-0.763,-0.895,-36.65,21.929,1,0,93.829,-200,5.761,-0.317,-18.773,0,4,1,L,"하루（Haru）",190,90,0.503,0,39,W,Y,0,0,0,0,0,0,0,0,0,0,0,0,0,0,0,0,-0.274,-37.498,0,"Slaris",-0.172,-17.411,0,"ByeolBam",-21.606,-49.133,0,"_앰프_",-9.073,-63.497,0,"DoYaGee",21.317,-45.828,0,"k@ster",14.118,-62.619,0,"AI",40.9,-90.65,0,"AI",0,-109.84,0,"Penguin_iDOL",-34.868,-97.844,0,0,0,0,0,0,"",0,0,0,0,3645.942,,,,0,0
136,6,1,2,6,1,0,1,0,0,0,255,255,255,67,3658.852,"muyang_",R,3,54,87,0.541,-0.325,0.49,1.421,1.177,1.445,-36.65,63.886,0,0,-395.455,0,-9.58,0,0,0,4,1,L,"하루（Haru）",190,90,0.503,0,39,W,Y,0,0,0,0,0,0,0,0,0,0,0,0,0,0,0,0,-0.306,-37.988,0,"Slaris",-0.02,-17.27,0,"ByeolBam",-22.073,-50.168,0,"_앰프_",-10.346,-63.958,0,"DoYaGee",21.402,-45.951,0,"k@ster",14.112,-62.741,0,"AI",40.9,-90.65,0,"AI",0,-109.84,0,"Penguin_iDOL",-33.933,-95.254,0,0,0,0,0,0,"",0,0,0,0,3660.036,,,,0,0
137,6,1,2,6,1,1,1,0,0,0,255,255,255,68,3674.148,"muyang_",R,10,72,102,3.741,-1.948,0.542,1.458,1.613,0.972,-36.65,68.793,1,0,0,400,-6.058,0.704,-19.141,0,4,1,L,"하루（Haru）",190,90,0.503,0,39,W,Y,0,0,0,0,0,0,0,0,0,0,0,0,0,0,0,0,-0.172,-37.657,0,"Slaris",0.055,-17.458,0,"ByeolBam",-22.106,-50.052,0,"_앰프_",-10.371,-63.988,0,"DoYaGee",21.795,-47.51,0,"k@ster",13.729,-62.695,0,"AI",40.9,-90.65,0,"AI",0,-109.84,0,"Penguin_iDOL",-33.939,-95.18,0,0,0,0,0,0,"",0,0,0,0,3675.209,,,,0,2
138,6,1,2,6,2,1,1,0,0,0,255,255,255,69,3696.734,"muyang_",R,10,74,103,1.317,-2.529,-0.019,1.381,0.573,-0.446,-36.65,24.621,4,0,0,400,17.918,0.189,-23.786,1,4,1,L,"하루（Haru）",190,90,0.503,0,39,W,Y,0,0,0,0,0,0,0,0,0,0,0,0,0,0,0,0,-0.257,-37.928,0,"Slaris",0.081,-17.477,0,"ByeolBam",-21.278,-49.327,0,"_앰프_",-10.598,-63.44,0,"DoYaGee",21.821,-47.838,0,"k@ster",15.017,-62.462,0,"AI",40.9,-90.65,0,"AI",0,-109.84,0,"Penguin_iDOL",-33.841,-95.239,0,0,0,0,0,0,"",0,0,0,0,3697.823,,,,0,0
139,6,1,2,6,2,2,1,0,0,0,255,255,255,70,3720.836,"muyang_",R,32,60,114,0.163,0.454,0.143,1.462,-0.264,1.882,-36.65,35.847,2,0,190.051,-26.836,6.631,0,0,1,4,1,L,"하루（Haru）",190,90,0.503,0,39,W,Y,3722.017,188,169,131,121,59,145,113,30.237,2.785,0.03,0.095,0.273,23.703,-8.693,-14.819,-0.215,-37.661,0,"Slaris",-0.157,-17.447,0,"ByeolBam",-21.294,-49.338,0,"_앰프_",-10.134,-63.281,0,"DoYaGee",22.083,-48.237,0,"k@ster",14.997,-62.315,0,"AI",40.9,-90.65,0,"AI",0,-109.84,0,"Penguin_iDOL",-33.783,-98.885,0,3726.343,-4.397,-116.646,3732.329,0,"muyang_",-0.047,-40.194,0,0,,,,,64,1
140,6,1,2,6,0,0,2,0,0,0,255,255,255,71,3747.917,"muyang_",R,3,47,96,1.912,-0.297,0.395,1.42,1.611,1.474,-36.65,69.447,1,0,-365.273,0,-8.638,0,0,0,5,3,R,"아침땅_",160,95.405,0.5,0,39,W,Y,0,0,0,0,0,0,0,0,0,0,0,0,0,0,0,0,-0.278,-37.891,0,"Slaris",0.024,-17.203,0,"ByeolBam",-21.511,-49.331,0,"_앰프_",-15.707,-62.094,0,"DoYaGee",20.543,-48.237,0,"k@ster",12.538,-63.954,0,"AI",40.9,-90.65,0,"AI",0,-109.84,0,"Penguin_iDOL",-38.616,-87.344,0,0,0,0,0,0,"",0,0,0,0,3748.836,,,,0,0
141,6,1,2,6,1,0,2,0,0,0,255,255,255,72,3759.256,"muyang_",R,5,42,85,0.634,0.697,0.318,1.411,0.795,1.309,-36.65,80.225,2,0,-127.667,0,-9.46,0,0,1,5,3,R,"아침땅_",160,95.405,0.5,2,39,W,Y,3760.469,179,68,103,82,38,145,82,26.616,4.28,-0.7,0.095,0.273,366.781,188.051,173.819,-0.379,-37.603,0,"Slaris",-0.002,-17.23,0,"ByeolBam",-21.522,-49.294,0,"_앰프_",-15.742,-62.156,0,"DoYaGee",20.323,-49.326,0,"k@ster",12.045,-63.686,86,"AI",40.9,-90.65,0,"AI",0,-109.84,0,"Penguin_iDOL",-38.734,-87.788,0,3764.689,-8.339,-89.863,3765.369,7,"AI",-8.684,-92.158,1,0,,,,,65,2
142,6,1,2,6,0,0,2,1,0,0,3,255,255,73,3791.382,"muyang_",R,13,44,80,-4.192,-1.838,-0.069,1.274,-1.078,1.216,-36.65,27.167,1,0,-283.952,312.348,-0.147,0,0,0,6,6,R,"「론구」",175,80,0.2,0,39,W,Y,0,0,0,0,0,0,0,0,0,0,0,0,0,0,0,0,-0.107,-37.659,0,"Slaris",-0.41,-17.724,0,"ByeolBam",-19.894,-43.839,0,"_앰프_",-9.477,-61.504,0,"DoYaGee",20.947,-48.781,0,"k@ster",8.564,-63.144,0,"AI",40.9,-90.65,0,"AI",0,-109.84,0,"Penguin_iDOL",-41.47,-91.628,0,0,0,0,0,0,"",0,0,0,0,3792.609,3794.138,,,0,0
143,6,1,2,6,0,0,2,0,1,0,255,3,255,74,3814.624,"muyang_",R,3,54,87,-1.543,-1.04,0.402,1.373,0.266,1.044,-36.65,60.2,4,0,-395.455,0,7.15,0,0,1,6,6,R,"「론구」",175,80,0.2,0,39,W,Y,0,0,0,0,0,0,0,0,0,0,0,0,0,0,0,0,-0.431,-38.406,0,"Slaris",-0.177,-18.41,0,"ByeolBam",-20.135,-45.088,0,"_앰프_",-11.511,-61.972,0,"DoYaGee",19.512,-44.193,0,"k@ster",10.612,-64.41,0,"AI",40.9,-90.65,0,"AI",0,-109.84,0,"Penguin_iDOL",-41.374,-91.734,0,0,0,0,0,0,"",0,0,0,0,3815.756,3818.281,,,0,0
144,6,1,2,6,0,1,2,0,1,0,255,3,255,75,3832.139,"muyang_",R,27,54,110,-2.952,-0.325,0.091,1.463,-1.493,1.269,-36.65,36.478,4,0,112.203,-137.987,-5.242,0,0,1,6,6,R,"「론구」",175,80,0.2,0,39,W,Y,0,0,0,0,0,0,0,0,0,0,0,0,0,0,0,0,-0.299,-38.07,0,"Slaris",2.075,-18.081,0,"ByeolBam",-21.292,-46.853,0,"_앰프_",-14.247,-60.488,0,"DoYaGee",19.66,-43.206,0,"k@ster",11.453,-63.599,0,"AI",40.9,-90.65,0,"AI",0,-109.84,0,"Penguin_iDOL",-41.589,-91.7,0,0,0,0,0,0,"",0,0,0,0,3833.129,,3835.991,,0,0
145,6,1,2,6,0,2,2,0,0,1,255,255,3,76,3853.912,"muyang_",R,3,56,89,0.04,-0.447,0.344,1.407,0.866,1.386,-36.65,48.059,2,0,-365.675,0,-17.225,0,0,1,6,6,R,"「론구」",175,80,0.2,3,39,W,Y,3855.212,156,187,97,89,87,145,81,91.493,-89.084,1,0,0.326,210.165,349.43,417.67,-0.201,-37.689,0,"Slaris",-0.243,-18.001,0,"ByeolBam",-21.482,-48.921,0,"_앰프_",-15.134,-60.529,0,"DoYaGee",17.962,-45.365,0,"k@ster",11.603,-63.969,0,"AI",40.9,-90.65,0,"AI",0,-109.85,0,"Penguin_iDOL",-41.561,-91.612,0,0,0,0,0,0,"",0,0,0,0,,,3857.821,,64,3
146,6,1,2,6,0,2,2,0,0,1,255,255,3,77,3868.894,"muyang_",R,13,56,88,-2.36,-1.439,0.169,1.384,-0.258,1.341,-36.65,54.645,2,0,-325.626,290.387,16.372,0,0,1,6,6,R,"「론구」",175,80,0.2,3,59,W,Y,3870.242,192,112,103,103,86,145,81,-30,52.626,1,0,0.284,-437.255,349.695,215.688,-0.22,-37.703,0,"Slaris",-0.281,-18.009,0,"ByeolBam",-21.551,-48.964,0,"_앰프_",-16.102,-61.225,0,"DoYaGee",19.525,-44.573,0,"k@ster",11.443,-63.407,0,"AI",40.9,-90.65,0,"AI",0,-109.84,0,"Penguin_iDOL",-42.998,-89.521,0,3869.636,-1.44,-21.501,0,0,"",0,0,0,0,,,3874.755,,64,0
147,6,1,2,6,0,2,2,0,0,1,255,255,3,78,3883.821,"muyang_",R,26,110,140,-1.663,1.786,0.028,1.622,-0.8,2.461,-36.65,27.083,1,0,55.746,-200,-12.67,0,0,0,6,6,R,"「론구」",175,80,0.2,0,59,W,Y,0,0,0,0,0,0,0,0,0,0,0,0,0,0,0,0,-0.138,-38.113,0,"Slaris",-0.306,-17.886,0,"ByeolBam",-18.819,-41.83,0,"_앰프_",-15.785,-61.763,0,"DoYaGee",19.776,-43.732,0,"k@ster",10.868,-63.295,0,"AI",40.9,-90.65,0,"AI",0,-109.84,0,"Penguin_iDOL",-42.791,-87.312,0,0,0,0,0,0,"",0,0,0,0,3884.649,,3886.758,,0,0
148,6,1,2,6,1,2,2,0,0,1,255,255,3,79,3898.08,"muyang_",R,26,97,140,-0.957,-2.732,-0.101,1.401,-0.537,-1.165,-36.65,26.72,1,0,114.112,-200,8.631,-0.167,-24.681,0,6,6,R,"「론구」",175,80,0.2,0,59,W,Y,0,0,0,0,0,0,0,0,0,0,0,0,0,0,0,0,-0.195,-37.85,0,"Slaris",0.091,-18.38,0,"ByeolBam",-18.372,-42.258,0,"_앰프_",-15.452,-61.166,0,"DoYaGee",18.998,-44.192,0,"k@ster",11.606,-63.764,0,"AI",40.9,-90.65,0,"AI",0,-109.84,0,"Penguin_iDOL",-42.808,-87.255,0,0,0,0,0,0,"",0,0,0,0,3898.929,,3900.875,,0,0
149,6,1,2,6,2,2,2,0,0,1,255,255,3,80,3910.981,"muyang_",R,32,92,140,-0.657,1.115,0.088,1.527,-0.521,2.129,-36.65,37.604,4,0,174.521,-139.942,-14.546,-0.038,-19.257,1,6,6,R,"「론구」",175,80,0.2,0,59,W,Y,0,0,0,0,0,0,0,0,0,0,0,0,0,0,0,0,-0.295,-37.936,0,"Slaris",-0.252,-17.931,0,"ByeolBam",-18.64,-42.97,0,"_앰프_",-14.991,-61.194,0,"DoYaGee",19.13,-42.867,0,"k@ster",11.638,-63.866,0,"AI",40.9,-90.65,0,"AI",0,-109.84,0,"Penguin_iDOL",-42.675,-87.407,0,0,0,0,0,0,"",0,0,0,64,3913.596,,3914.132,,0,0
150,6,0,2,6,0,0,0,0,0,0,255,255,255,68,3959.649,"Pugeuk",R,9,89,126,-1.315,0.757,-0.045,1.593,-1.139,1.794,-36.586,13.292,0,0,390.434,-312.348,42.454,0,0,0,1,4,R,"DoYaGee",190,80,0.603,0,39,W,Y,0,0,0,0,0,0,0,0,0,0,0,0,0,0,0,0,-0.053,-37.551,0,"하루（Haru）",-0.076,-17.821,0,"Floră",-12.872,-41.01,0,"아침땅_",-14.406,-64.213,0,"CoalCat",19.395,-49.755,0,"crani",9.21,-64.651,0,"「론구」",39.733,-105.573,0,"AI",0,-109.84,0,"AI",-40.8,-90.55,0,0,0,0,0,0,"",0,0,0,0,3960.396,,,,0,0
151,6,0,2,6,0,1,0,0,0,0,255,255,255,69,3972.139,"Pugeuk",R,6,83,121,-1.863,0.705,-0.116,1.609,-1.47,1.846,-36.586,14.007,1,0,452.724,-212.229,54.197,0.104,-18.298,0,1,4,R,"DoYaGee",190,80,0.603,0,39,W,Y,0,0,0,0,0,0,0,0,0,0,0,0,0,0,0,0,-0.172,-38.174,0,"하루（Haru）",-0.132,-17.149,0,"Floră",-12.604,-40.533,0,"아침땅_",-14.576,-64.019,0,"CoalCat",19.344,-49.697,0,"crani",8.844,-63.944,0,"「론구」",39.595,-105.527,0,"AI",0,-109.84,0,"AI",-40.8,-90.55,0,0,0,0,0,0,"",0,0,0,0,3974.889,,,,0,0
152,6,0,2,6,0,2,0,0,0,0,255,255,255,70,3998.315,"Pugeuk",R,3,64,94,0.453,0.695,0.756,1.988,1.124,2.063,-36.586,57.463,0,0,-427.273,0,12.4,0,0,0,1,4,R,"DoYaGee",190,80,0.603,0,39,W,Y,0,0,0,0,0,0,0,0,0,0,0,0,0,0,0,0,0.079,-37.744,0,"하루（Haru）",-0.03,-17.666,0,"Floră",-14.895,-41.353,0,"아침땅_",-14.615,-63.976,0,"CoalCat",19.293,-49.752,0,"crani",8.776,-63.974,0,"「론구」",41.083,-104.557,0,"AI",0,-109.84,0,"AI",-40.8,-90.55,0,0,0,0,0,0,"",0,0,0,0,3999.343,,,,0,0
153,6,0,2,6,0,0,1,0,0,0,255,255,255,71,4020.356,"Pugeuk",R,29,79,129,-1.39,2.73,0.135,1.877,-0.303,2.912,-36.586,31.504,1,0,-222.683,-118.178,7.145,-1.72,-18.247,0,2,3,R,"_앰프_",160,80,0.4,0,38,W,Y,0,0,0,0,0,0,0,0,0,0,0,0,0,0,0,0,0.137,-37.27,0,"하루（Haru）",0.286,-16.965,0,"Floră",-20.661,-48.981,0,"아침땅_",-14.844,-63.858,0,"CoalCat",19.008,-49.19,0,"crani",8.801,-63.959,0,"「론구」",30.293,-90.903,0,"AI",0,-109.84,0,"AI",-40.8,-90.55,0,0,0,0,0,0,"",0,0,0,0,4023.649,,,,0,0
154,6,0,2,6,1,0,1,0,0,0,255,255,255,72,4036.534,"Pugeuk",R,26,85,137,0.188,0.135,0.241,1.513,0.192,1.511,-36.586,17.159,0,0,-92.401,-162.545,8.537,0,0,0,2,3,R,"_앰프_",160,80,0.4,0,38,W,Y,0,0,0,0,0,0,0,0,0,0,0,0,0,0,0,0,0.148,-37.069,0,"하루（Haru）",0.069,-17.536,0,"Floră",-20.877,-49.194,0,"아침땅_",-14.903,-63.824,0,"CoalCat",18.984,-49.152,0,"crani",8.814,-63.986,0,"「론구」",30.293,-90.886,0,"AI",0,-109.84,0,"AI",-40.8,-90.55,0,0,0,0,0,0,"",0,0,0,0,4037.369,,,,0,0
155,6,0,2,6,1,1,1,0,0,0,255,255,255,73,4050.587,"Pugeuk",R,14,84,122,1.927,-0.056,0.255,1.626,0.254,1.946,-36.586,24.896,2,0,390.434,312.348,21.238,0,0,1,2,3,R,"_앰프_",160,80,0.4,3,38,W,Y,4051.688,255,72,86,89,39,145,106,27.114,-35.063,0.17,0,0.183,-23.77,197.35,553.716,0.003,-37.094,0,"하루（Haru）",0.081,-17.51,0,"Floră",-19.558,-48.622,0,"아침땅_",-14.863,-63.778,0,"CoalCat",18.938,-49.101,66,"crani",8.796,-63.899,0,"「론구」",30.284,-90.9,88,"AI",0,-109.84,0,"AI",-40.8,-90.55,0,4055.956,49.598,-100.874,4060.103,6,"「론구」",52.756,-113.52,1,0,,4061.015,4065.662,,70,2
156,6,0,2,6,0,0,1,0,0,1,255,255,13,74,4090.214,"Pugeuk",R,6,85,124,-0.6,0.58,-0.026,1.648,-1.051,1.971,-36.586,11.89,0,0,500,0,19.087,0,0,0,3,1,R,"Slaris",190,85.69,0.452,0,38,W,Y,0,0,0,0,0,0,0,0,0,0,0,0,0,0,0,0,0.113,-37.298,0,"하루（Haru）",0.008,-17.647,0,"Floră",-15.215,-42.878,0,"아침땅_",-14.765,-63.891,0,"CoalCat",19.783,-44.267,0,"crani",9.278,-64.496,0,"「론구」",43.365,-104.821,0,"AI",0,-109.84,0,"AI",-40.8,-90.55,0,0,0,0,0,0,"",0,0,0,0,4090.889,,4092.655,,0,0
157,6,0,2,6,0,1,1,0,0,1,255,255,13,75,4104.24,"Pugeuk",R,14,79,116,-1.128,-0.973,-0.045,1.472,-1.141,1.401,-36.586,2.444,1,0,377.82,327.494,8.442,0.401,-19.057,0,3,1,R,"Slaris",190,85.69,0.452,0,38,W,Y,0,0,0,0,0,0,0,0,0,0,0,0,0,0,0,0,-0.133,-37.761,0,"하루（Haru）",-0.103,-17.749,0,"Floră",-14.151,-40.969,0,"아침땅_",-14.886,-63.85,0,"CoalCat",19.583,-44.798,0,"crani",8.974,-64.282,0,"「론구」",42.85,-104.426,0,"AI",0,-109.84,0,"AI",-40.8,-90.55,0,0,0,0,0,0,"",0,0,0,0,4107.729,,4106.501,,0,0
158,6,0,2,6,1,1,1,0,0,1,255,255,13,76,4125.23,"Pugeuk",R,3,66,95,1.877,0.653,0.79,1.732,1.831,2.047,-36.586,41.648,1,0,-431.818,0,35.683,0,0,0,3,1,R,"Slaris",190,85.69,0.452,0,38,W,Y,0,0,0,0,0,0,0,0,0,0,0,0,0,0,0,0,0.136,-37.685,0,"하루（Haru）",0.042,-17.652,0,"Floră",-14.223,-41.059,0,"아침땅_",-14.896,-63.865,0,"CoalCat",18.782,-43.714,0,"crani",8.922,-64.332,0,"「론구」",42.856,-104.433,0,"AI",0,-109.84,0,"AI",-40.8,-90.55,0,0,0,0,0,0,"",0,0,0,0,4126.089,,4127.86,,0,0
159,6,0,2,6,2,1,1,0,0,1,255,255,13,77,4143.222,"Pugeuk",R,29,86,139,-0.449,0.089,0.226,1.55,0.12,1.653,-36.586,15.063,2,0,-250,-18.663,37.545,0,0,1,3,1,R,"Slaris",190,85.69,0.452,5,38,W,Y,4144.129,193,84,232,74,47,145,125,30.293,5.936,0.25,0,0.165,417.924,182.769,-170.926,0.276,-36.989,0,"하루（Haru）",0.001,-17.681,0,"Floră",-14.29,-41.166,0,"아침땅_",-14.857,-63.792,92,"CoalCat",18.33,-45.609,0,"crani",8.935,-64.288,0,"「론구」",42.81,-104.466,0,"AI",0,-109.84,0,"AI",-40.8,-90.55,0,4149.356,-15.888,-134.503,4150.382,7,"AI",-16.711,-131.894,1,0,,4154.518,4146.968,4154.628,36,2
160,6,0,2,7,0,0,1,0,1,0,255,11,255,78,4176.627,"Pugeuk",R,13,85,124,0.195,-0.219,0.339,1.618,0.648,1.886,-36.586,20.187,0,0,-357.501,349.561,21.56,-0.624,-18.362,1,4,2,R,"ByeolBam",179.9,90,0.5,0,38,W,Y,0,0,0,0,0,0,0,0,0,0,0,0,0,0,0,0,0.109,-37.216,0,"하루（Haru）",-0.241,-17.535,0,"Floră",-19.588,-47.753,0,"아침땅_",-15.407,-63.522,0,"CoalCat",19.51,-45.489,0,"crani",6.808,-64.323,0,"「론구」",36.456,-99.782,0,"AI",0,-109.84,0,"AI",-40.8,-90.55,0,0,0,0,0,0,"",0,0,0,0,4179.663,4179.391,,,0,0
161,6,0,2,7,0,1,1,0,1,0,255,11,255,79,4197.144,"Pugeuk",R,14,82,120,-174.472,-2.661,0.272,1.689,0.336,2.129,-36.586,21.919,2,0,390.434,312.348,12.073,0,0,1,4,2,R,"ByeolBam",179.9,90,0.5,3,38,W,Y,4198.097,175,49,109,64,29,145,83,14.822,-21.648,-1,0,0.134,127.183,-584.241,9.652,0.353,-37.115,120,"하루（Haru）",-0.015,-17.64,103,"Floră",-19.687,-47.911,94,"아침땅_",-15.264,-63.572,0,"CoalCat",18.977,-46.899,75,"crani",7.148,-63.683,91,"「론구」",36.456,-99.805,106,"AI",0,-109.84,0,"AI",-40.8,-90.55,0,4200.263,23.351,-65.512,4202.089,6,"「론구」",33.429,-81.252,1,0,4234.569,4236.571,4204.105,,95,2
162,6,0,2,7,0,0,1,0,1,1,255,12,11,80,4253.53,"Pugeuk",R,13,76,103,-1.537,-0.017,0.128,1.785,-0.224,2.16,-36.586,25.346,4,0,-229.012,400,0,-0.769,-19.154,1,5,8,R,"Penguin_iDOL",190,80,0.398,0,38,W,Y,0,0,0,0,0,0,0,0,0,0,0,0,0,0,0,0,-0.501,-37.798,0,"하루（Haru）",-0.897,-17.626,0,"Floră",-15.017,-43.546,0,"아침땅_",-14.349,-63.571,0,"CoalCat",19.375,-42.8,0,"crani",6.067,-63.701,0,"「론구」",43.177,-102.694,0,"AI",0,-109.84,0,"AI",-40.8,-90.55,0,0,0,0,0,0,"",0,0,0,0,4255.689,4257.01,4256.126,,0,0
163,6,0,2,7,0,1,1,0,1,1,255,12,11,81,4271.165,"Pugeuk",R,0,76,114,-2.332,-0.182,-0.131,1.673,-1.026,1.488,-36.586,8.316,4,0,0,0,0,0,0,1,5,8,R,"Penguin_iDOL",190,80,0.398,0,38,W,Y,0,0,0,0,0,0,0,0,0,0,0,0,0,0,0,0,-0.619,-37.199,0,"하루（Haru）",-0.503,-17.594,0,"Floră",-15.453,-43.908,0,"아침땅_",-14.51,-63.26,0,"CoalCat",18.947,-44.507,0,"crani",5.852,-63.428,0,"「론구」",43.176,-102.713,0,"AI",0,-109.84,0,"AI",-40.8,-90.55,0,0,0,0,0,0,"",0,0,0,0,4271.809,4275.396,4273.694,,0,0
164,6,0,2,7,0,2,1,0,1,1,255,12,11,82,4286.496,"Pugeuk",R,10,78,106,-2.479,-0.878,-0.149,1.72,-1.082,1.59,-36.586,13.659,2,0,0,400,0,0,0,1,5,8,R,"Penguin_iDOL",190,80,0.398,5,70,W,Y,4287.464,186,101,149,57,52,145,121,-15.238,5.989,0.78,0,0.491,70.881,56.524,-46.458,-0.739,-37.097,0,"하루（Haru）",-0.33,-18.103,0,"Floră",-15.548,-44.027,0,"아침땅_",-14.753,-62.796,0,"CoalCat",18.951,-45.159,0,"crani",5.868,-62.885,0,"「론구」",43.304,-102.854,0,"AI",0,-109.84,0,"AI",-40.8,-90.55,0,4286.823,-0.692,-22.745,4290.716,7,"AI",-7.055,-97.026,1,0,,,4291.626,4291.488,36,2
165,6,0,2,9,0,0,1,1,0,0,18,255,255,83,4312.362,"Pugeuk",R,26,80,130,1.499,0.99,0.324,1.635,0.578,1.963,-36.586,23.88,2,0,38.798,-163.813,-4.33,0,0,0,6,0,R,"muyang_",169.6,80,0.498,5,38,W,Y,4313.492,29,28,15,24,36,16,42,103.964,-3.273,-0.45,0,0.071,-35.267,-109.846,285.173,0.12,-37.253,0,"하루（Haru）",0.004,-17.644,102,"Floră",-19.633,-48.529,0,"아침땅_",-12.937,-62.918,0,"CoalCat",19.466,-48.038,0,"crani",8.677,-64.876,0,"「론구」",36.472,-91.973,0,"AI",0,-109.84,0,"AI",-40.8,-90.55,0,0,0,0,4317.769,1,"하루（Haru）",-1.24,-10.374,0,0,4317.769,,,,20,1
166,6,0,2,9,0,0,2,1,0,0,18,255,255,84,4338.651,"Pugeuk",R,26,93,140,0.267,0.271,0.221,1.531,0.097,1.588,-36.586,20.997,0,0,9.16,-191.177,12.328,0,0,0,0,5,R,"k@ster",174.9,80,0.326,0,38,W,Y,0,0,0,0,0,0,0,0,0,0,0,0,0,0,0,0,-0.107,-37.367,0,"하루（Haru）",0.008,-17.843,0,"Floră",-19.443,-46.096,0,"아침땅_",-14.711,-64,0,"CoalCat",19.126,-48.969,0,"crani",8.302,-63.727,0,"「론구」",39.421,-95.696,0,"AI",0,-109.84,0,"AI",-40.8,-90.55,0,0,0,0,0,0,"",0,0,0,0,4339.676,,,,0,0
167,6,0,2,9,0,1,2,1,0,0,18,255,255,85,4351.911,"Pugeuk",R,14,89,126,2.052,-0.934,0.264,1.484,0.3,1.42,-36.586,21.287,2,0,390.434,312.348,27.93,0,0,1,0,5,R,"k@ster",174.9,80,0.326,5,38,W,Y,4352.884,196,110,78,69,51,145,95,-85.332,-39.929,-0.31,0,0.25,-266.876,-174.505,-449.986,0.118,-37.368,0,"하루（Haru）",0.061,-17.737,120,"Floră",-18.906,-46.818,78,"아침땅_",-14.939,-63.685,0,"CoalCat",19.669,-49.561,0,"crani",6.772,-63.412,0,"「론구」",39.435,-95.703,0,"AI",0,-109.84,0,"AI",-40.8,-90.55,0,4352.209,0.408,-20.789,4355.703,1,"하루（Haru）",4.718,-25.988,0,1,4355.703,4358.328,,,90,2
168,7,1,2,9,0,0,0,0,0,0,255,255,255,81,4393.231,"muyang_",R,3,53,99,-0.284,-0.193,0.328,1.462,0.763,1.526,-36.65,51.04,0,0,-430.52,0,-1.812,0,0,0,0,5,R,"crani",160,80,0.299,0,38,W,Y,0,0,0,0,0,0,0,0,0,0,0,0,0,0,0,0,-0.142,-38.141,0,"Slaris",-0.06,-17.171,0,"ByeolBam",-21.347,-49.063,0,"_앰프_",-13.481,-62.071,0,"DoYaGee",19.371,-48.182,0,"k@ster",13.344,-62.342,0,"AI",40.9,-90.65,0,"AI",0,-109.84,0,"Penguin_iDOL",-39.897,-80.792,0,0,0,0,0,0,"",0,0,0,0,4394.156,,,,0,0
169,7,1,2,9,0,1,0,0,0,0,255,255,255,82,4410.965,"muyang_",R,3,61,105,-1.837,-0.836,0.295,1.606,0.014,1.314,-36.65,49.225,2,0,-426.728,89.293,5.165,0,0,1,0,5,R,"crani",160,80,0.299,3,38,W,Y,4412.101,164,183,139,132,96,145,76,23.541,57.476,1,0.429,0.53,-34.552,529.679,200.121,-0.081,-37.724,0,"Slaris",-0.054,-17.159,0,"ByeolBam",-21.67,-49.689,0,"_앰프_",-13.53,-61.344,0,"DoYaGee",19.955,-50.302,0,"k@ster",13.474,-62.145,0,"AI",40.9,-90.65,0,"AI",0,-109.84,0,"Penguin_iDOL",-39.826,-80.772,0,4413.516,-32.974,-38.773,0,0,"",0,0,0,0,,,,,64,3
170,7,1,2,9,0,2,0,0,0,0,255,255,255,83,4426.607,"muyang_",R,32,78,128,-4.416,-0.092,0.022,1.461,-2.3,1.421,-36.65,21.352,4,0,250,-113.933,15.175,0,0,1,0,5,R,"crani",160,80,0.299,0,38,W,Y,0,0,0,0,0,0,0,0,0,0,0,0,0,0,0,0,-0.274,-37.894,0,"Slaris",-1.022,-16.956,0,"ByeolBam",-20.802,-47.731,0,"_앰프_",-14.98,-63.039,0,"DoYaGee",19.947,-49.73,0,"k@ster",12.749,-63.065,0,"AI",40.9,-90.65,0,"AI",0,-109.84,0,"Penguin_iDOL",-41.599,-79.85,0,0,0,0,0,0,"",0,0,0,0,4427.343,,,,0,0
171,7,1,2,9,0,0,1,0,0,0,255,255,255,84,4446.641,"muyang_",R,6,67,108,-3.622,-0.657,-0.13,1.346,-2.344,1.167,-36.65,27.084,1,0,487.004,-62.942,76.406,-0.316,-18.708,0,1,4,R,"CoalCat",174.8,85.186,0.503,0,38,W,Y,0,0,0,0,0,0,0,0,0,0,0,0,0,0,0,0,-0.391,-37.856,0,"Slaris",-0.23,-17.564,0,"ByeolBam",-20.755,-47.316,0,"_앰프_",-15.154,-62.177,0,"DoYaGee",20.67,-50.334,0,"k@ster",12.79,-62.995,0,"AI",40.9,-90.65,0,"AI",0,-109.84,0,"Penguin_iDOL",-41.835,-80.097,0,0,0,0,0,0,"",0,0,0,0,4450.823,,,,0,0
172,7,1,2,9,1,0,1,0,0,0,255,255,255,85,4466.034,"muyang_",R,3,54,87,-1.382,-0.983,0.267,1.262,0.33,1.082,-36.65,53.246,0,0,-386.656,0,-12.318,0,0,1,1,4,R,"CoalCat",174.8,85.186,0.503,0,38,W,Y,0,0,0,0,0,0,0,0,0,0,0,0,0,0,0,0,-0.262,-37.986,0,"Slaris",-0.156,-17.379,0,"ByeolBam",-21.562,-47.726,0,"_앰프_",-15.289,-61.637,0,"DoYaGee",21.261,-51.272,0,"k@ster",12.829,-63.084,0,"AI",40.9,-90.65,0,"AI",0,-109.84,0,"Penguin_iDOL",-41.824,-80.1,0,0,0,0,0,0,"",0,0,0,0,4467.076,,,,0,0
173,7,1,2,9,1,1,1,0,0,0,255,255,255,86,4483.35,"muyang_",R,3,42,80,-2.773,-0.507,0.139,1.609,-0.367,1.346,-36.65,67.497,4,0,-319.289,0,0.419,0,0,1,1,4,R,"CoalCat",174.8,85.186,0.503,0,38,W,Y,0,0,0,0,0,0,0,0,0,0,0,0,0,0,0,0,-0.253,-37.979,0,"Slaris",-0.24,-17.654,0,"ByeolBam",-21.088,-47.487,0,"_앰프_",-15.912,-61.993,0,"DoYaGee",21.721,-51.995,0,"k@ster",12.828,-63.171,0,"AI",40.9,-90.65,0,"AI",0,-109.84,0,"Penguin_iDOL",-42.326,-80.547,0,0,0,0,0,0,"",0,0,0,0,4484.743,,,,0,0
174,7,1,2,9,1,2,1,0,0,0,255,255,255,87,4502.283,"muyang_",R,26,132,140,-1.999,0.904,-0.01,1.476,-0.976,1.949,-36.65,15.562,1,0,78.579,-200,6.087,0,0,0,1,4,R,"CoalCat",174.8,85.186,0.503,0,38,W,Y,0,0,0,0,0,0,0,0,0,0,0,0,0,0,0,0,-0.081,-37.984,0,"Slaris",-0.136,-17.537,0,"ByeolBam",-21.049,-47.472,0,"_앰프_",-15.035,-61.46,0,"DoYaGee",22.645,-52.998,0,"k@ster",12.828,-63.034,0,"AI",40.9,-90.65,0,"AI",0,-109.84,0,"Penguin_iDOL",-42.259,-80.592,0,0,0,0,0,0,"",0,0,0,0,4503.169,,,,0,0
175,7,1,2,9,2,2,1,0,0,0,255,255,255,88,4521.765,"muyang_",R,32,67,120,1.919,-0.391,0.136,1.441,-0.298,1.825,-36.65,46.459,2,0,250,-92.114,3.13,0,0,1,1,4,R,"CoalCat",174.8,85.186,0.503,0,38,W,Y,4522.863,162,63,48,43,2,132,91,43.569,37.52,-0.33,0,0.277,409.166,68.67,-312.789,-0.115,-37.508,0,"Slaris",-0.13,-17.512,0,"ByeolBam",-21.082,-47.597,0,"_앰프_",-15.147,-61.773,0,"DoYaGee",21.688,-53.368,0,"k@ster",12.79,-62.836,85,"AI",40.9,-90.65,0,"AI",0,-109.84,0,"Penguin_iDOL",-42.297,-80.719,89,4527.649,-44.875,-76.662,4527.863,8,"Penguin_iDOL",-43.719,-75.24,0,0,,,,,97,1
176,7,1,2,9,0,0,2,0,0,0,255,255,255,89,4548.184,"muyang_",R,32,74,125,-0.965,2.045,0.146,1.792,-0.71,2.737,-36.65,42.205,1,0,182.152,-163.396,5.16,0,0,0,2,0,R,"Pugeuk",190,86.173,0.396,0,38,W,Y,0,0,0,0,0,0,0,0,0,0,0,0,0,0,0,0,-0.175,-37.829,0,"Slaris",-0.082,-17.29,0,"ByeolBam",-19.645,-47.587,0,"_앰프_",-15.288,-62.367,0,"DoYaGee",21.796,-51.297,0,"k@ster",11.304,-64.282,0,"AI",40.9,-90.65,0,"AI",0,-109.84,0,"Penguin_iDOL",-49.388,-91.437,0,0,0,0,0,0,"",0,0,0,0,4549.169,,,,0,0
177,7,1,2,9,1,0,2,0,0,0,255,255,255,90,4565.548,"muyang_",R,26,79,129,-1.688,-2.529,-0.048,1.429,-0.791,-1.569,-36.65,19.687,1,0,53.295,-200,8.377,-0.227,-25.935,0,2,0,R,"Pugeuk",190,86.173,0.396,0,38,W,Y,0,0,0,0,0,0,0,0,0,0,0,0,0,0,0,0,-0.14,-37.632,0,"Slaris",-0.336,-18.142,0,"ByeolBam",-21.67,-50.156,0,"_앰프_",-15.914,-61.912,0,"DoYaGee",21.744,-51.649,0,"k@ster",11.309,-64.277,0,"AI",40.9,-90.65,0,"AI",0,-109.84,0,"Penguin_iDOL",-49.865,-92.228,0,0,0,0,0,0,"",0,0,0,0,4566.356,,,,0,0
178,7,1,2,9,2,0,2,0,0,0,255,255,255,91,4580.715,"muyang_",R,27,78,128,1.169,-2.216,0.031,1.296,0.426,0.071,-36.65,37.343,1,0,54.239,-136.57,1.494,0,0,0,2,0,R,"Pugeuk",190,86.173,0.396,0,38,W,Y,0,0,0,0,0,0,0,0,0,0,0,0,0,0,0,0,-0.107,-37.511,0,"Slaris",0.001,-17.594,0,"ByeolBam",-21.585,-50.082,0,"_앰프_",-16.228,-62.036,0,"DoYaGee",20.646,-51.235,0,"k@ster",11.328,-64.355,0,"AI",40.9,-90.65,0,"AI",0,-109.84,0,"Penguin_iDOL",-49.718,-92.285,0,0,0,0,0,0,"",0,0,0,0,4581.489,,,,0,0
179,7,1,2,9,3,0,2,0,0,0,255,255,255,92,4597.051,"muyang_",R,3,49,83,0.155,-0.484,0.384,1.385,1.015,1.347,-36.65,49.271,0,0,-373.881,0,-12.239,0,0,1,2,0,R,"Pugeuk",190,86.173,0.396,0,38,W,Y,0,0,0,0,0,0,0,0,0,0,0,0,0,0,0,0,-0.158,-37.44,0,"Slaris",-0.063,-17.467,0,"ByeolBam",-21.24,-48.902,0,"_앰프_",-13.832,-61.702,0,"DoYaGee",20.752,-51.449,0,"k@ster",11.241,-64.313,0,"AI",40.9,-90.65,0,"AI",0,-109.84,0,"Penguin_iDOL",-49.917,-92.19,0,0,0,0,0,0,"",0,0,0,0,4598.116,,,,0,0
180,7,1,2,9,3,1,2,0,0,0,255,255,255,93,4610.303,"muyang_",R,11,49,87,-0.409,0.378,0.198,1.843,0.191,2.243,-36.65,59.157,0,0,-153.426,214.66,-3.793,0,0,1,2,0,R,"Pugeuk",190,86.173,0.396,0,38,W,Y,0,0,0,0,0,0,0,0,0,0,0,0,0,0,0,0,-0.21,-37.516,0,"Slaris",-0.075,-17.429,0,"ByeolBam",-21.246,-48.91,0,"_앰프_",-15.436,-61.373,0,"DoYaGee",20.259,-50.091,0,"k@ster",12.199,-63.556,0,"AI",40.9,-90.65,0,"AI",0,-109.84,0,"Penguin_iDOL",-45.242,-95.978,0,0,0,0,0,0,"",0,0,0,0,4611.422,,,,0,0
181,7,1,2,9,3,2,2,0,0,0,255,255,255,94,4624.705,"muyang_",R,3,64,94,-2.379,-0.362,0.235,1.367,-0.075,1.419,-36.65,47.856,4,0,-427.273,0,-4.008,0,0,1,2,0,R,"Pugeuk",190,86.173,0.396,0,38,W,Y,0,0,0,0,0,0,0,0,0,0,0,0,0,0,0,0,-0.318,-37.445,0,"Slaris",-0.457,-18.053,0,"ByeolBam",-21.76,-48.785,0,"_앰프_",-15.543,-61.329,0,"DoYaGee",20.847,-51.966,0,"k@ster",12.451,-64.164,0,"AI",40.9,-90.65,0,"AI",0,-109.84,0,"Penguin_iDOL",-46.268,-96.32,0,0,0,0,0,0,"",0,0,0,0,4625.823,,,,0,0
