id,inn,half,scoreA,scoreB,ball,strk,out,b1,b2,b3,b1Idx,b2Idx,b3Idx,pCnt,pSec,pName,pHand,pType,pPow,spdK,zoneX,zoneY,startX,startY,targetX,targetY,zDist,pitchAngle,call,balk,sH,sV,gyro,plx,plz,bSwing,bIdx,bPos,bZone,bName,bHCm,batLen,batCen,batType,bFps,bOS,bVR,hSec,rotS,rotL,shS,lgS,prepS,batSpd,ev,ldeg,sdeg,hPos,buntGrip,handDist,angVeloX,angVeloY,angVeloZ,PPosX,PPosY,PThrSpd,CName,CPosX,CPosY,CThrSpd,1BName,1BPosX,1BPosY,1BThrSpd,2BName,2BPosX,2BPosY,2BThrSpd,3BName,3BPosX,3BPosY,3BThrSpd,SSName,SSPosX,SSPosY,SSThrSpd,LFName,LFPosX,LFPosY,LFThrSpd,CFName,CFPosX,CFPosY,CFThrSpd,RFName,RFPosX,RFPosY,RFThrSpd,ltSec,lx,lz,cSec,cPos,cPlr,cx,cz,1BSafe,tag,cpSec,sb2Sec,sb3Sec,sbhSec,ass,result
1,1,1,0,0,0,0,0,0,0,0,255,255,255,0,261.295,"ヒメ__",R,0,85,138,-1.621,-0.135,0.048,2.104,-0.708,1.501,-36.94,38.988,1,0,0,0,0,0,0,0,0,2,R,"가앤슬_",180,83.179,0.2,0,39,W,Y,0,0,0,0,0,0,0,0,0,0,0,0,0,0,0,0,0.174,-37.557,0,"낑깡__",-0.084,-17.38,0,"하루（Haru）",-19.91,-44.302,0,"_송글_",-13.656,-63.101,0,"Slaris",21.485,-51.052,0,"k@ster",8.357,-64.062,0,"AI",40.9,-90.65,0,"AI",0,-109.84,0,"AI",-40.8,-90.55,0,0,0,0,0,0,"",0,0,0,0,262.556,,,,0,0
2,1,1,0,0,1,0,0,0,0,0,255,255,255,1,276.005,"ヒメ__",R,13,86,111,-0.445,-0.585,0.186,2.093,0.084,1.797,-36.94,44.631,0,0,-153.078,400,1.191,0,0,1,0,2,R,"가앤슬_",180,83.179,0.2,0,39,W,Y,0,0,0,0,0,0,0,0,0,0,0,0,0,0,0,0,-0.038,-37.688,0,"낑깡__",-0.107,-17.395,0,"하루（Haru）",-19.838,-44.27,0,"_송글_",-12.964,-62.88,0,"Slaris",21.264,-51.285,0,"k@ster",7.246,-64.352,0,"AI",40.9,-90.65,0,"AI",0,-109.84,0,"AI",-40.8,-90.55,0,0,0,0,0,0,"",0,0,0,0,277.423,,,,0,0
3,1,1,0,0,1,1,0,0,0,0,255,255,255,2,291.448,"ヒメ__",R,26,85,138,-1.847,-0.351,-0.001,2.019,-0.934,1.209,-36.94,35.563,2,0,92.048,-176.717,6.025,0,0,1,0,2,R,"가앤슬_",180,83.179,0.2,3,39,W,Y,292.576,228,53,106,79,41,145,83,13.816,60.065,1,0,0.253,148.982,557.988,147.246,-0.07,-37.231,0,"낑깡__",-0.221,-17.385,0,"하루（Haru）",-20.08,-44.345,0,"_송글_",-13.23,-63.3,0,"Slaris",21.957,-50.555,0,"k@ster",8.982,-64.577,0,"AI",40.9,-90.65,0,"AI",0,-109.84,0,"AI",-40.8,-90.55,0,293.77,-27.667,-33.959,0,0,"",0,0,0,0,,,,,32,3
4,1,1,0,0,1,2,0,0,0,0,255,255,255,3,308.222,"ヒメ__",R,10,54,89,-0.152,-1.721,0.249,2.032,-0.073,1.317,-36.94,41.31,4,0,0,400,0,-0.051,-19.102,1,0,2,R,"가앤슬_",180,83.179,0.2,0,39,W,Y,0,0,0,0,0,0,0,0,0,0,0,0,0,0,0,0,0.257,-37.926,0,"낑깡__",-0.038,-17.465,0,"하루（Haru）",-20.172,-43.648,0,"_송글_",-13.523,-62.883,0,"Slaris",21.055,-51.411,0,"k@ster",5.883,-64.404,0,"AI",40.9,-90.65,0,"AI",0,-109.84,0,"AI",-40.8,-90.55,0,0,0,0,0,0,"",0,0,0,0,309.716,,,,0,0
5,1,1,0,0,0,0,1,0,0,0,255,255,255,4,330.451,"ヒメ__",R,10,48,97,0.141,0.065,0.261,2.206,0.054,2.165,-36.94,56.265,2,0,0,400,5.127,0,0,1,1,1,R,"_이누_",190,89.841,0.451,1,39,W,Y,331.633,182,152,172,117,66,145,109,56.164,4.497,-0.17,0,0.274,-327.042,-319.597,-106.361,0.098,-37.344,0,"낑깡__",-0.061,-17.341,0,"하루（Haru）",-19.791,-45.153,0,"_송글_",-13.41,-63.105,0,"Slaris",21.989,-50.879,0,"k@ster",8.21,-64.481,0,"AI",40.9,-90.65,0,"AI",0,-109.84,0,"AI",-40.8,-90.55,0,337.556,2.449,-92.493,341.956,0,"ヒメ__",0.841,-44.999,0,0,,,,,32,1
6,1,1,0,0,0,0,2,0,0,0,255,255,255,5,357.471,"ヒメ__",R,27,84,136,-1.592,-0.079,0.038,2.077,-0.753,1.419,-36.94,40.205,2,0,40.571,-128.462,5.76,0,0,1,2,4,R,"Floră",190,86,0.403,0,38,W,Y,358.756,161,55,79,61,0,143,90,2.118,49.91,1,0,0.331,-142.071,525.076,-175.842,0.087,-37.512,0,"낑깡__",-0.222,-17.254,0,"하루（Haru）",-19.966,-44.47,0,"_송글_",-9.601,-64.473,0,"Slaris",21.844,-52.5,0,"k@ster",8.981,-65.363,0,"AI",40.9,-90.65,0,"AI",0,-109.84,0,"AI",-40.8,-90.55,0,359.223,-14.972,-30.828,0,0,"",0,0,0,0,,,,,32,3
7,1,1,0,0,0,1,2,0,0,0,255,255,255,6,374.677,"ヒメ__",R,13,67,109,-2.034,-2.019,0.162,1.927,-0.569,0.842,-36.94,30.356,4,0,-178.589,400,13.802,-0.437,-19.466,1,2,4,R,"Floră",190,86,0.403,0,38,W,Y,0,0,0,0,0,0,0,0,0,0,0,0,0,0,0,0,0.015,-37.541,0,"낑깡__",-0.212,-17.275,0,"하루（Haru）",-19.743,-43.653,0,"_송글_",-11.401,-62.148,0,"Slaris",21.866,-51.302,0,"k@ster",7.693,-66.075,0,"AI",40.9,-90.65,0,"AI",0,-109.84,0,"AI",-40.8,-90.55,0,0,0,0,0,0,"",0,0,0,0,376.25,,,,0,0
8,1,1,0,0,0,2,2,0,0,0,255,255,255,7,388.611,"ヒメ__",R,10,51,86,-2.525,-1.298,-0.035,2.057,-1.1,1.49,-36.94,41.401,2,0,0,400,0,0,0,1,2,4,R,"Floră",190,86,0.403,5,38,W,Y,389.947,113,73,91,95,94,137,88,-14.2,-2.958,0.97,0,0.545,-316.779,-38.173,-228.608,-0.133,-37.327,0,"낑깡__",-0.396,-17.522,0,"하루（Haru）",-19.18,-44.296,0,"_송글_",-11.945,-64.104,0,"Slaris",21.944,-51.292,0,"k@ster",8.052,-66.119,0,"AI",40.9,-90.65,0,"AI",0,-109.84,0,"AI",-40.8,-90.55,0,389.716,-0.318,-23.56,394.41,7,"AI",4.365,-88.436,1,0,,,,,32,2
9,1,1,0,0,0,0,2,1,0,0,4,255,255,8,420.677,"ヒメ__",R,10,39,90,-1.166,-0.37,0.12,2.112,-0.373,2.013,-36.94,56.194,0,0,-77.054,400,3.835,0,0,0,3,3,R,"_앰프_",160,80,0.4,0,38,W,Y,0,0,0,0,0,0,0,0,0,0,0,0,0,0,0,0,0.022,-37.567,0,"낑깡__",-0.652,-17.638,0,"하루（Haru）",-18.686,-41.943,0,"_송글_",-9.405,-64.347,0,"Slaris",22.393,-50.686,0,"k@ster",4.488,-62.918,0,"AI",40.9,-90.65,0,"AI",0,-109.84,0,"AI",-40.8,-90.55,0,0,0,0,0,0,"",0,0,0,0,422.156,,,,0,0
10,1,1,0,0,0,1,2,1,0,0,4,255,255,9,437.004,"ヒメ__",R,6,48,95,-0.53,-0.63,-0.024,2.139,-1.041,1.613,-36.94,41.427,0,0,394.512,203.299,2.023,0.067,-17.091,1,3,3,R,"_앰프_",160,80,0.4,0,38,W,Y,0,0,0,0,0,0,0,0,0,0,0,0,0,0,0,0,-0.014,-37.505,0,"낑깡__",0.026,-16.482,0,"하루（Haru）",-18.236,-42.533,0,"_송글_",-11.082,-62.797,0,"Slaris",22.121,-50.447,0,"k@ster",6.51,-64.321,0,"AI",40.9,-90.65,0,"AI",0,-109.84,0,"AI",-40.8,-90.55,0,0,0,0,0,0,"",0,0,0,0,441.49,444.555,,,0,0
11,1,1,0,0,0,2,2,0,1,0,255,4,255,10,463.244,"ヒメ__",R,38,39,87,-3.928,0.009,-0.161,2.115,-1.707,1.609,-36.94,38.82,1,0,0,0,0,0,0,0,3,3,R,"_앰프_",160,80,0.4,0,38,W,Y,0,0,0,0,0,0,0,0,0,0,0,0,0,0,0,0,-0.17,-37.632,0,"낑깡__",1.283,-18.852,0,"하루（Haru）",-19.202,-44.006,0,"_송글_",-9.869,-61.059,0,"Slaris",20.923,-44.245,0,"k@ster",6.055,-62.659,0,"AI",40.9,-90.65,0,"AI",0,-109.84,0,"AI",-40.8,-90.55,0,0,0,0,0,0,"",0,0,0,0,464.663,,466.246,,0,0
12,1,1,0,0,1,2,2,0,0,1,255,255,4,11,482.065,"ヒメ__",R,38,35,85,-2.751,0.033,-0.069,2.086,-1.197,1.625,-36.94,42.876,2,0,0,0,0,0,0,1,3,3,R,"_앰프_",160,80,0.4,3,38,W,Y,483.412,255,117,67,93,67,141,75,26.393,62.286,1,0,0.234,-66.428,24.281,155.306,-0.023,-37.256,0,"낑깡__",-0.291,-17.228,0,"하루（Haru）",-19.344,-44.423,0,"_송글_",-11.194,-64.825,0,"Slaris",19.241,-47.313,0,"k@ster",7.014,-63.903,0,"AI",40.9,-90.65,0,"AI",0,-109.84,0,"AI",-40.8,-90.55,0,485.21,-33.175,-38.53,0,0,"",0,0,0,0,,,486.597,,32,3
13,1,1,0,0,1,2,2,0,0,1,255,255,4,12,500.571,"ヒメ__",R,27,96,140,-1.754,-1.618,0.018,1.87,-0.847,0.581,-36.94,19.839,2,0,65.055,-138.185,14.897,0,0,1,3,3,R,"_앰프_",160,80,0.4,3,38,W,Y,501.674,255,13,73,70,20,145,76,-30,52.531,1,0,0.195,-149.473,538.64,-211.545,0.372,-37.175,0,"낑깡__",-0.24,-17.428,0,"하루（Haru）",-19.524,-44.572,0,"_송글_",-14.397,-63.052,0,"Slaris",19.798,-47.435,0,"k@ster",7.989,-65.72,0,"AI",40.9,-90.65,0,"AI",0,-109.84,0,"AI",-40.8,-90.55,0,501.356,-0.596,-19.742,0,0,"",0,0,0,0,,,505.009,,32,3
14,1,1,0,0,1,2,2,0,0,1,255,255,4,13,519.115,"ヒメ__",R,6,50,84,1.47,-0.265,0.118,2.078,-0.254,1.471,-36.94,36.165,2,0,381.817,1.248,-2.286,0,0,1,3,3,R,"_앰프_",160,80,0.4,3,38,W,Y,520.426,255,99,74,92,59,145,94,58.204,44.714,-0.03,0,0.235,-10.313,-34.515,455.762,0.084,-37.002,0,"낑깡__",-0.001,-17.527,0,"하루（Haru）",-19.417,-44.651,0,"_송글_",-15.334,-62.581,0,"Slaris",20.369,-46.088,0,"k@ster",4.672,-63.651,0,"AI",40.9,-90.65,0,"AI",0,-109.84,0,"AI",-40.8,-90.55,0,525.41,-47.082,-66.802,526.57,8,"AI",-51.725,-69.683,0,0,,,531.901,521.383,32,2
15,1,1,0,0,1,2,2,0,0,1,255,255,4,14,547.106,"ヒメ__",R,13,33,76,-2.939,-0.525,0.087,2.198,-0.584,2.015,-36.94,46.266,2,0,-269.755,312.348,-0.701,0,0,1,3,3,R,"_앰프_",160,80,0.4,3,38,W,Y,548.532,255,105,91,97,59,145,76,111.738,-75.702,1,0,0.156,-102.593,36.129,432.58,0.027,-37.18,0,"낑깡__",-0.352,-17.356,0,"하루（Haru）",-20.863,-45.865,0,"_송글_",-15.186,-61.806,0,"Slaris",19.852,-47.508,0,"k@ster",8.666,-65.417,0,"AI",40.9,-90.65,0,"AI",0,-109.84,0,"AI",-40.8,-90.55,0,552.37,-56.216,-7.286,0,0,"",0,0,0,0,,,552.521,,32,3
16,1,1,0,0,1,2,2,0,0,1,255,255,4,15,563.786,"ヒメ__",R,3,81,119,-0.601,0.83,0.088,2.034,-0.461,1.316,-36.94,66.536,0,0,-500,0,13.454,-0.498,-17.99,1,3,3,R,"_앰프_",160,80,0.4,0,38,W,Y,0,0,0,0,0,0,0,0,0,0,0,0,0,0,0,0,-0.006,-37.41,0,"낑깡__",0.021,-18.538,0,"하루（Haru）",-19.666,-42.883,0,"_송글_",-14.181,-61.531,0,"Slaris",20.02,-44.811,0,"k@ster",5.277,-63.242,0,"AI",40.9,-90.65,0,"AI",0,-109.84,0,"AI",-40.8,-90.55,0,0,0,0,0,0,"",0,0,0,0,565.383,,568.076,,0,0
17,1,0,0,0,0,0,0,0,0,0,255,255,255,0,668.554,"ʚEveɞ",R,26,92,140,-0.452,0.449,0.119,1.703,-0.379,1.676,-36.338,14.503,0,0,191.152,-200,30.982,0,0,0,0,5,R,"k@ster",174.9,80,0.5,0,37,W,Y,0,0,0,0,0,0,0,0,0,0,0,0,0,0,0,0,-0.007,-37.407,0,"_이누_",-0.109,-16.954,0,"가앤슬_",-23.755,-45.788,0,"_앰프_",-15.879,-60.101,0,"Floră",18.1,-49.451,0,"CoalCat",11.384,-62.3,0,"AI",40.9,-90.65,0,"AI",0,-109.84,0,"AI",-40.8,-90.55,0,0,0,0,0,0,"",0,0,0,0,669.61,,,,0,0
18,1,0,0,0,0,1,0,0,0,0,255,255,255,1,685.991,"ʚEveɞ",R,6,68,109,-2.778,0.718,-0.252,1.802,-2.102,2.025,-36.338,13.18,2,0,495.455,0,47.511,0,0,1,0,5,R,"k@ster",174.9,80,0.5,2,37,W,Y,687.1,216,184,62,82,49,138,92,-86.397,85.811,-0.26,0,0.2,383.807,-431.662,-32.415,-0.149,-37.027,0,"_이누_",-0.28,-17.173,0,"가앤슬_",-23.797,-45.798,0,"_앰프_",-15.806,-60.102,0,"Floră",18.056,-49.424,0,"CoalCat",11.366,-62.195,0,"AI",40.9,-90.65,0,"AI",0,-109.84,0,"AI",-40.8,-90.55,0,686.756,-1.529,-21.022,0,0,"",0,0,0,0,,,,,32,3
19,1,0,0,0,0,2,0,0,0,0,255,255,255,2,700.401,"ʚEveɞ",R,0,82,133,-0.859,0.778,0.125,1.808,-0.349,2.045,-36.338,7.827,2,0,-20.347,0,8.254,0,0,1,0,5,R,"k@ster",174.9,80,0.5,2,37,W,Y,701.69,172,57,69,30,7,136,77,-29.261,-39.504,1,0,0.059,43.985,257.29,30.699,0.192,-36.944,0,"_이누_",-0.527,-16.593,0,"가앤슬_",-24.025,-45.889,86,"_앰프_",-16.602,-59.934,0,"Floră",18.563,-49.357,109,"CoalCat",10.168,-60.625,0,"AI",40.9,-90.65,0,"AI",0,-109.84,0,"AI",-40.8,-90.55,0,701.41,1.293,-20.849,703.61,4,"Floră",20.259,-44.015,0,0,,,,,37,2
20,1,0,0,0,0,0,1,0,0,0,255,255,255,3,723.789,"ʚEveɞ",R,32,88,140,-0.561,0.372,0.101,1.682,-0.46,1.599,-36.338,21.434,0,0,224.088,-200,32.91,0.727,-18.289,1,1,3,R,"_송글_",165.5,91.844,0.315,0,37,W,Y,0,0,0,0,0,0,0,0,0,0,0,0,0,0,0,0,-0.04,-37.723,0,"_이누_",0.035,-17.167,0,"가앤슬_",-22.859,-44.833,0,"_앰프_",-15.244,-58.637,0,"Floră",19.672,-50.372,0,"CoalCat",9.869,-61.741,0,"AI",40.9,-90.65,0,"AI",0,-109.84,0,"AI",-40.8,-90.55,0,0,0,0,0,0,"",0,0,0,0,726.583,,,,0,0
21,1,0,0,0,0,1,1,0,0,0,255,255,255,4,740.884,"ʚEveɞ",R,0,76,127,-2.065,0.885,0.006,1.808,-0.9,2.071,-36.338,22.968,4,0,0,0,14.449,-0.419,-18.62,1,1,3,R,"_송글_",165.5,91.844,0.315,0,37,W,Y,0,0,0,0,0,0,0,0,0,0,0,0,0,0,0,0,-0.148,-36.971,0,"_이누_",-0.418,-17.462,0,"가앤슬_",-22.457,-44.382,0,"_앰프_",-15.351,-59.244,0,"Floră",19.148,-49.533,0,"CoalCat",9.874,-61.774,0,"AI",40.9,-90.65,0,"AI",0,-109.84,0,"AI",-40.8,-90.55,0,0,0,0,0,0,"",0,0,0,0,743.543,,,,0,0
22,1,0,0,0,0,2,1,0,0,0,255,255,255,5,757.381,"ʚEveɞ",R,32,92,140,-0.176,1.82,0.12,1.895,-0.37,2.392,-36.338,21.191,4,0,250,-196.122,55.941,0,0,1,1,3,R,"_송글_",165.5,91.844,0.315,0,37,W,Y,0,0,0,0,0,0,0,0,0,0,0,0,0,0,0,0,0.04,-37.316,0,"_이누_",-0.104,-16.815,0,"가앤슬_",-22.874,-44.684,0,"_앰프_",-15.412,-59.408,0,"Floră",19.482,-49.052,0,"CoalCat",9.853,-61.771,0,"AI",40.9,-90.65,0,"AI",0,-109.84,0,"AI",-40.8,-90.55,0,0,0,0,0,0,"",0,0,0,0,758.41,,,,0,0
23,1,0,0,0,0,0,2,0,0,0,255,255,255,6,779.948,"ʚEveɞ",R,29,42,101,2.154,-0.164,0.406,1.766,1.331,1.504,-36.338,22.335,1,0,-229.546,-12.841,7.427,0,0,0,2,4,R,"Slaris",190,85.69,0.452,0,37,W,Y,0,0,0,0,0,0,0,0,0,0,0,0,0,0,0,0,0.219,-36.974,0,"_이누_",0.071,-16.898,0,"가앤슬_",-24.79,-46.643,0,"_앰프_",-14.791,-60.951,0,"Floră",19.676,-50.728,0,"CoalCat",9.122,-61.621,0,"AI",40.9,-90.65,0,"AI",0,-109.84,0,"AI",-40.8,-90.55,0,0,0,0,0,0,"",0,0,0,0,781.116,,,,0,0
24,1,0,0,0,1,0,2,0,0,0,255,255,255,7,793.338,"ʚEveɞ",R,6,70,110,2.754,0.106,0.258,1.706,0.269,1.684,-36.338,8.974,2,0,500,0,20.275,0,0,0,2,4,R,"Slaris",190,85.69,0.452,5,37,W,Y,794.455,138,137,155,79,26,143,86,-4.457,-4.183,-1,0,0.225,-111.893,-243.626,304.646,0.179,-36.943,0,"_이누_",0.098,-17.261,0,"가앤슬_",-24.778,-46.637,0,"_앰프_",-14.924,-59.908,90,"Floră",19.684,-50.639,0,"CoalCat",9.152,-61.503,0,"AI",40.9,-90.65,0,"AI",0,-109.84,0,"AI",-40.8,-90.55,0,794.423,1.206,-28.019,799.076,7,"AI",1.458,-86.691,1,0,,,,,40,2
25,1,0,0,0,0,0,2,1,0,0,14,255,255,8,820.029,"ʚEveɞ",R,26,87,140,-1.523,1.047,0.145,1.963,-0.822,2.119,-36.338,28.239,4,0,158.919,-162.713,29.583,0,0,1,3,2,L,"하루（Haru）",190,90,0.503,0,38,W,Y,0,0,0,0,0,0,0,0,0,0,0,0,0,0,0,0,0.145,-37.17,0,"_이누_",-0.124,-16.838,0,"가앤슬_",-22.93,-45.246,0,"_앰프_",-8.458,-59.679,0,"Floră",25.265,-51.636,0,"CoalCat",11.227,-60.842,0,"AI",40.9,-90.65,0,"AI",0,-109.84,0,"AI",-40.8,-90.55,0,0,0,0,0,0,"",0,0,0,0,821.223,,,,0,0
26,1,0,0,0,0,1,2,1,0,0,14,255,255,9,836.618,"ʚEveɞ",R,26,91,140,-1.959,0.692,0.063,1.843,-0.939,1.894,-36.338,16.262,4,0,62.31,-169.225,16.434,0,0,1,3,2,L,"하루（Haru）",190,90,0.503,0,38,W,Y,0,0,0,0,0,0,0,0,0,0,0,0,0,0,0,0,0.207,-37.564,0,"_이누_",-0.113,-16.856,0,"가앤슬_",-22.74,-44.531,0,"_앰프_",-10.747,-59.797,0,"Floră",25.128,-51.592,0,"CoalCat",11.325,-60.233,0,"AI",40.9,-90.65,0,"AI",0,-109.84,0,"AI",-40.8,-90.55,0,0,0,0,0,0,"",0,0,0,0,837.863,,,,0,0
27,1,0,0,0,0,2,2,1,0,0,14,255,255,10,851.394,"ʚEveɞ",R,14,65,106,1.414,-0.524,0.175,1.715,-0.115,1.715,-36.338,4.783,0,0,376.237,312.348,23.688,0,0,0,3,2,L,"하루（Haru）",190,90,0.503,0,38,W,Y,0,0,0,0,0,0,0,0,0,0,0,0,0,0,0,0,0.504,-37.204,0,"_이누_",0.124,-17.229,0,"가앤슬_",-21.5,-42.917,0,"_앰프_",-9.144,-59.635,0,"Floră",25.246,-51.563,0,"CoalCat",11.33,-60.209,0,"AI",40.9,-90.65,0,"AI",0,-109.84,0,"AI",-40.8,-90.55,0,0,0,0,0,0,"",0,0,0,0,852.77,,,,0,0
28,2,1,0,0,0,0,0,0,0,0,255,255,255,16,891.681,"ヒメ__",R,27,88,140,-2.341,-0.503,-0.035,2.009,-1.092,1.16,-36.94,32.142,1,0,62.117,-137.92,8.236,0,0,0,4,5,R,"CoalCat",174.3,85.186,0.503,0,38,W,Y,0,0,0,0,0,0,0,0,0,0,0,0,0,0,0,0,0.165,-37.878,0,"낑깡__",-0.095,-17.531,0,"하루（Haru）",-19.032,-45.402,0,"_송글_",-14.419,-62.989,0,"Slaris",20.917,-49.549,0,"k@ster",7.867,-65.043,0,"AI",40.9,-90.65,0,"AI",0,-109.84,0,"AI",-40.8,-90.55,0,0,0,0,0,0,"",0,0,0,0,892.809,,,,0,0
29,2,1,0,0,1,0,0,0,0,0,255,255,255,17,905.749,"ヒメ__",R,14,42,79,0.855,-0.86,0.141,2.162,-0.349,1.81,-36.94,55.626,0,0,267.699,333.258,-9.861,0,0,0,4,5,R,"CoalCat",174.3,85.186,0.503,0,38,W,Y,0,0,0,0,0,0,0,0,0,0,0,0,0,0,0,0,0.065,-37.508,0,"낑깡__",-0.118,-17.579,0,"하루（Haru）",-19.416,-45.143,0,"_송글_",-13.742,-63.332,0,"Slaris",20.288,-50.067,0,"k@ster",8.048,-65.051,0,"AI",40.9,-90.65,0,"AI",0,-109.84,0,"AI",-40.8,-90.55,0,0,0,0,0,0,"",0,0,0,0,907.276,,,,0,0
30,2,1,0,0,1,1,0,0,0,0,255,255,255,18,920.331,"ヒメ__",R,27,82,133,-0.09,0.086,0.168,2.1,-0.149,1.48,-36.94,50.472,0,0,72.463,-147.331,11.06,0,0,0,4,5,R,"CoalCat",174.3,85.186,0.503,0,38,W,Y,0,0,0,0,0,0,0,0,0,0,0,0,0,0,0,0,0.364,-37.455,0,"낑깡__",-0.045,-17.532,0,"하루（Haru）",-19.58,-44.996,0,"_송글_",-13.734,-63.351,0,"Slaris",21.639,-49.103,0,"k@ster",8.084,-65.043,0,"AI",40.9,-90.65,0,"AI",0,-109.84,0,"AI",-40.8,-90.55,0,0,0,0,0,0,"",0,0,0,0,921.423,,,,0,0
31,2,1,0,0,1,2,0,0,0,0,255,255,255,19,934.197,"ヒメ__",R,1,24,80,-0.613,-0.627,0.174,2.029,-0.161,1.302,-36.94,61.371,0,0,0,0,-0.226,0,0,1,4,5,R,"CoalCat",174.3,85.186,0.503,0,38,W,Y,0,0,0,0,0,0,0,0,0,0,0,0,0,0,0,0,0.037,-37.578,0,"낑깡__",-0.093,-17.525,0,"하루（Haru）",-19.433,-44.748,0,"_송글_",-13.745,-63.364,0,"Slaris",21.797,-48.923,0,"k@ster",7.019,-65.366,0,"AI",40.9,-90.65,0,"AI",0,-109.84,0,"AI",-40.8,-90.55,0,0,0,0,0,0,"",0,0,0,0,935.73,,,,0,0
32,2,1,0,0,0,0,1,0,0,0,255,255,255,20,956.167,"ヒメ__",R,6,50,84,3.196,-0.531,0.345,1.981,0.449,1.291,-36.94,32.584,4,0,381.818,0,0,0,0,1,5,0,L,"ʚEveɞ",190,95.155,0.446,0,60,W,Y,0,0,0,0,0,0,0,0,0,0,0,0,0,0,0,0,0.318,-37.733,0,"낑깡__",0.241,-17.273,0,"하루（Haru）",-19.202,-45.651,0,"_송글_",-13.735,-63.375,0,"Slaris",21.546,-49.22,0,"k@ster",11.746,-63.41,0,"AI",40.9,-90.65,0,"AI",0,-109.84,0,"AI",-40.8,-90.55,0,0,0,0,0,0,"",0,0,0,0,957.57,,,,0,0
33,2,1,0,0,0,1,1,0,0,0,255,255,255,21,971.214,"ヒメ__",R,6,45,80,2.654,-0.618,0.268,1.957,0.211,1.239,-36.94,27.241,4,0,363.636,0,0,0,0,1,5,0,L,"ʚEveɞ",190,95.155,0.446,0,60,W,Y,0,0,0,0,0,0,0,0,0,0,0,0,0,0,0,0,0.125,-37.446,0,"낑깡__",0.135,-17.334,0,"하루（Haru）",-19.385,-45.272,0,"_송글_",-13.751,-63.369,0,"Slaris",21.609,-49.242,0,"k@ster",11.561,-63.419,0,"AI",40.9,-90.65,0,"AI",0,-109.84,0,"AI",-40.8,-90.55,0,0,0,0,0,0,"",0,0,0,0,972.663,,,,0,0
34,2,1,0,0,0,2,1,0,0,0,255,255,255,22,985.313,"ヒメ__",R,27,82,133,-1.536,-0.434,0.038,2.007,-0.753,1.193,-36.94,30.587,2,0,58.76,-138.652,11.386,0,0,1,5,0,L,"ʚEveɞ",190,95.155,0.446,5,60,W,Y,986.396,120,88,147,71,26,138,103,-8.539,-2.814,0.04,0,0.436,-68.869,115.44,-168.059,0.15,-37.448,0,"낑깡__",-0.198,-17.325,0,"하루（Haru）",-19.102,-45.16,0,"_송글_",-13.735,-63.301,0,"Slaris",21.447,-49.435,0,"k@ster",12.071,-63.312,86,"Pugeuk",18.415,-19.747,0,"AI",0,-109.84,0,"AI",-40.8,-90.55,0,986.223,-0.057,-25.141,990.183,7,"AI",6.83,-95.106,1,0,,,,,33,2
35,2,1,0,0,0,0,1,1,0,0,0,255,255,23,1017.517,"ヒメ__",R,13,30,75,-2.664,-1.657,0.214,1.965,-0.388,1.398,-36.94,43.374,4,0,-255.12,331.652,-28.509,-0.61,-19.257,1,0,2,R,"가앤슬_",180,83.179,0.2,0,37,W,Y,0,0,0,0,0,0,0,0,0,0,0,0,0,0,0,0,0.037,-37.605,0,"낑깡__",-0.273,-17.567,0,"하루（Haru）",-16.878,-43.682,0,"_송글_",-10.156,-61.23,0,"Slaris",20.257,-48.697,0,"k@ster",4.622,-63.061,0,"Pugeuk",44.597,-91.444,0,"AI",0,-109.84,0,"AI",-40.8,-90.55,0,0,0,0,0,0,"",0,0,0,0,1019.183,,,,0,0
36,2,1,0,0,0,1,1,1,0,0,0,255,255,24,1034.526,"ヒメ__",R,1,19,76,-1.832,-0.94,0.179,2.005,-0.718,1.136,-36.94,98.774,1,0,0,0,0.884,0,0,0,0,2,R,"가앤슬_",180,83.179,0.2,0,37,W,Y,0,0,0,0,0,0,0,0,0,0,0,0,0,0,0,0,0.047,-37.57,0,"낑깡__",-0.343,-17.558,0,"하루（Haru）",-18.209,-42.25,0,"_송글_",-12.068,-62.506,0,"Slaris",21.066,-49.036,0,"k@ster",5.69,-63.977,0,"Pugeuk",42.969,-94.852,0,"AI",0,-109.84,0,"AI",-40.8,-90.55,0,0,0,0,0,0,"",0,0,0,0,1036.103,,,,0,0
37,2,1,0,0,1,1,1,1,0,0,0,255,255,25,1051.826,"ヒメ__",R,13,17,67,-2.175,-0.361,0.208,2.234,-0.182,2.18,-36.94,50.825,1,0,-235.379,317.272,-30.199,-0.609,-17.661,0,0,2,R,"가앤슬_",180,83.179,0.2,0,37,W,Y,0,0,0,0,0,0,0,0,0,0,0,0,0,0,0,0,0.024,-37.539,0,"낑깡__",-0.391,-18.617,0,"하루（Haru）",-19.433,-42.04,0,"_송글_",-10.687,-63.829,0,"Slaris",21.006,-49.116,0,"k@ster",5.425,-64.837,0,"Pugeuk",43.337,-97.709,0,"AI",0,-109.84,0,"AI",-40.8,-90.55,0,0,0,0,0,0,"",0,0,0,0,1053.65,,,,0,0
38,2,1,0,0,2,1,1,1,0,0,0,255,255,26,1071.684,"ヒメ__",R,10,35,80,-1.565,-0.22,0.022,2.265,-0.681,2.146,-36.94,58.224,2,0,0,328.152,-18.337,0,0,1,0,2,R,"가앤슬_",180,83.179,0.2,3,37,W,Y,1073.137,255,160,124,113,66,145,83,1.43,41.358,1,0,0.52,-229.067,360.477,94.323,0.181,-37.387,0,"낑깡__",-0.267,-17.416,0,"하루（Haru）",-18.914,-43.524,91,"_송글_",-12.283,-63.806,0,"Slaris",20.872,-49.103,0,"k@ster",7.351,-65.325,94,"Pugeuk",43.673,-97.767,0,"AI",0,-109.84,0,"AI",-40.8,-90.55,0,1073.556,-11.299,-33.597,1074.449,2,"하루（Haru）",-17.263,-40.452,1,0,,1078.78,,,41,2
39,2,1,0,0,0,0,2,1,0,0,2,255,255,27,1102.043,"ヒメ__",R,6,37,78,-5.077,-2.529,-0.677,1.49,-3.139,0.004,-36.94,60.08,1,0,354.545,0,7.69,-0.948,-20.767,0,1,1,R,"_이누_",190,89.841,0.451,0,37,W,Y,0,0,0,0,0,0,0,0,0,0,0,0,0,0,0,0,0.124,-37.439,0,"낑깡__",-0.703,-17.5,0,"하루（Haru）",-19.071,-41.118,0,"_송글_",-13.817,-62.946,0,"Slaris",19.925,-47.823,0,"k@ster",5.277,-64.804,0,"Pugeuk",40.842,-98.896,0,"AI",0,-109.84,0,"AI",-40.8,-90.55,0,0,0,0,0,0,"",0,0,0,0,1103.396,,,,0,0
40,2,1,0,0,1,0,2,1,0,0,2,255,255,28,1117.101,"ヒメ__",R,6,42,79,3.222,-0.603,0.253,1.954,0.447,1.249,-36.94,30.024,2,0,359.091,0,0.053,0,0,1,1,1,R,"_이누_",190,89.841,0.451,0,37,W,Y,1118.393,239,102,116,141,108,145,135,25.603,-19.671,0.45,0,0.13,-288.893,-390.503,-348.389,0.147,-37.312,0,"낑깡__",0.091,-17.355,120,"하루（Haru）",-19.148,-41.793,0,"_송글_",-6.12,-62.964,88,"Slaris",20.06,-47.97,120,"k@ster",3.912,-62.739,0,"Pugeuk",39.803,-98.973,89,"AI",0,-109.84,0,"AI",-40.8,-90.55,0,1122.303,47.211,-120.4,1123.583,6,"Pugeuk",44.846,-114.737,1,0,1130.569,1120.299,1125.164,1130.462,118,2
41,2,1,1,0,0,0,2,0,1,0,255,1,255,29,1173.04,"ヒメ__",R,10,58,104,-0.468,-0.446,0.226,2.182,-0.137,1.868,-36.94,47.541,2,0,-37.732,400,11.317,0,0,1,2,4,R,"Floră",190,86,0.403,0,37,W,Y,1174.186,174,129,132,98,19,145,107,-36.055,-19.531,-0.26,0,0.406,-489.443,-280.511,-69.744,0.001,-37.125,0,"낑깡__",-0.095,-17.449,0,"하루（Haru）",-19.286,-46.014,0,"_송글_",-11.76,-63.679,93,"Slaris",20.668,-47.761,95,"k@ster",1.268,-60.051,0,"Pugeuk",44.33,-103.206,105,"AI",0,-109.84,0,"AI",-40.8,-90.55,0,1173.849,0.266,-20.887,1178.65,6,"Pugeuk",24.932,-94.605,1,0,1184.609,1184.38,1178.227,1183.286,118,2
42,2,1,2,0,0,0,2,0,0,1,255,255,4,30,1219.826,"ヒメ__",R,27,85,137,-0.529,-0.722,0.13,1.995,-0.325,1.059,-36.94,37.308,2,0,70.227,-129.362,5.296,0,0,1,3,3,R,"_앰프_",160,80,0.4,3,37,W,Y,1220.887,255,53,96,66,32,145,107,27.054,36.78,0.79,0,0.271,187.611,281.733,469.292,0.003,-37.267,0,"낑깡__",-0.099,-17.614,0,"하루（Haru）",-19.418,-45.136,0,"_송글_",-12.381,-63.559,86,"Slaris",19.079,-48.054,0,"k@ster",9.429,-65.518,0,"Pugeuk",37.101,-99.898,0,"AI",0,-109.84,0,"AI",-40.8,-90.55,0,1224.89,-59.294,-87.797,1227.263,8,"AI",-67.716,-97.163,1,0,,1230.413,,1225.924,34,2
43,2,1,3,0,0,0,2,0,1,0,255,3,255,31,1253.439,"ヒメ__",R,14,55,87,0.635,-0.886,0.046,2.163,-0.476,1.687,-36.94,37.451,0,0,308.798,312.348,0,0,0,0,4,5,R,"CoalCat",174.3,85.186,0.503,0,37,W,Y,0,0,0,0,0,0,0,0,0,0,0,0,0,0,0,0,0.064,-37.424,0,"낑깡__",0.062,-17.55,0,"하루（Haru）",-20.341,-45.964,0,"_송글_",-14.48,-61.102,0,"Slaris",20.425,-47.514,0,"k@ster",4.561,-62.096,0,"Pugeuk",35.658,-105.674,0,"AI",0,-109.84,0,"AI",-40.8,-90.55,0,0,0,0,0,0,"",0,0,0,0,1254.849,1255.959,,,0,0
44,2,1,3,0,0,1,2,0,1,0,255,3,255,32,1271.561,"ヒメ__",R,26,87,140,0.828,-0.851,0.239,2.048,0.181,0.941,-36.94,38.239,0,0,127.638,-153.065,8.079,0,0,1,4,5,R,"CoalCat",174.3,85.186,0.503,0,37,W,Y,0,0,0,0,0,0,0,0,0,0,0,0,0,0,0,0,0.287,-37.589,0,"낑깡__",0.009,-17.503,0,"하루（Haru）",-20.177,-45.783,0,"_송글_",-12.347,-62.454,0,"Slaris",20.81,-46.994,0,"k@ster",4.849,-62.542,0,"Pugeuk",39.643,-105.521,0,"AI",0,-109.84,0,"AI",-40.8,-90.55,0,0,0,0,0,0,"",0,0,0,0,1272.703,1274.77,,,0,0
45,2,1,3,0,0,2,2,0,1,0,255,3,255,33,1303.543,"ヒメ__",R,10,47,83,-2.985,-2.006,-0.159,2.131,-1.293,1.246,-36.94,41.659,4,0,0,400,1.079,-0.575,-19.498,1,4,5,R,"CoalCat",174.3,85.186,0.503,0,37,W,Y,0,0,0,0,0,0,0,0,0,0,0,0,0,0,0,0,-0.007,-37.409,0,"낑깡__",-0.167,-18.39,0,"하루（Haru）",-19.743,-44.615,0,"_송글_",-13.242,-61.334,0,"Slaris",20.333,-46.437,0,"k@ster",4.669,-62.959,0,"Pugeuk",42.152,-106.503,0,"AI",0,-109.84,0,"AI",-40.8,-90.55,0,0,0,0,0,0,"",0,0,0,16,1305.063,,,,0,0
46,2,0,3,0,0,0,0,0,0,0,255,255,255,11,1342.62,"ʚEveɞ",R,10,56,102,-0.256,0.85,0.216,1.955,-0.118,2.633,-36.338,17.593,0,0,0,400,0.26,0,0,0,4,1,R,"낑깡__",190,80,0.398,0,37,W,Y,0,0,0,0,0,0,0,0,0,0,0,0,0,0,0,0,0.154,-37.243,0,"_이누_",0.016,-16.816,0,"가앤슬_",-24.288,-46.347,0,"_앰프_",-15.059,-60.645,0,"Floră",20.222,-49.697,0,"CoalCat",10.959,-60.963,0,"AI",40.9,-90.65,0,"AI",0,-109.84,0,"AI",-40.8,-90.55,0,0,0,0,0,0,"",0,0,0,0,1343.556,,,,0,0
47,2,0,3,0,0,1,0,0,0,0,255,255,255,12,1357.757,"ʚEveɞ",R,26,85,137,-1.913,0.598,0.126,1.832,-0.927,1.805,-36.338,20.074,1,0,65.822,-200,22.208,0,0,0,4,1,R,"낑깡__",190,80,0.398,0,37,W,Y,0,0,0,0,0,0,0,0,0,0,0,0,0,0,0,0,0.049,-37.259,0,"_이누_",-1.573,-17.497,0,"가앤슬_",-23.918,-45.454,0,"_앰프_",-14.769,-60.208,0,"Floră",20.415,-50.091,0,"CoalCat",11.039,-61.123,0,"AI",40.9,-90.65,0,"AI",0,-109.84,0,"AI",-40.8,-90.55,0,0,0,0,0,0,"",0,0,0,0,1358.636,,,,0,0
48,2,0,3,0,1,1,0,0,0,0,255,255,255,13,1371.584,"ʚEveɞ",R,29,62,116,-2.898,0.743,0.097,1.775,-0.874,2.033,-36.338,13.158,1,0,-250,-43.855,54.27,-2.095,-7.579,0,4,1,R,"낑깡__",190,80,0.398,0,37,W,Y,0,0,0,0,0,0,0,0,0,0,0,0,0,0,0,0,0.041,-37.343,0,"_이누_",-0.653,-16.705,0,"가앤슬_",-23.467,-44.784,0,"_앰프_",-14.696,-60.027,0,"Floră",20.683,-49.978,0,"CoalCat",11.051,-61.104,0,"AI",40.9,-90.65,0,"AI",0,-109.84,0,"AI",-40.8,-90.55,0,0,0,0,0,0,"",0,0,0,0,,,,,0,0
49,2,0,3,0,2,1,0,0,0,0,255,255,255,14,1387.489,"ʚEveɞ",R,14,61,103,-0.681,0.946,0.094,1.814,-0.493,2.035,-36.338,8.987,2,0,365.589,312.348,43.511,0,0,1,4,1,R,"낑깡__",190,80,0.398,3,37,W,Y,1388.454,116,147,100,120,51,137,84,-42.361,-28.316,-0.93,0,0.315,-355.965,-254.828,331.312,-0.038,-37.054,0,"_이누_",0.007,-17.25,0,"가앤슬_",-24.319,-45.808,85,"_앰프_",-14.876,-60.113,0,"Floră",21.019,-49.97,102,"CoalCat",10.96,-60.976,0,"AI",40.9,-90.65,0,"AI",0,-109.84,0,"AI",-40.8,-90.55,0,1388.103,0.651,-21.048,1390.29,4,"Floră",14.635,-46.689,0,16,,,,,37,2
50,2,0,3,0,0,0,1,0,0,0,255,255,255,15,1415.991,"ʚEveɞ",R,6,44,80,-0.176,-0.523,-0.275,1.683,-1.074,1.31,-36.338,14.241,0,0,363.636,0,16.425,0,0,0,5,0,R,"ヒメ__",190,99.943,0.448,0,37,W,Y,0,0,0,0,0,0,0,0,0,0,0,0,0,0,0,0,0.144,-37.891,0,"_이누_",-0.021,-17.27,0,"가앤슬_",-24.658,-46.101,0,"_앰프_",-16.26,-59.951,0,"Floră",19.384,-48.893,0,"CoalCat",10.899,-61.76,0,"AI",40.9,-90.65,0,"AI",0,-109.84,0,"AI",-40.8,-90.55,0,0,0,0,0,0,"",0,0,0,0,1417.236,,,,0,0
51,2,0,3,0,0,1,1,0,0,0,255,255,255,16,1435.551,"ʚEveɞ",R,0,58,113,0.4,0.123,0.236,1.708,0.167,1.69,-36.338,19.306,2,0,0,0,12.796,0,0,0,5,0,R,"ヒメ__",190,99.943,0.448,3,37,W,Y,1436.459,137,81,121,88,65,142,94,107.93,-66.714,-0.58,0,0.186,172.962,291.928,492.553,0.025,-37.213,0,"_이누_",-0.041,-17.452,0,"가앤슬_",-24.108,-45.532,0,"_앰프_",-15.748,-59.795,0,"Floră",19.597,-49.171,0,"CoalCat",10.838,-61.611,0,"AI",40.9,-90.65,0,"AI",0,-109.84,0,"AI",-40.8,-90.55,0,0,0,0,0,0,"",0,0,0,0,,,,,32,3
52,2,0,3,0,0,2,1,0,0,0,255,255,255,17,1453.027,"ʚEveɞ",R,32,90,140,2.587,1.327,0.37,1.919,0.789,2.374,-36.338,31.426,2,0,237.126,-71.504,25.442,0,0,1,5,0,R,"ヒメ__",190,99.943,0.448,3,42,W,Y,1453.907,122,34,32,12,0,45,45,-35.802,-50.117,-1,0,0.203,298.261,-422.108,229.89,0.13,-37.021,0,"_이누_",0.085,-16.947,0,"가앤슬_",-24.022,-45.463,0,"_앰프_",-15.209,-59.966,0,"Floră",20.036,-49.33,0,"CoalCat",10.794,-61.915,0,"AI",40.9,-90.65,0,"AI",0,-109.84,0,"AI",-40.8,-90.55,0,1453.729,2.695,-21.701,0,0,"",0,0,0,0,,,,,32,3
53,2,0,3,0,0,2,1,0,0,0,255,255,255,18,1475.804,"ʚEveɞ",R,27,92,140,-6.584,0.615,-0.055,1.913,-3.015,1.853,-36.338,17.442,1,0,103.32,-148.039,17.214,-2.003,-5.798,0,5,0,R,"ヒメ__",190,99.943,0.448,0,42,W,Y,0,0,0,0,0,0,0,0,0,0,0,0,0,0,0,0,0.172,-37.31,0,"_이누_",-1.332,-17.32,0,"가앤슬_",-21.879,-43.297,0,"_앰프_",-14.129,-59.171,0,"Floră",20.579,-49.074,0,"CoalCat",10.843,-62.382,0,"AI",40.9,-90.65,0,"AI",0,-109.84,0,"AI",-40.8,-90.55,0,0,0,0,0,0,"",0,0,0,0,,,,,0,0
54,2,0,3,0,1,2,1,0,0,0,255,255,255,19,1489.744,"ʚEveɞ",R,1,62,116,-1.137,1.381,0.197,1.776,-0.012,1.913,-36.338,25.355,4,0,0,0,17.147,0,0,1,5,0,R,"ヒメ__",190,99.943,0.448,0,42,W,Y,0,0,0,0,0,0,0,0,0,0,0,0,0,0,0,0,0.051,-37.042,0,"_이누_",-0.067,-16.994,0,"가앤슬_",-23.043,-44.682,0,"_앰프_",-13.955,-58.581,0,"Floră",20.971,-49.588,0,"CoalCat",10.86,-62.424,0,"AI",40.9,-90.65,0,"AI",0,-109.84,0,"AI",-40.8,-90.55,0,0,0,0,0,0,"",0,0,0,0,1492.65,,,,0,0
55,2,0,3,0,0,0,2,0,0,0,255,255,255,20,1515.512,"ʚEveɞ",R,27,88,140,-0.388,-0.133,0.146,1.618,-0.252,1.399,-36.338,14.088,0,0,67.865,-146.845,21.087,0,0,0,6,6,R,"Pugeuk",190,86.173,0.396,0,37,W,Y,0,0,0,0,0,0,0,0,0,0,0,0,0,0,0,0,0.199,-37.961,0,"_이누_",0.085,-16.978,0,"가앤슬_",-23.272,-44.619,0,"_앰프_",-13.928,-58.345,0,"Floră",21.507,-51.253,0,"CoalCat",9.8,-62.765,0,"AI",40.9,-90.65,0,"AI",0,-109.84,0,"AI",-40.8,-90.55,0,0,0,0,0,0,"",0,0,0,0,1516.863,,,,0,0
56,2,0,3,0,0,1,2,0,0,0,255,255,255,21,1536.645,"ʚEveɞ",R,6,60,103,2.089,-0.146,0.217,1.66,-0.027,1.535,-36.338,0.833,2,0,468.182,0,50.812,0,0,1,6,6,R,"Pugeuk",190,86.173,0.396,5,37,W,Y,1537.772,100,114,117,118,60,136,85,-6.742,-6.294,-0.82,0,0.746,-493.169,-261.212,-148.957,0.368,-37.24,0,"_이누_",0.08,-16.948,0,"가앤슬_",-23.47,-44.892,0,"_앰프_",-14.25,-58.288,0,"Floră",21.402,-50.004,0,"CoalCat",9.799,-62.653,85,"AI",40.9,-90.65,0,"AI",0,-109.84,0,"AI",-40.8,-90.55,0,1537.609,1.049,-27.547,1539.676,5,"CoalCat",5.19,-58.972,0,0,,,,,49,2
57,3,1,3,0,0,0,0,0,0,0,255,255,255,34,1581.315,"ヒメ__",R,26,94,140,-4.695,-2.291,-0.282,1.337,-2.244,-0.034,-36.94,26.807,4,0,165.659,-200,36.383,-0.883,-19.663,1,5,0,L,"ʚEveɞ",190,95.155,0.446,0,37,W,Y,0,0,0,0,0,0,0,0,0,0,0,0,0,0,0,0,0.037,-37.643,0,"낑깡__",-0.51,-16.557,0,"하루（Haru）",-19.688,-47.111,0,"_송글_",-11.767,-63.579,0,"Slaris",21.226,-49.922,0,"k@ster",11.555,-64.168,0,"Pugeuk",39.988,-96.215,0,"AI",0,-109.84,0,"AI",-40.8,-90.55,0,0,0,0,0,0,"",0,0,0,0,1585.209,,,,0,0
58,3,1,3,0,0,1,0,0,0,0,255,255,255,35,1599.382,"ヒメ__",R,26,94,140,-3.372,-1.965,-0.157,1.417,-1.662,0.226,-36.94,19.068,1,0,149.411,-173.958,11.247,-0.665,-18.047,0,5,0,L,"ʚEveɞ",190,95.155,0.446,0,37,W,Y,0,0,0,0,0,0,0,0,0,0,0,0,0,0,0,0,0.12,-37.698,0,"낑깡__",-0.197,-17.444,0,"하루（Haru）",-19.261,-45.943,0,"_송글_",-11.757,-63.538,0,"Slaris",21.207,-50.098,0,"k@ster",11.457,-64.303,0,"Pugeuk",40.118,-96.388,0,"AI",0,-109.84,0,"AI",-40.8,-90.55,0,0,0,0,0,0,"",0,0,0,0,1600.463,,,,0,0
59,3,1,3,0,1,1,0,0,0,0,255,255,255,36,1613.333,"ヒメ__",R,26,87,140,-0.973,0.051,0.093,1.8,-0.496,1.467,-36.94,19.461,2,0,52.691,-200,2.758,0,0,1,5,0,L,"ʚEveɞ",190,95.155,0.446,5,37,W,Y,1614.37,144,156,153,56,27,145,111,-3.577,-2.41,0.92,0,0.373,128.96,-443.702,144.813,-0.02,-37.598,0,"낑깡__",-0.208,-17.589,0,"하루（Haru）",-19.258,-45.933,0,"_송글_",-11.751,-63.46,88,"Slaris",21.11,-49.917,0,"k@ster",11.437,-64.174,0,"Pugeuk",40.075,-96.515,0,"AI",0,-109.84,0,"AI",-40.8,-90.55,0,1614.343,0.365,-30.252,1617.81,7,"AI",0.529,-95.431,1,0,,,,,34,2
60,3,1,3,0,0,0,0,1,0,0,0,255,255,37,1638.477,"ヒメ__",R,11,48,88,0.024,2.013,0.276,2.331,0.002,3.105,-36.94,77.105,1,0,0,159.367,4.618,0,0,0,0,2,R,"가앤슬_",180,83.179,0.2,0,37,W,Y,0,0,0,0,0,0,0,0,0,0,0,0,0,0,0,0,0.063,-37.629,0,"낑깡__",-0.105,-17.38,0,"하루（Haru）",-18.469,-43.004,0,"_송글_",-7.668,-62.187,0,"Slaris",21.381,-49.176,0,"k@ster",8.651,-64.676,0,"Pugeuk",40.678,-98.131,0,"AI",0,-109.84,0,"AI",-40.8,-90.55,0,0,0,0,0,0,"",0,0,0,0,1639.943,,,,0,0
61,3,1,3,0,1,0,0,1,0,0,0,255,255,38,1653.562,"ヒメ__",R,13,31,75,0.056,-0.222,0.565,1.979,0.833,2.223,-36.94,41.868,2,0,-266.205,312.348,-33.874,0,0,1,0,2,R,"가앤슬_",180,83.179,0.2,3,37,W,Y,1655.07,255,81,79,101,43,145,83,14.66,-5.384,1,0,0.458,-83.55,501.632,221.159,0.697,-37.298,0,"낑깡__",0.052,-17.445,0,"하루（Haru）",-17.938,-44.589,89,"_송글_",-12.07,-63.669,0,"Slaris",21.386,-49.121,0,"k@ster",8.034,-64.319,98,"Pugeuk",42.049,-98.179,0,"AI",0,-109.84,0,"AI",-40.8,-90.55,0,1657.329,0.762,-70.216,1657.556,5,"k@ster",1.028,-65.047,0,0,,,,,41,1
62,3,1,3,0,0,0,1,1,0,0,0,255,255,39,1680.506,"ヒメ__",R,26,97,140,-3.071,-1.321,-0.106,1.543,-1.422,0.633,-36.94,9.471,1,0,64.737,-166.854,16.876,0,0,0,1,1,R,"_이누_",190,89.841,0.451,0,37,W,Y,0,0,0,0,0,0,0,0,0,0,0,0,0,0,0,0,0.183,-37.679,0,"낑깡__",-0.315,-17.465,0,"하루（Haru）",-19.349,-42.283,0,"_송글_",-11.423,-63.865,0,"Slaris",21.068,-49.712,0,"k@ster",4.862,-63.74,0,"Pugeuk",41.161,-106.551,0,"AI",0,-109.84,0,"AI",-40.8,-90.55,0,0,0,0,0,0,"",0,0,0,0,1681.449,,,,0,0
63,3,1,3,0,1,0,1,1,0,0,0,255,255,40,1697.872,"ヒメ__",R,10,56,102,0.986,-1.377,0.298,2.186,0.421,1.303,-36.94,61.01,2,0,0,400,-0.195,0,0,1,1,1,R,"_이누_",190,89.841,0.451,1,37,W,Y,1699.083,137,138,109,147,121,142,90,-30,6.758,1,0,0.266,394.598,-322.801,-309.56,0.282,-37.289,0,"낑깡__",0.006,-17.491,0,"하루（Haru）",-19.285,-41.862,75,"_송글_",-11.41,-61.797,89,"Slaris",21.076,-49.74,0,"k@ster",7.027,-64.974,0,"Pugeuk",41.196,-106.608,0,"AI",0,-109.84,0,"AI",-40.8,-90.55,0,1698.689,0.127,-21.436,1701.13,3,"_송글_",-3.895,-57.926,1,32,,1703.405,,,42,2
64,3,1,3,0,0,0,2,1,0,0,1,255,255,41,1730.492,"ヒメ__",R,10,41,91,-2.445,-2.529,0.157,1.228,-0.953,-2.217,-36.94,49.4,1,0,-96.339,400,8.817,-0.08,-27.461,0,2,4,R,"Floră",190,86,0.403,0,37,W,Y,0,0,0,0,0,0,0,0,0,0,0,0,0,0,0,0,0.108,-37.56,95,"낑깡__",-0.388,-17.424,0,"하루（Haru）",-18.948,-42.052,0,"_송글_",-12.133,-63.523,0,"Slaris",21.3,-49.539,0,"k@ster",6.045,-64.891,0,"Pugeuk",41.338,-106.53,0,"AI",0,-109.84,0,"AI",-40.8,-90.55,0,0,0,0,0,0,"",0,0,0,0,1731.823,,,,0,0
65,3,1,3,0,1,0,2,1,0,0,1,255,255,42,1774.809,"ヒメ__",R,27,85,138,0.342,-0.374,0.219,2.129,0.089,1.261,-36.94,44.946,2,0,33.359,-102.431,4.829,0,0,1,2,4,R,"Floră",190,86,0.403,0,37,W,Y,1775.91,159,44,81,48,0,139,88,-52.686,-45.015,-1,0,0.376,-158.615,-397.094,321.385,0.378,-37.705,0,"낑깡__",-0.023,-17.479,0,"하루（Haru）",-18.191,-44.012,85,"_송글_",-12.751,-62.999,0,"Slaris",21.121,-49.529,93,"k@ster",5.414,-63.205,0,"Pugeuk",40.966,-107.023,0,"AI",0,-109.84,0,"AI",-40.8,-90.55,0,1775.53,0.583,-19.969,1777.929,4,"Slaris",22.964,-42.175,0,0,,1778.663,,,44,2
66,3,1,3,0,1,1,2,1,0,0,1,255,255,43,1800.724,"ヒメ__",R,0,33,85,-0.306,-0.902,0.2,1.95,-0.141,1.058,-36.94,43.786,2,0,0,0,-7.389,0,0,1,2,4,R,"Floră",190,86,0.403,5,37,W,Y,1801.918,148,96,149,115,93,145,91,-4.001,3.722,0.98,0,0.374,226.19,172.067,332.111,0.141,-37.266,0,"낑깡__",-0.092,-17.389,0,"하루（Haru）",-17.674,-44.562,0,"_송글_",-11.419,-64.124,85,"Slaris",21.336,-49.667,0,"k@ster",7.704,-64.858,0,"Pugeuk",42.622,-103.204,0,"AI",0,-109.84,0,"AI",-40.8,-90.55,0,1801.783,-0.561,-28.861,1803.703,3,"_송글_",-4.546,-58.824,1,2,,1805.872,,,34,2
67,3,0,3,0,0,0,0,0,0,0,255,255,255,22,1843.034,"ʚEveɞ",R,32,79,129,4.703,2.404,0.572,2.018,1.73,2.786,-36.338,61.971,1,0,204.358,-198.662,7.41,1.98,-6.486,0,0,5,R,"k@ster",174.9,80,0.5,0,37,W,Y,0,0,0,0,0,0,0,0,0,0,0,0,0,0,0,0,0.182,-36.757,0,"_이누_",0.042,-16.761,0,"가앤슬_",-25.305,-47.143,0,"_앰프_",-16.814,-62.648,0,"Floră",19.978,-49.882,0,"CoalCat",10.458,-60.621,0,"AI",40.9,-90.65,0,"AI",0,-109.84,0,"AI",-40.8,-90.55,0,0,0,0,0,0,"",0,0,0,0,,,,,0,0
68,3,0,3,0,1,0,0,0,0,0,255,255,255,23,1857.22,"ʚEveɞ",R,32,86,139,2.844,1.006,0.359,1.823,0.741,2.1,-36.338,26.233,4,0,250,-118.265,28.318,-0.661,-20.206,1,0,5,R,"k@ster",174.9,80,0.5,0,37,W,Y,0,0,0,0,0,0,0,0,0,0,0,0,0,0,0,0,0.159,-36.872,0,"_이누_",-0.075,-16.964,0,"가앤슬_",-23.942,-45.513,0,"_앰프_",-15.856,-60.001,0,"Floră",20.086,-49.873,0,"CoalCat",10.46,-60.591,0,"AI",40.9,-90.65,0,"AI",0,-109.84,0,"AI",-40.8,-90.55,0,0,0,0,0,0,"",0,0,0,0,1862.183,,,,0,0
69,3,0,3,0,1,1,0,0,0,0,255,255,255,24,1876.295,"ʚEveɞ",R,32,91,140,1.956,0.028,0.313,1.682,0.525,1.603,-36.338,21.303,4,0,247.434,-13.16,28.02,0,0,1,0,5,R,"k@ster",174.9,80,0.5,0,37,W,Y,0,0,0,0,0,0,0,0,0,0,0,0,0,0,0,0,0.082,-37.224,0,"_이누_",0.179,-17.124,0,"가앤슬_",-23.154,-44.62,0,"_앰프_",-15.277,-58.644,0,"Floră",20.567,-50.22,0,"CoalCat",10.327,-60.747,0,"AI",40.9,-90.65,0,"AI",0,-109.84,0,"AI",-40.8,-90.55,0,0,0,0,0,0,"",0,0,0,0,1877.356,,,,0,0
70,3,0,3,0,1,2,0,0,0,0,255,255,255,25,1890.558,"ʚEveɞ",R,3,79,118,-2.609,-0.636,0.107,1.577,-0.432,1.235,-36.338,3.253,2,0,-427.483,0,2.509,0,0,1,0,5,R,"k@ster",174.9,80,0.5,2,37,W,Y,1891.562,218,154,84,98,48,145,88,-40.984,49.033,-0.66,0,0.198,176.61,-443.445,-23.32,-0.003,-36.93,0,"_이누_",-0.32,-17.164,0,"가앤슬_",-24.645,-46.104,90,"_앰프_",-15.035,-58.436,0,"Floră",20.088,-50.101,0,"CoalCat",10.35,-60.697,0,"AI",40.9,-90.65,0,"AI",0,-109.84,0,"AI",-40.8,-90.55,0,1891.209,-1.366,-21.111,1893.303,2,"가앤슬_",-22.949,-39.966,0,0,,,,,33,2
71,3,0,3,0,1,2,0,0,0,0,255,255,255,26,1906.985,"ʚEveɞ",R,14,67,108,-1.041,-1.557,-0.021,1.585,-1.028,1.262,-36.338,4.689,4,0,310.522,387.262,12.085,-0.138,-18.131,1,0,5,R,"k@ster",174.9,80,0.5,0,36,W,Y,0,0,0,0,0,0,0,0,0,0,0,0,0,0,0,0,0.328,-37.029,0,"_이누_",-0.169,-17.198,0,"가앤슬_",-23.417,-44.687,0,"_앰프_",-14.83,-58.796,0,"Floră",21.159,-50.864,0,"CoalCat",9.41,-61.904,0,"AI",40.9,-90.65,0,"AI",0,-109.84,0,"AI",-40.8,-90.55,0,0,0,0,0,0,"",0,0,0,0,1908.743,,,,0,0
72,3,0,3,0,0,0,1,0,0,0,255,255,255,27,1928.585,"ʚEveɞ",R,14,66,107,-2.142,-0.122,-0.04,1.69,-1.552,1.957,-36.338,5.431,4,0,379.786,312.348,70.304,0.002,-18.174,1,1,3,R,"_송글_",165.5,91.844,0.315,0,36,W,Y,0,0,0,0,0,0,0,0,0,0,0,0,0,0,0,0,0.072,-37.515,0,"_이누_",-0.085,-17.509,0,"가앤슬_",-23.73,-45.051,0,"_앰프_",-14.203,-57.148,0,"Floră",20.949,-50.604,0,"CoalCat",9.093,-62.051,0,"AI",40.9,-90.65,0,"AI",0,-109.84,0,"AI",-40.8,-90.55,0,0,0,0,0,0,"",0,0,0,0,1931.236,,,,0,0
73,3,0,3,0,0,1,1,0,0,0,255,255,255,28,1942.423,"ʚEveɞ",R,29,59,114,-3.813,0.452,-0.068,1.73,-1.211,1.824,-36.338,5.336,1,0,-250,-18.932,35.306,-1.628,-11.324,0,1,3,R,"_송글_",165.5,91.844,0.315,0,36,W,Y,0,0,0,0,0,0,0,0,0,0,0,0,0,0,0,0,0.154,-37.44,0,"_이누_",-0.837,-17.354,0,"가앤슬_",-24.428,-46.381,0,"_앰프_",-14.146,-58.238,0,"Floră",21.17,-50.943,0,"CoalCat",9.066,-62.011,0,"AI",40.9,-90.65,0,"AI",0,-109.84,0,"AI",-40.8,-90.55,0,0,0,0,0,0,"",0,0,0,0,,,,,0,0
74,3,0,3,0,1,1,1,0,0,0,255,255,255,29,1960.248,"ʚEveɞ",R,29,49,106,-0.908,-0.28,0.051,1.847,0.086,1.586,-36.338,16.732,2,0,-240.909,84.046,-29.497,0,0,1,1,3,R,"_송글_",165.5,91.844,0.315,0,36,W,Y,1961.427,138,94,55,65,68,136,126,-24.042,-10.865,0.67,0,0.409,-146.539,-53.119,-1.603,0.143,-36.913,0,"_이누_",-0.25,-16.85,0,"가앤슬_",-24.339,-46.3,88,"_앰프_",-14.588,-58.192,0,"Floră",20.931,-51.217,0,"CoalCat",8.898,-61.936,102,"AI",40.9,-90.65,0,"AI",0,-109.84,0,"AI",-40.8,-90.55,0,1961.116,0.161,-22.213,1962.783,5,"CoalCat",7.47,-60.185,0,0,,,,,49,2
75,3,0,3,0,0,0,2,0,0,0,255,255,255,30,1985.479,"ʚEveɞ",R,14,63,105,1.356,-1.358,0.196,1.587,-0.019,1.3,-36.338,8.345,1,0,307.216,382.643,4.946,0.353,-17.85,0,2,4,R,"Slaris",190,85.69,0.452,0,36,W,Y,0,0,0,0,0,0,0,0,0,0,0,0,0,0,0,0,0.247,-37.411,0,"_이누_",0.128,-17.036,0,"가앤슬_",-23.928,-45.551,0,"_앰프_",-15.83,-58.69,0,"Floră",18.251,-48.729,0,"CoalCat",8.871,-62.137,0,"AI",40.9,-90.65,0,"AI",0,-109.84,0,"AI",-40.8,-90.55,0,0,0,0,0,0,"",0,0,0,0,1986.57,,,,0,0
76,3,0,3,0,1,0,2,0,0,0,255,255,255,31,1996.654,"ʚEveɞ",R,32,86,140,1.581,0.387,0.286,1.704,0.399,1.679,-36.338,29.886,2,0,207.189,-200,12.599,0,0,1,2,4,R,"Slaris",190,85.69,0.452,1,36,W,Y,1997.657,248,125,157,109,40,145,101,-24.371,-0.96,-0.54,0,0.309,404.532,-175.137,197.83,-0.006,-37.066,0,"_이누_",0.08,-16.987,0,"가앤슬_",-23.973,-45.583,0,"_앰프_",-15.902,-58.878,88,"Floră",21.24,-50.842,0,"CoalCat",8.86,-62.046,0,"AI",40.9,-90.65,0,"AI",0,-109.84,0,"AI",-40.8,-90.55,0,1997.223,0.317,-23.457,2001.503,7,"AI",-0.318,-91.224,1,0,,,,,40,2
77,3,0,3,0,0,0,2,1,0,0,14,255,255,32,2027.725,"ʚEveɞ",R,29,56,111,-2.431,0.586,0.069,1.836,-0.611,2.105,-36.338,22.308,4,0,-250,96.88,8.66,0,0,1,3,2,L,"하루（Haru）",190,90,0.503,0,36,W,Y,0,0,0,0,0,0,0,0,0,0,0,0,0,0,0,0,0.254,-37.554,0,"_이누_",-0.986,-17.578,0,"가앤슬_",-21.072,-41.916,0,"_앰프_",-6.259,-59.172,0,"Floră",24.748,-51.352,0,"CoalCat",10.476,-62.17,0,"AI",40.9,-90.65,0,"AI",0,-109.84,0,"AI",-40.8,-90.55,0,0,0,0,0,0,"",0,0,0,0,2028.929,,,,0,0
78,3,0,3,0,0,1,2,1,0,0,14,255,255,33,2045.861,"ʚEveɞ",R,29,44,102,-0.658,0.357,0.237,1.766,0.172,1.879,-36.338,23.643,2,0,-231.818,20.311,20.148,0,0,1,3,2,L,"하루（Haru）",190,90,0.503,5,36,W,Y,2047.107,98,142,138,120,122,136,114,-5.384,7.391,0.89,0.095,0.133,-308.725,-38.487,306.257,0.116,-36.935,0,"_이누_",-0.141,-17.066,0,"가앤슬_",-21.003,-42.188,0,"_앰프_",-9.65,-59.19,95,"Floră",24.681,-51.182,0,"CoalCat",10.45,-62.061,0,"AI",40.9,-90.65,0,"AI",0,-109.84,0,"AI",-40.8,-90.55,0,2046.943,-1.304,-30.847,2048.37,3,"_앰프_",-5.038,-58.98,0,0,,2051.79,,,43,2
79,4,1,3,0,0,0,0,0,0,0,255,255,255,44,2088.64,"ヒメ__",R,2,59,90,0.114,-0.441,0.39,0.81,0.681,0.933,-36.543,47.03,0,0,-295.811,-345.375,-4.012,-0.677,-11.907,0,3,3,R,"_앰프_",160,80,0.4,0,36,W,Y,0,0,0,0,0,0,0,0,0,0,0,0,0,0,0,0,0.446,-37.346,0,"낑깡__",-0.068,-17.354,0,"하루（Haru）",-20.006,-46.204,0,"_송글_",-11.823,-63.363,0,"Slaris",19.132,-48.429,0,"k@ster",8.133,-64.568,0,"Pugeuk",41.269,-97.942,0,"AI",0,-109.84,0,"AI",-40.8,-90.55,0,0,0,0,0,0,"",0,0,0,0,,,,,0,0
80,4,1,3,0,0,1,0,0,0,0,255,255,255,45,2108.881,"ヒメ__",R,32,73,125,1.48,0.22,0.354,1.055,0.275,1.88,-36.543,30.906,1,0,250,121.736,10.107,0.621,-9.701,0,3,3,R,"_앰프_",160,80,0.4,0,36,W,Y,0,0,0,0,0,0,0,0,0,0,0,0,0,0,0,0,0.187,-38.166,0,"낑깡__",0.08,-17.371,0,"하루（Haru）",-19.966,-46.211,0,"_송글_",-11.842,-63.405,0,"Slaris",19.029,-48.468,0,"k@ster",8.17,-64.591,0,"Pugeuk",43.635,-100.783,0,"AI",0,-109.84,0,"AI",-40.8,-90.55,0,0,0,0,0,0,"",0,0,0,0,,,,,0,0
81,4,1,3,0,1,1,0,0,0,0,255,255,255,46,2126.823,"ヒメ__",R,32,73,125,-0.302,0.117,0.214,1.006,-0.498,1.802,-36.543,29.482,2,0,250,100.227,10.454,0,0,1,3,3,R,"_앰프_",160,80,0.4,3,36,W,Y,2127.93,255,71,72,70,42,145,76,97.422,-27.193,-1,0,0.215,402.687,139.847,392.253,0.247,-37.145,0,"낑깡__",-0.152,-17.591,0,"하루（Haru）",-19.088,-45.713,0,"_송글_",-11.829,-63.31,0,"Slaris",19.18,-48.417,0,"k@ster",7.738,-64.389,0,"Pugeuk",43.625,-100.78,0,"AI",0,-109.84,0,"AI",-40.8,-90.55,0,2133.29,-8.775,-5.826,0,0,"",0,0,0,0,,,,,32,3
82,4,1,3,0,1,2,0,0,0,0,255,255,255,47,2153.982,"ヒメ__",R,2,63,93,-0.184,0.454,0.381,0.955,0.603,1.463,-36.543,36.756,0,0,-330.095,-312.348,-7.094,0,0,1,3,3,R,"_앰프_",160,80,0.4,0,36,W,Y,0,0,0,0,0,0,0,0,0,0,0,0,0,0,0,0,0.269,-37.287,0,"낑깡__",-0.025,-17.381,0,"하루（Haru）",-19.275,-45.341,0,"_송글_",-10.503,-62.69,0,"Slaris",19.193,-48.987,0,"k@ster",7.581,-65.189,0,"Pugeuk",41.688,-99.372,0,"AI",0,-109.84,0,"AI",-40.8,-90.55,0,0,0,0,0,0,"",0,0,0,0,2155.396,,,,0,0
83,4,1,3,0,0,0,1,0,0,0,255,255,255,48,2173.325,"ヒメ__",R,2,72,100,-0.983,0.311,0.311,0.864,0.253,1.398,-36.543,40.179,0,0,-331.107,-342.557,7.064,0,0,0,4,5,R,"CoalCat",174.8,85.186,0.503,0,36,W,Y,0,0,0,0,0,0,0,0,0,0,0,0,0,0,0,0,0.471,-37.367,0,"낑깡__",-0.161,-17.492,0,"하루（Haru）",-19.339,-45.703,0,"_송글_",-9.917,-65.134,0,"Slaris",19.245,-49.006,0,"k@ster",7.828,-65.374,0,"Pugeuk",41.659,-99.411,0,"AI",0,-109.84,0,"AI",-40.8,-90.55,0,0,0,0,0,0,"",0,0,0,0,2174.676,,,,0,0
84,4,1,3,0,0,1,1,0,0,0,255,255,255,49,2188.421,"ヒメ__",R,32,75,126,-0.674,0.48,0.209,1.1,-0.675,2.067,-36.543,22.984,0,0,250,144.248,37.152,0,0,1,4,5,R,"CoalCat",174.8,85.186,0.503,0,36,W,Y,0,0,0,0,0,0,0,0,0,0,0,0,0,0,0,0,0.416,-37.426,0,"낑깡__",-0.058,-17.316,0,"하루（Haru）",-19.333,-45.719,0,"_송글_",-11.482,-64.049,0,"Slaris",19.355,-49.01,0,"k@ster",8.038,-65.685,0,"Pugeuk",41.647,-99.662,0,"AI",0,-109.84,0,"AI",-40.8,-90.55,0,0,0,0,0,0,"",0,0,0,0,2189.57,,,,0,0
85,4,1,3,0,0,2,1,0,0,0,255,255,255,50,2203.602,"ヒメ__",R,6,48,82,-16.137,12.666,-0.305,1.584,-6.012,6.616,-36.543,95.43,1,0,372.727,0,0,0,0,0,4,5,R,"CoalCat",174.8,85.186,0.503,0,36,W,Y,0,0,0,0,0,0,0,0,0,0,0,0,0,0,0,0,0.549,-38.385,0,"낑깡__",-3.106,-17.612,0,"하루（Haru）",-19.331,-45.693,0,"_송글_",-10.991,-64.336,0,"Slaris",19.306,-48.893,0,"k@ster",7.997,-65.641,0,"Pugeuk",41.632,-99.534,0,"AI",0,-109.84,0,"AI",-40.8,-90.55,0,0,0,0,0,0,"",0,0,0,0,,,,,0,0
86,4,1,3,0,1,2,1,0,0,0,255,255,255,51,2223.498,"ヒメ__",R,2,64,94,0.63,1.447,0.576,1.12,1.044,2.104,-36.543,25.255,4,0,-349.904,-286.95,0,0,0,1,4,5,R,"CoalCat",174.8,85.186,0.503,0,36,W,Y,0,0,0,0,0,0,0,0,0,0,0,0,0,0,0,0,0.365,-37.675,0,"낑깡__",-0.134,-17.461,0,"하루（Haru）",-19.392,-42.44,0,"_송글_",-10.674,-64.753,0,"Slaris",19.195,-48.87,0,"k@ster",7.898,-65.582,0,"Pugeuk",41.591,-99.534,0,"AI",0,-109.84,0,"AI",-40.8,-90.55,0,0,0,0,0,0,"",0,0,0,0,2224.796,,,,0,0
87,4,1,3,0,0,0,2,0,0,0,255,255,255,52,2409.151,"ヒメ__",R,32,76,127,-0.341,0.3,0.211,1.082,-0.527,1.776,-36.543,27.469,0,0,250,-47.878,16.617,0.446,-5.869,1,5,0,L,"ʚEveɞ",190,95.155,0.446,0,56,W,Y,0,0,0,0,0,0,0,0,0,0,0,0,0,0,0,0,0.007,-37.518,0,"낑깡__",-0.081,-17.628,0,"하루（Haru）",-18.856,-45.202,0,"_송글_",-9.016,-63.732,0,"Slaris",22.099,-50.846,0,"k@ster",11.271,-64.755,0,"Pugeuk",46.433,-104.161,0,"AI",0,-109.84,0,"AI",-40.8,-90.55,0,0,0,0,0,0,"",0,0,0,0,2414.25,,,,0,0
88,4,1,3,0,0,1,2,0,0,0,255,255,255,53,2425.524,"ヒメ__",R,3,71,99,-0.679,0.713,0.424,1.094,0.594,1.972,-36.543,37.544,0,0,-437.853,-115.391,11.038,0,0,0,5,0,L,"ʚEveɞ",190,95.155,0.446,0,56,W,Y,0,0,0,0,0,0,0,0,0,0,0,0,0,0,0,0,0.057,-37.468,0,"낑깡__",-0.1,-17.652,0,"하루（Haru）",-18.718,-45.239,0,"_송글_",-10.208,-63.209,0,"Slaris",22.177,-50.77,0,"k@ster",10.045,-65.22,0,"Pugeuk",46.804,-104.003,0,"AI",0,-109.84,0,"AI",-40.8,-90.55,0,0,0,0,0,0,"",0,0,0,0,2426.929,,,,0,0
89,4,1,3,0,0,2,2,0,0,0,255,255,255,54,2440.033,"ヒメ__",R,6,66,95,1.187,0.362,0.154,1.008,-0.481,1.882,-36.543,39.983,0,0,431.756,-8.468,-41.318,2.092,-8.833,1,5,0,L,"ʚEveɞ",190,95.155,0.446,0,56,W,Y,0,0,0,0,0,0,0,0,0,0,0,0,0,0,0,0,-0.011,-36.817,0,"낑깡__",0.447,-17.826,0,"하루（Haru）",-18.802,-45.226,0,"_송글_",-8.538,-63.742,0,"Slaris",22.161,-50.819,0,"k@ster",10.378,-65.39,0,"Pugeuk",46.654,-104.136,0,"AI",0,-109.84,0,"AI",-40.8,-90.55,0,0,0,0,0,0,"",0,0,1,0,2445.196,,,,0,0
90,4,1,3,0,0,0,2,1,0,0,0,255,255,55,2469.437,"ヒメ__",R,3,42,92,4.723,-0.853,0.717,0.982,2.81,1.2,-36.543,60.994,3,0,-344.296,0,3.465,0.402,-20.88,0,0,2,R,"가앤슬_",180,83.179,0.2,0,64,W,Y,0,0,0,0,0,0,0,0,0,0,0,0,0,0,0,0,0.541,-37.266,0,"낑깡__",0.217,-17.599,0,"하루（Haru）",-17.788,-45.374,0,"_송글_",-10.272,-63.823,0,"Slaris",21.082,-50.66,0,"k@ster",6.322,-66.447,0,"Pugeuk",40.509,-100.586,0,"AI",0,-109.84,0,"AI",-40.8,-90.55,0,0,0,0,0,0,"",0,0,0,0,,,,,0,6
91,4,1,3,0,2,0,2,1,0,0,0,255,255,56,2501.243,"ヒメ__",R,32,57,112,1.453,1.037,0.37,1.175,0.225,2.403,-36.543,21.269,1,0,217.005,108.325,3.097,0,0,0,0,2,R,"가앤슬_",180,83.179,0.2,0,64,W,Y,0,0,0,0,0,0,0,0,0,0,0,0,0,0,0,0,0.495,-37.602,0,"낑깡__",-0.022,-17.54,0,"하루（Haru）",-18.735,-42.172,0,"_송글_",-10,-64.136,0,"Slaris",22.197,-49.597,0,"k@ster",5.299,-64.991,0,"Pugeuk",40.336,-100.531,0,"AI",0,-109.84,0,"AI",-40.8,-90.55,0,0,0,0,0,0,"",0,0,0,0,2502.516,,,,0,0
92,4,1,3,0,3,0,2,1,0,0,0,255,255,57,2518.458,"ヒメ__",R,2,65,95,-1.565,1.842,0.248,1.212,0.042,2.308,-36.543,19.241,2,0,-321.836,-333.362,0,0,0,1,0,2,R,"가앤슬_",180,83.179,0.2,3,64,W,Y,2519.812,255,192,134,72,50,145,113,25.59,26.476,0.15,0,0.636,-191.323,-224.025,499.85,0.326,-37.443,0,"낑깡__",-0.245,-17.811,0,"하루（Haru）",-17.762,-44.434,0,"_송글_",-8.046,-64.312,0,"Slaris",22.195,-49.612,0,"k@ster",5.02,-64.313,0,"Pugeuk",40.293,-101.78,0,"AI",0,-109.84,0,"AI",-40.8,-90.55,0,2523.77,-39.034,-106.262,2528.53,3,"_송글_",-3.773,-63.286,0,0,,2522.478,,,34,1
93,4,0,3,0,0,0,0,0,0,0,255,255,255,34,2573.312,"ʚEveɞ",R,32,81,132,-0.611,0.171,0.271,1.7,-0.571,1.57,-36.338,19.391,0,0,213.021,-158.528,33.047,0,0,0,4,1,R,"낑깡__",190,80,0.398,0,36,W,Y,0,0,0,0,0,0,0,0,0,0,0,0,0,0,0,0,0.193,-37.183,0,"_이누_",-0.062,-16.673,0,"가앤슬_",-23.858,-45.101,0,"_앰프_",-15.823,-59.372,0,"Floră",20.789,-50.679,0,"CoalCat",10.037,-60.813,0,"AI",40.9,-90.65,0,"AI",0,-109.84,0,"AI",-40.8,-90.55,0,0,0,0,0,0,"",0,0,0,0,2574.156,,,,0,0
94,4,0,3,0,0,1,0,0,0,0,255,255,255,35,2588.834,"ʚEveɞ",R,6,46,93,-2.569,-0.151,-0.28,1.765,-2.122,1.534,-36.338,10.826,1,0,422.727,0,39.16,0,0,0,4,1,R,"낑깡__",190,80,0.398,0,36,W,Y,0,0,0,0,0,0,0,0,0,0,0,0,0,0,0,0,0.179,-37.604,0,"_이누_",-0.204,-16.888,0,"가앤슬_",-23.465,-44.978,0,"_앰프_",-14.895,-58.801,0,"Floră",20.914,-50.845,0,"CoalCat",10.311,-61.346,0,"AI",40.9,-90.65,0,"AI",0,-109.84,0,"AI",-40.8,-90.55,0,0,0,0,0,0,"",0,0,0,0,2589.969,,,,0,0
95,4,0,3,0,1,1,0,0,0,0,255,255,255,36,2602.188,"ʚEveɞ",R,4,80,124,-6.333,-0.303,0.07,1.699,-2.403,1.41,-36.338,5.052,1,0,-229.732,0,6.33,-2.098,-11.961,0,4,1,R,"낑깡__",190,80,0.398,0,36,W,Y,0,0,0,0,0,0,0,0,0,0,0,0,0,0,0,0,-0.006,-37.173,0,"_이누_",-0.977,-17.542,0,"가앤슬_",-22.925,-43.971,0,"_앰프_",-13.803,-57.044,0,"Floră",21.097,-50.838,0,"CoalCat",9.696,-61.921,0,"AI",40.9,-90.65,0,"AI",0,-109.84,0,"AI",-40.8,-90.55,0,0,0,0,0,0,"",0,0,0,0,,,,,0,0
96,4,0,3,0,2,1,0,0,0,0,255,255,255,37,2620.541,"ʚEveɞ",R,5,76,124,-1.286,-0.152,0.115,1.651,-0.394,1.507,-36.338,17.709,0,0,-109.901,0,17.807,0,0,1,4,1,R,"낑깡__",190,80,0.398,0,36,W,Y,0,0,0,0,0,0,0,0,0,0,0,0,0,0,0,0,0.144,-37.401,0,"_이누_",-0.218,-16.924,0,"가앤슬_",-22.687,-43.81,0,"_앰프_",-14.397,-57.19,0,"Floră",21.28,-50.962,0,"CoalCat",9.658,-61.939,0,"AI",40.9,-90.65,0,"AI",0,-109.84,0,"AI",-40.8,-90.55,0,0,0,0,0,0,"",0,0,0,0,2621.556,,,,0,0
97,4,0,3,0,2,2,0,0,0,0,255,255,255,38,2635.741,"ʚEveɞ",R,6,48,94,2.571,0.072,0.235,1.704,0.165,1.679,-36.338,19.926,2,0,427.273,0,19.674,0,0,1,4,1,R,"낑깡__",190,80,0.398,3,36,W,Y,2636.939,131,133,153,118,79,140,86,-24.474,-31.58,-0.9,0,0.237,-437.909,-293.808,284.102,0.232,-37.145,0,"_이누_",0.104,-16.904,0,"가앤슬_",-24.119,-45.465,0,"_앰프_",-13.923,-57.231,86,"Floră",21.259,-51.063,0,"CoalCat",9.712,-61.826,0,"AI",40.9,-90.65,0,"AI",0,-109.84,0,"AI",-40.8,-90.55,0,2636.57,1.763,-22.65,2641.09,6,"AI",25.383,-76.968,1,0,,,,,40,2
98,4,0,3,0,0,0,0,1,0,0,11,255,255,39,2663.308,"ʚEveɞ",R,14,48,94,1.694,-0.641,0.199,1.715,-0.005,1.716,-36.338,5.436,2,0,333.644,312.348,17.263,0,0,0,5,0,R,"ヒメ__",190,99.943,0.448,3,36,W,Y,2664.411,202,79,122,100,47,145,89,-30,-53.482,0.99,0,0.244,-182.89,220.307,-492.143,0.184,-36.971,0,"_이누_",0.048,-17.001,0,"가앤슬_",-20.465,-41.748,0,"_앰프_",-12.86,-58.69,0,"Floră",19.561,-50.463,0,"CoalCat",9.115,-59.041,0,"AI",40.9,-90.65,0,"AI",0,-109.84,0,"AI",-40.8,-90.55,0,2664.01,2.197,-22.819,0,0,"",0,0,0,0,,,,,32,0
99,4,0,3,0,0,1,0,1,0,0,11,255,255,40,2677.869,"ʚEveɞ",R,32,90,140,1.131,0.847,0.239,1.793,0.18,1.968,-36.338,23.064,0,0,250,-200,44.686,0,0,1,5,0,R,"ヒメ__",190,99.943,0.448,0,40,W,Y,0,0,0,0,0,0,0,0,0,0,0,0,0,0,0,0,0.211,-37.32,0,"_이누_",0.045,-16.995,0,"가앤슬_",-20.89,-41.963,0,"_앰프_",-11.321,-57.702,0,"Floră",21.167,-48.99,0,"CoalCat",10.652,-59.086,0,"AI",40.9,-90.65,0,"AI",0,-109.84,0,"AI",-40.8,-90.55,0,0,0,0,0,0,"",0,0,0,0,2678.729,,,,0,0
100,4,0,3,0,0,2,0,1,0,0,11,255,255,41,2692.468,"ʚEveɞ",R,26,89,140,-1.753,1.199,-0.018,1.861,-1.013,2.188,-36.338,12.613,4,0,196.968,-200,36.899,0,0,1,5,0,R,"ヒメ__",190,99.943,0.448,0,40,W,Y,0,0,0,0,0,0,0,0,0,0,0,0,0,0,0,0,0.053,-37.236,0,"_이누_",-0.384,-17.21,0,"가앤슬_",-19.488,-39.807,0,"_앰프_",-11.845,-59.319,0,"Floră",21.527,-49.443,0,"CoalCat",10.686,-59.225,0,"AI",40.9,-90.65,0,"AI",0,-109.84,0,"AI",-40.8,-90.55,0,0,0,0,0,0,"",0,0,0,0,2693.316,,,,0,0
101,4,0,3,0,0,0,1,1,0,0,11,255,255,42,2736.712,"ʚEveɞ",R,1,67,120,-2.213,-0.555,0.055,1.701,-0.672,1.669,-36.338,6.66,4,0,0,0,-14.418,-0.571,-18.038,1,6,6,R,"Pugeuk",190,86.173,0.396,0,36,W,Y,0,0,0,0,0,0,0,0,0,0,0,0,0,0,0,0,0.317,-37.128,0,"_이누_",-0.93,-17.078,0,"가앤슬_",-21.572,-42.725,0,"_앰프_",-14.145,-57.872,0,"Floră",20.979,-50.481,0,"CoalCat",11.166,-61.563,0,"AI",40.9,-90.65,0,"AI",0,-109.84,0,"AI",-40.8,-90.55,0,0,0,0,0,0,"",0,0,0,0,2739.623,,,,0,0
102,4,0,3,0,0,1,1,1,0,0,11,255,255,43,2753.281,"ʚEveɞ",R,14,63,105,-0.552,-0.69,0.001,1.698,-0.926,1.659,-36.338,2.719,2,0,349.446,340.56,5.219,0,0,1,6,6,R,"Pugeuk",190,86.173,0.396,5,36,W,Y,2754.549,254,98,149,97,23,145,119,-10.451,-2.21,0.81,0,0.682,-515.178,-133.317,-218.401,0.092,-37.08,0,"_이누_",-0.195,-17.152,0,"가앤슬_",-21.374,-42.989,0,"_앰프_",-14.035,-57.5,0,"Floră",21.24,-50.66,0,"CoalCat",10.017,-59.943,73,"AI",40.907,-90.657,0,"AI",0,-109.85,0,"AI",-40.8,-90.55,0,2754.196,0.039,-25.691,2757.61,7,"AI",3.91,-97.664,1,0,,2758.678,,,48,2
103,4,0,3,0,0,0,1,1,1,0,16,11,255,44,2777.941,"ʚEveɞ",R,32,94,140,-0.547,-0.119,0.219,1.694,0.036,1.519,-36.338,20.489,2,0,250,-200,13.372,0,0,1,0,5,R,"k@ster",174.9,90,0.428,3,36,W,Y,2778.927,157,96,85,59,30,145,81,14.775,-25.124,-1,0,0.104,319.356,-374.407,341.515,-0.035,-37.165,0,"_이누_",-0.213,-17.156,0,"가앤슬_",-21.433,-43.032,0,"_앰프_",-13.952,-58.379,87,"Floră",17.332,-48.132,0,"CoalCat",5.822,-59.08,0,"AI",40.9,-90.65,0,"AI",0,-109.84,0,"AI",-40.8,-90.55,0,2781.476,25.654,-67.66,2782.823,6,"AI",31.326,-77.05,1,0,,2783.604,2785.321,,40,2
104,4,0,3,0,0,0,1,1,1,1,15,16,11,45,2807.165,"ʚEveɞ",R,6,56,101,-1.256,0.264,-0.121,1.725,-1.494,1.76,-36.338,6.354,0,0,459.091,0,50.749,0.183,-18.347,0,1,3,R,"_송글_",165.5,91.844,0.315,0,36,W,Y,0,0,0,0,0,0,0,0,0,0,0,0,0,0,0,0,0.198,-37.623,0,"_이누_",-0.083,-17.08,0,"가앤슬_",-23.138,-45.079,0,"_앰프_",-12.97,-57.843,0,"Floră",20.343,-49.015,0,"CoalCat",9.573,-58.265,0,"AI",40.9,-90.65,0,"AI",0,-109.84,0,"AI",-40.8,-90.55,0,0,0,0,0,0,"",0,0,0,0,2813.236,2810.236,2810.065,,0,0
105,4,0,3,0,0,1,1,1,1,1,15,16,11,46,2827.08,"ʚEveɞ",R,6,42,91,-1.471,-0.667,-0.243,1.642,-1.637,1.083,-36.338,16.579,0,0,402.389,-115.805,-22.731,0,0,1,1,3,R,"_송글_",165.5,91.844,0.315,0,36,W,Y,0,0,0,0,0,0,0,0,0,0,0,0,0,0,0,0,0.028,-37.884,0,"_이누_",-0.186,-17.258,0,"가앤슬_",-22.465,-43.785,0,"_앰프_",-13.163,-58.701,0,"Floră",19.796,-47.58,0,"CoalCat",11.36,-60.078,0,"AI",40.9,-90.65,0,"AI",0,-109.84,0,"AI",-40.8,-90.55,0,0,0,0,0,0,"",0,0,0,0,2828.356,2830.159,2830.033,,0,0
106,4,0,3,0,0,2,1,1,1,1,15,16,11,47,2846.593,"ʚEveɞ",R,9,65,94,-1.352,0.154,-0.243,1.535,-1.373,1.255,-36.338,15.844,0,0,333.644,-312.348,27.407,0.074,-17.609,0,1,3,R,"_송글_",165.5,91.844,0.315,0,36,W,Y,0,0,0,0,0,0,0,0,0,0,0,0,0,0,0,0,-0.05,-37.141,0,"_이누_",0.201,-17.59,0,"가앤슬_",-22.614,-44.304,0,"_앰프_",-13.838,-57.153,0,"Floră",20.386,-48.062,0,"CoalCat",11.338,-59.826,0,"AI",40.9,-90.65,0,"AI",0,-109.84,0,"AI",-40.8,-90.55,0,0,0,0,0,0,"",0,0,0,0,2849.61,2849.9,2849.582,,0,0
107,4,0,3,0,0,0,2,1,1,1,15,16,11,48,2869.321,"ʚEveɞ",R,26,95,140,-0.098,0.618,0.06,1.617,-0.65,1.396,-36.338,6.039,2,0,197.97,-200,39.364,0,0,1,2,4,R,"Slaris",190,85.69,0.452,0,36,W,Y,2870.333,160,79,87,70,24,145,135,-30,26.235,0.44,0,0.161,-71.507,-20.34,77.863,-0.181,-36.977,0,"_이누_",-0.035,-17.075,0,"가앤슬_",-23.013,-44.418,85,"_앰프_",-14.103,-58.476,94,"Floră",21.819,-49.678,0,"CoalCat",12.112,-60.542,0,"AI",40.9,-90.65,0,"AI",0,-109.84,0,"AI",-40.8,-90.55,0,2869.89,-0.938,-21.54,2873.983,3,"_앰프_",-17.951,-53.481,1,0,,2875.212,2875.298,2874.735,41,2
108,4,0,3,1,0,0,2,1,1,1,14,15,16,49,2898.771,"ʚEveɞ",R,32,92,140,0.423,0.449,0.17,1.722,-0.14,1.735,-36.338,19.302,0,0,250,-181.518,32.493,0,0,1,3,2,L,"하루（Haru）",190,90,0.503,0,36,W,Y,0,0,0,0,0,0,0,0,0,0,0,0,0,0,0,0,0.379,-37.285,0,"_이누_",-0.089,-16.546,0,"가앤슬_",-22.983,-44.49,0,"_앰프_",-11.458,-60.118,0,"Floră",23.026,-49.236,0,"CoalCat",11.748,-60.086,0,"AI",40.9,-90.65,0,"AI",0,-109.84,0,"AI",-40.8,-90.55,0,0,0,0,0,0,"",0,0,0,0,2899.916,2901.968,2901.044,,0,0
109,4,0,3,1,0,1,2,1,1,1,14,15,16,50,2936.645,"ʚEveɞ",R,28,91,140,-2.542,0.362,0.058,1.77,-1.203,1.755,-36.338,9.165,1,0,69.619,-91.105,9.464,0,0,0,3,2,L,"하루（Haru）",190,90,0.503,0,36,W,Y,0,0,0,0,0,0,0,0,0,0,0,0,0,0,0,0,0.155,-37.612,0,"_이누_",-0.042,-17.97,0,"가앤슬_",-22.687,-44.267,0,"_앰프_",-12.061,-57.884,0,"Floră",22.295,-46.792,0,"CoalCat",11.293,-59.606,0,"AI",40.9,-90.65,0,"AI",0,-109.84,0,"AI",-40.8,-90.55,0,0,0,0,0,0,"",0,0,0,0,2937.743,2940.06,2939.437,,0,0
110,4,0,3,1,1,1,2,1,1,1,14,15,16,51,2956.96,"ʚEveɞ",R,0,62,116,-2.122,0.118,0.001,1.705,-0.925,1.684,-36.338,8.746,2,0,0,0,24.88,0,0,1,3,2,L,"하루（Haru）",190,90,0.503,5,36,W,Y,2958.226,139,157,143,138,96,143,124,-3.224,5.823,0.75,0,0.247,-265.502,69.931,399.645,-0.142,-37.256,0,"_이누_",-0.265,-17.281,103,"가앤슬_",-21.173,-42.705,0,"_앰프_",-10.596,-58.408,95,"Floră",23.586,-48.933,0,"CoalCat",11.255,-59.504,0,"AI",40.9,-90.65,0,"AI",0,-109.84,0,"AI",-40.8,-90.55,0,2958.09,-1.627,-33.523,2963.423,7,"AI",-15.422,-124.97,1,0,2970.81,2962.967,2963.596,2962.847,42,2
111,4,0,3,3,0,0,2,0,1,1,255,12,14,52,2994.358,"ʚEveɞ",R,14,41,90,1.556,-1.806,0.197,1.517,-0.013,1.072,-36.338,17.642,1,0,294.97,346.448,19.746,0.421,-17.992,0,4,1,R,"낑깡__",190,80,0.398,0,36,W,Y,0,0,0,0,0,0,0,0,0,0,0,0,0,0,0,0,0.21,-37.481,0,"_이누_",0.183,-17.566,0,"가앤슬_",-24.273,-45.559,0,"_앰프_",-14.3,-59.519,0,"Floră",21.581,-49.555,0,"CoalCat",9.803,-59.954,0,"AI",40.9,-90.65,0,"AI",0,-109.84,0,"AI",-40.8,-90.55,0,0,0,0,0,0,"",0,0,0,16,2996.863,2997.205,2996.591,,0,0
112,4,0,3,3,0,1,2,0,1,1,255,12,14,53,3008.806,"ʚEveɞ",R,27,90,140,-1.292,1.096,0.038,1.855,-0.752,2.168,-36.338,13.623,1,0,148.074,-149.33,33.068,0,0,0,4,1,R,"낑깡__",190,80,0.398,0,78,W,Y,0,0,0,0,0,0,0,0,0,0,0,0,0,0,0,0,0.173,-37.247,0,"_이누_",0.115,-16.582,0,"가앤슬_",-23.587,-44.976,0,"_앰프_",-14.022,-58.414,0,"Floră",21.493,-48.344,0,"CoalCat",9.836,-59.931,0,"AI",40.9,-90.65,0,"AI",0,-109.84,0,"AI",-40.8,-90.55,0,0,0,0,0,0,"",0,0,0,0,3009.636,3011.513,3010.786,,0,0
113,4,0,3,3,1,1,2,0,1,1,255,12,14,54,3019.933,"ʚEveɞ",R,32,87,140,0.396,1.466,0.176,1.913,-0.114,2.357,-36.338,28.988,1,0,250,-200,56.168,0,0,0,4,1,R,"낑깡__",190,80,0.398,0,78,W,Y,0,0,0,0,0,0,0,0,0,0,0,0,0,0,0,0,0.048,-37.424,0,"_이누_",0.15,-16.912,0,"가앤슬_",-23.548,-44.957,0,"_앰프_",-14.637,-58.638,0,"Floră",22.508,-50.449,0,"CoalCat",9.416,-60.304,0,"AI",40.9,-90.65,0,"AI",0,-109.84,0,"AI",-40.8,-90.55,0,0,0,0,0,0,"",0,0,0,0,3020.756,3023.037,3022.108,,0,0
114,4,0,3,3,1,2,2,0,1,1,255,12,14,55,3034.185,"ʚEveɞ",R,10,58,92,-1.072,0.698,0.12,2.157,-0.47,2.701,-36.338,24.104,0,0,0,400,-6.239,0,0,0,4,1,R,"낑깡__",190,80,0.398,0,78,W,Y,0,0,0,0,0,0,0,0,0,0,0,0,0,0,0,0,0.249,-37.099,0,"_이누_",0.05,-16.918,0,"가앤슬_",-23.337,-45.058,0,"_앰프_",-14.915,-58.798,0,"Floră",21.579,-48.729,0,"CoalCat",9.054,-59.292,0,"AI",40.9,-90.65,0,"AI",0,-109.84,0,"AI",-40.8,-90.55,0,0,0,0,0,0,"",0,0,0,0,3035.29,3037.561,,,0,0
115,5,1,3,3,0,0,0,0,0,0,255,255,255,58,3090.962,"ヒメ__",R,32,64,118,-0.025,0.197,0.26,1.092,-0.433,1.887,-36.543,30.555,0,0,250,110.747,16.504,0,0,1,1,1,R,"_이누_",190,89.841,0.451,0,52,W,Y,0,0,0,0,0,0,0,0,0,0,0,0,0,0,0,0,0.272,-37.367,0,"낑깡__",0.009,-17.392,0,"하루（Haru）",-19.634,-45.529,0,"_송글_",-11.675,-61.383,0,"Slaris",21.461,-49.014,0,"k@ster",6.676,-64.99,0,"Pugeuk",37.802,-103.045,0,"AI",0,-109.84,0,"AI",-40.8,-90.55,0,0,0,0,0,0,"",0,0,0,0,3092.01,,,,0,0
116,5,1,3,3,0,1,0,0,0,0,255,255,255,59,3108.435,"ヒメ__",R,2,69,98,-1.119,0.95,0.327,1.067,0.238,1.885,-36.543,32.329,0,0,-347.842,-312.348,0,0,0,1,1,1,R,"_이누_",190,89.841,0.451,0,52,W,Y,0,0,0,0,0,0,0,0,0,0,0,0,0,0,0,0,0.051,-37.52,0,"낑깡__",-0.178,-17.417,0,"하루（Haru）",-18.755,-45.054,0,"_송글_",-13.111,-63.733,0,"Slaris",21.434,-49.658,0,"k@ster",6.859,-65.089,0,"Pugeuk",37.489,-103.37,0,"AI",0,-109.84,0,"AI",-40.8,-90.55,0,0,0,0,0,0,"",0,0,0,0,3109.503,,,,0,0
117,5,1,3,3,0,2,0,0,0,0,255,255,255,60,3123.268,"ヒメ__",R,2,50,84,0.694,0.649,0.509,0.995,0.987,1.61,-36.543,39.362,2,0,-280.859,-338.718,0,0,0,1,1,1,R,"_이누_",190,89.841,0.451,0,52,W,Y,3124.593,241,57,100,66,7,145,135,32.462,-12.347,0.31,0,0.131,253.22,293.182,-40.422,0.53,-37.066,0,"낑깡__",-0.041,-17.368,0,"하루（Haru）",-18.819,-45.099,0,"_송글_",-13.067,-63.613,0,"Slaris",21.305,-49.814,0,"k@ster",7.46,-65.017,0,"Pugeuk",38.626,-107.114,0,"AI",0,-109.84,0,"AI",-40.8,-90.55,0,3130.13,18.724,-142.956,3133.57,7,"AI",20.693,-136.344,0,0,,3135.828,3141.072,,34,4
118,5,1,4,3,0,0,0,0,0,0,255,255,255,61,3170.996,"ヒメ__",R,32,74,125,0.281,-0.134,0.27,1.053,-0.274,1.617,-36.543,37.666,2,0,250,65.663,0,0,0,1,2,4,R,"Floră",190,86,0.403,5,36,W,Y,3172.104,126,98,101,96,0,139,83,-2.133,0.365,-1,0,0.559,-394.515,-185.851,195.085,0.272,-37.008,0,"낑깡__",-0.067,-17.517,0,"하루（Haru）",-18.931,-45.331,86,"_송글_",-9.597,-65.636,88,"Slaris",21.105,-49.2,0,"k@ster",7.793,-64.091,0,"Pugeuk",40.319,-116.1,0,"AI",0,-109.84,0,"AI",-40.8,-90.55,0,3172.05,0.039,-29.356,3174.236,3,"_송글_",-1.878,-60.665,0,0,,,,,42,2
119,5,1,4,3,0,0,1,0,0,0,255,255,255,62,3202.813,"ヒメ__",R,2,65,94,0.27,0.396,0.424,0.945,0.724,1.371,-36.543,44.713,0,0,-297.382,-359.02,6.346,0,0,0,3,3,R,"_앰프_",160,80,0.4,0,36,W,Y,0,0,0,0,0,0,0,0,0,0,0,0,0,0,0,0,0.255,-37.269,0,"낑깡__",-0.028,-17.529,0,"하루（Haru）",-19.019,-45.269,0,"_송글_",-10.094,-63.959,0,"Slaris",20.002,-48.175,0,"k@ster",7.34,-65.786,0,"Pugeuk",40.147,-109.029,0,"AI",0,-109.84,0,"AI",-40.8,-90.55,0,0,0,0,0,0,"",0,0,0,0,3204.076,,,,0,0
120,5,1,4,3,0,1,1,0,0,0,255,255,255,63,3220.656,"ヒメ__",R,6,61,92,-1.549,-1.222,0.06,0.753,-1.598,1.019,-36.543,59.42,1,0,418.182,0,-25.583,0.037,-15.355,0,3,3,R,"_앰프_",160,80,0.4,0,36,W,Y,0,0,0,0,0,0,0,0,0,0,0,0,0,0,0,0,0.361,-37.287,0,"낑깡__",-0.105,-17.481,0,"하루（Haru）",-19.197,-44.293,0,"_송글_",-10.68,-64.103,0,"Slaris",19.836,-48.222,0,"k@ster",5.824,-65.524,0,"Pugeuk",39.866,-108.96,0,"AI",0,-109.84,0,"AI",-40.8,-90.55,0,0,0,0,0,0,"",0,0,0,0,3226.343,,,,0,0
121,5,1,4,3,1,1,1,0,0,0,255,255,255,64,3242.644,"ヒメ__",R,32,72,124,2.601,-0.43,0.24,0.94,-0.392,1.35,-36.543,40.717,2,0,250,66.667,2.272,0,0,1,3,3,R,"_앰프_",160,80,0.4,3,36,W,Y,3243.798,255,33,87,67,34,145,122,-4.159,35.287,0.29,0,0.187,345.072,437.424,124.768,0.423,-37.025,0,"낑깡__",-0.068,-17.718,0,"하루（Haru）",-19.067,-45.225,95,"_송글_",-10.668,-64.048,0,"Slaris",19.985,-48.245,0,"k@ster",6.965,-65.763,0,"Pugeuk",40.023,-108.997,0,"AI",0,-109.84,0,"AI",-40.8,-90.55,0,3243.596,-4.866,-26.786,3244.596,2,"하루（Haru）",-16.895,-42.448,0,0,,,,3253.733,40,2
122,5,1,4,3,0,0,2,0,0,0,255,255,255,65,3267.038,"ヒメ__",R,2,70,98,-1.338,0.365,0.311,0.911,0.152,1.461,-36.543,44.381,2,0,-347.842,-312.348,0,0,0,1,4,5,R,"CoalCat",174.8,85.186,0.503,5,36,W,Y,3268.489,219,110,94,46,45,145,90,-2.572,8.508,0.96,0,0.268,43.698,-71.164,-3.386,0.26,-37.196,0,"낑깡__",-0.15,-17.529,0,"하루（Haru）",-19.478,-45.809,0,"_송글_",-12.553,-63.996,90,"Slaris",19,-49.086,0,"k@ster",8.095,-65.743,0,"Pugeuk",39.595,-107.156,0,"AI",0,-109.84,0,"AI",-40.8,-90.55,0,3268.449,-1.926,-32.762,3270.263,3,"_송글_",-5.876,-59.615,0,0,,,,,42,2
123,5,0,4,3,0,0,0,0,0,0,255,255,255,56,3354.335,"ʚEveɞ",R,32,89,140,-2.258,0.852,-0.066,1.362,-1.237,2.195,-36.338,4.307,1,0,188.744,36.485,7.687,0,0,0,5,0,R,"ヒメ__",190,99.943,0.448,0,36,W,Y,0,0,0,0,0,0,0,0,0,0,0,0,0,0,0,0,-0.033,-37.335,0,"_이누_",-0.063,-17.062,0,"가앤슬_",-22.905,-44.313,0,"_앰프_",-16.042,-59.545,0,"Floră",22.412,-52.223,0,"CoalCat",10.759,-63.265,0,"AI",40.9,-90.65,0,"AI",0,-109.84,0,"AI",-40.8,-90.55,0,0,0,0,0,0,"",0,0,0,0,3355.156,,,,0,0
124,5,0,4,3,1,0,0,0,0,0,255,255,255,57,3371.338,"ʚEveɞ",R,32,92,140,2.152,-0.006,0.337,1.202,0.639,1.675,-36.338,16.634,4,0,213.837,53.768,13.165,1.888,-16.134,1,5,0,R,"ヒメ__",190,99.943,0.448,0,36,W,Y,0,0,0,0,0,0,0,0,0,0,0,0,0,0,0,0,-0.02,-37.523,0,"_이누_",0.322,-15.871,0,"가앤슬_",-23.018,-44.217,0,"_앰프_",-14.631,-58.52,0,"Floră",22.441,-52.437,0,"CoalCat",9.908,-63.748,0,"「론구」",-18.23,-19.084,0,"AI",0,-109.84,0,"AI",-40.8,-90.55,0,0,0,0,0,0,"",0,0,0,0,3374.716,,,,0,0
125,5,0,4,3,1,1,0,0,0,0,255,255,255,58,3390.363,"ʚEveɞ",R,32,87,140,1.1,-0.054,0.243,1.212,0.201,1.708,-36.338,11.552,2,0,200.575,120.482,13.754,0,0,0,5,0,R,"ヒメ__",190,99.943,0.448,3,36,W,Y,3391.209,126,41,67,39,0,136,100,21.178,38.8,-0.04,0,0.183,68.664,473.61,-361.91,-0.047,-37.032,0,"_이누_",-0.038,-17.117,0,"가앤슬_",-23.253,-44.743,0,"_앰프_",-13.979,-58.888,88,"Floră",22.646,-52.708,0,"CoalCat",10.384,-63.868,0,"「론구」",39.522,-96.121,0,"AI",0,-109.84,0,"AI",-40.8,-90.55,0,3394.85,-56.288,-78.695,3398.53,8,"AI",-70.957,-95.798,1,0,,3402.442,,,40,2
126,5,0,4,3,0,0,0,0,1,0,255,10,255,59,3458.024,"ʚEveɞ",R,3,76,117,0.641,0.094,0.402,1.206,0.938,1.689,-36.338,12.594,0,0,-394.121,-0.062,12.847,0,0,1,6,6,R,"Pugeuk",190,86.173,0.396,0,36,W,Y,0,0,0,0,0,0,0,0,0,0,0,0,0,0,0,0,0.155,-37.316,0,"_이누_",0.272,-17.979,0,"가앤슬_",-23.441,-44.469,0,"_앰프_",-12.294,-59.129,0,"Floră",19.105,-43.072,0,"CoalCat",5.285,-58.381,0,"「론구」",34.958,-97.278,0,"AI",0,-109.84,0,"AI",-40.8,-90.55,0,0,0,0,0,0,"",0,0,0,0,3459.01,3458.183,,,0,0
127,5,0,4,3,0,1,0,0,1,0,255,10,255,60,3478.554,"ʚEveɞ",R,0,70,121,-0.296,0.608,0.186,1.303,-0.066,2.002,-36.338,4.221,0,0,-42.424,-2.761,25.99,0,0,0,6,6,R,"Pugeuk",190,86.173,0.396,0,36,W,Y,0,0,0,0,0,0,0,0,0,0,0,0,0,0,0,0,0.085,-36.935,0,"_이누_",-0.229,-16.899,0,"가앤슬_",-22.869,-44.453,0,"_앰프_",-13.385,-57.703,0,"Floră",18.216,-45.618,0,"CoalCat",3.407,-59.944,0,"「론구」",34.747,-97.016,0,"AI",0,-109.84,0,"AI",-40.8,-90.55,0,0,0,0,0,0,"",0,0,0,0,3479.676,3481.449,,,0,0
128,5,0,4,3,0,2,0,0,1,0,255,10,255,61,3498.73,"ʚEveɞ",R,15,72,114,-0.061,0.623,0.193,1.181,-0.033,1.608,-36.338,15.923,0,0,0.185,-400,1.781,-0.064,-18.795,1,6,6,R,"Pugeuk",190,86.173,0.396,0,36,W,Y,0,0,0,0,0,0,0,0,0,0,0,0,0,0,0,0,0.221,-37.171,0,"_이누_",-0.089,-17.479,0,"가앤슬_",-22.594,-43.906,0,"_앰프_",-14.021,-57.367,0,"Floră",18.148,-46.949,0,"CoalCat",3.583,-60.046,0,"「론구」",34.778,-97.239,0,"AI",0,-109.84,0,"AI",-40.8,-90.55,0,0,0,0,0,0,"",0,0,0,0,3501.663,3501.847,,,0,0
129,5,0,4,3,0,0,1,0,1,0,255,10,255,62,3525.577,"ʚEveɞ",R,32,88,140,1.555,-0.124,0.298,1.198,0.455,1.666,-36.338,15.779,1,0,160.223,114.389,9.442,0,0,0,0,5,R,"k@ster",174.9,90,0.428,0,36,W,Y,0,0,0,0,0,0,0,0,0,0,0,0,0,0,0,0,0.094,-37.106,0,"_이누_",0.077,-17.305,0,"가앤슬_",-22.998,-44.188,0,"_앰프_",-12.731,-58.777,0,"Floră",18.687,-47.06,0,"CoalCat",3.009,-59.681,0,"「론구」",34.811,-97.232,0,"AI",0,-109.84,0,"AI",-40.8,-90.55,0,0,0,0,0,0,"",0,0,0,0,3526.463,3528.459,,,0,0
130,5,0,4,3,1,0,1,0,1,0,255,10,255,63,3543.16,"ʚEveɞ",R,35,86,139,0.805,-0.672,0.231,1.124,0.144,1.403,-36.338,10.42,2,0,148.555,165.341,1.79,0,0,1,0,5,R,"k@ster",174.9,90,0.428,3,36,W,Y,3544.148,168,89,84,60,27,145,81,-86.341,-86.185,-1,0,0.117,-134.099,-525.554,45.586,0.192,-36.754,0,"_이누_",0.128,-17.266,0,"가앤슬_",-22.636,-44.121,0,"_앰프_",-14.273,-57.189,0,"Floră",17.885,-48.618,0,"CoalCat",4.694,-60.47,0,"「론구」",34.874,-97.246,0,"AI",0,-109.84,0,"AI",-40.8,-90.55,0,3543.729,0.779,-20.387,0,0,"",0,0,0,0,,3548.214,,,32,3
131,5,0,4,3,1,1,1,0,1,0,255,10,255,64,3565.946,"ʚEveɞ",R,34,71,123,-1.148,0.167,0.074,1.226,-0.586,1.763,-36.338,5.84,0,0,53.125,42.384,-0.387,0,0,0,0,5,R,"k@ster",174.9,90,0.428,0,36,W,Y,0,0,0,0,0,0,0,0,0,0,0,0,0,0,0,0,-0.019,-37.056,0,"_이누_",-0.085,-17.117,0,"가앤슬_",-22.39,-43.568,0,"_앰프_",-14.741,-57.236,0,"Floră",19.95,-46.967,0,"CoalCat",2.666,-59.951,0,"「론구」",33.063,-96.758,0,"AI",0,-109.84,0,"AI",-40.8,-90.55,0,0,0,0,0,0,"",0,0,0,0,3567.036,3569.154,,,0,0
132,5,0,4,3,1,2,1,0,1,0,255,10,255,65,3581.08,"ʚEveɞ",R,33,86,139,-0.013,0.817,0.166,1.341,-0.158,2.168,-36.338,5.252,2,0,109.342,73.526,5.857,0,0,1,0,5,R,"k@ster",174.9,90,0.428,3,36,W,Y,3582.007,218,60,78,49,17,140,79,9.393,-8.813,-1,0,0.109,312.566,-258.388,-129.52,0.049,-36.944,63,"_이누_",-0.003,-16.805,0,"가앤슬_",-23.314,-44.468,0,"_앰프_",-15.825,-58.849,49,"Floră",18.786,-48.117,111,"CoalCat",4.862,-60.991,107,"「론구」",33.145,-96.877,0,"AI",0,-109.84,0,"AI",-40.8,-90.55,0,3583.663,7.259,-59.518,3583.863,5,"CoalCat",6.576,-56.266,0,0,,3588.983,,,60,1
133,5,0,4,3,0,0,2,0,1,0,255,10,255,66,3625.153,"ʚEveɞ",R,32,82,133,0.706,0.092,0.195,1.242,-0.024,1.827,-36.338,14.692,2,0,225.949,140.566,22.297,0,0,1,1,3,R,"_송글_",165.5,91.844,0.315,5,36,W,Y,3626.172,77,81,139,49,31,125,89,-5.738,-1.569,0.93,0,0.451,-230.557,-29.069,387.685,-0.088,-36.869,0,"_이누_",-0.137,-16.601,0,"가앤슬_",-24.196,-45.737,0,"_앰프_",-15.043,-57.289,91,"Floră",17.887,-48.852,112,"CoalCat",7.517,-59.683,87,"「론구」",34.631,-97.939,0,"AI",0,-109.84,0,"AI",-40.8,-90.55,0,3625.929,0.326,-25.581,3627.863,5,"CoalCat",1.441,-57.792,1,0,,3632.859,,,60,2
134,5,0,4,3,0,0,2,1,1,0,13,10,255,67,3661.232,"ʚEveɞ",R,0,60,115,0.5,0.241,0.245,1.235,0.21,1.783,-36.338,15.354,2,0,0,0,26.62,0,0,0,2,4,R,"Slaris",190,85.69,0.452,0,36,W,Y,3662.268,143,106,168,104,35,145,135,-1.27,-23.486,0.33,0,0.251,-87.537,-421.618,-94.519,0.022,-37.525,0,"_이누_",-0.029,-16.871,67,"가앤슬_",-23.297,-44.621,0,"_앰프_",-13.853,-59.697,0,"Floră",17.386,-46.209,120,"CoalCat",4.264,-60.621,0,"「론구」",38.581,-102.902,95,"AI",0,-109.84,0,"AI",-40.8,-90.55,0,3662.276,7.953,-38.039,3664.85,6,"「론구」",34.6,-91.874,1,0,3670.223,3666.417,3664.147,3670.661,102,2
135,5,0,4,4,0,0,2,1,1,0,14,13,255,68,3692.642,"ʚEveɞ",R,32,89,140,-0.067,0.31,0.125,1.298,-0.348,1.987,-36.338,4.919,0,0,235.646,176.391,11.592,0.333,-7.393,1,3,2,L,"하루（Haru）",190,90,0.503,0,36,W,Y,0,0,0,0,0,0,0,0,0,0,0,0,0,0,0,0,0.069,-37.461,0,"_이누_",0.605,-16.767,0,"가앤슬_",-22.869,-44.145,0,"_앰프_",-6.625,-59.712,0,"Floră",23.696,-50.422,0,"CoalCat",11.795,-61.741,0,"「론구」",46.326,-95.654,0,"AI",0,-109.84,0,"AI",-40.8,-90.55,0,0,0,0,0,0,"",0,0,0,0,3695.996,3696.788,,,0,0
136,5,0,4,4,0,1,2,1,1,0,14,13,255,69,3709.373,"ʚEveɞ",R,5,73,123,0.598,-0.12,0.274,1.162,0.343,1.548,-36.338,8.165,0,0,-57.911,0,33.066,0,0,0,3,2,L,"하루（Haru）",190,90,0.503,0,36,W,Y,0,0,0,0,0,0,0,0,0,0,0,0,0,0,0,0,-0.072,-37.102,0,"_이누_",0.336,-16.992,0,"가앤슬_",-22.711,-44.038,0,"_앰프_",-5.042,-60.411,0,"Floră",23.961,-48.386,0,"CoalCat",12.188,-61.579,0,"「론구」",45.875,-95.813,0,"AI",0,-109.84,0,"AI",-40.8,-90.55,0,0,0,0,0,0,"",0,0,0,0,3710.476,3713.127,,,0,0
137,5,0,4,4,0,2,2,1,1,0,14,13,255,70,3727.867,"ʚEveɞ",R,37,86,139,-0.428,1.029,0.142,1.41,-0.271,2.35,-36.338,7.349,1,0,59.122,82.691,3.411,0,0,0,3,2,L,"하루（Haru）",190,90,0.503,0,36,W,Y,0,0,0,0,0,0,0,0,0,0,0,0,0,0,0,0,0.021,-37.468,0,"_이누_",-0.177,-17.324,0,"가앤슬_",-21.786,-42.803,0,"_앰프_",-6.721,-59.9,0,"Floră",23.635,-47.723,0,"CoalCat",12.758,-61.243,0,"「론구」",45.924,-95.411,0,"AI",0,-109.84,0,"AI",-40.8,-90.55,0,0,0,0,0,0,"",0,0,0,8,3728.929,3732.542,,,0,0
138,5,0,4,4,1,2,2,1,1,0,14,13,255,71,3747.108,"ʚEveɞ",R,15,91,128,0.22,1.183,0.239,1.302,0.18,1.999,-36.338,3.227,4,0,-62.927,-400,37.861,0,0,1,3,2,L,"하루（Haru）",190,90,0.503,0,36,W,Y,0,0,0,0,0,0,0,0,0,0,0,0,0,0,0,0,0.104,-37.419,0,"_이누_",-0.43,-17.845,0,"가앤슬_",-21.081,-42.112,0,"_앰프_",-6.95,-60.275,0,"Floră",23.487,-47.55,0,"CoalCat",13.163,-59.908,0,"「론구」",45.915,-95.4,0,"AI",0,-109.84,0,"AI",-40.8,-90.55,0,0,0,0,0,0,"",0,0,0,8,3748.183,,,,0,0
139,6,1,4,4,0,0,0,0,0,0,255,255,255,66,3858.832,"하루（Haru）",R,27,81,132,0.85,1.831,0.255,1.999,0.257,2.517,-36.489,51.231,1,0,72.977,-134.764,6.828,0.285,-6.001,0,4,5,R,"CoalCat",174.8,85.186,0.503,0,36,W,Y,0,0,0,0,0,0,0,0,0,0,0,0,0,0,0,0,-0.437,-37.479,0,"낑깡__",0.241,-16.536,0,"ヒメ__",-21.884,-46.348,0,"_송글_",-12.951,-61.959,0,"Slaris",21.049,-48.35,0,"k@ster",7.411,-64.35,0,"Pugeuk",39.583,-91.283,0,"AI",0,-109.84,0,"AI",-40.8,-90.55,0,0,0,0,0,0,"",0,0,0,0,3863.623,,,,0,0
140,6,1,4,4,0,1,0,0,0,0,255,255,255,67,3878.514,"하루（Haru）",R,26,94,140,-0.839,-0.659,0.093,1.583,-0.498,1.053,-36.489,17.987,0,0,96.084,-176.342,15.319,0,0,0,4,5,R,"CoalCat",174.8,85.186,0.503,0,36,W,Y,0,0,0,0,0,0,0,0,0,0,0,0,0,0,0,0,0.071,-37.05,0,"낑깡__",-0.129,-17.652,0,"ヒメ__",-22.263,-47.836,0,"_송글_",-11.326,-62.259,0,"Slaris",20.119,-48.897,0,"k@ster",7.572,-64.097,0,"Pugeuk",40.079,-95.626,0,"AI",0,-109.84,0,"AI",-40.8,-90.55,0,0,0,0,0,0,"",0,0,0,0,3879.556,,,,0,0
141,6,1,4,4,0,2,0,0,0,0,255,255,255,68,3894.536,"하루（Haru）",R,13,81,120,-1.75,-2.537,0.097,1.424,-0.48,0.493,-36.489,22.3,1,0,-174.848,394.825,17.325,-0.32,-20.536,0,4,5,R,"CoalCat",174.8,85.186,0.503,0,36,W,Y,0,0,0,0,0,0,0,0,0,0,0,0,0,0,0,0,-0.202,-36.978,0,"낑깡__",-0.24,-17.685,0,"ヒメ__",-22.329,-47.006,0,"_송글_",-11.548,-62.112,0,"Slaris",19.311,-48.454,0,"k@ster",8.505,-64.313,0,"Pugeuk",40.059,-95.629,0,"AI",0,-109.84,0,"AI",-40.8,-90.55,0,0,0,0,0,0,"",0,0,0,0,3895.583,,,,0,0
142,6,1,4,4,1,2,0,0,0,0,255,255,255,69,3910.638,"하루（Haru）",R,10,79,121,0.483,-0.815,0.244,1.718,0.203,1.526,-36.489,38.923,2,0,0,326.843,1.574,0,0,1,4,5,R,"CoalCat",174.8,85.186,0.503,5,36,W,Y,3911.782,255,79,156,92,65,145,82,-10.722,0.394,-0.96,0,0.264,-500.1,-7.62,-35.076,-0.199,-37.06,0,"낑깡__",-0.038,-17.762,0,"ヒメ__",-22.416,-46.003,97,"_송글_",-11.989,-63.361,0,"Slaris",19.892,-47.937,0,"k@ster",8.453,-64.119,90,"Pugeuk",38.396,-96.737,0,"AI",0,-109.84,0,"AI",-40.8,-90.55,0,3911.329,0.069,-23.429,3913.916,5,"k@ster",-0.246,-61.083,0,0,,,,,41,2
143,6,1,4,4,0,0,1,0,0,0,255,255,255,70,3941.17,"하루（Haru）",R,27,92,140,-2.901,-1.32,-0.089,1.456,-1.342,0.688,-36.489,20.413,2,0,61.091,-108.929,17.058,0,0,1,5,1,L,"ʚEveɞ",190,95.155,0.446,2,36,W,Y,3942.158,205,125,117,58,15,145,104,-75.637,59.742,-0.14,0,0.351,-294.226,284.155,70.382,-0.364,-36.982,0,"낑깡__",-0.325,-17.67,0,"ヒメ__",-21.937,-48.01,0,"_송글_",-8.302,-63.404,0,"Slaris",21.497,-49.629,0,"k@ster",9.996,-64.453,0,"Pugeuk",40.115,-96.653,0,"AI",0,-109.84,0,"AI",-40.8,-90.55,0,3941.663,-0.733,-19.749,0,0,"",0,0,0,0,,,,,8,3
144,6,1,4,4,0,1,1,0,0,0,255,255,255,71,3960.681,"하루（Haru）",R,1,51,108,2.475,0.452,0.418,1.747,1.013,1.632,-36.489,47.741,4,0,0,0,2.141,0.678,-15.571,1,5,1,L,"ʚEveɞ",190,95.155,0.446,0,55,W,Y,0,0,0,0,0,0,0,0,0,0,0,0,0,0,0,0,0.019,-37.003,0,"낑깡__",0.534,-17.288,0,"ヒメ__",-21.847,-47.232,0,"_송글_",-10.451,-62.948,0,"Slaris",20.675,-49.662,0,"k@ster",9.489,-65.188,0,"Pugeuk",38.193,-103.763,0,"AI",0,-109.84,0,"AI",-40.8,-90.55,0,0,0,0,0,0,"",0,0,0,0,3966.943,,,,0,0
145,6,1,4,4,0,2,1,0,0,0,255,255,255,72,3986.22,"하루（Haru）",R,3,60,105,5.195,0.348,0.706,1.758,2.971,1.839,-36.489,80.282,1,0,-384.281,0,11.092,0,0,0,5,1,L,"ʚEveɞ",190,95.155,0.446,0,55,W,Y,0,0,0,0,0,0,0,0,0,0,0,0,0,0,0,0,-0.134,-36.906,0,"낑깡__",0.205,-17.313,0,"ヒメ__",-20.802,-46.256,0,"_송글_",-5.648,-62.542,0,"Slaris",20.725,-49.424,0,"k@ster",9.122,-64.48,0,"Pugeuk",39.301,-104.234,0,"AI",0,-109.84,0,"AI",-40.8,-90.55,0,0,0,0,0,0,"",0,0,0,0,3987.223,,,,0,0
146,6,1,4,4,1,2,1,0,0,0,255,255,255,73,4001.738,"하루（Haru）",R,27,79,129,3.449,0.685,0.496,1.838,1.378,1.924,-36.489,52.287,1,0,75.325,-118.162,5.689,0,0,0,5,1,L,"ʚEveɞ",190,95.155,0.446,0,55,W,Y,0,0,0,0,0,0,0,0,0,0,0,0,0,0,0,0,-0.094,-37.035,0,"낑깡__",0.364,-17.253,0,"ヒメ__",-23.011,-48.963,0,"_송글_",-7.775,-64.097,0,"Slaris",20.912,-49.425,0,"k@ster",9.715,-64.83,0,"Pugeuk",39.99,-103.502,0,"AI",0,-109.84,0,"AI",-40.8,-90.55,0,0,0,0,0,0,"",0,0,0,0,4002.636,,,,0,0
147,6,1,4,4,2,2,1,0,0,0,255,255,255,74,4017.08,"하루（Haru）",R,3,60,104,0.423,0.195,0.434,1.818,0.968,1.743,-36.489,52.666,2,0,-414.207,0,18.491,0,0,1,5,1,L,"ʚEveɞ",190,95.155,0.446,2,55,W,Y,4018.199,208,61,93,90,36,145,119,13.8,-18.024,0.19,0,0.368,109.604,-405.129,-122.584,-0.106,-36.868,0,"낑깡__",-0.001,-17.398,0,"ヒメ__",-23.012,-48.889,0,"_송글_",-8.839,-64.167,0,"Slaris",20.898,-49.556,0,"k@ster",9.41,-64.696,81,"Pugeuk",39.896,-103.707,94,"AI",0,-109.84,0,"AI",-40.8,-90.55,0,0,0,0,4021.29,6,"Pugeuk",31.806,-97.983,0,0,,,,,73,1
148,6,1,4,4,0,0,2,0,0,0,255,255,255,75,4050.548,"하루（Haru）",R,28,81,131,0.803,1.781,0.255,2.005,0.258,2.537,-36.489,43.02,1,0,67.855,-86.128,9.133,0,0,0,6,6,R,"「론구」",175,80,0.2,0,36,W,Y,0,0,0,0,0,0,0,0,0,0,0,0,0,0,0,0,-0.18,-37.613,0,"낑깡__",0.037,-16.895,0,"ヒメ__",-23.053,-46.73,0,"_송글_",-13.887,-61.473,0,"Slaris",20.696,-48.438,0,"k@ster",7.363,-65.392,0,"Pugeuk",40.56,-102.715,0,"AI",0,-109.84,0,"AI",-40.8,-90.55,0,0,0,0,0,0,"",0,0,0,0,4051.436,,,,0,0
149,6,1,4,4,1,0,2,0,0,0,255,255,255,76,4065.472,"하루（Haru）",R,3,59,103,0.285,0.192,0.404,1.786,1.003,1.728,-36.489,61.79,2,0,-451.433,0,17.406,0,0,1,6,6,R,"「론구」",175,80,0.2,3,36,W,Y,4066.688,233,153,131,91,76,145,90,35.768,11.576,-0.57,0,0.161,274.675,316.602,426.525,-0.177,-36.978,0,"낑깡__",-0.043,-17.548,0,"ヒメ__",-22.998,-46.7,0,"_송글_",-10.354,-64.064,0,"Slaris",20.572,-48.458,0,"k@ster",6.929,-65.249,85,"Pugeuk",40.771,-102.51,0,"AI",0,-109.84,0,"AI",-40.8,-90.55,0,4071.036,-21.281,-88.31,4071.636,8,"AI",-21.791,-89.738,1,0,,,,,9,2
150,6,1,4,4,0,0,2,1,0,0,6,255,255,77,4098.58,"하루（Haru）",R,10,15,68,-0.965,-1.059,0.169,1.886,-0.422,2.017,-36.489,55.645,2,0,0,400,-41.909,0,0,1,0,2,R,"가앤슬_",180,83.179,0.2,3,36,W,Y,4100.159,255,75,76,89,41,145,83,-17.657,-9.241,1,0,0.581,-346.5,408.531,-268.032,0.009,-36.992,0,"낑깡__",-0.175,-17.857,0,"ヒメ__",-20.438,-45.711,71,"_송글_",-12.958,-62.585,0,"Slaris",20.162,-48.18,0,"k@ster",5.527,-64.985,0,"Pugeuk",40.405,-100.764,0,"AI",0,-109.84,0,"AI",-40.8,-90.55,0,4099.73,0.162,-23.338,4102.33,5,"k@ster",6.783,-60.772,1,0,,4105.752,,,43,2
151,6,0,4,4,0,0,0,0,0,0,255,255,255,72,4144.825,"_이누_",R,13,57,101,4.052,-0.441,0.678,1.852,2.436,1.99,-36.438,58.205,3,0,-358.49,312.348,1.866,-0.374,-20.685,0,4,1,R,"낑깡__",190,80,0.398,0,36,W,Y,0,0,0,0,0,0,0,0,0,0,0,0,0,0,0,0,0.123,-37.481,0,"ʚEveɞ",-0.038,-17.444,0,"가앤슬_",-23.84,-45.921,0,"_앰프_",-14.174,-60.029,0,"Floră",22.486,-53.239,0,"CoalCat",9.724,-63.097,0,"「론구」",40.086,-104.664,0,"AI",0,-109.84,0,"AI",-40.8,-90.55,0,0,0,0,0,0,"",0,0,0,0,4150.316,,,,0,6
152,6,0,4,4,2,0,0,0,0,0,255,255,255,73,4177.108,"_이누_",R,27,76,127,2.823,1.538,0.408,2.083,1.137,2.443,-36.438,51.945,1,0,53.419,-126.131,-0.594,0,0,0,4,1,R,"낑깡__",190,80,0.398,0,36,W,Y,0,0,0,0,0,0,0,0,0,0,0,0,0,0,0,0,0.433,-37.297,0,"ʚEveɞ",-0.046,-17.566,0,"가앤슬_",-23.689,-44.963,0,"_앰프_",-15.067,-59.924,0,"Floră",21.764,-53.33,0,"CoalCat",11.02,-62.203,0,"「론구」",39.99,-104.547,0,"AI",0,-109.84,0,"AI",-40.8,-90.55,0,0,0,0,0,0,"",0,0,0,0,4177.876,,,,0,0
153,6,0,4,4,3,0,0,0,0,0,255,255,255,74,4187.871,"_이누_",R,27,83,135,-0.26,-0.734,0.161,1.616,-0.18,1.042,-36.438,11.093,2,0,43.97,-114.055,5.456,0,0,1,4,1,R,"낑깡__",190,80,0.398,3,36,W,Y,4188.845,192,104,185,104,56,145,87,-12.849,55.948,1,0.143,0.368,157.256,270.905,-499.267,-0.156,-37.687,0,"ʚEveɞ",-0.13,-17.67,0,"가앤슬_",-24.193,-45.599,0,"_앰프_",-14.841,-59.034,0,"Floră",21.792,-53.189,0,"CoalCat",10.113,-62.141,0,"「론구」",40.114,-104.678,0,"AI",0,-109.84,0,"AI",-40.807,-90.557,0,4188.41,-3.695,-21.952,0,0,"",0,0,0,0,,,,,2,3
154,6,0,4,4,3,1,0,0,0,0,255,255,255,75,4203.209,"_이누_",R,27,80,131,2.579,0.533,0.345,1.882,1.024,1.815,-36.438,33.793,4,0,61.371,-131.789,2.69,0,0,1,4,1,R,"낑깡__",190,80,0.398,0,76,W,Y,0,0,0,0,0,0,0,0,0,0,0,0,0,0,0,0,0.117,-37.862,0,"ʚEveɞ",-0.025,-17.607,0,"가앤슬_",-22.628,-44.454,0,"_앰프_",-15.666,-59.293,0,"Floră",21.984,-53.195,0,"CoalCat",9.766,-60.794,0,"「론구」",37.465,-100.354,0,"AI",0,-109.84,0,"AI",-40.8,-90.55,0,0,0,0,0,0,"",0,0,0,0,4203.917,,,,0,0
155,6,0,4,4,3,2,0,0,0,0,255,255,255,76,4214.78,"_이누_",R,10,77,117,-1.796,-2.529,0.102,1.712,-0.781,0.555,-36.438,15.829,4,0,0,400,12.975,-0.603,-18.092,1,4,1,R,"낑깡__",190,80,0.398,0,76,W,Y,0,0,0,0,0,0,0,0,0,0,0,0,0,0,0,0,0.003,-37.849,0,"ʚEveɞ",-0.207,-17.933,0,"가앤슬_",-22.834,-44.268,0,"_앰프_",-15.131,-59.438,0,"Floră",22.056,-53.277,0,"CoalCat",9.329,-61.003,0,"「론구」",37.451,-100.364,0,"AI",0,-109.84,0,"AI",-40.8,-90.55,0,0,0,0,0,0,"",0,0,0,16,4217.09,,,,0,0
156,6,0,4,4,0,0,1,0,0,0,255,255,255,77,4250.75,"_이누_",R,27,79,129,0.979,0.037,0.274,1.928,0.342,1.526,-36.438,30.773,2,0,37.355,-123.555,3.982,0,0,0,5,2,R,"ヒメ__",190,99.943,0.448,3,36,W,Y,4251.556,171,71,107,61,23,145,87,45.514,26.604,-1,0,0.124,500.817,275.187,-14.361,-0.039,-37.377,0,"ʚEveɞ",0.021,-17.734,0,"가앤슬_",-24.216,-45.558,0,"_앰프_",-14.826,-59.196,0,"Floră",21.098,-50.972,0,"CoalCat",8.834,-62.923,74,"「론구」",37.424,-100.359,0,"AI",0,-109.84,0,"AI",-40.8,-90.55,0,4256.45,-32.9,-74.906,4260.303,5,"CoalCat",-1.809,-59.958,0,0,,,,,18,1
157,6,0,4,4,0,0,2,0,0,0,255,255,255,78,4281.067,"_이누_",R,27,86,139,-0.225,0.396,0.164,1.735,-0.168,1.754,-36.438,19.419,2,0,47.448,-117.607,3.658,0,0,1,6,6,R,"Pugeuk",190,86.173,0.396,5,36,W,Y,4282.281,104,55,113,38,26,136,126,-1.81,0.47,0.67,0,0.575,471.104,180.955,-317.56,0.066,-37.725,0,"ʚEveɞ",-0.053,-17.643,0,"가앤슬_",-24.207,-45.255,0,"_앰프_",-16.747,-60.132,0,"Floră",23.013,-53.54,0,"CoalCat",9.421,-62.024,76,"「론구」",36.914,-101.153,0,"AI",0,-109.84,0,"AI",-40.8,-90.55,0,4282.236,-0.28,-37.687,4284.957,7,"AI",-1.994,-100.597,1,0,,,,,18,2
158,6,0,4,3,0,0,2,1,0,0,16,255,255,79,4327.72,"_이누_",R,26,81,131,1.213,1.212,0.285,1.839,0.395,2.128,-36.438,32.16,4,0,84.194,-167.931,5.586,0,0,1,0,5,R,"k@ster",174.9,90,0.428,0,36,W,Y,0,0,0,0,0,0,0,0,0,0,0,0,0,0,0,0,-0.077,-37.794,0,"ʚEveɞ",0.772,-19.622,0,"가앤슬_",-20.443,-41.446,0,"_앰프_",-10.635,-61.095,0,"Floră",22.387,-51.633,0,"CoalCat",3.324,-60.567,0,"「론구」",35.717,-101.893,0,"AI",0,-109.84,0,"AI",-40.8,-90.55,0,0,0,0,0,0,"",0,0,0,0,4328.53,4331.391,,,0,0
159,6,0,4,3,0,1,2,0,1,0,255,16,255,80,4347.808,"_이누_",R,27,86,139,0.773,0.668,0.248,1.76,0.225,1.847,-36.438,24.633,0,0,75.689,-146.237,3.467,0,0,1,0,5,R,"k@ster",174.9,90,0.428,0,36,W,Y,0,0,0,0,0,0,0,0,0,0,0,0,0,0,0,0,0.223,-37.406,0,"ʚEveɞ",-0.078,-17.655,0,"가앤슬_",-22.516,-43.976,0,"_앰프_",-12.125,-60.801,0,"Floră",21.072,-50.652,0,"CoalCat",5.927,-60.775,0,"「론구」",35.726,-101.896,0,"AI",0,-109.84,0,"AI",-40.8,-90.55,0,0,0,0,0,0,"",0,0,0,0,4348.623,4350.487,,,0,0
160,6,0,4,4,0,2,2,0,1,0,255,16,255,81,4361.143,"_이누_",R,10,70,113,-0.858,-1.902,0.229,1.903,-0.372,1.028,-36.438,39.241,4,0,-4.112,392.035,3.523,-0.194,-18.981,1,0,5,R,"k@ster",174.9,90,0.428,0,83,W,Y,0,0,0,0,0,0,0,0,0,0,0,0,0,0,0,0,-0.942,-37.473,0,"ʚEveɞ",-0.098,-17.646,0,"가앤슬_",-22.236,-43.844,0,"_앰프_",-13.864,-59.591,0,"Floră",20.582,-48.218,0,"CoalCat",6.015,-59.555,0,"「론구」",35.727,-101.892,0,"AI",0,-109.84,0,"AI",-40.8,-90.55,0,0,0,0,0,0,"",0,0,0,0,4362.09,4363.923,,,0,0
161,7,1,4,4,0,0,0,0,0,0,255,255,255,78,4410.904,"하루（Haru）",R,27,85,138,-0.195,0.699,0.165,1.848,-0.164,1.957,-36.489,33.718,2,0,54.332,-100.07,10.198,0,0,1,1,0,R,"_이누_",190,89.841,0.451,5,53,W,Y,4411.921,196,90,183,101,4,145,99,-3.07,0.921,-0.38,0,0.236,477.948,174.187,-287.632,-0.19,-36.978,0,"낑깡__",-0.058,-17.52,0,"ヒメ__",-22.617,-46.218,87,"_송글_",-15.074,-62.58,0,"Slaris",20.141,-49.975,0,"k@ster",7.735,-64.992,101,"Pugeuk",37.872,-98.593,0,"AI",0,-109.84,0,"AI",-40.8,-90.55,0,4411.863,-0.356,-34.329,4413.716,5,"k@ster",0.311,-62.771,0,0,,,,,41,2
162,7,1,4,4,0,0,1,0,0,0,255,255,255,79,4441.778,"하루（Haru）",R,28,89,140,-0.592,-0.73,0.126,1.57,-0.344,1.058,-36.489,25.929,2,0,57.85,-92.3,6.794,0,0,1,2,4,R,"Floră",190,86,0.403,0,36,W,Y,4442.827,146,104,94,87,14,145,123,-30,1.388,0.83,0,0.473,-588.825,60.551,20.731,-0.043,-37.473,120,"낑깡__",-0.094,-17.528,0,"ヒメ__",-22.449,-45.37,86,"_송글_",-12.4,-60.928,0,"Slaris",20.875,-51.319,0,"k@ster",7.424,-64.764,85,"Pugeuk",38.674,-107.295,0,"AI",0,-109.84,0,"AI",-40.8,-90.55,0,4442.276,-0.16,-20.226,4446.037,7,"AI",-2.076,-97.687,1,0,,,,,41,2
163,7,1,4,4,0,0,1,1,0,0,4,255,255,80,4541.951,"하루（Haru）",R,27,80,130,0.399,2.04,0.221,1.988,0.099,2.555,-36.489,44.378,4,0,49.173,-102.715,8.134,0.059,-5.414,1,3,3,R,"_앰프_",160,80,0.4,0,36,W,Y,0,0,0,0,0,0,0,0,0,0,0,0,0,0,0,0,-0.137,-37.062,0,"낑깡__",0.262,-17.085,0,"ヒメ__",-20.037,-43.534,0,"_송글_",-11.225,-64.343,0,"Slaris",19.813,-49.858,0,"k@ster",5.714,-64.806,0,"Pugeuk",37.843,-96.903,0,"AI",0,-109.84,0,"AI",-40.8,-90.55,0,0,0,0,0,0,"",0,0,0,0,4545.983,4549.034,,,0,0
164,7,1,4,4,0,1,1,0,1,0,255,4,255,81,4571.066,"하루（Haru）",R,3,62,105,-2.357,-0.582,0.155,1.662,-0.21,1.301,-36.489,34.429,4,0,-455.642,0,11.9,0,0,1,3,3,R,"_앰프_",160,80,0.4,0,36,W,Y,0,0,0,0,0,0,0,0,0,0,0,0,0,0,0,0,-0.254,-37.154,0,"낑깡__",-0.107,-19.17,0,"ヒメ__",-20.905,-44.233,0,"_송글_",-13.157,-61.379,0,"Slaris",19.834,-46.701,0,"k@ster",2.846,-62.076,0,"Pugeuk",36.85,-97.493,0,"AI",0,-109.84,0,"AI",-40.8,-90.55,0,0,0,0,0,0,"",0,0,0,0,4572.143,4574.797,,,0,0
165,7,1,4,4,0,2,1,0,1,0,255,4,255,82,4594.923,"하루（Haru）",R,28,81,131,-0.331,-0.046,0.138,1.727,-0.289,1.551,-36.489,32.836,2,0,43.755,-89.33,6.208,0,0,1,3,3,R,"_앰프_",160,80,0.4,3,36,W,Y,4595.958,255,95,74,79,35,145,87,63.711,52.241,-0.45,0,0.202,179.261,258.433,367.581,0.198,-37.238,0,"낑깡__",-0.13,-17.706,0,"ヒメ__",-22.011,-45.005,0,"_송글_",-13.999,-62.727,0,"Slaris",20.479,-46.453,0,"k@ster",5.457,-63.864,0,"Pugeuk",37.432,-97.089,0,"AI",0,-109.84,0,"AI",-40.8,-90.55,0,4600.69,-48.36,-49.986,0,0,"",0,0,0,0,,4601.163,4654.195,,12,2
166,7,1,4,4,0,2,1,0,0,1,255,255,4,83,4714.378,"하루（Haru）",R,26,95,140,-0.372,0.556,0.152,1.764,-0.222,1.691,-36.489,20.802,2,0,44.052,-200,17.784,0,0,1,3,3,R,"_앰프_",160,80,0.4,3,36,W,Y,4715.405,255,84,80,72,31,145,88,110.334,-53.515,-0.36,0,0.2,19.092,52.439,484.991,0.325,-36.82,0,"낑깡__",-0.121,-17.645,0,"ヒメ__",-19.374,-43.416,0,"_송글_",-14.336,-62.393,0,"Slaris",18.101,-48.108,0,"k@ster",7.286,-65.346,0,"Pugeuk",41.526,-99.267,0,"AI",0,-109.84,0,"AI",-40.8,-90.55,0,0,0,0,0,0,"",0,0,0,0,,,4720.494,,8,3
167,7,1,4,4,0,2,1,0,0,1,255,255,4,84,4730.186,"하루（Haru）",R,28,82,133,-0.125,-1.207,0.188,1.546,-0.055,0.853,-36.489,20.358,1,0,-4.535,-95.376,19.633,0,0,0,3,3,R,"_앰프_",160,80,0.4,0,36,W,Y,0,0,0,0,0,0,0,0,0,0,0,0,0,0,0,0,-0.152,-36.816,0,"낑깡__",0.005,-17.908,0,"ヒメ__",-19.313,-42.927,0,"_송글_",-12.504,-61.459,0,"Slaris",19.962,-46.944,0,"k@ster",4.123,-63.829,0,"Pugeuk",37.697,-101.471,0,"AI",0,-109.84,0,"AI",-40.8,-90.55,0,0,0,0,0,0,"",0,0,0,0,4731.063,,,,0,0
168,7,1,4,4,1,2,1,0,0,1,255,255,4,85,4747.447,"하루（Haru）",R,26,91,140,0.377,-1.172,0.239,1.762,0.18,1.684,-36.489,21.975,2,0,37.775,-179.964,19.114,0,0,1,3,3,R,"_앰프_",160,80,0.4,3,36,W,Y,4748.457,255,32,89,55,21,145,76,16.022,-0.733,-1,0,0.203,491.206,150.367,283.217,-0.093,-36.858,0,"낑깡__",0.062,-17.569,0,"ヒメ__",-17.809,-42.788,0,"_송글_",-11.295,-64.352,92,"Slaris",19.423,-48.003,97,"k@ster",5.957,-64.777,0,"Pugeuk",38.224,-101.372,0,"AI",0,-109.84,0,"AI",-40.8,-90.55,0,0,0,0,4751.037,3,"_송글_",-0.393,-65.068,0,0,,,4753.598,,14,1
169,7,1,4,4,0,0,2,0,0,1,255,255,4,86,4774.804,"하루（Haru）",R,3,54,101,-1.844,0.111,0.19,1.762,-0.044,1.683,-36.489,36.335,4,0,-373.316,0,18.542,0,0,1,4,5,R,"CoalCat",174.8,85.186,0.503,0,36,W,Y,0,0,0,0,0,0,0,0,0,0,0,0,0,0,0,0,-0.059,-37.578,0,"낑깡__",-0.121,-17.447,0,"ヒメ__",-21.633,-45.867,0,"_송글_",-10.652,-63.009,0,"Slaris",19.255,-46.708,0,"k@ster",4.999,-65.497,0,"Pugeuk",38.289,-99.602,0,"AI",0,-109.84,0,"AI",-40.8,-90.55,0,0,0,0,0,0,"",0,0,0,0,4775.863,,4777.875,,0,0
170,7,1,4,4,0,1,2,0,0,1,255,255,4,87,4794.643,"하루（Haru）",R,3,63,108,-2.04,-0.051,0.163,1.734,-0.171,1.581,-36.489,43.177,4,0,-385.251,0,13.714,0,0,1,4,5,R,"CoalCat",174.8,85.186,0.503,0,36,W,Y,0,0,0,0,0,0,0,0,0,0,0,0,0,0,0,0,0.602,-35.193,0,"낑깡__",0.296,-19.845,0,"ヒメ__",-21.637,-45.183,0,"_송글_",-10.598,-63.977,0,"Slaris",19.225,-44.768,0,"k@ster",1.731,-61.785,0,"Pugeuk",38.051,-100.457,0,"AI",0,-109.84,0,"AI",-40.8,-90.55,0,0,0,0,0,0,"",0,0,0,4,4795.543,,,4797.911,0,0
171,7,0,4,4,0,0,0,0,0,0,255,255,255,82,4838.64,"_이누_",R,13,57,101,-1.991,0.651,0.342,2.231,-0.284,2.618,-36.438,61.347,4,0,-284.108,392.755,6.514,-1.364,-18.436,1,1,3,R,"_송글_",165.5,91.844,0.315,0,36,W,Y,0,0,0,0,0,0,0,0,0,0,0,0,0,0,0,0,-0.048,-37.345,0,"ʚEveɞ",-0.21,-17.569,0,"가앤슬_",-23.004,-44.685,0,"_앰프_",-14.668,-60.029,0,"Floră",20.986,-51.765,0,"CoalCat",9.092,-61.97,0,"「론구」",38.729,-96.689,0,"AI",0,-109.84,0,"AI",-40.8,-90.55,0,0,0,0,0,0,"",0,0,0,0,4841.756,,,,0,0
172,7,0,4,4,0,1,0,0,0,0,255,255,255,83,4856.147,"_이누_",R,14,59,102,-1.875,-0.841,-0.119,1.925,-1.483,1.729,-36.438,21.602,1,0,327.537,353.88,7.863,0,0,0,1,3,R,"_송글_",165.5,91.844,0.315,0,36,W,Y,0,0,0,0,0,0,0,0,0,0,0,0,0,0,0,0,0.032,-37.703,0,"ʚEveɞ",-0.312,-17.583,0,"가앤슬_",-23.01,-44.705,0,"_앰프_",-15.476,-60.562,0,"Floră",21.2,-52.107,0,"CoalCat",9.14,-62.414,0,"「론구」",38.272,-100.273,0,"AI",0,-109.84,0,"AI",-40.8,-90.55,0,0,0,0,0,0,"",0,0,0,0,4857.183,,,,0,0
173,7,0,4,4,1,1,0,0,0,0,255,255,255,84,4867.458,"_이누_",R,27,85,138,-0.324,-0.695,0.153,1.75,-0.22,1.079,-36.438,17.602,0,0,53.439,-123.948,6.875,0,0,1,1,3,R,"_송글_",165.5,91.844,0.315,0,36,W,Y,0,0,0,0,0,0,0,0,0,0,0,0,0,0,0,0,-0.023,-37.297,0,"ʚEveɞ",-0.089,-17.61,0,"가앤슬_",-23.516,-44.841,0,"_앰프_",-15.012,-58.888,0,"Floră",21.248,-52.335,0,"CoalCat",8.798,-62.577,0,"「론구」",38.268,-100.267,0,"AI",0,-109.84,0,"AI",-40.8,-90.55,0,0,0,0,0,0,"",0,0,0,0,4868.236,,,,0,0
174,7,0,4,4,1,2,0,0,0,0,255,255,255,85,4883.473,"_이누_",R,10,65,109,-1.081,-2.323,0.183,1.892,-0.475,0.929,-36.438,31.728,4,0,0,400,5.245,0,0,1,1,3,R,"_송글_",165.5,91.844,0.315,0,36,W,Y,0,0,0,0,0,0,0,0,0,0,0,0,0,0,0,0,-0.019,-37.395,0,"ʚEveɞ",-0.136,-17.5,0,"가앤슬_",-21.461,-42.426,0,"_앰프_",-14.996,-58.872,0,"Floră",20.994,-52.116,0,"CoalCat",8.943,-62.872,0,"「론구」",38.28,-100.277,0,"AI",0,-109.84,0,"AI",-40.8,-90.55,0,0,0,0,0,0,"",0,0,0,0,4884.437,,,,0,0
175,7,0,4,4,0,0,1,0,0,0,255,255,255,86,4901.18,"_이누_",R,10,56,102,0.016,-1.018,0.111,1.997,-0.286,1.548,-36.438,36.069,1,0,142.421,400,2.428,-0.118,-17.942,0,2,4,R,"Slaris",190,85.69,0.452,0,36,W,Y,0,0,0,0,0,0,0,0,0,0,0,0,0,0,0,0,0.044,-37.655,0,"ʚEveɞ",-0.039,-17.727,0,"가앤슬_",-23.432,-44.658,0,"_앰프_",-15.031,-58.915,0,"Floră",16.02,-45.299,0,"CoalCat",8.217,-62.984,0,"「론구」",39.789,-106.107,0,"AI",0,-109.84,0,"AI",-40.8,-90.55,0,0,0,0,0,0,"",0,0,0,0,4903.557,,,,0,0
176,7,0,4,4,1,0,1,0,0,0,255,255,255,87,4913.105,"_이누_",R,27,79,129,2.851,0.687,0.399,2.029,1.165,1.901,-36.438,43.723,1,0,43.004,-132.301,-0.277,0,0,0,2,4,R,"Slaris",190,85.69,0.452,0,36,W,Y,0,0,0,0,0,0,0,0,0,0,0,0,0,0,0,0,0.248,-37.204,0,"ʚEveɞ",0.037,-17.926,0,"가앤슬_",-22.79,-44.036,0,"_앰프_",-14.959,-59.69,0,"Floră",15.331,-44.546,0,"CoalCat",8.515,-63.161,0,"「론구」",39.763,-106.11,0,"AI",0,-109.84,0,"AI",-40.8,-90.55,0,0,0,0,0,0,"",0,0,0,0,4913.863,,,,0,0
177,7,0,4,4,2,0,1,0,0,0,255,255,255,88,4927.149,"_이누_",R,27,81,132,2.01,-0.192,0.358,1.884,0.753,1.355,-36.438,38.912,2,0,76.352,-130.168,0.473,0,0,0,2,4,R,"Slaris",190,85.69,0.452,5,36,W,Y,4928.108,120,203,177,82,40,138,84,-6.925,-2.365,-0.94,0,0.452,-233.122,-62.519,-70.782,-0.241,-36.974,0,"ʚEveɞ",0.075,-17.903,0,"가앤슬_",-23.974,-45.408,86,"_앰프_",-14.842,-59.203,0,"Floră",15.337,-44.707,0,"CoalCat",9.418,-63.863,106,"「론구」",39.789,-106.117,0,"AI",0,-109.84,0,"AI",-40.8,-90.55,0,4927.77,0.625,-26.943,4929.957,5,"CoalCat",3.496,-58.505,0,4,,,,,19,2
178,7,0,4,4,0,0,2,0,0,0,255,255,255,89,4947.932,"_이누_",R,27,90,140,-1.231,-1.155,0.08,1.629,-0.559,0.762,-36.438,2.441,2,0,14.603,-134.45,9.004,0,0,1,3,0,L,"하루（Haru）",190,90,0.503,0,36,W,Y,4948.984,169,113,120,86,32,145,125,-25.5,33.673,0.81,0.095,0.267,-314.341,454.167,24.005,0.111,-37.006,0,"ʚEveɞ",-0.118,-17.89,0,"가앤슬_",-22.933,-44.536,0,"_앰프_",-11.78,-60.683,0,"Floră",24.914,-51.429,0,"CoalCat",10.448,-62.952,78,"「론구」",50.7,-93.372,0,"AI",0,-109.84,0,"AI",-40.8,-90.55,0,4948.437,-0.935,-21.304,4951.65,8,"AI",-39.477,-80.533,0,0,,,,,18,2
179,7,0,4,4,0,0,2,1,0,0,10,255,255,90,4986.629,"_이누_",R,27,87,140,-0.932,-0.922,0.094,1.671,-0.492,0.897,-36.438,10.645,2,0,61.958,-147.235,2.885,0,0,1,4,1,R,"낑깡__",190,80,0.398,3,75,W,Y,4987.64,255,106,144,104,21,145,104,27.289,52.687,0.92,0.107,0.372,300.919,511.762,9.018,-0.409,-37.234,0,"ʚEveɞ",-0.21,-17.972,0,"가앤슬_",-19.657,-40.165,0,"_앰프_",-15.656,-59.192,0,"Floră",21.721,-53.251,0,"CoalCat",8.523,-61.547,0,"「론구」",39.379,-104.5,0,"AI",0,-109.84,0,"AI",-40.8,-90.55,0,4991.157,-72.284,-62.918,0,0,"",0,0,0,0,,,,,2,3
180,7,0,4,4,0,1,2,1,0,0,10,255,255,91,5008.188,"_이누_",R,26,82,134,-0.533,-0.575,0.13,1.735,-0.323,1.103,-36.438,13.167,2,0,61.682,-152.552,7.07,0,0,1,4,1,R,"낑깡__",190,80,0.398,3,75,W,Y,5009.092,196,110,140,98,51,145,87,-14.735,57.919,1,0,0.358,-52.381,359.772,-92.791,0.11,-37.025,0,"ʚEveɞ",-0.094,-17.883,0,"가앤슬_",-19.757,-40.287,0,"_앰프_",-14.925,-57.258,0,"Floră",22.49,-52.919,0,"CoalCat",9.81,-62.352,0,"「론구」",39.175,-103.981,0,"AI",0,-109.84,0,"AI",-40.8,-90.55,0,5008.65,-3.604,-21.824,0,0,"",0,0,0,0,,,,,2,3
181,7,0,4,4,0,2,2,1,0,0,10,255,255,92,5025.414,"_이누_",R,10,78,118,-2.202,-2.469,0.074,1.708,-0.932,0.397,-36.438,17.429,1,0,-19.631,400,5.665,-0.605,-17.561,0,4,1,R,"낑깡__",190,80,0.398,0,75,W,Y,0,0,0,0,0,0,0,0,0,0,0,0,0,0,0,0,0.284,-37.749,0,"ʚEveɞ",-0.203,-17.736,0,"가앤슬_",-19.637,-40.255,0,"_앰프_",-15.41,-59.517,0,"Floră",21.419,-51.905,0,"CoalCat",8.252,-61.731,0,"「론구」",37.774,-103.484,0,"AI",0,-109.84,0,"AI",-40.8,-90.55,0,0,0,0,0,0,"",0,0,0,0,5027.85,,,,0,0
182,7,0,4,4,1,2,2,1,0,0,10,255,255,93,5042.247,"_이누_",R,13,64,108,0.016,0.959,0.465,2.254,0.513,2.537,-36.438,69.995,0,0,-279.922,251.993,5.325,0,0,0,4,1,R,"낑깡__",190,80,0.398,0,75,W,Y,0,0,0,0,0,0,0,0,0,0,0,0,0,0,0,0,-0.25,-37.539,0,"ʚEveɞ",-0.133,-17.337,0,"가앤슬_",-20.035,-41.413,0,"_앰프_",-15.707,-59.925,0,"Floră",21.872,-52.264,0,"CoalCat",7.889,-59.889,0,"「론구」",37.788,-103.499,0,"AI",0,-109.84,0,"AI",-40.8,-90.55,0,0,0,0,0,0,"",0,0,0,0,5043.103,,,,0,0
