id,inn,half,scoreA,scoreB,ball,strk,out,b1,b2,b3,b1Idx,b2Idx,b3Idx,pCnt,pSec,pName,pHand,pType,pPow,spdK,zoneX,zoneY,startX,startY,targetX,targetY,zDist,pitchAngle,call,balk,sH,sV,gyro,plx,plz,bSwing,bIdx,bPos,bZone,bName,bHCm,batLen,batCen,batType,bFps,bOS,bVR,hSec,rotS,rotL,shS,lgS,prepS,batSpd,ev,ldeg,sdeg,hPos,buntGrip,handDist,angVeloX,angVeloY,angVeloZ,PPosX,PPosY,PThrSpd,CName,CPosX,CPosY,CThrSpd,1BName,1BPosX,1BPosY,1BThrSpd,2BName,2BPosX,2BPosY,2BThrSpd,3BName,3BPosX,3BPosY,3BThrSpd,SSName,SSPosX,SSPosY,SSThrSpd,LFName,LFPosX,LFPosY,LFThrSpd,CFName,CFPosX,CFPosY,CFThrSpd,RFName,RFPosX,RFPosY,RFThrSpd,ltSec,lx,lz,cSec,cPos,cPlr,cx,cz,1BSafe,tag,cpSec,sb2Sec,sb3Sec,sbhSec,ass,result
1,1,1,0,0,0,0,0,0,0,0,255,255,255,0,249.81,"Floră",R,13,72,99,0.789,-2.715,0.367,1.52,0.517,1.126,-36.344,32.216,1,0,-384.124,260.457,8.38,0.145,-36.35,0,0,3,R,"아침땅_",160,94.936,0.502,0,65,W,Y,0,0,0,0,0,0,0,0,0,0,0,0,0,0,0,0,0.304,-37.579,0,"Kr_Luna",0.027,-17.527,0,"인생최패망자",-19.59,-44.903,0,"_앰프_",-18.155,-60.139,0,"눈꽃",19.293,-45.896,0,"_이누_",14.871,-61.998,0,"AI",40.9,-90.65,0,"AI",0,-109.85,0,"Rite_",-44.531,-89.358,0,0,0,0,0,0,"",0,0,0,0,,,,,0,0
2,1,1,0,0,1,0,0,0,0,0,255,255,255,1,268.202,"Floră",R,3,61,93,2.361,-2.73,0.766,1.682,1.335,1.455,-36.344,41.683,1,0,-357.135,93.64,6.553,0.435,-36.349,0,0,3,R,"아침땅_",160,94.936,0.502,0,65,W,Y,0,0,0,0,0,0,0,0,0,0,0,0,0,0,0,0,0.105,-37.8,0,"Kr_Luna",0.01,-17.506,0,"인생최패망자",-19.67,-44.952,0,"_앰프_",-18.16,-60.178,0,"눈꽃",19.328,-45.921,0,"_이누_",14.785,-61.867,0,"AI",40.9,-90.65,0,"AI",0,-109.85,0,"Rite_",-45.991,-89.745,0,0,0,0,0,0,"",0,0,0,0,376.27,,,,0,0
3,1,1,0,0,0,0,0,0,0,0,255,255,255,2,408.253,"Floră",R,3,74,115,-3.239,-2.97,0.423,1.641,-0.709,-0.029,-36.865,19.898,1,0,-403.551,0,14.983,-0.585,-20.584,0,0,3,R,"아침땅_",160,94.936,0.502,0,65,W,Y,0,0,0,0,0,0,0,0,0,0,0,0,0,0,0,0,0.084,-37.557,0,"Kr_Luna",0.025,-17.481,0,"인생최패망자",-19.77,-44.907,0,"_앰프_",-17.033,-60.888,0,"눈꽃",18.823,-46.438,0,"_이누_",14.935,-62.558,0,"AI",40.9,-90.65,0,"AI",0,-109.84,0,"Rite_",-41.299,-85.331,0,0,0,0,0,0,"",0,0,0,0,409.187,,,,0,0
4,1,1,0,0,1,0,0,0,0,0,255,255,255,3,419.667,"Floră",R,3,60,93,0.898,-0.19,0.846,1.635,1.207,1.525,-36.976,38.567,0,0,-348.28,0,12.615,0,0,0,0,3,R,"아침땅_",160,94.936,0.502,0,65,W,Y,0,0,0,0,0,0,0,0,0,0,0,0,0,0,0,0,0.138,-37.89,0,"Kr_Luna",0.004,-17.439,0,"인생최패망자",-19.729,-44.887,0,"_앰프_",-17.02,-60.822,0,"눈꽃",18.96,-46.37,0,"_이누_",14.89,-62.671,0,"AI",40.9,-90.65,0,"AI",0,-109.84,0,"Rite_",-42.311,-85.837,0,0,0,0,0,0,"",0,0,0,0,420.703,,,,0,0
5,1,1,0,0,1,1,0,0,0,0,255,255,255,4,432.809,"Floră",R,3,57,103,-3.703,0.39,0.495,1.689,-0.792,1.822,-37.152,36.62,1,0,-382.346,0,7.232,0,0,0,0,3,R,"아침땅_",160,94.936,0.502,0,65,W,Y,0,0,0,0,0,0,0,0,0,0,0,0,0,0,0,0,-0.049,-37.756,0,"Kr_Luna",-0.205,-17.405,0,"인생최패망자",-19.621,-44.883,0,"_앰프_",-17.024,-60.857,0,"눈꽃",19.054,-46.432,0,"_이누_",14.653,-62.608,0,"AI",40.9,-90.65,0,"AI",0,-109.84,0,"Rite_",-43.493,-88.303,0,0,0,0,0,0,"",0,0,0,0,433.828,,,,0,0
6,1,1,0,0,2,1,0,0,0,0,255,255,255,5,444.614,"Floră",R,3,62,106,3.196,-0.14,0.749,1.792,2.143,1.527,-36.957,46.58,1,0,-386.379,0,7.532,0,0,0,0,3,R,"아침땅_",160,94.936,0.502,0,65,W,Y,0,0,0,0,0,0,0,0,0,0,0,0,0,0,0,0,0.137,-37.816,0,"Kr_Luna",-0.016,-17.406,0,"인생최패망자",-19.831,-44.978,0,"_앰프_",-17.531,-61.655,0,"눈꽃",18.416,-46.512,0,"_이누_",14.801,-63.361,0,"AI",40.9,-90.65,0,"AI",0,-109.84,0,"Rite_",-43.482,-88.287,0,0,0,0,0,0,"",0,0,0,0,445.52,,,,0,0
7,1,1,0,0,3,1,0,0,0,0,255,255,255,6,455.289,"Floră",R,3,57,91,-2.342,0.464,0.615,1.731,-0.24,1.872,-36.843,25.502,4,0,-331.994,0,16.366,0,0,1,0,3,R,"아침땅_",160,94.936,0.502,0,65,W,Y,0,0,0,0,0,0,0,0,0,0,0,0,0,0,0,0,0.08,-37.694,0,"Kr_Luna",0.017,-17.434,0,"인생최패망자",-19.782,-44.942,0,"_앰프_",-17.441,-61.62,0,"눈꽃",18.744,-46.511,0,"_이누_",12.317,-66.508,0,"AI",40.9,-90.65,0,"AI",0,-109.84,0,"Rite_",-43.691,-88.342,0,0,0,0,0,0,"",0,0,0,0,456.345,,,,0,0
8,1,1,0,0,3,2,0,0,0,0,255,255,255,7,467.966,"Floră",R,33,80,130,0.421,-0.388,0.312,1.75,0.016,1.331,-36.735,24.664,0,0,104.635,-39.735,2.389,0,0,0,0,3,R,"아침땅_",160,94.936,0.502,0,66,W,Y,0,0,0,0,0,0,0,0,0,0,0,0,0,0,0,0,0.075,-37.841,0,"Kr_Luna",-0.003,-17.432,0,"인생최패망자",-19.258,-44.459,0,"_앰프_",-17.47,-61.646,0,"눈꽃",19.054,-46.589,0,"_이누_",14.881,-64.719,0,"AI",40.9,-90.65,0,"AI",0,-109.84,0,"Rite_",-42.605,-87.53,0,0,0,0,0,0,"",0,0,0,0,468.762,,,,0,0
9,1,1,0,0,0,0,1,0,0,0,255,255,255,8,484.213,"Floră",R,13,77,115,3.322,-1.446,0.36,1.67,1.996,1.12,-36.623,17.135,1,0,-384.205,319.979,22.027,0,0,0,1,5,R,"ByeolBam",174.9,90,0.5,0,66,W,Y,0,0,0,0,0,0,0,0,0,0,0,0,0,0,0,0,-0.023,-37.782,0,"Kr_Luna",-0.005,-17.384,0,"인생최패망자",-20.575,-45.93,0,"_앰프_",-17.771,-61.476,0,"눈꽃",19.092,-47.151,0,"_이누_",9.487,-65.752,0,"AI",40.9,-90.65,0,"AI",0,-109.84,0,"Rite_",-43.387,-88.478,0,0,0,0,0,0,"",0,0,0,0,485.153,,,,0,0
10,1,1,0,0,1,0,1,0,0,0,255,255,255,9,495.634,"Floră",R,3,60,107,1.471,0.665,0.785,1.829,1.26,1.996,-37.042,39.013,0,0,-302.809,0,9.824,0,0,0,1,5,R,"ByeolBam",174.9,90,0.5,0,66,W,Y,0,0,0,0,0,0,0,0,0,0,0,0,0,0,0,0,0.156,-37.899,0,"Kr_Luna",-0.024,-17.419,0,"인생최패망자",-20.669,-45.892,0,"_앰프_",-17.787,-61.558,0,"눈꽃",19.1,-47.15,0,"_이누_",10.669,-67.155,0,"AI",40.9,-90.65,0,"AI",0,-109.84,0,"Rite_",-43.42,-88.541,0,0,0,0,0,0,"",0,0,0,0,496.645,,,,0,0
11,1,1,0,0,1,1,1,0,0,0,255,255,255,10,508.997,"Floră",R,13,64,106,2.992,-1.372,0.675,1.816,2.047,1.321,-37.095,51.09,1,0,-369.616,320.748,7.318,0,0,0,1,5,R,"ByeolBam",174.9,90,0.5,0,66,W,Y,0,0,0,0,0,0,0,0,0,0,0,0,0,0,0,0,0.127,-37.805,0,"Kr_Luna",-0.014,-17.415,0,"인생최패망자",-20.739,-45.885,0,"_앰프_",-17.783,-61.602,0,"눈꽃",19.046,-47.132,0,"_이누_",14.137,-64.002,0,"AI",40.9,-90.65,0,"AI",0,-109.84,0,"Rite_",-43.266,-88.23,0,0,0,0,0,0,"",0,0,0,0,510.037,,,,0,0
12,1,1,0,0,2,1,1,0,0,0,255,255,255,11,522.703,"Floră",R,34,84,136,-6.816,-1.825,-0.033,1.698,-3.072,0.498,-36.775,10.777,1,0,72.274,-33.431,1.488,0,0,0,1,5,R,"ByeolBam",174.9,90,0.5,0,66,W,Y,0,0,0,0,0,0,0,0,0,0,0,0,0,0,0,0,-0.11,-37.792,0,"Kr_Luna",0.142,-17.172,0,"인생최패망자",-20.399,-45.446,0,"_앰프_",-17.888,-61.526,0,"눈꽃",19.059,-47.094,0,"_이누_",14.65,-63.914,0,"AI",40.9,-90.65,0,"AI",0,-109.84,0,"Rite_",-43.086,-88.022,0,0,0,0,0,0,"",0,0,0,0,523.637,,,,0,0
13,1,1,0,0,3,1,1,0,0,0,255,255,255,12,535.229,"Floră",R,5,55,94,1.471,0.637,0.837,1.788,0.899,1.995,-36.972,37.31,0,0,-118.087,0,8.417,0,0,0,1,5,R,"ByeolBam",174.9,90,0.5,0,66,W,Y,0,0,0,0,0,0,0,0,0,0,0,0,0,0,0,0,0.096,-37.962,0,"Kr_Luna",-0.016,-17.147,0,"인생최패망자",-20.612,-45.624,0,"_앰프_",-17.756,-61.532,0,"눈꽃",19.101,-47.194,0,"_이누_",14.626,-65.951,0,"AI",40.9,-90.65,0,"AI",0,-109.84,0,"Rite_",-43.027,-88.014,0,0,0,0,0,0,"",0,0,0,0,536.345,,,,0,0
14,1,1,0,0,3,2,1,0,0,0,255,255,255,13,547.586,"Floră",R,0,52,95,2.276,1.968,0.575,2.2,0.974,2.75,-36.961,60.256,1,0,0,0,4.028,0,0,0,1,5,R,"ByeolBam",174.9,90,0.5,0,66,W,Y,0,0,0,0,0,0,0,0,0,0,0,0,0,0,0,0,-0.415,-37.151,0,"Kr_Luna",0.018,-17.159,0,"인생최패망자",-20.611,-45.623,0,"_앰프_",-17.769,-61.376,0,"눈꽃",19.155,-47.234,0,"_이누_",15.271,-62.559,0,"AI",40.9,-90.65,0,"AI",0,-109.84,0,"Rite_",-43.341,-88.032,0,0,0,0,0,0,"",0,0,0,0,548.728,,,,0,5
15,1,1,0,0,0,0,1,1,0,0,5,255,255,14,567.682,"Floră",R,3,60,93,2.053,0.28,0.89,1.637,1.598,1.814,-37.092,45.189,1,0,-343.761,0,13.285,0,0,0,2,1,R,"-라후이-",190,87,0.498,0,66,W,Y,0,0,0,0,0,0,0,0,0,0,0,0,0,0,0,0,0.213,-37.964,0,"Kr_Luna",-0.006,-17.127,0,"인생최패망자",-19.202,-41.243,0,"_앰프_",-11.55,-60.778,0,"눈꽃",19.209,-47.538,0,"_이누_",13.061,-62.001,0,"AI",40.9,-90.65,0,"AI",0,-109.84,0,"Rite_",-43.329,-88.051,0,0,0,0,0,0,"",0,0,0,0,568.603,,,,0,0
16,1,1,0,0,1,0,1,1,0,0,5,255,255,15,583.151,"Floră",R,3,60,94,1.471,-0.083,0.813,1.792,1.327,1.577,-37.154,51.472,0,0,-288.877,0,4.89,0,0,0,2,1,R,"-라후이-",190,87,0.498,0,66,W,Y,0,0,0,0,0,0,0,0,0,0,0,0,0,0,0,0,0.072,-37.813,0,"Kr_Luna",0.02,-17.124,0,"인생최패망자",-19.926,-41.449,0,"_앰프_",-14.041,-61.005,0,"눈꽃",19.242,-47.506,0,"_이누_",10.305,-67.233,0,"AI",40.9,-90.65,0,"AI",0,-109.84,0,"Rite_",-43.088,-88.311,0,0,0,0,0,0,"",0,0,0,0,584.062,,,,0,0
17,1,1,0,0,1,1,1,1,0,0,5,255,255,16,594.444,"Floră",R,34,78,129,-1.322,-0.552,0.19,1.682,-0.732,1.199,-36.845,21.016,0,0,98.502,-57.429,2.007,0,0,0,2,1,R,"-라후이-",190,87,0.498,0,66,W,Y,0,0,0,0,0,0,0,0,0,0,0,0,0,0,0,0,0.062,-38.085,0,"Kr_Luna",0.034,-17.152,0,"인생최패망자",-19.889,-40.951,0,"_앰프_",-15.315,-59.743,0,"눈꽃",19.244,-47.488,0,"_이누_",9.868,-64.496,0,"AI",40.9,-90.65,0,"AI",0,-109.84,0,"Rite_",-43.288,-88.191,0,0,0,0,0,0,"",0,0,0,0,595.087,,,,0,0
18,1,1,0,0,1,2,1,1,0,0,5,255,255,17,621.212,"Floră",R,33,74,126,2.813,0.612,0.496,1.764,1.025,1.934,-36.862,33.712,1,0,115.794,-54.255,0.226,0,0,0,2,1,R,"-라후이-",190,87,0.498,0,66,W,Y,0,0,0,0,0,0,0,0,0,0,0,0,0,0,0,0,0.16,-37.678,0,"Kr_Luna",-0.078,-17.149,0,"인생최패망자",-19.908,-41.713,0,"_앰프_",-16.375,-59.968,0,"눈꽃",19.431,-47.694,0,"_이누_",8.938,-65.153,0,"AI",40.9,-90.65,0,"AI",0,-109.84,0,"Rite_",-42.988,-87.832,0,0,0,0,0,0,"",0,0,0,0,622.062,,,,0,0
19,1,1,0,0,2,2,1,1,0,0,5,255,255,18,637.014,"Floră",R,33,79,129,1.382,0.183,0.364,1.675,0.435,1.678,-36.762,29.036,0,0,102.003,-44.231,-0.129,0,0,1,2,1,R,"-라후이-",190,87,0.498,0,66,W,Y,0,0,0,0,0,0,0,0,0,0,0,0,0,0,0,0,0.05,-37.781,0,"Kr_Luna",-0.027,-17.183,0,"인생최패망자",-19.217,-40.718,0,"_앰프_",-16.743,-59.904,0,"눈꽃",19.401,-47.426,0,"_이누_",7.504,-66.476,0,"AI",40.9,-90.65,0,"AI",0,-109.84,0,"Rite_",-43.006,-87.846,0,0,0,0,0,0,"",0,0,0,0,637.87,,,,0,0
20,1,1,0,0,0,0,2,1,0,0,5,255,255,19,657.24,"Floră",R,3,53,90,0.076,0.262,0.758,1.523,0.544,1.81,-36.842,30.625,0,0,-253.44,0,10.022,0,0,0,3,2,R,"ディシジョン",190,93,0.54,0,66,W,Y,0,0,0,0,0,0,0,0,0,0,0,0,0,0,0,0,-0.012,-37.791,0,"Kr_Luna",-0.044,-17.023,0,"인생최패망자",-19.813,-41.183,0,"_앰프_",-18.076,-60.289,0,"눈꽃",18.649,-47.203,0,"_이누_",8.372,-65.323,0,"AI",40.9,-90.65,0,"AI",0,-109.84,0,"Rite_",-42.465,-87.216,0,0,0,0,0,0,"",0,0,0,0,658.537,,,,0,0
21,1,1,0,0,0,1,2,1,0,0,5,255,255,20,669.248,"Floră",R,3,75,104,-0.641,-0.577,0.345,1.581,0.451,1.341,-36.581,26.339,2,0,-378.182,55.609,6.188,0,0,0,3,2,R,"ディシジョン",190,93,0.54,3,66,W,Y,670.456,197,119,164,169,56,145,102,5.398,44.053,0.93,0.143,0.403,158.79,178.198,-22.531,-0.314,-37.293,0,"Kr_Luna",-0.009,-17.709,0,"인생최패망자",-19.473,-43.694,0,"_앰프_",-18.592,-60.456,0,"눈꽃",18.658,-47.2,0,"_이누_",10.612,-63.414,0,"AI",40.9,-90.65,0,"AI",0,-109.84,0,"Rite_",-42.517,-87.611,0,0,0,0,671.512,2,"인생최패망자",-17.47,-40.088,0,0,686.678,,,,68,1
22,1,0,0,0,0,0,0,0,0,0,255,255,255,0,717.258,"HANA_ARASHI",R,10,91,128,-0.52,-0.208,0.166,2.31,-0.413,1.886,-36.587,44.26,0,0,138.414,400,-19.153,1.433,-18.275,0,0,3,R,"_앰프_",160,80,0.4,0,66,W,Y,0,0,0,0,0,0,0,0,0,0,0,0,0,0,0,0,-0.069,-37.378,0,"-라후이-",-0.14,-18.108,0,"ディシジョン",-21.355,-47.049,0,"아침땅_",-16.194,-63.072,0,"_송글_",20.892,-49.332,0,"ByeolBam",7.347,-61.663,0,"AI",40.9,-90.65,0,"AI",0,-109.84,0,"ddil_ddil69",-44.051,-92.557,0,0,0,0,0,0,"",0,0,0,0,720.287,,,,0,0
23,1,0,0,0,0,1,0,0,0,0,255,255,255,1,730.783,"HANA_ARASHI",R,26,80,130,0.842,1.866,0.323,2.37,0.317,2.321,-36.751,57.902,1,0,25.903,-200,-6.551,0,0,0,0,3,R,"_앰프_",160,80,0.4,0,66,W,Y,0,0,0,0,0,0,0,0,0,0,0,0,0,0,0,0,0.002,-36.915,0,"-라후이-",-0.025,-17.851,0,"ディシジョン",-21.496,-47.176,0,"아침땅_",-15.967,-63.176,0,"_송글_",19.336,-49.697,0,"ByeolBam",9.233,-62.962,0,"AI",40.9,-90.65,0,"AI",0,-109.84,0,"ddil_ddil69",-44.041,-92.563,0,0,0,0,0,0,"",0,0,0,0,732.22,,,,0,0
24,1,0,0,0,1,1,0,0,0,0,255,255,255,2,743.654,"HANA_ARASHI",R,26,89,140,0.967,0.763,0.343,2.228,0.413,1.774,-36.584,45.339,2,0,-2.027,-188.593,-4.735,0,0,1,0,3,R,"_앰프_",160,80,0.4,3,66,W,Y,744.696,255,59,72,51,18,139,103,26.043,-14.584,0.16,0,0.22,56.966,-339.027,44.963,-0.011,-36.849,0,"-라후이-",0.043,-17.609,0,"ディシジョン",-21.633,-47.21,0,"아침땅_",-16.094,-63.047,85,"_송글_",20.121,-49.239,0,"ByeolBam",10.315,-63.76,0,"AI",40.907,-90.657,0,"AI",0,-109.84,0,"ddil_ddil69",-44.036,-92.599,0,749.212,28.834,-102.71,753.695,3,"아침땅_",1.527,-61.294,0,0,,,,,65,1
25,1,0,0,0,0,0,1,0,0,0,255,255,255,3,770.87,"HANA_ARASHI",R,26,91,140,0.712,0.415,0.314,2.242,0.277,1.627,-36.574,47.827,0,0,20.133,-200,-10.272,0,0,0,1,8,R,"Rite_",175,80,0.453,0,67,W,Y,0,0,0,0,0,0,0,0,0,0,0,0,0,0,0,0,-0.069,-36.976,0,"-라후이-",-0.065,-17.898,0,"ディシジョン",-21.239,-46.936,0,"아침땅_",-15.872,-63.038,0,"_송글_",20.603,-50.39,0,"ByeolBam",11.196,-63.363,0,"AI",40.9,-90.65,0,"AI",0,-109.84,0,"ddil_ddil69",-44.636,-91.276,0,0,0,0,0,0,"",0,0,0,0,772.087,,,,0,0
26,1,0,0,0,0,1,1,0,0,0,255,255,255,4,783.716,"HANA_ARASHI",R,10,100,128,-5.313,-2.732,-0.041,1.807,-2.311,-0.963,-36.368,10.993,1,0,0,400,30.027,-0.76,-24.194,0,1,8,R,"Rite_",175,80,0.453,0,67,W,Y,0,0,0,0,0,0,0,0,0,0,0,0,0,0,0,0,-0.225,-37.116,0,"-라후이-",-0.647,-17.724,0,"ディシジョン",-21.426,-46.788,0,"아침땅_",-16.05,-62.957,0,"_송글_",20.966,-49.973,0,"ByeolBam",10.546,-63.596,0,"AI",40.9,-90.65,0,"AI",0,-109.84,0,"ddil_ddil69",-44.675,-91.222,0,0,0,0,0,0,"",0,0,0,0,785.045,,,,0,0
27,1,0,0,0,1,1,1,0,0,0,255,255,255,5,799.165,"HANA_ARASHI",R,26,88,140,1.222,0.492,0.339,2.255,0.391,1.671,-36.617,48.003,2,0,95.193,-200,-5.107,0,0,0,1,8,R,"Rite_",175,80,0.453,3,67,W,Y,800.439,204,123,83,69,35,145,127,-3.031,44.312,0.47,0,0.464,-293.522,196.983,-125.426,-0.062,-37.062,0,"-라후이-",-0.001,-17.279,0,"ディシジョン",-21.44,-46.802,0,"아침땅_",-16.053,-62.893,0,"_송글_",21.33,-49.626,0,"ByeolBam",10.556,-63.609,0,"AI",40.9,-90.65,0,"AI",0,-109.85,0,"ddil_ddil69",-44.522,-91.155,0,800.478,-9.226,-28.098,0,0,"",0,0,0,0,,,,,64,3
28,1,0,0,0,1,2,1,0,0,0,255,255,255,6,823.488,"HANA_ARASHI",R,10,90,115,-0.619,-1.989,0.166,1.952,-0.274,0.955,-36.426,28.221,2,0,0,400,-7.855,0,0,1,1,8,R,"Rite_",175,80,0.453,3,67,W,Y,824.592,255,114,130,131,78,145,127,-20.579,-43.636,0.36,0,0.305,-374.874,134.9,-384.701,-0.198,-36.862,0,"-라후이-",-0.024,-17.358,0,"ディシジョン",-21.919,-46.776,0,"아침땅_",-15.989,-63.026,82,"_송글_",21.538,-49.604,0,"ByeolBam",11.38,-64.961,0,"AI",40.9,-90.65,0,"AI",0,-109.84,0,"ddil_ddil69",-45.016,-91.891,0,825.112,18.394,-39.579,830.92,6,"AI",70.943,-93.04,1,0,,834.077,,,65,2
29,1,0,0,0,0,0,1,0,1,0,255,18,255,7,854.675,"HANA_ARASHI",R,26,84,136,2.103,0.798,0.432,2.327,0.825,1.903,-36.745,54.021,1,0,62.718,-200,1.015,0,0,0,2,2,R,"인생최패망자",190,80,0.299,0,68,W,Y,0,0,0,0,0,0,0,0,0,0,0,0,0,0,0,0,-0.025,-37.338,0,"-라후이-",-0.053,-17.7,0,"ディシジョン",-22.703,-47.47,0,"아침땅_",-15.851,-63.029,0,"_송글_",21.525,-45.42,0,"ByeolBam",9.537,-62.076,0,"AI",40.9,-90.65,0,"AI",0,-109.84,0,"ddil_ddil69",-43.468,-90.605,0,0,0,0,0,0,"",0,0,0,0,855.87,856.99,,,0,0
30,1,0,0,0,1,0,1,0,1,0,255,18,255,8,867.908,"HANA_ARASHI",R,26,77,128,0.108,0.479,0.267,2.262,0.057,1.692,-36.637,42.052,0,0,-11.763,-200,-17.217,0,0,0,2,2,R,"인생최패망자",190,80,0.299,0,68,W,Y,0,0,0,0,0,0,0,0,0,0,0,0,0,0,0,0,0.025,-37.3,0,"-라후이-",-0.025,-17.643,0,"ディシジョン",-22.614,-47.558,0,"아침땅_",-16.132,-62.937,0,"_송글_",21.052,-44.784,0,"ByeolBam",8.881,-61.109,0,"AI",40.9,-90.65,0,"AI",0,-109.84,0,"ddil_ddil69",-43.474,-90.549,0,0,0,0,0,0,"",0,0,0,0,869.203,870.257,881.851,,0,2
31,1,0,0,0,1,1,1,0,0,1,255,255,18,9,899.645,"HANA_ARASHI",R,0,0,0,0,0,0,0,0,0,0,0,0,0,0,0,0,0,0,0,2,2,R,"인생최패망자",190,80,0.299,0,68,W,Y,0,0,0,0,0,0,0,0,0,0,0,0,0,0,0,0,0,0,0,"",0,0,0,"",0,0,0,"",0,0,0,"",0,0,0,"",0,0,0,"",0,0,0,"",0,0,0,"",0,0,0,0,0,0,0,0,"",0,0,0,0,901.112,,902.069,,0,0
32,1,0,0,0,2,1,1,0,0,1,255,255,18,10,926.555,"HANA_ARASHI",R,10,76,117,-0.014,0.585,0.252,2.49,-0.013,2.431,-36.812,67.156,0,0,0,400,-6.879,0,0,1,2,2,R,"인생최패망자",190,80,0.299,0,68,W,Y,0,0,0,0,0,0,0,0,0,0,0,0,0,0,0,0,-0.016,-37.135,0,"-라후이-",-0.004,-17.484,0,"ディシジョン",-22.008,-46.792,0,"아침땅_",-15.992,-63.047,0,"_송글_",20.203,-44.234,0,"ByeolBam",9.427,-57.988,0,"AI",40.9,-90.65,0,"AI",0,-109.84,0,"ddil_ddil69",-43.561,-92.388,0,0,0,0,0,0,"",0,0,0,0,927.895,,929.863,,0,0
33,1,0,0,0,2,2,1,0,0,1,255,255,18,11,942.589,"HANA_ARASHI",R,26,75,126,0.865,1.235,0.312,2.405,0.268,2.155,-36.959,71.524,2,0,60.378,-200,5.324,0,0,1,2,2,R,"인생최패망자",190,80,0.299,3,68,W,Y,943.573,184,73,87,85,49,145,91,6.161,-22.647,-0.77,0,0.28,-489.309,-156.019,66.409,-0.178,-36.991,0,"-라후이-",-0.011,-17.488,0,"ディシジョン",-22.176,-46.931,0,"아침땅_",-16.242,-62.816,80,"_송글_",19.475,-41.006,0,"ByeolBam",7.423,-54.612,0,"AI",40.9,-90.65,0,"AI",0,-109.84,0,"ddil_ddil69",-43.655,-92.42,0,944.537,11.944,-48.063,947.862,6,"AI",27.78,-91.092,1,0,,,,948.023,65,2
34,1,0,0,1,0,0,1,1,0,0,12,255,255,12,981.307,"HANA_ARASHI",R,10,62,107,0.256,0.024,0.323,2.379,0.319,2.072,-36.705,58.528,2,0,-129.623,390.502,7.159,0,0,0,3,1,L,"Kr_Luna",190,95.297,0.498,3,68,W,Y,982.195,165,115,92,113,68,145,115,26.093,-44.173,0.82,0,0.131,-489.309,-156.019,66.409,-0.129,-36.899,0,"-라후이-",0.04,-17.602,120,"ディシジョン",-18.542,-40.113,0,"아침땅_",-7.167,-62.474,88,"_송글_",21.819,-48.508,0,"ByeolBam",13.833,-62.793,0,"AI",40.9,-90.65,0,"AI",0,-109.84,0,"ddil_ddil69",-46.22,-89.522,0,986.612,69.084,-96.641,988.07,6,"AI",65.588,-95.827,1,0,996.312,986.561,991.711,,69,2
35,1,0,0,1,0,0,1,0,1,1,255,11,12,13,1017.601,"HANA_ARASHI",R,26,85,138,0.539,0.185,0.289,2.204,0.159,1.493,-36.478,33.799,2,0,57.119,-200,7.204,0,0,1,4,5,R,"_이누_",175,89.841,0.451,3,69,W,Y,1018.687,255,125,125,84,13,145,93,38.483,-23.712,-0.39,0,0.123,250.084,486.22,97.121,0.014,-36.953,0,"-라후이-",0.05,-17.501,0,"ディシジョン",-21.915,-46.388,0,"아침땅_",-16.221,-62.842,0,"_송글_",20.131,-47.657,85,"ByeolBam",13.559,-62.938,0,"AI",40.9,-90.65,0,"AI",0,-109.84,0,"ddil_ddil69",-43.965,-91.478,0,1023.578,22.136,-91.233,1028.145,4,"_송글_",20.377,-41.831,0,0,,1025.575,1021.51,1029.199,96,1
36,1,0,0,2,0,0,2,0,1,0,255,11,255,14,1050.506,"HANA_ARASHI",R,26,92,140,0.132,0.22,0.261,2.219,0.03,1.552,-36.49,32.376,2,0,16.605,-200,-1.803,0,0,1,5,4,L,"눈꽃",190,90,0.6,3,80,W,Y,1051.46,250,64,110,90,24,145,130,12.6,20.712,0.38,0,0.437,-59.006,-216.625,-30.224,-0.078,-37.1,0,"-라후이-",0.019,-17.825,0,"ディシジョン",-21.65,-45.921,0,"아침땅_",-11.031,-65.419,91,"_송글_",21.478,-47.908,0,"ByeolBam",14.998,-62.429,0,"AI",40.9,-90.65,0,"AI",0,-109.84,0,"ddil_ddil69",-44.644,-91.166,0,1054.353,-28.552,-105.983,1058.312,7,"AI",-29.029,-121.959,1,0,,1061.499,1056.65,1061.631,65,2
37,1,0,0,3,0,0,2,0,1,0,255,14,255,15,1081.979,"HANA_ARASHI",R,26,84,136,2.223,1.297,0.45,2.423,0.907,2.214,-36.781,60.578,1,0,37.786,-200,-5.852,0,0,0,6,0,R,"Floră",190,85,0.403,0,69,W,Y,0,0,0,0,0,0,0,0,0,0,0,0,0,0,0,0,0.114,-37.009,0,"-라후이-",-0.069,-17.357,0,"ディシジョン",-22.089,-46.808,0,"아침땅_",-16.169,-62.907,0,"_송글_",19.793,-45.159,0,"ByeolBam",13.012,-63.429,0,"AI",40.9,-90.65,0,"AI",0,-109.84,0,"ddil_ddil69",-45.285,-92.941,0,0,0,0,0,0,"",0,0,0,0,1083.22,1084.331,,,0,0
38,1,0,0,3,1,0,2,0,1,0,255,14,255,16,1094.861,"HANA_ARASHI",R,14,80,118,1.53,-2.529,0.313,1.919,0.274,0.581,-36.386,28.433,4,0,237.509,400,-3.799,0.29,-20.016,1,6,0,R,"Floră",190,85,0.403,0,69,W,Y,0,0,0,0,0,0,0,0,0,0,0,0,0,0,0,0,0.139,-37.095,0,"-라후이-",0.072,-17.416,0,"ディシジョン",-21.684,-46.398,0,"아침땅_",-16.184,-62.955,0,"_송글_",20.725,-45.306,0,"ByeolBam",12.82,-63.479,0,"AI",40.9,-90.65,0,"AI",0,-109.84,0,"ddil_ddil69",-42.113,-96.324,0,0,0,0,0,0,"",0,0,0,0,1096.303,1097.252,,,0,0
39,1,0,0,3,1,1,2,0,1,0,255,14,255,17,1108.08,"HANA_ARASHI",R,26,78,128,1.053,1.858,0.346,2.393,0.425,2.56,-36.694,53.976,1,0,15.01,-200,-7.08,0,0,0,6,0,R,"Floră",190,85,0.403,0,69,W,Y,0,0,0,0,0,0,0,0,0,0,0,0,0,0,0,0,-0.098,-37.006,0,"-라후이-",0.022,-17.39,0,"ディシジョン",-22.206,-46.847,0,"아침땅_",-16.401,-62.601,0,"_송글_",20.964,-45.796,0,"ByeolBam",13.145,-63.49,0,"AI",40.9,-90.65,0,"AI",0,-109.84,0,"ddil_ddil69",-42.12,-96.347,0,0,0,0,0,0,"",0,0,0,0,1109.362,1110.608,,,0,0
40,1,0,0,3,2,1,2,0,1,0,255,14,255,18,1122.647,"HANA_ARASHI",R,26,83,135,0.796,0.363,0.335,2.11,0.372,1.641,-36.457,33.455,2,0,-26.044,-200,-7.504,0,0,1,6,0,R,"Floră",190,85,0.403,3,69,W,Y,1123.644,178,81,96,52,0,145,90,64.177,37.042,-0.85,0,0.57,512.769,175.103,-143.391,0.009,-36.971,0,"-라후이-",0.052,-17.443,0,"ディシジョン",-22.628,-47.292,0,"아침땅_",-16.306,-62.675,0,"_송글_",20.571,-46.979,0,"ByeolBam",13.008,-63.459,0,"AI",40.907,-90.657,0,"AI",0,-109.84,0,"ddil_ddil69",-42.001,-96.352,0,1129.495,-31.871,-55.651,1129.662,2,"ディシジョン",-31.019,-54.693,0,0,,1129.483,,,72,1
41,2,1,0,3,0,0,0,0,0,0,255,255,255,21,1171.383,"Floră",R,3,50,86,-0.561,0.673,0.704,1.561,0.417,2.022,-36.872,24.493,2,0,-307.912,0,13.572,0,0,1,4,8,R,"ddil_ddil69",170.2,80,0.353,3,69,W,Y,1172.766,255,88,106,80,34,145,106,26.102,8.906,0.85,0,0.501,37.729,289.141,514.881,0.041,-37.661,0,"Kr_Luna",0.005,-17.32,0,"인생최패망자",-21.444,-46.579,0,"_앰프_",-18.169,-60.688,86,"눈꽃",18.51,-48.388,0,"_이누_",13.402,-65.549,76,"AI",40.9,-90.65,0,"AI",0,-109.84,0,"Rite_",-42.919,-86.657,0,1177.087,-21.577,-107.026,1180.753,7,"AI",-28.235,-128.82,1,0,,1182.772,1187.515,,81,2
42,2,1,0,3,0,0,0,0,0,1,255,255,8,22,1212.661,"Floră",R,33,77,127,4.443,-0.541,0.55,1.696,1.801,1.181,-36.872,43.897,4,0,116.522,-34.634,0.02,1.036,-21.927,1,5,4,R,"_송글_",190,91.844,0.315,0,69,W,Y,0,0,0,0,0,0,0,0,0,0,0,0,0,0,0,0,0.139,-37.632,0,"Kr_Luna",-0.041,-17.444,0,"인생최패망자",-19.889,-44.169,0,"_앰프_",-16.865,-58.313,0,"눈꽃",18.489,-41.158,0,"_이누_",11.004,-64.102,0,"AI",40.9,-90.65,0,"AI",0,-109.84,0,"Rite_",-48.222,-92.865,0,0,0,0,0,0,"",0,0,0,0,,,1215.862,,0,0
43,2,1,0,3,0,1,0,0,0,1,255,255,8,23,1238.126,"Floră",R,33,78,128,-4.314,-1.221,0.062,1.641,-2.081,0.756,-36.547,10.856,1,0,133.304,-78.022,9.766,0,0,0,5,4,R,"_송글_",190,91.844,0.315,0,45,W,Y,0,0,0,0,0,0,0,0,0,0,0,0,0,0,0,0,-0.03,-37.772,0,"Kr_Luna",-0.203,-17.157,0,"인생최패망자",-20.205,-45.085,0,"_앰프_",-15.875,-57.37,0,"눈꽃",19.018,-42.435,0,"_이누_",9.378,-65.613,0,"AI",40.9,-90.65,0,"AI",0,-109.84,0,"Rite_",-49.93,-95.451,0,0,0,0,0,0,"",0,0,0,0,1238.887,,1240.156,,0,0
44,2,1,0,3,1,1,0,0,0,1,255,255,8,24,1251.304,"Floră",R,3,58,104,-2.618,0.488,0.656,1.632,-0.396,1.938,-36.909,24.324,4,0,-360.991,0,13.355,0,0,1,5,4,R,"_송글_",190,91.844,0.315,0,45,W,Y,0,0,0,0,0,0,0,0,0,0,0,0,0,0,0,0,0.128,-37.638,0,"Kr_Luna",0.034,-17.366,0,"인생최패망자",-20.473,-45.283,0,"_앰프_",-15.903,-57.412,0,"눈꽃",19.109,-41.861,0,"_이누_",7.167,-61.969,0,"AI",40.9,-90.65,0,"AI",0,-109.84,0,"Rite_",-49.926,-95.452,0,0,0,0,0,0,"",0,0,0,0,1252.295,,1252.981,,0,0
45,2,1,0,3,1,2,0,0,0,1,255,255,8,25,1265.385,"Floră",R,4,51,89,0.828,-0.213,0.766,1.536,0.269,1.518,-36.959,33.956,2,0,-208.954,0,5.909,0,0,1,5,4,R,"_송글_",190,91.844,0.315,3,45,W,Y,1266.579,131,66,20,109,39,49,49,7.403,37.196,0.31,0,0.395,374.357,-109.189,-155.078,0.105,-37.565,0,"Kr_Luna",0.016,-17.34,119,"인생최패망자",-20.24,-44.972,120,"_앰프_",-15.676,-57.28,0,"눈꽃",18.424,-44.017,0,"_이누_",9.982,-60.592,0,"AI",40.9,-90.65,0,"AI",0,-109.84,0,"Rite_",-50.101,-95.621,0,1267.445,-8.883,-31.979,1268.653,2,"인생최패망자",-14.341,-38.236,0,0,1274.77,,,1273.257,76,2
46,2,1,1,3,0,0,1,0,0,0,255,255,255,26,1301.534,"Floră",R,4,51,89,2.064,-0.03,0.794,1.753,1.339,1.615,-37.033,56.971,1,0,-178.075,0,2.598,0,0,0,6,0,R,"HANA_ARASHI",190,90,0.25,0,68,W,Y,0,0,0,0,0,0,0,0,0,0,0,0,0,0,0,0,0.161,-37.815,0,"Kr_Luna",0.004,-17.628,0,"인생최패망자",-20.721,-45.754,0,"_앰프_",-17.178,-60.863,0,"눈꽃",16.739,-47.507,0,"_이누_",3.213,-65.317,0,"AI",40.9,-90.65,0,"AI",0,-109.84,0,"Rite_",-50.85,-93.665,0,0,0,0,0,0,"",0,0,0,0,1302.587,,,,0,0
47,2,1,1,3,1,0,1,0,0,0,255,255,255,27,1313.638,"Floră",R,5,72,121,0.627,1.859,0.497,1.692,0.48,2.781,-36.757,15.695,1,0,-135.363,0,13.137,0,0,0,6,0,R,"HANA_ARASHI",190,90,0.25,0,68,W,Y,0,0,0,0,0,0,0,0,0,0,0,0,0,0,0,0,-0.023,-37.812,0,"Kr_Luna",0.023,-17.661,0,"인생최패망자",-20.738,-45.75,0,"_앰프_",-17.192,-60.82,0,"눈꽃",16.804,-48.053,0,"_이누_",6.311,-65.592,0,"AI",40.9,-90.65,0,"AI",0,-109.84,0,"Rite_",-51.375,-94.187,0,0,0,0,0,0,"",0,0,0,0,1314.453,,,,0,0
48,2,1,1,3,2,0,1,0,0,0,255,255,255,28,1326.077,"Floră",R,5,59,97,1.884,1.42,0.604,1.629,1.077,2.533,-36.71,18.091,2,0,-124.301,0,14.145,0,0,1,6,0,R,"HANA_ARASHI",190,90,0.25,3,68,W,Y,1327.301,140,77,94,76,36,142,90,99.446,-48.662,-0.76,0,0.611,-103.522,125.114,-83.726,0.196,-37.705,0,"Kr_Luna",0.127,-17.635,0,"인생최패망자",-20.466,-45.533,0,"_앰프_",-17.601,-60.567,0,"눈꽃",16.811,-48.083,0,"_이누_",6.408,-66.251,0,"AI",40.9,-90.65,0,"AI",0,-109.84,0,"Rite_",-51.609,-94.397,0,1333.42,-17.454,-3.399,0,0,"",0,0,0,0,,,,,64,3
49,2,1,1,3,2,1,1,0,0,0,255,255,255,29,1346.234,"Floră",R,33,78,128,-3.664,-1.589,0.13,1.664,-1.752,0.564,-36.528,7.091,1,0,100.868,-33.785,4.868,0,0,0,6,0,R,"HANA_ARASHI",190,90,0.25,0,68,W,Y,0,0,0,0,0,0,0,0,0,0,0,0,0,0,0,0,0.032,-37.871,0,"Kr_Luna",0.041,-17.37,0,"인생최패망자",-20.561,-45.743,0,"_앰프_",-18.073,-60.086,0,"눈꽃",17.387,-47.177,0,"_이누_",11.001,-67.059,0,"AI",40.9,-90.65,0,"AI",0,-109.84,0,"Rite_",-50.842,-96.44,0,0,0,0,0,0,"",0,0,0,0,1347.078,,,,0,0
50,2,1,1,3,3,1,1,0,0,0,255,255,255,30,1361.095,"Floră",R,0,0,0,0,0,0,0,0,0,0,0,0,0,0,0,0,0,0,0,6,0,R,"HANA_ARASHI",190,90,0.25,0,68,W,Y,0,0,0,0,0,0,0,0,0,0,0,0,0,0,0,0,0,0,0,"",0,0,0,"",0,0,0,"",0,0,0,"",0,0,0,"",0,0,0,"",0,0,0,"",0,0,0,"",0,0,0,0,0,0,0,0,"",0,0,0,0,1362.203,,,,0,0
51,2,1,1,3,3,1,1,0,0,0,255,255,255,31,1367.885,"Floră",R,40,37,86,-0.975,1.754,0.517,1.719,-3.756,2.384,-36.862,18.313,1,0,4.91,-138.587,5.571,-0.501,-9.882,0,6,0,L,"HANA_ARASHI",190,90,0.25,0,68,W,Y,0,0,0,0,0,0,0,0,0,0,0,0,0,0,0,0,0.165,-38.242,0,"Kr_Luna",0.057,-17.457,0,"인생최패망자",-20.031,-42.251,0,"_앰프_",-1.244,-58.406,0,"눈꽃",18.618,-40.335,0,"_이누_",11.948,-61.229,0,"AI",40.9,-90.65,0,"AI",0,-109.84,0,"Rite_",-50.902,-96.457,0,0,0,0,0,0,"",0,0,0,0,1375.712,,,,0,0
52,2,1,1,3,0,0,1,1,0,0,255,255,255,31,1409.757,"Floră",R,5,48,88,0.021,0.349,0.703,1.672,0.287,1.845,-36.921,27.087,0,0,-137.12,0,6.297,0,0,0,7,6,R,"가앤슬_",180,83.179,0.2,0,68,W,Y,0,0,0,0,0,0,0,0,0,0,0,0,0,0,0,0,0.088,-38.007,0,"Kr_Luna",0.033,-17.466,0,"인생최패망자",-20.287,-42.785,0,"_앰프_",-14.451,-59.643,0,"눈꽃",18.334,-46.332,0,"_이누_",4.489,-65.859,0,"AI",40.9,-90.65,0,"AI",0,-109.84,0,"Rite_",-51.169,-97.892,0,0,0,0,0,0,"",0,0,0,0,1410.97,,,,0,0
53,2,1,1,3,0,1,1,1,0,0,255,255,255,32,1426.099,"Floră",R,3,59,92,-0.707,-0.098,0.711,1.764,0.474,1.572,-36.813,28.078,2,0,-338.575,0,10.18,0,0,1,7,6,R,"가앤슬_",180,83.179,0.2,3,68,W,Y,1427.352,255,177,129,118,53,145,124,20.453,7.894,0.25,0,0.583,-159.346,-65.92,283.127,0.004,-37.706,0,"Kr_Luna",0.03,-17.487,0,"인생최패망자",-18.932,-43.71,0,"_앰프_",-17.645,-58.603,0,"눈꽃",17.909,-47.557,0,"_이누_",8.56,-62.479,78,"AI",40.9,-90.65,0,"AI",0,-109.84,0,"Rite_",-51.21,-97.94,0,1431.528,-14.357,-129.136,1433.445,7,"AI",-17.686,-129.533,1,0,,1433.594,1438.623,,80,2
54,2,1,1,3,0,0,1,0,1,1,255,6,0,33,1457.633,"Floră",R,34,68,121,-1.553,-0.334,0.346,1.681,-0.839,1.37,-36.811,21.735,2,0,89.925,-29.518,1.841,0,0,1,0,3,R,"아침땅_",160,94.936,0.502,3,68,W,Y,1458.579,127,60,69,63,34,137,109,28.496,40.581,0.23,0.048,0.269,111.294,289.371,-306.09,0.045,-37.88,0,"Kr_Luna",0.01,-17.545,0,"인생최패망자",-20.018,-44.737,0,"_앰프_",-17.038,-57.825,0,"눈꽃",18.181,-43.193,0,"_이누_",10.106,-65.11,82,"AI",40.9,-90.65,0,"AI",0,-109.84,0,"Rite_",-48.213,-91.521,89,0,0,0,1463.22,8,"Rite_",-63.5,-86.528,0,0,,1466.942,1461.057,1469.266,82,1
55,2,1,2,3,0,0,2,0,1,0,255,6,255,34,1489.07,"Floră",R,4,68,102,0.536,0.77,0.671,1.657,0.731,2.071,-36.87,27.987,2,0,-246.256,0,16.297,0,0,1,1,5,R,"ByeolBam",174.9,90,0.5,3,68,W,Y,1490.139,133,143,61,65,32,137,126,98.273,-72.314,0.49,0,0.2,163.11,80.984,30.599,0.191,-37.618,0,"Kr_Luna",-0.005,-17.383,0,"인생최패망자",-21.134,-45.979,0,"_앰프_",-16.95,-59.307,0,"눈꽃",18.514,-46.48,0,"_이누_",13.672,-64.827,0,"AI",40.9,-90.65,0,"AI",0,-109.84,0,"Rite_",-49.401,-90.572,0,0,0,0,0,0,"",0,0,0,0,,1492.825,,,64,3
56,2,1,2,3,0,1,2,0,1,0,255,6,255,35,1501.489,"Floră",R,34,83,135,-6.958,-2.181,0.061,1.647,-3.126,0.283,-36.606,10.433,1,0,64.63,-42.322,3.066,0,0,0,1,5,R,"ByeolBam",174.9,90,0.5,0,68,W,Y,0,0,0,0,0,0,0,0,0,0,0,0,0,0,0,0,-0.003,-37.68,0,"Kr_Luna",-0.11,-17.278,0,"인생최패망자",-20.659,-45.769,0,"_앰프_",-17.196,-60.654,0,"눈꽃",19.17,-44.143,0,"_이누_",12.274,-64.29,0,"AI",40.9,-90.65,0,"AI",0,-109.84,0,"Rite_",-51.189,-94.288,0,0,0,0,0,0,"",0,0,0,0,1502.278,1504.155,,,0,0
57,2,1,2,3,1,1,2,0,1,0,255,6,255,36,1513.479,"Floră",R,33,73,124,4.025,-0.057,0.488,1.758,1.527,1.522,-36.869,40.288,1,0,127.561,-32.189,-0.223,0,0,0,1,5,R,"ByeolBam",174.9,90,0.5,0,68,W,Y,0,0,0,0,0,0,0,0,0,0,0,0,0,0,0,0,0.152,-37.784,0,"Kr_Luna",0.075,-17.39,0,"인생최패망자",-20.332,-44.72,0,"_앰프_",-17.186,-60.56,0,"눈꽃",18.44,-45.024,0,"_이누_",13.102,-64.917,0,"AI",40.9,-90.65,0,"AI",0,-109.84,0,"Rite_",-51.156,-93.929,0,0,0,0,0,0,"",0,0,0,0,1514.32,,,,0,0
58,2,1,2,3,2,1,2,0,1,0,255,6,255,37,1528.872,"Floră",R,4,56,92,0.575,0.291,0.715,1.596,0.766,1.805,-36.881,27.698,2,0,-223.481,0,12.999,0,0,1,1,5,R,"ByeolBam",174.9,90,0.5,3,68,W,Y,1530.024,160,159,84,45,29,140,126,-29.282,1.798,0.53,0,0.275,-426.256,258.434,-242.222,0.12,-37.677,0,"Kr_Luna",0.058,-17.357,0,"인생최패망자",-20.638,-45.363,0,"_앰프_",-17.157,-60.425,60,"눈꽃",18.784,-45.217,120,"_이누_",13.294,-64.806,0,"AI",40.9,-90.65,0,"AI",0,-109.84,0,"Rite_",-51.484,-93.83,0,1531.437,-2.511,-68.12,1533.253,7,"AI",-3.119,-96.944,1,0,,,1534.917,,97,2
59,2,1,2,3,0,0,2,1,0,1,5,255,6,38,1558.133,"Floră",R,1,27,81,2.91,-2.087,0.415,1.668,0.364,1.806,-37.316,52.19,3,0,-2.45,0.729,0.638,-0.24,-21.649,0,2,1,R,"-라후이-",190,87,0.498,0,68,W,Y,0,0,0,0,0,0,0,0,0,0,0,0,0,0,0,0,-0.07,-37.763,0,"Kr_Luna",-0.396,-18.556,0,"인생최패망자",-19.715,-42.937,0,"_앰프_",-16.625,-60.712,0,"눈꽃",18.267,-42.352,0,"_이누_",9.744,-65.631,0,"AI",40.9,-90.65,0,"AI",0,-109.84,0,"Rite_",-49.963,-94.065,0,0,0,0,0,0,"",0,0,0,0,1562.053,,1612.028,,0,6
60,2,1,2,3,0,0,2,1,1,1,1,5,6,39,1612.288,"인생최패망자",R,33,71,123,2.284,0.119,0.965,1.504,0.767,1.668,-37.123,96.774,1,0,114.219,-14.923,2.52,0,0,0,3,2,R,"ディシジョン",190,93,0.54,0,67,W,Y,0,0,0,0,0,0,0,0,0,0,0,0,0,0,0,0,0.316,-37.317,0,"Kr_Luna",-0.05,-17.556,0,"Floră",-20.711,-48.465,0,"_앰프_",-16.427,-60.191,0,"눈꽃",18.818,-42.615,0,"_이누_",7.719,-62.403,0,"AI",40.9,-90.65,0,"AI",0,-109.84,0,"Rite_",-48.31,-90.181,0,0,0,0,0,0,"",0,0,0,0,1613.245,1614.583,1614.806,,0,0
61,2,1,2,3,1,0,2,1,1,1,1,5,6,40,1626.05,"인생최패망자",R,3,68,97,-0.731,-0.174,0.991,1.445,0.592,1.535,-36.692,58.676,0,0,-433.516,0,4.787,0,0,0,3,2,R,"ディシジョン",190,93,0.54,0,67,W,Y,0,0,0,0,0,0,0,0,0,0,0,0,0,0,0,0,0.316,-37.455,0,"Kr_Luna",0.028,-17.536,0,"Floră",-21.404,-49.023,0,"_앰프_",-16.836,-60.722,0,"눈꽃",19.159,-43.387,0,"_이누_",9.891,-60.916,0,"AI",40.9,-90.65,0,"AI",0,-109.84,0,"Rite_",-52.097,-94.527,0,0,0,0,0,0,"",0,0,0,0,1627.195,1629.819,1628.687,,0,0
62,2,1,2,3,1,1,2,1,1,1,1,5,6,41,1642.697,"인생최패망자",R,32,83,135,-0.71,-0.591,0.665,1.332,-0.628,1.109,-36.371,43.709,0,0,218.452,-155.974,11.599,0,0,1,3,2,R,"ディシジョン",190,93,0.54,0,67,W,Y,0,0,0,0,0,0,0,0,0,0,0,0,0,0,0,0,0.244,-37.594,0,"Kr_Luna",0.055,-17.534,0,"Floră",-21.262,-49.61,0,"_앰프_",-16.745,-60.781,0,"눈꽃",18.788,-42.603,0,"_이누_",12.083,-64.645,0,"AI",40.9,-90.65,0,"AI",0,-109.84,0,"Rite_",-52.13,-94.603,0,0,0,0,0,0,"",0,0,0,0,1643.562,1646.694,1645.504,,0,0
63,2,1,2,3,1,2,2,1,1,1,1,5,6,42,1658.036,"인생최패망자",R,3,57,89,0.005,-0.335,0.82,1.398,1.057,1.439,-37.228,104.077,2,0,-399.036,0,3.846,0,0,1,3,2,R,"ディシジョン",190,93,0.54,3,67,W,Y,1659.272,202,80,90,188,171,145,112,-15,43.568,0.91,0.19,0.774,-77.482,259.807,525.72,0.104,-37.013,0,"Kr_Luna",0.037,-17.529,0,"Floră",-21.582,-49.827,85,"_앰프_",-16.721,-60.687,0,"눈꽃",17.736,-44.182,0,"_이누_",12.08,-64.666,0,"AI",40.9,-90.65,0,"AI",0,-109.84,0,"Rite_",-52.196,-94.729,0,1659.12,-2.807,-23.546,1660.553,2,"Floră",-23.107,-44.584,0,0,,1663.624,1664.253,1664.63,64,2
64,2,0,2,3,0,0,0,0,0,0,255,255,255,20,1692.54,"HANA_ARASHI",R,13,69,109,-0.522,-0.552,0.342,2.253,0.409,1.852,-36.619,44.457,0,0,-344.134,359.707,0,0,0,0,0,3,R,"_앰프_",160,80,0.4,0,67,W,Y,0,0,0,0,0,0,0,0,0,0,0,0,0,0,0,0,-0.131,-37.207,0,"-라후이-",0.007,-17.495,0,"ディシジョン",-22.021,-47.022,0,"아침땅_",-16.056,-62.949,0,"_송글_",22.043,-50.176,0,"ByeolBam",11.125,-63.589,0,"가앤슬_",44.017,-96.696,0,"AI",0,-109.84,0,"ddil_ddil69",-45.583,-90.425,0,0,0,0,0,0,"",0,0,0,0,1693.962,,,,0,0
65,2,0,2,3,0,1,0,0,0,0,255,255,255,21,1705.461,"HANA_ARASHI",R,26,85,137,-1.132,-0.224,0.146,2.101,-0.504,1.267,-36.444,33.235,2,0,4.172,-173.654,0,0,0,1,0,3,R,"_앰프_",160,80,0.4,3,67,W,Y,1706.476,255,80,70,76,27,144,119,26.31,-25.894,0.55,0,0.265,205.206,123.602,326.936,-0.113,-36.894,0,"-라후이-",0.011,-17.95,0,"ディシジョン",-22.118,-47.189,0,"아침땅_",-16.309,-62.748,79,"_송글_",22.148,-50.357,0,"ByeolBam",10.975,-63.463,0,"가앤슬_",44.058,-96.786,91,"AI",0,-109.84,0,"ddil_ddil69",-45.627,-90.469,0,1711.228,43.043,-118.811,1712.87,6,"가앤슬_",41.633,-117.793,1,0,,1716.018,,,193,2
66,2,0,2,3,0,0,0,0,1,0,255,13,255,22,1736.208,"HANA_ARASHI",R,26,72,124,1.09,1.723,0.329,2.399,0.344,2.349,-36.839,61.673,2,0,72.426,-200,0,0,0,1,1,8,R,"Rite_",175,80,0.453,3,67,W,Y,1737.519,149,77,58,71,34,137,112,114.645,19.122,0.78,0,0.348,130.192,-57.474,-442.625,-0.148,-37.032,0,"-라후이-",0.029,-17.796,0,"ディシジョン",-21.891,-46.632,0,"아침땅_",-15.959,-62.993,0,"_송글_",23.037,-47.678,0,"ByeolBam",9.025,-62.643,0,"가앤슬_",44.282,-103.654,0,"AI",0,-109.84,0,"ddil_ddil69",-46.653,-89.308,0,0,0,0,0,0,"",0,0,0,0,,1740.738,,,64,3
67,2,0,2,3,0,1,0,0,1,0,255,13,255,23,1757.213,"HANA_ARASHI",R,10,71,113,0.37,0.671,0.287,2.45,0.153,2.53,-36.828,66.571,0,0,0,400,0,0,0,0,1,8,R,"Rite_",175,80,0.453,0,67,W,Y,0,0,0,0,0,0,0,0,0,0,0,0,0,0,0,0,0.01,-37.106,0,"-라후이-",0.046,-17.815,0,"ディシジョン",-22.069,-46.505,0,"아침땅_",-16.626,-62.632,0,"_송글_",22.873,-47.934,0,"ByeolBam",7.307,-60.908,0,"가앤슬_",45.655,-105.301,0,"AI",0,-109.84,0,"ddil_ddil69",-45.952,-89.659,0,0,0,0,0,0,"",0,0,0,0,1758.52,1760.305,,,0,0
68,2,0,2,3,0,2,0,0,1,0,255,13,255,24,1770.618,"HANA_ARASHI",R,26,78,128,0.164,1.555,0.261,2.375,0.031,2.264,-36.676,54.41,2,0,21.421,-200,0,0,0,1,1,8,R,"Rite_",175,80,0.453,3,67,W,Y,1771.561,193,120,111,57,26,145,103,-5.02,48.886,0.94,0,0.47,-203.123,486.782,-193.029,-0.128,-36.949,0,"-라후이-",0.113,-17.861,0,"ディシジョン",-22.333,-46.828,0,"아침땅_",-16.606,-62.602,0,"_송글_",22.638,-48.369,0,"ByeolBam",8.756,-60.83,0,"가앤슬_",45.551,-102.963,0,"AI",0,-109.84,0,"ddil_ddil69",-46.298,-89.444,0,1771.645,-10.097,-27.478,0,0,"",0,0,0,0,,1776.773,,,64,3
69,2,0,2,3,0,2,0,0,1,0,255,13,255,25,1791.711,"HANA_ARASHI",R,10,85,127,-2.294,-2.732,0.136,1.951,-1.001,-0.252,-36.344,19.114,2,0,0,400,0,-0.354,-22.41,1,1,8,R,"Rite_",175,80,0.453,3,67,W,Y,1792.664,255,121,144,95,81,145,88,25.51,-58.346,0.97,0,0.423,103.7,-350.453,18.306,-0.107,-37.082,0,"-라후이-",-0.002,-17.59,0,"ディシジョン",-22.658,-47.298,0,"아침땅_",-16.331,-62.748,0,"_송글_",21.505,-47.25,0,"ByeolBam",10.727,-60.778,0,"가앤슬_",41.51,-99.848,0,"AI",0,-109.84,0,"ddil_ddil69",-42.428,-94.15,0,1795.312,41.311,-44.68,0,0,"",0,0,0,0,,1798.967,,,64,3
70,2,0,2,3,0,2,0,0,1,0,255,13,255,26,1814.224,"HANA_ARASHI",R,26,96,140,-5.34,-2.732,-0.012,1.932,-2.319,-0.44,-36.376,11.107,1,0,-4.239,-200,0,-0.927,-21.394,0,1,8,R,"Rite_",175,80,0.453,0,67,W,Y,0,0,0,0,0,0,0,0,0,0,0,0,0,0,0,0,-0.175,-36.348,0,"-라후이-",-0.634,-18.245,0,"ディシジョン",-22.677,-47.217,0,"아침땅_",-16.362,-62.599,0,"_송글_",22.459,-48.81,0,"ByeolBam",6.557,-59.891,0,"가앤슬_",43.287,-98.376,0,"AI",0,-109.84,0,"ddil_ddil69",-41.368,-93.499,0,0,0,0,0,0,"",0,0,0,0,1815.42,1817.053,,,0,0
71,2,0,2,3,1,2,0,0,1,0,255,13,255,27,1834.108,"HANA_ARASHI",R,0,53,109,0.165,-2.732,0.262,1.949,0.066,-0.289,-36.421,19.856,2,0,-1.118,-7.444,0,0.044,-21.368,1,1,8,R,"Rite_",175,80,0.453,3,67,W,Y,1835.07,255,154,91,130,108,145,127,-30,7.845,0.31,0,0.396,-121.52,-234.108,-42.124,0.082,-37.042,120,"-라후이-",0.074,-17.747,0,"ディシジョン",-22.632,-47.212,0,"아침땅_",-16.453,-62.55,0,"_송글_",21.385,-47.283,0,"ByeolBam",12.217,-62.597,79,"가앤슬_",43.522,-98.416,0,"AI",0,-109.84,0,"ddil_ddil69",-41.409,-93.419,0,0,0,0,1835.687,0,"HANA_ARASHI",0.004,-35.683,0,0,,1839.092,,,66,1
72,2,0,2,3,0,0,1,0,1,0,255,13,255,28,1863.482,"HANA_ARASHI",R,10,78,118,0.173,-0.581,0.269,2.258,0.068,1.681,-36.529,41.877,0,0,0,400,0,0,0,0,2,0,R,"인생최패망자",190,80,0.299,0,67,W,Y,0,0,0,0,0,0,0,0,0,0,0,0,0,0,0,0,-0.032,-37.14,0,"-라후이-",0.025,-17.535,0,"ディシジョン",-22.631,-46.945,0,"아침땅_",-16.518,-62.507,0,"_송글_",22.183,-49.215,0,"ByeolBam",9.656,-62.805,0,"가앤슬_",39.884,-98.311,0,"AI",0,-109.84,0,"ddil_ddil69",-42.026,-94.272,0,0,0,0,0,0,"",0,0,0,0,1864.653,1866.457,,,0,0
73,2,0,2,3,0,1,1,0,1,0,255,13,255,29,1875.319,"HANA_ARASHI",R,26,56,112,2.285,1.504,0.434,2.453,0.834,2.311,-36.94,70.217,1,0,77.133,-200,0,0,0,0,2,0,R,"인생최패망자",190,80,0.299,0,67,W,Y,0,0,0,0,0,0,0,0,0,0,0,0,0,0,0,0,0.205,-37.206,0,"-라후이-",-0.011,-17.752,0,"ディシジョン",-22.78,-47.054,0,"아침땅_",-16.6,-62.47,0,"_송글_",22.749,-47.474,0,"ByeolBam",7.923,-63.532,0,"가앤슬_",39.964,-98.419,0,"AI",0,-109.84,0,"ddil_ddil69",-42.111,-94.164,0,0,0,0,0,0,"",0,0,0,0,1876.578,1878.168,,,0,0
74,2,0,2,3,1,1,1,0,1,0,255,13,255,30,1891.543,"HANA_ARASHI",R,26,82,133,0.666,0.535,0.32,2.276,0.304,1.737,-36.53,39.126,2,0,-16.923,-200,0,0,0,1,2,0,R,"인생최패망자",190,80,0.299,3,67,W,Y,1892.489,186,132,167,116,16,145,95,36.569,28.486,-0.57,0,0.419,116.364,-47.155,17.746,0.073,-37.051,0,"-라후이-",0.063,-17.934,0,"ディシジョン",-22.718,-47.003,0,"아침땅_",-16.459,-62.543,0,"_송글_",22.466,-47.861,0,"ByeolBam",10.887,-62.556,0,"가앤슬_",44.214,-102.713,0,"AI",0,-109.84,0,"ddil_ddil69",-42.143,-94.127,91,1897.045,-36.283,-87.183,1897.462,8,"ddil_ddil69",-35.344,-85.371,0,0,,1896.533,,,80,1
75,2,0,2,3,0,0,2,0,1,0,255,13,255,31,1921.556,"HANA_ARASHI",R,26,86,139,-0.679,0.478,0.181,2.268,-0.34,1.713,-36.523,38.717,2,0,28.413,-200,0,0,0,0,3,1,L,"Kr_Luna",190,95.297,0.498,3,67,W,Y,1922.333,171,86,95,63,27,145,130,-30,17.07,0.39,0,0.065,116.364,-47.155,17.746,-0.209,-36.917,0,"-라후이-",-0.033,-17.302,0,"ディシジョン",-20.633,-45.882,0,"아침땅_",-6.417,-67.048,95,"_송글_",23.418,-48.16,0,"ByeolBam",14.607,-63.058,0,"가앤슬_",34.487,-88.343,0,"AI",0,-109.84,0,"ddil_ddil69",-43.491,-92.23,0,0,0,0,1923.878,3,"아침땅_",-11.388,-59.153,0,0,,,,,77,1
76,3,1,2,3,0,0,0,0,0,0,255,255,255,43,2004.397,"인생최패망자",R,3,64,94,-0.618,-0.323,1.017,1.417,0.672,1.46,-36.77,69.935,0,0,-419.607,0,11.088,0,0,0,4,8,R,"ddil_ddil69",170.2,80,0.353,0,67,W,Y,0,0,0,0,0,0,0,0,0,0,0,0,0,0,0,0,0.104,-37.651,0,"Kr_Luna",0.001,-17.574,0,"Floră",-20.722,-48.141,0,"_앰프_",-15.052,-60.873,0,"눈꽃",19.244,-46.331,0,"_이누_",10.123,-62.382,0,"AI",40.9,-90.65,0,"AI",0,-109.84,0,"Rite_",-47.841,-93.437,0,0,0,0,0,0,"",0,0,0,0,2005.678,,,,0,0
77,3,1,2,3,0,1,0,0,0,0,255,255,255,44,2019.357,"인생최패망자",R,32,89,140,-0.598,-0.801,0.682,1.329,-0.547,1.043,-36.428,45.315,0,0,202.26,-120.984,5.659,0,0,0,4,8,R,"ddil_ddil69",170.2,80,0.353,0,67,W,Y,0,0,0,0,0,0,0,0,0,0,0,0,0,0,0,0,0.224,-37.62,0,"Kr_Luna",0.017,-17.646,0,"Floră",-20.78,-48.158,0,"_앰프_",-16.104,-61.272,0,"눈꽃",19.39,-46.699,0,"_이누_",9.884,-63.048,0,"AI",40.9,-90.65,0,"AI",0,-109.84,0,"Rite_",-47.806,-93.419,0,0,0,0,0,0,"",0,0,0,0,2020.362,,,,0,0
78,3,1,2,3,0,2,0,0,0,0,255,255,255,45,2031.489,"인생최패망자",R,3,76,104,-3.772,-1.24,0.738,1.201,-0.814,0.939,-36.626,62.013,4,0,-418.597,0,3.901,0,0,1,4,8,R,"ddil_ddil69",170.2,80,0.353,0,67,W,Y,0,0,0,0,0,0,0,0,0,0,0,0,0,0,0,0,0.238,-37.624,0,"Kr_Luna",0.065,-17.674,0,"Floră",-21.439,-45.825,0,"_앰프_",-16.27,-61.314,0,"눈꽃",19.383,-46.706,0,"_이누_",9.497,-63.651,0,"AI",40.9,-90.65,0,"AI",0,-109.84,0,"Rite_",-48.113,-93.435,0,0,0,0,0,0,"",0,0,0,16,2032.645,,,,0,0
79,3,1,2,3,0,0,1,0,0,0,255,255,255,46,2050.236,"인생최패망자",R,3,72,102,-1.804,-0.584,0.774,1.322,-0.081,1.274,-36.805,77.707,2,0,-348.586,0,4.736,0,0,1,5,4,R,"_송글_",190,91.844,0.315,3,67,W,Y,2051.343,255,155,131,157,78,145,87,-30,61.682,1,0,0.741,112.953,-411.349,-345.204,0.043,-36.877,0,"Kr_Luna",-0.006,-17.389,0,"Floră",-20.934,-48.209,0,"_앰프_",-16.721,-61.188,0,"눈꽃",18.757,-47.379,0,"_이누_",9.489,-65.461,0,"AI",40.9,-90.65,0,"AI",0,-109.84,0,"Rite_",-48.168,-93.57,0,2052.104,-22.071,-33.437,0,0,"",0,0,0,0,,,,,4,3
80,3,1,2,3,0,1,1,0,0,0,255,255,255,47,2068.904,"인생최패망자",R,32,82,134,-2.673,-2.529,0.867,1.383,0.313,1.282,-36.749,70.748,2,0,164.455,-74.181,-0.243,0,0,1,5,4,R,"_송글_",190,91.844,0.315,3,44,W,Y,2069.882,140,56,59,55,22,137,86,10.802,-5.935,-0.76,0,0.503,312.401,-341.251,-21.598,0.268,-36.986,0,"Kr_Luna",0.042,-17.387,0,"Floră",-20.735,-47.75,0,"_앰프_",-17.217,-60.865,0,"눈꽃",17.547,-48.912,0,"_이누_",9.803,-66.48,84,"TaeGeuk_",41.036,-101.792,0,"AI",0,-109.84,0,"Rite_",-51.481,-93.1,0,0,0,0,2071.837,5,"_이누_",6.102,-61.719,0,0,,,,,20,1
81,3,1,2,3,0,0,2,0,0,0,255,255,255,48,2091.016,"인생최패망자",R,3,74,102,0.014,-0.113,1.088,1.457,0.893,1.567,-36.741,69.058,0,0,-443.515,0,13.798,0,0,0,6,0,R,"HANA_ARASHI",190,90,0.25,0,67,W,Y,0,0,0,0,0,0,0,0,0,0,0,0,0,0,0,0,0.136,-37.763,0,"Kr_Luna",0.02,-17.532,0,"Floră",-20.438,-47.805,0,"_앰프_",-17.806,-62.029,0,"눈꽃",19.542,-47.995,0,"_이누_",8.946,-65.53,0,"TaeGeuk_",29.55,-96.373,0,"AI",0,-109.84,0,"Rite_",-53.782,-95.284,0,0,0,0,0,0,"",0,0,0,0,2091.97,,,,0,0
82,3,1,2,3,0,1,2,0,0,0,255,255,255,49,2103.981,"인생최패망자",R,3,77,103,-2.795,-1.125,0.884,1.288,-0.36,1.201,-36.764,72.232,1,0,-424.599,183.019,4.04,0,0,0,6,0,R,"HANA_ARASHI",190,90,0.25,0,67,W,Y,0,0,0,0,0,0,0,0,0,0,0,0,0,0,0,0,0.27,-37.597,0,"Kr_Luna",0.072,-17.559,0,"Floră",-20.199,-47.268,0,"_앰프_",-18.066,-61.93,0,"눈꽃",19.547,-48.037,0,"_이누_",8.664,-66.299,0,"TaeGeuk_",29.05,-96.643,0,"AI",0,-109.84,0,"Rite_",-53.451,-96.785,0,0,0,0,0,0,"",0,0,0,0,2104.937,,,,0,0
83,3,1,2,3,1,1,2,0,0,0,255,255,255,50,2117.677,"인생최패망자",R,32,93,140,-2.656,-0.457,0.704,1.362,-1.378,1.216,-36.336,37.508,4,0,151.978,-137.504,8.448,0,0,1,6,0,R,"HANA_ARASHI",190,90,0.25,0,67,W,Y,0,0,0,0,0,0,0,0,0,0,0,0,0,0,0,0,0.169,-37.5,0,"Kr_Luna",0.066,-17.561,0,"Floră",-20.852,-45.844,0,"_앰프_",-18.022,-61.922,0,"눈꽃",19.445,-47.914,0,"_이누_",9.665,-66.069,0,"TaeGeuk_",33.987,-99.914,0,"AI",0,-109.84,0,"Rite_",-53.658,-96.959,0,0,0,0,0,0,"",0,0,0,0,2118.412,,,,0,0
84,3,1,2,3,1,2,2,0,0,0,255,255,255,51,2130.626,"인생최패망자",R,33,83,135,0.204,0.468,0.779,1.549,-0.096,1.821,-36.445,43.361,2,0,114.133,-98.997,8.171,0,0,1,6,0,R,"HANA_ARASHI",190,90,0.25,3,67,W,Y,2131.594,112,70,104,56,45,137,102,-13.542,40.735,0.04,0,0.559,-199.29,520.237,-217.356,0.125,-36.792,0,"Kr_Luna",0.029,-17.547,0,"Floră",-20.257,-47.742,0,"_앰프_",-17.821,-61.906,0,"눈꽃",19.421,-47.898,0,"_이누_",9.359,-65.958,0,"TaeGeuk_",34.364,-100.549,0,"AI",0,-109.84,0,"Rite_",-53.491,-97.327,0,2131.395,-3.774,-23.571,2132.862,2,"Floră",-19.452,-43.634,0,0,,,,,64,2
85,3,0,2,3,0,0,0,0,0,0,255,255,255,32,2179.085,"HANA_ARASHI",R,26,77,128,0.936,1.765,0.315,2.26,0.28,2.393,-36.655,51.465,2,0,76.249,-200,0,0,0,1,4,5,R,"_이누_",175,89.841,0.451,3,67,W,Y,2180.196,255,156,138,68,10,145,86,106.481,15.921,-0.77,0,0.192,160.942,-28.11,63.885,-0.075,-37.044,0,"-라후이-",0.075,-17.88,0,"ディシジョン",-22.174,-47.319,0,"아침땅_",-16.192,-62.853,0,"_송글_",21.393,-49.336,0,"ByeolBam",11.816,-64.443,0,"가앤슬_",45.678,-99.947,0,"AI",0,-109.845,0,"ddil_ddil69",-41.418,-93.441,0,0,0,0,0,0,"",0,0,0,0,,,,,64,3
86,3,0,2,3,0,1,0,0,0,0,255,255,255,33,2196.366,"HANA_ARASHI",R,10,75,116,0.994,0.118,0.346,2.4,0.423,2.18,-36.716,54.244,0,0,0,400,0,0,0,0,4,5,R,"_이누_",175,89.841,0.451,0,63,W,Y,0,0,0,0,0,0,0,0,0,0,0,0,0,0,0,0,0.137,-37.258,0,"-라후이-",-0.012,-17.614,0,"ディシジョン",-22.4,-47.143,0,"아침땅_",-16.302,-62.68,0,"_송글_",20.557,-47.344,0,"ByeolBam",11.818,-64.554,0,"가앤슬_",45.751,-98.487,0,"AI",0,-109.843,0,"ddil_ddil69",-41.522,-93.391,0,0,0,0,0,0,"",0,0,0,0,2197.712,,,,0,0
87,3,0,2,3,0,2,0,0,0,0,255,255,255,34,2212.093,"HANA_ARASHI",R,26,85,138,-2.082,0.23,0.057,2.213,-0.918,1.523,-36.474,32.132,4,0,6.615,-196.477,0,0,0,1,4,5,R,"_이누_",175,89.841,0.451,0,63,W,Y,0,0,0,0,0,0,0,0,0,0,0,0,0,0,0,0,0.06,-37.34,0,"-라후이-",-0.55,-17.565,0,"ディシジョン",-22.419,-47.148,0,"아침땅_",-17.217,-61.794,0,"_송글_",21.143,-47.076,0,"ByeolBam",11.923,-64.609,0,"가앤슬_",45.101,-97.213,0,"AI",0,-109.843,0,"ddil_ddil69",-41.52,-93.465,0,0,0,0,0,0,"",0,0,0,0,2213.32,,,,0,0
88,3,0,2,3,0,0,1,0,0,0,255,255,255,35,2232.467,"HANA_ARASHI",R,14,90,126,-0.178,-0.627,0.124,2.226,-0.608,1.576,-36.482,34.779,2,0,344.315,362.557,0,0,0,1,5,4,L,"눈꽃",190,90,0.6,3,79,W,Y,2233.45,230,75,74,85,46,145,130,26.876,-35.667,0.62,0,0.337,144.815,-350.617,11.829,-0.03,-36.978,0,"-라후이-",-0.083,-17.591,0,"ディシジョン",-21.891,-46.535,0,"아침땅_",-12.255,-65.116,0,"_송글_",22.706,-47.693,0,"ByeolBam",12.014,-63.727,0,"가앤슬_",51.037,-106.809,0,"AI",0,-109.844,0,"ddil_ddil69",-41.552,-93.523,0,2238.037,75.144,-107.665,0,0,"",0,0,0,0,,2243.47,2248.693,,64,4
89,3,0,2,4,0,0,1,0,0,0,255,255,255,36,2273.47,"HANA_ARASHI",R,26,90,140,-0.252,0.684,0.23,2.268,-0.114,1.843,-36.525,36.853,0,0,-2.484,-200,0,0,0,0,6,2,R,"Floră",190,85,0.403,0,67,W,Y,0,0,0,0,0,0,0,0,0,0,0,0,0,0,0,0,-0.024,-37.61,0,"-라후이-",0.035,-17.632,0,"ディシジョン",-21.715,-46.227,0,"아침땅_",-16.049,-62.802,0,"_송글_",21.916,-48.019,0,"ByeolBam",13.059,-63.687,0,"가앤슬_",43.257,-104.196,0,"AI",0,-109.842,0,"ddil_ddil69",-41.507,-93.18,0,0,0,0,0,0,"",0,0,0,0,2275.22,,,,0,0
90,3,0,2,4,0,1,1,0,0,0,255,255,255,37,2288.699,"HANA_ARASHI",R,26,80,130,0.969,1.107,0.34,2.345,0.396,2.091,-36.641,47.414,2,0,9.881,-200,0,0,0,1,6,2,R,"Floră",190,85,0.403,3,67,W,Y,2289.748,149,114,145,84,59,145,107,-3.967,24.451,0.01,0,0.672,-39.07,583.182,-12.658,0.051,-37.003,0,"-라후이-",0.04,-17.554,0,"ディシジョン",-21.626,-46.133,85,"아침땅_",-16.354,-62.509,81,"_송글_",22.096,-48.571,0,"ByeolBam",12.265,-63.932,0,"가앤슬_",40.067,-101.658,0,"AI",0,-109.845,0,"ddil_ddil69",-41.445,-93.3,0,2289.77,-5.697,-31.392,2291.47,3,"아침땅_",-17.802,-56.625,0,0,,,,,73,2
91,3,0,2,4,0,0,2,0,0,0,255,255,255,38,2317.829,"HANA_ARASHI",R,0,22,86,-0.442,-2.504,0.212,1.795,-0.199,0.189,-37.747,154.79,4,0,0,0,0,-0.089,-19.998,1,7,6,R,"TaeGeuk_",174.2,85.656,0.644,0,67,W,Y,0,0,0,0,0,0,0,0,0,0,0,0,0,0,0,0,-0.025,-37.438,0,"-라후이-",-0.056,-17.684,0,"ディシジョン",-21.72,-46.426,0,"아침땅_",-16.415,-62.952,0,"_송글_",22.085,-48.695,0,"ByeolBam",11.922,-64.51,0,"가앤슬_",39.629,-96.378,0,"AI",0,-109.842,0,"ddil_ddil69",-41.181,-92.962,0,0,0,0,0,0,"",0,0,0,0,2319.162,,,,0,0
92,3,0,2,4,0,1,2,0,0,0,255,255,255,39,2331.826,"HANA_ARASHI",R,26,81,132,0.139,1.207,0.248,2.327,-0.029,2.065,-36.686,53.761,1,0,58.152,-200,0,0,0,0,7,6,R,"TaeGeuk_",174.2,85.656,0.644,0,67,W,Y,0,0,0,0,0,0,0,0,0,0,0,0,0,0,0,0,0.025,-37.316,0,"-라후이-",0.024,-17.456,0,"ディシジョン",-21.705,-46.415,0,"아침땅_",-16.544,-62.685,0,"_송글_",22.045,-48.666,0,"ByeolBam",8.887,-64.985,0,"가앤슬_",42.796,-100.211,0,"AI",0,-109.843,0,"ddil_ddil69",-41.125,-93.007,0,0,0,0,0,0,"",0,0,0,0,2332.979,,,,0,0
93,3,0,2,4,1,1,2,0,0,0,255,255,255,40,2377.04,"HANA_ARASHI",R,26,79,129,1.359,1.386,0.357,2.377,0.477,2.161,-36.731,52.355,1,0,67.722,-200,0,0,0,0,7,6,R,"TaeGeuk_",174.2,85.656,0.644,0,67,W,Y,0,0,0,0,0,0,0,0,0,0,0,0,0,0,0,0,0.051,-37.13,0,"-라후이-",0.268,-16.496,0,"ディシジョン",-22.508,-47.338,0,"아침땅_",-16.615,-62.617,0,"_송글_",22.341,-48.977,0,"ByeolBam",13.76,-63.544,0,"가앤슬_",42.786,-100.23,0,"AI",0,-109.842,0,"ddil_ddil69",-41.798,-94.025,0,0,0,0,0,0,"",0,0,0,0,2378.17,,,,0,0
94,3,0,2,4,2,1,2,0,0,0,255,255,255,41,2393.821,"HANA_ARASHI",R,0,50,107,-1.822,-2.743,0.167,1.918,-0.799,-0.327,-36.356,17.005,1,0,0,0,0,-1.442,-18.929,0,7,6,R,"TaeGeuk_",174.2,85.656,0.644,0,67,W,Y,0,0,0,0,0,0,0,0,0,0,0,0,0,0,0,0,0.034,-37.382,0,"-라후이-",0.063,-17.442,0,"ディシジョン",-22.599,-47.418,0,"아침땅_",-16.492,-62.692,0,"_송글_",22.422,-49.312,0,"ByeolBam",12.499,-63.988,0,"가앤슬_",44.067,-104.567,0,"AI",0,-109.84,0,"ddil_ddil69",-41.821,-94.007,0,0,0,0,0,0,"",0,0,0,0,2397.52,,,,0,0
95,3,0,2,4,3,1,2,0,0,0,255,255,255,42,2415.202,"HANA_ARASHI",R,26,86,139,-1.146,0.903,0.129,2.275,-0.582,1.905,-36.608,38.978,0,0,56.627,-200,0,0,0,0,7,6,R,"TaeGeuk_",174.2,85.656,0.644,0,67,W,Y,0,0,0,0,0,0,0,0,0,0,0,0,0,0,0,0,0.044,-37.148,0,"-라후이-",-0.075,-17.591,0,"ディシジョン",-22.702,-47.346,0,"아침땅_",-16.412,-62.818,0,"_송글_",22.434,-49.384,0,"ByeolBam",12.56,-63.96,0,"가앤슬_",43.9,-106.133,0,"AI",0,-109.84,0,"ddil_ddil69",-41.765,-94.063,0,0,0,0,0,0,"",0,0,0,0,2416.295,,,,0,0
96,3,0,2,4,3,2,2,0,0,0,255,255,255,43,2428.235,"HANA_ARASHI",R,10,72,114,-0.225,-0.754,0.232,2.26,-0.104,1.692,-36.629,42.357,2,0,0,400,0,0,0,1,7,6,R,"TaeGeuk_",174.2,85.656,0.644,3,67,W,Y,2429.232,117,175,118,129,96,137,96,-13.772,14.013,0.01,0,0.182,-400.655,411.354,-170.483,-0.13,-37.003,0,"-라후이-",0.012,-17.544,0,"ディシジョン",-22.641,-47.327,0,"아침땅_",-16.519,-62.727,95,"_송글_",22.437,-49.378,0,"ByeolBam",12.105,-65.514,0,"가앤슬_",43.544,-104.084,0,"AI",0,-109.84,0,"ddil_ddil69",-41.757,-94.015,0,2429.645,-5.098,-39.123,2431.162,3,"아침땅_",-10.628,-60.109,0,0,,,,,77,2
97,4,1,2,4,0,0,0,0,0,0,255,255,255,52,2467.297,"인생최패망자",R,33,90,140,0.181,0.757,0.777,1.593,-0.107,1.979,-36.51,47.312,0,0,121.676,-89.932,6.83,0,0,1,7,6,R,"가앤슬_",180,83.179,0.2,0,67,W,Y,0,0,0,0,0,0,0,0,0,0,0,0,0,0,0,0,0.307,-37.4,0,"Kr_Luna",0.036,-17.461,0,"Floră",-20.826,-48.484,0,"_앰프_",-16.666,-61.569,0,"눈꽃",18.942,-46.796,0,"_이누_",12.058,-63.2,0,"TaeGeuk_",45.009,-98.115,0,"AI",0,-109.84,0,"Rite_",-42.378,-87.948,0,0,0,0,0,0,"",0,0,0,0,2468.178,,,,0,0
98,4,1,2,4,0,1,0,0,0,0,255,255,255,53,2481.523,"인생최패망자",R,3,88,111,-3.867,-1.494,0.527,1.163,-0.846,0.89,-36.464,45.714,1,0,-474.038,110.644,7.159,0,0,0,7,6,R,"가앤슬_",180,83.179,0.2,0,67,W,Y,0,0,0,0,0,0,0,0,0,0,0,0,0,0,0,0,0.274,-37.504,0,"Kr_Luna",0.019,-17.524,0,"Floră",-21.2,-48.319,0,"_앰프_",-16.918,-61.502,0,"눈꽃",18.946,-46.88,0,"_이누_",11.574,-61.567,0,"TaeGeuk_",45.734,-104.559,0,"AI",0,-109.84,0,"Rite_",-41.811,-88.032,0,0,0,0,0,0,"",0,0,0,0,2482.495,,,,0,0
99,4,1,2,4,1,1,0,0,0,0,255,255,255,54,2493.4,"인생최패망자",R,3,66,97,-0.274,-0.092,1.19,1.474,0.691,1.585,-36.79,71.089,2,0,-369.839,0,14.667,0,0,1,7,6,R,"가앤슬_",180,83.179,0.2,3,67,W,Y,2494.62,234,119,150,87,65,145,92,21.089,4.873,0.96,0,0.461,431.382,138.977,313.788,0.349,-37.139,0,"Kr_Luna",0.009,-17.523,0,"Floră",-21.4,-48.566,0,"_앰프_",-17.368,-61.486,0,"눈꽃",18.788,-46.942,0,"_이누_",12.007,-61.28,0,"TaeGeuk_",45.772,-104.699,0,"AI",0,-109.84,0,"Rite_",-42.026,-88.334,0,2498.962,-9.91,-100.461,2503.962,0,"인생최패망자",0.024,-38.574,0,0,,,,,4,1
100,4,1,2,4,0,0,1,0,0,0,255,255,255,55,2517.335,"인생최패망자",R,32,90,140,0.061,-0.471,0.737,1.392,-0.294,1.249,-36.452,42.867,2,0,226.234,-101.887,8.272,0,0,1,0,3,R,"아침땅_",160,94.936,0.502,3,67,W,Y,2518.272,105,68,76,70,19,135,122,-28.507,40.599,0.37,0,0.292,-295.448,413.19,-267.118,0.222,-36.85,120,"Kr_Luna",0.088,-17.654,0,"Floră",-20.372,-47.858,86,"_앰프_",-17.135,-60.708,0,"눈꽃",18.781,-47.562,0,"_이누_",10.933,-65.32,0,"TaeGeuk_",37.721,-103.223,0,"AI",0,-109.84,0,"Rite_",-47.774,-95.499,0,0,0,0,2519.32,2,"Floră",-21.502,-43.008,0,0,,,,,68,1
101,4,1,2,4,0,0,2,0,0,0,255,255,255,56,2552.702,"인생최패망자",R,3,80,107,2.028,-0.423,1.11,1.584,0.963,1.856,-36.684,56.812,2,0,-430.623,0,9.477,0,0,1,1,5,R,"ByeolBam",174.9,90,0.5,3,67,W,Y,2553.787,211,111,109,84,51,145,126,27.813,19.94,0.43,0,0.175,331.577,353.248,-8.446,0.647,-37.151,0,"Kr_Luna",0.018,-17.409,0,"Floră",-20.761,-48.13,0,"_앰프_",-17.068,-60.59,0,"눈꽃",18.418,-48.433,0,"_이누_",8.413,-66.721,0,"TaeGeuk_",39.892,-106.168,0,"AI",0,-109.84,0,"Rite_",-50.756,-92.099,0,2561.253,-55.931,-138.139,0,0,"",0,0,0,0,,2564.115,2569.192,,4,4
102,4,1,3,4,0,0,2,0,0,0,255,255,255,57,2589.851,"인생최패망자",R,33,88,140,0.433,0.5,0.794,1.562,-0.026,1.863,-36.484,50.319,0,0,147.183,-77.829,4.16,0,0,0,2,1,R,"-라후이-",190,87,0.498,0,67,W,Y,0,0,0,0,0,0,0,0,0,0,0,0,0,0,0,0,0.139,-37.233,0,"Kr_Luna",0.013,-17.414,0,"Floră",-20.341,-47.329,0,"_앰프_",-17.97,-61.38,0,"눈꽃",18.901,-46.833,0,"_이누_",9.744,-63.066,0,"TaeGeuk_",37.477,-110.419,0,"AI",0,-109.84,0,"Rite_",-50.486,-97.828,0,0,0,0,0,0,"",0,0,0,0,2590.587,,,,0,0
103,4,1,3,4,0,1,2,0,0,0,255,255,255,58,2600.892,"인생최패망자",R,3,85,124,-2.98,-0.951,0.664,1.385,-0.631,1.288,-36.51,49.406,2,0,-435.242,246.099,8.162,0,0,0,2,1,R,"-라후이-",190,87,0.498,3,67,W,Y,2601.737,208,109,61,78,43,138,107,-15.012,7.409,0.92,0,0.255,-133.073,33.363,-45.155,0.216,-37.16,0,"Kr_Luna",-0.091,-17.437,0,"Floră",-20.49,-47.534,85,"_앰프_",-17.56,-60.375,0,"눈꽃",18.954,-47.232,0,"_이누_",8.407,-64.907,0,"TaeGeuk_",39.724,-109.102,0,"AI",0,-109.84,0,"Rite_",-51.244,-98.786,0,2602.387,-4.099,-46.557,2605.695,7,"AI",-9.421,-97.387,1,0,,,,,68,2
104,4,1,3,4,0,0,2,1,0,0,1,255,255,59,2626.378,"인생최패망자",R,32,87,140,-0.362,-0.354,0.693,1.396,-0.499,1.326,-36.405,44.042,2,0,250,-80.299,11.791,0,0,0,3,2,R,"ディシジョン",190,93,0.54,3,67,W,Y,2627.504,159,67,193,12,36,145,116,-15.077,31.822,0.88,0.095,0.316,56.296,332.462,-7.131,0.216,-36.96,0,"Kr_Luna",0.026,-17.412,0,"Floră",-21.067,-48.556,0,"_앰프_",-14.009,-60.129,0,"눈꽃",18.055,-46.87,0,"_이누_",12.109,-64.766,0,"TaeGeuk_",32.123,-111.262,0,"AI",0,-109.84,0,"Rite_",-49.768,-91.776,0,2628.187,-16.799,-41.48,2628.803,2,"Floră",-19.074,-44.787,0,4,,,,,68,2
105,4,0,3,4,0,0,0,0,0,0,255,255,255,44,2672.181,"HANA_ARASHI",R,26,89,140,0.078,0.744,0.253,2.292,-0.007,1.818,-36.568,40.763,2,0,-21.797,-200,0,0,0,1,0,3,R,"_앰프_",160,80,0.4,3,67,W,Y,2673.235,255,64,81,64,24,145,88,111.408,-56.997,-0.36,0,0.188,124.345,-231.808,201.174,-0.037,-36.972,0,"-라후이-",0.112,-17.434,0,"ディシジョン",-22.066,-47.24,0,"아침땅_",-16.256,-62.949,0,"_송글_",20.908,-48.723,0,"ByeolBam",14.075,-63.377,0,"가앤슬_",47.201,-103.755,0,"AI",0,-109.84,0,"ddil_ddil69",-41.053,-94.257,0,2678.337,-48.706,7.494,0,0,"",0,0,0,0,,,,,64,3
106,4,0,3,4,0,1,0,0,0,0,255,255,255,45,2687.94,"HANA_ARASHI",R,26,64,105,1.237,1.501,0.4,2.375,0.451,2.144,-36.812,54.704,1,0,37.211,-163.063,0,0,0,0,0,3,R,"_앰프_",160,80,0.4,0,67,W,Y,0,0,0,0,0,0,0,0,0,0,0,0,0,0,0,0,-0.009,-37.274,0,"-라후이-",0.026,-17.557,0,"ディシジョン",-22.773,-47.921,0,"아침땅_",-16.161,-62.883,0,"_송글_",19.968,-47.964,0,"ByeolBam",13.658,-62.096,0,"가앤슬_",45.272,-101.505,0,"AI",0,-109.84,0,"ddil_ddil69",-41.023,-94.924,0,0,0,0,0,0,"",0,0,0,0,2689.354,,,,0,0
107,4,0,3,4,1,1,0,0,0,0,255,255,255,46,2702.492,"HANA_ARASHI",R,10,82,123,-0.592,-2.97,0.198,1.795,-0.263,0.159,-36.436,21.993,4,0,0,400,0,-0.09,-21.45,1,0,3,R,"_앰프_",160,80,0.4,0,67,W,Y,0,0,0,0,0,0,0,0,0,0,0,0,0,0,0,0,-0.086,-37.072,0,"-라후이-",-0.007,-17.716,0,"ディシジョン",-22.199,-46.904,0,"아침땅_",-16.146,-62.87,0,"_송글_",19.963,-47.966,0,"ByeolBam",13.426,-62.655,0,"가앤슬_",45.384,-101.404,0,"AI",0,-109.84,0,"ddil_ddil69",-41.048,-94.981,0,0,0,0,0,0,"",0,0,0,0,2703.845,,,,0,0
108,4,0,3,4,1,2,0,0,0,0,255,255,255,47,2724.229,"HANA_ARASHI",R,10,78,118,0.627,-0.412,0.311,2.32,0.264,1.924,-36.712,56.143,2,0,0,400,0,0,0,1,0,3,R,"_앰프_",160,80,0.4,3,67,W,Y,2725.38,255,46,60,40,18,136,89,-87.88,-65.858,-0.05,0,0.243,2.54,-275.6,-107.827,-0.141,-36.996,0,"-라후이-",0.025,-17.657,0,"ディシジョン",-22.431,-47.013,0,"아침땅_",-16.204,-62.923,0,"_송글_",20.01,-47.995,0,"ByeolBam",13.055,-63.258,0,"가앤슬_",44.926,-103.451,0,"AI",0,-109.84,0,"ddil_ddil69",-41.015,-94.939,0,2728.195,5.234,-21.568,2729.428,1,"-라후이-",6.017,-21.911,0,0,2729.428,,,,68,2
109,4,0,3,4,1,2,0,0,0,0,255,255,255,48,2750.007,"HANA_ARASHI",R,10,80,120,-2.445,-2.612,0.026,2.006,-1.064,0.717,-36.411,20.555,4,0,0,400,0,-0.468,-19.91,1,0,3,R,"_앰프_",160,80,0.4,0,67,W,Y,0,0,0,0,0,0,0,0,0,0,0,0,0,0,0,0,-0.189,-37.083,0,"-라후이-",-0.408,-17.757,0,"ディシジョン",-22.508,-46.923,0,"아침땅_",-16.206,-62.868,0,"_송글_",21.084,-47.395,0,"ByeolBam",12.322,-61.366,0,"가앤슬_",41.979,-98.182,0,"AI",0,-109.84,0,"ddil_ddil69",-41.188,-93.455,0,0,0,0,0,0,"",0,0,0,0,2751.403,,,,0,0
110,4,0,3,4,0,0,1,0,0,0,255,255,255,49,2772.515,"HANA_ARASHI",R,26,93,140,-4.008,-2.12,0.041,2.014,-1.801,0.153,-36.391,19.374,1,0,38.534,-200,0,-0.809,-18.961,0,1,8,R,"Rite_",175,80,0.453,0,67,W,Y,0,0,0,0,0,0,0,0,0,0,0,0,0,0,0,0,-0.009,-37.25,0,"-라후이-",-0.478,-17.936,0,"ディシジョン",-22.116,-46.598,0,"아침땅_",-16.372,-62.759,0,"_송글_",22.561,-48.63,0,"ByeolBam",12.3,-62.029,0,"가앤슬_",44.106,-102.078,0,"AI",0,-109.84,0,"ddil_ddil69",-41.244,-93.452,0,0,0,0,0,0,"",0,0,0,0,2773.887,,,,0,0
111,4,0,3,4,1,0,1,0,0,0,255,255,255,50,2792.384,"HANA_ARASHI",R,14,87,126,1.223,0.012,0.247,2.346,-0.035,1.991,-36.589,48.804,2,0,358.331,348.71,0,0,0,1,1,8,R,"Rite_",175,80,0.453,3,67,W,Y,2793.708,123,67,132,69,47,138,86,-32.069,44.226,-0.57,0,0.328,-69.749,473.314,244.182,0.109,-37.129,0,"-라후이-",-0.041,-17.701,0,"ディシジョン",-22.153,-46.617,0,"아침땅_",-16.365,-62.758,0,"_송글_",21.413,-49.412,0,"ByeolBam",11.359,-62.953,0,"가앤슬_",44.78,-103.695,0,"AI",0,-109.84,0,"ddil_ddil69",-41.241,-93.464,0,2794.553,-17.64,-36.302,0,0,"",0,0,0,0,,,,,64,3
112,4,0,3,4,1,1,1,0,0,0,255,255,255,51,2809.307,"HANA_ARASHI",R,26,77,128,1.213,1.517,0.37,2.273,0.537,2.249,-36.572,45.196,1,0,-13.196,-200,0,0,0,0,1,8,R,"Rite_",175,80,0.453,0,67,W,Y,0,0,0,0,0,0,0,0,0,0,0,0,0,0,0,0,0.124,-37.294,0,"-라후이-",-0.011,-17.481,0,"ディシジョン",-22.066,-46.4,0,"아침땅_",-16.308,-62.843,0,"_송글_",22.084,-49.862,0,"ByeolBam",12.115,-63.784,0,"가앤슬_",41.62,-96.787,0,"AI",0,-109.84,0,"ddil_ddil69",-40.45,-93.434,0,0,0,0,0,0,"",0,0,0,0,2810.862,,,,0,0
113,4,0,3,4,2,1,1,0,0,0,255,255,255,52,2827.614,"HANA_ARASHI",R,26,84,136,-1.177,0.542,0.145,2.117,-0.511,1.703,-36.513,26.505,0,0,-5.221,-200,0,0,0,1,1,8,R,"Rite_",175,80,0.453,0,67,W,Y,0,0,0,0,0,0,0,0,0,0,0,0,0,0,0,0,0.157,-36.953,0,"-라후이-",-0.132,-17.535,0,"ディシジョン",-22.109,-46.422,0,"아침땅_",-16.507,-62.704,0,"_송글_",22.065,-49.812,0,"ByeolBam",11.931,-64.335,0,"가앤슬_",41.455,-97.015,0,"AI",0,-109.84,0,"ddil_ddil69",-40.553,-93.428,0,0,0,0,0,0,"",0,0,0,2,2828.82,,,,0,0
114,4,0,3,4,2,2,1,0,0,0,255,255,255,53,2844.463,"HANA_ARASHI",R,26,80,130,0.32,1.574,0.265,2.23,0.049,2.289,-36.566,40.706,1,0,54.977,-200,0,0,0,0,1,8,R,"Rite_",175,80,0.453,0,67,W,Y,0,0,0,0,0,0,0,0,0,0,0,0,0,0,0,0,0.079,-37.285,0,"-라후이-",0.007,-17.54,0,"ディシジョン",-22.078,-46.264,0,"아침땅_",-16.496,-62.694,0,"_송글_",22.26,-49.729,0,"ByeolBam",11.875,-64.292,0,"가앤슬_",41.396,-97.12,0,"AI",0,-109.84,0,"ddil_ddil69",-40.547,-93.493,0,0,0,0,0,0,"",0,0,0,0,2845.812,,,,0,0
115,4,0,3,4,3,2,1,0,0,0,255,255,255,54,2860.316,"HANA_ARASHI",R,26,88,140,1.833,0.941,0.416,2.287,0.752,1.932,-36.606,42.475,4,0,24.909,-200,0,0,0,1,1,8,R,"Rite_",175,80,0.453,0,67,W,Y,0,0,0,0,0,0,0,0,0,0,0,0,0,0,0,0,0.148,-37.285,0,"-라후이-",0.053,-17.698,0,"ディシジョン",-22.502,-46.974,0,"아침땅_",-16.496,-62.693,0,"_송글_",22.2,-49.65,0,"ByeolBam",11.068,-64.617,0,"가앤슬_",42.415,-100.282,0,"AI",0,-109.84,0,"ddil_ddil69",-40.585,-93.461,0,0,0,0,0,0,"",0,0,0,0,2861.445,,,,0,0
116,4,0,3,4,0,0,2,0,0,0,255,255,255,55,2879.859,"HANA_ARASHI",R,26,80,130,-0.406,0.908,0.219,2.305,-0.167,1.967,-36.573,45.768,0,0,-11.783,-200,0,0,0,1,2,0,R,"인생최패망자",190,80,0.299,0,67,W,Y,0,0,0,0,0,0,0,0,0,0,0,0,0,0,0,0,0.006,-37.02,0,"-라후이-",-0.031,-17.672,0,"ディシジョン",-22.455,-46.454,0,"아침땅_",-16.51,-62.688,0,"_송글_",21.603,-50.447,0,"ByeolBam",11.735,-64.088,0,"가앤슬_",39.072,-96.305,0,"AI",0,-109.84,0,"ddil_ddil69",-40.574,-93.433,0,0,0,0,0,0,"",0,0,0,0,2880.962,,,,0,0
117,4,0,3,4,0,1,2,0,0,0,255,255,255,56,2893.703,"HANA_ARASHI",R,26,84,137,-1.084,-0.805,0.157,1.978,-0.453,0.907,-36.483,21.325,0,0,-17.854,-200,0,0,0,0,2,0,R,"인생최패망자",190,80,0.299,0,67,W,Y,0,0,0,0,0,0,0,0,0,0,0,0,0,0,0,0,-0.021,-37.202,0,"-라후이-",-0.083,-17.767,0,"ディシジョン",-22.394,-46.496,0,"아침땅_",-16.66,-62.546,0,"_송글_",21.325,-50.582,0,"ByeolBam",11.736,-64.117,0,"가앤슬_",39.257,-96.214,0,"AI",0,-109.84,0,"ddil_ddil69",-40.502,-93.528,0,0,0,0,0,0,"",0,0,0,0,2894.787,,,,0,0
118,4,0,3,4,0,2,2,0,0,0,255,255,255,57,2909.112,"HANA_ARASHI",R,10,53,103,0.626,0.415,0.311,2.442,0.264,2.275,-36.925,69.013,2,0,0,275.228,0,0,0,1,2,0,R,"인생최패망자",190,80,0.299,3,67,W,Y,2910.228,255,93,119,111,52,145,91,-1.765,9.191,-0.8,0,0.312,-416.287,-405.813,-68.516,-0.037,-37.056,0,"-라후이-",0.014,-17.706,0,"ディシジョン",-22.554,-47.084,0,"아침땅_",-16.665,-62.551,0,"_송글_",21.444,-50.378,0,"ByeolBam",11.692,-64.106,85,"가앤슬_",38.952,-96.332,0,"AI",0,-109.84,0,"ddil_ddil69",-40.57,-93.471,0,2910.312,-1.673,-32.217,2914.253,7,"AI",-6.639,-91.535,1,0,,,,,66,2
119,4,0,3,4,0,0,2,1,0,0,10,255,255,58,2938.446,"HANA_ARASHI",R,26,74,125,-2.058,-0.18,0.051,2.134,-0.945,1.278,-36.476,32.38,1,0,29.985,-200,0,0,0,0,3,1,L,"Kr_Luna",190,95.297,0.498,0,67,W,Y,0,0,0,0,0,0,0,0,0,0,0,0,0,0,0,0,-0.3,-36.974,0,"-라후이-",-0.083,-17.745,0,"ディシジョン",-18.499,-40.188,0,"아침땅_",-10.974,-65.199,0,"_송글_",23.599,-49.798,0,"ByeolBam",13.052,-63.917,0,"가앤슬_",49.162,-105.252,0,"AI",0,-109.84,0,"ddil_ddil69",-38.781,-97.177,0,0,0,0,0,0,"",0,0,0,0,2939.47,,,,0,0
120,4,0,3,4,1,0,2,1,0,0,10,255,255,59,2951.224,"HANA_ARASHI",R,14,80,106,1.394,-0.841,0.291,2.094,0.113,1.619,-36.515,39.091,0,0,252.581,400,0,0,0,0,3,1,L,"Kr_Luna",190,95.297,0.498,0,67,W,Y,0,0,0,0,0,0,0,0,0,0,0,0,0,0,0,0,-0.071,-37.066,0,"-라후이-",0.014,-17.822,0,"ディシジョン",-18.438,-39.943,0,"아침땅_",-10.215,-65.728,0,"_송글_",23.671,-49.849,0,"ByeolBam",11.799,-63.832,0,"가앤슬_",52.391,-102.282,0,"AI",0,-109.84,0,"ddil_ddil69",-38.736,-97.223,0,0,0,0,0,0,"",0,0,0,0,2952.32,,,,0,0
121,4,0,3,4,1,1,2,1,0,0,10,255,255,60,2966.103,"HANA_ARASHI",R,10,77,117,-0.483,-1.463,0.208,1.954,-0.216,1.15,-36.498,24.15,2,0,0,400,0,0,0,0,3,1,L,"Kr_Luna",190,95.297,0.498,3,67,W,Y,2966.896,195,98,161,103,68,145,93,-2.006,38.375,0.97,0,0.152,-416.287,-405.813,-68.516,-0.077,-36.95,0,"-라후이-",0.024,-17.933,0,"ディシジョン",-18.467,-39.879,0,"아침땅_",-12.025,-65.234,0,"_송글_",23.572,-49.764,0,"ByeolBam",13.435,-63.104,0,"가앤슬_",52.381,-102.301,0,"AI",0,-109.84,0,"ddil_ddil69",-38.823,-97.238,79,2966.729,-4.871,-27.35,2971.77,8,"ddil_ddil69",-43.929,-82.343,1,0,,2971.027,,,80,2
122,4,0,3,4,0,0,2,1,1,0,11,10,255,61,2994.727,"HANA_ARASHI",R,10,73,102,0.855,-1.376,0.371,2.093,0.362,1.315,-36.523,36.039,4,0,0,400,0,0.13,-18.34,1,4,5,R,"_이누_",190,89.841,0.451,0,61,W,Y,0,0,0,0,0,0,0,0,0,0,0,0,0,0,0,0,-0.076,-37.559,0,"-라후이-",0.004,-17.523,0,"ディシジョン",-18.54,-40.244,0,"아침땅_",-16.458,-62.647,0,"_송글_",22.23,-47.663,0,"ByeolBam",9.414,-63.139,0,"가앤슬_",41.633,-100.251,0,"AI",0,-109.84,0,"ddil_ddil69",-43.098,-91.547,0,0,0,0,0,0,"",0,0,0,0,2996.12,2997.889,,,0,0
123,4,0,3,4,0,1,2,1,1,0,11,10,255,62,3010.363,"HANA_ARASHI",R,26,73,124,0.186,0.618,0.251,2.09,-0.016,1.782,-36.567,33.262,2,0,56.464,-200,0,0,0,1,4,5,R,"_이누_",190,89.841,0.451,3,61,W,Y,3011.499,243,87,140,17,6,145,130,107.51,-31.561,0.62,0,0.231,202.399,323.181,-143.123,-0.115,-37.29,0,"-라후이-",-0.061,-17.5,0,"ディシジョン",-18.379,-40.171,0,"아침땅_",-16.279,-62.673,0,"_송글_",22.32,-47.212,0,"ByeolBam",9.042,-61.049,0,"가앤슬_",41.341,-97.964,0,"AI",0,-109.84,0,"ddil_ddil69",-42.962,-91.525,0,0,0,0,0,0,"",0,0,0,0,,3015.117,,,64,3
124,4,0,3,4,0,2,2,1,1,0,11,10,255,63,3026.02,"HANA_ARASHI",R,26,80,130,-1.193,1.346,0.121,2.233,-0.62,2.248,-36.606,43.59,1,0,64.575,-200,0,0,0,0,4,5,R,"_이누_",190,89.841,0.451,0,61,W,Y,0,0,0,0,0,0,0,0,0,0,0,0,0,0,0,0,-0.293,-37.483,0,"-라후이-",-0.003,-17.66,0,"ディシジョン",-18.44,-40.373,0,"아침땅_",-16.617,-62.567,0,"_송글_",21.782,-46.615,0,"ByeolBam",5.605,-61.491,0,"가앤슬_",41.043,-96.829,0,"AI",0,-109.84,0,"ddil_ddil69",-42.943,-92.942,0,0,0,0,0,0,"",0,0,0,0,3027.253,3030.243,,,0,0
125,4,0,3,4,1,2,2,1,1,0,11,10,255,64,3041.806,"HANA_ARASHI",R,26,77,128,0.881,1.138,0.322,2.323,0.314,2.107,-36.663,49.523,2,0,38.652,-200,0,0,0,1,4,5,R,"_이누_",190,89.841,0.451,3,61,W,Y,3042.942,187,101,160,33,13,145,130,100.106,-67.343,0.47,0,0.186,277.5,408.585,-112.215,-0.094,-37.07,0,"-라후이-",0.014,-17.795,0,"ディシジョン",-18.314,-40.213,0,"아침땅_",-16.595,-62.526,0,"_송글_",21.832,-49.164,0,"ByeolBam",9.665,-61.756,0,"가앤슬_",41.016,-96.783,0,"AI",0,-109.84,0,"ddil_ddil69",-42.811,-93.059,0,0,0,0,0,0,"",0,0,0,0,,3047.228,,,64,3
126,4,0,3,4,1,2,2,1,1,0,11,10,255,65,3058.627,"HANA_ARASHI",R,10,70,113,0.319,-0.918,0.283,2.196,0.131,1.519,-36.626,43.791,0,0,0,400,0,0,0,0,4,5,R,"_이누_",190,89.841,0.451,0,61,W,Y,0,0,0,0,0,0,0,0,0,0,0,0,0,0,0,0,-0.066,-37.362,0,"-라후이-",0.009,-17.759,0,"ディシジョン",-18.263,-40.181,0,"아침땅_",-16.541,-62.786,0,"_송글_",20.771,-46.291,0,"ByeolBam",4.904,-61.077,0,"가앤슬_",44.987,-99.191,0,"AI",0,-109.84,0,"ddil_ddil69",-43.133,-93.551,0,0,0,0,0,0,"",0,0,0,0,3059.945,,3062.438,,0,0
127,5,1,3,4,0,0,0,0,0,0,255,255,255,60,3098.251,"인생최패망자",R,32,80,130,-0.761,-0.306,0.853,1.399,-0.682,1.297,-36.595,53.093,0,0,216.129,-130.204,5.906,-0.449,-10.496,0,4,8,R,"ddil_ddil69",170.2,80,0.353,0,68,W,Y,0,0,0,0,0,0,0,0,0,0,0,0,0,0,0,0,0.409,-37.44,0,"Kr_Luna",0.014,-17.405,0,"Floră",-21.32,-48.242,0,"_앰프_",-16.241,-59.886,0,"눈꽃",18.781,-47.659,0,"_이누_",12.118,-62.828,0,"TaeGeuk_",36.895,-86.502,0,"AI",0,-109.84,0,"Rite_",-44.767,-90.563,0,0,0,0,0,0,"",0,0,0,0,,,,,0,0
128,5,1,3,4,0,1,0,0,0,0,255,255,255,61,3113.075,"인생최패망자",R,13,85,124,-3.245,-1.602,0.622,1.339,-0.826,1.081,-36.452,41.407,2,0,-390.434,312.348,20.939,0,0,1,4,8,R,"ddil_ddil69",170.2,80,0.353,3,68,W,Y,3114.22,255,85,109,76,54,145,91,94.037,-86.881,0.95,0,0.404,422.191,-167.369,136.782,0.35,-37.549,0,"Kr_Luna",-0.028,-17.491,0,"Floră",-21.359,-47.776,0,"_앰프_",-16.895,-60.345,0,"눈꽃",18.649,-47.71,0,"_이누_",12.383,-62.799,0,"TaeGeuk_",36.897,-86.5,0,"AI",0,-109.84,0,"Rite_",-45.643,-91.668,0,0,0,0,0,0,"",0,0,0,0,,,,,4,3
129,5,1,3,4,0,2,0,0,0,0,255,255,255,62,3129.526,"인생최패망자",R,32,87,140,0.632,1.508,0.781,1.586,-0.089,2.326,-36.56,50.049,4,0,250,-136.777,13.022,0,0,1,4,8,R,"ddil_ddil69",170.2,80,0.353,0,31,W,Y,0,0,0,0,0,0,0,0,0,0,0,0,0,0,0,0,0.389,-37.233,0,"Kr_Luna",0.07,-17.437,0,"Floră",-20.913,-47.974,0,"_앰프_",-15.501,-58.845,0,"눈꽃",18.667,-47.707,0,"_이누_",9.769,-65.978,0,"TaeGeuk_",39.659,-96.061,0,"AI",0,-109.84,0,"Rite_",-48.338,-94.222,0,0,0,0,0,0,"",0,0,0,0,3130.512,,,,0,0
130,5,1,3,4,0,0,1,0,0,0,255,255,255,63,3147.838,"인생최패망자",R,32,90,140,-1.211,-0.193,0.823,1.412,-0.823,1.381,-36.467,46.695,2,0,203.56,-134.356,2.565,0,0,1,5,4,R,"_송글_",190,91.844,0.315,3,68,W,Y,3148.788,202,57,40,65,28,128,128,33.321,48.97,0.52,0,0.541,-50.714,190.172,-69.148,0.399,-36.872,0,"Kr_Luna",-0.001,-17.474,0,"Floră",-20.944,-47.869,0,"_앰프_",-15.848,-60.047,0,"눈꽃",18.606,-47.701,0,"_이누_",9.724,-65.81,0,"TaeGeuk_",39.541,-97.18,0,"AI",0,-109.84,0,"Rite_",-49.387,-94.457,0,3153.212,-87.855,-89.241,0,0,"",0,0,0,0,,,,,4,3
131,5,1,3,4,0,1,1,0,0,0,255,255,255,64,3168.613,"인생최패망자",R,13,85,124,-3.342,-1.34,0.823,1.323,-0.823,1.092,-36.559,50.458,4,0,-410.693,285.187,3.683,0,0,1,5,4,R,"_송글_",190,91.844,0.315,0,44,W,Y,0,0,0,0,0,0,0,0,0,0,0,0,0,0,0,0,0.305,-37.327,0,"Kr_Luna",0.039,-17.435,0,"Floră",-20.883,-47.874,0,"_앰프_",-14.795,-61.271,0,"눈꽃",18.612,-47.703,0,"_이누_",11.574,-65.121,0,"TaeGeuk_",39.346,-98.146,0,"AI",0,-109.84,0,"Rite_",-53.504,-98.24,0,0,0,0,0,0,"",0,0,0,0,3169.387,,,,0,0
132,5,1,3,4,0,2,1,0,0,0,255,255,255,65,3181.857,"인생최패망자",R,32,87,140,1.132,0.072,0.799,1.567,-0.005,1.882,-36.488,45.714,2,0,171.593,-118.393,3.681,0,0,1,5,4,R,"_송글_",190,91.844,0.315,3,44,W,Y,3182.808,192,82,95,56,0,145,90,48.146,26.856,-0.85,0,0.547,404.423,230.746,-109.773,0.392,-36.802,0,"Kr_Luna",0.052,-17.467,0,"Floră",-21.142,-48.227,0,"_앰프_",-14.739,-61.107,89,"눈꽃",18.605,-48.33,0,"_이누_",11.741,-65.419,0,"TaeGeuk_",39.349,-98.152,0,"AI",0,-109.84,0,"Rite_",-53.858,-98.723,0,3187.945,-32.762,-75.817,3188.153,3,"_앰프_",-31.91,-74.485,0,0,,,,,5,1
133,5,1,3,4,0,0,2,0,0,0,255,255,255,66,3212.876,"인생최패망자",R,3,78,117,-1.999,-0.229,0.971,1.475,-0.134,1.584,-36.815,76.056,2,0,-425.558,85.862,1.847,0,0,1,6,0,R,"HANA_ARASHI",190,90,0.25,3,67,W,Y,3213.924,255,143,162,145,51,145,104,25.488,34.288,0.92,0,0.725,-55.857,33.892,498.758,0.202,-36.778,0,"Kr_Luna",-0.032,-17.483,0,"Floră",-21.29,-48.382,74,"_앰프_",-16.344,-60.196,0,"눈꽃",18.643,-47.211,0,"_이누_",12.141,-64.217,0,"TaeGeuk_",30.13,-96.521,0,"AI",0,-109.84,0,"Rite_",-51.969,-97.881,100,3217.345,-46.95,-87.268,3217.704,8,"Rite_",-46.707,-86.921,1,0,,,,,70,2
134,5,1,3,4,0,0,2,1,0,0,0,255,255,67,3243.168,"인생최패망자",R,32,89,140,-0.169,-0.688,0.723,1.336,-0.358,1.105,-36.411,45.941,0,0,200.214,-110.393,4.471,0,0,1,7,6,R,"가앤슬_",180,83.179,0.2,0,67,W,Y,0,0,0,0,0,0,0,0,0,0,0,0,0,0,0,0,0.246,-37.125,0,"Kr_Luna",0.036,-17.448,0,"Floră",-20.981,-47.971,0,"_앰프_",-16.362,-60.182,0,"눈꽃",19.577,-45.085,0,"_이누_",5.142,-63.95,0,"TaeGeuk_",28.749,-99.937,0,"AI",0,-109.84,0,"Rite_",-49.187,-91.318,0,0,0,0,0,0,"",0,0,0,0,3243.979,,,,0,0
135,5,1,3,4,0,1,2,1,0,0,0,255,255,68,3257.176,"인생최패망자",R,32,81,132,1.98,1.294,0.905,1.674,0.486,2.26,-36.678,67.416,4,0,232.953,-119.323,2.458,0,0,1,7,6,R,"가앤슬_",180,83.179,0.2,0,67,W,Y,0,0,0,0,0,0,0,0,0,0,0,0,0,0,0,0,0.478,-37.425,0,"Kr_Luna",0.01,-17.469,0,"Floră",-21.09,-48.292,0,"_앰프_",-15.799,-60.968,0,"눈꽃",19.436,-45.908,0,"_이누_",13.072,-64.041,0,"TaeGeuk_",28.184,-100.983,0,"AI",0,-109.84,0,"Rite_",-47.617,-87.611,0,0,0,0,0,0,"",0,0,0,0,3258.045,,,,0,0
136,5,1,3,4,0,2,2,1,0,0,0,255,255,69,3274.583,"인생최패망자",R,3,90,126,-3.514,-1.453,0.817,1.299,-0.85,0.977,-36.523,51.659,1,0,-457.471,201.793,3.63,0,0,0,7,6,R,"가앤슬_",180,83.179,0.2,0,67,W,Y,0,0,0,0,0,0,0,0,0,0,0,0,0,0,0,0,0.25,-37.733,0,"Kr_Luna",-0.144,-17.615,0,"Floră",-21.387,-45.061,0,"_앰프_",-15.717,-60.921,0,"눈꽃",19.686,-46.172,0,"_이누_",8.587,-62.306,0,"TaeGeuk_",28.187,-100.982,0,"AI",0,-109.84,0,"Rite_",-47.521,-87.54,0,0,0,0,0,0,"",0,0,0,0,3275.412,,,,0,0
137,5,1,3,4,1,2,2,1,0,0,0,255,255,70,3293.027,"인생최패망자",R,32,89,140,-1.171,-0.305,0.821,1.406,-0.831,1.343,-36.443,47.203,0,0,220.933,-97.098,3.475,0,0,1,7,6,R,"가앤슬_",180,83.179,0.2,0,67,W,Y,0,0,0,0,0,0,0,0,0,0,0,0,0,0,0,0,0.379,-37.45,0,"Kr_Luna",0.041,-17.495,0,"Floră",-22.466,-45.363,0,"_앰프_",-15.842,-60.841,0,"눈꽃",19.449,-44.274,0,"_이누_",11.088,-64.469,0,"TaeGeuk_",28.33,-101.282,0,"AI",0,-109.84,0,"Rite_",-47.83,-87.752,0,0,0,0,0,0,"",0,0,0,0,3293.829,,,,0,0
138,5,0,3,4,0,0,0,0,0,0,255,255,255,66,3347.652,"HANA_ARASHI",R,0,83,135,-0.149,-0.206,0.443,0.954,-0.079,1.506,-36.621,49.068,0,0,0,0,0,0,0,0,5,4,L,"눈꽃",190,90,0.6,0,67,W,Y,0,0,0,0,0,0,0,0,0,0,0,0,0,0,0,0,-0.255,-36.99,0,"-라후이-",-0.008,-17.588,0,"ディシジョン",-21.716,-47.212,0,"아침땅_",-12.482,-65.07,0,"_송글_",22.639,-48.874,0,"ByeolBam",15.124,-62.762,0,"가앤슬_",42.258,-99.942,0,"AI",0,-109.84,0,"ddil_ddil69",-42.118,-94.356,0,0,0,0,0,0,"",0,0,0,0,3348.628,,,,0,0
139,5,0,3,4,0,1,0,0,0,0,255,255,255,67,3362.574,"HANA_ARASHI",R,32,80,130,1.169,0.087,0.486,1.04,0.119,1.784,-36.679,49.278,0,0,250,91.357,-22.14,0,0,1,5,4,L,"눈꽃",190,90,0.6,0,67,W,Y,0,0,0,0,0,0,0,0,0,0,0,0,0,0,0,0,-0.357,-37.125,0,"-라후이-",0.013,-17.503,0,"ディシジョン",-21.668,-46.757,0,"아침땅_",-12.603,-65.045,0,"_송글_",22.603,-48.87,0,"ByeolBam",15.317,-63.101,0,"가앤슬_",51.271,-107.197,0,"AI",0,-109.84,0,"ddil_ddil69",-42.106,-94.353,0,0,0,0,0,0,"",0,0,0,0,3363.495,,,,0,0
140,5,0,3,4,0,2,0,0,0,0,255,255,255,68,3376.739,"HANA_ARASHI",R,32,81,131,-0.415,0.346,0.482,1.104,-0.48,1.989,-36.689,47.55,2,0,189.866,133.922,10.457,0,0,1,5,4,L,"눈꽃",190,90,0.6,3,67,W,Y,3377.726,196,109,74,94,40,145,100,-0.673,-30.689,-0.37,0,0.417,184.927,198.986,-46.6,-0.235,-36.948,0,"-라후이-",-0.013,-17.455,0,"ディシジョン",-21.663,-46.788,73,"아침땅_",-12.872,-64.922,0,"_송글_",22.533,-48.816,44,"ByeolBam",15.283,-63.085,0,"가앤슬_",53.715,-108.561,0,"AI",0,-109.84,0,"ddil_ddil69",-42.111,-94.358,0,3377.954,8.915,-34.983,3379.003,4,"_송글_",17.063,-48.166,1,0,,,,,104,2
141,5,0,3,4,0,0,0,1,0,0,14,255,255,69,3406.737,"HANA_ARASHI",R,13,75,113,-3.075,0.057,0.449,1.131,-0.634,2.077,-36.414,36.437,2,0,-374.058,331.783,-18.693,0,0,1,6,2,R,"Floră",190,85,0.403,3,67,W,Y,3407.923,215,131,110,118,34,145,100,26.274,-19.56,0.94,0,0.695,102.063,424.68,154.807,-0.341,-36.748,0,"-라후이-",-0.016,-17.433,0,"ディシジョン",-17.985,-39.975,0,"아침땅_",-11.123,-63.129,67,"_송글_",22.127,-49.722,0,"ByeolBam",11.139,-62.112,0,"가앤슬_",43.818,-101.031,0,"AI",0,-109.84,0,"ddil_ddil69",-42.126,-94.352,0,3412.237,19.681,-104.029,3416.195,7,"AI",22.585,-130.57,1,0,,3415.199,3420.285,,65,2
142,5,0,3,4,0,0,0,0,1,1,255,12,14,70,3440.629,"HANA_ARASHI",R,3,89,126,-2.222,0.736,0.525,1.073,-0.281,1.911,-36.412,28.31,1,0,-480.546,-138.114,32.312,0,0,0,7,0,R,"TaeGeuk_",174.2,85.656,0.644,0,67,W,Y,0,0,0,0,0,0,0,0,0,0,0,0,0,0,0,0,-0.338,-37.227,0,"-라후이-",-0.075,-16.496,0,"ディシジョン",-21.556,-46.157,0,"아침땅_",-16.139,-62.739,0,"_송글_",20.333,-44.115,0,"ByeolBam",10.744,-62.479,0,"가앤슬_",46.072,-101.741,0,"AI",0,-109.84,0,"ddil_ddil69",-43.379,-92.946,0,0,0,0,0,0,"",0,0,0,0,3441.704,3443.617,3443.338,,0,0
143,5,0,3,4,0,1,0,0,1,1,255,12,14,71,3454.578,"HANA_ARASHI",R,32,91,140,0.408,1.455,0.548,1.178,-0.174,2.284,-36.454,28.971,2,0,250,-200,13.532,0,0,0,7,0,R,"TaeGeuk_",174.2,85.656,0.644,3,67,W,Y,3455.412,149,40,49,41,10,130,83,43.955,53.61,-0.41,0,0.212,-281.527,305.856,-347.845,-0.019,-36.768,0,"-라후이-",-0.128,-17.248,0,"ディシジョン",-21.905,-46.319,0,"아침땅_",-16.155,-62.621,0,"_송글_",20.649,-47.054,0,"ByeolBam",9.979,-63.272,0,"가앤슬_",46.033,-101.824,0,"AI",0,-109.84,0,"ddil_ddil69",-43.359,-92.979,0,3459.729,-57.093,-57.035,0,0,"",0,0,0,0,,3461.272,3459.143,,64,3
144,5,0,3,4,0,2,0,0,1,1,255,12,14,72,3480.675,"HANA_ARASHI",R,0,79,129,-0.703,0.101,0.517,1.009,-0.319,1.685,-36.633,47.261,2,0,-2.398,0,-5.853,0,0,1,7,0,R,"TaeGeuk_",174.2,85.656,0.644,3,67,W,Y,3481.717,255,144,151,98,27,145,84,39.35,11.582,-0.84,0,0.222,502.032,-205.965,58.758,-0.055,-36.76,0,"-라후이-",-0.138,-17.626,0,"ディシジョン",-21.373,-45.79,0,"아침땅_",-16.343,-62.806,0,"_송글_",21.891,-47.447,0,"ByeolBam",10.249,-64.594,84,"가앤슬_",47.799,-103.131,0,"AI",0,-109.84,0,"ddil_ddil69",-42.19,-96.422,0,3486.462,-11.088,-82.133,3487.637,7,"AI",-11.793,-88.185,1,0,,3489.035,,3490.587,66,2
145,5,0,3,5,0,0,0,1,1,0,10,12,255,73,3510.423,"HANA_ARASHI",R,0,44,102,2.655,0.691,0.828,1.093,1.132,2.01,-37.202,95.447,1,0,0,0,0,0,0,0,0,3,R,"_앰프_",160,80,0.4,0,67,W,Y,0,0,0,0,0,0,0,0,0,0,0,0,0,0,0,0,0.083,-37.28,0,"-라후이-",0.428,-17.846,0,"ディシジョン",-18.375,-39.972,0,"아침땅_",-16.518,-62.394,0,"_송글_",22.854,-47.568,0,"ByeolBam",6.791,-61.84,0,"가앤슬_",34.308,-93.06,0,"AI",0,-109.84,0,"ddil_ddil69",-42.034,-93.526,0,0,0,0,0,0,"",0,0,0,128,3511.77,3519.653,3513.925,,0,0
146,5,0,3,5,1,0,1,0,0,1,255,255,12,74,3539.871,"HANA_ARASHI",R,32,79,129,-0.876,0.972,0.438,1.112,-0.684,2.083,-36.304,28.093,0,0,207.656,-47.454,-3.266,0,0,0,0,3,R,"_앰프_",160,80,0.4,0,67,W,Y,0,0,0,0,0,0,0,0,0,0,0,0,0,0,0,0,-0.213,-36.781,0,"-라후이-",-0.13,-17.489,0,"ディシジョン",-20.541,-43.278,0,"아침땅_",-16.38,-62.598,0,"_송글_",18.574,-39.756,0,"ByeolBam",12.722,-62.985,0,"가앤슬_",41.056,-96.805,0,"AI",0,-109.84,0,"ddil_ddil69",-43.302,-92.889,0,0,0,0,0,0,"",0,0,0,0,3541.037,,3542.648,,0,0
147,5,0,3,5,1,1,1,0,0,1,255,255,12,75,3554.165,"HANA_ARASHI",R,3,86,114,-2.155,0.13,0.468,1.018,-0.362,1.701,-36.487,33.331,1,0,-335.953,0,16.668,0,0,0,0,3,R,"_앰프_",160,80,0.4,0,67,W,Y,0,0,0,0,0,0,0,0,0,0,0,0,0,0,0,0,-0.38,-36.999,0,"-라후이-",-0.031,-17.371,0,"ディシジョン",-21.17,-45.388,0,"아침땅_",-16.669,-62.538,0,"_송글_",19.112,-42.78,0,"ByeolBam",8.825,-63.988,0,"가앤슬_",44.746,-100.105,0,"AI",0,-109.84,0,"ddil_ddil69",-42.859,-93.623,0,0,0,0,0,0,"",0,0,0,0,3555.437,,3557.33,,0,0
148,5,0,3,5,2,1,1,0,0,1,255,255,12,76,3570.687,"HANA_ARASHI",R,10,79,120,-1.88,-0.106,0.481,1.102,-0.834,2.047,-36.452,38.384,1,0,-0.18,358.499,-15.619,0,0,0,0,3,R,"_앰프_",160,80,0.4,0,67,W,Y,0,0,0,0,0,0,0,0,0,0,0,0,0,0,0,0,-0.293,-37.496,0,"-라후이-",-0.08,-17.345,0,"ディシジョン",-21.615,-46.294,0,"아침땅_",-16.336,-62.388,0,"_송글_",19.056,-42.234,0,"ByeolBam",11.786,-61.604,0,"가앤슬_",49.008,-104.841,0,"AI",0,-109.84,0,"ddil_ddil69",-42.875,-93.588,0,0,0,0,0,0,"",0,0,0,0,3571.97,,3573.915,,0,0
149,5,0,3,5,3,1,1,0,0,1,255,255,12,77,3585.693,"HANA_ARASHI",R,32,90,140,-0.034,1.28,0.59,1.141,-0.324,2.197,-36.492,39.928,2,0,216.657,-102.543,6.869,0,0,1,0,3,R,"_앰프_",160,80,0.4,3,67,W,Y,3586.689,255,49,95,49,17,145,104,35.716,2.916,0.15,0,0.185,35.204,-206.594,56.178,0.36,-36.804,0,"-라후이-",0.005,-17.383,0,"ディシジョン",-21.552,-46.217,0,"아침땅_",-16.61,-62.444,94,"_송글_",19.436,-42.759,0,"ByeolBam",11.663,-63.138,0,"가앤슬_",48.875,-106.109,0,"AI",0,-109.84,0,"ddil_ddil69",-42.849,-93.708,0,3591.479,-0.405,-104.173,3595.22,3,"아침땅_",-2.933,-71.449,0,0,3598.637,,3590.26,3597.632,69,1
150,5,0,3,6,0,0,2,0,0,0,255,255,255,78,3620.508,"HANA_ARASHI",R,33,90,140,0.996,0.583,0.723,1.107,0.294,2.001,-36.572,43.367,2,0,145.701,-1.229,-42.408,0,0,1,1,8,R,"Rite_",190,80,0.453,3,67,W,Y,3621.848,255,87,191,106,91,145,100,94.07,70.611,0.94,0,0.44,-4.399,-331.264,-43.74,0.39,-36.964,0,"-라후이-",-0.012,-17.468,0,"ディシジョン",-21.925,-47.128,0,"아침땅_",-16.383,-62.763,0,"_송글_",23.887,-49.238,0,"ByeolBam",13.856,-64.085,0,"가앤슬_",45.385,-105.608,0,"AI",0,-109.84,0,"ddil_ddil69",-41.502,-94.041,0,3628.42,23.955,-8.721,0,0,"",0,0,0,0,,,,,64,3
151,5,0,3,6,0,1,2,0,0,0,255,255,255,79,3643.836,"HANA_ARASHI",R,3,84,123,-2.323,0.204,0.677,1.047,0.08,1.805,-36.628,47.858,2,0,-488.904,0,6.216,0,0,1,1,8,R,"Rite_",190,80,0.453,3,64,W,Y,3645.36,255,121,151,105,65,145,111,-30,-18.165,0.92,0,0.499,-235.013,169.822,-222.171,0.012,-37.048,0,"-라후이-",-0.098,-17.377,0,"ディシジョン",-21.82,-46.369,0,"아침땅_",-16.355,-62.749,0,"_송글_",23.827,-48.488,0,"ByeolBam",12.479,-63.829,107,"가앤슬_",47.681,-97.502,0,"AI",0,-109.846,0,"ddil_ddil69",-42.12,-93.557,0,3646.537,12.742,-54.853,3647.128,5,"ByeolBam",14.329,-59.012,0,0,3677.62,,,,138,2
152,6,1,3,6,0,0,0,0,0,0,255,255,255,71,3736.808,"TaeGeuk_",R,33,91,140,-0.247,-0.574,0.353,0.91,-0.295,1.308,-36.607,38.095,2,0,129.104,-14.714,4.073,0,0,1,0,3,R,"아침땅_",160,94.936,0.502,3,67,W,Y,3737.698,113,64,48,53,18,129,118,97.825,-76.808,0.44,0,0.27,546.829,35.468,-232.713,0.124,-37.166,0,"Kr_Luna",0.02,-17.313,0,"Floră",-20.702,-47.933,0,"_앰프_",-16.717,-60.776,0,"눈꽃",20.064,-49.307,0,"_이누_",13.366,-65.142,0,"인생최패망자",42.928,-80.361,0,"AI",0,-109.84,0,"Rite_",-45.327,-94.056,0,0,0,0,0,0,"",0,0,0,0,,,,,128,0
153,6,1,3,6,0,1,0,0,0,0,255,255,255,72,3752.764,"TaeGeuk_",R,32,80,130,-2.053,2.214,0.331,1.103,-1.213,2.858,-36.521,18.086,1,0,215.708,50.507,32.073,0,0,0,0,3,R,"아침땅_",160,94.936,0.502,0,67,W,Y,0,0,0,0,0,0,0,0,0,0,0,0,0,0,0,0,-0.034,-37.754,0,"Kr_Luna",0.043,-17.286,0,"Floră",-20.477,-47.725,0,"_앰프_",-17.878,-61.203,0,"눈꽃",19.883,-48.578,0,"_이누_",12.55,-64.859,0,"인생최패망자",42.717,-87.897,0,"AI",0,-109.84,0,"Rite_",-48.266,-92.877,0,0,0,0,0,0,"",0,0,0,0,3753.445,,,,0,0
154,6,1,3,6,1,1,0,0,0,0,255,255,255,73,3765.806,"TaeGeuk_",R,3,81,120,-1.743,-0.017,0.402,0.99,-0.066,1.615,-36.618,32.045,2,0,-423.393,0,8.014,0,0,1,0,3,R,"아침땅_",160,94.936,0.502,3,67,W,Y,3766.794,156,77,118,88,45,145,91,26.023,40.633,0.93,0.095,0.322,288.63,355.96,383.399,0.193,-37.004,0,"Kr_Luna",0.033,-17.292,0,"Floră",-19.944,-46.979,0,"_앰프_",-15.558,-60.463,0,"눈꽃",19.542,-48.785,0,"_이누_",9.367,-61.628,0,"인생최패망자",41.785,-88.067,0,"AI",0,-109.84,0,"Rite_",-44.281,-86.776,0,3770.07,-49.446,-68.207,0,0,"",0,0,0,0,,,,,128,3
155,6,1,3,6,1,2,0,0,0,0,255,255,255,74,3786.364,"TaeGeuk_",R,32,69,121,3.929,-2.879,0.496,0.742,1.303,0.161,-37.302,92.706,4,0,172.271,33.627,-3.936,0,0,1,0,3,R,"아침땅_",160,94.936,0.502,0,67,W,Y,0,0,0,0,0,0,0,0,0,0,0,0,0,0,0,0,0.228,-37.897,0,"Kr_Luna",-0.12,-18.409,0,"Floră",-20.56,-45.582,0,"_앰프_",-16.793,-59.482,0,"눈꽃",18.081,-49.819,0,"_이누_",9.18,-65.606,0,"인생최패망자",41.509,-91.376,0,"AI",0,-109.84,0,"Rite_",-44.005,-84.992,0,0,0,0,0,0,"",0,0,0,0,3789.453,,,,0,0
156,6,1,3,6,0,0,1,0,0,0,255,255,255,75,3804.518,"TaeGeuk_",R,32,90,140,1.869,-0.721,0.517,0.89,0.47,1.266,-36.673,30.609,1,0,239.837,47.655,11.794,0,0,0,1,5,R,"ByeolBam",174.9,90,0.5,0,67,W,Y,0,0,0,0,0,0,0,0,0,0,0,0,0,0,0,0,0.229,-37.328,0,"Kr_Luna",0.017,-17.225,0,"Floră",-21.154,-48.088,0,"_앰프_",-15.969,-60.873,0,"눈꽃",19.242,-48.445,0,"_이누_",8.451,-65.618,0,"인생최패망자",41.818,-91.372,0,"AI",0,-109.84,0,"Rite_",-45.622,-85.722,0,0,0,0,0,0,"",0,0,0,0,3805.178,,,,0,0
157,6,1,3,6,1,0,1,0,0,0,255,255,255,76,3814.68,"TaeGeuk_",R,32,86,139,-4.129,2.71,0.321,1.142,-2.008,3.299,-36.53,4.557,1,0,153.497,94.508,32.599,0,0,0,1,5,R,"ByeolBam",174.9,90,0.5,0,67,W,Y,0,0,0,0,0,0,0,0,0,0,0,0,0,0,0,0,-0.192,-37.569,0,"Kr_Luna",-0.054,-17.187,0,"Floră",-20.905,-47.799,0,"_앰프_",-16.016,-60.933,0,"눈꽃",17.824,-48.357,0,"_이누_",8.399,-65.687,0,"인생최패망자",41.561,-91.354,0,"AI",0,-109.84,0,"Rite_",-46.083,-86.317,0,0,0,0,0,0,"",0,0,0,0,3815.387,,,,0,0
158,6,1,3,6,2,0,1,0,0,0,255,255,255,77,3824.768,"TaeGeuk_",R,32,84,137,-1.118,0.032,0.293,1.014,-0.741,1.702,-36.685,33.911,2,0,171.88,48.968,15.044,0,0,1,1,5,R,"ByeolBam",174.9,90,0.5,3,67,W,Y,3825.72,159,133,77,38,28,137,117,26.722,38.712,0.73,0,0.191,158.931,516.04,-126.604,-0.052,-37.664,0,"Kr_Luna",0.057,-17.188,0,"Floră",-20.975,-47.867,0,"_앰프_",-16.027,-60.756,0,"눈꽃",17.935,-48.197,0,"_이누_",8.396,-65.607,0,"인생최패망자",41.463,-91.34,0,"AI",0,-109.84,0,"Rite_",-46.07,-86.332,0,3830.178,-74.385,-92.854,0,0,"",0,0,0,0,,,,,128,3
159,6,1,3,6,2,1,1,0,0,0,255,255,255,78,3846.205,"TaeGeuk_",R,3,82,122,-1.44,-0.314,0.41,0.941,0.065,1.446,-36.724,43.679,0,0,-427.478,0,12.258,0,0,0,1,5,R,"ByeolBam",174.9,90,0.5,0,67,W,Y,0,0,0,0,0,0,0,0,0,0,0,0,0,0,0,0,0.428,-36.669,0,"Kr_Luna",0.031,-17.235,0,"Floră",-20.341,-47.138,0,"_앰프_",-16.087,-61.408,0,"눈꽃",18.556,-47.784,0,"_이누_",6.802,-64.395,0,"인생최패망자",43.837,-89.014,0,"AI",-1.017,-109.401,0,"Rite_",-46.596,-87.074,0,0,0,0,0,0,"",0,0,0,0,3847.02,,,,0,0
160,6,1,3,6,2,2,1,0,0,0,255,255,255,79,3860.143,"TaeGeuk_",R,33,85,138,0.132,-0.653,0.366,0.887,-0.139,1.255,-36.669,40.1,2,0,133.392,0.828,5.669,0,0,1,1,5,R,"ByeolBam",174.9,90,0.5,3,67,W,Y,3861.122,219,90,99,75,24,145,105,-30,49.541,0.93,0,0.153,-391.415,452.74,-24.932,-0.129,-37.015,0,"Kr_Luna",0.003,-17.247,0,"Floră",-20.716,-47.743,0,"_앰프_",-16.067,-61.242,0,"눈꽃",18.632,-47.792,0,"_이누_",8.299,-66.281,0,"인생최패망자",43.518,-88.436,0,"AI",0,-109.84,0,"Rite_",-45.832,-86.831,0,3861.887,-23.95,-38.699,0,0,"",0,0,0,0,,,,,128,3
161,6,1,3,6,2,2,1,0,0,0,255,255,255,80,3874.85,"TaeGeuk_",R,32,89,140,-3.496,2.568,0.229,1.189,-1.793,3.186,-36.556,13.658,1,0,197.252,64.194,23.141,0,0,0,1,5,R,"ByeolBam",174.9,90,0.5,0,75,W,Y,0,0,0,0,0,0,0,0,0,0,0,0,0,0,0,0,-0.142,-37.695,0,"Kr_Luna",0.11,-17.531,0,"Floră",-20.962,-47.009,0,"_앰프_",-15.877,-62.4,0,"눈꽃",19.076,-49.405,0,"_이누_",9.709,-65.332,0,"인생최패망자",45.303,-89.587,0,"AI",0,-109.84,0,"Rite_",-45.671,-86.912,0,0,0,0,0,0,"",0,0,0,0,3875.537,,,,0,0
162,6,1,3,6,3,2,1,0,0,0,255,255,255,81,3886.073,"TaeGeuk_",R,34,78,128,-4.515,2.215,0.239,1.128,-2.113,2.957,-36.478,9.31,1,0,92.955,38.852,24.454,0,0,0,1,5,R,"ByeolBam",174.9,90,0.5,0,75,W,Y,0,0,0,0,0,0,0,0,0,0,0,0,0,0,0,0,0.009,-37.217,0,"Kr_Luna",-0.222,-17.88,0,"Floră",-20.946,-46.182,0,"_앰프_",-15.886,-62.381,0,"눈꽃",19.059,-49.372,0,"_이누_",9.958,-65.265,0,"인생최패망자",45.091,-89.344,0,"AI",0,-109.84,0,"Rite_",-45.842,-87.089,0,0,0,0,0,0,"",0,0,0,0,3886.787,,,,0,5
163,6,1,3,6,0,0,1,1,0,0,5,255,255,82,3903.283,"TaeGeuk_",R,33,66,119,0.181,0.204,0.284,1.012,-0.519,1.691,-36.617,24.858,2,0,141.61,-113.879,-4.237,0,0,0,2,1,R,"-라후이-",190,87,0.498,3,67,W,Y,3904.194,154,141,144,102,43,145,113,10.268,33.964,0.12,0,0.181,81.751,584.746,-16.892,-0.238,-36.988,0,"Kr_Luna",0.051,-17.423,0,"Floră",-20.084,-46.773,81,"_앰프_",-10.322,-61.41,0,"눈꽃",18.831,-48.318,0,"_이누_",10.246,-63.527,0,"인생최패망자",45.136,-89.451,0,"AI",0,-109.84,0,"Rite_",-46.98,-87.649,0,0,0,0,3905.32,2,"Floră",-20.441,-47.43,0,0,,,,,192,1
164,6,1,3,6,0,0,2,1,0,0,5,255,255,83,3927.199,"TaeGeuk_",R,32,70,123,-0.629,0.305,0.216,1.035,-0.667,1.766,-36.573,26.65,2,0,240.683,-56.978,13.192,0,0,1,3,2,R,"ディシジョン",190,93,0.54,3,67,W,Y,3928.376,217,46,114,25,6,145,127,-13.309,41.278,0.25,0.095,0.34,53.204,591.877,-37.609,-0.26,-37.123,0,"Kr_Luna",0.03,-17.42,0,"Floră",-21.266,-47.599,86,"_앰프_",-17.555,-59.915,0,"눈꽃",18.855,-48.444,0,"_이누_",5.063,-65.827,0,"인생최패망자",43.873,-88.19,0,"AI",0,-109.84,0,"Rite_",-47.242,-86.7,0,3928.087,-4.166,-22.191,3929.412,2,"Floră",-23.502,-43.677,0,0,,,,,192,2
165,6,1,3,6,0,1,2,1,0,0,5,255,255,84,3944.426,"TaeGeuk_",R,3,77,117,-2.004,-0.511,0.325,0.896,-0.161,1.318,-36.677,40.954,2,0,-417.055,0,4.607,0,0,1,3,2,R,"ディシジョン",190,93,0.54,3,66,W,Y,3945.615,232,55,144,142,97,145,107,-15.002,48.715,0.94,0.095,0.378,-99.423,392.782,-85.109,0.274,-37.653,0,"Kr_Luna",-0.009,-17.441,0,"Floră",-21.087,-47.595,0,"_앰프_",-17.808,-60.735,0,"눈꽃",18.288,-47.488,0,"_이누_",12.424,-64.337,0,"인생최패망자",44.577,-87.325,0,"AI",0,-109.84,0,"Rite_",-49.643,-87.497,0,3946.028,-18.21,-33.955,0,0,"",0,0,0,0,,,,,128,3
166,6,1,3,6,0,2,2,1,0,0,5,255,255,85,3959.167,"TaeGeuk_",R,10,63,95,0.114,-1.71,0.403,0.819,0.135,1.264,-36.821,38.571,2,0,-40.506,400,24.894,0,0,1,3,2,R,"ディシジョン",190,93,0.54,3,66,W,Y,3960.445,242,93,222,158,101,145,93,-13.976,4.328,0.97,0.143,0.35,-12.665,144.192,-262.574,0.069,-37.862,106,"Kr_Luna",-0.082,-17.531,0,"Floră",-21.222,-48.243,84,"_앰프_",-16.367,-60.667,0,"눈꽃",17.598,-47.388,0,"_이누_",9.139,-64.5,0,"인생최패망자",42.88,-88.318,0,"AI",0,-109.84,0,"Rite_",-49.026,-86.855,0,3960.778,-0.315,-38.161,3961.47,1,"-라후이-",-0.332,-40.653,0,0,3994.178,3966.382,,,212,1
167,6,0,3,6,0,0,0,0,0,0,255,255,255,80,4052.527,"ddil_ddil69",R,45,56,98,11.152,1.593,0.365,1.931,4.754,1.917,-37.447,101.568,1,0,158.557,-76.524,13.571,3.523,-10.824,0,2,6,R,"인생최패망자",190,80,0.299,0,66,W,Y,0,0,0,0,0,0,0,0,0,0,0,0,0,0,0,0,-0.013,-37.249,0,"-라후이-",2.049,-16.603,0,"ディシジョン",-21.644,-46.269,0,"아침땅_",-16.689,-62.857,0,"_송글_",22.141,-49.641,0,"ByeolBam",13.212,-64.546,0,"가앤슬_",47.98,-105.212,0,"AI",0,-109.84,0,"HANA_ARASHI",-45.132,-96.181,0,0,0,0,0,0,"",0,0,0,0,,,,,0,0
168,6,0,3,6,1,0,0,0,0,0,255,255,255,81,4067.039,"ddil_ddil69",R,26,60,101,-0.633,0.148,0.101,1.933,-0.306,1.467,-36.768,46.543,0,0,13.053,-200,3.786,0,0,0,2,6,R,"인생최패망자",190,80,0.299,0,66,W,Y,0,0,0,0,0,0,0,0,0,0,0,0,0,0,0,0,-0.162,-37.251,0,"-라후이-",-0.114,-17.469,0,"ディシジョン",-21.561,-46.029,0,"아침땅_",-16.516,-62.827,0,"_송글_",22.101,-49.589,0,"ByeolBam",13.188,-64.525,0,"가앤슬_",47.982,-105.216,0,"AI",0,-109.84,0,"HANA_ARASHI",-42.627,-95.003,0,0,0,0,0,0,"",0,0,0,0,4068.378,,,,0,0
169,6,0,3,6,1,1,0,0,0,0,255,255,255,82,4080.22,"ddil_ddil69",R,26,69,122,-0.886,1.301,0.123,2.1,-0.397,2.2,-37.042,70.942,1,0,4.142,-200,11.556,0,0,0,2,6,R,"인생최패망자",190,80,0.299,0,66,W,Y,0,0,0,0,0,0,0,0,0,0,0,0,0,0,0,0,-0.135,-37.093,0,"-라후이-",-0.075,-17.458,0,"ディシジョン",-21.956,-46.26,0,"아침땅_",-16.454,-62.873,0,"_송글_",22.027,-49.509,0,"ByeolBam",13.213,-64.529,0,"가앤슬_",47.975,-105.224,0,"AI",0,-109.84,0,"HANA_ARASHI",-43.599,-95.938,0,0,0,0,0,0,"",0,0,0,0,4081.445,,,,0,0
170,6,0,3,6,2,1,0,0,0,0,255,255,255,83,4093.779,"ddil_ddil69",R,26,63,117,-1.348,-0.391,0.068,1.872,-0.614,1.178,-36.595,37.752,0,0,14.385,-168.59,1.178,0,0,0,2,6,R,"인생최패망자",190,80,0.299,0,66,W,Y,0,0,0,0,0,0,0,0,0,0,0,0,0,0,0,0,-0.116,-37.18,0,"-라후이-",-0.109,-17.284,0,"ディシジョン",-21.829,-46.152,0,"아침땅_",-16.408,-62.805,0,"_송글_",22.092,-49.577,0,"ByeolBam",13.192,-64.565,0,"가앤슬_",48.609,-105.264,0,"AI",0,-109.84,0,"HANA_ARASHI",-42.459,-94.835,0,0,0,0,0,0,"",0,0,0,0,4095.078,,,,0,0
171,6,0,3,6,2,2,0,0,0,0,255,255,255,84,4111.31,"ddil_ddil69",R,28,48,105,2.392,0.404,0.307,1.993,0.893,1.782,-37.075,74.383,4,0,65.366,-69.525,0.734,0,0,1,2,6,R,"인생최패망자",190,80,0.299,0,67,W,Y,0,0,0,0,0,0,0,0,0,0,0,0,0,0,0,0,-0.152,-37.159,0,"-라후이-",0.158,-17.542,0,"ディシジョン",-22.033,-46.697,0,"아침땅_",-16.461,-62.877,0,"_송글_",22.126,-49.448,0,"ByeolBam",13.216,-64.535,0,"가앤슬_",51.348,-102.926,0,"AI",0,-109.84,0,"HANA_ARASHI",-42.567,-96.406,0,0,0,0,0,0,"",0,0,0,0,4112.595,,,,0,0
172,6,0,3,6,0,0,1,0,0,0,255,255,255,85,4133.176,"ddil_ddil69",R,26,78,129,-2.039,-0.325,0.005,1.88,-0.905,1.203,-36.646,35.466,1,0,10.379,-198.211,4.69,0,0,0,3,1,L,"Kr_Luna",190,95.297,0.498,0,66,W,Y,0,0,0,0,0,0,0,0,0,0,0,0,0,0,0,0,-0.163,-37.03,0,"-라후이-",-0.199,-17.513,0,"ディシジョン",-21.669,-46.223,0,"아침땅_",-11.766,-65.341,0,"_송글_",23.909,-49.732,0,"ByeolBam",15.072,-64.164,0,"가앤슬_",55.056,-103.556,0,"AI",0,-109.84,0,"HANA_ARASHI",-42.25,-100.872,0,0,0,0,0,0,"",0,0,0,0,4134.262,,,,0,0
173,6,0,3,6,1,0,1,0,0,0,255,255,255,86,4148.603,"ddil_ddil69",R,26,64,104,-0.536,0.305,0.188,1.953,-0.132,1.566,-36.937,65.726,2,0,-51.143,-200,-0.715,0,0,0,3,1,L,"Kr_Luna",190,95.297,0.498,3,66,W,Y,4149.672,163,126,122,84,55,145,87,18.517,1.35,1,0,0.156,-12.665,144.192,-262.574,0.088,-36.856,0,"-라후이-",0.054,-17.792,0,"ディシジョン",-21.452,-46.7,0,"아침땅_",-11.755,-65.297,0,"_송글_",23.972,-49.833,0,"ByeolBam",15.398,-63.727,76,"가앤슬_",51.099,-107.733,0,"AI",0,-109.84,0,"HANA_ARASHI",-42.575,-105.243,0,4153.37,-1.783,-90.069,4154.028,7,"AI",-1.84,-92.662,1,0,,,,,18,2
174,6,0,3,6,0,0,1,1,0,0,11,255,255,87,4172.811,"ddil_ddil69",R,26,72,124,3.888,1.873,0.286,2.086,1.467,2.641,-37.264,84.491,3,0,82.692,-183.236,12.354,0.226,-21.701,0,4,5,R,"_이누_",190,89.841,0.451,0,66,W,Y,0,0,0,0,0,0,0,0,0,0,0,0,0,0,0,0,-0.081,-36.971,0,"-라후이-",0.594,-19.049,0,"ディシジョン",-19.783,-41.54,0,"아침땅_",-11.602,-62.946,0,"_송글_",22.2,-48.665,0,"ByeolBam",12.201,-63.476,0,"가앤슬_",48.318,-108.251,0,"AI",0,-109.84,0,"HANA_ARASHI",-42.176,-97.771,0,0,0,0,0,0,"",0,0,0,0,4176.912,,,,0,6
175,6,0,3,6,2,0,1,1,0,0,15,255,255,88,4198.855,"ddil_ddil69",R,26,64,118,3.399,0.094,0.119,2.073,-0.531,1.963,-36.968,55.782,2,0,1.926,-198.781,-0.225,0,0,1,4,5,R,"_이누_",190,89.841,0.451,3,66,W,Y,4200.174,236,109,124,78,46,145,130,22.63,-23.353,0.45,0,0.182,192.044,476.932,-4.697,-0.156,-37.145,0,"-라후이-",-0.155,-17.56,0,"ディシジョン",-19.6,-42.13,0,"아침땅_",-11.24,-62.795,0,"_송글_",21.859,-48.712,0,"ByeolBam",10.255,-62.787,85,"가앤슬_",43.342,-104.355,90,"AI",0,-109.84,0,"HANA_ARASHI",-42.864,-98.563,0,4204.72,31.85,-126.336,4206.337,7,"AI",25.906,-120.367,1,0,,4205.203,4210.569,,146,2
176,6,0,3,6,0,0,1,0,1,1,255,15,11,89,4236.037,"ddil_ddil69",R,39,59,100,0.092,-0.098,0.151,1.862,-0.152,1.313,-36.751,44.123,2,0,87.328,-200,-4.47,0,0,1,5,4,L,"눈꽃",190,90,0.6,3,67,W,Y,4237.065,170,155,105,129,81,145,112,25.159,-24.103,0.86,0,0.457,38.037,-73.163,-186.685,-0.132,-36.914,0,"-라후이-",-0.11,-17.713,0,"ディシジョン",-21.146,-46.024,0,"아침땅_",-12.429,-65.088,0,"_송글_",18.79,-42.705,85,"ByeolBam",13.138,-61.203,0,"가앤슬_",45.229,-100.646,94,"AI",0,-109.84,0,"HANA_ARASHI",-38.723,-105.94,0,4241.22,41.611,-107.96,4241.437,6,"가앤슬_",40.575,-105.837,0,0,,4242.619,4243.44,,176,1
177,6,0,3,6,1,0,2,0,1,1,255,15,11,90,4274.333,"ddil_ddil69",R,0,0,0,0,0,0,0,0,0,0,0,0,0,0,0,0,0,0,0,6,2,R,"Floră",190,85,0.403,0,67,W,Y,0,0,0,0,0,0,0,0,0,0,0,0,0,0,0,0,0,0,0,"",0,0,0,"",0,0,0,"",0,0,0,"",0,0,0,"",0,0,0,"",0,0,0,"",0,0,0,"",0,0,0,0,0,0,0,0,"",0,0,0,0,4275.579,,,,0,0
178,6,0,3,6,1,0,2,0,1,1,255,15,11,91,4297.741,"ddil_ddil69",R,26,70,123,-1.482,-0.61,0.063,1.833,-0.636,1.05,-36.587,32.025,2,0,-7.95,-160.811,-2.12,0,0,1,6,2,R,"Floră",190,85,0.403,3,67,W,Y,4299.136,166,151,111,82,0,145,130,-11.058,10.702,0.46,0,0.567,-463.678,334.901,177.892,-0.094,-37.12,91,"-라후이-",-0.347,-17.69,0,"ディシジョン",-22.441,-46.853,0,"아침땅_",-16.336,-62.749,0,"_송글_",21.881,-46.821,100,"ByeolBam",11.625,-61.842,96,"가앤슬_",47.04,-100.951,0,"AI",0,-109.84,0,"HANA_ARASHI",-41.363,-98.147,0,4299.412,-5.15,-43.3,4305.662,7,"AI",-24.917,-129.98,1,0,,4309.758,4304.287,4303.566,50,2
179,6,0,3,8,0,0,2,0,0,1,255,255,12,92,4347.529,"ddil_ddil69",R,10,61,96,0.365,-0.733,0.268,1.995,0.151,1.689,-36.953,61.706,2,0,0,276.02,-3.914,0,0,1,7,0,R,"TaeGeuk_",174.2,85.656,0.644,3,67,W,Y,4348.611,255,170,100,145,94,145,126,25.866,47.32,0.39,0,0.207,19.675,-361.949,-145.753,0.016,-36.982,0,"-라후이-",0.009,-17.374,0,"ディシジョン",-21.925,-46.503,0,"아침땅_",-16.088,-62.719,0,"_송글_",20.008,-45.962,0,"ByeolBam",10.902,-64.541,0,"가앤슬_",46.898,-100.389,0,"AI",0,-109.84,0,"HANA_ARASHI",-39.391,-93.515,0,4353.153,-78.777,-107.489,0,0,"",0,0,0,0,4389.928,4358.977,4348.276,4354.165,150,4
180,7,1,3,9,0,0,0,0,0,0,255,255,255,86,4497.501,"TaeGeuk_",R,32,85,138,-0.656,-0.33,0.239,0.951,-0.561,1.475,-36.721,41.433,0,0,189.384,28.704,9.184,0,0,0,4,0,R,"ddil_ddil69",170.2,80,0.353,0,66,W,Y,0,0,0,0,0,0,0,0,0,0,0,0,0,0,0,0,-0.293,-38.035,0,"Kr_Luna",0.013,-17.259,0,"Floră",-20.217,-47.272,0,"_앰프_",-14.832,-59.586,0,"눈꽃",20.29,-47.39,0,"_이누_",11.483,-65.14,0,"인생최패망자",40.962,-84.771,0,"AI",0,-109.84,0,"Rite_",-45.443,-90.357,0,0,0,0,0,0,"",0,0,0,0,4498.495,,,,0,0
181,7,1,3,9,0,1,0,0,0,0,255,255,255,87,4509.376,"TaeGeuk_",R,32,84,137,0.468,-0.859,0.349,0.873,-0.049,1.194,-36.715,48.962,0,0,170.61,42.169,2.742,0,0,0,4,0,R,"ddil_ddil69",170.2,80,0.353,0,66,W,Y,0,0,0,0,0,0,0,0,0,0,0,0,0,0,0,0,0.003,-36.88,0,"Kr_Luna",0.006,-17.241,0,"Floră",-20.748,-47.904,0,"_앰프_",-16.364,-60.026,0,"눈꽃",19.77,-48.316,0,"_이누_",11.337,-65.019,0,"인생최패망자",40.953,-84.768,0,"AI",0,-109.84,0,"Rite_",-45.204,-90.564,0,0,0,0,0,0,"",0,0,0,0,4510.312,,,,0,0
182,7,1,3,9,0,2,0,0,0,0,255,255,255,88,4520.267,"TaeGeuk_",R,32,89,140,-1.435,0.168,0.156,1.043,-0.946,1.809,-36.607,32.316,2,0,233.429,80.546,4.815,0,0,0,4,0,R,"ddil_ddil69",170.2,80,0.353,3,66,W,Y,4521.378,255,100,143,72,33,145,124,27.585,20.338,0.32,0,0.364,333.789,-240.688,36.532,-0.253,-37.168,0,"Kr_Luna",0.043,-17.247,0,"Floră",-21.185,-48.358,0,"_앰프_",-16.796,-60.303,0,"눈꽃",19.911,-48.126,0,"_이누_",13.38,-63.413,0,"인생최패망자",40.933,-85.22,0,"AI",0,-109.84,0,"Rite_",-45.268,-90.799,0,4526.354,-34.59,-126.269,4528.278,7,"AI",-29.558,-121.069,1,0,,4531.192,,,144,2
183,7,1,3,9,0,0,0,0,1,0,255,0,255,89,4547.296,"TaeGeuk_",R,32,88,140,0.33,-0.69,0.315,0.891,-0.206,1.3,-36.772,48.005,2,0,241.616,97.233,6.293,0,0,1,5,4,R,"_송글_",190,91.844,0.315,3,66,W,Y,4548.239,201,21,113,0,0,136,85,-39.421,33.875,-0.8,0,0.472,-496.442,323.859,-71.245,-0.261,-37.429,0,"Kr_Luna",0.042,-17.463,0,"Floră",-15.108,-41.527,102,"_앰프_",-15.006,-60.505,0,"눈꽃",18.991,-40.634,86,"_이누_",0.39,-60.897,0,"인생최패망자",42.037,-84.942,0,"AI",0,-109.84,0,"Rite_",-46.167,-92.069,0,4549.312,-15.831,-41.652,4549.495,2,"Floră",-13.54,-38.592,0,0,,,4551.678,,224,1
184,7,1,3,9,0,0,1,0,0,1,255,255,255,90,4580.265,"TaeGeuk_",R,34,71,123,0.503,-0.679,0.329,0.85,0.109,1.261,-36.942,57.628,0,0,59.75,46.348,0.982,0,0,0,6,8,R,"HANA_ARASHI",190,90,0.25,0,66,W,Y,0,0,0,0,0,0,0,0,0,0,0,0,0,0,0,0,-0.162,-37.504,0,"Kr_Luna",0.037,-17.255,0,"Floră",-12.531,-39.002,0,"_앰프_",-15.586,-60.553,0,"눈꽃",18.97,-42.371,0,"_이누_",11.308,-65.303,0,"인생최패망자",41.124,-82.174,0,"AI",0,-109.84,0,"Rite_",-47.111,-89.974,0,0,0,0,0,0,"",0,0,0,0,4581.037,,4582.965,,0,0
185,7,1,3,9,0,1,1,0,0,1,255,255,255,91,4593.416,"TaeGeuk_",R,3,69,111,-1.584,-0.885,0.382,0.827,0.106,1.093,-36.801,55.314,4,0,-433.137,0,5.12,0,0,1,6,8,R,"HANA_ARASHI",190,90,0.25,0,66,W,Y,0,0,0,0,0,0,0,0,0,0,0,0,0,0,0,0,-0.279,-37.269,0,"Kr_Luna",0.056,-17.252,0,"Floră",-13.002,-39.869,0,"_앰프_",-14.962,-60.723,0,"눈꽃",19.05,-42.341,0,"_이누_",10.433,-64.134,0,"인생최패망자",40.859,-83.085,0,"AI",0,-109.84,0,"Rite_",-45.256,-84.768,0,0,0,0,0,0,"",0,0,0,0,4594.253,,4594.972,,0,0
186,7,1,3,9,0,2,1,0,0,1,255,255,255,92,4605.039,"TaeGeuk_",R,33,44,102,4.979,-1.032,0.569,0.799,1.892,0.973,-37.401,99.717,3,0,117.218,4.546,6.855,0.806,-21.708,0,6,8,R,"HANA_ARASHI",190,90,0.25,0,66,W,Y,0,0,0,0,0,0,0,0,0,0,0,0,0,0,0,0,0.32,-36.833,0,"Kr_Luna",0.379,-18.381,0,"Floră",-12.939,-39.267,0,"_앰프_",-15.362,-60.664,0,"눈꽃",18.915,-40.707,0,"_이누_",11.002,-63.637,0,"인생최패망자",39.995,-82.948,0,"AI",0,-109.84,0,"Rite_",-44.757,-85.215,0,0,0,0,0,0,"",0,0,0,0,4609.579,,,,0,6
187,7,1,3,9,0,0,1,1,0,1,8,255,0,93,4632.705,"TaeGeuk_",R,32,79,129,-5.169,0.978,0.058,1.079,-2.583,2.153,-36.536,18.953,1,0,217.783,-61.452,18.073,0,0,0,7,6,R,"가앤슬_",180,83.179,0.2,0,66,W,Y,0,0,0,0,0,0,0,0,0,0,0,0,0,0,0,0,-0.475,-37.101,0,"Kr_Luna",0.859,-17.557,0,"Floră",-20.47,-45.624,0,"_앰프_",-14.797,-60.613,0,"눈꽃",17.981,-44.209,0,"_이누_",6.979,-64.856,0,"인생최패망자",42.467,-86.417,0,"AI",0,-109.84,0,"Rite_",-44.961,-84.999,0,0,0,0,0,0,"",0,0,0,0,4633.479,,4635.846,,0,0
188,7,1,3,9,1,0,1,1,0,1,8,255,0,94,4645.131,"TaeGeuk_",R,33,79,129,1.276,-0.497,0.433,0.903,0.341,1.323,-36.921,53.127,0,0,126.684,-11.968,2.962,0,0,0,7,6,R,"가앤슬_",180,83.179,0.2,0,66,W,Y,0,0,0,0,0,0,0,0,0,0,0,0,0,0,0,0,0.862,-37.205,0,"Kr_Luna",0.031,-17.518,0,"Floră",-20.742,-44.447,0,"_앰프_",-16.405,-61.993,0,"눈꽃",18.212,-43.852,0,"_이누_",7.268,-64.629,0,"인생최패망자",42.418,-86.469,0,"AI",0,-109.84,0,"Rite_",-44.883,-84.935,0,0,0,0,0,0,"",0,0,0,0,4645.97,,4647.469,,0,0
189,7,1,3,9,1,1,1,1,0,1,8,255,0,95,4656.235,"TaeGeuk_",R,32,81,131,-2.814,2.09,0.252,1.114,-1.502,2.824,-36.455,14.941,1,0,192.844,-59.269,24.143,0,0,0,7,6,R,"가앤슬_",180,83.179,0.2,0,66,W,Y,0,0,0,0,0,0,0,0,0,0,0,0,0,0,0,0,-0.301,-37.905,0,"Kr_Luna",-0.107,-17.65,0,"Floră",-20.929,-44.024,0,"_앰프_",-16.531,-61.924,0,"눈꽃",18.662,-42.487,0,"_이누_",8.623,-65.256,0,"인생최패망자",42.457,-86.432,0,"AI",0,-109.84,0,"Rite_",-44.898,-84.925,0,0,0,0,0,0,"",0,0,0,0,4657.07,,4659.729,,0,0
190,7,1,3,9,2,1,1,1,0,1,8,255,0,96,4669.491,"TaeGeuk_",R,3,69,112,-1.286,-0.622,0.398,0.889,0.181,1.273,-36.802,41.13,2,0,-399.142,0,-0.511,0,0,1,7,6,R,"가앤슬_",180,83.179,0.2,3,66,W,Y,4670.656,158,83,94,62,62,145,128,8.78,30.732,0.68,0,0.416,89.241,572.627,44.996,0.172,-37.668,0,"Kr_Luna",0.005,-17.58,0,"Floră",-19.849,-45.986,94,"_앰프_",-16.328,-61.893,0,"눈꽃",17.832,-44.791,0,"_이누_",14.132,-63.377,0,"인생최패망자",42.442,-86.425,0,"AI",0,-109.84,0,"Rite_",-44.706,-84.76,0,0,0,0,4671.52,2,"Floră",-17.006,-46.089,0,64,4678.962,,4675.199,,72,1
