id,inn,half,scoreA,scoreB,ball,strk,out,b1,b2,b3,b1Idx,b2Idx,b3Idx,pCnt,pSec,pName,pHand,pType,pPow,spdK,zoneX,zoneY,startX,startY,targetX,targetY,zDist,pitchAngle,pOver,pSide,pUnder,call,balk,sH,sV,gyro,plx,plz,bSwing,bIdx,bPos,bZone,bName,bHCm,batLen,batCen,batType,bFps,bOS,bVR,hSec,rotS,rotL,shS,lgS,prepS,batSpd,ev,ldeg,sdeg,hPos,buntGrip,handDist,angVeloX,angVeloY,angVeloZ,PPosX,PPosY,PThrSpd,CName,CPosX,CPosY,CThrSpd,1BName,1BPosX,1BPosY,1BThrSpd,2BName,2BPosX,2BPosY,2BThrSpd,3BName,3BPosX,3BPosY,3BThrSpd,SSName,SSPosX,SSPosY,SSThrSpd,LFName,LFPosX,LFPosY,LFThrSpd,CFName,CFPosX,CFPosY,CFThrSpd,RFName,RFPosX,RFPosY,RFThrSpd,ltSec,lx,lz,cSec,cPos,cPlr,cx,cz,1BSafe,tag,cpSec,sb2Sec,sb3Sec,sbhSec,ass,result
1,1,1,0,0,0,0,0,0,0,0,255,255,255,0,271.296,"Pugeuk",R,29,87,140,0.929,-0.492,0.335,1.419,0.626,1.195,-36.595,24.446,56,44,0,0,0,-196.506,-137.425,15.955,0,0,0,0,3,R,"DoYaGee",176.1,85,0.453,0,72,W,Y,0,0,0,0,0,0,0,0,0,0,0,0,0,0,0,0,0.181,-37.69,0,"shimenawa",-0.007,-17.112,0,"낑깡__",-18.513,-45.983,0,"_앰프_",-16.919,-62.01,0,"Slaris",20.077,-50.206,0,"CoalCat",11.6,-64.304,0,"PBGrrgaming",49.194,-97.791,0,"AI",0,-109.84,0,"-라후이-",-37.63,-87.272,0,0,0,0,0,0,"",0,0,0,0,271.721,,,,0,0
2,1,1,0,0,0,1,0,0,0,0,255,255,255,1,283.313,"Pugeuk",R,29,91,140,1.351,0.572,0.392,1.605,0.891,1.847,-36.595,30.177,63,37,0,2,0,-231.853,-99.403,14.908,0,0,0,0,3,R,"DoYaGee",176.1,85,0.453,3,72,W,Y,284.322,127,106,74,61,39,137,85,39.659,23.027,-0.63,0,0.218,-155.319,565.654,-126.143,0.27,-36.898,0,"shimenawa",0.07,-17.256,0,"낑깡__",-18.534,-45.94,0,"_앰프_",-16.868,-62.015,0,"Slaris",20.957,-49.858,0,"CoalCat",11.583,-64.301,0,"PBGrrgaming",49.31,-97.947,0,"AI",0,-109.84,0,"-라후이-",-37.649,-87.315,88,0,0,0,288.679,8,"-라후이-",-30.458,-73.212,0,0,,,,,22,1
3,1,1,0,0,0,0,1,0,0,0,255,255,255,2,308.885,"Pugeuk",R,29,85,138,-2.311,-1.029,0.042,1.323,-0.737,0.879,-36.595,24.6,59,41,0,4,0,-226.646,-131.083,15.579,0,0,1,1,6,R,"「론구」",179.9,80,0.2,0,69,W,Y,0,0,0,0,0,0,0,0,0,0,0,0,0,0,0,0,-0.238,-37.646,0,"shimenawa",-0.52,-17.314,0,"낑깡__",-19.461,-46.599,0,"_앰프_",-16.912,-62.375,0,"Slaris",20.98,-49.667,0,"CoalCat",8.804,-63.412,0,"PBGrrgaming",51.429,-100.703,0,"AI",0,-109.84,0,"-라후이-",-39.099,-86.179,0,0,0,0,0,0,"",0,0,0,0,309.462,,,,0,0
4,1,1,0,0,0,1,1,0,0,0,255,255,255,3,323.419,"Pugeuk",R,3,60,103,-2.134,0.498,0.201,1.637,0.006,1.953,-36.595,35.746,58,42,0,1,0,-467.826,19.484,8.915,0,0,0,1,6,R,"「론구」",179.9,80,0.2,0,69,W,Y,0,0,0,0,0,0,0,0,0,0,0,0,0,0,0,0,-0.239,-37.159,0,"shimenawa",-0.311,-17.275,0,"낑깡__",-19.313,-44.106,0,"_앰프_",-16.948,-62.232,0,"Slaris",20.443,-50.379,0,"CoalCat",9.139,-63.923,0,"PBGrrgaming",51.464,-100.713,0,"AI",0,-109.84,0,"-라후이-",-39.119,-86.107,0,0,0,0,0,0,"",0,0,0,0,324.137,,,,0,0
5,1,1,0,0,1,1,1,0,0,0,255,255,255,4,339.537,"Pugeuk",R,29,86,140,0.671,0.913,0.323,1.668,0.574,2.056,-36.595,27.645,56,44,0,0,0,-214.853,-105.031,8.681,0,0,0,1,6,R,"「론구」",179.9,80,0.2,0,69,W,Y,0,0,0,0,0,0,0,0,0,0,0,0,0,0,0,0,-0.391,-37.461,0,"shimenawa",0.263,-17.164,0,"낑깡__",-18.971,-46.146,0,"_앰프_",-17.011,-62.143,0,"Slaris",20.622,-50.299,0,"CoalCat",9.891,-64.49,0,"PBGrrgaming",51.459,-100.711,0,"AI",0,-109.84,0,"-라후이-",-38.823,-87.558,0,0,0,0,0,0,"",0,0,0,0,340.079,,,,0,0
6,1,1,0,0,1,2,1,0,0,0,255,255,255,5,354.274,"Pugeuk",R,13,69,97,-2.08,-1.043,0.148,1.494,-0.163,1.527,-36.595,29.865,40,60,0,4,0,-341.933,315.662,0,0,0,1,1,6,R,"「론구」",179.9,80,0.2,0,69,W,Y,0,0,0,0,0,0,0,0,0,0,0,0,0,0,0,0,-0.417,-37.719,0,"shimenawa",-0.275,-18.071,0,"낑깡__",-19.171,-44.959,0,"_앰프_",-17.002,-62.138,0,"Slaris",20.544,-50.387,0,"CoalCat",9.852,-64.49,0,"PBGrrgaming",51.519,-100.695,0,"AI",0,-109.84,0,"-라후이-",-38.856,-87.521,0,0,0,0,0,0,"",0,0,0,2,355.021,,,,0,0
7,1,1,0,0,0,0,2,0,0,0,255,255,255,6,372.375,"Pugeuk",R,29,83,135,0.659,1.019,0.326,1.672,0.585,2.071,-36.595,29.071,59,41,0,0,0,-250,-153.514,12.384,0,0,0,2,2,R,"레이나2",180.3,85.17,0.353,0,66,W,Y,0,0,0,0,0,0,0,0,0,0,0,0,0,0,0,0,0.19,-36.987,0,"shimenawa",0.019,-17.045,0,"낑깡__",-18.492,-45.585,0,"_앰프_",-17.066,-62.222,0,"Slaris",20.449,-50.348,0,"CoalCat",9.146,-64.539,0,"PBGrrgaming",51.384,-100.775,0,"AI",0,-109.85,0,"-라후이-",-38.899,-87.578,0,0,0,0,0,0,"",0,0,0,0,372.971,,,,0,0
8,1,1,0,0,0,1,2,0,0,0,255,255,255,7,383.417,"Pugeuk",R,29,83,135,-0.739,0.465,0.202,1.593,0.01,1.8,-36.595,24.04,59,41,0,2,0,-238.421,-90.201,12.882,0,0,1,2,2,R,"레이나2",180.3,85.17,0.353,3,66,W,Y,384.463,227,139,95,75,34,145,102,-79.007,-68.553,-0.07,0,0.153,353.222,481.638,-57.087,-0.167,-36.931,0,"shimenawa",-0.087,-17.453,0,"낑깡__",-18.398,-45.547,0,"_앰프_",-16.937,-62.162,0,"Slaris",20.452,-50.274,0,"CoalCat",9.277,-64.459,0,"PBGrrgaming",51.481,-100.672,0,"AI",0,-109.85,0,"-라후이-",-38.961,-87.601,0,383.687,0.369,-20.306,0,0,"",0,0,0,0,,,,,4,3
9,1,1,0,0,0,2,2,0,0,0,255,255,255,8,404.285,"Pugeuk",R,6,96,117,-0.878,-0.563,-0.185,1.385,-1.194,1.278,-36.595,9.772,57,43,0,0,0,480.694,0,26.138,0.54,-12.793,1,2,2,R,"레이나2",180.3,85.17,0.353,0,80,W,Y,0,0,0,0,0,0,0,0,0,0,0,0,0,0,0,0,0.049,-37.43,0,"shimenawa",0.788,-15.163,0,"낑깡__",-18.861,-43.83,0,"_앰프_",-17.698,-61.984,0,"Slaris",20.787,-50.409,0,"CoalCat",9.061,-65.516,0,"PBGrrgaming",53.917,-100.548,0,"AI",0,-109.84,0,"-라후이-",-46.358,-90.177,0,0,0,0,0,0,"",0,0,0,0,407.879,,,,0,0
10,1,0,0,0,0,0,0,0,0,0,255,255,255,0,530.6,"눈꽃",R,27,85,137,1.139,0.933,0.256,2.019,0.361,2.05,-36.64,24.341,86,14,0,0,0,91.288,-149.944,8.532,0,0,1,0,2,R,"낑깡__",190,80,0.398,0,63,W,Y,0,0,0,0,0,0,0,0,0,0,0,0,0,0,0,0,0.435,-37.438,0,"Kr_Luna",0.057,-17.528,0,"레이나2",-20.931,-44.867,0,"DoYaGee",-16.057,-61.584,0,"Sabo_10",19.628,-48.076,0,"coder_",10.091,-69.076,0,"「론구」",41.593,-96.009,0,"schmoneymikey",-6.509,-115.147,0,"AI",-40.8,-90.55,0,0,0,0,0,0,"",0,0,0,0,530.796,,,,0,0
11,1,0,0,0,0,1,0,0,0,0,255,255,255,1,543.16,"눈꽃",R,27,89,140,0.195,1.254,0.18,2.081,-0.072,2.27,-36.64,25.108,83,17,0,1,0,110.807,-131.919,11.078,0,0,0,0,2,R,"낑깡__",190,80,0.398,0,63,W,Y,0,0,0,0,0,0,0,0,0,0,0,0,0,0,0,0,0.357,-37.274,0,"Kr_Luna",0.08,-17.549,0,"레이나2",-21.451,-46.219,0,"DoYaGee",-16.474,-61.395,0,"Sabo_10",19.597,-47.827,0,"coder_",9.635,-70.127,0,"「론구」",41.619,-96.012,0,"schmoneymikey",-5.432,-116.746,0,"AI",-40.8,-90.55,0,0,0,0,0,0,"",0,0,0,0,543.304,,,,0,0
12,1,0,0,0,1,1,0,0,0,0,255,255,255,2,553.682,"눈꽃",R,28,66,119,1.895,1.051,0.426,2.093,0.782,2.095,-36.64,56.878,75,25,0,2,0,52.005,-93.078,5.422,0,0,1,0,2,R,"낑깡__",190,80,0.398,3,63,W,Y,554.638,250,146,167,122,77,145,97,100.929,58.078,-0.48,0.095,0.352,92.769,480.969,346.501,0.253,-37.257,0,"Kr_Luna",0.028,-17.525,0,"레이나2",-21.175,-46.196,0,"DoYaGee",-17.262,-62.299,0,"Sabo_10",19.641,-48.012,0,"coder_",10.409,-71.504,0,"「론구」",41.621,-96.004,0,"schmoneymikey",-5.518,-116.69,0,"AI",-40.8,-90.55,0,0,0,0,0,0,"",0,0,0,0,,,,,256,3
13,1,0,0,0,1,2,0,0,0,0,255,255,255,3,570.444,"눈꽃",R,26,59,101,-0.458,0.096,0.145,1.792,-0.228,1.444,-36.64,11.442,40,60,0,2,0,11.651,-200,12.429,0,0,1,0,2,R,"낑깡__",190,80,0.398,3,74,W,Y,571.436,217,88,110,122,91,145,116,104.913,-57.966,0.16,0,0.22,85.317,593.356,25.485,0.291,-37.319,0,"Kr_Luna",0.017,-17.456,0,"레이나2",-21.22,-46.308,0,"DoYaGee",-16.497,-62.902,0,"Sabo_10",21.185,-49.535,0,"coder_",11.572,-70.299,0,"「론구」",47.139,-96.425,0,"schmoneymikey",-4.863,-116.414,0,"AI",-40.8,-90.55,0,0,0,0,0,0,"",0,0,0,0,,,,,256,3
14,1,0,0,0,1,2,0,0,0,0,255,255,255,4,584.836,"눈꽃",R,10,49,98,-1.298,-0.161,0.16,2.067,-0.569,2.126,-36.64,28.658,100,0,0,0,0,0,400,14.289,0,0,0,0,2,R,"낑깡__",190,80,0.398,0,75,W,Y,0,0,0,0,0,0,0,0,0,0,0,0,0,0,0,0,-0.267,-37.625,0,"Kr_Luna",0.046,-17.428,0,"레이나2",-21.16,-43.514,0,"DoYaGee",-16.316,-62.645,0,"Sabo_10",20.886,-49.391,0,"coder_",12.046,-69.087,0,"「론구」",47.627,-97.711,0,"schmoneymikey",-5.744,-116.43,0,"AI",-40.8,-90.55,0,0,0,0,0,0,"",0,0,0,0,585.212,,,,0,0
15,1,0,0,0,0,0,1,0,0,0,255,255,255,5,604.701,"눈꽃",R,26,89,140,0.647,0.38,0.213,1.929,0.114,1.689,-36.64,23.105,55,45,0,2,0,135.342,-170.084,5.415,0,0,1,1,4,R,"Slaris",190,85.69,0.452,3,62,W,Y,605.667,239,129,103,131,64,145,99,-4.396,37.567,-0.39,0,0.262,313.139,-511.596,-14.596,0.232,-37.255,0,"Kr_Luna",0.034,-17.436,0,"레이나2",-21.358,-46.382,85,"DoYaGee",-16.251,-62.678,0,"Sabo_10",23.282,-53.288,0,"coder_",11.765,-70.033,0,"「론구」",47.626,-97.728,0,"schmoneymikey",-7.682,-116.504,0,"AI",-40.8,-90.55,0,605.387,-6.809,-28.819,606.496,2,"레이나2",-18.272,-43.476,0,0,,,,,260,2
16,1,0,0,0,0,0,2,0,0,0,255,255,255,6,624.384,"눈꽃",R,27,95,140,0.205,0.326,0.171,1.911,-0.048,1.678,-36.64,11.158,46,54,0,0,0,111.43,-144.709,10.497,0,0,0,2,8,R,"-라후이-",190,87,0.498,0,62,W,Y,0,0,0,0,0,0,0,0,0,0,0,0,0,0,0,0,0.123,-37.365,0,"Kr_Luna",0.013,-17.433,0,"레이나2",-20.734,-44.871,0,"DoYaGee",-17.993,-60.764,0,"Sabo_10",23.128,-52.167,0,"coder_",10.587,-68.694,0,"「론구」",45.232,-97.913,0,"schmoneymikey",-8.915,-116.468,0,"ゆっち一",-21.028,-22.992,0,0,0,0,0,0,"",0,0,0,0,624.671,,,,0,0
17,1,0,0,0,0,1,2,0,0,0,255,255,255,7,656.944,"눈꽃",R,26,80,131,3.485,3.87,0.323,2.091,0.519,2.269,-36.64,38.194,81,19,0,2,0,126.111,-152.137,7.675,0,0,0,2,8,R,"-라후이-",190,87,0.498,3,62,W,Y,657.821,222,121,125,86,48,145,102,112.953,53.955,-0.26,0,0.232,521.705,91.611,281.836,0.206,-37.321,0,"Kr_Luna",0.123,-17.42,0,"레이나2",-21.533,-46.847,0,"DoYaGee",-18.421,-61.213,0,"Sabo_10",23.023,-52.117,0,"coder_",9.679,-70.137,0,"「론구」",40.891,-95.412,0,"schmoneymikey",-8.416,-117.681,0,"ゆっち一",-49.044,-93.33,0,0,0,0,0,0,"",0,0,0,0,,,,,256,3
18,1,0,0,0,0,2,2,0,0,0,255,255,255,8,671.316,"눈꽃",R,10,60,105,0.03,-0.538,0.226,1.901,-0.144,1.833,-36.64,17.624,70,30,0,2,0,76.256,400,-9.039,0,0,1,2,8,R,"-라후이-",190,87,0.498,3,62,W,Y,672.331,224,157,66,62,37,139,130,19.357,-34.651,0.42,0,0.123,-533.386,215.83,-170.05,0.227,-37.184,0,"Kr_Luna",0.014,-17.457,0,"레이나2",-21.628,-46.701,0,"DoYaGee",-18.683,-61.199,0,"Sabo_10",24.989,-50.993,0,"coder_",10.608,-69.851,0,"「론구」",41.496,-94.902,100,"schmoneymikey",-16.909,-123.542,0,"ゆっち一",-47.719,-92.507,0,674.621,45.732,-93.075,674.887,6,"「론구」",44.566,-91.089,0,0,,,,,130,1
19,2,1,0,0,0,0,0,0,0,0,255,255,255,9,724.667,"Pugeuk",R,29,83,135,-2.435,1.311,0.038,1.762,-0.754,2.359,-36.595,26.98,91,9,0,2,0,-250,-57.338,15.666,0,0,1,3,4,L,"Sabo_10",185.3,87.575,0.449,3,61,W,Y,725.479,196,130,138,89,49,145,89,61.254,40.502,-0.82,0,0.639,498.544,322.749,-85.363,-0.249,-37.114,0,"shimenawa",-0.428,-17.193,0,"낑깡__",-18.277,-46.255,0,"_앰프_",-13.228,-64.626,0,"Slaris",21.978,-50.412,0,"CoalCat",12.548,-64.246,0,"PBGrrgaming",45.145,-91.813,0,"AI",0,-109.842,0,"-라후이-",-38.151,-88.615,0,730.687,-39.973,-56.816,732.637,8,"-라후이-",-45.37,-61.522,0,0,,,,,132,2
20,2,1,0,0,0,1,0,0,0,0,255,255,255,10,759.317,"Pugeuk",R,29,82,134,-1.898,0.981,0.099,1.663,-0.471,2.028,-36.595,32.451,94,6,0,4,0,-250,-200,19.957,0,0,1,3,4,L,"Sabo_10",185.3,87.575,0.449,0,81,W,Y,0,0,0,0,0,0,0,0,0,0,0,0,0,0,0,0,-0.489,-37.367,0,"shimenawa",-0.47,-17.089,0,"낑깡__",-18.917,-46.971,0,"_앰프_",-14.51,-62.391,0,"Slaris",21.798,-50.626,0,"CoalCat",12.564,-64.129,0,"PBGrrgaming",46.596,-92.814,0,"ddil_ddil69",-498.903,4.517,0,"-라후이-",-43.579,-85.084,0,0,0,0,0,0,"",0,0,0,0,759.604,,,,0,0
21,2,1,0,0,0,2,0,0,0,0,255,255,255,11,775.762,"Pugeuk",R,13,69,98,1.048,-0.948,0.586,1.496,1.196,1.534,-36.595,45.799,42,58,0,0,0,-350.963,307.916,2.371,0,0,1,3,4,L,"Sabo_10",185.3,87.575,0.449,0,81,W,Y,0,0,0,0,0,0,0,0,0,0,0,0,0,0,0,0,-0.386,-37.34,0,"shimenawa",-0.238,-17.788,0,"낑깡__",-19.216,-45.827,0,"_앰프_",-12.98,-65.019,0,"Slaris",21.621,-50.759,0,"CoalCat",12.548,-64.105,0,"PBGrrgaming",46.391,-92.776,0,"ddil_ddil69",-498.903,4.517,0,"-라후이-",-43.076,-86.661,0,0,0,0,0,0,"",0,0,0,0,776.254,,,,0,0
22,2,1,0,0,0,0,1,0,0,0,255,255,255,12,794.417,"Pugeuk",R,26,91,140,0.287,-0.999,0.266,1.32,0.308,0.847,-36.595,24.452,49,51,0,2,0,-161.938,-200,18.123,0,0,1,4,7,L,"schmoneymikey",175.4,80,0.348,3,62,W,Y,795.513,255,169,75,69,0,145,127,-5.539,38.164,0.56,0,0.274,-170.992,543.787,-187.237,-0.028,-37.096,0,"shimenawa",-0.02,-17.209,0,"낑깡__",-18.336,-46.607,85,"_앰프_",-12.971,-65,0,"Slaris",21.464,-49.989,0,"CoalCat",12.649,-63.991,0,"PBGrrgaming",47.967,-94.3,0,"ddil_ddil69",0.117,-116.988,0,"-라후이-",-41.769,-87.982,0,795.037,-5.237,-26.819,796.137,2,"낑깡__",-18.23,-43.729,0,0,,,,,129,2
23,2,1,0,0,0,0,2,0,0,0,255,255,255,13,813.993,"Pugeuk",R,29,87,140,0.686,0.799,0.325,1.625,0.581,1.925,-36.595,26.899,93,7,0,2,0,-250,-132.565,20.344,0,0,1,5,5,R,"coder_",170,80,0.302,3,63,W,Y,815.043,173,69,90,49,26,145,122,35.506,45.147,0.7,0,0.355,285.69,496.269,-179.161,0.234,-36.943,0,"shimenawa",-0.032,-16.946,0,"낑깡__",-18.161,-45.845,0,"_앰프_",-17.375,-62.242,0,"Slaris",20.078,-50.043,0,"CoalCat",11.326,-64.153,0,"PBGrrgaming",49.835,-96.904,0,"ddil_ddil69",-0.014,-112.241,0,"-라후이-",-45.772,-82.353,0,819.721,-87.232,-87.291,0,0,"",0,0,0,0,,,,,128,3
24,2,1,0,0,0,1,2,0,0,0,255,255,255,14,832.107,"Pugeuk",R,29,82,134,1.877,-1.236,0.438,1.307,1.109,0.776,-36.595,39.691,50,50,0,1,0,-213.759,-134.172,20.949,0,0,0,5,5,R,"coder_",170,80,0.302,0,59,W,Y,0,0,0,0,0,0,0,0,0,0,0,0,0,0,0,0,-0.032,-37.55,0,"shimenawa",-0.038,-16.827,0,"낑깡__",-19.104,-45.25,0,"_앰프_",-17.363,-62.541,0,"Slaris",20.095,-50.02,0,"CoalCat",10.421,-64.643,0,"PBGrrgaming",49.211,-97.579,0,"ddil_ddil69",-4.651,-114.365,0,"-라후이-",-44.233,-86.469,0,0,0,0,0,0,"",0,0,0,0,832.712,,,,0,0
25,2,1,0,0,1,1,2,0,0,0,255,255,255,15,847.829,"Pugeuk",R,13,74,101,0.643,-1.454,0.514,1.425,0.973,1.353,-36.595,24.068,42,58,0,4,0,-342.47,332.987,-7.373,-0.064,-17.731,1,5,5,R,"coder_",170,80,0.302,0,59,W,Y,0,0,0,0,0,0,0,0,0,0,0,0,0,0,0,0,-0.072,-37.403,0,"shimenawa",-0.304,-18.727,0,"낑깡__",-18.832,-44.331,0,"_앰프_",-17.377,-62.485,0,"Slaris",20.173,-49.991,0,"CoalCat",10.357,-64.594,0,"PBGrrgaming",49.116,-97.614,0,"ddil_ddil69",-4.643,-114.409,0,"-라후이-",-43.911,-86.525,0,0,0,0,0,0,"",0,0,0,0,848.562,,,,0,0
26,2,1,0,0,1,2,2,0,0,0,255,255,255,16,864.321,"Pugeuk",R,29,81,131,-0.184,-0.977,0.24,1.362,0.187,0.973,-36.595,23.1,64,36,0,2,0,-186.222,-79.547,9.682,0,0,1,5,5,R,"coder_",170,80,0.302,3,59,W,Y,865.362,164,80,137,69,38,145,87,-5.896,15.47,-0.62,0,0.34,42.831,579.703,-148.696,-0.028,-36.895,120,"shimenawa",-0.09,-17.033,0,"낑깡__",-18.087,-45.899,100,"_앰프_",-17.355,-62.454,96,"Slaris",20.183,-49.972,0,"CoalCat",10.404,-64.52,0,"PBGrrgaming",49.205,-97.646,0,"ddil_ddil69",-4.83,-114.165,0,"-라후이-",-43.698,-87.42,0,864.787,-1.338,-24.763,867.671,1,"shimenawa",-11.304,-66.07,1,0,,,,,145,2
27,2,1,0,0,0,0,2,1,0,0,5,255,255,17,948.791,"Pugeuk",R,29,67,120,-1.218,2.114,0.154,1.847,-0.214,2.664,-36.595,45.786,94,6,0,1,0,-226.171,-193.905,5.78,0,0,0,6,8,L,"ゆっち一",180.9,84.105,0.397,0,64,W,Y,0,0,0,0,0,0,0,0,0,0,0,0,0,0,0,0,-0.315,-37.492,0,"shimenawa",0.051,-17.718,0,"낑깡__",-20.207,-42.078,0,"_앰프_",-7.652,-61.127,0,"Slaris",21.136,-49.659,0,"CoalCat",9.094,-61.329,0,"PBGrrgaming",47.743,-99.607,0,"ddil_ddil69",4.167,-111.293,0,"-라후이-",-41.969,-83.736,0,0,0,0,0,0,"",0,0,0,0,949.387,,,,0,0
28,2,1,0,0,1,0,2,1,0,0,5,255,255,18,961.478,"Pugeuk",R,29,84,136,-1.08,0.057,0.172,1.525,-0.129,1.568,-36.595,18.521,63,37,0,2,0,-250,-78.944,22.452,0,0,1,6,8,L,"ゆっち一",180.9,84.105,0.397,3,64,W,Y,962.535,218,77,89,55,23,145,96,94.59,81.622,-0.38,0,0.228,-260.725,-520.387,145.671,-0.352,-37.013,0,"shimenawa",-0.008,-17.118,0,"낑깡__",-19.342,-43.747,0,"_앰프_",-8.976,-59.891,0,"Slaris",21.141,-49.631,0,"CoalCat",11.016,-61.553,0,"PBGrrgaming",47.793,-99.611,0,"ddil_ddil69",4.537,-111.096,0,"-라후이-",-42.057,-83.951,0,968.179,49.735,-6.954,0,0,"",0,0,0,0,,,,,129,3
29,2,1,0,0,1,1,2,1,0,0,5,255,255,19,996.592,"Pugeuk",R,10,60,106,1.181,-0.1,0.307,1.688,0.496,2.122,-36.595,28.853,88,12,0,2,0,0,400,-7.011,0,0,1,6,8,L,"ゆっち一",180.9,84.105,0.397,3,64,W,Y,997.736,230,177,113,114,58,145,128,27.94,-11.781,0.53,0,0.294,536.167,-219.482,-156.055,-0.309,-37.346,0,"shimenawa",0.278,-17.353,0,"낑깡__",-19.8,-43.643,0,"_앰프_",-10.183,-59.316,0,"Slaris",21.473,-49.511,0,"CoalCat",10.761,-63.253,0,"PBGrrgaming",51.866,-100.369,0,"ddil_ddil69",2.085,-110.76,0,"-라후이-",-43.28,-82.909,0,1002.754,31.965,-135.073,0,0,"",0,0,0,0,,1001.878,1006.679,1011.462,128,4
30,2,1,2,0,0,0,2,0,0,0,255,255,255,20,1033.648,"Pugeuk",R,29,90,140,1.261,0.229,0.379,1.545,0.832,1.637,-36.595,28.638,55,45,0,0,0,-250,-141.26,14.109,0,0,0,7,1,L,"Kr_Luna",190,95.297,0.498,0,63,W,Y,0,0,0,0,0,0,0,0,0,0,0,0,0,0,0,0,0.149,-37.431,0,"shimenawa",0.201,-16.952,0,"낑깡__",-18.388,-46.471,0,"_앰프_",-12.772,-62.929,0,"Slaris",22.613,-50.515,0,"CoalCat",11.905,-63.433,0,"PBGrrgaming",55.073,-99.423,0,"ddil_ddil69",1.35,-119.19,0,"-라후이-",-43.141,-90.451,0,0,0,0,0,0,"",0,0,0,0,1033.921,,,,0,0
31,2,1,2,0,0,1,2,0,0,0,255,255,255,21,1046.094,"Pugeuk",R,26,78,128,-0.407,1.086,0.167,1.695,-0.152,2.122,-36.595,25.241,91,9,0,2,0,-20.25,-181.099,3.762,0,0,0,7,1,L,"Kr_Luna",190,95.297,0.498,3,63,W,Y,1046.975,170,68,100,35,17,145,89,27.187,-36.626,-0.86,0,0.165,-234.189,120.754,-539.049,-0.153,-36.784,0,"shimenawa",-0.036,-17.281,0,"낑깡__",-17.912,-46.362,0,"_앰프_",-12.976,-63.03,81,"Slaris",22.633,-50.557,0,"CoalCat",11.879,-63.434,0,"PBGrrgaming",55.09,-99.49,95,"ddil_ddil69",0.971,-119.2,0,"-라후이-",-42.425,-90.317,0,1049.412,35.949,-69.747,1051.412,6,"PBGrrgaming",44.702,-82.643,1,0,,,,,208,2
32,2,1,2,0,0,0,2,1,0,0,1,255,255,22,1075.468,"Pugeuk",R,29,85,138,0.105,0.022,0.267,1.513,0.311,1.536,-36.595,19.899,64,36,0,2,0,-200.629,-105.21,8.864,0,0,1,8,0,L,"눈꽃",190,85,0.6,3,64,W,Y,1076.435,237,181,50,108,57,136,92,103.95,12.988,-0.46,0,0.366,-323.132,501.562,63.412,0.299,-37.031,0,"shimenawa",0.003,-17.099,0,"낑깡__",-18.668,-44.717,0,"_앰프_",-11.635,-60.815,0,"Slaris",22.235,-49.535,0,"CoalCat",14.319,-61.883,0,"PBGrrgaming",50.525,-95.147,0,"ddil_ddil69",2.48,-118.492,0,"-라후이-",-39.61,-85.021,0,0,0,0,0,0,"",0,0,0,0,,,,,128,3
33,2,1,2,0,0,1,2,1,0,0,1,255,255,23,1094.694,"Pugeuk",R,29,83,135,0.329,0.959,0.272,1.646,0.335,1.963,-36.595,23.713,92,8,0,2,0,-241.28,-125.495,9.951,0,0,1,8,0,L,"눈꽃",190,85,0.6,3,64,W,Y,1095.698,255,112,101,95,28,145,114,21.933,-0.406,0.14,0,0.434,329.782,-366.241,-342.215,0.785,-38.175,0,"shimenawa",2.352,-18.484,0,"낑깡__",-18.337,-40.746,0,"_앰프_",-9.058,-61.151,0,"Slaris",22.349,-48.944,0,"CoalCat",11.078,-64.306,0,"PBGrrgaming",50.305,-94.695,0,"ddil_ddil69",2.732,-115.512,0,"-라후이-",-39.946,-90.626,0,1099.854,10.192,-121.873,1100.471,7,"ddil_ddil69",9.498,-117.3,0,0,,1100.995,,,256,1
34,2,0,2,0,0,0,0,0,0,0,255,255,255,9,1133.642,"눈꽃",R,27,93,140,-0.041,-0.372,0.181,1.881,-0.092,1.274,-36.64,19.127,60,40,0,0,0,57.434,-104.026,4.887,-0.052,-12.992,0,3,5,R,"CoalCat",170.3,80,0.351,0,65,W,Y,0,0,0,0,0,0,0,0,0,0,0,0,0,0,0,0,0.112,-37.22,0,"Kr_Luna",0,-17.561,0,"레이나2",-21.355,-45.848,0,"DoYaGee",-18.401,-61.563,0,"Sabo_10",19.268,-50.883,0,"coder_",9.558,-65.643,0,"「론구」",40,-89.173,0,"schmoneymikey",-0.123,-114.856,0,"ゆっち一",-47.298,-89.813,0,0,0,0,0,0,"",0,0,0,0,,,,,0,0
35,2,0,2,0,0,1,0,0,0,0,255,255,255,10,1150.334,"눈꽃",R,28,93,140,1.39,0.015,0.313,1.947,0.515,1.503,-36.64,24.57,85,15,0,2,0,59.122,-91.377,4.548,0,0,1,3,5,R,"CoalCat",170.3,80,0.351,3,65,W,Y,1151.287,223,94,77,65,22,145,90,-55.8,-13.393,-0.48,0,0.453,-549.096,36.178,239.133,0.391,-37.172,0,"Kr_Luna",0.029,-17.544,0,"레이나2",-21.071,-45.993,0,"DoYaGee",-18.345,-61.52,0,"Sabo_10",19.178,-50.998,106,"coder_",9.903,-66.555,0,"「론구」",38.096,-90.857,0,"schmoneymikey",-3.923,-115.361,0,"ゆっち一",-44.53,-85.65,0,1150.462,0.384,-19.972,1153.696,4,"Sabo_10",7.967,-51.555,0,0,,,,,268,2
36,2,0,2,0,0,0,1,0,0,0,255,255,255,11,1175.901,"눈꽃",R,27,86,140,0.799,0.938,0.229,1.986,0.229,1.987,-36.64,23.685,91,9,0,0,0,94.287,-141.5,7.23,0,0,0,4,3,R,"_앰프_",172.4,80,0.4,0,65,W,Y,0,0,0,0,0,0,0,0,0,0,0,0,0,0,0,0,0.379,-37.518,0,"Kr_Luna",-0.042,-17.521,0,"레이나2",-21.002,-44.393,0,"DoYaGee",-19.573,-60.153,0,"Sabo_10",19.894,-50.093,0,"coder_",8.569,-69.88,0,"「론구」",37.936,-90.949,0,"schmoneymikey",-5.186,-112.115,0,"ゆっち一",-43.22,-87.357,0,0,0,0,0,0,"",0,0,0,0,1176.262,,,,0,0
37,2,0,2,0,0,1,1,0,0,0,255,255,255,12,1190.674,"눈꽃",R,26,93,140,1.388,0.544,0.176,1.858,0.458,1.751,-36.64,12.687,60,40,0,0,0,103.678,-157.88,10.746,0,0,0,4,3,R,"_앰프_",172.4,80,0.4,0,65,W,Y,0,0,0,0,0,0,0,0,0,0,0,0,0,0,0,0,0.434,-37.388,0,"Kr_Luna",-0.04,-17.544,0,"레이나2",-20.747,-44.314,0,"DoYaGee",-19.582,-60.19,0,"Sabo_10",19.801,-50.074,0,"coder_",10.271,-66.027,0,"「론구」",38.102,-90.852,0,"schmoneymikey",-5.095,-112.135,0,"ゆっち一",-43.249,-87.34,0,0,0,0,0,0,"",0,0,0,0,1191.087,,,,0,0
38,2,0,2,0,0,2,1,0,0,0,255,255,255,13,1205.235,"눈꽃",R,26,89,140,1.401,1.62,0.271,2.085,0.469,2.355,-36.64,31.406,87,13,0,2,0,97.664,-162.188,7.21,0,0,1,4,3,R,"_앰프_",172.4,80,0.4,3,65,W,Y,1206.225,230,48,40,34,13,125,73,-3.86,29.704,-0.79,0,0.181,-4.076,520.113,-299.109,0.167,-37.304,0,"Kr_Luna",0.008,-17.524,0,"레이나2",-21.182,-46.393,0,"DoYaGee",-19.54,-60.154,0,"Sabo_10",19.404,-50.022,0,"coder_",9.675,-62.789,0,"「론구」",38.104,-90.858,0,"schmoneymikey",-5.1,-112.144,0,"ゆっち一",-43.228,-87.355,0,1206.029,-5.726,-29.399,1207.604,2,"레이나2",-14.776,-46.035,0,0,,,,,260,2
39,2,0,2,0,0,0,2,0,0,0,255,255,255,14,1224.68,"눈꽃",R,10,79,119,-1.225,-1.604,0.103,1.782,-0.536,1.108,-36.64,15.07,52,48,0,4,0,0,400,9.395,0,0,1,5,1,L,"shimenawa",174.5,95.071,0.305,0,66,W,Y,0,0,0,0,0,0,0,0,0,0,0,0,0,0,0,0,0.405,-37.42,0,"Kr_Luna",-0.044,-17.492,0,"레이나2",-20.624,-44.744,0,"DoYaGee",-11.174,-64.134,0,"Sabo_10",22.632,-53.026,0,"coder_",11.963,-67.764,0,"「론구」",47.654,-92.16,0,"schmoneymikey",7.806,-117.583,0,"ゆっち一",-39.822,-93.844,0,0,0,0,0,0,"",0,0,0,0,1225.129,,,,0,0
40,2,0,2,0,0,1,2,0,0,0,255,255,255,15,1237.775,"눈꽃",R,27,91,140,-1.245,0.277,0.039,1.893,-0.678,1.628,-36.64,10.034,46,54,0,2,0,98.064,-130.11,9.862,0,0,1,5,1,L,"shimenawa",174.5,95.071,0.305,3,106,W,Y,1238.822,122,66,72,0,0,85,64,-36.162,-1.633,-0.48,0,0.267,-531.899,-261.5,-93.282,0.424,-37.091,120,"Kr_Luna",-0.006,-17.49,0,"레이나2",-20.789,-47.144,0,"DoYaGee",-11.274,-65.237,0,"Sabo_10",22.541,-53.45,0,"coder_",12.327,-70.466,0,"「론구」",47.652,-92.148,0,"schmoneymikey",6.025,-117.488,0,"ゆっち一",-43.77,-92.572,0,1238.079,-0.186,-20.224,1239.529,0,"눈꽃",0.264,-34.967,0,0,,,,,388,2
41,3,1,2,0,0,0,0,0,0,0,255,255,255,24,1283.644,"Pugeuk",R,26,81,132,1.029,0.766,0.308,1.608,0.504,1.855,-36.595,28.412,42,57,1,2,0,-44.413,-200,7.921,0,0,0,0,3,R,"DoYaGee",176.1,85,0.453,3,66,W,Y,1284.697,122,125,92,73,47,137,82,32.796,19.864,-0.75,0,0.212,377.51,465.029,35.135,-0.062,-37.143,0,"shimenawa",-0.051,-16.872,0,"낑깡__",-18.741,-45.675,0,"_앰프_",-16.065,-62.48,0,"Slaris",21.995,-50.368,0,"CoalCat",10.315,-64.615,0,"PBGrrgaming",49.45,-92.945,0,"ddil_ddil69",-6.218,-117.717,0,"-라후이-",-41.776,-87.451,102,1288.787,-29.221,-79.535,1289.146,8,"-라후이-",-28.069,-77.615,0,0,,,,,132,1
42,3,1,2,0,0,0,1,0,0,0,255,255,255,25,1308.016,"Pugeuk",R,27,82,134,-0.764,1.232,0.126,1.71,-0.345,2.199,-36.595,32.465,90,10,0,1,0,5.73,-146.871,11.049,0,0,0,1,6,R,"「론구」",179.9,80,0.2,0,66,W,Y,0,0,0,0,0,0,0,0,0,0,0,0,0,0,0,0,-0.344,-37.929,0,"shimenawa",-0.047,-16.719,0,"낑깡__",-19.617,-46.875,0,"_앰프_",-16.483,-62.425,0,"Slaris",21.407,-49.984,0,"CoalCat",9.249,-64.163,0,"PBGrrgaming",48.818,-93.927,0,"ddil_ddil69",-7.245,-112.501,0,"-라후이-",-40.433,-87.349,0,0,0,0,0,0,"",0,0,0,0,1308.554,,,,0,0
43,3,1,2,0,1,0,1,0,0,0,255,255,255,26,1321.795,"Pugeuk",R,3,66,107,-1.296,1.127,0.272,1.737,0.336,2.292,-36.595,43.515,88,12,0,1,0,-474.165,0,-7.406,0,0,0,1,6,R,"「론구」",179.9,80,0.2,0,66,W,Y,0,0,0,0,0,0,0,0,0,0,0,0,0,0,0,0,-0.466,-36.965,0,"shimenawa",-0.526,-16.96,0,"낑깡__",-19.636,-46.824,0,"_앰프_",-16.126,-62.512,0,"Slaris",21.16,-50.073,0,"CoalCat",9.696,-64.098,0,"PBGrrgaming",48.324,-94.349,0,"ddil_ddil69",-7.199,-113.136,0,"-라후이-",-40.316,-87.155,0,0,0,0,0,0,"",0,0,0,0,1322.521,,,,0,0
44,3,1,2,0,2,0,1,0,0,0,255,255,255,27,1335.288,"Pugeuk",R,29,86,139,-0.448,0.969,0.228,1.665,0.132,2.046,-36.595,30.985,92,8,0,2,0,-250,-152.041,25.498,0,0,1,1,6,R,"「론구」",179.9,80,0.2,3,66,W,Y,1336.391,225,90,114,81,53,145,101,25.977,55.315,0.94,0,0.375,361.541,474.194,-66.545,-0.442,-37.037,0,"shimenawa",-1.16,-16.821,0,"낑깡__",-19.194,-46.404,0,"_앰프_",-16.102,-62.49,0,"Slaris",21.265,-50.136,0,"CoalCat",9.812,-64.013,0,"PBGrrgaming",48.435,-94.312,0,"ddil_ddil69",-7.239,-113.14,0,"-라후이-",-40.32,-87.219,0,1339.438,-69.306,-57.553,0,0,"",0,0,0,0,,,,,128,3
45,3,1,2,0,2,1,1,0,0,0,255,255,255,28,1353.541,"Pugeuk",R,29,82,134,-1.244,-0.477,0.159,1.424,-0.189,1.222,-36.595,25.343,60,40,0,0,0,-250,-108.738,19.428,0,0,0,1,6,R,"「론구」",179.9,80,0.2,0,66,W,Y,0,0,0,0,0,0,0,0,0,0,0,0,0,0,0,0,-0.019,-37.66,0,"shimenawa",-0.46,-17.044,0,"낑깡__",-18.808,-46.257,0,"_앰프_",-16.119,-61.272,0,"Slaris",20.274,-49.482,0,"CoalCat",10.769,-64.914,0,"PBGrrgaming",49.146,-95.543,0,"ddil_ddil69",-7.795,-113.133,0,"-라후이-",-39.376,-85.289,0,0,0,0,0,0,"",0,0,0,0,1354.112,,,,0,0
46,3,1,2,0,2,2,1,0,0,0,255,255,255,29,1370.434,"Pugeuk",R,10,76,104,3.241,-0.725,0.566,1.803,1.134,1.775,-36.595,39.359,88,12,0,4,0,130.948,400,-5.528,0,0,1,1,6,R,"「론구」",179.9,80,0.2,0,66,W,Y,0,0,0,0,0,0,0,0,0,0,0,0,0,0,0,0,-0.26,-37.22,0,"shimenawa",0.458,-16.968,0,"낑깡__",-18.515,-45.158,0,"_앰프_",-16.142,-61.639,0,"Slaris",20.345,-49.489,0,"CoalCat",10.731,-64.941,0,"PBGrrgaming",49.128,-95.548,0,"ddil_ddil69",-7.757,-113.134,0,"-라후이-",-39.4,-85.36,0,0,0,0,0,0,"",0,0,0,0,1371.137,,,,0,0
47,3,1,2,0,0,0,2,0,0,0,255,255,255,30,1427.617,"Pugeuk",R,29,83,134,0.393,1.233,0.302,1.711,0.476,2.204,-36.595,30.311,95,5,0,2,0,-218.641,-145.551,0.228,0,0,1,2,2,R,"레이나2",180.3,85.17,0.353,3,71,W,Y,1428.683,255,98,79,52,20,142,120,-30,-6.223,0.19,0,0.147,-599.335,-25.474,12.174,-0.096,-37.008,0,"shimenawa",-0.101,-17.193,0,"낑깡__",-18.449,-45.817,0,"_앰프_",-16.076,-61.634,0,"Slaris",20.35,-49.463,0,"CoalCat",10.269,-64.938,0,"PBGrrgaming",49.194,-95.65,0,"ddil_ddil69",-7.769,-113.448,85,"-라후이-",-39.326,-85.206,0,1427.946,0.311,-22.449,1431.754,7,"ddil_ddil69",6.407,-104.823,1,0,,,,,384,2
48,3,1,2,0,0,0,2,1,0,0,2,255,255,31,1454.736,"Pugeuk",R,26,89,140,-0.761,0.08,0.159,1.5,-0.193,1.487,-36.595,20.561,58,42,0,2,0,-111.168,-200,33.32,0,0,1,3,4,L,"Sabo_10",185.3,87.575,0.449,3,66,W,Y,1455.592,201,71,126,98,33,145,91,27.847,4.733,-0.69,0,0.507,345.216,-487.366,57.443,0.092,-36.946,0,"shimenawa",-0.209,-16.942,0,"낑깡__",-18.863,-43.947,0,"_앰프_",-11.357,-60.772,0,"Slaris",21.98,-49.561,0,"CoalCat",12.554,-62.063,0,"PBGrrgaming",48.601,-96.627,0,"ddil_ddil69",-1.539,-115.489,113,"-라후이-",-40.128,-87.236,0,1459.679,1.405,-97.547,1459.962,7,"ddil_ddil69",1.13,-95.299,0,0,,1460.588,,,256,1
49,3,0,2,0,0,0,0,0,0,0,255,255,255,16,1504.454,"눈꽃",R,45,57,99,0.776,0.647,0.215,1.929,-0.019,1.951,-36.64,9.915,21,79,0,2,0,191.749,1.196,1.279,0,0,1,6,6,R,"PBGrrgaming",160,95,0.5,3,66,W,Y,1505.734,253,114,12,90,31,47,47,104.675,67.078,0.43,0,0.224,260.621,342.827,-417.787,0.236,-37.235,0,"Kr_Luna",0.112,-17.695,0,"레이나2",-21.004,-46.253,0,"DoYaGee",-18.19,-59.99,0,"Sabo_10",20.566,-50.331,0,"coder_",10.026,-63.407,0,"「론구」",36.728,-88.154,0,"schmoneymikey",0.051,-115.733,0,"ゆっち一",-39.375,-83.459,0,1509.496,23.855,-11.993,0,0,"",0,0,0,0,,,,,256,3
50,3,0,2,0,0,1,0,0,0,0,255,255,255,17,1521.79,"눈꽃",R,39,42,88,-1.282,0.215,0.077,1.811,-0.817,1.422,-36.64,17.475,48,52,0,0,0,105.061,-193.931,-3.797,0,0,1,6,6,R,"PBGrrgaming",160,95,0.5,0,66,W,Y,0,0,0,0,0,0,0,0,0,0,0,0,0,0,0,0,0.184,-37.519,0,"Kr_Luna",0.02,-17.375,0,"레이나2",-21.418,-42.857,0,"DoYaGee",-18.139,-61.382,0,"Sabo_10",19.141,-48.198,0,"coder_",9.805,-62.046,0,"「론구」",33.874,-86.611,0,"schmoneymikey",-0.404,-115.436,0,"ゆっち一",-38.722,-80.761,0,0,0,0,0,0,"",0,0,0,0,1522.596,,,,0,0
51,3,0,2,0,0,2,0,0,0,0,255,255,255,18,1535.34,"눈꽃",R,39,47,91,-0.613,0.35,0.012,1.839,-0.711,1.491,-36.64,15.467,32,68,0,2,0,188.43,-200,-5.736,0,0,1,6,6,R,"PBGrrgaming",160,95,0.5,3,66,W,Y,1536.726,227,136,29,70,15,110,88,28.036,-15.83,0.08,0,0.24,452.622,-3.1,393.858,0.198,-37.287,0,"Kr_Luna",0.022,-17.401,0,"레이나2",-20.927,-46.054,0,"DoYaGee",-18.221,-61.218,0,"Sabo_10",18.689,-47.887,0,"coder_",9.82,-61.838,0,"「론구」",33.863,-86.615,0,"schmoneymikey",-9.434,-101.176,0,"ゆっち一",-38.981,-80.998,0,0,0,0,1540.987,6,"「론구」",18.443,-88.771,0,0,,,,,258,1
52,3,0,2,0,0,0,1,0,0,0,255,255,255,19,1561.184,"눈꽃",R,13,77,115,-1.345,-0.359,0.265,1.891,0.094,1.766,-36.64,13.964,55,45,0,2,0,-390.434,312.348,9.333,0,0,1,7,0,R,"Pugeuk",190,80,0.28,3,67,W,Y,1562.178,255,93,157,83,40,145,130,-6.239,44.86,0.65,0,0.899,502.974,-169.375,279.875,0.227,-37.44,0,"Kr_Luna",0.028,-17.474,100,"레이나2",-21.15,-46.832,0,"DoYaGee",-17.979,-61.781,0,"Sabo_10",23.543,-53.762,0,"coder_",9.526,-70.033,0,"「론구」",33.182,-87.668,0,"schmoneymikey",-3.89,-111.316,0,"ゆっち一",-47.497,-92.759,0,1561.612,-6.846,-27.323,1565.454,1,"Kr_Luna",-7.776,-23.261,1,0,1565.454,,,,384,2
53,3,0,2,0,0,0,1,1,0,0,10,255,255,20,1589.493,"눈꽃",R,27,90,140,0.117,-0.321,0.181,1.894,-0.06,1.305,-36.64,22.541,43,57,0,2,0,88.344,-102.404,7.272,0,0,1,8,7,R,"ddil_ddil69",174.8,90.368,0.401,3,67,W,Y,1590.547,157,64,113,68,39,145,97,7.214,30.612,-0.22,0,0.264,89.998,593.212,-0.247,-0.006,-37.157,0,"Kr_Luna",0.012,-17.601,0,"레이나2",-20.762,-45.564,0,"DoYaGee",-18.216,-59.635,0,"Sabo_10",18.677,-47.764,0,"coder_",6.4,-64.777,0,"「론구」",37.472,-91.707,0,"schmoneymikey",-4.692,-114.046,0,"ゆっち一",-45.842,-84.582,0,0,0,0,1591.313,2,"레이나2",-15.971,-43.903,0,128,,,,,132,1
54,4,1,2,0,0,0,0,0,0,0,255,255,255,32,1632.406,"Pugeuk",R,26,83,135,1.149,0.705,0.334,1.598,0.624,1.824,-36.595,32.845,43,57,0,2,0,-93.757,-200,5.588,0,0,1,4,7,L,"schmoneymikey",175.4,80,0.348,3,67,W,Y,1633.499,255,111,63,112,0,139,127,105.375,23.07,0.57,0,0.247,579.362,121.91,-97.354,-0.39,-37.166,0,"shimenawa",0.097,-17.185,0,"낑깡__",-18.778,-46.918,0,"_앰프_",-12.734,-61.518,0,"Slaris",20.41,-49.213,0,"CoalCat",12.874,-62.305,0,"PBGrrgaming",47.267,-92.186,0,"ddil_ddil69",5.341,-116.577,0,"-라후이-",-37.215,-85.355,0,0,0,0,0,0,"",0,0,0,0,,,,,128,3
55,4,1,2,0,0,1,0,0,0,0,255,255,255,33,1648.666,"Pugeuk",R,29,89,140,-0.075,-0.564,0.251,1.411,0.239,1.168,-36.595,17.853,65,35,0,0,0,-205.959,-123.868,17.658,0,0,0,4,7,L,"schmoneymikey",175.4,80,0.348,0,67,W,Y,0,0,0,0,0,0,0,0,0,0,0,0,0,0,0,0,0.064,-37.465,0,"shimenawa",-0.033,-16.945,0,"낑깡__",-19.035,-45.153,0,"_앰프_",-12.96,-63.782,0,"Slaris",20.239,-49.399,0,"CoalCat",12.482,-62.348,0,"PBGrrgaming",48.603,-94.835,0,"ddil_ddil69",5.66,-115.852,0,"-라후이-",-40.371,-87.797,0,0,0,0,0,0,"",0,0,0,0,1649.304,,,,0,0
56,4,1,2,0,0,2,0,0,0,0,255,255,255,34,1664.223,"Pugeuk",R,6,83,108,2.599,0.193,0.255,1.583,0.171,1.732,-36.595,22.762,56,44,0,4,0,490.909,0,31.064,0,0,1,4,7,L,"schmoneymikey",175.4,80,0.348,0,67,W,Y,0,0,0,0,0,0,0,0,0,0,0,0,0,0,0,0,0.141,-37.265,0,"shimenawa",0.794,-17.698,0,"낑깡__",-19.258,-45.555,0,"_앰프_",-12.96,-63.779,0,"Slaris",20.255,-49.451,0,"CoalCat",12.533,-62.308,0,"PBGrrgaming",48.072,-95.555,0,"ddil_ddil69",5.637,-115.888,0,"-라후이-",-39.435,-89.213,0,0,0,0,0,0,"",0,0,0,0,1665.012,,,,0,0
57,4,1,2,0,0,0,1,0,0,0,255,255,255,35,1686.635,"Pugeuk",R,6,87,110,0.417,0.532,-0.039,1.657,-0.741,1.911,-36.595,17.675,94,6,0,2,0,500,0,17.053,0,0,1,5,5,R,"coder_",170,80,0.302,3,66,W,Y,1687.789,246,71,70,77,50,144,88,99.14,22.832,-0.58,0,0.585,-582.356,142.748,-22.025,0.044,-37.314,0,"shimenawa",-0.063,-17.106,111,"낑깡__",-19.021,-46.349,0,"_앰프_",-16.494,-61.299,0,"Slaris",20.251,-49.373,0,"CoalCat",11.915,-62.823,0,"PBGrrgaming",48.909,-96.204,0,"ddil_ddil69",5.508,-116.44,0,"-라후이-",-39.267,-89.096,0,0,0,0,1693.587,1,"shimenawa",7.318,-12.185,0,0,1693.587,,,,160,1
58,4,1,2,0,0,0,2,0,0,0,255,255,255,36,1709.325,"Pugeuk",R,29,83,134,-2.707,0.607,0.023,1.628,-0.822,1.918,-36.595,17.063,89,11,0,1,0,-250,-55.254,20.059,0,0,0,6,8,L,"ゆっち一",180.9,84.105,0.397,0,66,W,Y,0,0,0,0,0,0,0,0,0,0,0,0,0,0,0,0,-0.06,-37.438,0,"shimenawa",-0.381,-16.725,0,"낑깡__",-18.353,-46.354,0,"_앰프_",-12.227,-63.574,0,"Slaris",21.041,-48.917,0,"CoalCat",12.83,-62.927,0,"PBGrrgaming",51.28,-94.499,0,"ddil_ddil69",3.654,-116.357,0,"-라후이-",-44.449,-90.356,0,0,0,0,0,0,"",0,0,0,0,1709.821,,,,0,0
59,4,1,2,0,1,0,2,0,0,0,255,255,255,37,1723.841,"Pugeuk",R,29,87,140,-0.478,0.31,0.211,1.56,0.052,1.688,-36.595,38.752,93,7,0,0,0,-197.261,-117.016,8.086,0,0,0,6,8,L,"ゆっち一",180.9,84.105,0.397,0,66,W,Y,0,0,0,0,0,0,0,0,0,0,0,0,0,0,0,0,-0.125,-37.479,0,"shimenawa",-0.158,-17.061,0,"낑깡__",-18.37,-46.28,0,"_앰프_",-12.565,-63.375,0,"Slaris",21.046,-48.984,0,"CoalCat",12.485,-63.068,0,"PBGrrgaming",51.248,-94.841,0,"ddil_ddil69",3.545,-116.408,0,"-라후이-",-44.465,-90.358,0,0,0,0,0,0,"",0,0,0,0,1724.371,,,,0,0
60,4,1,2,0,1,1,2,0,0,0,255,255,255,38,1744.367,"Pugeuk",R,14,80,105,0.242,-0.845,0.017,1.536,-0.568,1.621,-36.595,18.268,55,45,0,0,0,343.401,347.242,6.627,0,0,0,6,8,L,"ゆっち一",180.9,84.105,0.397,0,66,W,Y,0,0,0,0,0,0,0,0,0,0,0,0,0,0,0,0,0.028,-37.359,0,"shimenawa",0.158,-17.096,0,"낑깡__",-18.296,-46.31,0,"_앰프_",-12.552,-63.395,0,"Slaris",21.041,-48.736,0,"CoalCat",11.813,-62.639,0,"PBGrrgaming",51.29,-94.869,0,"ddil_ddil69",3.539,-116.43,0,"-라후이-",-44.032,-91.4,0,0,0,0,0,0,"",0,0,0,0,1745.063,,,,0,0
61,4,1,2,0,1,2,2,0,0,0,255,255,255,39,1760.112,"Pugeuk",R,6,81,107,1.916,0.14,0.181,1.573,-0.059,1.706,-36.595,19.549,65,35,0,1,0,464.449,0,14.29,0,0,0,6,8,L,"ゆっち一",180.9,84.105,0.397,0,66,W,Y,0,0,0,0,0,0,0,0,0,0,0,0,0,0,0,0,0.248,-37.546,0,"shimenawa",0.378,-17.004,0,"낑깡__",-18.748,-45.833,0,"_앰프_",-12.57,-63.397,0,"Slaris",21.089,-48.752,0,"CoalCat",11.771,-62.718,0,"PBGrrgaming",51.294,-94.818,0,"ddil_ddil69",3.545,-116.427,0,"-라후이-",-43.822,-91.982,0,0,0,0,0,0,"",0,0,0,0,1760.754,,,,0,0
62,4,1,2,0,2,2,2,0,0,0,255,255,255,40,1774.424,"Pugeuk",R,2,62,92,0.801,1.234,0.602,1.652,1.086,1.952,-36.595,58.566,85,15,0,1,0,-326.545,-312.348,13.8,0,0,0,6,8,L,"ゆっち一",180.9,84.105,0.397,0,66,W,Y,0,0,0,0,0,0,0,0,0,0,0,0,0,0,0,0,-0.225,-37.17,0,"shimenawa",-0.081,-16.937,0,"낑깡__",-18.437,-45.505,0,"_앰프_",-12.543,-63.41,0,"Slaris",21.183,-48.745,0,"CoalCat",11.828,-62.74,0,"PBGrrgaming",51.296,-94.873,0,"ddil_ddil69",3.352,-116.312,0,"-라후이-",-43.829,-92.023,0,0,0,0,0,0,"",0,0,0,0,1775.196,,,,0,0
63,4,1,2,0,3,2,2,0,0,0,255,255,255,41,1790.386,"Pugeuk",R,29,91,140,1.682,-0.613,0.427,1.395,1.058,1.128,-36.595,32.126,56,44,0,1,0,-250,-128.809,12.178,0,0,0,6,8,L,"ゆっち一",180.9,84.105,0.397,0,66,W,Y,0,0,0,0,0,0,0,0,0,0,0,0,0,0,0,0,0.14,-37.411,0,"shimenawa",0.178,-16.88,0,"낑깡__",-19.414,-45.681,0,"_앰프_",-13.156,-63.65,0,"Slaris",21.147,-48.805,0,"CoalCat",11.823,-62.733,0,"PBGrrgaming",51.158,-94.935,0,"ddil_ddil69",3.267,-117.044,0,"-라후이-",-43.841,-91.838,0,0,0,0,0,0,"",0,0,0,0,1790.837,,,,0,5
64,4,1,2,0,0,0,2,1,0,0,8,255,255,42,1814.47,"Pugeuk",R,30,80,130,0.738,0.821,0.315,1.661,0.534,2.013,-36.595,27.818,91,9,0,0,0,-149.393,-123.097,2.3,0,0,0,7,1,L,"Kr_Luna",190,95.297,0.498,0,66,W,Y,0,0,0,0,0,0,0,0,0,0,0,0,0,0,0,0,0.05,-37.248,0,"shimenawa",-0.635,-17.664,0,"낑깡__",-18.27,-43.913,0,"_앰프_",-9.223,-61.002,0,"Slaris",22.076,-49.656,0,"CoalCat",11.745,-62.844,0,"PBGrrgaming",51.174,-94.907,0,"ddil_ddil69",3.193,-116.97,0,"-라후이-",-43.805,-89.364,0,0,0,0,0,0,"",0,0,0,0,1814.704,,,,0,0
65,4,1,2,0,0,1,2,1,0,0,8,255,255,43,1828.567,"Pugeuk",R,14,84,124,1.411,-0.886,0.279,1.501,0.368,1.496,-36.595,28.292,57,43,0,0,0,150.535,400,6.114,0,0,0,7,1,L,"Kr_Luna",190,95.297,0.498,0,66,W,Y,0,0,0,0,0,0,0,0,0,0,0,0,0,0,0,0,-0.116,-37.881,0,"shimenawa",1.156,-18.461,0,"낑깡__",-19.243,-44.298,0,"_앰프_",-7.645,-61.587,0,"Slaris",22.033,-49.6,0,"CoalCat",11.719,-62.842,0,"PBGrrgaming",51.28,-94.829,0,"ddil_ddil69",3.244,-116.997,0,"-라후이-",-43.771,-89.423,0,0,0,0,0,0,"",0,0,0,0,1828.887,,,,0,0
66,4,1,2,0,0,2,2,1,0,0,8,255,255,44,1844.405,"Pugeuk",R,29,89,140,-0.308,-0.619,0.243,1.387,0.198,1.124,-36.595,36.498,53,47,0,2,0,-250,-120.133,14.056,0,0,0,7,1,L,"Kr_Luna",190,95.297,0.498,3,66,W,Y,1845.238,144,89,112,57,35,145,111,-15.001,-45.127,0.94,0,0.129,-123.502,-569.396,143.303,-0.413,-36.948,0,"shimenawa",-0.023,-17.082,0,"낑깡__",-20.07,-41.61,0,"_앰프_",-7.105,-60.112,71,"Slaris",22.307,-49.37,0,"CoalCat",11.717,-62.828,0,"PBGrrgaming",51.46,-94.827,0,"ddil_ddil69",3.327,-116.872,0,"-라후이-",-43.745,-89.472,0,1844.412,2.402,-20.861,1848.479,0,"Pugeuk",7.566,-33.003,1,0,,1849.901,,,144,2
67,4,1,2,0,0,0,2,1,1,0,1,8,255,45,1873.145,"Pugeuk",R,14,86,125,-0.868,-0.139,-0.01,1.613,-0.978,1.857,-36.595,12.412,53,47,0,2,0,390.434,312.348,35.957,0,0,1,8,0,L,"눈꽃",190,85,0.6,3,67,W,Y,1874.188,255,130,122,94,28,145,130,24.299,16.631,0.54,0,0.461,290.955,-457.148,-257.606,0.042,-37.088,0,"shimenawa",-0.019,-17.186,0,"낑깡__",-18.989,-45.587,0,"_앰프_",-11.024,-61.762,92,"Slaris",20.756,-47.728,0,"CoalCat",12.833,-62.65,0,"PBGrrgaming",52.806,-96.826,0,"ddil_ddil69",6.479,-118.772,0,"-라후이-",-40.711,-85.804,0,1878.996,-17.168,-132.26,1880.771,7,"ddil_ddil69",-10.999,-130.238,1,0,,1878.838,1878.898,1883.69,400,2
68,4,1,3,0,0,0,2,0,1,1,255,0,1,46,1903.846,"Pugeuk",R,29,89,140,1.34,0.144,0.396,1.53,0.911,1.585,-36.595,25.808,60,40,0,0,0,-250,-114.34,16.807,0,0,1,0,3,R,"DoYaGee",176.1,85,0.453,0,67,W,Y,0,0,0,0,0,0,0,0,0,0,0,0,0,0,0,0,0.03,-37.762,0,"shimenawa",0.114,-16.796,0,"낑깡__",-19.889,-44.677,0,"_앰프_",-15.992,-62.618,0,"Slaris",22.206,-47.821,0,"CoalCat",8.06,-61.752,0,"PBGrrgaming",51.803,-96.816,0,"ddil_ddil69",-4.775,-119.626,0,"-라후이-",-40.859,-92.55,0,0,0,0,0,0,"",0,0,0,0,1904.246,1906.317,1906.63,,0,0
69,4,1,3,0,0,1,2,0,1,1,255,0,1,47,1919.05,"Pugeuk",R,29,86,140,-0.165,-0.206,0.242,1.47,0.194,1.375,-36.595,17.406,52,48,0,0,0,-201.951,-122.389,12.575,0,0,1,0,3,R,"DoYaGee",176.1,85,0.453,0,67,W,Y,0,0,0,0,0,0,0,0,0,0,0,0,0,0,0,0,0.15,-37.664,0,"shimenawa",-0.174,-16.813,0,"낑깡__",-19.3,-45.576,0,"_앰프_",-17.034,-62.658,0,"Slaris",21.779,-46.28,0,"CoalCat",8.072,-61.7,0,"PBGrrgaming",51.791,-96.822,0,"ddil_ddil69",-4.765,-119.616,0,"-라후이-",-40.933,-92.606,0,0,0,0,0,0,"",0,0,0,0,1919.504,1921.686,1921.686,,0,0
70,4,1,3,0,0,2,2,0,1,1,255,0,1,48,1934.63,"Pugeuk",R,29,84,137,-2.395,1.054,0.044,1.68,-0.727,2.109,-36.595,16.865,94,6,0,1,0,-228.122,-115.399,2.433,0,0,0,0,3,R,"DoYaGee",176.1,85,0.453,0,67,W,Y,0,0,0,0,0,0,0,0,0,0,0,0,0,0,0,0,-0.015,-37.695,0,"shimenawa",-0.043,-16.666,0,"낑깡__",-19.998,-44.051,0,"_앰프_",-17.001,-62.626,0,"Slaris",21.272,-44.952,0,"CoalCat",8.099,-61.682,0,"PBGrrgaming",51.604,-97.156,0,"ddil_ddil69",-4.732,-119.627,0,"-라후이-",-40.882,-92.597,0,0,0,0,0,0,"",0,0,0,0,1935.104,1937.872,1936.847,,0,0
71,4,1,3,0,1,2,2,0,1,1,255,0,1,49,1951.756,"Pugeuk",R,3,69,98,0.768,0.762,0.63,1.926,1.332,2.064,-36.595,47.72,80,19,2,0,0,-445.455,0,36.749,0,0,0,0,3,R,"DoYaGee",176.1,85,0.453,0,67,W,Y,0,0,0,0,0,0,0,0,0,0,0,0,0,0,0,0,-0.02,-36.478,0,"shimenawa",-0.518,-16.78,0,"낑깡__",-19.457,-42.521,0,"_앰프_",-17.023,-62.748,0,"Slaris",21.3,-45.28,0,"CoalCat",8.046,-61.719,0,"PBGrrgaming",47.732,-94.398,0,"ddil_ddil69",-4.685,-119.627,0,"-라후이-",-40.701,-92.008,0,0,0,0,0,0,"",0,0,0,0,1952.496,,1954.446,,0,0
72,4,0,3,0,0,0,0,0,0,0,255,255,255,21,1998.674,"눈꽃",R,27,93,140,0.909,0.316,0.189,1.891,0.291,1.672,-36.64,10.764,49,51,0,0,0,73.01,-145.419,8.901,0,0,0,0,2,R,"낑깡__",190,80,0.398,0,69,W,Y,0,0,0,0,0,0,0,0,0,0,0,0,0,0,0,0,0.13,-37.403,0,"Kr_Luna",0.009,-17.49,0,"레이나2",-21.885,-46.324,0,"DoYaGee",-19.218,-60.012,0,"Sabo_10",20.856,-50.512,0,"coder_",11.599,-68.184,0,"「론구」",41.207,-94.282,0,"schmoneymikey",-6.028,-114.106,0,"ゆっち一",-45.627,-92.024,0,0,0,0,0,0,"",0,0,0,0,1998.721,,,,0,0
73,4,0,3,0,0,1,0,0,0,0,255,255,255,22,2009.358,"눈꽃",R,26,86,140,1.185,0.95,0.185,1.977,0.37,2.054,-36.64,22.572,82,18,0,2,0,103.291,-164.944,8.004,0,0,1,0,2,R,"낑깡__",190,80,0.398,3,69,W,Y,2010.143,255,170,132,64,30,145,130,95.516,35.723,0.44,0,0.251,582.278,123.966,-74.728,0.223,-37.325,0,"Kr_Luna",0.029,-17.636,0,"레이나2",-21.629,-46.412,0,"DoYaGee",-19.222,-59.912,0,"Sabo_10",20.867,-50.659,0,"coder_",10.735,-69.185,0,"「론구」",41.289,-94.31,0,"schmoneymikey",-6.054,-114.104,0,"ゆっち一",-45.414,-92.051,0,0,0,0,0,0,"",0,0,0,0,,,,,256,3
74,4,0,3,0,0,2,0,0,0,0,255,255,255,23,2026.7,"눈꽃",R,27,97,140,0.298,-1.706,0.094,1.591,0.079,0.442,-36.64,17.158,35,65,0,2,0,35.132,-100.372,7.12,0,0,1,0,2,R,"낑깡__",190,80,0.398,3,70,W,Y,2027.602,221,188,182,150,40,145,116,25.717,27.01,0.8,0.095,0.247,535.094,271.299,-8.458,0.35,-37.39,0,"Kr_Luna",0.033,-17.665,0,"레이나2",-21.366,-46.417,0,"DoYaGee",-18.99,-59.857,0,"Sabo_10",20.303,-50.9,0,"coder_",11.638,-69.743,75,"「론구」",41.325,-94.448,0,"schmoneymikey",-10.391,-123.044,0,"ゆっち一",-47.212,-94.047,98,0,0,0,2031.871,8,"ゆっち一",-51.033,-104.993,0,0,,,,,352,1
75,4,0,3,0,0,0,1,0,0,0,255,255,255,24,2054.727,"눈꽃",R,26,89,140,0.345,0.072,0.059,1.765,-0.006,1.496,-36.64,2.256,61,39,0,0,0,113.174,-176.58,12.16,0,0,0,1,4,R,"Slaris",190,85.69,0.452,0,67,W,Y,0,0,0,0,0,0,0,0,0,0,0,0,0,0,0,0,0.798,-37.186,0,"Kr_Luna",-0.004,-17.519,0,"레이나2",-21.836,-46.451,0,"DoYaGee",-18.842,-59.381,0,"Sabo_10",24.55,-52.923,0,"coder_",10.345,-68.553,0,"「론구」",42.505,-95.455,0,"schmoneymikey",-8.118,-119.092,0,"ゆっち一",-48.099,-93.929,0,0,0,0,0,0,"",0,0,0,0,2055.046,,,,0,0
76,4,0,3,0,0,1,1,0,0,0,255,255,255,25,2067.54,"눈꽃",R,13,91,126,-0.219,-0.173,0.302,1.89,0.499,1.836,-36.64,14.68,70,30,0,2,0,-386.342,317.396,-5.837,0,0,0,1,4,R,"Slaris",190,85.69,0.452,3,67,W,Y,2068.526,117,78,132,56,45,137,109,25.204,44.25,0.87,0,0.187,215.088,501.249,-249.973,0.401,-37.184,0,"Kr_Luna",0,-17.514,0,"레이나2",-21.486,-46.586,0,"DoYaGee",-19.371,-59.899,0,"Sabo_10",24.339,-52.671,0,"coder_",10.667,-70.578,0,"「론구」",41.789,-95.985,0,"schmoneymikey",-12.011,-122.099,0,"ゆっち一",-48.018,-93.843,0,2072.704,-77.417,-83.949,0,0,"",0,0,0,0,,,,,256,3
77,4,0,3,0,0,2,1,0,0,0,255,255,255,26,2088.497,"눈꽃",R,26,93,140,0.869,0.653,0.178,1.932,0.24,1.872,-36.64,14.969,48,52,0,2,0,97.52,-159.704,8.568,0,0,1,1,4,R,"Slaris",190,85.69,0.452,3,67,W,Y,2089.414,185,88,104,76,37,145,96,109.367,-46.439,-0.53,0,0.145,313.74,493.167,-135.475,0.444,-37.574,0,"Kr_Luna",0.04,-17.503,0,"레이나2",-21.783,-46.914,0,"DoYaGee",-17.061,-62.237,0,"Sabo_10",23.538,-52.539,0,"coder_",10.429,-70.507,0,"「론구」",40.623,-94.424,0,"schmoneymikey",-12.388,-123.904,0,"ゆっち一",-50.092,-93.406,0,0,0,0,0,0,"",0,0,0,0,,,,,256,3
78,4,0,3,0,0,2,1,0,0,0,255,255,255,27,2103.008,"눈꽃",R,26,94,140,0.366,0.155,0.273,1.985,-0.043,1.519,-36.64,19.503,92,8,0,2,0,142.134,-200,11.889,0,0,1,1,4,R,"Slaris",190,85.69,0.452,3,67,W,Y,2103.929,139,116,100,110,63,143,124,-30,-16.846,0.74,0,0.177,533.08,74.001,265.235,1.746,-36.761,0,"Kr_Luna",0.062,-17.484,0,"레이나2",-21.435,-46.379,0,"DoYaGee",-17.691,-61.17,0,"Sabo_10",23.04,-52.512,0,"coder_",10.169,-69.781,103,"「론구」",41.397,-94.884,0,"schmoneymikey",-11.778,-122.01,0,"ゆっち一",-49.627,-92.263,0,2103.221,0.655,-23.196,2105.454,5,"coder_",10.549,-63.818,0,0,,,2118.302,,292,2
79,4,0,3,0,0,0,2,0,0,0,255,255,255,28,2125.02,"눈꽃",R,0,96,140,1.299,-0.116,0.223,1.808,0.527,1.488,-36.64,8.42,61,39,0,2,0,23.726,-45.878,2.827,0,0,1,2,8,R,"-라후이-",190,87,0.498,3,67,W,Y,2125.866,192,108,84,57,36,145,96,-32.629,-12.312,-0.52,0,0.202,-479.146,221.484,285.243,0.865,-37.152,0,"Kr_Luna",0.02,-17.521,0,"레이나2",-21.514,-46.531,0,"DoYaGee",-17.054,-61.658,0,"Sabo_10",22.133,-51.807,0,"coder_",10.305,-70.622,0,"「론구」",41.851,-96.071,0,"schmoneymikey",-11.028,-119.524,0,"ゆっち一",-55.211,-91.317,0,2125.171,0.531,-20.96,2127.821,5,"coder_",9.476,-63.661,0,0,,,,,164,2
80,5,1,3,0,0,0,0,0,0,0,255,255,255,50,2179.706,"Pugeuk",R,29,78,129,2.323,0.218,0.486,1.531,1.33,1.59,-36.595,41.118,54,46,0,2,0,-239.902,-147.786,30.059,0,0,1,1,6,R,"「론구」",179.9,80,0.2,3,67,W,Y,2180.787,255,89,95,71,59,145,87,63.906,-50.322,-0.81,0,0.492,238.102,498.88,233.295,0.159,-37.285,0,"shimenawa",0.177,-16.772,0,"낑깡__",-19.097,-46.879,0,"_앰프_",-16.171,-61.942,0,"Slaris",20.857,-48.038,99,"CoalCat",8.852,-63.57,0,"PBGrrgaming",50.168,-90.991,0,"ddil_ddil69",1.41,-118.483,0,"-라후이-",-40.094,-85.884,0,2185.696,38.059,-60.321,2186.296,6,"PBGrrgaming",37.881,-60.084,0,0,,,,,130,1
81,5,1,3,0,0,0,1,0,0,0,255,255,255,51,2206.619,"Pugeuk",R,29,80,131,1.047,0.679,0.368,1.626,0.783,1.913,-36.595,33.647,57,43,0,2,0,-230.085,-101.006,10.668,0,0,0,2,2,R,"레이나2",180.3,85.17,0.353,3,69,W,Y,2207.788,23,11,19,11,3,7,42,-78.422,-80.525,0.94,0,0.186,264.02,-503.259,-192.415,0.074,-37.12,0,"shimenawa",0.014,-16.549,0,"낑깡__",-19.523,-47.265,0,"_앰프_",-17.102,-62.587,0,"Slaris",22.615,-51.24,0,"CoalCat",9.663,-63.898,0,"PBGrrgaming",48.544,-88.125,0,"ddil_ddil69",-2.799,-116.973,0,"-라후이-",-41.253,-89.755,0,2207.071,1.329,-18.53,0,0,"",0,0,0,0,,,,,128,3
82,5,1,3,0,0,1,1,0,0,0,255,255,255,52,2221.953,"Pugeuk",R,29,87,140,1.372,-0.344,0.384,1.445,0.858,1.296,-36.595,27.583,58,42,0,2,0,-203.467,-120.925,23.176,0,0,1,2,2,R,"레이나2",180.3,85.17,0.353,3,69,W,Y,2223.015,203,102,92,66,25,145,95,-55.494,-38.702,-0.42,0,0.161,505.751,178.721,-268.839,0.107,-37.203,0,"shimenawa",-0.022,-16.765,0,"낑깡__",-19.096,-46.737,0,"_앰프_",-17.225,-62.05,74,"Slaris",22.804,-51.174,0,"CoalCat",10.423,-64.006,0,"PBGrrgaming",47.516,-89.906,0,"ddil_ddil69",-2.417,-114.232,0,"-라후이-",-39.634,-89.15,0,2222.154,0.668,-21.063,2230.912,6,"PBGrrgaming",38.675,-67.649,1,0,,,,,216,2
83,5,1,3,0,0,0,1,1,0,0,2,255,255,53,2253.126,"Pugeuk",R,29,84,136,1.672,0.072,0.417,1.526,1.011,1.573,-36.595,29.857,59,41,0,1,0,-209.565,-91.491,17.234,0,0,0,3,4,L,"Sabo_10",185.3,87.575,0.449,0,67,W,Y,0,0,0,0,0,0,0,0,0,0,0,0,0,0,0,0,-0.348,-37.358,0,"shimenawa",-0.043,-17.611,0,"낑깡__",-20.319,-42.158,0,"_앰프_",-6.765,-60.703,0,"Slaris",21.216,-49.869,0,"CoalCat",12.969,-62.174,0,"PBGrrgaming",49.344,-90.972,0,"ddil_ddil69",3.099,-108.271,0,"-라후이-",-41.097,-92.058,0,0,0,0,0,0,"",0,0,0,0,2253.346,,,,0,0
84,5,1,3,0,1,0,1,1,0,0,2,255,255,54,2266.572,"Pugeuk",R,29,90,140,-1.162,0.55,0.162,1.605,-0.178,1.835,-36.595,29.848,64,36,0,2,0,-250,-129.428,23.566,0,0,1,3,4,L,"Sabo_10",185.3,87.575,0.449,3,67,W,Y,2267.383,197,62,92,112,49,145,90,90.701,-70.168,-0.76,0,0.496,588.586,-42.857,-108.303,-0.55,-37.182,0,"shimenawa",-0.111,-17.557,96,"낑깡__",-18.784,-44.333,0,"_앰프_",-6.649,-61.125,0,"Slaris",21.358,-49.083,0,"CoalCat",12.928,-62.119,0,"PBGrrgaming",48.452,-91.597,0,"ddil_ddil69",2.694,-108.608,0,"-라후이-",-41.064,-92.463,0,0,0,0,2273.129,1,"shimenawa",-2.405,-11.682,0,0,2273.129,,,,160,1
85,5,1,3,0,0,0,2,1,0,0,2,255,255,55,2308.607,"Pugeuk",R,29,94,140,-1.659,-0.656,0.098,1.421,-0.475,1.2,-36.595,18.213,58,42,0,2,0,-202.649,-81.761,10.439,0,0,1,4,7,L,"schmoneymikey",175.4,80,0.348,3,67,W,Y,2309.72,204,173,133,98,0,145,87,107.886,-53.752,-0.74,0,0.259,596.462,-4.045,-64.932,0.031,-37.365,0,"shimenawa",-0.181,-17.16,0,"낑깡__",-18.169,-44.547,0,"_앰프_",-8.884,-60.184,0,"Slaris",21.233,-48.655,0,"CoalCat",11.475,-62.213,0,"PBGrrgaming",50.964,-93.671,0,"ddil_ddil69",2.828,-107.147,0,"-라후이-",-40.14,-85.839,0,0,0,0,0,0,"",0,0,0,0,,,,,128,3
86,5,1,3,0,0,1,2,1,0,0,2,255,255,56,2325.674,"Pugeuk",R,30,83,134,0.79,0.658,0.315,1.615,0.536,1.881,-36.595,26.113,94,6,0,0,0,-140.311,-109.074,6.73,0,0,1,4,7,L,"schmoneymikey",175.4,80,0.348,0,67,W,Y,0,0,0,0,0,0,0,0,0,0,0,0,0,0,0,0,0.096,-37.524,0,"shimenawa",0.476,-17.207,0,"낑깡__",-19.096,-44.191,0,"_앰프_",-6.672,-61.053,0,"Slaris",21.266,-49.27,0,"CoalCat",11.442,-62.861,0,"PBGrrgaming",51.497,-94.832,0,"ddil_ddil69",2.895,-106.443,0,"-라후이-",-47.591,-89.804,0,0,0,0,0,0,"",0,0,0,0,2326.329,,,,0,0
87,5,1,3,0,0,2,2,1,0,0,2,255,255,57,2342.486,"Pugeuk",R,14,88,111,1.708,-1.483,0.208,1.363,0.025,1.216,-36.595,27.719,45,55,0,1,0,383.051,321.36,37.187,0.504,-17.865,0,4,7,L,"schmoneymikey",175.4,80,0.348,0,67,W,Y,0,0,0,0,0,0,0,0,0,0,0,0,0,0,0,0,-0.23,-37.989,0,"shimenawa",0.281,-19.37,0,"낑깡__",-18.75,-43.958,0,"_앰프_",-8.952,-61.502,0,"Slaris",21.392,-49.035,0,"CoalCat",11.387,-62.878,0,"PBGrrgaming",51.468,-94.789,0,"ddil_ddil69",2.894,-106.447,0,"-라후이-",-47.201,-89.646,0,0,0,0,0,0,"",0,0,0,0,2343.254,,,,0,0
88,5,1,3,0,1,2,2,1,0,0,2,255,255,58,2360.289,"Pugeuk",R,6,84,108,3.057,-0.743,0.343,1.653,0.443,1.426,-36.595,25.796,63,37,0,4,0,462.145,168.637,22.429,0,0,1,4,7,L,"schmoneymikey",175.4,80,0.348,0,67,W,Y,0,0,0,0,0,0,0,0,0,0,0,0,0,0,0,0,0.328,-37.268,0,"shimenawa",1.38,-17.114,0,"낑깡__",-19.633,-43.412,0,"_앰프_",-5.736,-58.842,0,"Slaris",21.32,-49.251,0,"CoalCat",11.357,-62.876,0,"PBGrrgaming",50.487,-93.818,0,"ddil_ddil69",2.89,-106.46,0,"-라후이-",-45.714,-87.745,0,0,0,0,0,0,"",0,0,0,0,2361.112,,,,0,0
89,5,0,3,0,0,0,0,0,0,0,255,255,255,29,2422.542,"눈꽃",R,39,46,90,2.374,1.115,0.409,2.014,0.586,1.947,-36.64,39.336,70,30,0,2,0,183.71,-200,0.519,0,0,1,3,5,R,"CoalCat",170.3,80,0.351,3,67,W,Y,2423.856,227,114,103,112,77,145,125,12.987,-14.847,0.61,0,0.463,-236.539,528.445,157.463,0.508,-37.153,0,"Kr_Luna",0.016,-17.223,0,"레이나2",-20.852,-46.074,0,"DoYaGee",-17.111,-61.115,87,"Sabo_10",19.759,-49.97,0,"coder_",10.017,-62.212,0,"「론구」",37.279,-90.202,0,"schmoneymikey",-9.699,-116.455,113,"ゆっち一",-44.427,-88.509,0,2426.004,14.082,-102.117,2430.546,7,"schmoneymikey",16.591,-128.74,1,0,,2433.269,,,273,2
90,5,0,3,0,0,0,0,0,1,0,255,15,255,30,2456.525,"눈꽃",R,45,44,89,1.817,0.542,0.303,1.876,0.296,1.735,-36.64,30.855,41,59,0,1,0,202.273,-132.645,-0.728,0,0,0,4,3,R,"_앰프_",172.4,80,0.4,0,66,W,Y,0,0,0,0,0,0,0,0,0,0,0,0,0,0,0,0,0.349,-37.507,0,"Kr_Luna",-0.001,-17.485,0,"레이나2",-20.934,-43.605,0,"DoYaGee",-13.899,-62.512,0,"Sabo_10",17.67,-44.278,0,"coder_",4.294,-60.307,0,"「론구」",36.615,-92.078,0,"schmoneymikey",-1.155,-123.602,0,"ゆっち一",-44.903,-88.701,0,0,0,0,0,0,"",0,0,0,0,2457.179,2459.542,,,0,0
91,5,0,3,0,1,0,0,0,1,0,255,15,255,31,2470.632,"눈꽃",R,45,45,89,1.682,-0.014,0.241,1.88,0.239,1.582,-36.64,38.905,41,59,0,4,0,202.273,-21.042,4.916,0,0,1,4,3,R,"_앰프_",172.4,80,0.4,0,66,W,Y,0,0,0,0,0,0,0,0,0,0,0,0,0,0,0,0,0.214,-37.622,0,"Kr_Luna",0.021,-17.442,0,"레이나2",-20.563,-44.3,0,"DoYaGee",-15.679,-62.654,0,"Sabo_10",19.282,-43.88,0,"coder_",3.207,-61.292,0,"「론구」",36.615,-92.048,0,"schmoneymikey",0.667,-123.302,0,"ゆっち一",-44.884,-88.719,0,0,0,0,0,0,"",0,0,0,0,2471.288,,,,0,0
92,5,0,3,0,1,1,0,0,1,0,255,15,255,32,2486.06,"눈꽃",R,45,57,99,0.123,-0.336,0.113,1.814,-0.429,1.378,-36.64,25.305,31,69,0,0,0,225,-32.495,8.563,0,0,1,4,3,R,"_앰프_",172.4,80,0.4,0,66,W,Y,0,0,0,0,0,0,0,0,0,0,0,0,0,0,0,0,0.198,-37.481,0,"Kr_Luna",0.013,-17.384,0,"레이나2",-20.8,-42.752,0,"DoYaGee",-15.664,-62.603,0,"Sabo_10",20.61,-45.569,0,"coder_",3.167,-60.437,0,"「론구」",36.609,-92.055,0,"schmoneymikey",-0.821,-123.243,0,"ゆっち一",-44.932,-88.685,0,0,0,0,0,0,"",0,0,0,0,2486.571,2487.682,,,0,0
93,5,0,3,0,1,2,0,0,1,0,255,15,255,33,2503.411,"눈꽃",R,32,65,105,-0.795,-0.145,-0.022,1.702,-0.87,1.317,-36.64,12.119,44,56,0,2,0,238.636,-200,-23.222,0,0,1,4,3,R,"_앰프_",172.4,80,0.4,3,66,W,Y,2504.568,190,108,98,31,38,144,117,114.961,-45.035,0.22,0,0.154,576.322,91.092,139.841,0.184,-37.236,0,"Kr_Luna",0.031,-17.38,0,"레이나2",-21.299,-46.052,0,"DoYaGee",-17.003,-61.033,0,"Sabo_10",17.991,-48.102,0,"coder_",7.061,-60.534,0,"「론구」",36.612,-92.056,0,"schmoneymikey",-4.666,-122.701,0,"ゆっち一",-44.835,-88.625,0,0,0,0,0,0,"",0,0,0,0,,2507.401,,,256,3
94,5,0,3,0,1,2,0,0,1,0,255,15,255,34,2521.649,"눈꽃",R,0,99,134,0.449,-0.026,0.241,1.955,0.16,1.532,-36.64,21.639,82,18,0,2,0,19.482,-36.074,2.872,0,0,1,4,3,R,"_앰프_",172.4,80,0.4,3,34,W,Y,2522.66,246,241,59,124,75,138,117,-1.277,-9.331,0.76,0,0.285,-370.561,144.046,-449.372,0.288,-37.332,0,"Kr_Luna",0.016,-17.36,0,"레이나2",-21.23,-46.089,84,"DoYaGee",-16.909,-61.787,0,"Sabo_10",19.249,-48.724,116,"coder_",6.586,-60.952,94,"「론구」",37.002,-92.138,0,"schmoneymikey",-7.008,-121.472,0,"ゆっち一",-45.338,-89.163,0,2522.262,2.292,-34.706,2523.496,5,"coder_",6.337,-56.144,1,8,,,2527.601,,300,2
95,5,0,3,0,0,0,1,1,0,0,13,255,255,35,2550.979,"눈꽃",R,13,60,104,-3.428,-0.875,0.08,1.993,-0.847,1.915,-36.64,19.137,100,0,0,3,0,-227.036,400,12.941,-0.125,-20.281,0,5,1,L,"shimenawa",174.5,95.071,0.305,0,66,W,Y,0,0,0,0,0,0,0,0,0,0,0,0,0,0,0,0,0.332,-37.171,0,"Kr_Luna",0.584,-18.649,0,"레이나2",-20.489,-41.905,0,"DoYaGee",-7.9,-63.265,0,"Sabo_10",21.236,-50.399,0,"coder_",11.338,-64.535,0,"「론구」",44.319,-91.771,0,"schmoneymikey",5.24,-120.295,0,"ゆっち一",-40.076,-91.724,0,0,0,0,0,0,"",0,0,0,0,2553.829,,,,0,6
96,5,0,3,0,2,0,1,1,0,0,11,255,255,36,2575.052,"눈꽃",R,26,84,137,0.835,0.225,0.207,1.873,0.17,1.572,-36.64,30.954,57,43,0,2,0,133.775,-155.066,3.871,0,0,1,5,1,L,"shimenawa",174.5,95.071,0.305,3,66,W,Y,2576.113,118,105,151,101,14,137,126,27.762,-28.569,0.64,0,0.281,424.07,-404.634,-128.201,-0.041,-37.171,0,"Kr_Luna",-0.023,-17.375,0,"레이나2",-20.027,-45.391,0,"DoYaGee",-7.334,-65.306,0,"Sabo_10",21.473,-51.005,0,"coder_",12.586,-68.938,0,"「론구」",44.328,-91.767,0,"schmoneymikey",6.516,-119.969,0,"ゆっち一",-40.023,-91.716,0,2580.487,65.599,-113.999,0,0,"",0,0,0,0,,2582.382,2587.66,2592.916,256,4
97,5,0,3,2,0,0,1,0,0,0,255,255,255,37,2622.457,"눈꽃",R,26,92,140,1.626,1.136,0.274,1.977,0.563,2.008,-36.64,16.106,88,12,0,4,0,100.226,-170.514,10.708,0,0,1,6,6,R,"PBGrrgaming",160,95,0.5,0,66,W,Y,0,0,0,0,0,0,0,0,0,0,0,0,0,0,0,0,0.383,-37.517,0,"Kr_Luna",0.023,-17.636,0,"레이나2",-20.796,-44.649,0,"DoYaGee",-18.243,-60.3,0,"Sabo_10",19.143,-47.629,0,"coder_",10.281,-63.311,0,"「론구」",32.843,-87.132,0,"schmoneymikey",3.031,-119.845,0,"ゆっち一",-43.529,-86.053,0,0,0,0,0,0,"",0,0,0,0,2622.896,,,,0,0
98,5,0,3,2,0,1,1,0,0,0,255,255,255,38,2633.778,"눈꽃",R,27,100,140,-0.3,-1.219,0.082,1.668,-0.218,0.833,-36.64,8.221,48,52,0,1,0,61.652,-105.201,6.022,0,0,0,6,6,R,"PBGrrgaming",160,95,0.5,0,66,W,Y,0,0,0,0,0,0,0,0,0,0,0,0,0,0,0,0,0.395,-37.697,0,"Kr_Luna",0.041,-17.657,0,"레이나2",-20.61,-43.388,0,"DoYaGee",-18.387,-60.146,0,"Sabo_10",19.518,-47.512,0,"coder_",10.331,-63.285,0,"「론구」",32.849,-87.121,0,"schmoneymikey",3.066,-119.841,0,"ゆっち一",-43.476,-85.972,0,0,0,0,0,0,"",0,0,0,0,2634.204,,,,0,0
99,5,0,3,2,1,1,1,0,0,0,255,255,255,39,2644.352,"눈꽃",R,27,98,140,-1.462,-0.478,-0.072,1.731,-0.753,1.197,-36.64,1.405,54,46,0,0,0,86.043,-132.92,10.013,0,0,1,6,6,R,"PBGrrgaming",160,95,0.5,0,66,W,Y,0,0,0,0,0,0,0,0,0,0,0,0,0,0,0,0,-0.127,-37.224,0,"Kr_Luna",0.038,-17.668,0,"레이나2",-20.899,-43.514,0,"DoYaGee",-18.366,-60.078,0,"Sabo_10",19.526,-47.594,0,"coder_",10.31,-63.303,0,"「론구」",32.841,-87.103,0,"schmoneymikey",3.069,-119.843,0,"ゆっち一",-43.488,-85.995,0,0,0,0,0,0,"",0,0,0,0,2644.746,,,,0,0
100,5,0,3,2,1,2,1,0,0,0,255,255,255,40,2654.885,"눈꽃",R,27,85,138,-1.058,0.022,-0.012,1.852,-0.714,1.533,-36.64,1.897,59,41,0,2,0,95.864,-142.38,17.993,0,0,1,6,6,R,"PBGrrgaming",160,95,0.5,3,66,W,Y,2655.972,255,84,82,35,16,139,121,-30,-21.893,0.32,0,0.263,-88.18,-111.738,-582.871,-0.278,-37.356,0,"Kr_Luna",0.038,-17.658,0,"레이나2",-20.896,-46.247,85,"DoYaGee",-18.225,-59.967,0,"Sabo_10",19.218,-47.891,0,"coder_",10.574,-63.505,100,"「론구」",32.854,-87.117,0,"schmoneymikey",3.497,-119.736,0,"ゆっち一",-43.436,-86.032,0,2655.254,0.399,-21.802,2657.163,5,"coder_",15.719,-59.985,0,0,,,,,292,2
101,5,0,3,2,0,0,2,0,0,0,255,255,255,41,2676.753,"눈꽃",R,26,92,140,1.483,0.987,0.23,2.003,0.501,2.08,-36.64,20.488,87,13,0,2,0,100.849,-160.381,8.613,0,0,1,7,0,R,"Pugeuk",190,80,0.28,3,66,W,Y,2677.681,197,80,98,29,9,144,102,25.335,7.741,-0.26,0,0.588,579.447,150.791,-38.775,0.288,-37.073,0,"Kr_Luna",0.061,-17.541,0,"레이나2",-21.481,-46.698,0,"DoYaGee",-18.38,-60.555,0,"Sabo_10",21.795,-51.553,0,"coder_",10.616,-70.063,0,"「론구」",43.065,-94.541,0,"schmoneymikey",-7.404,-119.704,0,"ゆっち一",-48.437,-93.734,0,2681.971,-14.772,-108.365,2682.438,7,"schmoneymikey",-14.221,-105.567,0,0,,,,,144,1
102,6,1,3,2,0,0,0,0,0,0,255,255,255,59,2735.816,"Pugeuk",R,3,70,98,1.35,1.59,0.69,1.916,1.29,2.181,-36.595,51.376,84,15,1,1,0,-388.873,-243.877,75.516,0,0,0,5,5,R,"coder_",170,80,0.302,0,55,W,Y,0,0,0,0,0,0,0,0,0,0,0,0,0,0,0,0,-0.2,-37.356,0,"shimenawa",-0.575,-16.934,0,"낑깡__",-19.93,-46.177,0,"_앰프_",-16.884,-62.071,0,"Slaris",19.92,-49.117,0,"CoalCat",10.563,-63.355,0,"PBGrrgaming",49.65,-89.283,0,"ddil_ddil69",-3.227,-124.21,0,"-라후이-",-38.479,-94.589,0,0,0,0,0,0,"",0,0,0,0,2736.504,,,,0,0
103,6,1,3,2,1,0,0,0,0,0,255,255,255,60,2750.394,"Pugeuk",R,29,91,140,0.083,0.4,0.273,1.573,0.338,1.737,-36.595,22.909,51,49,0,0,0,-228.747,-95.441,18.799,0,0,1,5,5,R,"coder_",170,80,0.302,0,55,W,Y,0,0,0,0,0,0,0,0,0,0,0,0,0,0,0,0,-0.367,-37.691,0,"shimenawa",-0.158,-16.871,0,"낑깡__",-19.422,-47.08,0,"_앰프_",-16.926,-62.382,0,"Slaris",20.336,-48.681,0,"CoalCat",10.57,-63.326,0,"PBGrrgaming",48.986,-88.858,0,"ddil_ddil69",-3.692,-124.464,0,"-라후이-",-38.526,-94.612,0,0,0,0,0,0,"",0,0,0,0,2750.846,,,,0,0
104,6,1,3,2,1,1,0,0,0,0,255,255,255,61,2764.801,"Pugeuk",R,3,71,99,1.027,0.73,0.646,1.904,1.382,2.026,-36.595,46.421,81,19,0,0,0,-450,0,8.385,0,0,0,5,5,R,"coder_",170,80,0.302,0,55,W,Y,0,0,0,0,0,0,0,0,0,0,0,0,0,0,0,0,-0.127,-37.023,0,"shimenawa",-0.06,-16.778,0,"낑깡__",-19.411,-47.117,0,"_앰프_",-16.891,-62.403,0,"Slaris",20.494,-48.556,0,"CoalCat",10.522,-63.344,0,"PBGrrgaming",50.211,-94.77,0,"ddil_ddil69",-3.988,-124.054,0,"-라후이-",-38.51,-94.618,0,0,0,0,0,0,"",0,0,0,0,2765.512,,,,0,0
105,6,1,3,2,1,2,0,0,0,0,255,255,255,62,2778.559,"Pugeuk",R,29,66,119,-5.207,1.63,-0.207,1.758,-1.892,2.406,-36.595,17.338,93,7,0,4,0,-221.865,-97.827,4.368,0,0,1,5,5,R,"coder_",170,80,0.302,0,55,W,Y,0,0,0,0,0,0,0,0,0,0,0,0,0,0,0,0,0.219,-37.178,0,"shimenawa",-1.922,-18.461,0,"낑깡__",-19.594,-46.881,0,"_앰프_",-17.223,-62.454,0,"Slaris",20.268,-48.756,0,"CoalCat",10.553,-63.324,0,"PBGrrgaming",50.458,-94.724,0,"ddil_ddil69",-4.17,-123.455,0,"-라후이-",-38.503,-94.612,0,0,0,0,0,0,"",0,0,0,0,2779.071,,,,0,0
106,6,1,3,2,0,0,1,0,0,0,255,255,255,63,2796.18,"Pugeuk",R,29,85,138,1.059,0.175,0.343,1.553,0.666,1.665,-36.595,22.167,57,43,0,2,0,-155.805,-52.596,11.493,0,0,1,6,8,L,"ゆっち一",180.9,84.105,0.397,3,66,W,Y,2797.217,171,183,90,85,26,145,101,5.952,-34.857,0.94,0,0.323,-41.166,-593.166,80.369,0.019,-36.853,0,"shimenawa",0.126,-16.903,0,"낑깡__",-18.508,-47.527,85,"_앰프_",-13.707,-64.443,0,"Slaris",20.233,-48.633,95,"CoalCat",12.53,-62.737,0,"PBGrrgaming",51.379,-95.643,0,"ddil_ddil69",-5.238,-120.53,0,"-라후이-",-38.517,-94.617,0,2797.754,22.145,-46.948,2798.229,4,"Slaris",20.072,-44.524,0,0,,,,,131,1
107,6,1,3,2,0,0,2,0,0,0,255,255,255,64,2819.848,"Pugeuk",R,29,90,140,1.873,-0.111,0.436,1.478,1.097,1.42,-36.595,30.695,54,46,0,1,0,-218.934,-146.317,21.305,0,0,0,7,1,L,"Kr_Luna",190,95.297,0.498,0,66,W,Y,0,0,0,0,0,0,0,0,0,0,0,0,0,0,0,0,0.057,-37.303,0,"shimenawa",0.204,-16.84,0,"낑깡__",-18.341,-47.402,0,"_앰프_",-9.589,-63.963,0,"Slaris",20.528,-48.581,0,"CoalCat",11.708,-63.325,0,"PBGrrgaming",54.743,-93.458,0,"ddil_ddil69",-2.297,-112.852,0,"-라후이-",-41.892,-88.918,0,0,0,0,0,0,"",0,0,0,0,2820.046,,,,0,0
108,6,1,3,2,1,0,2,0,0,0,255,255,255,65,2833.727,"Pugeuk",R,6,87,126,-2.278,0.914,-0.177,1.713,-1.751,2.18,-36.595,14.402,92,8,0,1,0,500,0,29.27,0,0,0,7,1,L,"Kr_Luna",190,95.297,0.498,0,66,W,Y,0,0,0,0,0,0,0,0,0,0,0,0,0,0,0,0,-0.05,-37.538,0,"shimenawa",0.5,-16.935,0,"낑깡__",-18.376,-47.347,0,"_앰프_",-9.841,-64.107,0,"Slaris",20.498,-48.617,0,"CoalCat",11.609,-63.414,0,"PBGrrgaming",55.619,-93.509,0,"ddil_ddil69",-2.321,-113.188,0,"-라후이-",-41.736,-94.248,0,0,0,0,0,0,"",0,0,0,0,2834.004,,,,0,0
109,6,1,3,2,2,0,2,0,0,0,255,255,255,66,2847.791,"Pugeuk",R,14,91,113,-0.443,-0.58,-0.066,1.569,-0.824,1.695,-36.595,15.68,68,32,0,2,0,355.005,352.096,-0.297,0,0,0,7,1,L,"Kr_Luna",190,95.297,0.498,3,66,W,Y,2848.662,173,102,140,79,38,145,123,6,-17.097,0.74,0,0.116,-318.782,-268.089,-431.863,-0.42,-36.95,0,"shimenawa",-0.024,-17.107,0,"낑깡__",-18.542,-47.487,0,"_앰프_",-9.809,-64.169,0,"Slaris",20.559,-48.555,0,"CoalCat",11.607,-63.449,103,"PBGrrgaming",55.532,-93.511,0,"ddil_ddil69",-2.548,-113.21,0,"-라후이-",-41.768,-94.243,0,2848.979,12.676,-58.653,2849.538,5,"CoalCat",13.09,-59.611,0,0,2891.971,,,,137,2
110,6,0,3,2,0,0,0,0,0,0,255,255,255,0,2951.435,"Sabo_10",L,27,82,133,2.505,0.624,-0.483,1.379,1.256,1.839,-36.535,29.697,0,79,21,2,0,-103.502,-137.663,-11.543,0,0,1,8,7,R,"ddil_ddil69",174.8,90.368,0.401,3,34,W,Y,2952.48,200,83,121,88,37,145,85,91.244,87.31,-0.82,0,0.333,442.54,-392.921,98.849,-0.378,-37.204,0,"Kr_Luna",0.069,-17.386,0,"레이나2",-21.169,-46.285,0,"DoYaGee",-18.256,-60.962,0,"눈꽃",18.366,-49.146,0,"coder_",9.017,-66.658,0,"「론구」",36.431,-86.942,0,"schmoneymikey",-11.82,-112.844,0,"ゆっち一",-45.558,-92.429,0,0,0,0,0,0,"",0,0,0,0,,,,,8,3
111,6,0,3,2,0,1,0,0,0,0,255,255,255,1,2970.702,"Sabo_10",L,33,88,140,0.728,0.526,-0.641,1.381,0.519,1.846,-36.535,33.033,0,57,43,2,0,-134.422,-78.789,-12.456,0,0,1,8,7,R,"ddil_ddil69",174.8,90.368,0.401,3,34,W,Y,2971.784,229,90,145,72,24,145,85,108.137,28.952,-0.82,0,0.372,524.489,-281.366,75.792,-0.376,-37.503,0,"Kr_Luna",0.053,-17.511,0,"레이나2",-21.249,-46.276,0,"DoYaGee",-18.068,-61.218,0,"눈꽃",18.775,-49.004,0,"coder_",9.26,-69.989,0,"「론구」",36.337,-89.249,0,"schmoneymikey",-10.318,-110.952,0,"ゆっち一",-45.614,-91.493,0,2976.771,12.534,14.732,0,0,"",0,0,0,0,,,,,8,3
112,6,0,3,2,0,2,0,0,0,0,255,255,255,2,2988.925,"Sabo_10",L,3,82,112,1.95,-0.242,-0.626,1.389,0.393,1.565,-36.535,39.353,0,67,33,4,0,264.689,60.456,-15.007,0,0,1,8,7,R,"ddil_ddil69",174.8,90.368,0.401,0,34,W,Y,0,0,0,0,0,0,0,0,0,0,0,0,0,0,0,0,-0.007,-37.813,0,"Kr_Luna",0.001,-17.547,0,"레이나2",-21.642,-43.204,0,"DoYaGee",-18.257,-61.25,0,"눈꽃",18.767,-49.003,0,"coder_",9.137,-69.601,0,"「론구」",37.146,-89.416,0,"schmoneymikey",-9.94,-110.461,0,"ゆっち一",-45.962,-90.23,0,0,0,0,0,0,"",0,0,0,0,2989.371,,,,0,0
113,6,0,3,2,0,0,1,0,0,0,255,255,255,3,3005.992,"Sabo_10",L,3,81,109,1.088,-0.095,-0.825,1.389,-0.224,1.573,-36.535,54.489,0,92,8,0,0,390.146,0,-8.25,0,0,0,0,2,R,"낑깡__",190,80,0.398,0,65,W,Y,0,0,0,0,0,0,0,0,0,0,0,0,0,0,0,0,0.056,-37.966,0,"Kr_Luna",0.017,-17.518,0,"레이나2",-21.159,-44.143,0,"DoYaGee",-16.838,-62.067,0,"눈꽃",18.716,-49.218,0,"coder_",10.243,-69.438,0,"「론구」",37.134,-89.41,0,"schmoneymikey",-6.629,-114.534,0,"ゆっち一",-48.455,-95.252,0,0,0,0,0,0,"",0,0,0,0,3006.229,,,,0,0
114,6,0,3,2,0,1,1,0,0,0,255,255,255,4,3018.661,"Sabo_10",L,32,74,112,-2.229,-0.083,-0.96,1.317,-0.655,1.519,-36.535,61.306,0,97,3,1,0,-159.702,-54.961,-4.922,0,0,0,0,2,R,"낑깡__",190,80,0.398,0,65,W,Y,0,0,0,0,0,0,0,0,0,0,0,0,0,0,0,0,-0.116,-38.118,0,"Kr_Luna",-0.002,-17.545,0,"레이나2",-21.857,-46.473,0,"DoYaGee",-16.983,-61.9,0,"눈꽃",18.97,-49.245,0,"coder_",10.224,-69.999,0,"「론구」",40.816,-95.285,0,"schmoneymikey",-7.123,-114.33,0,"ゆっち一",-48.476,-95.26,0,0,0,0,0,0,"",0,0,0,0,3018.829,,,,0,0
115,6,0,3,2,1,1,1,0,0,0,255,255,255,5,3030.487,"Sabo_10",L,3,78,107,0.746,0.131,-0.875,1.375,-0.294,1.636,-36.535,55.151,0,81,19,2,0,357.678,0,-9.509,0,0,1,0,2,R,"낑깡__",190,80,0.398,3,65,W,Y,3031.419,235,149,181,123,46,145,96,2.049,-28.034,-0.52,0.048,0.315,372.676,465.446,66.876,-0.283,-37.199,0,"Kr_Luna",0.042,-17.523,0,"레이나2",-21.535,-46.607,0,"DoYaGee",-17.155,-61.529,0,"눈꽃",18.985,-49.27,0,"coder_",10.709,-68.739,0,"「론구」",40.8,-95.267,0,"schmoneymikey",-7.313,-114.141,0,"ゆっち一",-48.471,-95.253,0,3031.654,12.438,-45.321,3032.179,4,"눈꽃",13.988,-48.439,0,0,,,,,268,2
116,6,0,3,2,0,0,2,0,0,0,255,255,255,6,3055.67,"Sabo_10",L,32,86,122,0.305,-0.082,-0.613,1.333,0.435,1.453,-36.535,34.425,0,94,6,2,0,-176.753,-114.127,-9.88,0,0,1,1,0,R,"Slaris",190,85.69,0.452,3,65,W,Y,3056.668,238,176,109,88,41,145,117,-16.063,-18.265,0.11,0,0.43,-139.367,41.224,-582.132,-0.31,-37.453,0,"Kr_Luna",0.022,-17.53,0,"레이나2",-21.777,-46.575,0,"DoYaGee",-15.874,-62.903,81,"눈꽃",21.191,-48.294,0,"coder_",10.127,-71.336,0,"「론구」",40.741,-98.009,119,"schmoneymikey",-9.035,-114.122,0,"ゆっち一",-48.193,-94.171,0,3055.971,0.878,-24.337,3059.587,6,"「론구」",29.389,-87.995,1,0,,,,,11,2
117,6,0,3,2,0,0,2,1,0,0,10,255,255,7,3080.592,"Sabo_10",L,32,72,111,-0.761,-0.316,-0.699,1.292,-0.017,1.311,-36.535,46.391,0,71,29,2,0,-161.902,-112.911,-6.161,0,0,1,2,8,R,"-라후이-",190,87,0.498,3,62,W,Y,3081.509,255,61,73,58,42,141,130,30.151,-26.453,0.34,0,0.225,-242.984,302.894,457.399,-0.234,-37.621,116,"Kr_Luna",0.02,-17.539,0,"레이나2",-21.092,-45.675,0,"DoYaGee",-15.745,-61.568,0,"눈꽃",20.402,-50.023,0,"coder_",8.144,-70.022,0,"「론구」",40.87,-97.384,0,"schmoneymikey",-5.071,-114.233,0,"ゆっち一",-53.32,-93.782,0,3085.813,38.055,-124.276,3087.171,6,"「론구」",34.148,-119.266,1,4,3144.421,3087.035,3092.114,,43,2
118,7,1,3,2,0,0,0,0,0,0,255,255,255,67,3169.251,"Slaris",R,27,88,140,0.232,-0.494,0.318,1.816,0.166,1.164,-36.493,45.281,72,28,0,2,0,-56.218,-144.496,21.323,0,0,1,8,4,L,"눈꽃",190,85,0.6,3,86,W,Y,3170.31,255,105,120,104,70,145,130,111.743,-18.48,0.66,0,0.486,356.371,126.264,-465.894,-0.47,-36.731,0,"shimenawa",0.108,-16.73,0,"낑깡__",-18.831,-47.609,0,"_앰프_",-13.99,-62.023,0,"Pugeuk",22.343,-50.196,0,"CoalCat",13.038,-63.649,0,"PBGrrgaming",52.941,-99.376,0,"ddil_ddil69",-0.003,-111.175,0,"-라후이-",-38.484,-85.076,0,0,0,0,0,0,"",0,0,0,0,,,,,2,3
119,7,1,3,2,0,1,0,0,0,0,255,255,255,68,3185.522,"Slaris",R,0,73,124,-0.061,-1.296,0.373,1.771,-0.038,0.776,-36.493,61.541,68,32,0,4,0,0,0,12.664,0,0,1,8,4,L,"눈꽃",190,85,0.6,0,86,W,Y,0,0,0,0,0,0,0,0,0,0,0,0,0,0,0,0,-0.42,-37.407,0,"shimenawa",-0.008,-16.574,0,"낑깡__",-19.141,-46.803,0,"_앰프_",-14.99,-63.53,0,"Pugeuk",21.521,-49.48,0,"CoalCat",11.925,-64.055,0,"PBGrrgaming",45.32,-99.223,0,"ddil_ddil69",-0.932,-110.933,0,"-라후이-",-42.335,-85.648,0,0,0,0,0,0,"",0,0,0,0,3186.188,,,,0,0
120,7,1,3,2,0,2,0,0,0,0,255,255,255,69,3203.186,"Slaris",R,0,77,128,-1.767,0.308,0.26,1.894,-0.83,1.748,-36.493,67.963,57,34,9,2,0,34.71,-44.928,15.217,0,0,1,8,4,L,"눈꽃",190,85,0.6,3,86,W,Y,3204.296,255,202,108,113,71,145,106,15.67,-44.085,-0.06,0,0.619,329.855,484.805,-127.122,-0.156,-36.22,0,"shimenawa",-0.366,-16.811,0,"낑깡__",-18.978,-47.277,0,"_앰프_",-15.248,-63.438,0,"Pugeuk",21.479,-49.831,0,"CoalCat",11.943,-63.998,77,"PBGrrgaming",47.469,-99.696,86,"ddil_ddil69",-1.001,-111.254,0,"-라후이-",-42.336,-85.641,0,3206.438,44.773,-74.174,3211.704,6,"PBGrrgaming",66.877,-99.974,1,0,,3214.544,,,74,2
121,7,1,3,2,0,0,0,0,1,0,255,4,255,70,3237.595,"Slaris",R,27,72,124,0.152,0.344,0.266,1.872,0.13,1.645,-36.493,58.139,52,40,8,0,0,-46.524,-137.198,20.842,0,0,0,0,3,R,"DoYaGee",176.1,85,0.453,0,65,W,Y,0,0,0,0,0,0,0,0,0,0,0,0,0,0,0,0,-0.674,-36.367,0,"shimenawa",0.345,-16.952,0,"낑깡__",-19.09,-43.908,0,"_앰프_",-14.538,-59.367,0,"Pugeuk",19.422,-47.607,0,"CoalCat",7.412,-60.512,0,"PBGrrgaming",49.309,-88.713,0,"ddil_ddil69",0.309,-115.733,0,"-라후이-",-42.233,-87.001,0,0,0,0,0,0,"",0,0,0,0,3238.112,3240.007,,,0,0
122,7,1,3,2,0,1,0,0,1,0,255,4,255,71,3256.69,"Slaris",R,28,81,131,-0.858,-0.076,0.271,1.845,-0.445,1.465,-36.493,62.783,73,23,3,2,0,42.949,-81.113,13.464,0,0,1,0,3,R,"DoYaGee",176.1,85,0.453,3,65,W,Y,3257.74,134,106,102,98,46,141,127,29.407,32.812,0.44,0,0.188,159.473,551.3,175.033,-0.455,-36.699,0,"shimenawa",-0.204,-17.029,0,"낑깡__",-18.65,-45.481,0,"_앰프_",-15.498,-60.745,0,"Pugeuk",19.908,-49.608,0,"CoalCat",7.043,-60.452,0,"PBGrrgaming",49.149,-91.783,0,"ddil_ddil69",0.335,-115.757,0,"-라후이-",-42.223,-86.998,0,3261.829,-72.883,-103.882,0,0,"",0,0,0,0,,3267.769,3263.877,3269.228,2,4
123,7,1,5,2,0,0,0,0,0,0,255,255,255,72,3294.306,"Slaris",R,28,87,140,-0.323,-0.594,0.294,1.832,-0.23,1.154,-36.493,51.475,72,28,0,0,0,60.229,-92.808,9.429,0,0,0,1,6,R,"「론구」",179.9,80,0.2,0,65,W,Y,0,0,0,0,0,0,0,0,0,0,0,0,0,0,0,0,-0.096,-36.183,0,"shimenawa",-0.205,-17.166,0,"낑깡__",-19.107,-47.394,0,"_앰프_",-16.645,-62.274,0,"Pugeuk",18.691,-49.049,0,"CoalCat",8.386,-64.088,0,"PBGrrgaming",52.055,-95.156,0,"ddil_ddil69",-3.184,-117.717,0,"-라후이-",-42.072,-84.354,0,0,0,0,0,0,"",0,0,0,0,3294.854,,,,0,0
124,7,1,5,2,0,1,0,0,0,0,255,255,255,73,3307.483,"Slaris",R,34,81,132,-1.693,0.522,0.226,1.913,-0.872,1.889,-36.493,62.432,73,21,6,2,0,87.849,-13.993,13.272,0,0,1,1,6,R,"「론구」",179.9,80,0.2,3,65,W,Y,3308.622,255,64,105,67,54,145,128,-30,44.271,0.7,0,0.386,-536.634,-137.506,-230.47,-0.181,-36.132,0,"shimenawa",-0.137,-17.244,0,"낑깡__",-19.149,-47.558,86,"_앰프_",-16.649,-62.286,0,"Pugeuk",18.642,-49.118,0,"CoalCat",8.349,-64.067,0,"PBGrrgaming",51.888,-95.143,0,"ddil_ddil69",-3.314,-117.86,0,"-라후이-",-42.073,-84.369,0,3307.846,-2.013,-21.201,3309.204,2,"낑깡__",-18.681,-43.062,0,0,,,,,3,2
125,7,1,5,2,0,0,1,0,0,0,255,255,255,74,3326.209,"Slaris",R,34,72,124,-0.074,0.175,0.321,1.841,-0.194,1.667,-36.493,73.058,69,31,0,2,0,97.758,-26.973,12.242,0,0,1,2,2,R,"레이나2",180.3,85.17,0.353,3,65,W,Y,3327.369,227,255,58,109,62,137,126,23.96,-26.53,0.68,0,0.158,-501.733,133.496,-300.738,-0.375,-35.879,0,"shimenawa",-0.085,-17.199,0,"낑깡__",-19.228,-46.964,0,"_앰프_",-16.882,-62.202,0,"Pugeuk",18.717,-48.409,0,"CoalCat",9.864,-63.144,65,"PBGrrgaming",52.058,-95.117,61,"ddil_ddil69",-4.061,-114.82,0,"-라후이-",-43.903,-79.224,0,3330.404,41.865,-110.597,3332.821,6,"PBGrrgaming",43.059,-114.525,1,0,,3337.169,,,74,2
126,7,1,5,2,0,0,1,0,1,0,255,2,255,75,3360.982,"Slaris",R,34,76,127,-1.194,1.403,0.269,1.907,-0.623,2.451,-36.493,72.53,52,37,11,2,0,62.072,-7.642,10.905,0,0,1,3,0,L,"Sabo_10",185.3,87.575,0.449,3,65,W,Y,3361.854,236,106,132,87,59,145,89,61.426,-21.317,-0.78,0,0.572,325.509,470.374,-181.087,-0.374,-36.462,0,"shimenawa",-0.288,-17.224,0,"낑깡__",-18.358,-46.888,0,"_앰프_",-7.87,-60.733,0,"Pugeuk",20.297,-47.35,0,"CoalCat",11.13,-59.985,87,"PBGrrgaming",48.929,-93.653,0,"ddil_ddil69",4.039,-111.826,0,"-라후이-",-39.162,-87.96,0,3367.112,14.227,-66.678,3367.313,5,"CoalCat",14.056,-65.482,0,0,,3367.435,,,10,1
127,7,1,5,2,0,0,2,0,1,0,255,2,255,76,3390.902,"Slaris",R,34,80,130,-2.978,-0.144,0.026,1.888,-1.394,1.439,-36.493,46.181,80,16,4,1,0,65.073,-63.158,17.432,0,0,0,4,7,L,"schmoneymikey",175.4,80,0.348,0,65,W,Y,0,0,0,0,0,0,0,0,0,0,0,0,0,0,0,0,-0.326,-36.289,0,"shimenawa",-0.408,-16.545,0,"낑깡__",-18.533,-46.248,0,"_앰프_",-10.863,-61.741,0,"Pugeuk",20.041,-48.954,0,"CoalCat",12.228,-61.58,0,"PBGrrgaming",50.401,-97.527,0,"ddil_ddil69",5.024,-102.006,0,"-라후이-",-42.837,-90.652,0,0,0,0,0,0,"",0,0,0,0,3391.604,3393.147,,,0,0
128,7,1,5,2,1,0,2,0,1,0,255,2,255,77,3407.609,"Slaris",R,26,91,140,-0.627,-1.43,0.148,1.724,-0.06,0.6,-36.493,37.693,80,20,0,2,0,-162.432,-174.794,13.932,0,0,1,4,7,L,"schmoneymikey",175.4,80,0.348,3,65,W,Y,3408.728,231,141,81,22,0,137,117,-26.455,46.333,0.78,0,0.217,272.947,-532.903,-38.917,-0.268,-36.38,0,"shimenawa",-0.033,-16.682,0,"낑깡__",-18.497,-46.165,0,"_앰프_",-8.318,-61.494,0,"Pugeuk",20.265,-47.81,0,"CoalCat",12.167,-61.346,0,"PBGrrgaming",49.047,-99.856,0,"ddil_ddil69",4.999,-102.007,0,"-라후이-",-42.827,-90.655,0,3408.012,-1.042,-21.212,0,0,"",0,0,0,0,,3413.74,,,2,0
129,7,1,5,2,1,1,2,0,1,0,255,2,255,78,3429.782,"Slaris",R,28,93,140,-1.274,0.615,-0.008,1.806,-0.622,1.874,-36.493,30.195,81,15,4,2,0,50.175,-87.028,15.373,0,0,1,4,7,L,"schmoneymikey",175.4,80,0.348,3,65,W,Y,3430.9,221,201,67,108,0,142,83,52.983,48.148,-0.86,0,0.221,510.782,275.966,-151.474,-0.152,-36.54,0,"shimenawa",-0.109,-16.735,0,"낑깡__",-18.57,-46.562,0,"_앰프_",-12.723,-61.583,0,"Pugeuk",19.813,-47.849,0,"CoalCat",11.177,-61.726,0,"PBGrrgaming",50.786,-98.256,0,"ddil_ddil69",2.529,-99.017,0,"-라후이-",-44.265,-85.952,0,3435.404,-48.631,-56.258,0,0,"",0,0,0,0,,3440.036,,,2,3
130,7,1,5,2,1,2,2,0,1,0,255,2,255,79,3455.391,"Slaris",R,14,85,124,-0.718,-1.716,0.082,1.81,-0.803,1.046,-36.493,46.697,70,27,3,2,0,315.42,387.957,26.871,0,0,1,4,7,L,"schmoneymikey",175.4,80,0.348,3,65,W,Y,3456.519,240,190,72,132,23,145,110,-11.005,11.21,0.91,0,0.219,-453.972,-391.899,18.007,-0.27,-36.541,0,"shimenawa",-0.142,-17.008,0,"낑깡__",-18.701,-46.752,0,"_앰프_",-12.081,-62.044,99,"Pugeuk",19.32,-46.789,0,"CoalCat",10.997,-61.445,0,"PBGrrgaming",50.266,-98.519,0,"ddil_ddil69",0.849,-100.991,0,"-라후이-",-45.766,-89.449,0,3455.804,-0.52,-23.181,3457.696,3,"_앰프_",-6.416,-60.722,0,0,,,3461.057,,25,2
131,7,0,5,2,0,0,0,0,0,0,255,255,255,8,3517.532,"Sabo_10",L,32,78,128,1.998,0.708,-0.52,1.39,1.081,1.894,-36.535,30.639,0,98,2,2,0,-172.31,-123.086,-19.748,0,0,1,3,5,R,"CoalCat",170.3,80,0.351,3,65,W,Y,3518.578,223,67,87,95,21,145,84,0.872,-3.014,-0.78,0,0.446,482.335,-356.555,14.87,-0.186,-37.159,0,"Kr_Luna",0.031,-17.493,0,"레이나2",-20.993,-45.845,0,"DoYaGee",-17.129,-61.23,0,"눈꽃",19.586,-50.299,0,"coder_",10.366,-63.218,97,"「론구」",37.484,-90.32,0,"schmoneymikey",-5.231,-115.501,0,"ゆっち一",-46.578,-88.704,0,3518.621,1.893,-41.409,3520.004,5,"coder_",3.853,-58.406,0,0,,,,,44,2
132,7,0,5,2,0,0,1,0,0,0,255,255,255,9,3544.577,"Sabo_10",L,32,81,132,-0.969,0.565,-0.788,1.38,-0.163,1.857,-36.535,54.424,0,100,0,0,0,-162.49,-76.942,-5.904,0,0,0,4,3,R,"_앰프_",172.4,80,0.4,0,65,W,Y,0,0,0,0,0,0,0,0,0,0,0,0,0,0,0,0,-0.109,-37.292,0,"Kr_Luna",0.005,-17.529,0,"레이나2",-21.798,-46.054,0,"DoYaGee",-18.216,-61.594,0,"눈꽃",19.063,-49.928,0,"coder_",9.864,-64.278,0,"「론구」",35.99,-91.694,0,"schmoneymikey",-4.08,-114.329,0,"ゆっち一",-43.771,-85.818,0,0,0,0,0,0,"",0,0,0,0,3544.962,,,,0,0
133,7,0,5,2,0,1,1,0,0,0,255,255,255,10,3559.795,"Sabo_10",L,32,85,138,917.582,-1.074,-0.679,1.359,0.343,1.78,-36.535,39.716,0,100,0,2,0,-231.417,-79.904,-14.636,0,0,1,4,3,R,"_앰프_",172.4,80,0.4,3,65,W,Y,3560.826,231,70,65,49,25,137,124,25.685,30.83,0.33,0,0.119,105.313,498.002,-317.652,-0.251,-37.141,0,"Kr_Luna",0.027,-17.495,0,"레이나2",-21.319,-46.255,0,"DoYaGee",-18.158,-61.532,0,"눈꽃",19.096,-49.958,0,"coder_",9.895,-64.271,85,"「론구」",35.991,-91.692,0,"schmoneymikey",-4.091,-114.319,0,"ゆっち一",-43.947,-86.182,120,3565.196,-60.937,-104.54,3565.987,8,"ゆっち一",-57.897,-102.984,1,0,,,,,104,2
134,7,0,5,2,0,0,1,1,0,0,13,255,255,11,3595.948,"Sabo_10",L,34,80,130,-0.546,0.777,-0.777,1.429,-0.115,2.027,-36.535,57.641,0,100,0,0,0,-66.819,-33.074,-3.081,0,0,0,5,1,L,"shimenawa",174.5,95.071,0.305,0,65,W,Y,0,0,0,0,0,0,0,0,0,0,0,0,0,0,0,0,-0.115,-37.684,0,"Kr_Luna",-0.103,-17.479,0,"레이나2",-20.572,-42.254,0,"DoYaGee",-2.39,-62.19,0,"눈꽃",19.53,-47.466,0,"coder_",10.987,-64.826,0,"「론구」",46.758,-93.369,0,"schmoneymikey",16.977,-118.671,0,"ゆっち一",-40.177,-92.472,0,0,0,0,0,0,"",0,0,0,0,3596.279,,,,0,0
135,7,0,5,2,0,1,1,1,0,0,13,255,255,12,3618.384,"Sabo_10",L,3,81,122,0.755,0.344,-0.815,1.368,-0.288,1.81,-36.535,52.02,0,95,5,2,0,399.046,0,-5.665,0,0,1,5,1,L,"shimenawa",174.5,95.071,0.305,3,65,W,Y,3619.483,151,95,99,112,52,145,120,95.497,61.315,0.74,0,0.246,470.551,26.434,-371.326,0.171,-37.299,0,"Kr_Luna",0.068,-17.373,0,"레이나2",-20.091,-44.846,0,"DoYaGee",-4.031,-63.841,0,"눈꽃",19.149,-47.252,0,"coder_",10.766,-65.33,0,"「론구」",46.918,-93.166,0,"schmoneymikey",18.045,-118.197,0,"ゆっち一",-41.243,-90.262,0,0,0,0,0,0,"",0,0,0,0,,,,,12,3
136,7,0,5,2,0,2,1,1,0,0,13,255,255,13,3656.586,"Sabo_10",L,13,80,117,3.247,-0.818,-0.588,1.295,0.766,1.553,-36.535,36.21,0,100,0,1,0,390.434,312.348,-24.523,0,0,0,5,1,L,"shimenawa",174.5,95.071,0.305,0,105,W,Y,0,0,0,0,0,0,0,0,0,0,0,0,0,0,0,0,-0.2,-37.726,0,"Kr_Luna",-0.141,-17.447,0,"레이나2",-20.589,-41.814,0,"DoYaGee",-4.721,-63.146,0,"눈꽃",19.042,-45.803,0,"coder_",11.982,-67.346,0,"「론구」",47.769,-91.393,0,"schmoneymikey",22.215,-120.189,0,"ゆっち一",-40.448,-90.21,0,0,0,0,0,0,"",0,0,0,0,3656.962,,,,0,0
137,7,0,5,2,1,2,1,1,0,0,13,255,255,14,3674.639,"Sabo_10",L,3,79,119,0.169,1.059,-0.866,1.303,-0.529,1.582,-36.535,60.433,0,100,0,2,0,395.207,0,-2.382,0,0,1,5,1,L,"shimenawa",174.5,95.071,0.305,3,105,W,Y,3675.763,138,89,106,119,26,143,108,-15.245,7.774,0.91,0,0.269,-583.874,-131.618,42.045,-0.111,-37.277,0,"Kr_Luna",0.06,-17.379,0,"레이나2",-20.658,-46.182,0,"DoYaGee",-9.456,-65.022,108,"눈꽃",20.496,-47.895,0,"coder_",11.047,-65.824,0,"「론구」",45.122,-89.341,0,"schmoneymikey",21.318,-119.956,0,"ゆっち一",-41.675,-88.713,0,3674.946,-0.346,-23.251,3676.796,3,"DoYaGee",-5.081,-59.262,0,0,,3680.159,,,7,2
138,8,1,5,2,0,0,0,0,0,0,255,255,255,80,3724.79,"Slaris",R,26,88,140,0.039,-1.089,0.238,1.857,0.191,0.789,-36.493,45.121,77,22,1,2,0,-136.319,-188.273,16.186,0,0,0,5,5,R,"coder_",170,80,0.302,3,64,W,Y,3725.895,55,14,1,0,12,3,36,-87.29,-64.468,0.88,1,0.725,32.377,-513.071,-309.37,-0.003,-36.215,0,"shimenawa",-0.057,-17.364,92,"낑깡__",-19.348,-47.239,0,"_앰프_",-16.404,-62.218,0,"Pugeuk",17.951,-49.88,0,"CoalCat",9.469,-63.47,0,"PBGrrgaming",48.262,-95.581,0,"ddil_ddil69",-2.391,-121.053,0,"-라후이-",18.653,-22.208,0,3725.129,0.025,-19.433,3726.137,1,"shimenawa",-0.494,-19.488,0,0,3726.137,,,,34,2
139,8,1,5,2,0,1,0,0,0,0,255,255,255,81,3746.456,"Slaris",R,28,78,128,0.256,-0.297,0.262,1.883,-0.263,1.277,-36.493,46.591,63,34,3,2,0,73.905,-88.167,12.415,0,0,1,5,5,R,"coder_",170,80,0.302,3,55,W,Y,3747.566,15,15,0,9,35,6,36,-8.558,36.86,0.48,1,0.784,37.581,-598.814,-3.035,-0.337,-36.113,0,"shimenawa",-0.419,-17.551,0,"낑깡__",-19.003,-46.577,0,"_앰프_",-17.078,-62.177,0,"Pugeuk",17.31,-48.549,0,"CoalCat",10.198,-63.5,0,"PBGrrgaming",46.987,-97.245,0,"ddil_ddil69",-2.305,-121.033,0,"-라후이-",18.382,-23.366,0,3747.087,-2.164,-22.592,3750.396,2,"낑깡__",-12.168,-35.816,1,0,,,,,3,2
140,8,1,5,2,0,0,0,1,0,0,5,255,255,82,3775.745,"Slaris",R,34,83,135,-2.007,0.533,-0.005,1.879,-0.989,1.838,-36.493,41.853,68,26,6,1,0,83.295,-80.021,21.249,0,0,0,6,8,L,"ゆっち一",180.9,84.105,0.397,0,64,W,Y,0,0,0,0,0,0,0,0,0,0,0,0,0,0,0,0,-0.241,-36.301,0,"shimenawa",0.855,-18.489,0,"낑깡__",-21.099,-43.555,0,"_앰프_",-4.712,-60.391,0,"Pugeuk",19.139,-48.337,0,"CoalCat",8.63,-61.07,0,"PBGrrgaming",46.997,-97.095,0,"ddil_ddil69",-2.288,-121.021,0,"-라후이-",-40.447,-87.089,0,0,0,0,0,0,"",0,0,0,0,3776.221,,,,0,0
141,8,1,5,2,1,0,0,1,0,0,5,255,255,83,3795.988,"Slaris",R,26,98,140,-6.11,-2.315,-0.379,1.443,-2.61,0.088,-36.493,10.843,43,57,0,3,0,-85.444,-200,49.171,-1.556,-20.351,0,6,8,L,"ゆっち一",180.9,84.105,0.397,0,64,W,Y,0,0,0,0,0,0,0,0,0,0,0,0,0,0,0,0,-0.299,-36.792,0,"shimenawa",-1.903,-17.747,0,"낑깡__",-19.858,-43.64,0,"_앰프_",-5.206,-59.423,0,"Pugeuk",18.728,-47.985,0,"CoalCat",9.898,-61.584,0,"PBGrrgaming",47.065,-97.096,0,"ddil_ddil69",-2.342,-121.002,0,"-라후이-",-37.294,-85.935,0,0,0,0,0,0,"",0,0,0,0,,,,,0,6
142,8,1,5,2,3,0,0,1,0,0,8,255,255,84,3823.138,"Slaris",R,10,83,124,1.423,-0.052,0.214,1.845,0.613,2.017,-36.493,42.276,73,25,2,2,0,0,400,24.383,0,0,1,6,8,L,"ゆっち一",180.9,84.105,0.397,3,64,W,Y,3824.267,217,104,109,124,79,145,128,25.13,-40.726,0.62,0,0.398,111.699,584.07,79.91,-0.345,-36.852,0,"shimenawa",1.004,-17.051,0,"낑깡__",-18.749,-46.563,0,"_앰프_",-6.597,-60.249,0,"Pugeuk",18.636,-47.815,0,"CoalCat",11.864,-62.626,0,"PBGrrgaming",47.148,-97.122,0,"ddil_ddil69",-4.149,-118.572,0,"-라후이-",-37.804,-86.275,0,3830.337,69.333,-129.446,0,0,"",0,0,0,0,,3829.555,3834.605,3839.529,2,4
143,8,1,7,2,0,0,0,0,0,0,255,255,255,85,3864.914,"Slaris",R,33,84,136,-0.393,0.959,0.24,1.942,-0.331,2.158,-36.493,52.201,76,15,9,0,0,109.834,-52.099,18.169,0,0,0,7,1,L,"Kr_Luna",190,95.297,0.498,0,64,W,Y,0,0,0,0,0,0,0,0,0,0,0,0,0,0,0,0,-0.473,-37.002,0,"shimenawa",0.295,-16.578,0,"낑깡__",-19.998,-46.8,0,"_앰프_",-8.671,-61.621,0,"Pugeuk",18.962,-48.91,0,"CoalCat",12.709,-63.396,0,"PBGrrgaming",53.249,-96.052,0,"ddil_ddil69",4.969,-115.777,0,"-라후이-",-40.113,-90.833,0,0,0,0,0,0,"",0,0,0,0,3865.237,,,,0,0
144,8,1,7,2,0,1,0,0,0,0,255,255,255,86,3880.109,"Slaris",R,27,90,140,-3.345,-0.921,-0.085,1.822,-1.463,0.905,-36.493,32.774,86,14,0,1,0,5.279,-131.163,11.139,0,0,0,7,1,L,"Kr_Luna",190,95.297,0.498,0,64,W,Y,0,0,0,0,0,0,0,0,0,0,0,0,0,0,0,0,-0.147,-36.463,0,"shimenawa",-0.129,-16.569,0,"낑깡__",-19.316,-45.942,0,"_앰프_",-9.059,-61.062,0,"Pugeuk",19.693,-48.416,0,"CoalCat",12.245,-62.797,0,"PBGrrgaming",53.26,-99.506,0,"ddil_ddil69",5.096,-115.678,0,"-라후이-",-40.131,-90.863,0,0,0,0,0,0,"",0,0,0,0,3880.288,,,,0,0
145,8,1,7,2,1,1,0,0,0,0,255,255,255,87,3894.561,"Slaris",R,33,62,116,-9.804,-2.529,0.403,1.907,-4.407,-1.879,-36.493,75.33,63,33,4,1,0,101.625,10.024,16.317,-1.079,-25.821,0,7,1,L,"Kr_Luna",190,95.297,0.498,0,64,W,Y,0,0,0,0,0,0,0,0,0,0,0,0,0,0,0,0,-0.271,-36.307,0,"shimenawa",-3.214,-16.654,0,"낑깡__",-19.16,-45.8,0,"_앰프_",-9.424,-62.111,0,"Pugeuk",19.731,-48.376,0,"CoalCat",12.238,-62.821,0,"PBGrrgaming",54.88,-101.326,0,"ddil_ddil69",5.11,-115.669,0,"-라후이-",-40.118,-90.845,0,0,0,0,0,0,"",0,0,0,0,3894.929,,,,0,0
146,8,1,7,2,2,1,0,0,0,0,255,255,255,88,3912.958,"Slaris",R,13,76,114,-4.971,-2.196,0.116,1.476,-1.455,-0.155,-36.493,12.702,46,54,0,3,0,-365.483,341.207,-28.973,-0.687,-22.538,0,7,1,L,"Kr_Luna",190,95.297,0.498,0,64,W,Y,0,0,0,0,0,0,0,0,0,0,0,0,0,0,0,0,-0.244,-36.595,0,"shimenawa",-0.57,-16.597,0,"낑깡__",-19.235,-46.249,0,"_앰프_",-10.206,-62.365,0,"Pugeuk",19.772,-48.37,0,"CoalCat",12.22,-62.852,0,"PBGrrgaming",54.836,-101.331,0,"ddil_ddil69",5.093,-115.736,0,"-라후이-",-40.137,-90.834,0,0,0,0,0,0,"",0,0,0,0,3919.571,,,,0,6
147,8,1,7,2,0,0,0,1,0,0,1,255,255,89,3941.067,"Slaris",R,26,97,140,-2.331,-0.957,-0.05,1.662,-0.982,0.842,-36.493,18.842,82,18,0,2,0,-24.141,-185.704,11.603,0,0,1,8,4,L,"눈꽃",190,85,0.6,3,64,W,Y,3942.058,255,143,86,108,74,145,115,94.721,73.621,0.15,0,0.535,-70.835,-319.402,-502.956,-0.202,-36.451,0,"shimenawa",-0.148,-17.073,0,"낑깡__",-18.579,-45.785,0,"_앰프_",-8.934,-60.452,0,"Pugeuk",19.133,-48.079,0,"CoalCat",12.334,-62.83,0,"PBGrrgaming",54.876,-101.313,0,"ddil_ddil69",5.097,-115.707,0,"-라후이-",-40.603,-91.608,0,0,0,0,0,0,"",0,0,0,0,,,,,2,3
148,8,1,7,2,0,1,0,1,0,0,1,255,255,90,3960.307,"Slaris",R,26,85,138,2.482,0.764,0.395,1.885,1.311,1.937,-36.493,57.822,76,20,4,2,0,-174.927,-177.958,11.565,0,0,1,8,4,L,"눈꽃",190,85,0.6,3,85,W,Y,3961.365,255,116,84,109,59,145,126,99.678,-26.358,0.71,0,0.641,322.411,396.501,-314.386,-0.116,-36.406,0,"shimenawa",0.602,-17.16,0,"낑깡__",-19.182,-46.005,0,"_앰프_",-11.192,-59.736,0,"Pugeuk",20.263,-48.185,0,"CoalCat",12.08,-64.117,0,"PBGrrgaming",56.415,-102.999,0,"ddil_ddil69",4.362,-114.055,0,"-라후이-",-41.452,-90.476,0,0,0,0,0,0,"",0,0,0,0,,,,,2,3
149,8,1,7,2,0,2,0,1,0,0,1,255,255,91,3980.609,"Slaris",R,34,77,128,0.601,0.604,0.261,1.875,0.108,1.921,-36.493,53.421,65,32,3,0,0,97.169,-61.477,15.033,0,0,1,8,4,L,"눈꽃",190,85,0.6,0,85,W,Y,0,0,0,0,0,0,0,0,0,0,0,0,0,0,0,0,-0.098,-36.964,0,"shimenawa",0.447,-16.668,0,"낑깡__",-21.022,-43.241,0,"_앰프_",-10.191,-59.288,0,"Pugeuk",20.756,-48.383,0,"CoalCat",11.792,-63.892,0,"PBGrrgaming",55.624,-105.34,0,"ddil_ddil69",3.655,-113.633,0,"-라후이-",-45.972,-92.656,0,0,0,0,0,0,"",0,0,0,0,3981.046,,,,0,0
150,8,1,7,2,0,0,1,1,0,0,1,255,255,92,4003.1,"Slaris",R,27,85,137,-0.325,-0.027,0.087,1.763,-0.203,1.451,-36.493,31.079,79,20,1,0,0,42.742,-135.526,17.489,0,0,0,0,3,R,"DoYaGee",176.1,85,0.453,0,64,W,Y,0,0,0,0,0,0,0,0,0,0,0,0,0,0,0,0,-0.022,-36.567,0,"shimenawa",-0.013,-16.784,0,"낑깡__",-19.898,-43.137,0,"_앰프_",-14.741,-60.059,0,"Pugeuk",18.564,-48.258,0,"CoalCat",8.327,-60.858,0,"PBGrrgaming",55.679,-105.339,0,"ddil_ddil69",3.792,-113.7,0,"-라후이-",-49.37,-87.011,0,0,0,0,0,0,"",0,0,0,0,4003.663,,,,0,0
151,8,1,7,2,0,1,1,1,0,0,1,255,255,93,4020.293,"Slaris",R,34,85,138,-0.155,2.098,0.214,2.005,-0.187,2.777,-36.493,62.108,75,20,5,1,0,82.65,-43.798,14.487,0,0,0,0,3,R,"DoYaGee",176.1,85,0.453,0,64,W,Y,0,0,0,0,0,0,0,0,0,0,0,0,0,0,0,0,-0.274,-37.427,0,"shimenawa",-0.071,-18.869,0,"낑깡__",-20.193,-45.112,0,"_앰프_",-14.839,-58.4,0,"Pugeuk",18.374,-48.298,0,"CoalCat",0.855,-59.14,0,"PBGrrgaming",55.618,-105.388,0,"ddil_ddil69",3.729,-113.714,0,"-라후이-",-49.182,-91.004,0,0,0,0,0,0,"",0,0,0,0,4020.646,4022.751,,,0,0
152,8,1,7,2,1,1,1,0,1,0,255,1,255,94,4040.874,"Slaris",R,33,84,137,0.746,0.392,0.329,1.934,0.169,1.778,-36.493,54.275,69,29,2,0,0,105.982,-41.798,11.2,0,0,0,0,3,R,"DoYaGee",176.1,85,0.453,0,64,W,Y,0,0,0,0,0,0,0,0,0,0,0,0,0,0,0,0,-0.044,-36.541,0,"shimenawa",0.215,-16.823,0,"낑깡__",-20.091,-46.458,0,"_앰프_",-16.546,-59.125,0,"Pugeuk",18.981,-47.458,0,"CoalCat",7.453,-60.369,0,"PBGrrgaming",55.684,-105.334,0,"ddil_ddil69",3.409,-113.751,0,"-라후이-",-49.188,-90.984,0,0,0,0,0,0,"",0,0,0,0,4041.337,4043.072,,,0,0
153,8,1,7,2,1,2,1,0,1,0,255,1,255,95,4056.797,"Slaris",R,33,90,140,-0.65,1.308,0.093,1.915,-0.449,2.297,-36.493,48.156,79,18,3,1,0,121.764,-65.879,13.847,0,0,0,0,3,R,"DoYaGee",176.1,85,0.453,0,64,W,Y,0,0,0,0,0,0,0,0,0,0,0,0,0,0,0,0,-0.073,-36.42,0,"shimenawa",-0.018,-16.853,0,"낑깡__",-20.27,-45.167,0,"_앰프_",-16.58,-59.113,0,"Pugeuk",19.089,-45.542,0,"CoalCat",8.917,-59.828,0,"PBGrrgaming",55.697,-105.383,0,"ddil_ddil69",3.44,-113.74,0,"-라후이-",-49.181,-91.003,0,0,0,0,0,0,"",0,0,0,0,4057.246,4060.041,,,0,0
154,8,1,7,2,2,2,1,0,1,0,255,1,255,96,4076.148,"Slaris",R,3,78,117,-0.179,-0.665,0.351,1.753,0.667,1.211,-36.493,39.168,82,18,0,0,0,-449.512,2.49,-11.989,0,0,1,0,3,R,"DoYaGee",176.1,85,0.453,0,64,W,Y,0,0,0,0,0,0,0,0,0,0,0,0,0,0,0,0,-0.257,-36.866,0,"shimenawa",-0.382,-16.933,0,"낑깡__",-19.664,-45.588,0,"_앰프_",-16.243,-59.347,0,"Pugeuk",19.408,-45.153,0,"CoalCat",8.997,-59.822,0,"PBGrrgaming",55.644,-105.386,0,"ddil_ddil69",3.536,-113.749,0,"-라후이-",-49.735,-94.228,0,0,0,0,0,0,"",0,0,0,0,4076.671,4079.461,,,0,0
155,8,1,7,2,0,0,2,0,1,0,255,1,255,97,4096.442,"Slaris",R,13,69,109,-0.846,-1.915,0.309,1.707,0.338,0.899,-36.493,29.85,87,13,0,2,0,-386.848,312.394,-14.269,0,0,1,1,6,R,"「론구」",179.9,80,0.2,3,64,W,Y,4097.644,255,159,101,114,90,145,128,-15.003,18.02,0.69,0,0.516,-48.586,46.302,596.235,-0.254,-36.538,0,"shimenawa",-0.496,-17.104,0,"낑깡__",-18.599,-46.294,85,"_앰프_",-17.402,-62.68,105,"Pugeuk",18.297,-48.387,0,"CoalCat",9.332,-63.133,0,"PBGrrgaming",55.674,-105.39,0,"ddil_ddil69",3.505,-113.556,0,"-라후이-",-49.744,-94.235,0,4096.779,-0.572,-22.755,4098.579,3,"_앰프_",-13.368,-61.839,0,0,,,4103.188,,25,2
156,8,0,7,2,0,0,0,0,0,0,255,255,255,15,4136.874,"Sabo_10",L,32,76,127,-0.898,-0.188,-0.778,1.283,-0.118,1.497,-36.535,61.251,0,100,0,0,0,-163.825,-7.804,-5.411,0,0,0,6,6,R,"PBGrrgaming",160,95,0.5,0,64,W,Y,0,0,0,0,0,0,0,0,0,0,0,0,0,0,0,0,-0.162,-37.563,0,"Kr_Luna",-0.018,-17.38,0,"레이나2",-21.521,-46.593,0,"DoYaGee",-19.469,-58.053,0,"눈꽃",17.543,-47.143,0,"coder_",9.803,-61.561,0,"「론구」",34.234,-87.684,0,"schmoneymikey",-1.188,-111.747,0,"ゆっち一",-44.563,-91.159,0,0,0,0,0,0,"",0,0,0,0,4137.321,,,,0,0
157,8,0,7,2,0,1,0,0,0,0,255,255,255,16,4150.043,"Sabo_10",L,32,80,130,-0.618,0.131,-0.737,1.307,0.071,1.591,-36.535,56.869,0,100,0,0,0,-213.667,-77.642,-4.72,0,0,0,6,6,R,"PBGrrgaming",160,95,0.5,0,64,W,Y,0,0,0,0,0,0,0,0,0,0,0,0,0,0,0,0,-0.399,-37.885,0,"Kr_Luna",-0.032,-17.39,0,"레이나2",-21.558,-46.485,0,"DoYaGee",-19.097,-59.277,0,"눈꽃",17.95,-46.924,0,"coder_",9.925,-61.861,0,"「론구」",34.19,-87.725,0,"schmoneymikey",-6.058,-114.991,0,"ゆっち一",-44.348,-89.736,0,0,0,0,0,0,"",0,0,0,0,4150.462,,,,0,0
158,8,0,7,2,0,2,0,0,0,0,255,255,255,17,4160.936,"Sabo_10",L,32,79,129,-0.708,0.935,-0.759,1.419,-0.028,2.022,-36.535,61.36,0,100,0,2,0,-171.666,-70.143,-5.363,0,0,1,6,6,R,"PBGrrgaming",160,95,0.5,3,64,W,Y,4162.064,255,60,50,54,29,136,75,95.614,-75.642,-0.81,0,0.218,429.885,92.229,408.28,0.228,-37.459,0,"Kr_Luna",0.016,-17.378,0,"레이나2",-21.223,-46.604,0,"DoYaGee",-17.763,-60.604,0,"눈꽃",18.003,-47.057,0,"coder_",8.087,-61.984,0,"「론구」",34.266,-87.653,0,"schmoneymikey",-6.774,-114.834,0,"ゆっち一",-44.605,-89.783,0,0,0,0,0,0,"",0,0,0,0,,,,,8,3
159,8,0,7,2,0,2,0,0,0,0,255,255,255,18,4173.705,"Sabo_10",L,32,85,138,1.279,0.724,-0.578,1.374,0.813,1.847,-36.535,37.782,0,100,0,2,0,-173.031,-141.519,-21.299,0,0,0,6,6,R,"PBGrrgaming",160,95,0.5,3,64,W,Y,4174.814,120,41,49,52,31,131,72,42.596,18.105,-0.87,0,0.296,384.89,66.539,-455.447,-0.126,-37.349,0,"Kr_Luna",0.074,-17.371,0,"레이나2",-21.011,-46.029,0,"DoYaGee",-17.784,-61.367,0,"눈꽃",17.935,-47.064,0,"coder_",9.51,-62.181,88,"「론구」",33.55,-88.096,0,"schmoneymikey",-5.429,-115.308,0,"ゆっち一",-43.889,-87.166,104,4178.954,-15.017,-68.193,4182.146,8,"ゆっち一",-18.604,-80.31,1,0,,,,,104,2
160,8,0,7,2,0,0,0,1,0,0,16,255,255,19,4203.127,"Sabo_10",L,13,84,108,2.024,-0.513,-0.688,1.363,0.199,1.739,-36.535,38.883,0,98,2,2,0,374.046,323.821,-18.442,0,0,1,7,4,R,"Pugeuk",190,80,0.28,3,64,W,Y,4204.141,255,185,145,88,37,145,130,28.595,-28.972,0.45,0,1.084,-536.387,258.641,73.444,0.28,-37.452,0,"Kr_Luna",0.205,-17.558,0,"레이나2",-20.783,-45.411,0,"DoYaGee",-16.094,-60.83,0,"눈꽃",17.868,-49.16,98,"coder_",9.002,-63.522,0,"「론구」",40.11,-96.09,89,"schmoneymikey",-7.401,-110.715,0,"ゆっち一",-46.783,-90.439,0,4207.479,44.419,-116.445,4209.796,6,"「론구」",38.342,-115.24,1,0,,4209.576,4214.154,,266,2
161,8,0,7,2,0,0,0,0,1,1,255,14,16,20,4232.439,"Sabo_10",L,13,73,100,2.626,-1.137,-0.593,1.28,0.494,1.552,-36.535,38.791,0,100,0,2,0,318.549,356.675,-12.676,0,0,1,8,7,R,"ddil_ddil69",174.8,90.368,0.401,3,64,W,Y,4233.658,255,91,123,118,91,145,85,-21.025,-18.603,-0.81,0,0.268,366.435,-439.185,-181.223,-0.213,-37.596,0,"Kr_Luna",0.224,-17.371,111,"레이나2",-21.048,-46.149,111,"DoYaGee",-14.03,-63.231,0,"눈꽃",17.292,-45.307,119,"coder_",8.024,-59.874,0,"「론구」",40.931,-95.292,0,"schmoneymikey",-8.218,-114.084,0,"ゆっち一",-44.317,-87.713,0,4232.879,0.957,-20.864,4234.612,4,"눈꽃",12.028,-44.186,0,64,4238.271,4239.94,,4240.106,396,2
162,8,0,7,2,0,0,2,0,1,0,255,14,255,21,4256.969,"Sabo_10",L,13,84,108,2.047,-0.739,-0.692,1.292,0.188,1.587,-36.535,35.993,0,100,0,2,0,382.982,312.798,-14.57,0,0,1,0,2,R,"낑깡__",190,80,0.398,3,64,W,Y,4257.882,154,137,81,152,84,145,94,-26.762,-15.033,-0.63,0,0.259,-39.01,-595.523,61.888,-0.114,-37.304,0,"Kr_Luna",0.092,-17.623,0,"레이나2",-21.406,-46.735,0,"DoYaGee",-15.27,-62.155,0,"눈꽃",18.302,-48.774,0,"coder_",8.583,-64.344,94,"「론구」",43.292,-95.648,0,"schmoneymikey",-0.96,-117.206,0,"ゆっち一",-46.998,-92.846,0,4257.012,0.785,-21.882,4259.137,5,"coder_",10.125,-56.366,1,128,,,,,290,2
163,9,1,7,2,0,0,0,0,0,0,255,255,255,98,4301.499,"Slaris",R,34,74,125,-0.756,0.135,0.228,1.883,-0.462,1.622,-36.493,54.431,64,31,5,0,0,81.433,-45.906,10.97,0,0,0,2,2,R,"레이나2",180.3,85.17,0.353,0,69,W,Y,0,0,0,0,0,0,0,0,0,0,0,0,0,0,0,0,-0.217,-37.267,0,"shimenawa",-0.018,-16.879,0,"낑깡__",-19.592,-48.033,0,"_앰프_",-15.493,-62.633,0,"Pugeuk",17.868,-49.802,0,"CoalCat",8.048,-62.501,0,"PBGrrgaming",51.235,-100.208,0,"ddil_ddil69",-5.751,-117.655,0,"-라후이-",-41.52,-91.927,0,0,0,0,0,0,"",0,0,0,0,4302.038,,,,0,0
164,9,1,7,2,0,1,0,0,0,0,255,255,255,99,4315.645,"Slaris",R,34,82,134,-0.02,0.528,0.357,1.933,-0.116,1.87,-36.493,58.86,68,25,7,0,0,68.028,-38.203,13.119,0,0,1,2,2,R,"레이나2",180.3,85.17,0.353,0,69,W,Y,0,0,0,0,0,0,0,0,0,0,0,0,0,0,0,0,-0.014,-36.351,0,"shimenawa",0.018,-16.872,0,"낑깡__",-19.536,-48.145,0,"_앰프_",-15.481,-62.596,0,"Pugeuk",17.919,-49.642,0,"CoalCat",8.627,-62.079,0,"PBGrrgaming",51.567,-100.785,0,"ddil_ddil69",-5.494,-118.722,0,"-라후이-",-41.767,-91.684,0,0,0,0,0,0,"",0,0,0,0,4316.138,,,,0,0
165,9,1,7,2,0,2,0,0,0,0,255,255,255,100,4331.393,"Slaris",R,13,57,101,-3.25,-1.043,0.033,1.738,-0.676,1.466,-36.493,54.665,78,22,0,1,0,-361.786,307.807,2.621,0,0,0,2,2,R,"레이나2",180.3,85.17,0.353,0,69,W,Y,0,0,0,0,0,0,0,0,0,0,0,0,0,0,0,0,-0.389,-36.385,0,"shimenawa",0.24,-17.045,0,"낑깡__",-19.556,-48.116,0,"_앰프_",-16.119,-62.53,0,"Pugeuk",18.394,-49.164,0,"CoalCat",9.205,-62.696,0,"PBGrrgaming",51.567,-100.769,0,"ddil_ddil69",-5.513,-118.761,0,"-라후이-",-41.866,-91.758,0,0,0,0,0,0,"",0,0,0,0,4332.046,,,,0,0
166,9,1,7,2,1,2,0,0,0,0,255,255,255,101,4344.488,"Slaris",R,26,87,140,1.108,1.85,0.312,1.938,0.561,2.551,-36.493,55.386,75,20,5,4,0,-68.327,-170.487,28.481,0,0,1,2,2,R,"레이나2",180.3,85.17,0.353,0,69,W,Y,0,0,0,0,0,0,0,0,0,0,0,0,0,0,0,0,-0.133,-36.432,0,"shimenawa",0.018,-16.929,0,"낑깡__",-19.573,-46.971,0,"_앰프_",-16.195,-62.516,0,"Pugeuk",18.202,-49.47,0,"CoalCat",9.305,-62.689,0,"PBGrrgaming",51.911,-101.434,0,"ddil_ddil69",-5.401,-118.739,0,"-라후이-",-41.873,-91.753,0,0,0,0,0,0,"",0,0,0,0,4344.987,,,,0,0
167,9,1,7,2,0,0,1,0,0,0,255,255,255,102,4363.431,"Slaris",R,14,77,115,-0.027,-0.587,-0.107,1.863,-0.67,1.639,-36.493,24.121,79,21,0,0,0,384.115,320.087,13.638,0,0,0,3,0,L,"Sabo_10",185.3,87.575,0.449,0,64,W,Y,0,0,0,0,0,0,0,0,0,0,0,0,0,0,0,0,-0.139,-36.639,0,"shimenawa",0.04,-16.927,0,"낑깡__",-18.964,-47.607,0,"_앰프_",-16.143,-62.525,0,"Pugeuk",19.529,-49.238,0,"CoalCat",11.742,-62.941,0,"PBGrrgaming",52.074,-101.276,0,"ddil_ddil69",-5.449,-118.762,0,"-라후이-",-41.911,-91.979,0,0,0,0,0,0,"",0,0,0,0,4363.771,,,,0,0
168,9,1,7,2,0,1,1,0,0,0,255,255,255,103,4376.544,"Slaris",R,14,81,118,1.333,-1.215,0.208,1.89,-0.041,1.252,-36.493,42.954,79,15,5,4,0,369.892,336.422,27.663,0.403,-17.571,1,3,0,L,"Sabo_10",185.3,87.575,0.449,0,64,W,Y,0,0,0,0,0,0,0,0,0,0,0,0,0,0,0,0,0.009,-36.476,0,"shimenawa",0.037,-16.935,0,"낑깡__",-19.003,-47.6,0,"_앰프_",-13.952,-64.553,0,"Pugeuk",19.397,-49.299,0,"CoalCat",11.744,-62.897,0,"PBGrrgaming",52.082,-101.26,0,"ddil_ddil69",-5.484,-118.752,0,"-라후이-",-41.864,-91.885,0,0,0,0,0,0,"",0,0,0,0,4376.813,,,,0,0
169,9,1,7,2,0,2,1,0,0,0,255,255,255,104,4389.256,"Slaris",R,26,79,129,3.604,0.837,0.504,1.838,1.628,1.93,-36.493,62.083,58,35,6,4,0,-49.374,-193.584,16.242,0,0,1,3,0,L,"Sabo_10",185.3,87.575,0.449,0,64,W,Y,0,0,0,0,0,0,0,0,0,0,0,0,0,0,0,0,0.045,-36.034,0,"shimenawa",0.13,-16.957,0,"낑깡__",-19.15,-46.994,0,"_앰프_",-13.956,-64.536,0,"Pugeuk",19.591,-49.311,0,"CoalCat",11.858,-62.993,0,"PBGrrgaming",52.014,-101.364,0,"ddil_ddil69",5.098,-105.079,0,"-라후이-",-41.735,-92.061,0,0,0,0,0,0,"",0,0,0,0,4389.429,,,,0,0
170,9,1,7,2,0,0,2,0,0,0,255,255,255,105,4408.329,"Slaris",R,26,86,140,-0.367,-1.269,0.299,1.838,0.174,0.804,-36.493,40.959,65,29,6,2,0,-177.744,-200,35.886,0,0,1,4,7,L,"schmoneymikey",175.4,80,0.348,3,64,W,Y,4409.461,161,200,106,0,0,133,118,29.272,-28.286,0.7,0,0.279,394.01,180.816,-414.803,-0.083,-36.134,0,"shimenawa",-0.044,-17.229,0,"낑깡__",-18.813,-46.934,0,"_앰프_",-13.729,-63.803,0,"Pugeuk",20.184,-49.317,0,"CoalCat",11.818,-62.816,89,"PBGrrgaming",52.011,-101.371,88,"ddil_ddil69",3.732,-127.644,0,"-라후이-",-41.926,-91.932,0,4413.671,47.622,-111.94,4416.121,6,"PBGrrgaming",51.778,-113.543,1,0,,4419.936,,,74,2
171,9,1,7,2,0,0,2,0,1,0,255,7,255,106,4441.019,"Slaris",R,28,88,140,-0.424,-0.478,0.082,1.82,-0.134,1.223,-36.493,29.902,75,25,0,0,0,-40.699,-99.474,22.447,0,0,0,5,5,R,"coder_",170,80,0.302,0,64,W,Y,0,0,0,0,0,0,0,0,0,0,0,0,0,0,0,0,-0.106,-36.812,0,"shimenawa",0.027,-16.629,0,"낑깡__",-19.233,-46.974,0,"_앰프_",-16.111,-62.515,0,"Pugeuk",19.727,-46.858,0,"CoalCat",8.984,-61.938,0,"PBGrrgaming",54.063,-105.89,0,"ddil_ddil69",-6.7,-120.126,0,"-라후이-",-37.657,-88.024,0,0,0,0,0,0,"",0,0,0,0,4441.496,4443.919,,,0,0
172,9,1,7,2,0,1,2,0,1,0,255,7,255,107,4456.087,"Slaris",R,3,58,101,-0.21,0.884,0.395,1.8,0.833,2.116,-36.493,71.9,67,33,0,0,0,-459.091,0,1.558,0,0,0,5,5,R,"coder_",170,80,0.302,0,64,W,Y,0,0,0,0,0,0,0,0,0,0,0,0,0,0,0,0,-0.06,-36.43,0,"shimenawa",2.231,-18.171,0,"낑깡__",-19.399,-46.662,0,"_앰프_",-14.535,-58.772,0,"Pugeuk",21.002,-43.745,0,"CoalCat",3.002,-59.772,0,"PBGrrgaming",54.451,-105.741,0,"ddil_ddil69",-6.758,-120.14,0,"-라후이-",-41.776,-89.157,0,0,0,0,0,0,"",0,0,0,0,4456.763,,4458.437,,0,0
173,9,1,7,2,0,2,2,0,0,1,255,255,7,108,4477.083,"Slaris",R,3,68,110,-1.529,-0.352,0.291,1.694,0.152,1.41,-36.493,39.49,77,23,0,2,0,-453.192,0,-3.117,0,0,1,5,5,R,"coder_",170,80,0.302,3,64,W,Y,4478.176,255,126,142,76,46,145,109,13.948,6.208,0.81,0,0.518,-36.089,414.84,431.978,-0.178,-36.262,0,"shimenawa",-1.143,-16.959,0,"낑깡__",-19.28,-47.137,90,"_앰프_",-15.233,-59.272,0,"Pugeuk",18.741,-47.436,0,"CoalCat",9.781,-62.867,0,"PBGrrgaming",54.021,-105.887,0,"ddil_ddil69",-6.723,-120.148,109,"-라후이-",-42.619,-92.296,0,4480.404,-13.915,-93.836,4481.788,7,"ddil_ddil69",-19.032,-107.576,1,0,,4487.402,,4483.162,259,2
174,9,1,8,2,0,0,2,0,1,0,255,5,255,109,4504.018,"Slaris",R,14,78,116,0.087,0.034,0.031,1.984,-0.61,2.023,-36.493,38.462,83,11,5,0,0,380.625,324.23,12.007,0,0,1,6,8,L,"ゆっち一",180.9,84.105,0.397,0,63,W,Y,0,0,0,0,0,0,0,0,0,0,0,0,0,0,0,0,-0.059,-36.732,0,"shimenawa",1.395,-18.634,0,"낑깡__",-18.942,-46.837,0,"_앰프_",-9.146,-62.067,0,"Pugeuk",20.281,-44.46,0,"CoalCat",11.548,-61.126,0,"PBGrrgaming",53.413,-103.82,0,"ddil_ddil69",-2.647,-127.821,0,"-라후이-",-42.898,-94.981,0,0,0,0,0,0,"",0,0,0,0,4504.579,4507.179,4524.264,,0,0
175,9,1,8,2,0,1,2,0,0,1,255,255,5,110,4545.473,"Slaris",R,3,68,111,-0.118,0.6,0.402,1.83,0.68,1.968,-36.493,41.604,84,16,0,2,0,-413.194,0,-2.003,0,0,1,6,8,L,"ゆっち一",180.9,84.105,0.397,3,63,W,Y,4546.675,186,121,130,83,53,145,93,57.343,-26.118,-0.51,0,0.128,365.124,-420.583,223.146,-0.177,-36.389,0,"shimenawa",0.065,-17.08,0,"낑깡__",-18.063,-47.124,0,"_앰프_",-10.661,-61.727,0,"Pugeuk",20.082,-44.707,0,"CoalCat",11.991,-62.1,0,"PBGrrgaming",53.452,-103.927,0,"ddil_ddil69",-1.684,-123.727,0,"-라후이-",-38.299,-90.594,0,4551.971,30.338,-68.578,4552.246,5,"CoalCat",29.366,-67.302,0,0,,,,4552.8,8,1
176,9,0,8,2,0,0,0,0,0,0,255,255,255,22,4594.166,"Sabo_10",L,32,81,132,-0.45,1.042,-0.716,1.393,0.169,2.193,-36.535,48.921,0,82,18,4,0,-235.414,-93.988,-19.828,0,0,1,1,0,R,"Slaris",190,85.69,0.452,0,63,W,Y,0,0,0,0,0,0,0,0,0,0,0,0,0,0,0,0,0.003,-37.34,0,"Kr_Luna",-0.032,-17.25,0,"레이나2",-20.699,-44.502,0,"DoYaGee",-16.454,-62.535,0,"눈꽃",20.002,-47.739,0,"coder_",10.933,-65.882,0,"「론구」",39.967,-97.325,0,"schmoneymikey",-4.663,-112.679,0,"ゆっち一",-45.334,-88.953,0,0,0,0,0,0,"",0,0,0,0,4594.396,,,,0,0
177,9,0,8,2,0,1,0,0,0,0,255,255,255,23,4609.168,"Sabo_10",L,0,85,138,-0.847,1.325,-0.826,1.474,-0.343,2.456,-36.535,54.648,0,98,2,2,0,0,0,-3,0,0,1,1,0,R,"Slaris",190,85.69,0.452,3,63,W,Y,4610.127,141,85,111,79,31,144,102,98.972,-81.509,0.96,0,0.194,64.706,567.346,-184.205,0.216,-36.98,0,"Kr_Luna",0.061,-17.248,0,"레이나2",-21.552,-46.597,0,"DoYaGee",-17.332,-61.745,0,"눈꽃",18.411,-49.095,0,"coder_",11.284,-66.04,0,"「론구」",40.007,-97.292,0,"schmoneymikey",-7.791,-121.882,0,"ゆっち一",-45.395,-89.099,0,0,0,0,0,0,"",0,0,0,0,,,,,8,3
178,9,0,8,2,0,2,0,0,0,0,255,255,255,24,4624.645,"Sabo_10",L,32,79,129,-0.256,1.063,-0.699,1.395,0.249,2.2,-36.535,53.086,0,86,14,2,0,-228.519,-97.583,-23.22,0,0,1,1,0,R,"Slaris",190,85.69,0.452,3,63,W,Y,4625.6,175,53,96,80,33,145,130,92.511,-81.414,0.47,0,0.242,514.341,305.772,44.233,-0.243,-37.407,0,"Kr_Luna",-0.15,-17.429,0,"레이나2",-21.701,-46.724,0,"DoYaGee",-15.757,-61.991,0,"눈꽃",19.685,-50.148,0,"coder_",9.597,-70.327,0,"「론구」",40.222,-97.274,0,"schmoneymikey",-8.938,-121.13,0,"ゆっち一",-47.636,-96.273,0,0,0,0,0,0,"",0,0,0,0,,,,,8,3
179,9,0,8,2,0,2,0,0,0,0,255,255,255,25,4640.423,"Sabo_10",L,3,80,107,1.811,-0.304,-0.753,1.33,-0.002,1.446,-36.535,48.934,0,100,0,2,0,426.002,0,-6.466,0,0,1,1,0,R,"Slaris",190,85.69,0.452,3,63,W,Y,4641.412,165,153,98,153,71,145,112,2.792,-9.337,0.92,0,0.244,-314.272,508.643,-50.154,-0.234,-37.573,0,"Kr_Luna",0.083,-17.254,0,"레이나2",-21.594,-46.48,85,"DoYaGee",-15.019,-63.252,0,"눈꽃",21.091,-49.774,0,"coder_",10.815,-71.033,0,"「론구」",39.471,-96.846,0,"schmoneymikey",-10.504,-122.41,0,"ゆっち一",-47.634,-96.259,0,4641.446,3.66,-47.2,4642.712,5,"coder_",6.118,-69.295,1,0,,,,,44,2
180,9,0,8,2,0,0,0,1,0,0,10,255,255,26,4677.722,"Sabo_10",L,13,79,105,2.179,-1.155,-0.67,1.29,0.255,1.358,-36.535,40.687,0,97,3,4,0,363.637,323.844,-13.135,0,0,1,2,8,R,"-라후이-",190,87,0.498,0,63,W,Y,0,0,0,0,0,0,0,0,0,0,0,0,0,0,0,0,-0.018,-37.314,0,"Kr_Luna",0.034,-17.37,0,"레이나2",-20.826,-42.071,0,"DoYaGee",-11.371,-62.432,0,"눈꽃",18.744,-45.889,0,"coder_",5.325,-64.051,0,"「론구」",39.354,-96.624,0,"schmoneymikey",-4.437,-123.493,0,"ゆっち一",-49.591,-90.23,0,0,0,0,0,0,"",0,0,0,0,4677.971,,,,0,0
181,9,0,8,2,0,1,0,1,0,0,10,255,255,27,4692.373,"Sabo_10",L,32,85,138,1.136,0.875,-0.586,1.551,0.774,2.058,-36.535,38.932,0,99,1,0,0,-198.167,-125.124,-34.525,0,0,0,2,8,R,"-라후이-",190,87,0.498,0,63,W,Y,0,0,0,0,0,0,0,0,0,0,0,0,0,0,0,0,0.068,-37.788,0,"Kr_Luna",-0.028,-17.431,0,"레이나2",-21.251,-43.209,0,"DoYaGee",-15.996,-62.254,0,"눈꽃",19.747,-47.195,0,"coder_",5.229,-66.506,0,"「론구」",39.336,-96.598,0,"schmoneymikey",-8.926,-126.016,0,"ゆっち一",-49.588,-90.229,0,0,0,0,0,0,"",0,0,0,0,4692.462,,,,0,0
182,9,0,8,2,0,2,0,1,0,0,10,255,255,28,4707.645,"Sabo_10",L,26,85,137,1.579,1.271,-0.569,1.617,0.853,2.272,-36.535,32.076,0,80,20,4,0,-110.142,-162.974,-32.454,0,0,1,2,8,R,"-라후이-",190,87,0.498,0,63,W,Y,0,0,0,0,0,0,0,0,0,0,0,0,0,0,0,0,-0.314,-37.785,0,"Kr_Luna",0.045,-17.512,0,"레이나2",-21.155,-42.586,0,"DoYaGee",-16.541,-61.703,0,"눈꽃",18.989,-47.268,0,"coder_",7.272,-65.756,0,"「론구」",39.349,-96.611,0,"schmoneymikey",-10.01,-125.989,0,"ゆっち一",-49.626,-90.22,0,0,0,0,0,0,"",0,0,0,0,4707.737,,,,0,0
183,9,0,8,2,0,0,1,1,0,0,10,255,255,29,4726.423,"Sabo_10",L,3,83,122,2.707,-0.487,-0.649,1.416,0.484,1.616,-36.535,34.774,0,94,6,1,0,445.336,227.324,-22.236,0,0,0,3,5,R,"CoalCat",170.3,80,0.351,0,63,W,Y,0,0,0,0,0,0,0,0,0,0,0,0,0,0,0,0,-0.442,-37.604,0,"Kr_Luna",0.037,-17.446,0,"레이나2",-21.745,-42.519,0,"DoYaGee",-15.756,-62.386,0,"눈꽃",19.242,-49.099,0,"coder_",4.377,-67.193,0,"「론구」",39.368,-96.625,0,"schmoneymikey",-7.771,-118.223,0,"ゆっち一",-49.474,-90.608,0,0,0,0,0,0,"",0,0,0,0,4726.712,,,,0,0
184,9,0,8,2,1,0,1,1,0,0,10,255,255,30,4740.058,"Sabo_10",L,3,80,119,1.336,0.271,-0.775,1.456,-0.105,1.762,-36.535,47.195,0,98,2,2,0,427.518,0,-13.625,0,0,1,3,5,R,"CoalCat",170.3,80,0.351,3,63,W,Y,4741.133,252,77,100,74,38,145,82,-1.341,-1.6,-0.87,0,0.42,332.806,-495.082,64.294,-0.235,-37.237,0,"Kr_Luna",0.137,-17.45,0,"레이나2",-21.431,-46.513,0,"DoYaGee",-16.398,-61.595,0,"눈꽃",19.164,-49.068,0,"coder_",8.509,-66.457,103,"「론구」",39.367,-96.613,0,"schmoneymikey",-7.688,-118.24,0,"ゆっち一",-48.209,-90.162,0,4740.829,0.88,-33.713,4742.854,5,"coder_",1.556,-61.223,0,8,,4746.648,,,36,2
