id,inn,half,scoreA,scoreB,ball,strk,out,b1,b2,b3,b1Idx,b2Idx,b3Idx,pCnt,pSec,pName,pHand,pType,pPow,spdK,zoneX,zoneY,startX,startY,targetX,targetY,zDist,pitchAngle,call,balk,sH,sV,gyro,plx,plz,bSwing,bIdx,bPos,bZone,bName,bHCm,batLen,batCen,batType,bFps,bOS,bVR,hSec,rotS,rotL,shS,lgS,prepS,batSpd,ev,ldeg,sdeg,hPos,buntGrip,handDist,angVeloX,angVeloY,angVeloZ,PPosX,PPosY,PThrSpd,CName,CPosX,CPosY,CThrSpd,1BName,1BPosX,1BPosY,1BThrSpd,2BName,2BPosX,2BPosY,2BThrSpd,3BName,3BPosX,3BPosY,3BThrSpd,SSName,SSPosX,SSPosY,SSThrSpd,LFName,LFPosX,LFPosY,LFThrSpd,CFName,CFPosX,CFPosY,CFThrSpd,RFName,RFPosX,RFPosY,RFThrSpd,ltSec,lx,lz,cSec,cPos,cPlr,cx,cz,1BSafe,tag,cpSec,sb2Sec,sb3Sec,sbhSec,ass,result
1,1,1,0,0,0,0,0,0,0,0,255,255,255,0,239.027,"encounter v",R,13,95,126,1.191,-0.011,0.599,2.312,1.01,1.883,-36.618,67.09,2,0,-390.434,312.348,-2.551,0,0,0,0,7,R,"ke ro",167,80.225,0.386,3,58,W,Y,240.042,229,109,92,57,33,145,120,28.188,-9.047,0.5,0,0.645,344.375,409.588,189.282,0.311,-37.533,0,"Pring__",-0.028,-17.028,0,"Pugeuk",-20.5,-50.635,0,"_앰프_",-15.004,-62.62,65,"mungjungh",23.806,-49.344,0,"CoalCat",13.212,-63.321,0,"AI",40.9,-90.65,0,"아침땅_",-7.999,-110.5,94,"CVPileMaki",-34.883,-88.454,0,244.923,6.25,-128.103,246.43,7,"아침땅_",5.97,-131.909,1,0,,249.694,,,146,2
2,1,1,0,0,0,0,0,0,1,0,255,7,255,1,271.295,"encounter v",R,13,72,111,-25.631,-2.664,0.283,1.883,-10.998,-5.488,-36.618,111.719,1,0,-278.705,400,-22.565,-1.701,-30.26,0,1,8,R,"ByeolBam",179.7,90,0.5,0,55,W,Y,0,0,0,0,0,0,0,0,0,0,0,0,0,0,0,0,0.317,-37.609,0,"Pring__",-1.108,-17.384,0,"Pugeuk",-19.497,-47.733,0,"_앰프_",-13.414,-60.197,0,"mungjungh",19.802,-42.909,0,"CoalCat",10.039,-61.924,0,"AI",40.9,-90.65,0,"아침땅_",-9.189,-113.259,0,"CVPileMaki",-43.055,-99.926,0,0,0,0,0,0,"",0,0,0,0,276.257,,278.071,,0,0
3,1,1,0,0,1,0,0,0,0,1,255,255,7,2,292.228,"encounter v",R,32,79,129,1.442,0.38,0.63,2.234,0.227,1.598,-36.618,86.779,0,0,250,-200,-20.76,0,0,0,1,8,R,"ByeolBam",179.7,90,0.5,0,55,W,Y,0,0,0,0,0,0,0,0,0,0,0,0,0,0,0,0,0.21,-37.507,0,"Pring__",-0.042,-16.879,0,"Pugeuk",-19.078,-46.661,0,"_앰프_",-13.153,-60.211,0,"mungjungh",20.256,-43.597,0,"CoalCat",11.913,-62.988,0,"AI",40.9,-90.65,0,"아침땅_",-8.612,-113.08,0,"CVPileMaki",-42.333,-95.583,0,0,0,0,0,0,"",0,0,0,0,293.283,,,,0,0
4,1,1,0,0,1,1,0,0,0,1,255,255,7,3,305.84,"encounter v",R,13,73,112,-0.668,-1.012,0.67,2.181,0.41,1.417,-36.618,90.584,0,0,-390.434,312.348,-14.905,0,0,1,1,8,R,"ByeolBam",179.7,90,0.5,0,55,W,Y,0,0,0,0,0,0,0,0,0,0,0,0,0,0,0,0,0.135,-37.559,0,"Pring__",-0.109,-16.982,0,"Pugeuk",-19.041,-46.858,0,"_앰프_",-14.053,-60.636,0,"mungjungh",18.853,-42.271,0,"CoalCat",12.744,-62.932,0,"AI",40.9,-90.65,0,"아침땅_",-9.477,-112.408,0,"CVPileMaki",-45.374,-96.181,0,0,0,0,0,0,"",0,0,0,0,306.95,,,,0,0
5,1,1,0,0,1,2,0,0,0,1,255,255,7,4,318.373,"encounter v",R,13,91,126,-3.787,-2.147,0.531,2.227,-0.235,1.575,-36.618,61.093,4,0,-363.5,343.318,-24.814,-0.828,-20.475,1,1,8,R,"ByeolBam",179.7,90,0.5,0,55,W,Y,0,0,0,0,0,0,0,0,0,0,0,0,0,0,0,0,0.256,-37.438,0,"Pring__",-1.052,-17.657,0,"Pugeuk",-19.533,-45.091,0,"_앰프_",-11.724,-59.583,0,"mungjungh",20.883,-41.573,0,"CoalCat",11.365,-62.875,0,"AI",40.9,-90.65,0,"아침땅_",-9.453,-112.393,0,"CVPileMaki",-47.044,-98.764,0,0,0,0,0,0,"",0,0,0,0,,,323.961,,0,0
6,1,1,0,0,1,2,0,0,0,1,255,255,7,5,344.534,"encounter v",R,13,89,126,-1.468,-1.466,0.56,2.094,-0.099,1.118,-36.618,51.335,4,0,-354.509,352.595,-28.118,0,0,1,1,8,R,"ByeolBam",179.7,90,0.5,0,51,W,Y,0,0,0,0,0,0,0,0,0,0,0,0,0,0,0,0,0.227,-37.542,0,"Pring__",-0.226,-17.421,0,"Pugeuk",-19.875,-45.524,0,"_앰프_",-14.134,-58.884,0,"mungjungh",19.702,-42.3,0,"CoalCat",13.631,-62.349,0,"AI",40.9,-90.65,0,"아침땅_",-9.806,-112.122,0,"CVPileMaki",-47.556,-99.257,0,0,0,0,0,0,"",0,0,0,0,345.603,,348.744,,0,0
7,1,1,0,0,0,0,1,0,0,1,255,255,7,6,363.288,"encounter v",R,13,88,126,-0.527,-0.639,0.456,2.206,0.345,1.51,-36.618,50.254,0,0,-390.434,312.348,-9.59,-0.864,-17.993,1,2,2,R,"Floră",190,85,0.403,0,50,W,Y,0,0,0,0,0,0,0,0,0,0,0,0,0,0,0,0,0.147,-37.586,0,"Pring__",-0.36,-17.507,0,"Pugeuk",-20.316,-47.801,0,"_앰프_",-14.613,-58.746,0,"mungjungh",21.471,-45.846,0,"CoalCat",11.04,-61.515,0,"AI",40.9,-90.65,0,"아침땅_",-10.503,-111.823,0,"CVPileMaki",-48.281,-96.443,0,0,0,0,0,0,"",0,0,0,0,366.39,,,,0,0
8,1,1,0,0,0,1,1,0,0,1,255,255,7,7,379.446,"encounter v",R,13,85,124,1.508,0.521,0.647,2.234,1.237,2.249,-36.618,68.288,2,0,-390.434,312.348,-13.437,0,0,1,2,2,R,"Floră",190,85,0.403,2,89,W,Y,380.698,96,118,70,89,41,132,79,-44.711,30.857,-1,0,0.337,181.504,-464.801,-208.541,0.412,-37.409,0,"Pring__",-0.017,-17.23,120,"Pugeuk",-20.134,-46.73,110,"_앰프_",-15.025,-60.015,0,"mungjungh",19.1,-40.379,0,"CoalCat",10.698,-60.371,0,"Yaksok~",37.624,-84.115,0,"아침땅_",-10.66,-111.824,0,"CVPileMaki",-46.151,-98.622,0,380.177,-0.411,-21.48,382.35,2,"Pugeuk",-13.731,-43.969,0,0,385.723,,,384.986,14,2
9,1,1,1,0,0,0,2,0,0,0,255,255,255,8,404.625,"encounter v",R,10,59,104,-1.701,-0.189,0.459,2.318,-0.57,1.875,-36.618,69.69,2,0,0,400,-58.695,0,0,1,3,4,L,"schmoneymikey",190,80,0.345,3,49,W,Y,405.89,171,100,65,88,44,139,90,-43.124,43.425,-0.66,0,0.367,-533.503,194.324,-133.649,0.346,-37.494,0,"Pring__",-0.155,-17.219,0,"Pugeuk",-18.298,-48.607,0,"_앰프_",-10.358,-61.533,0,"mungjungh",25.788,-49.236,0,"CoalCat",13.917,-63.155,0,"Yaksok~",35.996,-84.977,0,"아침땅_",4.378,-113.716,0,"CVPileMaki",-45.043,-97.622,0,405.43,-1.206,-21.344,407.363,2,"Pugeuk",-20.886,-41.963,0,0,433.843,,,,168,2
10,1,0,1,0,0,0,0,0,0,0,255,255,255,0,525.965,"하루（Haru）",R,28,89,140,-0.202,1.094,0.157,1.906,-0.199,2.175,-36.489,32.159,2,0,78.325,-80.758,5.386,0,0,1,0,2,R,"Pugeuk",179.8,86.01,0.397,5,46,W,Y,526.939,135,112,83,24,15,136,112,113.805,48.576,0.17,0,0.624,455.811,201.53,-51.193,0.024,-37.056,0,"가앤슬_",-0.077,-17.725,0,"Floră",-21.648,-49.663,0,"Oort__Cloud",-12.778,-64.938,0,"schmoneymikey",19.684,-48.211,0,"_송글_",9.669,-65.215,0,"AI",40.9,-90.65,0,"ke ro",-0.67,-116.467,0,"ByeolBam",-45.572,-95.657,0,0,0,0,0,0,"",0,0,0,0,,,,,128,3
11,1,0,1,0,0,1,0,0,0,0,255,255,255,1,542.254,"하루（Haru）",R,10,54,101,-0.418,0.492,0.172,1.953,-0.187,2.523,-36.489,55.602,2,0,0,400,-14.795,0,0,1,0,2,R,"Pugeuk",179.8,86.01,0.397,5,74,W,Y,543.436,180,86,144,77,34,145,85,94.913,-46.267,0.99,0,0.611,454.951,206.317,270.607,-0.12,-37.075,0,"가앤슬_",-0.069,-17.716,80,"Floră",-21.377,-49.482,0,"Oort__Cloud",-12.981,-64.796,0,"schmoneymikey",19.756,-49.046,0,"_송글_",9.956,-65.384,0,"AI",40.9,-90.65,0,"ke ro",1.699,-115.93,0,"ByeolBam",-42.079,-95.539,0,549.123,-10.338,-8.217,549.523,1,"가앤슬_",-10.178,-8.413,0,1,549.523,,,,160,1
12,1,0,1,0,0,0,1,0,0,0,255,255,255,2,573.028,"하루（Haru）",R,3,61,104,-0.777,-0.007,0.277,1.742,0.36,1.612,-36.489,37.168,0,0,-446.011,0,23.258,0,0,1,1,8,R,"CVPileMaki",175,94.088,0.399,0,45,W,Y,0,0,0,0,0,0,0,0,0,0,0,0,0,0,0,0,-0.166,-36.966,0,"가앤슬_",-0.101,-17.672,0,"Floră",-21.861,-49.851,0,"Oort__Cloud",-13.153,-64.711,0,"schmoneymikey",19.277,-48.503,0,"_송글_",6.414,-64.591,0,"AI",40.9,-90.65,0,"ke ro",-0.068,-112.831,0,"ByeolBam",-41.01,-94.477,0,0,0,0,0,0,"",0,0,0,0,574.39,,,,0,0
13,1,0,1,0,0,1,1,0,0,0,255,255,255,3,589.163,"하루（Haru）",R,5,72,120,1.499,0.896,0.386,1.903,0.867,2.176,-36.489,57.385,2,0,-139.282,53.769,8.198,0,0,1,1,8,R,"CVPileMaki",175,94.088,0.399,3,45,W,Y,590.408,190,41,103,61,33,145,85,18.226,1.698,-0.8,0,0.156,253.103,339.068,-98.654,0.118,-36.987,0,"가앤슬_",0.105,-17.868,0,"Floră",-22.1,-50.206,0,"Oort__Cloud",-12.987,-64.655,0,"schmoneymikey",19.813,-48.607,0,"_송글_",7.184,-65.553,88,"AI",40.9,-90.65,0,"ke ro",-0.842,-113.038,97,"ByeolBam",-41.149,-94.33,0,593.643,-5.841,-84.07,594.95,7,"ke ro",-7.49,-94.976,1,0,,,,,145,2
14,1,0,1,0,0,0,1,1,0,0,18,255,255,4,619.808,"하루（Haru）",R,6,61,104,2.942,0.521,0.299,1.84,0.462,1.933,-36.489,36.534,2,0,472.727,0,-5.505,0,0,1,2,6,R,"Yaksok~",190,83.324,0.453,3,44,W,Y,621.042,156,204,129,110,15,145,90,90,90,-0.81,0,0.963,120.311,-454.205,167.272,0.095,-37.123,0,"가앤슬_",0.181,-17.888,0,"Floră",-19.407,-45.831,0,"Oort__Cloud",-12.879,-64.609,0,"schmoneymikey",19.754,-48.585,0,"_송글_",6.887,-65.031,0,"AI",40.9,-90.65,0,"ke ro",-0.32,-110.433,0,"ByeolBam",-41.769,-92.567,0,0,0,0,0,0,"",0,0,0,0,,,,,128,3
15,1,0,1,0,0,1,1,1,0,0,18,255,255,5,637.325,"하루（Haru）",R,0,71,123,2.635,0.892,0.351,1.906,0.702,2.145,-36.489,62.854,2,0,-11.586,0,3.406,0,0,1,2,6,R,"Yaksok~",190,83.324,0.453,3,43,W,Y,638.951,88,248,130,0,26,121,75,17.885,-39.187,-0.83,0,1.094,254.175,-521.643,69.872,-0.332,-37.42,0,"가앤슬_",0.035,-17.721,0,"Floră",-19.873,-45.617,0,"Oort__Cloud",-13.149,-64.79,67,"schmoneymikey",19.746,-48.284,0,"_송글_",7.039,-65.878,0,"AI",40.9,-90.65,0,"ke ro",-0.118,-114.534,0,"ByeolBam",-41.259,-92.985,0,641.19,32.234,-53.805,645.483,6,"AI",51.379,-67.092,1,0,,645.776,,,192,2
16,1,0,1,0,0,0,1,1,1,0,16,18,255,6,671.678,"하루（Haru）",R,0,77,127,2.212,0.845,0.408,1.901,0.969,2.129,-36.489,52.998,1,0,-14.719,0,4.866,0,0,0,3,1,L,"Pring__",190,92.818,0.485,0,43,W,Y,0,0,0,0,0,0,0,0,0,0,0,0,0,0,0,0,0.39,-37.168,0,"가앤슬_",0.282,-17.473,0,"Floră",-19.759,-47.573,0,"Oort__Cloud",-4.942,-62.259,0,"schmoneymikey",19.426,-46.957,0,"_송글_",15.539,-61.569,0,"AI",40.9,-90.65,0,"ke ro",0.637,-116.988,0,"ByeolBam",-39.694,-94.109,0,0,0,0,0,0,"",0,0,0,0,672.643,674.665,,,0,0
17,1,0,1,0,1,0,1,1,1,0,16,18,255,7,687.061,"하루（Haru）",R,26,91,140,-2.138,-0.364,-0.017,1.622,-1.01,1.225,-36.489,16.809,2,0,62.291,-186.611,25.944,0,0,1,3,1,L,"Pring__",190,92.818,0.485,0,43,W,Y,687.929,209,107,86,107,77,145,92,104.917,-54.346,-1,0,0.357,448.203,-7.34,397.318,-0.551,-37.246,0,"가앤슬_",-0.189,-17.863,0,"Floră",-20.039,-49.633,0,"Oort__Cloud",-6.652,-61.648,0,"schmoneymikey",18.978,-47.241,0,"_송글_",13.805,-62.778,0,"AI",40.907,-90.657,0,"ke ro",0.836,-117.546,0,"ByeolBam",-39.693,-94.111,0,0,0,0,0,0,"",0,0,0,0,,691.449,,,128,3
18,1,0,1,0,1,1,1,1,1,0,16,18,255,8,706.516,"하루（Haru）",R,0,78,129,1.149,0.201,0.308,1.799,0.503,1.8,-36.489,46.612,2,0,0,4.517,4.243,0,0,1,3,1,L,"Pring__",190,92.818,0.485,5,70,W,Y,707.484,157,146,87,114,68,145,130,26.986,-35.211,0.58,0,0.61,344.532,-32.401,106.586,0.251,-37.277,0,"가앤슬_",0.219,-17.741,0,"Floră",-19.983,-48.953,0,"Oort__Cloud",-6.297,-63.565,0,"schmoneymikey",18.361,-45.843,0,"_송글_",11.811,-63.777,0,"AI",40.9,-90.65,0,"ke ro",-0.858,-114.339,0,"ByeolBam",-39.516,-97.58,0,712.55,70.468,-117.456,0,0,"",0,0,0,0,,713.319,712.203,717.927,128,4
19,1,0,1,3,0,0,1,0,0,0,255,255,255,9,747.887,"하루（Haru）",R,27,91,140,-0.993,0.084,0.078,1.72,-0.569,1.529,-36.489,28.64,0,0,107.855,-112.197,8.914,0,0,0,4,5,R,"CoalCat",170.4,84.053,0.503,0,42,W,Y,0,0,0,0,0,0,0,0,0,0,0,0,0,0,0,0,-0.087,-37.017,0,"가앤슬_",-0.064,-17.682,0,"Floră",-20.914,-48.8,0,"Oort__Cloud",-13.153,-64.794,0,"schmoneymikey",19.127,-47.895,0,"_송글_",7.134,-63.963,0,"AI",40.9,-90.65,0,"ke ro",0.776,-106.974,0,"ByeolBam",-40.61,-95.101,0,0,0,0,0,0,"",0,0,0,0,749.043,,,,0,0
20,1,0,1,3,0,1,1,0,0,0,255,255,255,10,763.008,"하루（Haru）",R,3,78,117,-3.133,0.051,0.072,1.746,-0.594,1.626,-36.489,32.262,4,0,-433.984,0,18.925,0,0,1,4,5,R,"CoalCat",170.4,84.053,0.503,0,42,W,Y,0,0,0,0,0,0,0,0,0,0,0,0,0,0,0,0,-0.152,-36.911,0,"가앤슬_",0.111,-17.803,0,"Floră",-20.673,-48.819,0,"Oort__Cloud",-13.036,-64.762,0,"schmoneymikey",19.624,-48.13,0,"_송글_",5.485,-64.357,0,"AI",40.9,-90.65,0,"ke ro",0.052,-108.166,0,"ByeolBam",-40.672,-95.13,0,0,0,0,0,0,"",0,0,0,0,764.123,,,,0,0
21,1,0,1,3,0,2,1,0,0,0,255,255,255,11,779.816,"하루（Haru）",R,27,80,131,0.126,0.934,0.19,1.809,-0.046,1.852,-36.489,47.301,2,0,80.082,-119.904,5.24,0,0,1,4,5,R,"CoalCat",170.4,84.053,0.503,3,42,W,Y,780.937,128,161,72,55,32,137,40,42.852,-38.176,-0.69,0,0.395,583.641,120.008,44.329,0.091,-37.223,0,"가앤슬_",-0.03,-17.907,0,"Floră",-20.822,-49.091,0,"Oort__Cloud",-13.082,-64.722,0,"schmoneymikey",19.849,-47.876,85,"_송글_",7.243,-66.047,0,"AI",40.9,-90.65,0,"ke ro",-0.28,-107.914,0,"ByeolBam",-40.881,-96.149,0,783.697,14.488,-39.095,787.897,4,"schmoneymikey",20.826,-46.548,1,0,,,,,136,2
22,1,0,1,3,0,0,1,1,0,0,15,255,255,12,810.221,"하루（Haru）",R,10,44,94,-0.965,-1.483,0.084,1.752,-0.422,1.46,-36.489,55.745,1,0,0,400,-4.138,-0.213,-18.344,0,5,7,R,"아침땅_",160,94.936,0.499,0,42,W,Y,0,0,0,0,0,0,0,0,0,0,0,0,0,0,0,0,-0.498,-37.075,0,"가앤슬_",-0.087,-17.74,0,"Floră",-19.813,-43.631,0,"Oort__Cloud",-13.124,-64.913,0,"schmoneymikey",19.867,-47.56,0,"_송글_",9.582,-64.372,0,"AI",40.9,-90.65,0,"ke ro",-0.727,-110.77,0,"ByeolBam",-41.493,-96.935,0,0,0,0,0,0,"",0,0,0,0,811.377,,,,0,0
23,1,0,1,3,1,0,1,1,0,0,15,255,255,13,826.284,"하루（Haru）",R,0,24,79,1.099,0.691,0.384,1.855,0.5,1.991,-36.489,63.602,2,0,-12.662,0,-7.707,0,0,1,5,7,R,"아침땅_",160,94.936,0.499,2,42,W,Y,827.531,159,60,68,88,31,139,74,45.497,-16.175,-1,0.048,0.364,429.593,-181.472,-363.143,-0.37,-36.709,0,"가앤슬_",0.099,-17.86,0,"Floră",-19.411,-47.159,0,"Oort__Cloud",-13.116,-64.91,0,"schmoneymikey",19.445,-47.815,0,"_송글_",8.332,-64.348,89,"AI",40.9,-90.65,0,"ke ro",-0.141,-110.323,0,"ByeolBam",-41.822,-96.689,0,831.87,18.215,-67.046,832.07,5,"_송글_",17.73,-65.758,0,0,,,,,144,1
24,1,0,1,3,0,0,2,1,0,0,15,255,255,14,853.191,"하루（Haru）",R,4,69,115,0.633,0.066,0.334,1.753,0.624,1.65,-36.489,57.649,2,0,-246.212,0,9.226,0,0,1,6,4,R,"mungjungh",190,82,0.395,5,41,W,Y,854.134,143,122,182,49,39,145,95,3.323,67.699,0.96,0,0.331,130.039,252.914,-224.909,-0.321,-36.905,0,"가앤슬_",0.098,-17.908,0,"Floră",-19.46,-46.763,0,"Oort__Cloud",-13.153,-64.89,0,"schmoneymikey",19.964,-47.83,0,"_송글_",7.136,-65.731,0,"AI",40.9,-90.65,0,"ke ro",2.277,-107.276,0,"ByeolBam",-41.38,-95.651,0,854.67,-22.704,-29.231,0,0,"",0,0,0,0,,,,,128,3
25,1,0,1,3,0,1,2,1,0,0,15,255,255,15,868.558,"하루（Haru）",R,3,70,112,0.151,0.48,0.376,1.875,0.745,1.912,-36.489,65.506,2,0,-390.421,0,14.116,0,0,1,6,4,R,"mungjungh",190,82,0.395,3,41,W,Y,869.42,208,151,134,83,42,145,125,30.072,21.739,0.66,0.19,0.508,202.213,95.6,-24.705,0.146,-37.422,0,"가앤슬_",0.054,-17.765,0,"Floră",-18.926,-45.598,0,"Oort__Cloud",-13.171,-64.969,0,"schmoneymikey",20.189,-47.681,0,"_송글_",6.02,-65.622,0,"AI",40.9,-90.65,0,"ke ro",-0.767,-109.607,0,"ByeolBam",-40.725,-96.406,115,874.177,-43.673,-122.872,876.403,8,"ByeolBam",-39.382,-115.086,1,0,,875.911,880.799,,146,2
26,1,0,1,3,0,0,2,1,0,1,14,255,15,16,901.458,"하루（Haru）",R,10,41,93,-0.101,-0.229,0.175,1.854,-0.049,2.018,-36.489,61.917,0,0,0,361.377,-12.239,0,0,0,7,3,R,"_앰프_",160,80,0.4,0,41,W,Y,0,0,0,0,0,0,0,0,0,0,0,0,0,0,0,0,-0.013,-37.01,0,"가앤슬_",0.074,-17.693,0,"Floră",-19.603,-45.024,0,"Oort__Cloud",-13.248,-64.697,0,"schmoneymikey",19.551,-47.438,0,"_송글_",1.951,-63.379,0,"AI",40.9,-90.65,0,"ke ro",-2.014,-104.474,0,"ByeolBam",-42.634,-95.337,0,0,0,0,0,0,"",0,0,0,0,902.75,,,,0,0
27,1,0,1,3,0,1,2,1,0,1,14,255,15,17,915.854,"하루（Haru）",R,10,39,93,-1.4,-1.513,0.081,1.729,-0.612,1.311,-36.489,53.869,4,0,0,280.149,-15.847,-0.305,-18.314,1,7,3,R,"_앰프_",160,80,0.4,0,41,W,Y,0,0,0,0,0,0,0,0,0,0,0,0,0,0,0,0,-0.139,-37.521,0,"가앤슬_",-0.178,-18.355,0,"Floră",-19.695,-44.512,0,"Oort__Cloud",-13.107,-64.683,0,"schmoneymikey",19.415,-46.275,0,"_송글_",2.872,-63.765,0,"AI",40.9,-90.65,0,"ke ro",-1.355,-106.001,0,"ByeolBam",-42.355,-95.911,0,0,0,0,0,0,"",0,0,0,0,917.23,919.792,918.77,,0,0
28,1,0,1,3,0,2,2,0,1,1,255,14,15,18,933.243,"하루（Haru）",R,28,83,134,1.636,0.805,0.327,1.823,0.592,1.92,-36.489,47.862,4,0,83.812,-90.222,1.373,0.785,-18.26,1,7,3,R,"_앰프_",160,80,0.4,0,40,W,Y,0,0,0,0,0,0,0,0,0,0,0,0,0,0,0,0,-0.133,-37.443,0,"가앤슬_",0.283,-17.761,0,"Floră",-20.616,-48.058,0,"Oort__Cloud",-13.104,-64.704,0,"schmoneymikey",19.801,-46.473,0,"_송글_",6.84,-61.281,0,"AI",40.9,-90.65,0,"ke ro",-1.542,-107.323,0,"ByeolBam",-40.976,-95.448,0,0,0,0,0,0,"",0,0,0,0,935.47,,935.934,,0,0
29,2,1,1,3,0,0,0,0,0,0,255,255,255,9,969.303,"encounter v",R,26,81,132,-1.468,-2.259,0.401,1.817,-0.838,0.082,-36.618,24.387,4,0,144.339,-200,-8.704,-0.285,-18.067,1,4,5,R,"_송글_",169.7,91.844,0.315,0,40,W,Y,0,0,0,0,0,0,0,0,0,0,0,0,0,0,0,0,0.125,-37.506,0,"Pring__",-0.248,-17.279,0,"Pugeuk",-20.34,-49.913,0,"_앰프_",-15.6,-61.774,0,"mungjungh",24.463,-51.071,0,"CoalCat",11.333,-64.002,0,"Yaksok~",38.593,-81.768,0,"아침땅_",-8.591,-108.707,0,"CVPileMaki",-39.127,-94.38,0,0,0,0,0,0,"",0,0,0,0,971.617,,,,0,0
30,2,1,1,3,0,1,0,0,0,0,255,255,255,10,981.379,"encounter v",R,32,89,140,0.667,0.393,0.567,2.234,-0.069,1.596,-36.618,54.1,0,0,250,-200,-10.131,0,0,0,4,5,R,"_송글_",169.7,91.844,0.315,0,40,W,Y,0,0,0,0,0,0,0,0,0,0,0,0,0,0,0,0,0.291,-37.548,0,"Pring__",-0.043,-17.256,0,"Pugeuk",-20.272,-49.844,0,"_앰프_",-15.676,-62.335,0,"mungjungh",24.728,-51.065,0,"CoalCat",11.329,-63.97,0,"Yaksok~",37.952,-80.871,0,"아침땅_",-9.184,-108.988,0,"CVPileMaki",-40.118,-91.718,0,0,0,0,0,0,"",0,0,0,0,982.257,,,,0,0
31,2,1,1,3,0,2,0,0,0,0,255,255,255,11,993.875,"encounter v",R,13,91,126,-2.087,-0.248,0.495,2.31,-0.403,1.872,-36.618,57.464,1,0,-338.439,368.048,-35.762,-0.995,-17.915,0,4,5,R,"_송글_",169.7,91.844,0.315,0,40,W,Y,0,0,0,0,0,0,0,0,0,0,0,0,0,0,0,0,0.127,-37.438,0,"Pring__",-0.418,-17.602,0,"Pugeuk",-20.268,-49.843,0,"_앰프_",-15.745,-61.817,0,"mungjungh",25.353,-50.4,0,"CoalCat",11.314,-63.93,0,"Yaksok~",34.892,-84.523,0,"아침땅_",-8.757,-108.978,0,"CVPileMaki",-38.829,-92.584,0,0,0,0,0,0,"",0,0,0,0,995.963,,,,0,0
32,2,1,1,3,1,2,0,0,0,0,255,255,255,12,1005.748,"encounter v",R,13,84,123,-2.166,-2,0.463,2.058,-0.552,0.958,-36.618,28.91,1,0,-249.346,400,-11.441,-0.751,-17.833,0,4,5,R,"_송글_",169.7,91.844,0.315,0,40,W,Y,0,0,0,0,0,0,0,0,0,0,0,0,0,0,0,0,0.327,-37.883,0,"Pring__",-0.438,-17.667,0,"Pugeuk",-20.285,-49.771,0,"_앰프_",-15.74,-61.83,0,"mungjungh",25.213,-50.509,0,"CoalCat",11.44,-64.027,0,"Yaksok~",35.201,-83.926,0,"아침땅_",-8.745,-108.973,0,"CVPileMaki",-40.635,-91.37,0,0,0,0,0,0,"",0,0,0,0,1007.857,,,,0,0
33,2,1,1,3,2,2,0,0,0,0,255,255,255,13,1016.926,"encounter v",R,32,93,140,-0.667,-0.304,0.445,2.126,-0.636,1.206,-36.618,42.262,0,0,250,-200,-27.397,0,0,1,4,5,R,"_송글_",169.7,91.844,0.315,0,40,W,Y,0,0,0,0,0,0,0,0,0,0,0,0,0,0,0,0,0.08,-37.478,0,"Pring__",-0.236,-17.418,0,"Pugeuk",-20.382,-49.093,0,"_앰프_",-15.748,-61.836,0,"mungjungh",25.313,-50.535,0,"CoalCat",11.325,-63.925,0,"Yaksok~",35.786,-84.54,0,"아침땅_",-8.98,-108.966,0,"CVPileMaki",-40.168,-93.418,0,0,0,0,0,0,"",0,0,0,0,1017.843,,,,0,0
34,2,1,1,3,0,0,1,0,0,0,255,255,255,14,1039.212,"encounter v",R,32,82,133,0.574,0.396,0.563,2.248,-0.087,1.647,-36.618,56.385,0,0,250,-200,-3.721,0,0,0,5,1,R,"가앤슬_",190,83.179,0.2,0,40,W,Y,0,0,0,0,0,0,0,0,0,0,0,0,0,0,0,0,0.112,-37.729,0,"Pring__",-0.003,-17.167,0,"Pugeuk",-19.661,-49.774,0,"_앰프_",-15.872,-61.413,0,"mungjungh",25.322,-50.575,0,"CoalCat",11.947,-64.018,0,"Yaksok~",36.795,-82.547,0,"아침땅_",-10.854,-114.808,0,"CVPileMaki",-39.104,-90.039,0,0,0,0,0,0,"",0,0,0,0,1040.417,,,,0,0
35,2,1,1,3,0,1,1,0,0,0,255,255,255,15,1051.599,"encounter v",R,4,59,108,11.81,11.142,0.545,2.391,3.678,6.832,-36.618,93.474,1,0,-234.129,3.075,-23.837,0.373,-4.482,0,5,1,R,"가앤슬_",190,83.179,0.2,0,40,W,Y,0,0,0,0,0,0,0,0,0,0,0,0,0,0,0,0,0.139,-37.431,0,"Pring__",0,-17.315,0,"Pugeuk",-19.358,-46.55,0,"_앰프_",-15.885,-61.425,0,"mungjungh",25.417,-50.678,0,"CoalCat",10.008,-64.3,0,"Yaksok~",35.88,-82.942,0,"아침땅_",-10.635,-114.863,0,"CVPileMaki",-45.735,-113.803,0,0,0,0,0,0,"",0,0,0,0,,,,,0,0
36,2,1,1,3,1,1,1,0,0,0,255,255,255,16,1065.244,"encounter v",R,13,87,126,-1.848,-1.118,0.535,2.116,-0.218,1.22,-36.618,47.893,4,0,-390.434,312.348,-36.554,-0.803,-18.084,1,5,1,R,"가앤슬_",190,83.179,0.2,0,40,W,Y,0,0,0,0,0,0,0,0,0,0,0,0,0,0,0,0,0.205,-37.585,0,"Pring__",-0.517,-17.968,0,"Pugeuk",-19.158,-47.939,0,"_앰프_",-15.875,-61.407,0,"mungjungh",25.366,-50.612,0,"CoalCat",9.855,-64.731,0,"Yaksok~",35.928,-82.807,0,"아침땅_",-10.675,-114.796,0,"CVPileMaki",-43.076,-109.951,0,0,0,0,0,0,"",0,0,0,0,1067.27,,,,0,0
37,2,1,1,3,1,2,1,0,0,0,255,255,255,17,1077.121,"encounter v",R,13,87,126,-1.471,-0.366,0.57,2.298,-0.055,1.81,-36.618,79.936,0,0,-384.488,319.639,-54.643,-3.402,-22.879,1,5,1,R,"가앤슬_",190,83.179,0.2,0,40,W,Y,0,0,0,0,0,0,0,0,0,0,0,0,0,0,0,0,0.067,-37.507,0,"Pring__",-0.716,-18.159,0,"Pugeuk",-20.905,-46.279,0,"_앰프_",-15.883,-61.41,0,"mungjungh",25.41,-50.68,0,"CoalCat",9.86,-64.563,0,"Yaksok~",36.005,-82.829,0,"아침땅_",-10.673,-114.799,0,"CVPileMaki",-52.563,-106.139,0,0,0,0,0,0,"",0,0,0,0,,,,,0,0
38,2,1,1,3,1,2,1,0,0,0,255,255,255,18,1095.947,"encounter v",R,13,79,116,-1.005,-0.612,0.63,2.23,0.227,1.589,-36.618,78.645,2,0,-390.434,312.348,-20.96,0,0,1,5,1,R,"가앤슬_",190,83.179,0.2,3,40,W,Y,1097.168,200,98,105,99,65,145,125,90,-90,0.65,0,0.714,173.115,-81.481,49.541,0.334,-37.497,0,"Pring__",-0.174,-17.358,0,"Pugeuk",-20.737,-49.644,0,"_앰프_",-15.845,-60.721,0,"mungjungh",25.274,-50.517,0,"CoalCat",9.941,-63.792,0,"Yaksok~",35.811,-84.01,0,"아침땅_",-11.025,-114.755,0,"CVPileMaki",-52.933,-106.59,0,0,0,0,0,0,"",0,0,0,0,,,,,256,3
39,2,1,1,3,1,2,1,0,0,0,255,255,255,19,1109.239,"encounter v",R,13,87,126,-1.473,0.305,0.563,2.198,-0.087,2.134,-36.618,61.288,2,0,-374.26,331.557,-39.332,0,0,1,5,1,R,"가앤슬_",190,83.179,0.2,5,40,W,Y,1110.41,255,69,106,88,52,145,91,14.11,35.054,0.98,0,0.663,18.027,499.518,122.469,0.239,-37.576,0,"Pring__",-0.112,-17.23,0,"Pugeuk",-21.989,-49.012,111,"_앰프_",-15.8,-60.265,0,"mungjungh",25.5,-51.645,0,"CoalCat",11.588,-64.039,0,"Yaksok~",35.838,-83.302,0,"아침땅_",-12.125,-113.771,0,"CVPileMaki",-50.639,-106.749,103,1112.337,-33.068,-60.511,1116.243,8,"CVPileMaki",-56.795,-82.378,1,0,,,,,259,2
40,2,1,1,3,0,0,1,1,0,0,1,255,255,20,1138.31,"encounter v",R,32,91,140,0.759,-0.363,0.405,1.927,0.107,1.179,-36.618,38.049,0,0,250,-200,-37.303,0,0,0,6,3,R,"Oort__Cloud",160,90.268,0.399,0,39,W,Y,0,0,0,0,0,0,0,0,0,0,0,0,0,0,0,0,0.3,-37.501,0,"Pring__",-0.147,-17.661,0,"Pugeuk",-17.693,-43.734,0,"_앰프_",-12.025,-53.38,0,"mungjungh",12.691,-36.229,0,"CoalCat",4.95,-59.114,0,"Yaksok~",32.718,-80.448,0,"아침땅_",-11.097,-104.832,0,"CVPileMaki",-32.908,-81.152,0,0,0,0,0,0,"",0,0,0,0,1139.377,,,,0,0
41,2,1,1,3,0,1,1,1,0,0,1,255,255,21,1153.403,"encounter v",R,13,89,126,-1.671,-1.617,0.347,1.91,-0.162,1.114,-36.618,39.675,2,0,-385.079,318.926,-32.331,0,0,1,6,3,R,"Oort__Cloud",160,90.268,0.399,2,39,W,Y,1154.542,222,119,62,56,28,138,73,-0.981,28.273,-1,0,0.259,-112.425,-29.716,-20.83,0.216,-37.324,0,"Pring__",-0.414,-17.576,0,"Pugeuk",-19.035,-45.511,0,"_앰프_",-13.976,-53.918,95,"mungjungh",17.041,-41.231,0,"CoalCat",6.193,-61.057,67,"Yaksok~",35.129,-82.317,0,"아침땅_",-11.269,-105.529,0,"CVPileMaki",-35.287,-84.699,0,1154.177,-2.74,-24.056,1156.163,3,"_앰프_",-14.033,-46.355,1,32,,,,,400,2
42,2,1,1,3,0,0,2,1,0,0,3,255,255,22,1182.38,"encounter v",R,32,96,140,-0.384,-0.516,0.276,1.879,-0.492,1.1,-36.618,26.062,0,0,240.095,-200,-23.85,0,0,0,7,0,L,"하루（Haru）",190,90,0.503,0,39,W,Y,0,0,0,0,0,0,0,0,0,0,0,0,0,0,0,0,-0.109,-38.128,120,"Pring__",-0.086,-17.129,0,"Pugeuk",-19.177,-41.75,0,"_앰프_",-6.084,-59.07,0,"mungjungh",22.509,-47.172,0,"CoalCat",2.807,-60.51,0,"Yaksok~",39.232,-83.546,0,"아침땅_",5.837,-113.831,0,"CVPileMaki",-31.685,-99.587,0,0,0,0,0,0,"",0,0,0,0,1183.443,1221.571,,,0,0
43,2,1,1,3,0,1,2,0,1,0,255,3,255,23,1237.308,"encounter v",R,32,101,140,-3.821,0.935,0.326,2.027,-1.188,0.931,-36.618,40.487,2,0,250,-200,-26.626,-0.035,-20.027,1,7,0,L,"하루（Haru）",190,90,0.503,3,39,W,Y,1238.436,226,124,176,70,45,145,120,-8.693,14.144,0.2,0,0.441,-568.517,-168.574,59.996,0.249,-37.363,0,"Pring__",-0.164,-17.398,0,"Pugeuk",-20.15,-46.71,0,"_앰프_",-5.327,-60.336,0,"mungjungh",19.132,-40.182,0,"CoalCat",11.826,-61.163,0,"Yaksok~",37.343,-82.129,0,"아침땅_",8.285,-116.167,0,"CVPileMaki",-30.545,-97.031,0,1237.803,-0.675,-22.046,1239.537,3,"_앰프_",-9.459,-58.096,0,0,,,1242.686,,129,2
44,2,0,1,3,0,0,0,0,0,0,255,255,255,19,1281.625,"하루（Haru）",R,27,71,123,1.25,1.484,0.294,2.001,0.385,2.417,-36.489,65.126,2,0,94.662,-113.833,1.302,0,0,1,8,0,L,"encounter v",190,82.544,0.529,0,39,W,Y,1282.57,255,121,114,83,37,145,132,33.299,-0.238,0.26,0,0.422,329.177,241.09,-21.529,-0.535,-37.376,0,"가앤슬_",0.163,-17.562,0,"Floră",-19.947,-49.389,0,"Oort__Cloud",-9.447,-66.162,0,"schmoneymikey",20.063,-47.836,0,"_송글_",13.094,-63.382,0,"AI",40.9,-90.65,0,"ke ro",1.144,-106.26,0,"ByeolBam",-42.743,-98.25,0,1288.203,-6.154,-142.069,0,0,"",0,0,0,0,,1293.802,1298.958,,128,4
45,2,0,1,4,0,0,0,0,0,0,255,255,255,20,1325.509,"하루（Haru）",R,27,91,140,0.405,0.711,0.214,1.824,0.066,1.892,-36.489,23.277,2,0,76.946,-143.537,15.102,0,0,1,0,2,R,"Pugeuk",179.8,86.01,0.397,0,38,W,Y,1326.468,102,55,40,27,10,89,99,-30,28.481,0.76,0,0.406,-332.304,6.177,425.292,0.156,-37.471,0,"가앤슬_",-0.002,-17.603,0,"Floră",-21.186,-48.953,86,"Oort__Cloud",-12.958,-64.719,0,"schmoneymikey",20.115,-49.281,0,"_송글_",6.025,-64.935,0,"AI",40.9,-90.65,0,"ke ro",0.504,-112.234,0,"ByeolBam",-42.014,-100.362,0,1325.923,-0.938,-21.432,1327.617,2,"Floră",-15.227,-47.845,0,0,,,,,132,2
46,2,0,1,4,0,0,1,0,0,0,255,255,255,21,1353.155,"하루（Haru）",R,0,52,108,0.05,0.229,0.203,1.779,0.016,1.742,-36.489,33.73,0,0,0,0,10.824,0,0,1,1,8,R,"CVPileMaki",175,94.088,0.399,0,38,W,Y,0,0,0,0,0,0,0,0,0,0,0,0,0,0,0,0,-0.012,-36.823,0,"가앤슬_",-0.085,-17.403,0,"Floră",-20.878,-49.109,0,"Oort__Cloud",-13.192,-64.727,0,"schmoneymikey",20.028,-49.035,0,"_송글_",5.807,-64.13,0,"AI",40.9,-90.65,0,"ke ro",-3.9,-106.615,0,"ByeolBam",-43.097,-97.674,0,0,0,0,0,0,"",0,0,0,0,1354.417,,,,0,0
47,2,0,1,4,0,1,1,0,0,0,255,255,255,22,1369.501,"하루（Haru）",R,1,39,99,-1.311,-0.58,0.186,1.71,-0.066,1.498,-36.489,37.916,2,0,-5.855,-1.561,2.276,0,0,1,1,8,R,"CVPileMaki",175,94.088,0.399,3,38,W,Y,1370.814,93,98,82,97,45,132,95,-39.03,23.421,0.94,0,0.236,-460.689,322.746,164.509,-0.05,-37.05,0,"가앤슬_",-0.029,-17.815,0,"Floră",-20.932,-49.31,0,"Oort__Cloud",-13.178,-64.684,92,"schmoneymikey",19.978,-49.075,0,"_송글_",6.207,-64.833,0,"AI",40.9,-90.65,0,"ke ro",-3.197,-108.606,0,"ByeolBam",-43.097,-97.68,0,1370.323,-0.558,-19.958,1372.897,3,"Oort__Cloud",-16.644,-56.936,0,0,,,,,196,2
48,2,0,1,4,0,0,2,0,0,0,255,255,255,23,1395.964,"하루（Haru）",R,0,39,98,-0.375,0.019,0.164,1.75,-0.169,1.639,-36.489,24.536,0,0,0,0,2.59,0,0,1,2,6,R,"Yaksok~",190,83.324,0.453,0,38,W,Y,0,0,0,0,0,0,0,0,0,0,0,0,0,0,0,0,0.004,-37.096,0,"가앤슬_",-0.125,-17.453,0,"Floră",-20.824,-48.994,0,"Oort__Cloud",-13.178,-64.692,0,"schmoneymikey",20.036,-48.922,0,"_송글_",7.104,-64.818,0,"AI",40.9,-90.65,0,"ke ro",-0.241,-104.031,0,"ByeolBam",-43.637,-95.321,0,0,0,0,0,0,"",0,0,0,0,1397.297,,,,0,0
49,2,0,1,4,0,1,2,0,0,0,255,255,255,24,1411.337,"하루（Haru）",R,1,42,101,-0.515,-0.394,0.167,1.774,-0.153,1.718,-36.489,30.603,2,0,-6.726,-1.931,2.768,0,0,1,2,6,R,"Yaksok~",190,83.324,0.453,5,38,W,Y,1412.675,203,158,221,68,0,145,130,100.271,-84.014,0.52,0,0.751,311.588,403.604,314.353,-0.001,-36.877,0,"가앤슬_",-0.007,-18.1,0,"Floră",-20.72,-49.019,0,"Oort__Cloud",-13.245,-64.675,0,"schmoneymikey",19.942,-49.022,0,"_송글_",9.432,-63.814,0,"AI",40.9,-90.65,0,"ke ro",0.041,-104.017,0,"ByeolBam",-43.633,-95.323,0,0,0,0,0,0,"",0,0,0,0,,,,,128,3
50,2,0,1,4,0,2,2,0,0,0,255,255,255,25,1428.189,"하루（Haru）",R,1,40,99,-0.668,-1.787,0.143,1.567,-0.266,1.049,-36.489,32.355,1,0,-3.334,-1.22,0.98,0,0,0,2,6,R,"Yaksok~",190,83.324,0.453,0,38,W,Y,0,0,0,0,0,0,0,0,0,0,0,0,0,0,0,0,-0.031,-37.921,0,"가앤슬_",-0.08,-17.615,0,"Floră",-21.106,-48.753,0,"Oort__Cloud",-13.137,-64.91,0,"schmoneymikey",20.424,-49.353,0,"_송글_",11.959,-64.943,0,"AI",40.9,-90.65,0,"ke ro",-0.776,-105.744,0,"ByeolBam",-43.576,-95.261,0,0,0,0,0,0,"",0,0,0,0,1429.79,,,,0,0
51,2,0,1,4,1,2,2,0,0,0,255,255,255,26,1446.815,"하루（Haru）",R,0,44,102,1.662,-0.891,0.223,1.699,0.106,1.475,-36.489,22.948,2,0,0,0,-1.103,0,0,1,2,6,R,"Yaksok~",190,83.324,0.453,3,38,W,Y,1448.03,157,152,108,78,0,145,91,40.907,34.024,-0.76,0,0.394,464.169,310.919,77.616,0.263,-36.719,0,"가앤슬_",0.009,-17.822,0,"Floră",-20.923,-48.653,0,"Oort__Cloud",-13.094,-64.816,0,"schmoneymikey",20.542,-49.28,0,"_송글_",10.379,-65.569,0,"AI",40.9,-90.65,0,"ke ro",-0.4,-108.652,0,"ByeolBam",-43.588,-95.415,0,1452.55,-46.169,-76.495,1452.777,8,"ByeolBam",-44.88,-75.048,0,0,,,,,258,1
52,3,1,1,4,0,0,0,0,0,0,255,255,255,24,1483.666,"encounter v",R,32,94,140,0.225,1.114,0.533,2.153,-0.227,1.295,-36.618,53.631,2,0,250,-200,-19.589,0,0,0,0,7,R,"ke ro",167,80.225,0.386,0,38,W,Y,1484.706,137,24,54,17,0,101,68,-39.401,-1.969,-0.84,0,0.355,-130.199,-165.061,131.111,0.27,-37.226,86,"Pring__",-0.097,-17.204,0,"Pugeuk",-19.795,-46.174,110,"_앰프_",-14.407,-62.309,0,"mungjungh",24.597,-51.556,0,"CoalCat",10.17,-64.665,0,"Yaksok~",39.128,-84.784,0,"아침땅_",-3.375,-109.948,0,"CVPileMaki",-33.296,-98.132,0,1484.097,0.079,-20.935,1485.643,0,"encounter v",0.621,-35.761,0,0,,,,,257,2
53,3,1,1,4,0,0,1,0,0,0,255,255,255,25,1504.964,"encounter v",R,32,104,140,0.808,0.641,0.536,2.099,-0.212,1.139,-36.618,46.769,2,0,201.305,-200,-16.257,0,0,1,1,8,R,"ByeolBam",179.8,90,0.5,0,38,W,Y,1505.903,227,141,148,69,46,145,125,-19.482,9.604,0.18,0,0.121,-131.45,-88.143,64.599,0.375,-37.36,0,"Pring__",-0.104,-17.204,0,"Pugeuk",-19.09,-47.6,0,"_앰프_",-15.173,-61.2,0,"mungjungh",24.397,-51.331,0,"CoalCat",11.438,-63.567,85,"Yaksok~",35.066,-82.628,0,"아침땅_",-11.507,-113.225,93,"CVPileMaki",-40.221,-92.94,0,1505.337,-0.333,-22.297,1508.95,7,"아침땅_",-13.881,-99.242,1,0,,,,,304,2
54,3,1,1,4,0,0,1,1,0,0,8,255,255,26,1529.532,"encounter v",R,13,63,93,1.316,-0.412,0.785,2.154,1.253,1.879,-36.618,62.313,2,0,-316.079,332.011,-15.014,0,0,0,2,2,R,"Floră",190,85,0.403,2,38,W,Y,1530.839,170,109,69,129,99,141,125,90,-90,0.46,0,0.559,-0.164,359.111,-122.041,0.408,-37.425,0,"Pring__",-0.062,-17.352,0,"Pugeuk",-19.046,-44.723,0,"_앰프_",-10.005,-59.439,0,"mungjungh",17.978,-42.825,0,"CoalCat",10.679,-63.022,0,"Yaksok~",34.575,-82.263,0,"아침땅_",-13.925,-114.561,0,"CVPileMaki",-41.368,-96.901,0,0,0,0,0,0,"",0,0,0,0,,,,,256,3
55,3,1,1,4,0,1,1,1,0,0,8,255,255,27,1546.346,"encounter v",R,32,98,140,1.945,0.803,0.49,2.135,0.503,1.928,-36.618,57.553,2,0,250,-200,-7.395,0,0,1,2,2,R,"Floră",190,85,0.403,2,89,W,Y,1547.554,122,61,100,26,8,137,82,-41.053,-10.252,1,0,0.423,-393.989,441.85,91.336,0.375,-37.395,0,"Pring__",-0.044,-17.164,0,"Pugeuk",-19.114,-45.187,0,"_앰프_",-11.538,-55.476,80,"mungjungh",21.009,-45.08,0,"CoalCat",12.363,-63.444,103,"Yaksok~",35.328,-80.594,0,"아침땅_",-12.69,-114.692,0,"CVPileMaki",-45.657,-94.218,0,1546.963,0.61,-19.775,1550.083,5,"CoalCat",7.139,-56.644,1,0,,1551.84,,,400,2
56,3,1,1,4,0,0,1,1,1,0,2,8,255,28,1574.964,"encounter v",R,26,99,140,-0.573,0.422,0.28,2.061,-0.472,1.69,-36.618,45.168,2,0,164.512,-200,-26.276,0,0,1,3,4,L,"schmoneymikey",190,80,0.345,0,37,W,Y,1576.066,159,105,81,58,0,143,111,25.53,-36.03,0.01,0,0.229,364.202,-53.722,338.744,0.064,-37.269,0,"Pring__",-0.063,-17.224,68,"Pugeuk",-18.289,-46.5,0,"_앰프_",-3.756,-60.812,0,"mungjungh",20.681,-44.62,120,"CoalCat",12.182,-59.994,0,"Yaksok~",37.811,-83.252,116,"아침땅_",3.929,-117.828,0,"CVPileMaki",-33.978,-103.064,0,1580.59,60.202,-101.324,1583.55,6,"Yaksok~",57.444,-103.38,1,0,1589.163,1580.783,1579.878,1584.772,332,2
57,3,1,2,4,0,0,1,0,1,1,255,4,2,29,1615.45,"encounter v",R,32,88,140,0.733,0.39,0.381,2.234,-0.004,1.595,-36.618,54.56,0,0,228.015,-200,-15.265,0,0,0,4,5,R,"_송글_",169.7,91.844,0.315,0,37,W,Y,0,0,0,0,0,0,0,0,0,0,0,0,0,0,0,0,0.23,-37.547,0,"Pring__",0.002,-16.966,0,"Pugeuk",-17.597,-46.518,0,"_앰프_",-12.744,-59.839,0,"mungjungh",19.463,-40.837,0,"CoalCat",13.161,-60.851,0,"Yaksok~",38.606,-88.757,0,"아침땅_",-9.02,-109.197,0,"CVPileMaki",-32.888,-99.61,0,0,0,0,0,0,"",0,0,0,0,1616.35,1617.184,1617.875,,0,0
58,3,1,2,4,0,1,1,0,1,1,255,4,2,30,1626.251,"encounter v",R,13,85,126,-0.435,-2.015,0.386,2.036,0.023,0.879,-36.618,47.803,4,0,-160.373,400,-56.046,0,0,1,4,5,R,"_송글_",169.7,91.844,0.315,0,37,W,Y,0,0,0,0,0,0,0,0,0,0,0,0,0,0,0,0,-0.031,-37.421,0,"Pring__",-0.123,-17.668,0,"Pugeuk",-18.88,-47.609,0,"_앰프_",-13.49,-59.538,0,"mungjungh",18.498,-39.907,0,"CoalCat",7.349,-61.817,0,"Yaksok~",38.14,-86.897,0,"아침땅_",-9.495,-109.464,0,"CVPileMaki",-33.261,-94.586,0,0,0,0,0,0,"",0,0,0,0,1627.15,1630.61,1628.76,,0,0
59,3,1,2,4,0,2,1,0,1,1,255,4,2,31,1656.752,"encounter v",R,32,86,139,1.145,2.35,0.414,2.338,0.151,2.699,-36.618,67.302,4,0,243.181,-200,-19.115,0,0,1,4,5,R,"_송글_",169.7,91.844,0.315,0,37,W,Y,0,0,0,0,0,0,0,0,0,0,0,0,0,0,0,0,0.272,-37.539,0,"Pring__",0.002,-17.248,0,"Pugeuk",-18.938,-46.561,0,"_앰프_",-14.322,-59.128,0,"mungjungh",18.61,-40.031,0,"CoalCat",9.571,-60.85,0,"Yaksok~",37.44,-85.768,0,"아침땅_",-8.925,-107.677,0,"CVPileMaki",-39.201,-94.001,0,0,0,0,0,0,"",0,0,0,0,1657.71,1659.936,1659.598,,0,0
60,3,1,2,4,0,0,2,0,1,1,255,4,2,32,1676.01,"encounter v",R,10,87,128,0.382,-0.179,0.414,2.338,0.151,2.411,-36.618,67.302,0,0,0,400,-40.43,0,0,0,5,1,R,"가앤슬_",190,83.179,0.2,0,37,W,Y,0,0,0,0,0,0,0,0,0,0,0,0,0,0,0,0,0.212,-37.514,0,"Pring__",-0.021,-17.267,0,"Pugeuk",-19.289,-47.557,0,"_앰프_",-15.187,-59.18,0,"mungjungh",20.214,-44.472,0,"CoalCat",12.421,-61.534,0,"Yaksok~",38.31,-87.08,0,"아침땅_",-11.289,-116.018,0,"CVPileMaki",-53.506,-108.969,0,0,0,0,0,0,"",0,0,0,0,1676.457,1678.778,1678.265,,0,0
61,3,1,2,4,0,0,2,0,1,1,255,4,2,32,1755.324,"encounter v",R,13,82,121,-0.752,0.667,0.424,2.293,0.199,2.439,-36.618,61.004,2,0,-328.046,377.34,-35.727,0,0,1,5,1,R,"가앤슬_",190,83.179,0.2,3,37,W,Y,1756.513,255,117,128,81,32,145,95,-41.56,-22.84,0.96,0,0.575,85.809,-420.435,-11.016,0.206,-37.547,0,"Pring__",-0.045,-17.357,0,"Pugeuk",-19.869,-47.842,0,"_앰프_",-15.536,-60.537,0,"mungjungh",18.558,-40.234,0,"CoalCat",9.299,-62.432,101,"Yaksok~",39.846,-86.323,0,"아침땅_",-15.211,-113.39,0,"CVPileMaki",-49.713,-105.251,0,1755.963,0.298,-20.723,1758.79,5,"CoalCat",16.021,-57.687,0,32,,,1762.066,1761.404,145,2
62,3,0,2,4,0,0,0,0,0,0,255,255,255,28,1807.533,"하루（Haru）",R,41,15,73,-0.374,1.591,0.163,2.157,-0.278,2.537,-36.489,52.904,1,0,39.566,-59.856,-5.594,0,0,0,3,1,L,"Pring__",190,92.818,0.485,0,63,W,Y,0,0,0,0,0,0,0,0,0,0,0,0,0,0,0,0,0.14,-36.912,0,"가앤슬_",-0.017,-17.469,0,"Floră",-20.549,-48.793,0,"Oort__Cloud",-9.218,-66.031,0,"schmoneymikey",20.273,-48.72,0,"_송글_",13.368,-62.799,0,"AI",40.9,-90.65,0,"ke ro",2.468,-113.219,0,"ByeolBam",-41.11,-95.665,0,0,0,0,0,0,"",0,0,0,0,1808.937,,,,0,0
63,3,0,2,4,1,0,0,0,0,0,255,255,255,29,1827.643,"하루（Haru）",R,3,74,115,-0.302,0.712,0.316,1.878,0.54,2.054,-36.489,48.827,0,0,-412.608,0,11.667,-1.174,-8.76,0,3,1,L,"Pring__",190,92.818,0.485,0,63,W,Y,0,0,0,0,0,0,0,0,0,0,0,0,0,0,0,0,0.021,-37.156,0,"가앤슬_",-0.331,-17.355,0,"Floră",-20.72,-48.908,0,"Oort__Cloud",-9.068,-65.945,0,"schmoneymikey",19.71,-48.476,0,"_송글_",14.622,-62.491,0,"AI",40.9,-90.65,0,"ke ro",2.727,-109.947,0,"ByeolBam",-40.557,-96.21,0,0,0,0,0,0,"",0,0,0,0,1830.67,,,,0,0
64,3,0,2,4,1,1,0,0,0,0,255,255,255,30,1844.274,"하루（Haru）",R,28,83,135,0.436,1.274,0.214,1.961,0.066,2.322,-36.489,41.96,2,0,86.977,-92.96,7.553,0,0,1,3,1,L,"Pring__",190,92.818,0.485,3,63,W,Y,1845.241,241,92,117,88,46,145,106,22.439,26.038,-0.08,0,0.352,109.931,-390.659,236.161,-0.075,-37.284,0,"가앤슬_",0.013,-17.57,0,"Floră",-20.913,-49.147,0,"Oort__Cloud",-9.084,-65.898,0,"schmoneymikey",20.046,-48.583,0,"_송글_",12.651,-63.294,0,"AI",40.9,-90.65,0,"ke ro",2.228,-110.667,0,"ByeolBam",-40.925,-96.672,94,0,0,0,1849.283,8,"ByeolBam",-31.633,-99.646,0,0,,,,,130,1
65,3,0,2,4,0,0,1,0,0,0,255,255,255,31,1871.823,"하루（Haru）",R,10,23,73,-0.351,-0.764,0.248,2.037,-0.158,2.227,-36.489,65.85,0,0,0,400,-32.256,0,0,0,4,5,R,"CoalCat",170.4,84.053,0.503,0,37,W,Y,0,0,0,0,0,0,0,0,0,0,0,0,0,0,0,0,-0.171,-37.055,0,"가앤슬_",-0.064,-17.399,0,"Floră",-20.192,-48.148,0,"Oort__Cloud",-12.72,-64.616,0,"schmoneymikey",19.292,-48.665,0,"_송글_",9.887,-64.49,0,"AI",40.9,-90.65,0,"ke ro",-1.42,-110.236,0,"ByeolBam",-42.559,-92.835,0,0,0,0,0,0,"",0,0,0,0,1873.363,,,,0,0
66,3,0,2,4,0,1,1,0,0,0,255,255,255,32,1885.903,"하루（Haru）",R,28,83,134,-0.484,0.835,0.13,1.841,-0.326,1.969,-36.489,35.009,0,0,74.431,-88.854,8.177,-0.09,-18.233,1,4,5,R,"CoalCat",170.4,84.053,0.503,0,37,W,Y,0,0,0,0,0,0,0,0,0,0,0,0,0,0,0,0,0.279,-37.072,0,"가앤슬_",-0.051,-17.599,0,"Floră",-20.258,-48.308,0,"Oort__Cloud",-12.887,-64.557,0,"schmoneymikey",19.237,-48.695,0,"_송글_",10.291,-65.072,0,"AI",40.9,-90.65,0,"ke ro",-0.22,-112.238,0,"ByeolBam",-41.976,-93.339,0,0,0,0,0,0,"",0,0,0,0,1888.31,,,,0,0
67,3,0,2,4,0,2,1,0,0,0,255,255,255,33,1900.663,"하루（Haru）",R,0,25,80,-2.039,0.378,0.006,1.882,-0.888,1.839,-36.489,44.334,2,0,0,0,-9.997,0,0,1,4,5,R,"CoalCat",170.4,84.053,0.503,5,37,W,Y,1902.054,255,185,87,53,44,145,15,14.285,-15.323,0.98,0,0.471,80.795,24.966,11.967,0.113,-37.153,120,"가앤슬_",-0.283,-17.927,0,"Floră",-20.239,-48.558,85,"Oort__Cloud",-12.757,-64.516,0,"schmoneymikey",19.259,-48.682,0,"_송글_",10.223,-64.963,0,"AI",40.9,-90.65,0,"ke ro",-0.226,-112.241,0,"ByeolBam",-41.96,-93.338,0,1902.35,0.673,-24.706,1904.617,0,"하루（Haru）",1.617,-27.566,0,0,,,,,132,2
68,3,0,2,4,0,0,2,0,0,0,255,255,255,34,1943.272,"하루（Haru）",R,26,97,140,-2.162,-1.123,-0.035,1.542,-1.094,0.836,-36.489,12.14,2,0,114.483,-157.729,19.998,0,0,1,5,7,R,"아침땅_",160,94.936,0.499,2,37,W,Y,1944.161,155,62,83,65,16,145,76,-33.194,60.864,1,0,0.233,-583.288,100.676,-70.346,0.086,-37.048,0,"가앤슬_",-0.3,-17.817,0,"Floră",-20.574,-48.892,0,"Oort__Cloud",-13.055,-64.76,0,"schmoneymikey",18.463,-46.953,0,"_송글_",10.587,-64.823,0,"AI",40.9,-90.65,0,"ke ro",-2.962,-112.633,0,"ByeolBam",-40.579,-94.729,0,1943.563,-1.477,-19.838,0,0,"",0,0,0,0,,,,,128,3
69,3,0,2,4,0,1,2,0,0,0,255,255,255,35,1959.81,"하루（Haru）",R,4,72,118,0.266,0.846,0.306,1.853,0.495,2.033,-36.489,58.848,0,0,-235.411,0,6.045,0,0,0,5,7,R,"아침땅_",160,94.936,0.499,0,37,W,Y,0,0,0,0,0,0,0,0,0,0,0,0,0,0,0,0,-0.056,-36.863,0,"가앤슬_",-0.005,-17.634,0,"Floră",-20.374,-49.398,0,"Oort__Cloud",-13.215,-64.707,0,"schmoneymikey",19.173,-47.726,0,"_송글_",8.911,-64.142,0,"AI",40.9,-90.65,0,"ke ro",-0.233,-112.35,0,"ByeolBam",-43.207,-95.377,0,0,0,0,0,0,"",0,0,0,0,1960.723,,,,0,0
70,3,0,2,4,0,2,2,0,0,0,255,255,255,36,1978.636,"하루（Haru）",R,0,64,118,-0.023,-0.026,0.197,1.733,-0.016,1.573,-36.489,36.201,0,0,0,0,-2.157,0,0,0,5,7,R,"아침땅_",160,94.936,0.499,0,36,W,Y,0,0,0,0,0,0,0,0,0,0,0,0,0,0,0,0,-0.099,-36.85,0,"가앤슬_",-0.021,-17.486,0,"Floră",-20.626,-49.728,0,"Oort__Cloud",-13.233,-64.658,0,"schmoneymikey",18.763,-47.321,0,"_송글_",8.262,-65.243,0,"AI",40.9,-90.65,0,"ke ro",-0.609,-112.298,0,"ByeolBam",-43.097,-96.05,0,0,0,0,0,0,"",0,0,0,0,1979.563,,,,0,0
71,4,1,2,4,0,0,0,0,0,0,255,255,255,33,2025.395,"encounter v",R,13,95,126,-0.336,-0.014,0.474,2.128,0.432,1.955,-36.618,42.658,0,0,-390.434,312.348,-9.936,0,0,0,6,3,R,"Oort__Cloud",160,90.268,0.399,0,36,W,Y,0,0,0,0,0,0,0,0,0,0,0,0,0,0,0,0,0.164,-37.798,0,"Pring__",-0.027,-17.015,0,"Pugeuk",-19.604,-47.812,0,"_앰프_",-14.553,-60.129,0,"mungjungh",15.717,-41.149,0,"CoalCat",9.286,-60.529,0,"Yaksok~",34.424,-84.658,0,"아침땅_",-8.864,-106.091,0,"CVPileMaki",-31.254,-89.488,0,0,0,0,0,0,"",0,0,0,0,2026.457,,,,0,0
72,4,1,2,4,0,1,0,0,0,0,255,255,255,34,2037.658,"encounter v",R,13,84,123,-0.352,1.7,0.464,2.38,0.386,2.921,-36.618,67.814,2,0,-354.096,353.01,-21.874,0,0,0,6,3,R,"Oort__Cloud",160,90.268,0.399,2,36,W,Y,2038.828,201,73,62,42,22,137,72,37.332,65.664,1,0,0.126,23.106,449.683,-103.289,0.161,-37.569,0,"Pring__",-0.034,-17.105,0,"Pugeuk",-19.572,-47.648,0,"_앰프_",-14.214,-60.237,0,"mungjungh",15.314,-39.284,0,"CoalCat",9.159,-60.023,0,"Yaksok~",33.408,-83.708,0,"아침땅_",-8.297,-106.377,0,"CVPileMaki",-37.587,-95.994,0,2041.51,-39.236,-36.279,0,0,"",0,0,0,0,,,,,256,3
73,4,1,2,4,0,2,0,0,0,0,255,255,255,35,2053.942,"encounter v",R,12,52,94,0.564,-0.377,0.456,2.2,0.232,1.526,-36.618,65.36,2,0,0,70.078,-12.707,0,0,1,6,3,R,"Oort__Cloud",160,90.268,0.399,5,36,W,Y,2055.272,81,104,26,48,41,59,59,102.691,-66.263,0.35,0,0.233,169.256,289.507,91.512,-0.017,-37.308,0,"Pring__",-0.075,-17.427,117,"Pugeuk",-19.721,-48.582,0,"_앰프_",-15.832,-60.331,0,"mungjungh",19.813,-45.393,0,"CoalCat",10.017,-63.104,0,"Yaksok~",35.01,-86.357,0,"아침땅_",-8.803,-109.028,0,"CVPileMaki",-38.397,-96.529,0,2059.604,-11.845,-14.304,2059.883,1,"Pring__",-11.359,-14.579,0,0,2059.883,,,,264,1
74,4,1,2,4,0,0,1,0,0,0,255,255,255,36,2077.583,"encounter v",R,32,85,138,-1.043,0.099,0.411,2.194,-0.791,1.472,-36.618,55.849,2,0,250,-200,-37.343,0,0,1,7,0,L,"하루（Haru）",190,90,0.503,3,36,W,Y,2078.756,225,126,154,116,27,145,111,43.55,-34.386,0.06,0.095,0.423,10.722,-453.064,129.818,0.098,-37.344,0,"Pring__",-0.153,-17.134,0,"Pugeuk",-18.382,-46.879,0,"_앰프_",-11.2,-62.646,95,"mungjungh",25.477,-50.578,87,"CoalCat",10.856,-62.83,0,"Yaksok~",34.018,-86.68,101,"아침땅_",4.475,-116.024,0,"CVPileMaki",-38.774,-100.235,0,2083.737,60.024,-89.729,2087.737,6,"Yaksok~",67.902,-98.776,1,0,,2088.94,2093.961,,452,2
75,4,1,2,4,0,0,1,0,0,1,255,255,0,37,2108.966,"encounter v",R,0,49,93,1.419,-0.959,0.466,2.219,0.604,1.065,-36.618,70.656,0,0,0,0.392,-14.163,0.225,-17.637,1,0,7,R,"ke ro",167,80.225,0.386,0,36,W,Y,0,0,0,0,0,0,0,0,0,0,0,0,0,0,0,0,0.125,-37.593,0,"Pring__",-0.036,-17.728,0,"Pugeuk",-18.306,-46.06,0,"_앰프_",-12.157,-58.169,0,"mungjungh",20.027,-44.736,0,"CoalCat",8.833,-60.617,0,"Yaksok~",34.449,-87.662,0,"아침땅_",-8.784,-108.69,0,"CVPileMaki",-38.993,-91.005,0,0,0,0,0,0,"",0,0,0,0,2112.217,,2111.407,,0,0
76,4,1,2,4,0,1,1,0,0,1,255,255,0,38,2122.719,"encounter v",R,10,84,111,-0.368,-2.096,0.525,1.99,-0.174,1.016,-36.618,50.734,4,0,0,400,-37.939,0,0,1,0,7,R,"ke ro",167,80.225,0.386,0,36,W,Y,0,0,0,0,0,0,0,0,0,0,0,0,0,0,0,0,0.126,-37.482,0,"Pring__",-0.136,-17.654,0,"Pugeuk",-18.66,-43.82,0,"_앰프_",-12.838,-58.889,0,"mungjungh",20.423,-42.047,0,"CoalCat",11.19,-61.208,0,"Yaksok~",31.738,-85.81,0,"아침땅_",-8.615,-108.51,0,"CVPileMaki",-37.771,-95.013,0,0,0,0,0,0,"",0,0,0,0,2123.79,,,,0,0
77,4,1,2,4,0,2,1,0,0,1,255,255,0,39,2135.102,"encounter v",R,32,93,140,-0.167,1.292,0.491,2.17,-0.421,2.095,-36.618,56.78,2,0,250,-200,-14.808,0,0,0,0,7,R,"ke ro",167,80.225,0.386,5,36,W,Y,2136.111,109,37,19,6,0,19,27,-12.092,46.648,0.56,0,0.309,196.428,-68.46,-287.794,-0.051,-37.068,87,"Pring__",-0.165,-17.298,120,"Pugeuk",-18.71,-46.088,97,"_앰프_",-12.782,-56.252,0,"mungjungh",18.664,-41.163,99,"CoalCat",10.17,-61.781,0,"Yaksok~",33.656,-86.314,0,"아침땅_",-8.815,-108.484,0,"CVPileMaki",-39.448,-95.019,0,2135.896,-2.673,-21.765,2139.043,0,"encounter v",-8.623,-29.602,0,1,2141.043,,,2157.274,333,2
78,4,1,3,4,0,0,2,0,0,0,255,255,255,40,2178.683,"encounter v",R,32,94,140,-0.744,-2.184,0.434,1.588,-0.685,0.075,-36.618,31.192,1,0,250,-200,-17.253,-0.363,-17.84,0,1,8,R,"ByeolBam",179.8,90,0.5,0,36,W,Y,0,0,0,0,0,0,0,0,0,0,0,0,0,0,0,0,0.15,-37.407,0,"Pring__",-0.259,-17.404,0,"Pugeuk",-20.371,-45.428,0,"_앰프_",-13.581,-59.537,0,"mungjungh",25.071,-50.622,0,"CoalCat",10.229,-63.034,0,"Yaksok~",35.385,-87.75,0,"아침땅_",-8.217,-108.81,0,"CVPileMaki",-40.784,-97.203,0,0,0,0,0,0,"",0,0,0,0,2181.59,,,,0,0
79,4,1,3,4,1,0,2,0,0,0,255,255,255,41,2190.374,"encounter v",R,26,95,140,0.266,-0.401,0.55,1.907,-0.145,1.165,-36.618,41.991,2,0,175.856,-200,-18.308,0,0,1,1,8,R,"ByeolBam",179.8,90,0.5,5,36,W,Y,2191.335,154,114,68,46,32,137,109,107.514,36.582,0.84,0,0.12,161.17,325.472,-447.471,0.266,-37.472,0,"Pring__",-0.078,-17.352,0,"Pugeuk",-19.731,-46.656,0,"_앰프_",-14.444,-61.473,0,"mungjungh",24.871,-51.693,0,"CoalCat",10.306,-63.089,0,"Yaksok~",34.361,-87.473,0,"아침땅_",-9.903,-113.187,0,"CVPileMaki",-42.152,-95.099,0,0,0,0,0,0,"",0,0,0,0,,,,,256,3
80,4,1,3,4,1,1,2,0,0,0,255,255,255,42,2204.033,"encounter v",R,10,74,115,0.155,0.08,0.595,2.199,0.062,2.165,-36.618,53.196,2,0,-5.885,400,-40.713,0,0,1,1,8,R,"ByeolBam",179.8,90,0.5,3,36,W,Y,2205.024,244,161,101,51,23,145,122,-43.879,-34.19,0.45,0,0.133,-475.426,-153.297,-261.485,0.366,-37.492,0,"Pring__",-0.091,-17.267,0,"Pugeuk",-18.907,-46.886,0,"_앰프_",-15.547,-60.058,0,"mungjungh",25.019,-51.142,0,"CoalCat",10.701,-64.106,0,"Yaksok~",33.719,-86.4,130,"아침땅_",-10.874,-113.877,0,"CVPileMaki",-40.048,-87.723,0,2204.43,0.688,-21.715,2217.883,6,"Yaksok~",60.115,-110.795,1,0,,2215.15,2220.49,,324,2
81,4,1,3,4,0,0,2,0,0,1,255,255,8,43,2246.749,"encounter v",R,32,86,139,1.269,0.748,0.631,2.124,0.229,1.892,-36.618,58.734,0,0,250,-200,-43.378,0,0,0,2,2,R,"Floră",190,85,0.403,0,36,W,Y,0,0,0,0,0,0,0,0,0,0,0,0,0,0,0,0,0.354,-37.625,0,"Pring__",0.034,-17.166,0,"Pugeuk",-19.388,-48.507,0,"_앰프_",-14.456,-61.519,0,"mungjungh",19.259,-41.651,0,"CoalCat",11.823,-63.188,0,"Yaksok~",34.533,-87.49,0,"아침땅_",-14.413,-114.421,0,"CVPileMaki",-42.998,-95.06,0,0,0,0,0,0,"",0,0,0,0,2247.923,,2250.05,,0,0
82,4,1,3,4,0,1,2,0,0,1,255,255,8,44,2258.612,"encounter v",R,13,69,110,-1.601,-0.711,0.516,2.254,-0.306,1.667,-36.618,56.329,1,0,-220.328,400,-30.686,0,0,0,2,2,R,"Floră",190,85,0.403,0,36,W,Y,0,0,0,0,0,0,0,0,0,0,0,0,0,0,0,0,0.28,-37.776,0,"Pring__",-0.236,-17.511,0,"Pugeuk",-19.706,-48.107,0,"_앰프_",-14.712,-61.331,0,"mungjungh",22.229,-46.646,0,"CoalCat",10.873,-63.334,0,"Yaksok~",33.262,-86.719,0,"아침땅_",-13.648,-114.544,0,"CVPileMaki",-41.75,-94.776,0,0,0,0,0,0,"",0,0,0,0,2260.03,,2261.997,,0,0
83,4,1,3,4,1,1,2,0,0,1,255,255,8,45,2272.513,"encounter v",R,32,89,140,0.752,-0.227,0.38,2.133,-0.005,1.275,-36.618,45.108,0,0,250,-200,-25.954,0,0,1,2,2,R,"Floră",190,85,0.403,0,36,W,Y,0,0,0,0,0,0,0,0,0,0,0,0,0,0,0,0,0.22,-37.632,0,"Pring__",-0.011,-17.247,0,"Pugeuk",-20.328,-46.038,0,"_앰프_",-13.401,-61.65,0,"mungjungh",19.083,-40.329,0,"CoalCat",10.187,-62.886,0,"Yaksok~",33.288,-86.269,0,"아침땅_",-13.656,-114.492,0,"CVPileMaki",-40.081,-91.362,0,0,0,0,0,0,"",0,0,0,0,2273.617,,2275.233,,0,0
84,4,1,3,4,1,2,2,0,0,1,255,255,8,46,2286.631,"encounter v",R,10,40,81,-0.332,0.223,0.332,2.432,-0.153,2.478,-36.618,65.255,0,0,0,400,-16.351,0,0,1,2,2,R,"Floră",190,85,0.403,0,89,W,Y,0,0,0,0,0,0,0,0,0,0,0,0,0,0,0,0,1.415,-35.727,0,"Pring__",-0.044,-17.988,0,"Pugeuk",-20.769,-46.477,0,"_앰프_",-15.013,-60.245,0,"mungjungh",19.081,-40.332,0,"CoalCat",8.336,-61.099,0,"Yaksok~",31.32,-85.162,0,"아침땅_",-12.406,-114.759,0,"CVPileMaki",-47.499,-98.244,0,0,0,0,0,0,"",0,0,0,4,2288.217,,,,0,0
85,4,0,3,4,0,0,0,0,0,0,255,255,255,37,2330.92,"하루（Haru）",R,1,42,100,0.066,-0.015,0.196,1.752,-0.136,1.506,-36.489,54.009,2,0,-4.829,-0.974,5.255,0,0,1,6,4,R,"mungjungh",190,82,0.395,0,36,W,Y,2331.873,213,133,116,113,88,145,128,25.276,-7.156,0.23,0,0.204,-242.04,-111.665,-92.212,0.064,-37.064,0,"가앤슬_",0.031,-17.756,0,"Floră",-19.968,-47.357,0,"Oort__Cloud",-13.111,-64.736,60,"schmoneymikey",19.513,-47.838,0,"_송글_",9.036,-64.094,0,"AI",40.9,-90.65,0,"ke ro",-1.578,-113.513,95,"ByeolBam",-43.802,-96.611,0,2335.684,16.263,-125.8,2338.217,7,"ke ro",20.434,-126.352,1,0,,2342.325,,,193,2
86,4,0,3,4,0,0,0,0,1,0,255,14,255,38,2366.072,"하루（Haru）",R,28,80,130,1.083,1.447,0.276,1.913,0.356,2.264,-36.489,47.377,2,0,78.599,-81.419,4.513,0,0,1,7,3,R,"_앰프_",160,80,0.4,2,36,W,Y,2367.184,122,29,39,30,17,98,62,14.252,59.996,1,0,0.219,-311.716,-1.962,-491.606,-0.586,-37.23,0,"가앤슬_",0.069,-17.78,0,"Floră",-15.646,-43.17,0,"Oort__Cloud",-12.903,-64.929,0,"schmoneymikey",18.793,-45.539,0,"_송글_",8.899,-65.441,0,"AI",40.9,-90.65,0,"ke ro",-0.168,-113.206,0,"ByeolBam",-37.702,-89.325,0,2368.043,-20.082,-31.208,0,0,"",0,0,0,0,,2374.512,,,128,3
87,4,0,3,4,0,1,0,0,1,0,255,14,255,39,2388.219,"하루（Haru）",R,27,88,140,1.338,0.511,0.299,1.777,0.461,1.741,-36.489,37.94,2,0,90.611,-121.335,3.706,0,0,1,7,3,R,"_앰프_",160,80,0.4,1,36,W,Y,2389.285,125,30,74,52,24,137,91,-71.901,45.205,-0.23,0,0.217,-259.232,69.893,61.045,-0.463,-37.245,0,"가앤슬_",0.084,-17.906,0,"Floră",-16.45,-43.715,112,"Oort__Cloud",-14.336,-63.742,0,"schmoneymikey",18.663,-46.548,86,"_송글_",5.215,-61.55,0,"AI",40.9,-90.65,0,"ke ro",-0.118,-107.833,0,"ByeolBam",-39.071,-91.67,0,2388.67,-0.042,-20.241,2391.523,2,"Floră",-15.592,-35.634,0,128,,,2393.896,,140,2
88,4,0,3,4,0,0,1,0,0,1,255,255,14,40,2416.692,"하루（Haru）",R,10,26,74,-1.616,0.352,0.006,2.145,-0.695,2.682,-36.489,68.731,2,0,-2.83,400,-25.296,0,0,1,8,0,L,"encounter v",190,82.544,0.529,3,36,W,Y,2417.992,255,215,65,110,79,140,118,-52.338,56.572,0.82,0,0.585,69.488,-177.042,403.418,0.126,-37.107,0,"가앤슬_",-0.162,-17.693,0,"Floră",-18.614,-46.33,0,"Oort__Cloud",-9.208,-65.687,0,"schmoneymikey",16.794,-42.266,0,"_송글_",11.152,-64.591,0,"AI",40.9,-90.65,0,"ke ro",0.795,-115.888,0,"ByeolBam",-40.681,-97.356,0,2417.39,-1.832,-22.399,0,0,"",0,0,0,0,,,2422.565,,128,3
89,4,0,3,4,0,1,1,0,0,1,255,255,14,41,2435.828,"하루（Haru）",R,40,44,89,-1.117,1.809,0.08,2.16,-0.516,2.607,-36.489,44.526,2,0,11.289,-115.756,-8.631,0,0,1,8,0,L,"encounter v",190,82.544,0.529,3,42,W,Y,2437.031,255,165,98,110,65,145,90,25.579,-25.192,-0.84,0,0.658,417.58,267.956,-123.088,0.136,-36.941,0,"가앤슬_",-0.097,-17.533,120,"Floră",-19.266,-46.862,0,"Oort__Cloud",-9.362,-65.631,0,"schmoneymikey",16.84,-41.434,105,"_송글_",9.732,-65.434,0,"AI",40.9,-90.65,0,"ke ro",0.494,-115.76,0,"ByeolBam",-44.734,-93.182,0,2441.31,30.342,-93.029,2445.923,4,"schmoneymikey",20.685,-47.746,0,0,2448.283,,2441.455,2447.321,168,1
90,4,0,3,5,0,0,2,0,0,0,255,255,255,42,2519.297,"하루（Haru）",R,28,82,133,1.918,1.391,0.351,1.954,0.701,2.336,-36.489,48.47,2,0,85.875,-90.162,6.61,0,0,1,0,2,R,"Pugeuk",179.8,86.01,0.397,0,36,W,Y,2520.345,102,71,61,31,12,129,132,100.328,-53.47,0.37,0,0.429,35.223,352.897,-283.036,0.017,-37.135,0,"가앤슬_",0.069,-17.464,0,"Floră",-20.358,-48.356,0,"Oort__Cloud",-13.187,-64.749,0,"schmoneymikey",19.613,-46.337,0,"_송글_",7.816,-65.345,0,"AI",40.9,-90.65,0,"ke ro",-0.049,-108.699,0,"ByeolBam",-39.213,-92.194,0,0,0,0,0,0,"",0,0,0,0,,,,,128,3
91,4,0,3,5,0,1,2,0,0,0,255,255,255,43,2538.096,"하루（Haru）",R,0,45,103,1.341,0.828,0.184,1.948,0.579,2.106,-36.489,87.572,2,0,0,0,0.853,0,0,1,0,2,R,"Pugeuk",179.8,86.01,0.397,3,68,W,Y,2539.231,125,53,114,60,37,138,86,15.842,25.625,-0.67,0,0.641,-153.89,-509.53,196.228,-0.514,-37.156,0,"가앤슬_",0.077,-17.62,0,"Floră",-20.51,-48.615,0,"Oort__Cloud",-13.145,-64.862,85,"schmoneymikey",19.516,-47.134,0,"_송글_",8.591,-64.072,0,"AI",40.9,-90.65,0,"ke ro",-1.144,-109.412,0,"ByeolBam",-39.306,-91.98,0,0,0,0,2541.15,3,"Oort__Cloud",-15.951,-60.481,0,0,,,,,448,1
92,5,1,3,5,0,0,0,0,0,0,255,255,255,47,2576.133,"encounter v",R,14,34,76,0.58,-0.765,0.396,2.045,-0.575,1.644,-36.618,38.058,2,0,296.379,256.875,-7.552,0,0,1,3,4,L,"schmoneymikey",190,80,0.345,3,36,W,Y,2577.56,255,159,147,125,76,145,114,-5.138,9.745,0.9,0,0.705,86.491,147.28,142.641,0.101,-37.521,0,"Pring__",-0.081,-17.26,0,"Pugeuk",-17.855,-47.609,111,"_앰프_",-8.542,-61.148,0,"mungjungh",26.127,-51.014,0,"CoalCat",11.752,-62.663,0,"Yaksok~",38.95,-89.806,0,"아침땅_",7.724,-114.093,0,"CVPileMaki",-41.452,-91.255,0,2577.243,-1.356,-29.91,2578.923,3,"_앰프_",-7.816,-59.447,0,0,,,,,385,2
93,5,1,3,5,0,0,1,0,0,0,255,255,255,48,2595.988,"encounter v",R,14,39,78,0.511,-0.89,0.387,2.13,-0.602,1.846,-36.618,43.196,0,0,276.854,312.348,-32.61,0.2,-18.292,1,4,5,R,"_송글_",169.7,91.844,0.315,0,36,W,Y,0,0,0,0,0,0,0,0,0,0,0,0,0,0,0,0,0.162,-37.821,0,"Pring__",-0.001,-17.176,0,"Pugeuk",-18.847,-47.08,0,"_앰프_",-13.454,-61.426,0,"mungjungh",23.674,-48.634,0,"CoalCat",11.607,-62.287,0,"Yaksok~",34.582,-85.913,0,"아침땅_",-10.831,-109.995,0,"CVPileMaki",-48.254,-102.29,0,0,0,0,0,0,"",0,0,0,0,2597.337,,,,0,0
94,5,1,3,5,0,1,1,0,0,0,255,255,255,49,2609.361,"encounter v",R,14,49,83,0.155,-1.35,0.361,2.178,-0.685,1.48,-36.618,49.823,2,0,294.601,312.348,-56.481,0,0,1,4,5,R,"_송글_",169.7,91.844,0.315,2,36,W,Y,2610.574,209,105,114,82,71,145,87,-16.917,41.505,-0.64,0,0.593,8.586,-448.039,-113.746,0.068,-37.287,0,"Pring__",-0.095,-17.313,0,"Pugeuk",-18.662,-47.166,110,"_앰프_",-14.275,-61.06,0,"mungjungh",23.885,-48.697,0,"CoalCat",11.47,-62.201,0,"Yaksok~",36.103,-86.421,0,"아침땅_",-10.414,-110.083,0,"CVPileMaki",-45.771,-99.91,0,2610.043,-1.536,-22.676,2611.763,2,"Pugeuk",-17.994,-43.697,0,0,,,,,257,2
95,5,1,3,5,0,0,2,0,0,0,255,255,255,50,2631.709,"encounter v",R,14,52,85,0.176,-0.823,0.381,2.228,-0.622,1.607,-36.618,51.802,2,0,301.699,312.348,-66.441,0,0,1,5,1,R,"가앤슬_",190,83.179,0.2,5,36,W,Y,2633.092,255,79,145,97,65,145,111,-21.893,-49.511,0.92,0,0.648,-334.401,222.399,-299.221,0.116,-37.374,0,"Pring__",-0.101,-17.353,0,"Pugeuk",-19.685,-47.255,0,"_앰프_",-15.996,-60.8,0,"mungjungh",23.314,-47.523,0,"CoalCat",10.067,-63.229,0,"Yaksok~",36.468,-83.493,0,"아침땅_",-15.218,-115.37,0,"CVPileMaki",-48.122,-110.253,0,2632.523,1.29,-22.109,0,0,"",0,0,0,0,,,,,256,0
96,5,1,3,5,0,1,2,0,0,0,255,255,255,51,2652.126,"encounter v",R,26,85,138,0.805,-0.932,0.413,1.994,0.146,0.824,-36.618,35.904,0,0,142.641,-200,-30.248,0,0,0,5,1,R,"가앤슬_",190,83.179,0.2,0,36,W,Y,0,0,0,0,0,0,0,0,0,0,0,0,0,0,0,0,0.115,-37.616,0,"Pring__",-0.021,-17.167,0,"Pugeuk",-18.92,-47.163,0,"_앰프_",-14.608,-61.258,0,"mungjungh",22.466,-45.587,0,"CoalCat",11.513,-64.018,0,"Yaksok~",35.47,-85.823,0,"아침땅_",-9.86,-116.842,0,"CVPileMaki",-50.384,-110.936,0,0,0,0,0,0,"",0,0,0,0,2653.243,,,,0,0
97,5,1,3,5,0,2,2,0,0,0,255,255,255,52,2664.182,"encounter v",R,32,71,123,6.604,1.181,0.532,2.181,2.475,2.22,-36.618,70.388,3,0,250,-200,-40.681,2.772,-20.622,0,5,1,R,"가앤슬_",190,83.179,0.2,0,36,W,Y,0,0,0,0,0,0,0,0,0,0,0,0,0,0,0,0,0.163,-37.452,0,"Pring__",0.271,-17.591,0,"Pugeuk",-18.727,-47.247,0,"_앰프_",-15.365,-62.239,0,"mungjungh",24.93,-48.951,0,"CoalCat",10.459,-62.679,0,"Yaksok~",35.662,-86.01,0,"아침땅_",-9.875,-116.836,0,"CVPileMaki",-50.483,-110.903,0,0,0,0,0,0,"",0,0,0,0,2668.51,,,,0,6
98,5,1,3,5,0,0,2,1,0,0,1,255,255,53,2685.171,"encounter v",R,10,73,115,1.052,0.01,0.482,2.182,0.47,2.16,-36.618,55.678,2,0,-14.679,400,-31.502,0,0,1,6,3,R,"Oort__Cloud",160,90.268,0.399,0,36,W,Y,2686.329,220,99,58,42,11,137,114,-30,-15.275,0.16,0,0.161,-521.259,-15.633,-154.347,0.079,-37.309,0,"Pring__",-0.019,-17.37,0,"Pugeuk",-18.349,-45.805,0,"_앰프_",-13.737,-58.84,0,"mungjungh",20.145,-44.251,0,"CoalCat",9.859,-60.299,103,"Yaksok~",35.619,-85.685,0,"아침땅_",-11.36,-105.362,0,"CVPileMaki",-42.682,-100.657,0,2685.697,0.534,-21.97,2687.604,5,"CoalCat",10.655,-58.29,0,64,,2691.373,,,145,2
99,5,0,3,5,0,0,0,0,0,0,255,255,255,44,2739.332,"하루（Haru）",R,27,96,140,-2.193,-1.021,-0.025,1.636,-1.045,0.886,-36.489,4.394,1,0,69.844,-128.099,26.045,-0.762,-19.005,0,1,8,R,"CVPileMaki",175,94.088,0.399,0,35,W,Y,0,0,0,0,0,0,0,0,0,0,0,0,0,0,0,0,0.221,-36.978,0,"가앤슬_",-0.271,-17.885,0,"Floră",-21.217,-49.106,0,"Oort__Cloud",-13.078,-64.563,0,"schmoneymikey",19.916,-48.912,0,"_송글_",8.527,-65.692,0,"TaeGeuk_",36.634,-94.433,0,"ke ro",0.485,-112.402,0,"ByeolBam",-40.77,-96.497,0,0,0,0,0,0,"",0,0,0,0,2741.896,,,,0,0
100,5,0,3,5,1,0,0,0,0,0,255,255,255,45,2756.69,"하루（Haru）",R,34,66,119,4.287,1.471,0.488,2.028,1.6,2.429,-36.489,85.802,3,0,99.243,-89.64,6.333,0.482,-20.582,0,1,8,R,"CVPileMaki",175,94.088,0.399,0,35,W,Y,0,0,0,0,0,0,0,0,0,0,0,0,0,0,0,0,0.316,-36.953,0,"가앤슬_",0.02,-17.359,0,"Floră",-21.194,-49.334,0,"Oort__Cloud",-13.053,-64.503,0,"schmoneymikey",19.633,-48.667,0,"_송글_",8.545,-65.713,0,"TaeGeuk_",36.919,-96.777,0,"ke ro",0.242,-110.825,0,"ByeolBam",-42.868,-97.387,0,0,0,0,0,0,"",0,0,0,0,2761.723,,,,0,6
101,5,0,3,5,0,0,0,1,0,0,18,255,255,46,2784.316,"하루（Haru）",R,3,83,123,-1.707,0.139,0.179,1.863,-0.099,1.683,-36.489,40.665,4,0,-414.629,0,18.533,0,0,1,2,6,R,"Yaksok~",190,83.324,0.453,0,35,W,Y,0,0,0,0,0,0,0,0,0,0,0,0,0,0,0,0,-0.386,-37.064,0,"가앤슬_",0.003,-17.432,0,"Floră",-20.191,-42.989,0,"Oort__Cloud",-12.97,-64.538,0,"schmoneymikey",19.544,-48.291,0,"_송글_",5.925,-64.559,0,"TaeGeuk_",37.563,-98.329,0,"ke ro",1.093,-105.69,0,"ByeolBam",-41.704,-96.841,0,0,0,0,0,0,"",0,0,0,0,2785.523,,,,0,0
102,5,0,3,5,0,1,0,1,0,0,18,255,255,47,2801.079,"하루（Haru）",R,27,83,135,0.279,0.048,0.204,1.814,0.02,1.525,-36.489,42.271,0,0,68.492,-119.796,4.597,0,0,0,2,6,R,"Yaksok~",190,83.324,0.453,0,35,W,Y,0,0,0,0,0,0,0,0,0,0,0,0,0,0,0,0,-1.133,-37.059,0,"가앤슬_",-0.373,-20.614,0,"Floră",-20.325,-44.303,0,"Oort__Cloud",-12.963,-64.54,0,"schmoneymikey",19.664,-48.412,0,"_송글_",5.499,-65.057,0,"TaeGeuk_",37.794,-98.101,0,"ke ro",1.089,-107.143,0,"ByeolBam",-41.275,-96.777,0,0,0,0,0,0,"",0,0,0,0,2802.51,2805.026,,,0,0
103,5,0,3,5,0,2,0,0,1,0,255,18,255,48,2825.687,"하루（Haru）",R,3,65,109,0.252,-0.326,0.387,1.812,0.828,1.407,-36.489,60.764,2,0,-398.192,0,9.021,0,0,1,2,6,R,"Yaksok~",190,83.324,0.453,3,35,W,Y,2826.815,255,192,216,165,0,145,120,-51.384,47.598,0.74,0,0.787,224.25,-307.33,212.153,-0.505,-37.198,0,"가앤슬_",0.103,-17.879,0,"Floră",-19.5,-47.106,0,"Oort__Cloud",-12.928,-64.478,0,"schmoneymikey",18.993,-47.006,0,"_송글_",7.165,-66.075,0,"TaeGeuk_",38.064,-99.245,0,"ke ro",2.015,-113.117,0,"ByeolBam",-42.343,-95.685,0,2826.204,-0.681,-20.988,0,0,"",0,0,0,0,,2834.109,,,128,0
104,5,0,3,5,0,2,0,0,1,0,255,18,255,49,2847.893,"하루（Haru）",R,3,67,111,-0.828,-0.569,0.265,1.731,0.303,1.254,-36.489,48.296,0,0,-375.594,0,10.257,-0.7,-18.693,1,2,6,R,"Yaksok~",190,83.324,0.453,0,35,W,Y,0,0,0,0,0,0,0,0,0,0,0,0,0,0,0,0,-0.168,-37.094,0,"가앤슬_",-0.421,-18.481,0,"Floră",-16.121,-43.058,0,"Oort__Cloud",-13.069,-64.882,0,"schmoneymikey",19.379,-46.404,0,"_송글_",5.866,-62.536,0,"TaeGeuk_",36.991,-106.243,0,"ke ro",-0.198,-110.265,0,"ByeolBam",-40.646,-93.443,0,0,0,0,0,0,"",0,0,0,0,2850.977,2850.962,,,0,0
105,5,0,3,5,0,0,1,0,1,0,255,18,255,50,2881.658,"하루（Haru）",R,1,31,92,0.298,-0.56,0.316,1.746,0.147,1.299,-36.489,39.362,0,0,-5.562,-3.571,2.661,0,0,0,3,1,L,"Pring__",190,92.818,0.485,0,35,W,Y,0,0,0,0,0,0,0,0,0,0,0,0,0,0,0,0,-0.331,-37.145,0,"가앤슬_",0.061,-17.412,0,"Floră",-19.058,-46.383,0,"Oort__Cloud",-9.435,-62.481,0,"schmoneymikey",19.132,-46.623,0,"_송글_",13.398,-59.482,0,"TaeGeuk_",41.131,-100.84,0,"ke ro",3.095,-116.951,0,"ByeolBam",-39.102,-93.937,0,0,0,0,0,0,"",0,0,0,0,2882.723,2884.983,,,0,0
106,5,0,3,5,0,1,1,0,1,0,255,18,255,51,2897.968,"하루（Haru）",R,0,38,98,2.425,-0.235,0.174,1.913,1.051,1.471,-36.489,113.198,4,0,0,0,1.457,0,0,1,3,1,L,"Pring__",190,92.818,0.485,0,35,W,Y,0,0,0,0,0,0,0,0,0,0,0,0,0,0,0,0,0.109,-37.275,0,"가앤슬_",0.243,-17.323,0,"Floră",-19.059,-46.231,0,"Oort__Cloud",-7.012,-62.954,0,"schmoneymikey",18.814,-43.484,0,"_송글_",11.635,-61.591,0,"TaeGeuk_",43.803,-101.12,0,"ke ro",3.118,-116.989,0,"ByeolBam",-39.122,-98.382,0,0,0,0,0,0,"",0,0,0,0,2899.057,,2901.833,,0,0
107,5,0,3,5,0,2,1,0,0,1,255,255,18,52,2922.501,"하루（Haru）",R,26,85,138,1.18,0.114,0.289,1.812,0.412,1.517,-36.489,31.465,2,0,71.14,-185.896,5.491,0,0,1,3,1,L,"Pring__",190,92.818,0.485,3,35,W,Y,2923.372,215,112,92,76,44,145,122,-33.091,-21.201,0.26,0,0.706,-342.875,-418.213,81.65,0.149,-36.615,0,"가앤슬_",0.098,-17.741,0,"Floră",-19,-47.006,85,"Oort__Cloud",-8.917,-65.214,95,"schmoneymikey",17.454,-42.17,97,"_송글_",9.91,-64.46,0,"TaeGeuk_",45.27,-96.89,96,"ke ro",3.048,-115.341,0,"ByeolBam",-38.805,-95.319,0,2922.857,0.919,-20.126,2926.697,6,"TaeGeuk_",29.179,-92.899,1,0,,,,2929.529,460,2
108,5,0,3,6,0,0,1,1,0,0,11,255,255,53,2955.223,"하루（Haru）",R,10,47,96,-1.464,-2.8,0.097,1.892,-0.473,1.835,-36.489,58.13,2,0,0,400,-7.051,-0.259,-21.1,1,4,5,R,"CoalCat",170.4,84.053,0.503,3,35,W,Y,2956.532,226,207,82,68,49,145,30,-49.162,-33.025,0.6,0,0.444,-236.238,-37.121,-305.227,0.094,-36.882,0,"가앤슬_",-0.104,-17.694,0,"Floră",-16.021,-43.629,0,"Oort__Cloud",-12.753,-64.779,68,"schmoneymikey",18.93,-47.41,120,"_송글_",8.733,-65.647,0,"TaeGeuk_",35.1,-101.997,0,"ke ro",-0.004,-106.738,0,"ByeolBam",-39.322,-93.199,0,2955.87,-0.097,-21.299,2960.057,4,"schmoneymikey",12.488,-34.336,1,8,,2962.267,,,200,2
109,5,0,3,6,0,0,2,1,0,0,15,255,255,54,2988.976,"하루（Haru）",R,1,37,97,-1.429,0.03,0.109,1.798,-0.425,1.438,-36.489,17.672,0,0,-0.19,-6.434,-2.127,0,0,0,5,7,R,"아침땅_",160,94.936,0.499,0,35,W,Y,0,0,0,0,0,0,0,0,0,0,0,0,0,0,0,0,-0.137,-37.076,0,"가앤슬_",0.029,-17.551,0,"Floră",-19.695,-46.689,0,"Oort__Cloud",-13.138,-64.71,0,"schmoneymikey",18.32,-46.444,0,"_송글_",8.568,-63.268,0,"TaeGeuk_",37.193,-103.647,0,"ke ro",-1.129,-106.3,0,"ByeolBam",-39.49,-95.63,0,0,0,0,0,0,"",0,0,0,0,2990.03,,,,0,0
110,5,0,3,6,0,1,2,1,0,0,15,255,255,55,3003.721,"하루（Haru）",R,0,29,91,1.687,0.627,0.052,1.915,0.733,1.947,-36.489,111.661,2,0,0,0,-2.557,0,0,1,5,7,R,"아침땅_",160,94.936,0.499,2,35,W,Y,3004.905,125,21,74,45,25,137,73,60.207,-38.989,-1,0,0.259,-230.708,149.438,11.934,-0.461,-37.306,0,"가앤슬_",-0.052,-17.535,0,"Floră",-19.911,-47.481,0,"Oort__Cloud",-12.978,-64.688,0,"schmoneymikey",18.327,-46.427,0,"_송글_",9.003,-64.848,0,"TaeGeuk_",37.48,-104.718,0,"ke ro",-1.156,-108.535,0,"ByeolBam",-39.556,-95.543,0,3009.15,25.476,-54.369,3009.497,4,"schmoneymikey",24.688,-53.231,0,0,,3010.701,,,264,1
111,6,1,3,6,0,0,0,0,0,0,255,255,255,54,3072.361,"encounter v",R,26,95,140,-0.837,-1.132,0.461,1.957,-0.559,0.704,-36.618,34.053,4,0,132.974,-200,-16.305,-0.015,-18.245,1,7,0,L,"하루（Haru）",190,90,0.503,0,35,W,Y,0,0,0,0,0,0,0,0,0,0,0,0,0,0,0,0,0.198,-37.461,0,"Pring__",-0.123,-17.439,0,"Pugeuk",-18.858,-47.791,0,"_앰프_",-10.57,-63.372,0,"mungjungh",24.226,-48.923,0,"CoalCat",11.105,-64.636,0,"Yaksok~",41.478,-86.955,0,"아침땅_",8.602,-114.285,0,"CVPileMaki",-34.767,-99.626,0,0,0,0,0,0,"",0,0,0,0,3074.91,,,,0,0
112,6,1,3,6,0,1,0,0,0,0,255,255,255,55,3085.152,"encounter v",R,32,88,140,-0.334,0.349,0.48,2.243,-0.474,1.632,-36.618,55.592,0,0,250,-200,-38.465,0,0,1,7,0,L,"하루（Haru）",190,90,0.503,0,35,W,Y,0,0,0,0,0,0,0,0,0,0,0,0,0,0,0,0,0.104,-37.494,0,"Pring__",-0.077,-17.246,0,"Pugeuk",-18.897,-47.802,0,"_앰프_",-10.534,-63.259,0,"mungjungh",24.243,-49.057,0,"CoalCat",11.132,-64.326,0,"Yaksok~",40.515,-84.7,0,"아침땅_",8.601,-114.328,0,"CVPileMaki",-35.971,-99.553,0,0,0,0,0,0,"",0,0,0,0,3086.297,,,,0,0
113,6,1,3,6,0,2,0,0,0,0,255,255,255,56,3099.016,"encounter v",R,13,93,126,-2.337,-1.736,0.279,1.811,-0.478,0.881,-36.618,24.53,2,0,-356.295,350.79,-18.734,0,0,1,7,0,L,"하루（Haru）",190,90,0.503,3,35,W,Y,3100.204,255,158,97,80,46,145,52,-64.775,62.544,0.2,0,0.509,-49.697,322.135,133.439,0.107,-37.267,0,"Pring__",-0.117,-17.485,0,"Pugeuk",-18.75,-47.835,0,"_앰프_",-10.56,-63.279,0,"mungjungh",24.116,-48.831,0,"CoalCat",11.114,-64.336,0,"Yaksok~",39.161,-85.289,0,"아침땅_",8.588,-114.522,0,"CVPileMaki",-39.123,-103.315,0,3099.59,-0.666,-20.168,0,0,"",0,0,0,0,,,,,256,3
114,6,1,3,6,0,2,0,0,0,0,255,255,255,57,3116.475,"encounter v",R,26,95,140,2.364,-2.529,0.178,1.691,0.838,-0.637,-36.618,20.717,4,0,156.401,-200,-12.534,0.397,-22.425,1,7,0,L,"하루（Haru）",190,90,0.503,0,35,W,Y,0,0,0,0,0,0,0,0,0,0,0,0,0,0,0,0,0.332,-37.605,0,"Pring__",0.071,-17.519,0,"Pugeuk",-18.95,-47.334,0,"_앰프_",-10.34,-62.853,0,"mungjungh",21.468,-45.784,0,"CoalCat",10.607,-64.507,0,"Yaksok~",37.88,-84.539,0,"아침땅_",8.708,-114.941,0,"CVPileMaki",-33.793,-99.022,0,0,0,0,0,0,"",0,0,0,0,3117.537,,,,0,0
115,6,1,3,6,0,0,1,0,0,0,255,255,255,58,3140.414,"encounter v",R,26,94,140,0.338,-0.524,0.374,1.889,-0.034,1.093,-36.618,29.349,0,0,141.087,-200,-17.383,0,0,0,8,6,R,"TaeGeuk_",176.8,88,0.623,0,35,W,Y,0,0,0,0,0,0,0,0,0,0,0,0,0,0,0,0,0.124,-37.471,0,"Pring__",-0.017,-17.097,0,"Pugeuk",-19.549,-47.027,0,"_앰프_",-12.473,-61.494,0,"mungjungh",25.399,-50.583,0,"CoalCat",10.463,-64.653,0,"Yaksok~",36.96,-87.46,0,"아침땅_",-10.396,-112.623,0,"CVPileMaki",-43.307,-90.686,0,0,0,0,0,0,"",0,0,0,0,3141.164,,,,0,0
116,6,1,3,6,0,1,1,0,0,0,255,255,255,59,3151.17,"encounter v",R,32,89,140,0.809,1.173,0.394,2.173,0.057,2.082,-36.618,47.019,2,0,206.075,-200,-19.309,0,0,0,8,6,R,"TaeGeuk_",176.8,88,0.623,2,35,W,Y,3152.036,78,50,70,47,18,112,110,90,-90,0.44,0,0.283,438.764,403.34,18.397,0.079,-37.277,0,"Pring__",-0.023,-17.154,0,"Pugeuk",-19.633,-47.592,0,"_앰프_",-13.488,-61.81,0,"mungjungh",25.155,-50.694,0,"CoalCat",10.545,-64.731,0,"Yaksok~",35.258,-85.035,0,"아침땅_",-10.26,-111.54,0,"CVPileMaki",-39.99,-90.15,0,3158.204,-63.497,-5.166,0,0,"",0,0,0,0,,,,,256,3
117,6,1,3,6,0,2,1,0,0,0,255,255,255,60,3169.477,"encounter v",R,26,98,140,0.469,-0.538,0.367,1.887,-0.067,1.085,-36.618,34.203,2,0,195.832,-200,-29.048,0,0,1,8,6,R,"TaeGeuk_",176.8,88,0.623,2,35,W,Y,3170.402,144,27,109,66,39,145,86,16.893,29.804,-0.81,0,0.193,-251.58,303.595,-431.635,0.021,-37.24,0,"Pring__",-0.069,-17.329,0,"Pugeuk",-20.454,-47.765,0,"_앰프_",-13.826,-61.629,94,"mungjungh",25.495,-51.166,0,"CoalCat",11.482,-64.673,0,"Yaksok~",35.539,-85.251,0,"아침땅_",-10.323,-110.599,0,"CVPileMaki",-41.467,-90.263,0,0,0,0,3172.35,3,"_앰프_",-22.433,-56.156,0,0,,,,,384,1
118,6,1,3,6,0,0,2,0,0,0,255,255,255,61,3188.555,"encounter v",R,38,3,10,2.095,-2.529,0.394,1.563,0.9,0.71,-36.489,51.396,4,0,-0.233,0.575,0.276,0,0,1,0,7,R,"ke ro",167,80.225,0.386,0,35,W,Y,3190.345,126,108,34,60,55,107,110,-30,-7.311,0.3,0,0.485,-365.171,-381.685,-278.599,0.119,-37.432,0,"Pring__",-0.012,-17.341,0,"Pugeuk",-19.835,-48.092,0,"_앰프_",-15.156,-60.563,0,"mungjungh",24.559,-50.69,0,"CoalCat",10.481,-63.275,97,"Yaksok~",33.441,-85.898,0,"아침땅_",-9.743,-110.577,0,"CVPileMaki",-42.304,-91.453,0,3189.737,0.428,-22.509,3191.83,5,"CoalCat",5.416,-60.79,0,0,,,,,145,2
119,6,0,3,6,0,0,0,0,0,0,255,255,255,56,3257.583,"하루（Haru）",R,26,91,140,-1.664,-0.976,0.017,1.604,-0.849,0.843,-36.489,15.132,1,0,92.615,-173.494,11.543,-0.23,-19.281,0,6,4,R,"mungjungh",190,82,0.395,0,35,W,Y,0,0,0,0,0,0,0,0,0,0,0,0,0,0,0,0,0.163,-37.636,0,"가앤슬_",-0.132,-18.334,0,"Floră",-20.157,-48.525,0,"Oort__Cloud",-13.085,-64.935,0,"schmoneymikey",19.818,-47.836,0,"_송글_",6.96,-66.016,0,"TaeGeuk_",36.882,-86.445,0,"ke ro",-0.42,-106.047,0,"ByeolBam",-42.305,-94.86,0,0,0,0,0,0,"",0,0,0,0,3260.443,,,,0,0
120,6,0,3,6,0,1,0,0,0,0,255,255,255,57,3279.081,"하루（Haru）",R,0,52,108,-0.488,0.285,0.071,1.884,-0.215,1.791,-36.489,81.592,2,0,0,0,-7.294,0,0,1,6,4,R,"mungjungh",190,82,0.395,3,35,W,Y,3280.174,239,123,190,147,55,145,97,-42.569,58.066,0.95,0.095,0.511,-19.169,32.959,-2.449,-0.243,-37.269,0,"가앤슬_",-0.085,-17.681,0,"Floră",-20.524,-48.643,0,"Oort__Cloud",-12.988,-64.805,0,"schmoneymikey",19.48,-48.044,0,"_송글_",6.91,-65.898,0,"TaeGeuk_",37.044,-87.482,0,"ke ro",-0.253,-103.599,0,"ByeolBam",-41.637,-95.233,0,3279.563,-1.891,-21.276,0,0,"",0,0,0,0,,,,,128,3
121,6,0,3,6,0,2,0,0,0,0,255,255,255,58,3295.096,"하루（Haru）",R,10,46,95,-1.778,-0.73,0.033,1.867,-0.775,1.786,-36.489,50.269,4,0,0,400,-9.55,-0.387,-19.108,1,6,4,R,"mungjungh",190,82,0.395,0,35,W,Y,0,0,0,0,0,0,0,0,0,0,0,0,0,0,0,0,0.013,-37.267,0,"가앤슬_",-0.099,-17.968,0,"Floră",-21.335,-45.7,0,"Oort__Cloud",-13.11,-64.776,0,"schmoneymikey",19.598,-48.24,0,"_송글_",5.017,-64.052,0,"TaeGeuk_",33.073,-91.251,0,"ke ro",-0.345,-108.823,0,"ByeolBam",-40.784,-94.588,0,0,0,0,0,0,"",0,0,0,0,3297.657,,,,0,0
122,6,0,3,6,0,0,1,0,0,0,255,255,255,59,3322.065,"하루（Haru）",R,0,40,99,0.311,1.669,0.119,2.06,0.132,2.489,-36.489,90.912,1,0,0,0.733,0.813,0,0,0,7,3,R,"_앰프_",160,80,0.4,0,35,W,Y,0,0,0,0,0,0,0,0,0,0,0,0,0,0,0,0,-0.066,-37.227,0,"가앤슬_",0.059,-17.417,0,"Floră",-18.341,-45.373,0,"Oort__Cloud",-13.077,-64.783,0,"schmoneymikey",19.664,-48.158,0,"_송글_",4.599,-64.919,0,"TaeGeuk_",33.637,-91.378,0,"ke ro",-0.119,-109.123,0,"ByeolBam",-39.875,-90.075,0,0,0,0,0,0,"",0,0,0,0,3323.337,,,,0,0
123,6,0,3,6,1,0,1,0,0,0,255,255,255,60,3336.961,"하루（Haru）",R,27,90,140,-3.201,0.914,0.173,1.741,-0.124,1.218,-36.489,30.014,2,0,42.555,-130.237,8.131,0,0,1,7,3,R,"_앰프_",160,80,0.4,2,35,W,Y,3338.003,255,54,84,69,35,145,76,29.236,31.163,-1,0,0.288,365.353,381.56,-242.55,0.167,-36.89,0,"가앤슬_",-0.061,-17.775,0,"Floră",-18.53,-45.468,0,"Oort__Cloud",-13.021,-64.734,0,"schmoneymikey",19.67,-48.139,0,"_송글_",7.957,-65.605,0,"TaeGeuk_",33.685,-91.974,0,"ke ro",-0.442,-109.871,0,"ByeolBam",-39.881,-90.073,112,3342.003,-37.341,-72.039,3342.257,8,"ByeolBam",-36.425,-70.934,0,0,,,,,130,1
124,6,0,3,6,0,0,2,0,0,0,255,255,255,61,3362.434,"하루（Haru）",R,0,28,82,1.482,0.2,0.404,1.929,0.633,1.757,-36.489,62.42,2,0,0,0,-8.15,0,0,1,8,0,L,"encounter v",190,82.544,0.529,0,35,W,Y,3363.639,158,192,28,145,60,97,97,21.033,7.614,0.79,0,0.37,215.157,97.523,70.693,-0.188,-36.954,0,"가앤슬_",0.091,-17.624,0,"Floră",-18.997,-48.242,0,"Oort__Cloud",-9.281,-65.975,0,"schmoneymikey",19.871,-48.189,0,"_송글_",10.056,-66.007,0,"TaeGeuk_",33.039,-94.086,0,"ke ro",2.579,-113.032,104,"ByeolBam",-41.713,-91.877,0,3367.537,-12.545,-102.674,3367.71,7,"ke ro",-12.193,-100.618,0,0,,,,,273,1
125,7,1,3,6,0,0,0,0,0,0,255,255,255,62,3393.884,"encounter v",R,32,89,140,0.933,0.661,0.405,2.288,0.107,1.784,-36.618,56.095,0,0,213.397,-200,-26.652,0,0,0,1,8,R,"ByeolBam",179.8,90,0.5,0,35,W,Y,0,0,0,0,0,0,0,0,0,0,0,0,0,0,0,0,0.095,-37.37,0,"Pring__",-0.035,-17.049,0,"Pugeuk",-19.374,-48.939,0,"_앰프_",-13.951,-62.298,0,"mungjungh",24.333,-52.779,0,"CoalCat",10.99,-64.778,0,"Yaksok~",34.171,-83.412,0,"아침땅_",-8.408,-116.016,0,"CVPileMaki",-42.448,-93.139,0,0,0,0,0,0,"",0,0,0,0,3394.75,,,,0,0
126,7,1,3,6,0,1,0,0,0,0,255,255,255,63,3405.3,"encounter v",R,26,92,140,-0.996,-2.663,0.242,1.53,-0.648,-0.81,-36.618,24.234,4,0,165.88,-200,-4.362,-0.127,-23.155,1,1,8,R,"ByeolBam",179.8,90,0.5,0,35,W,Y,0,0,0,0,0,0,0,0,0,0,0,0,0,0,0,0,0.155,-37.265,0,"Pring__",-0.094,-17.27,0,"Pugeuk",-19.215,-49.025,0,"_앰프_",-14.583,-61.969,0,"mungjungh",24.277,-52.726,0,"CoalCat",12.047,-63.517,0,"Yaksok~",33.502,-85.463,0,"아침땅_",-10.617,-114.488,0,"CVPileMaki",-41.987,-91.766,0,0,0,0,0,0,"",0,0,0,0,3406.19,,,,0,0
127,7,1,3,6,0,2,0,0,0,0,255,255,255,64,3417.367,"encounter v",R,32,84,136,0.298,0.07,0.343,2.184,-0.18,1.428,-36.618,47.262,2,0,210.388,-200,-22.024,0,0,1,1,8,R,"ByeolBam",179.8,90,0.5,0,35,W,Y,3418.292,226,157,131,83,35,145,88,14.214,-5.628,-1,0,0.166,211.374,-377.977,-74.825,0.077,-37.167,0,"Pring__",-0.037,-17.156,0,"Pugeuk",-19.263,-48.483,0,"_앰프_",-14.584,-62.152,0,"mungjungh",24.902,-52.525,0,"CoalCat",11.445,-63.631,68,"Yaksok~",33.344,-85.806,0,"아침땅_",-10.263,-114.494,0,"CVPileMaki",-42.056,-91.471,0,0,0,0,3420.443,5,"CoalCat",6.969,-66.852,0,0,,,,,272,1
128,7,1,3,6,0,0,1,0,0,0,255,255,255,65,3439.75,"encounter v",R,26,88,140,0.875,0.808,0.406,2.333,0.115,1.923,-36.618,59.94,2,0,195.804,-200,-23.338,0,0,1,2,2,R,"Floră",190,85,0.403,5,35,W,Y,3441.088,110,98,101,37,0,136,96,-67.122,63.762,-0.24,0,0.486,-79.838,35.959,111.691,0.17,-37.335,0,"Pring__",-0.017,-17.074,0,"Pugeuk",-19.298,-48.906,0,"_앰프_",-14.668,-61.825,0,"mungjungh",24.704,-50.837,0,"CoalCat",11.089,-63.326,0,"Yaksok~",32.316,-85.742,0,"아침땅_",-12.078,-113.427,0,"CVPileMaki",-40.963,-92.016,0,3440.443,-0.274,-19.319,0,0,"",0,0,0,0,,,,,256,3
129,7,1,3,6,0,1,1,0,0,0,255,255,255,66,3457.19,"encounter v",R,28,72,124,6.685,2.759,0.382,2.348,2.788,3.24,-36.618,87.998,2,0,73.884,-87.994,-7.044,0,0,0,2,2,R,"Floră",190,85,0.403,0,35,W,Y,3458.225,10,7,14,14,13,4,45,13.899,-20.452,0.91,0,0.19,-463.757,-285.932,-237.26,-0.011,-37.294,120,"Pring__",0.29,-17.589,0,"Pugeuk",-19.725,-48.544,85,"_앰프_",-14.591,-62.444,0,"mungjungh",25.657,-49.882,0,"CoalCat",10.521,-63.913,0,"Yaksok~",36.12,-85.745,0,"아침땅_",-12.076,-114.742,0,"CVPileMaki",-43.401,-93.295,0,3459.124,7.813,-35.008,3461.03,4,"mungjungh",13.753,-47.56,1,0,,,,,321,2
130,7,1,3,6,0,0,1,1,0,0,2,255,255,67,3520.716,"encounter v",R,26,88,140,-0.88,-0.805,0.264,2.021,-0.546,0.913,-36.618,40.279,2,0,114.746,-200,-18.141,0,0,1,3,4,L,"schmoneymikey",190,80,0.345,0,35,W,Y,3521.831,196,124,104,0,0,135,120,-30,-17.102,0.84,0,0.23,-527.974,-188.374,-152.977,0.175,-37.179,0,"Pring__",-0.11,-17.472,0,"Pugeuk",-18.419,-46.446,88,"_앰프_",-9.727,-61.368,95,"mungjungh",25.944,-52.567,0,"CoalCat",11.344,-63.185,0,"Yaksok~",38.613,-86.732,0,"아침땅_",8.047,-115.458,0,"CVPileMaki",-40.033,-90.115,0,3521.244,0.103,-20.507,3523.31,5,"CoalCat",12.59,-60.975,1,0,,3526.206,,,401,2
131,7,1,3,6,0,0,2,1,0,0,4,255,255,68,3545.439,"encounter v",R,26,86,140,0.421,0.951,0.382,2.32,0.003,1.909,-36.618,59.335,0,0,127.845,-200,-28.396,0,0,0,4,5,R,"_송글_",169.7,91.844,0.315,0,35,W,Y,0,0,0,0,0,0,0,0,0,0,0,0,0,0,0,0,0.19,-37.305,0,"Pring__",-0.007,-17.134,0,"Pugeuk",-19.343,-45.623,0,"_앰프_",-13.317,-60.064,0,"mungjungh",24.554,-49.179,0,"CoalCat",10.241,-62.305,0,"Yaksok~",31.952,-87.03,0,"아침땅_",-9.706,-110.477,0,"CVPileMaki",-44.17,-90.967,0,0,0,0,0,0,"",0,0,0,0,3546.337,,,,0,0
132,7,1,3,6,0,1,2,1,0,0,4,255,255,69,3556.267,"encounter v",R,26,87,140,0.523,-0.126,0.377,2.154,-0.019,1.306,-36.618,41.403,2,0,177.528,-200,-26.671,0,0,1,4,5,R,"_송글_",169.7,91.844,0.315,0,35,W,Y,3557.22,131,27,98,56,16,138,128,107.371,-64.538,0.66,0,0.333,-392.043,359.803,-227.623,0.289,-37.348,0,"Pring__",-0.007,-17.204,0,"Pugeuk",-19.622,-45.281,0,"_앰프_",-13.9,-61.357,0,"mungjungh",24.287,-49.497,0,"CoalCat",9.845,-61.991,0,"Yaksok~",30.346,-85.549,0,"아침땅_",-9.073,-110.681,0,"CVPileMaki",-42.88,-92.517,0,0,0,0,0,0,"",0,0,0,0,,,,,256,3
133,7,1,3,6,0,2,2,1,0,0,4,255,255,70,3571.019,"encounter v",R,26,88,140,0.011,-0.678,0.329,2.069,-0.245,0.998,-36.618,37.65,0,0,175.343,-200,-16.281,0,0,0,4,5,R,"_송글_",169.7,91.844,0.315,0,35,W,Y,0,0,0,0,0,0,0,0,0,0,0,0,0,0,0,0,2.156,-36.481,0,"Pring__",-0.143,-17.502,0,"Pugeuk",-20.68,-42.937,0,"_앰프_",-11.73,-60.609,0,"mungjungh",25.305,-50.156,0,"CoalCat",11.381,-64.277,0,"Yaksok~",35.188,-86.742,0,"아침땅_",-10.535,-110.546,0,"CVPileMaki",-42.553,-89.566,0,0,0,0,0,0,"",0,0,0,0,3571.83,,,,0,0
134,7,0,3,6,0,0,0,0,0,0,255,255,255,62,3617.06,"TaeGeuk_",R,0,0,0,0,0,0,0,0,0,0,0,0,0,0,0,0,0,0,0,0,2,R,"Pugeuk",179.8,86.01,0.397,0,67,W,Y,0,0,0,0,0,0,0,0,0,0,0,0,0,0,0,0,0,0,0,"",0,0,0,"",0,0,0,"",0,0,0,"",0,0,0,"",0,0,0,"",0,0,0,"",0,0,0,"",0,0,0,0,0,0,0,0,"",0,0,0,0,3618.244,,,,0,0
135,7,0,3,6,0,0,0,0,0,0,255,255,255,63,3681.505,"TaeGeuk_",R,27,70,122,-0.048,0.442,0.302,1.72,-0.16,1.725,-36.832,45.928,2,0,80.59,-130.371,-0.566,0,0,1,0,2,R,"Pugeuk",179.8,86.01,0.397,3,67,W,Y,3682.575,254,80,129,65,13,145,117,35.243,-24.764,0.19,0,0.925,-115.219,473.519,89.562,-0.058,-36.575,0,"가앤슬_",-0.047,-17.786,0,"Floră",-19.919,-47.887,0,"Oort__Cloud",-12.88,-64.547,70,"schmoneymikey",19.634,-47.561,0,"_송글_",8.375,-64.938,0,"하루（Haru）",39.699,-94.364,0,"ke ro",-0.295,-109.795,102,"ByeolBam",-39.741,-92.688,0,3687.017,29.447,-115.429,3689.83,7,"ke ro",28.221,-125.906,1,0,,3692.566,,,321,2
136,7,0,3,6,0,0,0,0,1,0,255,12,255,64,3717.248,"TaeGeuk_",R,26,90,140,-1.129,-0.152,0.202,1.607,-0.628,1.329,-36.832,37.855,2,0,97.486,-200,12.708,0,0,0,1,8,R,"CVPileMaki",175,94.088,0.399,1,35,W,Y,3718.359,152,56,82,53,28,141,84,112.08,-68.612,1,0,0.209,348.257,243.685,93.99,-0.393,-36.843,0,"가앤슬_",-0.147,-17.791,0,"Floră",-18.823,-46.12,0,"Oort__Cloud",-13.077,-64.669,0,"schmoneymikey",18.259,-45.301,0,"_송글_",8.911,-64.553,0,"하루（Haru）",49.403,-103.652,0,"ke ro",-1.345,-111.317,0,"ByeolBam",-39.083,-94.448,0,0,0,0,0,0,"",0,0,0,0,,3720.596,,,256,3
137,7,0,3,6,0,1,0,0,1,0,255,12,255,65,3734.711,"TaeGeuk_",R,4,77,123,0.117,0.678,0.365,1.718,0.342,1.988,-36.832,65.179,0,0,-192.797,0,2.09,0,0,0,1,8,R,"CVPileMaki",175,94.088,0.399,0,50,W,Y,0,0,0,0,0,0,0,0,0,0,0,0,0,0,0,0,-0.259,-37.061,0,"가앤슬_",0.004,-17.441,0,"Floră",-18.979,-46.785,0,"Oort__Cloud",-13.039,-64.825,0,"schmoneymikey",18.594,-44.616,0,"_송글_",4.165,-62.612,0,"하루（Haru）",36.671,-111.269,0,"ke ro",-1.303,-110.198,0,"ByeolBam",-40.364,-94.484,0,0,0,0,0,0,"",0,0,0,0,3735.87,3737.561,,,0,0
138,7,0,3,6,0,2,0,0,1,0,255,12,255,66,3752.383,"TaeGeuk_",R,10,78,106,1.12,-0.568,0.332,1.762,0.478,1.866,-36.832,77.374,0,0,0,400,-8.767,0,0,1,1,8,R,"CVPileMaki",175,94.088,0.399,0,50,W,Y,0,0,0,0,0,0,0,0,0,0,0,0,0,0,0,0,-0.158,-36.928,0,"가앤슬_",0.074,-17.986,0,"Floră",-19.282,-47.241,0,"Oort__Cloud",-12.871,-64.838,0,"schmoneymikey",19.067,-45.12,0,"_송글_",6.388,-63.281,0,"하루（Haru）",37.492,-110.185,0,"ke ro",-0.322,-109.677,0,"ByeolBam",-40.831,-94.098,0,0,0,0,0,0,"",0,0,0,0,3753.604,3755.935,,,0,0
139,7,0,3,6,0,0,1,0,1,0,255,12,255,67,3772.342,"TaeGeuk_",R,26,92,140,-3.665,-0.74,-0.008,1.498,-1.605,1.002,-36.832,17.572,4,0,5.762,-169.152,17.596,0,0,1,2,6,R,"Yaksok~",190,83.324,0.453,0,35,W,Y,0,0,0,0,0,0,0,0,0,0,0,0,0,0,0,0,-0.458,-36.932,0,"가앤슬_",-0.5,-17.81,0,"Floră",-13.557,-40.589,0,"Oort__Cloud",-14.707,-63.735,0,"schmoneymikey",18.348,-45.468,0,"_송글_",1.96,-62.683,0,"하루（Haru）",40.185,-106.028,0,"ke ro",0.746,-107.433,0,"ByeolBam",-40.829,-94.457,0,0,0,0,0,0,"",0,0,0,0,3773.403,3775.625,,,0,0
140,7,0,3,6,0,1,1,0,1,0,255,12,255,68,3792.633,"TaeGeuk_",R,26,84,136,-0.774,0.136,0.172,1.719,-0.766,1.718,-36.832,39.145,2,0,25.172,-200,13.288,0,0,1,2,6,R,"Yaksok~",190,83.324,0.453,3,35,W,Y,3793.744,255,180,119,36,0,145,125,90,-90,0.32,0,1.013,396.472,238.474,311.37,-0.552,-37.18,0,"가앤슬_",-0.212,-17.768,0,"Floră",-18.553,-46.486,0,"Oort__Cloud",-14.492,-63.769,0,"schmoneymikey",18.693,-45.882,0,"_송글_",3.457,-62.311,0,"하루（Haru）",39.831,-105.156,0,"ke ro",0.384,-107.293,0,"ByeolBam",-40.852,-94.462,0,0,0,0,0,0,"",0,0,0,0,,3797.164,,,256,3
141,7,0,3,6,0,2,1,0,1,0,255,12,255,69,3810.674,"TaeGeuk_",R,12,80,115,-0.021,-1.039,0.33,1.515,-0.019,1.053,-36.832,43.086,2,0,0,77.602,3.413,0,0,1,2,6,R,"Yaksok~",190,83.324,0.453,5,35,W,Y,3811.954,138,162,106,130,0,143,114,19.005,48.521,0.14,0,0.735,264.356,520.386,-115.826,-0.29,-37.149,0,"가앤슬_",-0.041,-17.866,0,"Floră",-19.021,-47.066,0,"Oort__Cloud",-12.91,-64.824,0,"schmoneymikey",18.708,-45.873,0,"_송글_",3.485,-62.619,0,"하루（Haru）",39.206,-104.175,0,"ke ro",-0.755,-107.064,0,"ByeolBam",-42.625,-92.31,0,3816.27,-86.453,-79.805,0,0,"",0,0,0,0,,3817.864,,,256,3
142,7,0,3,6,0,2,1,0,1,0,255,12,255,70,3830.481,"TaeGeuk_",R,12,79,115,-0.145,-1.103,0.313,1.495,-0.073,1.011,-36.832,39.322,1,0,0,75.329,4.814,0,0,0,2,6,R,"Yaksok~",190,83.324,0.453,0,35,W,Y,0,0,0,0,0,0,0,0,0,0,0,0,0,0,0,0,-0.091,-37.639,0,"가앤슬_",0.009,-17.459,0,"Floră",-19.943,-47.845,0,"Oort__Cloud",-13.172,-64.807,0,"schmoneymikey",18.728,-45.904,0,"_송글_",3.593,-63.462,0,"하루（Haru）",38.104,-103.845,0,"ke ro",-0.84,-108.058,0,"ByeolBam",-45.918,-92.81,0,0,0,0,0,0,"",0,0,0,0,3831.63,3833.859,,,0,0
143,7,0,3,6,1,2,1,0,1,0,255,12,255,71,3853.797,"TaeGeuk_",R,34,67,120,6.969,3.766,0.406,1.834,2.87,3.926,-36.832,104.147,1,0,94.408,-60.538,3.361,2.975,-7.43,0,2,6,R,"Yaksok~",190,83.324,0.453,0,35,W,Y,0,0,0,0,0,0,0,0,0,0,0,0,0,0,0,0,-0.214,-37.4,0,"가앤슬_",0.342,-15.74,0,"Floră",-20.274,-48.206,0,"Oort__Cloud",-12.677,-64.549,0,"schmoneymikey",18.902,-43.939,0,"_송글_",3.639,-59.604,0,"하루（Haru）",39.365,-103.248,0,"ke ro",-0.711,-107.234,0,"ByeolBam",-43.456,-92.528,0,0,0,0,0,0,"",0,0,0,0,3857.137,,3859.536,,0,0
144,7,0,3,6,2,2,1,0,0,1,255,255,12,72,3881.117,"TaeGeuk_",R,26,86,140,-0.713,0.714,0.255,1.681,-0.38,1.92,-36.832,37.962,2,0,46.082,-164.383,9.057,0,0,1,2,6,R,"Yaksok~",190,83.324,0.453,5,35,W,Y,3882.105,231,119,93,0,0,130,97,110.849,89.869,-0.01,0,0.524,381.09,252.286,-293.367,-0.028,-36.754,0,"가앤슬_",-0.15,-17.641,0,"Floră",-16.315,-43.958,0,"Oort__Cloud",-13.136,-65.008,0,"schmoneymikey",18.452,-44.164,0,"_송글_",3.962,-64.22,0,"하루（Haru）",41.333,-105.47,0,"ke ro",-0.497,-109.499,0,"ByeolBam",-39.871,-93.231,0,3887.923,43.107,-18.205,0,0,"",0,0,0,0,,,3884.368,,256,3
145,7,0,3,6,2,2,1,0,0,1,255,255,12,73,3898.689,"TaeGeuk_",R,10,87,113,0.085,-1.305,0.345,1.432,0.027,1.294,-36.832,23.814,2,0,0,400,15.703,0,0,1,2,6,R,"Yaksok~",190,83.324,0.453,5,35,W,Y,3900.082,197,136,97,116,21,145,125,113.956,-57.797,0.72,0,0.684,149.199,411.877,276.895,-0.368,-36.82,0,"가앤슬_",-0.026,-17.806,0,"Floră",-18.701,-47.107,0,"Oort__Cloud",-12.734,-64.56,0,"schmoneymikey",14.398,-44.031,0,"_송글_",3.557,-64.18,0,"하루（Haru）",43.698,-101.557,0,"ke ro",-0.179,-108.162,0,"ByeolBam",-40.917,-93.133,0,0,0,0,0,0,"",0,0,0,0,,,3902.977,,256,3
146,7,0,3,6,2,2,1,0,0,1,255,255,12,74,3913.445,"TaeGeuk_",R,3,69,101,-0.077,0.701,0.429,1.714,0.577,2.072,-36.832,66.083,2,0,-307.679,0,2.899,0,0,1,2,6,R,"Yaksok~",190,83.324,0.453,3,35,W,Y,3915.17,185,194,98,114,70,145,118,90,90,0.78,0,0.639,230.815,50.164,445.842,0.057,-37.192,0,"가앤슬_",0.007,-17.627,0,"Floră",-19.732,-47.901,0,"Oort__Cloud",-13.066,-64.845,0,"schmoneymikey",14.076,-44.547,0,"_송글_",7.076,-65.862,0,"하루（Haru）",44.685,-100.494,0,"ke ro",-0.461,-104.623,0,"ByeolBam",-41.061,-92.165,0,0,0,0,0,0,"",0,0,0,0,,,3917.676,,256,3
147,7,0,3,6,2,2,1,0,0,1,255,255,12,75,3934.287,"TaeGeuk_",R,0,96,140,-4.09,-1.238,-0.046,1.347,-1.781,0.836,-36.832,8.755,1,0,0,0,0,0,0,0,2,6,R,"Yaksok~",190,83.324,0.453,0,35,W,Y,0,0,0,0,0,0,0,0,0,0,0,0,0,0,0,0,-0.1,-36.967,0,"가앤슬_",-0.502,-17.892,0,"Floră",-20.528,-47.455,0,"Oort__Cloud",-12.902,-64.553,0,"schmoneymikey",16.961,-42.864,0,"_송글_",4.953,-64.408,0,"하루（Haru）",39.458,-103.488,0,"ke ro",-0.88,-104.639,0,"ByeolBam",-39.513,-91.976,0,0,0,0,0,0,"",0,0,0,0,3935.51,,3936.458,,0,0
148,7,0,3,6,3,2,1,0,0,1,255,255,12,76,3947.972,"TaeGeuk_",R,0,76,127,1.346,0.357,0.46,1.654,0.572,1.83,-36.832,58.402,2,0,0,0,0,0,0,1,2,6,R,"Yaksok~",190,83.324,0.453,3,35,W,Y,3949.461,190,233,113,47,0,145,90,10.179,-42.846,-0.82,0,0.59,-52.06,-114.32,14.778,-0.428,-37.331,0,"가앤슬_",0.119,-17.569,0,"Floră",-20.141,-48.65,0,"Oort__Cloud",-12.856,-64.568,61,"schmoneymikey",16.563,-43.787,0,"_송글_",6.086,-66.873,0,"하루（Haru）",38.546,-105.96,122,"ke ro",-1.032,-104.6,0,"ByeolBam",-41.935,-92.996,0,3950.523,26.407,-47.014,3956.91,6,"하루（Haru）",58.355,-80.793,1,0,,,3951.409,3957.682,448,2
149,7,0,3,7,0,0,1,1,0,0,16,255,255,77,4019.534,"TaeGeuk_",R,26,91,140,-0.535,0.058,0.268,1.547,-0.321,1.486,-36.832,38.768,2,0,61.828,-200,8.92,0,0,1,3,0,L,"Pring__",190,92.818,0.485,5,57,W,Y,4020.388,177,129,124,102,75,145,106,60.38,-74.734,-0.08,0,0.524,392.091,-140.541,415.107,-0.224,-37.081,0,"가앤슬_",-0.09,-17.755,0,"Floră",-18.291,-44.662,0,"Oort__Cloud",-9.329,-66.077,0,"schmoneymikey",19.549,-46.671,0,"_송글_",13.238,-64.427,0,"하루（Haru）",50.407,-103.643,0,"ke ro",12.157,-122.341,0,"ByeolBam",-38.678,-103.085,0,0,0,0,0,0,"",0,0,0,0,,,,,256,3
150,7,0,3,7,0,1,1,1,0,0,16,255,255,78,4034.916,"TaeGeuk_",R,4,67,116,4.706,0.904,0.566,1.622,2.312,2.185,-36.832,86.701,1,0,-171.634,0,2.025,1.731,-16.715,0,3,0,L,"Pring__",190,92.818,0.485,0,57,W,Y,0,0,0,0,0,0,0,0,0,0,0,0,0,0,0,0,0.141,-36.849,0,"가앤슬_",1.041,-16.879,0,"Floră",-19.604,-43.471,0,"Oort__Cloud",-8.062,-65.91,0,"schmoneymikey",18.572,-45.821,0,"_송글_",13.456,-64.084,0,"하루（Haru）",47.755,-102.511,0,"ke ro",12.936,-121.417,0,"ByeolBam",-36.364,-99.822,0,0,0,0,0,0,"",0,0,0,0,4037.523,,,,0,0
151,7,0,3,7,1,1,1,1,0,0,16,255,255,79,4054.161,"TaeGeuk_",R,4,82,129,0.34,-0.157,0.494,1.54,0.276,1.464,-36.832,59.208,2,0,-171.459,2.775,1.976,0,0,1,3,0,L,"Pring__",190,92.818,0.485,3,57,W,Y,4055.033,255,148,92,124,76,145,107,32.736,29.845,0,0,0.659,138.156,-361.109,-207.42,-0.574,-36.586,0,"가앤슬_",0.095,-17.88,0,"Floră",-17.929,-46.108,0,"Oort__Cloud",-7.92,-65.049,0,"schmoneymikey",19.227,-46.682,0,"_송글_",12.091,-64.947,0,"하루（Haru）",46.488,-102.018,0,"ke ro",9.371,-118.74,0,"ByeolBam",-36.435,-99.973,86,4059.563,-38.193,-104.009,4059.724,8,"ByeolBam",-37.019,-100.919,0,0,,,,,258,1
152,7,0,3,7,0,0,2,1,0,0,16,255,255,80,4085.334,"TaeGeuk_",R,5,75,110,1.29,-0.105,0.593,1.498,0.78,1.558,-36.832,71.897,2,0,-122.409,0,-1.334,0,0,1,4,5,R,"CoalCat",170.4,84.053,0.503,0,35,W,Y,4086.456,221,96,64,62,30,139,96,-2.899,8.31,-0.25,0,0.411,-123.51,-30.506,-19.777,0.185,-36.724,0,"가앤슬_",0.125,-17.801,0,"Floră",-14.592,-42.215,0,"Oort__Cloud",-14.034,-63.556,0,"schmoneymikey",19.167,-46.92,0,"_송글_",6.805,-65.613,88,"하루（Haru）",39.281,-99.263,0,"ke ro",-1.688,-104.684,94,"ByeolBam",-40.336,-93.602,0,4086.15,-1.156,-30.349,4089.897,7,"ke ro",-8.186,-87.966,1,0,,4091.809,,,273,2
153,7,0,3,7,0,0,2,1,1,0,15,16,255,81,4112.921,"TaeGeuk_",R,27,87,140,-0.221,-0.032,0.387,1.55,-0.224,1.464,-36.832,51.902,2,0,86.707,-113.937,4.343,0,0,1,5,7,R,"아침땅_",160,94.936,0.499,2,35,W,Y,4113.841,165,57,61,18,0,124,113,-18.532,34.074,0.66,0,0.181,-427.669,199.37,-275.828,-0.031,-36.494,0,"가앤슬_",-0.092,-17.796,0,"Floră",-19.423,-48.124,108,"Oort__Cloud",-13.078,-64.962,0,"schmoneymikey",19.168,-45.436,0,"_송글_",7.408,-65.608,0,"하루（Haru）",40.097,-101.829,0,"ke ro",-1.528,-108.899,0,"ByeolBam",-44.038,-93.889,0,4113.124,-1.5,-21.253,4114.617,2,"Floră",-17.444,-44.648,0,0,4141.497,4119.258,4118.898,,348,2
154,8,1,3,7,0,0,0,0,0,0,255,255,255,71,4247.907,"Pring__",R,32,77,128,-0.026,0.349,0.515,1.49,-0.412,1.738,-36.138,51.62,0,0,250,-99.594,4.917,0,0,1,5,1,R,"가앤슬_",190,83.179,0.2,0,34,W,Y,0,0,0,0,0,0,0,0,0,0,0,0,0,0,0,0,-0.102,-37.608,0,"encounter v",-0.082,-17.321,0,"Pugeuk",-18.553,-47.714,0,"_앰프_",-12.974,-61.09,0,"mungjungh",25.508,-51.351,0,"CoalCat",9.982,-64.811,0,"Yaksok~",31.224,-79.163,0,"아침땅_",-11.674,-110.782,0,"CVPileMaki",-48.269,-103.018,0,0,0,0,0,0,"",0,0,0,0,4248.923,,,,0,0
155,8,1,3,7,0,1,0,0,0,0,255,255,255,72,4287.752,"Pring__",R,32,77,127,-1.247,0.542,0.4,1.526,-0.945,1.853,-36.138,43.562,0,0,250,-103.393,11.286,0,0,0,5,1,R,"가앤슬_",190,83.179,0.2,0,34,W,Y,0,0,0,0,0,0,0,0,0,0,0,0,0,0,0,0,-0.189,-37.677,0,"encounter v",-0.12,-17.316,0,"Pugeuk",-19.154,-48.154,0,"_앰프_",-13.628,-61.385,0,"mungjungh",25.083,-51.817,0,"CoalCat",9.56,-64.673,0,"Yaksok~",34.817,-79.886,0,"아침땅_",-12.921,-113.304,0,"CVPileMaki",-48.161,-100.817,0,0,0,0,0,0,"",0,0,0,0,4288.777,,,,0,0
156,8,1,3,7,0,2,0,0,0,0,255,255,255,73,4303.372,"Pring__",R,3,74,101,2.094,0.492,0.848,1.527,1.848,1.947,-36.138,75.527,2,0,-459.091,0,-2.385,0,0,1,5,1,R,"가앤슬_",190,83.179,0.2,3,34,W,Y,4304.692,255,45,108,64,36,145,92,90,90,-0.75,0,0.442,370.536,326.617,338.859,-0.374,-36.928,0,"encounter v",-0.038,-17.436,0,"Pugeuk",-19.131,-48.25,0,"_앰프_",-13.924,-61.403,0,"mungjungh",25.056,-51.875,0,"CoalCat",9.55,-64.593,0,"Yaksok~",34.777,-79.667,0,"아침땅_",-11.568,-113.258,0,"CVPileMaki",-51.068,-102.999,0,0,0,0,0,0,"",0,0,0,0,,,,,8,3
157,8,1,3,7,0,2,0,0,0,0,255,255,255,74,4320.749,"Pring__",R,3,67,109,4.863,0.072,0.719,1.432,2.908,1.674,-36.138,83.967,1,0,-429.154,0,8.015,0,0,0,5,1,R,"가앤슬_",190,83.179,0.2,0,34,W,Y,0,0,0,0,0,0,0,0,0,0,0,0,0,0,0,0,0.025,-37.54,0,"encounter v",0.807,-17.383,0,"Pugeuk",-19.549,-49.433,0,"_앰프_",-15.003,-61.603,0,"mungjungh",24.74,-50.782,0,"CoalCat",10.797,-64.66,0,"Yaksok~",36.729,-82.109,0,"아침땅_",-8.806,-115.381,0,"CVPileMaki",-45.167,-95.47,0,0,0,0,0,0,"",0,0,0,0,4321.79,,,,0,0
158,8,1,3,7,1,2,0,0,0,0,255,255,255,75,4335.838,"Pring__",R,32,68,121,1.293,1.756,0.534,1.535,0.325,2.059,-36.138,61.45,2,0,182.948,-64.361,1.663,0,0,1,5,1,R,"가앤슬_",190,83.179,0.2,3,34,W,Y,4337.067,255,124,106,92,44,145,89,90,90,-0.86,0,0.565,439.14,-34.764,389.895,-0.069,-36.701,0,"encounter v",-0.048,-17.521,0,"Pugeuk",-19.247,-48.365,0,"_앰프_",-14.87,-61.7,0,"mungjungh",24.779,-50.79,0,"CoalCat",10.865,-64.53,0,"Yaksok~",36.8,-83.188,0,"아침땅_",-8.799,-115.323,0,"CVPileMaki",-44.183,-94.778,0,0,0,0,0,0,"",0,0,0,0,,,,,8,3
159,8,1,3,7,1,2,0,0,0,0,255,255,255,76,4352.816,"Pring__",R,4,72,106,0.793,0.162,0.676,1.48,0.684,1.734,-36.138,62.713,2,0,-183.134,0,0.159,0,0,1,5,1,R,"가앤슬_",190,83.179,0.2,3,34,W,Y,4354.095,255,67,154,96,40,145,125,36.026,-18.16,0.52,0,0.58,422.952,159.216,340.282,-0.078,-36.829,0,"encounter v",-0.032,-17.413,0,"Pugeuk",-18.01,-47.805,0,"_앰프_",-15.21,-61.556,78,"mungjungh",23.359,-48.648,0,"CoalCat",11.007,-63.037,0,"Yaksok~",37.131,-82.529,0,"아침땅_",-8.516,-116.295,95,"CVPileMaki",-40.668,-91.709,0,4359.804,29.781,-129.772,4361.377,7,"아침땅_",26.021,-125.834,1,0,,4364.684,,,168,2
160,8,1,3,7,0,0,0,0,1,0,255,1,255,77,4388.259,"Pring__",R,32,79,129,-1.128,0.909,0.418,1.534,-0.861,1.921,-36.138,37.413,2,0,241.705,-142.753,15.019,0,0,0,6,3,R,"Oort__Cloud",160,90.268,0.399,2,34,W,Y,4389.519,217,73,63,48,16,137,73,52.855,4.568,-1,0,0.268,-52.708,356.05,-15.319,0.02,-32.321,0,"encounter v",-0.16,-17.504,0,"Pugeuk",-18.202,-48.247,0,"_앰프_",-13.05,-57.597,85,"mungjungh",17.592,-41.712,0,"CoalCat",9.12,-63.399,0,"Yaksok~",38.499,-87.027,0,"아침땅_",-11.024,-109.823,0,"CVPileMaki",-41.047,-91.823,0,4393.804,-7.383,-62.112,4393.923,3,"_앰프_",-6.995,-60.61,0,0,,4392.079,,,136,1
161,8,1,3,7,0,0,1,0,1,0,255,1,255,78,4415.636,"Pring__",R,32,78,129,-0.964,-0.1,0.43,1.404,-0.805,1.458,-36.138,36.345,0,0,250,-101.737,8.28,0,0,0,7,6,R,"하루（Haru）",190,90,0.503,0,34,W,Y,0,0,0,0,0,0,0,0,0,0,0,0,0,0,0,0,-0.101,-37.659,0,"encounter v",-0.081,-17.356,0,"Pugeuk",-19.746,-47.181,0,"_앰프_",-12.416,-58.986,0,"mungjungh",19.355,-40.44,0,"CoalCat",9.45,-63.3,0,"Yaksok~",34.841,-88.773,0,"아침땅_",-12.949,-113.845,0,"CVPileMaki",-41.507,-89.972,0,0,0,0,0,0,"",0,0,0,0,4416.537,4415.895,,,0,0
162,8,1,3,7,0,1,1,0,1,0,255,1,255,79,4433.964,"Pring__",R,32,61,115,1.153,1.261,0.656,1.65,0.242,2.253,-36.138,73.825,2,0,153.642,-88.491,-0.617,0,0,1,7,6,R,"하루（Haru）",190,90,0.503,3,34,W,Y,4435.208,179,128,113,82,35,145,90,13.306,-24.573,-0.81,0,0.37,429.198,-192.174,-366.443,0.274,-37.204,0,"encounter v",-0.053,-17.452,0,"Pugeuk",-19.319,-47.344,0,"_앰프_",-13.663,-59.479,0,"mungjungh",19.75,-43.808,0,"CoalCat",9.557,-63.503,0,"Yaksok~",36.368,-85.458,121,"아침땅_",-13.412,-113.719,0,"CVPileMaki",-39.705,-92.668,0,4437.43,26.035,-72.359,4438.257,6,"Yaksok~",28.32,-75.824,1,0,,4441.945,,,140,2
163,8,1,3,7,0,0,1,1,1,0,6,1,255,80,4462.249,"Pring__",R,32,70,122,2.688,0.444,0.581,1.471,0.75,1.805,-36.138,61.54,2,0,250,-71.836,-5.944,0,0,1,8,0,R,"TaeGeuk_",176.8,88,0.623,2,34,W,Y,4463.154,192,114,116,104,73,145,82,90,90,-1,0,0.207,-22.572,-61.683,10.686,-0.029,-37.244,0,"encounter v",-0.084,-17.604,0,"Pugeuk",-17.617,-47.238,0,"_앰프_",-13.895,-58.987,0,"mungjungh",18.428,-42.69,0,"CoalCat",11.522,-61.568,0,"Yaksok~",33.689,-86.074,0,"아침땅_",-11.415,-108.858,0,"CVPileMaki",-40.998,-90.987,0,0,0,0,0,0,"",0,0,0,0,,4466.29,,,8,3
164,8,1,3,7,0,1,1,1,1,0,6,1,255,81,4481.287,"Pring__",R,32,66,119,-1.205,0.468,0.396,1.498,-0.967,1.769,-36.138,43.182,2,0,250,-101.536,9.456,0,0,1,8,0,R,"TaeGeuk_",176.8,88,0.623,2,34,W,Y,4482.247,206,80,119,76,52,145,91,52.744,0.637,-0.53,0,0.176,-153.104,308.438,-21.654,0.155,-37.157,0,"encounter v",-0.195,-17.535,0,"Pugeuk",-17.761,-49.177,0,"_앰프_",-13.241,-59.86,90,"mungjungh",19.607,-42.449,0,"CoalCat",11.591,-62.212,0,"Yaksok~",32.076,-86.226,0,"아침땅_",-9.29,-111.669,0,"CVPileMaki",-43.668,-90.762,0,4487.124,-5.6,-78.261,4487.324,3,"_앰프_",-5.301,-76.567,0,0,,4484.64,,,136,1
165,8,1,3,7,0,0,2,1,1,0,6,1,255,82,4507.286,"Pring__",R,3,70,98,-2.106,-0.131,0.605,1.428,0.005,1.564,-36.138,56.217,1,0,-445.455,0,7.328,0,0,0,0,7,R,"ke ro",167,80.225,0.386,0,34,W,Y,0,0,0,0,0,0,0,0,0,0,0,0,0,0,0,0,-0.05,-37.374,0,"encounter v",-0.32,-17.838,0,"Pugeuk",-19.806,-46.254,0,"_앰프_",-14.087,-61.368,0,"mungjungh",19.266,-41.859,0,"CoalCat",9.973,-62.779,0,"Yaksok~",32.868,-84.365,0,"아침땅_",-9.205,-109.701,0,"CVPileMaki",-41.142,-87.869,0,0,0,0,0,0,"",0,0,0,0,4508.177,4511.262,,,0,0
166,8,1,3,7,1,0,2,1,1,0,6,1,255,83,4522.35,"Pring__",R,4,59,95,11.318,0.013,0.807,1.443,5.219,1.428,-36.138,99.199,1,0,-197.903,0,-1.154,2.306,-14.354,0,0,7,R,"ke ro",167,80.225,0.386,0,34,W,Y,0,0,0,0,0,0,0,0,0,0,0,0,0,0,0,0,0.426,-35.553,0,"encounter v",1.115,-15.844,0,"Pugeuk",-18.914,-45.799,0,"_앰프_",-14.771,-60.753,0,"mungjungh",19.104,-42.088,0,"CoalCat",10.649,-62.243,0,"Yaksok~",31.556,-84.424,0,"아침땅_",-9.198,-109.668,0,"CVPileMaki",-36.831,-85.816,0,0,0,0,0,0,"",0,0,0,32,4526.523,4530.682,4529.449,,0,0
167,8,0,3,7,0,0,0,0,0,0,255,255,255,82,4578.455,"TaeGeuk_",R,32,89,140,0.054,0.014,0.378,1.047,-0.257,1.806,-36.832,15.848,2,0,201.528,172.907,19.185,0,0,1,6,4,R,"mungjungh",190,82,0.395,5,34,W,Y,4579.717,128,159,156,139,70,139,121,-23.468,-14.569,0.76,0,0.29,-363.031,-143.907,-48.734,0.272,-37.597,0,"가앤슬_",-0.046,-18.143,0,"Floră",-21.115,-49.122,87,"Oort__Cloud",-12.783,-64.425,0,"schmoneymikey",19.538,-46.931,0,"_송글_",10.107,-64.443,101,"하루（Haru）",42.987,-100.839,0,"ke ro",1.394,-112.999,0,"ByeolBam",-40.391,-92.594,0,4579.083,0.576,-22.988,4580.857,5,"_송글_",10.077,-59.315,0,0,,,,,276,2
168,8,0,3,7,0,0,1,0,0,0,255,255,255,83,4601.04,"TaeGeuk_",R,32,82,133,-0.495,0.83,0.325,1.125,-0.506,2.134,-36.832,6.333,2,0,213.045,67.926,22.85,0,0,1,7,3,R,"_앰프_",160,80,0.4,2,34,W,Y,4602.138,255,74,63,77,28,139,73,44.133,23.817,-1,0,0.293,-127.18,-71.991,-2.726,0.185,-37.494,0,"가앤슬_",-0.071,-17.892,0,"Floră",-18.953,-46.536,0,"Oort__Cloud",-13.002,-64.86,95,"schmoneymikey",19.606,-46.96,0,"_송글_",10.131,-64.686,0,"하루（Haru）",44.549,-102.073,0,"ke ro",0.255,-108.467,0,"ByeolBam",-39.954,-91.551,0,4606.137,-20.031,-67.504,4606.337,3,"Oort__Cloud",-19.399,-65.934,0,0,,,,,320,1
169,8,0,3,7,0,0,2,0,0,0,255,255,255,84,4623.546,"TaeGeuk_",R,3,87,111,-4.965,0.229,0.295,1.093,-0.428,1.854,-36.832,7.918,4,0,-447.487,0,20.209,-0.743,-20.373,1,8,1,L,"encounter v",190,82.544,0.529,0,34,W,Y,0,0,0,0,0,0,0,0,0,0,0,0,0,0,0,0,-0.271,-38.196,0,"가앤슬_",-0.029,-17.628,0,"Floră",-19.554,-47.19,0,"Oort__Cloud",-9.544,-66.061,0,"schmoneymikey",19.533,-46.939,0,"_송글_",9.428,-65.187,0,"하루（Haru）",43.613,-101.761,0,"ke ro",4.349,-115.763,0,"ByeolBam",-39.09,-92.407,0,0,0,0,0,0,"",0,0,0,256,4626.697,,,,0,0
170,8,0,3,7,0,1,2,0,0,0,255,255,255,85,4639.502,"TaeGeuk_",R,0,88,140,-2.404,1.535,0.207,1.291,-1.054,2.597,-36.832,9.479,4,0,0,0,0,0,0,1,8,1,L,"encounter v",190,82.544,0.529,0,34,W,Y,0,0,0,0,0,0,0,0,0,0,0,0,0,0,0,0,-0.32,-37.761,0,"가앤슬_",-0.246,-17.215,0,"Floră",-19.904,-47.642,0,"Oort__Cloud",-9.542,-66.046,0,"schmoneymikey",19.523,-46.928,0,"_송글_",9.434,-65.178,0,"하루（Haru）",49.77,-104.945,0,"ke ro",3.629,-116.177,0,"ByeolBam",-41.448,-94.96,0,0,0,0,0,0,"",0,0,0,0,4642.91,,,,0,0
171,8,0,3,7,0,2,2,0,0,0,255,255,255,86,4653.61,"TaeGeuk_",R,2,86,126,-0.444,-0.333,0.516,0.834,0.382,1.118,-36.832,28.079,2,0,-380.697,-324.145,12.656,0,0,1,8,1,L,"encounter v",190,82.544,0.529,5,34,W,Y,4654.698,255,255,154,86,32,145,98,57.688,17.745,-0.45,0,0.667,46.923,-307.8,-444.506,0.549,-37.068,0,"가앤슬_",0.06,-18.276,0,"Floră",-19.65,-47.601,0,"Oort__Cloud",-9.502,-66.081,0,"schmoneymikey",19.512,-46.897,0,"_송글_",11.339,-64.048,0,"하루（Haru）",49.038,-105.377,0,"ke ro",2.968,-115.907,0,"ByeolBam",-41.574,-94.934,0,4660.324,-8.847,-77.6,4660.537,3,"Oort__Cloud",-8.682,-76.435,0,0,,,,,65,1
172,9,1,3,7,0,0,0,0,0,0,255,255,255,84,4689.372,"mungjungh",R,32,78,128,-0.27,0.705,0.697,1.651,-0.451,1.79,-36.438,57.813,0,0,208.974,-183.277,0,0,0,1,0,7,R,"ke ro",167,80.225,0.386,0,34,W,Y,0,0,0,0,0,0,0,0,0,0,0,0,0,0,0,0,0.137,-37.001,0,"encounter v",-0.166,-17.355,0,"Pugeuk",-19.143,-49.08,0,"_앰프_",-12.879,-60.946,0,"Pring__",22.31,-50.098,0,"CoalCat",12.317,-63.156,0,"Yaksok~",36.607,-87.181,0,"아침땅_",-7.348,-109.607,0,"CVPileMaki",-38.109,-87.84,0,0,0,0,0,0,"",0,0,0,0,4690.07,,,,0,0
173,9,1,3,7,0,1,0,0,0,0,255,255,255,85,4700.539,"mungjungh",R,13,72,111,-1.554,0.306,0.798,1.718,0.052,2.171,-36.438,59.6,2,0,-418.553,273.521,0,0,0,1,0,7,R,"ke ro",167,80.225,0.386,0,34,W,Y,4701.573,194,83,56,53,43,137,84,26.645,17.421,0.98,0,0.446,312.533,251.892,151.997,0.354,-36.72,0,"encounter v",-0.139,-17.436,0,"Pugeuk",-18.89,-49.059,0,"_앰프_",-12.869,-60.997,0,"Pring__",22.359,-50.123,0,"CoalCat",12.298,-63.066,0,"Yaksok~",35.536,-86.375,0,"아침땅_",-7.661,-111.549,0,"CVPileMaki",-38.26,-90.474,113,4705.617,-25.623,-87.001,4706.003,8,"CVPileMaki",-24.639,-84.71,0,0,,,,,66,1
174,9,1,3,7,0,0,1,0,0,0,255,255,255,86,4724.186,"mungjungh",R,32,81,132,2.318,1.025,0.756,1.638,0.718,2.103,-36.438,70.046,1,0,180.412,-115.716,0,0,0,0,1,8,R,"ByeolBam",179.8,90,0.5,0,34,W,Y,0,0,0,0,0,0,0,0,0,0,0,0,0,0,0,0,-0.021,-37.054,0,"encounter v",-0.115,-17.382,0,"Pugeuk",-18.135,-47.746,0,"_앰프_",-14.024,-61.083,0,"Pring__",22.425,-49.084,0,"CoalCat",9.928,-63.982,0,"Yaksok~",34.482,-84.835,0,"아침땅_",-10.062,-114.283,0,"CVPileMaki",-39.656,-93.652,0,0,0,0,0,0,"",0,0,0,0,4724.937,,,,0,0
175,9,1,3,7,1,0,1,0,0,0,255,255,255,87,4736.097,"mungjungh",R,32,74,125,4.688,1.32,0.846,1.652,1.517,2.244,-36.438,73.635,3,0,250,-200,31.368,-0.849,-20.713,0,1,8,R,"ByeolBam",179.8,90,0.5,0,34,W,Y,0,0,0,0,0,0,0,0,0,0,0,0,0,0,0,0,0.23,-37.211,0,"encounter v",-0.341,-17.679,0,"Pugeuk",-18.617,-47.825,0,"_앰프_",-14.002,-61.038,0,"Pring__",22.427,-49.093,0,"CoalCat",9.952,-63.723,0,"Yaksok~",33.004,-84.637,0,"아침땅_",-10.025,-113.889,0,"CVPileMaki",-39.857,-93.983,0,0,0,0,0,0,"",0,0,0,0,4739.204,,,,0,6
176,9,1,3,7,3,0,1,0,0,0,255,255,255,88,4769.831,"mungjungh",R,32,76,127,0.058,0.034,0.717,1.587,-0.388,1.438,-36.488,45.029,0,0,250,-179.108,19.642,0,0,0,1,8,R,"ByeolBam",179.8,90,0.5,0,34,W,Y,0,0,0,0,0,0,0,0,0,0,0,0,0,0,0,0,0.15,-37.103,0,"encounter v",-0.125,-17.278,0,"Pugeuk",-19.655,-46.43,0,"_앰프_",-14.021,-61.639,0,"Pring__",22.568,-49.615,0,"CoalCat",9.91,-63.733,0,"Yaksok~",31.502,-85.543,0,"아침땅_",-10.642,-113.83,0,"CVPileMaki",-39.188,-90.838,0,0,0,0,0,0,"",0,0,0,0,4770.55,,,,0,0
177,9,1,3,7,3,1,1,0,0,0,255,255,255,89,4782.908,"mungjungh",R,32,83,134,0.071,0.076,0.723,1.592,-0.358,1.455,-36.488,40.086,2,0,250,-200,15.431,0,0,1,1,8,R,"ByeolBam",179.8,90,0.5,5,34,W,Y,4783.899,91,120,70,51,20,126,89,97.005,30.499,0.92,0,0.076,101.437,164.063,-364.575,0.503,-36.933,0,"encounter v",-0.14,-17.39,0,"Pugeuk",-19.387,-46.398,0,"_앰프_",-14.222,-60.961,0,"Pring__",22.678,-49.768,0,"CoalCat",9.876,-63.685,0,"Yaksok~",33.514,-87.449,0,"아침땅_",-11.436,-113.702,0,"CVPileMaki",-39.433,-91.439,0,0,0,0,4789.764,1,"encounter v",11.106,-7.525,0,0,4789.764,,,,320,2
178,9,1,3,7,3,2,1,0,0,0,255,255,255,90,4804.963,"mungjungh",R,32,92,140,-0.886,-0.514,0.64,1.493,-0.743,1.116,-36.488,35.073,0,0,246.385,-200,22.562,0,0,1,1,8,R,"ByeolBam",179.8,90,0.5,0,34,W,Y,0,0,0,0,0,0,0,0,0,0,0,0,0,0,0,0,0.053,-37.386,0,"encounter v",-0.182,-17.463,0,"Pugeuk",-20.315,-45.73,0,"_앰프_",-15.175,-61.27,0,"Pring__",22.545,-49.719,0,"CoalCat",10.085,-64.542,0,"Yaksok~",33.777,-85.78,0,"아침땅_",-13.095,-112.502,0,"CVPileMaki",-43.802,-96.667,0,0,0,0,0,0,"",0,0,0,0,4805.657,,,,0,0
179,9,1,3,7,0,0,2,0,0,0,255,255,255,91,4823.652,"mungjungh",R,3,87,111,-2.952,-0.59,0.589,1.582,-0.653,1.507,-36.488,19.847,4,0,-435.759,245.181,69.799,0,0,1,2,2,R,"Floră",190,85,0.403,0,34,W,Y,0,0,0,0,0,0,0,0,0,0,0,0,0,0,0,0,0.153,-37.477,0,"encounter v",-0.14,-17.397,0,"Pugeuk",-19.959,-46.017,0,"_앰프_",-15.575,-61.185,0,"Pring__",22.676,-49.838,0,"CoalCat",9.015,-64.739,0,"Yaksok~",31.179,-84.671,0,"아침땅_",-11.972,-113.095,0,"CVPileMaki",-40.934,-89.242,0,0,0,0,0,0,"",0,0,0,0,4824.657,,,,0,0
180,9,1,3,7,0,1,2,0,0,0,255,255,255,92,4842.353,"mungjungh",R,13,90,112,-2.37,-0.24,0.667,1.76,-0.412,1.892,-36.488,50.95,2,0,-362.231,344.657,24.384,0,0,1,2,2,R,"Floră",190,85,0.403,0,34,W,Y,4843.489,83,138,112,101,48,130,83,-4.76,49.883,1,0,0.402,-345.334,181.959,238.962,0.16,-36.727,0,"encounter v",-0.217,-17.445,0,"Pugeuk",-19.198,-46.381,0,"_앰프_",-15.493,-61.133,0,"Pring__",22.464,-49.621,0,"CoalCat",9.547,-64.299,0,"Yaksok~",31.94,-87.061,0,"아침땅_",-11.71,-113.178,0,"CVPileMaki",-40.474,-89.513,0,4843.164,-6.796,-25.326,0,0,"",0,0,0,0,,,,,64,3
181,9,1,3,7,1,2,2,0,0,0,255,255,255,93,4876.323,"mungjungh",R,32,91,126,-0.017,0.076,0.624,1.593,-0.403,1.468,-36.488,65.975,2,0,250,-200,-3.138,0,0,1,2,2,R,"Floră",190,85,0.403,5,89,W,Y,4877.708,124,126,104,95,0,138,83,52.682,11.038,-0.99,0,0.487,-312.622,-129.488,109.309,-0.002,-36.974,0,"encounter v",-0.209,-17.458,0,"Pugeuk",-19.776,-46.757,0,"_앰프_",-16.463,-61.519,0,"Pring__",22.595,-49.403,0,"CoalCat",8.876,-62.905,0,"Yaksok~",37.098,-87.589,0,"아침땅_",-13.755,-115.193,0,"CVPileMaki",-44.554,-88.97,0,4882.124,-8.685,-71.566,4882.324,3,"_앰프_",-8.471,-69.883,0,0,,,,,384,1
