id,inn,half,scoreA,scoreB,ball,strk,out,b1,b2,b3,b1Idx,b2Idx,b3Idx,pCnt,pSec,pName,pHand,pType,pPow,spdK,zoneX,zoneY,startX,startY,targetX,targetY,zDist,pitchAngle,call,balk,sH,sV,gyro,plx,plz,bSwing,bIdx,bPos,bZone,bName,bHCm,batLen,batCen,batType,bFps,bOS,bVR,hSec,rotS,rotL,shS,lgS,prepS,batSpd,ev,ldeg,sdeg,hPos,buntGrip,handDist,angVeloX,angVeloY,angVeloZ,PPosX,PPosY,PThrSpd,CName,CPosX,CPosY,CThrSpd,1BName,1BPosX,1BPosY,1BThrSpd,2BName,2BPosX,2BPosY,2BThrSpd,3BName,3BPosX,3BPosY,3BThrSpd,SSName,SSPosX,SSPosY,SSThrSpd,LFName,LFPosX,LFPosY,LFThrSpd,CFName,CFPosX,CFPosY,CFThrSpd,RFName,RFPosX,RFPosY,RFThrSpd,ltSec,lx,lz,cSec,cPos,cPlr,cx,cz,1BSafe,tag,cpSec,sb2Sec,sb3Sec,sbhSec,ass,result
1,1,1,0,0,0,0,0,0,0,0,255,255,255,0,241.544,"Pugeuk",R,27,91,140,-1.327,-0.062,0.099,1.497,-0.47,1.464,-36.592,15.061,0,0,-97.129,-114.533,11.259,0,0,0,0,3,L,"Fresh825",172.8,80,0.2,0,78,W,Y,0,0,0,0,0,0,0,0,0,0,0,0,0,0,0,0,0.203,-37.377,0,"ʚEveɞ",-0.015,-18.016,0,"SUGUN",-18.692,-44.006,0,"mochi_2929",-13.261,-59.772,0,"schmoneymikey",20.03,-47.298,0,"_Chun",9.703,-61.559,0,"소솨소솨",49.175,-90.808,0,"うよすま",4.762,-109.66,0,"Rite_",-43.098,-89.654,0,0,0,0,0,0,"",0,0,0,0,243.14,,,,0,0
2,1,1,0,0,0,1,0,0,0,0,255,255,255,1,256.021,"Pugeuk",R,10,75,104,-0.187,-0.376,0.133,1.699,-0.207,2.007,-36.592,17.037,0,0,62.462,400,0,0,0,0,0,3,L,"Fresh825",172.8,80,0.2,0,78,W,Y,0,0,0,0,0,0,0,0,0,0,0,0,0,0,0,0,0.147,-37.637,0,"ʚEveɞ",0.029,-18.055,0,"SUGUN",-18.905,-44.57,0,"mochi_2929",-13.376,-60.048,0,"schmoneymikey",19.625,-47.859,0,"_Chun",9.893,-61.059,0,"소솨소솨",45.319,-93.368,0,"うよすま",2.184,-109.538,0,"Rite_",-42.902,-90.166,0,0,0,0,0,0,"",0,0,0,0,257.673,,,,0,0
3,1,1,0,0,0,2,0,0,0,0,255,255,255,2,270.396,"Pugeuk",R,14,76,102,2.084,-0.597,0.274,1.619,0.23,1.818,-36.592,13.744,2,0,334.556,346.16,0,0,0,1,0,3,L,"Fresh825",172.8,80,0.2,3,78,W,Y,271.577,211,122,89,97,73,145,126,-10.894,-13.753,0.63,0,0.143,-302.067,-493.579,105.836,0.308,-37.445,0,"ʚEveɞ",0.058,-18.031,0,"SUGUN",-18.8,-44.462,82,"mochi_2929",-13.405,-60.048,0,"schmoneymikey",19.602,-47.496,0,"_Chun",10.278,-59.8,95,"소솨소솨",45.472,-93.261,0,"うよすま",3.24,-109.615,0,"Rite_",-43.039,-90.076,0,271.795,1.195,-23.368,273.384,5,"_Chun",7.68,-57.41,0,0,,,,,268,2
4,1,1,0,0,0,0,1,0,0,0,255,255,255,3,296.931,"Pugeuk",R,28,87,140,-0.35,0.104,0.178,1.534,-0.102,1.6,-36.592,10.799,0,0,-46.83,-81.214,9.881,0,0,0,1,6,R,"가앤슬_",183,83.179,0.2,0,80,W,Y,0,0,0,0,0,0,0,0,0,0,0,0,0,0,0,0,0.113,-37.269,0,"ʚEveɞ",-0.037,-18.037,0,"SUGUN",-18.408,-43.772,0,"mochi_2929",-15.192,-62.13,0,"schmoneymikey",20.032,-47.575,0,"_Chun",11.643,-60.772,0,"소솨소솨",42.506,-93.647,0,"うよすま",0.192,-116.071,0,"Rite_",-42.32,-88.306,0,0,0,0,0,0,"",0,0,0,0,298.54,,,,0,0
5,1,1,0,0,0,1,1,0,0,0,255,255,255,4,309.454,"Pugeuk",R,3,53,99,2.333,-0.029,0.649,1.536,1.775,1.616,-36.592,63.118,1,0,-415.527,0,68.934,0,0,0,1,6,R,"가앤슬_",183,83.179,0.2,0,80,W,Y,0,0,0,0,0,0,0,0,0,0,0,0,0,0,0,0,-0.309,-37.821,0,"ʚEveɞ",0.025,-18.014,0,"SUGUN",-18.491,-43.871,0,"mochi_2929",-14.474,-62.35,0,"schmoneymikey",20.056,-47.547,0,"_Chun",10.698,-58.957,0,"소솨소솨",35.809,-97.746,0,"うよすま",-0.742,-115.868,0,"Rite_",-41.725,-87.606,0,0,0,0,0,0,"",0,0,0,0,311.251,,,,0,0
6,1,1,0,0,1,1,1,0,0,0,255,255,255,5,322.652,"Pugeuk",R,26,86,139,-1.669,-0.734,0.08,1.363,-0.559,1.025,-36.592,16.758,1,0,-125.438,-158.293,22.607,0,0,0,1,6,R,"가앤슬_",183,83.179,0.2,0,80,W,Y,0,0,0,0,0,0,0,0,0,0,0,0,0,0,0,0,-0.249,-37.755,0,"ʚEveɞ",-0.106,-18.072,0,"SUGUN",-18.537,-43.903,0,"mochi_2929",-13.794,-62.608,0,"schmoneymikey",20.144,-47.42,0,"_Chun",10.712,-60.546,0,"소솨소솨",39.535,-95.816,0,"うよすま",0.52,-114.814,0,"Rite_",-42.512,-88.765,0,0,0,0,0,0,"",0,0,0,0,324.251,,,,0,0
7,1,1,0,0,2,1,1,0,0,0,255,255,255,6,335.899,"Pugeuk",R,26,84,136,2.015,0.785,0.389,1.633,0.878,1.934,-36.592,28.229,2,0,-8.586,-161.384,6.73,0,0,1,1,6,R,"가앤슬_",183,83.179,0.2,3,80,W,Y,336.976,121,24,84,56,25,137,88,109.031,-62.999,-0.56,0,0.257,-227.593,457.484,-278.375,0.522,-37.41,0,"ʚEveɞ",0.029,-18.022,0,"SUGUN",-18.435,-43.89,0,"mochi_2929",-14.93,-62.112,0,"schmoneymikey",20.109,-47.426,0,"_Chun",12.388,-60.204,0,"소솨소솨",39.539,-95.818,0,"うよすま",0.046,-110.962,0,"Rite_",-42.576,-88.758,0,0,0,0,0,0,"",0,0,0,0,,,,,256,3
8,1,1,0,0,2,2,1,0,0,0,255,255,255,7,354.545,"Pugeuk",R,10,64,96,-0.734,-0.312,0.096,1.747,-0.322,2.094,-36.592,16.236,0,0,0,400,0,0,0,1,1,6,R,"가앤슬_",183,83.179,0.2,0,81,W,Y,0,0,0,0,0,0,0,0,0,0,0,0,0,0,0,0,0.002,-37.71,0,"ʚEveɞ",-0.065,-17.921,0,"SUGUN",-18.971,-43.504,0,"mochi_2929",-14.63,-62.954,0,"schmoneymikey",19.422,-48.455,0,"_Chun",12.085,-60.019,0,"소솨소솨",39.554,-94.949,0,"うよすま",-5.48,-110.6,0,"Rite_",-45.725,-88.56,0,0,0,0,0,0,"",0,0,0,0,356.429,,,,0,0
9,1,1,0,0,0,0,2,0,0,0,255,255,255,8,376.864,"Pugeuk",R,26,92,140,0.415,-0.441,0.268,1.41,0.314,1.199,-36.592,24.449,0,0,-115.836,-159.799,15.998,0,0,1,2,4,L,"Kr_Luna",190,95.297,0.498,0,82,W,Y,0,0,0,0,0,0,0,0,0,0,0,0,0,0,0,0,-0.467,-37.404,0,"ʚEveɞ",0.029,-17.987,0,"SUGUN",-18.894,-44.018,0,"mochi_2929",-13.466,-63.376,0,"schmoneymikey",19.763,-47.764,0,"_Chun",12.819,-61.757,0,"소솨소솨",46.009,-97.142,0,"うよすま",-0.314,-112.531,0,"Rite_",-45.776,-89.045,0,0,0,0,0,0,"",0,0,0,0,378.173,,,,0,0
10,1,1,0,0,0,1,2,0,0,0,255,255,255,9,395.655,"Pugeuk",R,29,88,140,-0.582,0.502,0.211,1.609,0.05,1.847,-36.592,26.507,2,0,-222.559,-94.15,12.775,0,0,1,2,4,L,"Kr_Luna",190,95.297,0.498,5,69,W,Y,396.454,155,63,86,56,40,144,96,60.238,-73.769,-0.52,0,0.057,400.176,-284.645,309.162,-0.111,-37.065,0,"ʚEveɞ",-0.001,-17.957,0,"SUGUN",-18.801,-43.91,0,"mochi_2929",-13.837,-62.382,0,"schmoneymikey",19.749,-47.775,0,"_Chun",12.14,-60.188,0,"소솨소솨",46.882,-96.489,0,"うよすま",-0.23,-111.821,0,"Rite_",-45.009,-88.796,0,403.151,50.711,-27.533,0,0,"",0,0,0,0,,,,,256,3
11,1,1,0,0,0,2,2,0,0,0,255,255,255,10,417.505,"Pugeuk",R,3,61,94,0.035,-0.268,0.544,1.625,0.811,1.468,-36.592,34.631,2,0,-349.438,0,11.198,0,0,1,2,4,L,"Kr_Luna",190,95.297,0.498,5,69,W,Y,418.512,137,101,112,74,42,142,127,0,-26.922,0.27,0,0.123,-358.321,231.108,-99.103,-0.236,-36.916,0,"ʚEveɞ",0.022,-17.962,105,"SUGUN",-18.617,-44.428,0,"mochi_2929",-13.505,-60.487,0,"schmoneymikey",19.82,-48.39,0,"_Chun",10.582,-60.593,0,"소솨소솨",46.93,-95.843,130,"うよすま",-0.119,-112.903,0,"Rite_",-43.913,-87.74,0,419.195,8.194,-36.948,422.451,6,"소솨소솨",36.068,-98.58,1,0,426.507,,,,322,2
12,1,1,0,0,0,0,2,1,0,0,4,255,255,11,446.798,"Pugeuk",R,29,84,136,-2.266,0.688,0.065,1.567,-0.626,1.708,-36.592,9.432,2,0,-213.069,-165.599,24.878,0,0,1,3,1,L,"눈꽃",190,90,0.6,3,83,W,Y,447.78,196,176,122,112,56,145,99,53.117,29.2,-0.39,0,0.355,261.859,-350.546,-269.795,0.081,-37.245,0,"ʚEveɞ",0.024,-17.889,0,"SUGUN",-18.644,-44.539,0,"mochi_2929",-13.233,-60.519,0,"schmoneymikey",19.39,-47.692,0,"_Chun",7.013,-63.138,0,"소솨소솨",45.33,-98.281,0,"うよすま",0.458,-109.615,0,"Rite_",-42.859,-89.883,92,454.151,-28.077,-84.258,454.251,8,"Rite_",-27.515,-82.689,0,0,488.34,452.776,,,392,1
13,1,0,0,0,0,0,0,0,0,0,255,255,255,0,576.277,"Pring__",R,32,87,140,-2.98,-0.007,-0.058,1.439,-1.546,1.442,-36.138,12.322,1,0,250,-175.29,28.696,0,0,0,0,3,R,"mochi_2929",174.7,93.617,0.463,0,84,W,Y,0,0,0,0,0,0,0,0,0,0,0,0,0,0,0,0,-0.046,-37.589,0,"눈꽃",-0.063,-17.996,0,"하루（Haru）",-18.851,-43.945,0,"Fresh825",-14.751,-62.409,0,"Kr_Luna",20.027,-49.68,0,"CoalCat",10.245,-63.702,0,"가앤슬_",45.46,-88.201,0,"AI",0,-109.84,0,"Sabo_10",-40.025,-89.133,0,0,0,0,0,0,"",0,0,0,0,577.851,,,,0,0
14,1,0,0,0,0,1,0,0,0,0,255,255,255,1,597.496,"Pring__",R,32,87,140,-1.105,0.377,0.102,1.514,-0.803,1.708,-36.138,30.682,2,0,236.557,-126.906,12.531,0,0,1,0,3,R,"mochi_2929",174.7,93.617,0.463,3,84,W,Y,598.616,192,69,77,41,27,138,126,18.306,41.69,0.52,0,0.174,150.108,466.519,153.674,-0.126,-37.297,0,"눈꽃",-0.207,-18.132,0,"하루（Haru）",-18.86,-43.935,0,"Fresh825",-15.809,-63.365,0,"Kr_Luna",20.077,-49.664,0,"CoalCat",10.222,-63.735,0,"가앤슬_",41.162,-93.773,0,"AI",0,-109.84,0,"Sabo_10",-40.414,-89.548,0,602.429,-72.239,-85.382,0,0,"",0,0,0,0,,,,,256,3
15,1,0,0,0,0,2,0,0,0,0,255,255,255,2,618.601,"Pring__",R,3,70,99,1.688,0.677,0.589,1.562,1.591,2.023,-36.138,65.8,2,0,-415.12,0,-5.152,0,0,1,0,3,R,"mochi_2929",174.7,93.617,0.463,3,84,W,Y,619.924,81,42,23,21,9,37,43,42.689,50.457,-0.03,0,0.119,302.905,148.281,-448.377,0.071,-37.037,0,"눈꽃",-0.018,-18.313,0,"하루（Haru）",-18.691,-44.499,85,"Fresh825",-16.292,-63.411,0,"Kr_Luna",19.652,-48.84,0,"CoalCat",9.424,-64.32,0,"가앤슬_",41.831,-94.774,0,"AI",0,-109.84,0,"Sabo_10",-46.35,-90.084,0,0,0,0,623.251,2,"하루（Haru）",-18.136,-33.982,0,1,,,,,288,1
16,1,0,0,0,0,0,1,0,0,0,255,255,255,3,646.374,"Pring__",R,32,89,140,0.017,0.03,0.214,1.447,-0.282,1.487,-36.138,28.909,0,0,250,-179.052,8.885,0,0,1,1,1,L,"ʚEveɞ",190,95.155,0.452,0,84,W,Y,0,0,0,0,0,0,0,0,0,0,0,0,0,0,0,0,0.014,-37.852,0,"눈꽃",-0.06,-18.102,0,"하루（Haru）",-18.735,-45.196,0,"Fresh825",-14.204,-64.986,0,"Kr_Luna",18.913,-47.452,0,"CoalCat",12.172,-63.127,0,"가앤슬_",50.498,-100.294,0,"AI",0,-109.84,0,"Sabo_10",-41.163,-98.798,0,0,0,0,0,0,"",0,0,0,0,648.007,,,,0,0
17,1,0,0,0,0,1,1,0,0,0,255,255,255,4,663.051,"Pring__",R,32,75,126,0.126,0.508,0.212,1.547,-0.292,1.808,-36.138,38.556,2,0,226.529,-132.234,5.57,0,0,1,1,1,L,"ʚEveɞ",190,95.155,0.452,3,84,W,Y,664.291,221,91,78,43,28,139,124,19.68,17.675,0.26,0,0.415,29.373,-589.355,28.619,-0.104,-37.094,0,"눈꽃",-0.194,-18.026,0,"하루（Haru）",-18.724,-45.217,0,"Fresh825",-14.25,-64.964,0,"Kr_Luna",19.506,-48.173,0,"CoalCat",11.963,-63.245,64,"가앤슬_",46.507,-100.924,0,"AI",0,-109.84,0,"Sabo_10",-41.111,-100.362,0,669.307,-18.689,-132.395,671.295,7,"AI",-21.857,-125.761,1,0,,674.166,,,320,2
18,1,0,0,0,0,0,1,0,1,0,255,11,255,5,696.226,"Pring__",R,32,83,134,-1.642,0.45,0.055,1.532,-1.02,1.76,-36.138,19.505,4,0,237.155,-148.557,20.757,0,0,1,2,2,R,"SUGUN",190,82,0.502,0,54,W,Y,0,0,0,0,0,0,0,0,0,0,0,0,0,0,0,0,-0.366,-37.55,0,"눈꽃",-0.184,-18.288,0,"하루（Haru）",-19.859,-45.765,0,"Fresh825",-15.238,-62.737,0,"Kr_Luna",19.34,-48.153,0,"CoalCat",7.149,-61.747,0,"가앤슬_",48.158,-97.024,0,"TaeGeuk_",-0.874,-112.86,0,"Sabo_10",-44.636,-94.681,0,0,0,0,0,0,"",0,0,0,0,697.629,698.441,,,0,0
19,1,0,0,0,0,1,1,0,1,0,255,11,255,6,715.591,"Pring__",R,13,79,104,-0.017,-0.657,0.51,1.508,0.73,1.674,-36.138,37.955,0,0,-366.64,315.622,8.739,0,0,1,2,2,R,"SUGUN",190,82,0.502,0,54,W,Y,0,0,0,0,0,0,0,0,0,0,0,0,0,0,0,0,-0.136,-37.92,0,"눈꽃",-0.03,-18.023,0,"하루（Haru）",-19.189,-44.304,0,"Fresh825",-15.8,-63.684,0,"Kr_Luna",19.185,-45.837,0,"CoalCat",7.871,-61.215,0,"가앤슬_",48.196,-98.894,0,"TaeGeuk_",-5.285,-116.513,0,"Sabo_10",-45.151,-93.784,0,0,0,0,0,0,"",0,0,0,0,717.129,718.445,,,0,0
20,1,0,0,0,0,2,1,0,1,0,255,11,255,7,730.915,"Pring__",R,32,79,129,0.252,0.84,0.222,1.607,-0.244,2.004,-36.138,38.501,0,0,224.009,-140.58,9.208,0,0,1,2,2,R,"SUGUN",190,82,0.502,0,54,W,Y,0,0,0,0,0,0,0,0,0,0,0,0,0,0,0,0,-0.099,-37.893,0,"눈꽃",0.008,-18.236,0,"하루（Haru）",-19.419,-44.625,0,"Fresh825",-15.768,-63.621,0,"Kr_Luna",19.573,-45.511,0,"CoalCat",7.945,-61.833,0,"가앤슬_",49.098,-97.684,0,"TaeGeuk_",-5.316,-116.5,0,"Sabo_10",-44.973,-93.395,0,0,0,0,0,0,"",0,0,0,0,732.651,734.076,,,0,0
21,1,0,0,0,0,0,2,0,1,0,255,11,255,8,754.049,"Pring__",R,3,74,113,3.599,0.275,0.603,1.481,2.305,1.755,-36.138,53.5,1,0,-500,0,0.298,0,0,0,3,5,L,"_Chun",160,80,0.445,0,85,W,Y,0,0,0,0,0,0,0,0,0,0,0,0,0,0,0,0,0.091,-37.416,0,"눈꽃",-0.081,-18.283,0,"하루（Haru）",-19.172,-45.182,0,"Fresh825",-13.661,-63.744,0,"Kr_Luna",20.346,-47.223,0,"CoalCat",9.637,-62.175,0,"가앤슬_",50.122,-103.468,0,"TaeGeuk_",-1.825,-115.109,0,"Sabo_10",-40.14,-90.892,0,0,0,0,0,0,"",0,0,0,0,755.596,756.846,,,0,0
22,1,0,0,0,1,0,2,0,1,0,255,11,255,9,771.796,"Pring__",R,3,78,104,-1.044,-0.525,0.425,1.38,0.465,1.348,-36.138,34.973,2,0,-472.727,0,8.864,0,0,1,3,5,L,"_Chun",160,80,0.445,3,85,W,Y,772.95,98,48,97,52,39,134,82,-37.237,19.905,-0.31,0,0.311,-19.939,27.686,-7.952,-0.298,-36.886,0,"눈꽃",-0.192,-18.361,0,"하루（Haru）",-19.454,-45.237,0,"Fresh825",-7.525,-63.382,101,"Kr_Luna",19.293,-48.864,0,"CoalCat",10.099,-61.257,0,"가앤슬_",50.58,-102.588,0,"TaeGeuk_",-1.907,-115.461,0,"Sabo_10",-41.861,-91.15,0,773.096,-0.502,-21.379,775.829,3,"Fresh825",-12.89,-55.814,0,0,,,778.767,,289,2
23,2,1,0,0,0,0,0,0,0,0,255,255,255,12,818.58,"Pugeuk",R,30,91,140,-0.602,0.555,0.175,1.609,-0.116,1.85,-36.592,25.429,0,0,-134.849,-119.208,7.241,0,0,0,4,8,L,"Sabo_10",185.1,87.575,0.449,0,85,W,Y,0,0,0,0,0,0,0,0,0,0,0,0,0,0,0,0,-0.18,-37.315,0,"ʚEveɞ",-0.035,-17.83,0,"SUGUN",-18.558,-44.608,0,"mochi_2929",-9.242,-62.933,0,"schmoneymikey",20.03,-47.85,0,"_Chun",13.405,-58.799,0,"소솨소솨",45.073,-97.799,0,"うよすま",9.674,-113.732,0,"Rite_",-37.22,-88.332,0,0,0,0,0,0,"",0,0,0,0,819.829,,,,0,0
24,2,1,0,0,0,1,0,0,0,0,255,255,255,13,832.944,"Pugeuk",R,13,75,102,-2.082,-1.238,0.129,1.41,-0.221,1.344,-36.592,15.733,2,0,-349.349,328.725,0,0,0,1,4,8,L,"Sabo_10",185.1,87.575,0.449,3,85,W,Y,833.937,219,137,159,130,74,145,94,-25.123,13.548,-0.56,0,0.581,-42.563,364.788,113.642,-0.486,-37.552,0,"ʚEveɞ",-0.021,-17.879,0,"SUGUN",-18.475,-44.436,85,"mochi_2929",-10.706,-62.708,93,"schmoneymikey",19.898,-47.924,0,"_Chun",13.675,-59.876,0,"소솨소솨",45.012,-97.892,0,"うよすま",8.811,-110.897,0,"Rite_",-37.111,-88.341,0,834.029,-0.63,-21.21,836.462,3,"mochi_2929",-11.39,-55.355,0,0,,,,,261,2
25,2,1,0,0,0,0,1,0,0,0,255,255,255,14,856.178,"Pugeuk",R,29,86,139,-3.707,-0.47,0.103,1.498,-0.452,1.486,-36.592,16.579,2,0,-221.282,-74.097,18.658,0,0,1,5,2,L,"하루（Haru）",190,90,0.498,3,33,W,Y,857.225,102,177,57,106,31,132,84,20.592,-34.795,-0.76,0.048,0.306,138.78,192.471,74.038,-0.057,-37.077,0,"ʚEveɞ",-0.041,-17.889,0,"SUGUN",-18.571,-44.461,0,"mochi_2929",-11.964,-62.096,0,"schmoneymikey",19.399,-47.146,0,"_Chun",13.622,-59.879,0,"소솨소솨",43.829,-94.706,0,"うよすま",-0.483,-116.308,0,"Rite_",-41.14,-89.358,0,860.673,31.538,-69.206,861.995,6,"소솨소솨",37.213,-78.563,1,0,,,,,320,2
26,2,1,0,0,0,0,1,1,0,0,2,255,255,15,882.019,"Pugeuk",R,30,86,139,1.398,-0.892,0.362,1.395,0.754,1.078,-36.592,30.265,0,0,-124.309,-36.287,13.364,0,0,0,6,5,R,"CoalCat",165.4,85.053,0.503,0,85,W,Y,0,0,0,0,0,0,0,0,0,0,0,0,0,0,0,0,-0.108,-37.898,0,"ʚEveɞ",0.055,-17.921,0,"SUGUN",-19.7,-40.884,0,"mochi_2929",-12.544,-60.672,0,"schmoneymikey",19.76,-48.228,0,"_Chun",6.64,-62.469,0,"소솨소솨",32.767,-94.303,0,"うよすま",0.267,-102.657,0,"Rite_",-43.132,-89.586,0,0,0,0,0,0,"",0,0,0,0,883.662,,,,0,0
27,2,1,0,0,0,1,1,1,0,0,2,255,255,16,897.574,"Pugeuk",R,26,74,126,0.361,2.411,0.256,1.834,0.261,2.709,-36.592,29.815,2,0,-69.097,-175.727,19.096,0,0,1,6,5,R,"CoalCat",165.4,85.053,0.503,3,85,W,Y,898.673,255,33,40,45,28,129,40,64.409,65.885,-0.84,0,0.353,-79.519,499.479,-295.723,0.218,-37.037,0,"ʚEveɞ",-0.08,-17.779,0,"SUGUN",-19.779,-44.405,0,"mochi_2929",-12.71,-59.676,0,"schmoneymikey",19.683,-48.104,0,"_Chun",8.672,-63.687,0,"소솨소솨",32.753,-94.393,0,"うよすま",0.146,-103.26,0,"Rite_",-43.31,-89.715,0,902.262,-21.576,-27.399,0,0,"",0,0,0,0,,,,,260,3
28,2,1,0,0,0,2,1,1,0,0,2,255,255,17,932.025,"Pugeuk",R,30,87,140,-2.108,-1.696,0.048,1.268,-0.708,0.604,-36.592,19.802,4,0,-149.522,-70.704,17.967,0,0,1,6,5,R,"CoalCat",165.4,85.053,0.503,0,85,W,Y,0,0,0,0,0,0,0,0,0,0,0,0,0,0,0,0,-0.308,-38.014,0,"ʚEveɞ",-0.154,-17.781,0,"SUGUN",-19.204,-41.156,0,"mochi_2929",-13.496,-60.556,0,"schmoneymikey",20.08,-48.131,0,"_Chun",7.486,-64.668,0,"소솨소솨",33.83,-97.047,0,"うよすま",-5.113,-108.082,0,"Rite_",-43.927,-89.358,0,0,0,0,0,0,"",0,0,0,0,933.44,,,,0,0
29,2,1,0,0,0,0,2,1,0,0,2,255,255,18,957.163,"Pugeuk",R,3,67,96,1.133,0.237,0.615,1.601,1.288,1.771,-36.592,29.547,0,0,-423.823,0,9.177,0,0,1,7,7,R,"TaeGeuk_",176.9,83.656,0.644,0,85,W,Y,0,0,0,0,0,0,0,0,0,0,0,0,0,0,0,0,0.14,-37.257,0,"ʚEveɞ",-0.142,-17.819,0,"SUGUN",-18.837,-44.318,0,"mochi_2929",-13.971,-61.834,0,"schmoneymikey",19.969,-48.139,0,"_Chun",8.901,-63.689,0,"소솨소솨",39.485,-95.505,0,"うよすま",-0.717,-107.241,0,"Rite_",-43.866,-90.357,0,0,0,0,0,0,"",0,0,0,0,958.707,,,,0,0
30,2,1,0,0,0,1,2,1,0,0,2,255,255,19,974.763,"Pugeuk",R,27,87,140,-0.889,0.484,0.123,1.583,-0.358,1.77,-36.592,14.137,0,0,-24.101,-129.073,8.901,0,0,0,7,7,R,"TaeGeuk_",176.9,83.656,0.644,0,85,W,Y,0,0,0,0,0,0,0,0,0,0,0,0,0,0,0,0,0.193,-36.732,0,"ʚEveɞ",-0.098,-17.899,0,"SUGUN",-19.368,-43.766,0,"mochi_2929",-13.38,-61.527,0,"schmoneymikey",19.925,-48.261,0,"_Chun",8.179,-63.57,0,"소솨소솨",38.438,-96.641,0,"うよすま",-1.294,-108.333,0,"Rite_",-43.378,-90.064,0,0,0,0,0,0,"",0,0,0,0,976.14,,,,0,0
31,2,1,0,0,0,2,2,1,0,0,2,255,255,20,991.628,"Pugeuk",R,3,60,91,-1.967,0.237,0.238,1.603,0.118,1.777,-36.592,21.704,4,0,-413.636,0,0,0,0,1,7,7,R,"TaeGeuk_",176.9,83.656,0.644,0,85,W,Y,0,0,0,0,0,0,0,0,0,0,0,0,0,0,0,0,0.043,-37.346,0,"ʚEveɞ",-0.213,-17.858,0,"SUGUN",-19.082,-44.527,0,"mochi_2929",-12.985,-61.133,0,"schmoneymikey",18.817,-47.03,0,"_Chun",4.082,-63.383,0,"소솨소솨",38.378,-96.652,0,"うよすま",-2.978,-105.313,0,"Rite_",-44.207,-89.92,0,0,0,0,0,0,"",0,0,0,0,993.173,,,,0,0
32,2,0,0,0,0,0,0,0,0,0,255,255,255,10,1034.368,"Pring__",R,32,79,129,-0.134,0.617,0.196,1.542,-0.364,1.807,-36.138,35.691,0,0,230.62,-151.768,8.729,0,0,1,4,7,R,"うよすま",174.5,93.035,0.601,0,86,W,Y,0,0,0,0,0,0,0,0,0,0,0,0,0,0,0,0,-0.054,-38.029,0,"눈꽃",-0.017,-17.9,0,"하루（Haru）",-20.315,-46.209,0,"Fresh825",-15.961,-63.542,0,"Kr_Luna",18.502,-45.114,0,"CoalCat",11.121,-63.538,0,"가앤슬_",39.26,-99.286,0,"TaeGeuk_",-0.402,-117.023,0,"Sabo_10",-45.21,-93.811,0,0,0,0,0,0,"",0,0,0,0,1035.873,,,,0,0
33,2,0,0,0,0,1,0,0,0,0,255,255,255,11,1051.054,"Pring__",R,32,89,140,-3.165,0.308,-0.09,1.484,-1.699,1.6,-36.138,17.062,1,0,250,-200,34.106,0,0,0,4,7,R,"うよすま",174.5,93.035,0.601,0,86,W,Y,0,0,0,0,0,0,0,0,0,0,0,0,0,0,0,0,-0.002,-37.641,0,"눈꽃",0,-17.909,0,"하루（Haru）",-20.047,-46.416,0,"Fresh825",-16.016,-63.475,0,"Kr_Luna",15.814,-50.732,0,"CoalCat",10.704,-63.682,0,"가앤슬_",39.18,-99.1,0,"TaeGeuk_",-0.673,-117.904,0,"Sabo_10",-45.109,-94.682,0,0,0,0,0,0,"",0,0,0,0,1052.507,,,,0,0
34,2,0,0,0,1,1,0,0,0,0,255,255,255,12,1068.491,"Pring__",R,32,74,125,3.595,0.013,0.353,1.459,1.078,1.608,-36.138,53.75,3,0,246.667,-96.201,-2.581,0.226,-21.18,0,4,7,R,"うよすま",174.5,93.035,0.601,0,86,W,Y,0,0,0,0,0,0,0,0,0,0,0,0,0,0,0,0,-0.007,-37.459,0,"눈꽃",-0.195,-18.365,0,"하루（Haru）",-20.04,-46.421,0,"Fresh825",-15.98,-63.427,0,"Kr_Luna",17.861,-50.095,0,"CoalCat",8.842,-65.108,0,"가앤슬_",40.534,-101.446,0,"TaeGeuk_",-1.586,-118.387,0,"Sabo_10",-45.045,-93.595,0,0,0,0,0,0,"",0,0,0,0,1072.973,,,,0,6
35,2,0,0,0,3,1,0,0,0,0,255,255,255,13,1093.728,"Pring__",R,13,73,101,0.164,-0.666,0.434,1.593,0.494,1.875,-36.138,51.217,0,0,-210.401,400,-9.62,0,0,0,4,7,R,"うよすま",174.5,93.035,0.601,0,86,W,Y,0,0,0,0,0,0,0,0,0,0,0,0,0,0,0,0,-0.112,-37.751,0,"눈꽃",-0.135,-18.101,0,"하루（Haru）",-19.79,-45.199,0,"Fresh825",-16.001,-63.477,0,"Kr_Luna",17.701,-50.204,0,"CoalCat",8.128,-65.307,0,"가앤슬_",38.216,-100.022,0,"TaeGeuk_",-1.665,-118.766,0,"Sabo_10",-43.128,-90.52,0,0,0,0,0,0,"",0,0,0,0,1095.373,,,,0,0
36,2,0,0,0,3,2,0,0,0,0,255,255,255,14,1110.319,"Pring__",R,13,79,104,-1.977,-0.977,0.23,1.453,-0.139,1.546,-36.138,39.293,2,0,-366.113,316.306,12.812,0,0,1,4,7,R,"うよすま",174.5,93.035,0.601,3,86,W,Y,1111.482,106,170,126,146,49,137,111,-30,34.663,0.89,0.238,0.627,-369.926,288.842,-295.41,-0.228,-37.444,0,"눈꽃",-0.287,-18.129,0,"하루（Haru）",-19.443,-45.751,86,"Fresh825",-15.978,-63.399,0,"Kr_Luna",17.693,-50.225,0,"CoalCat",9.042,-65.093,0,"가앤슬_",38.33,-98.58,0,"TaeGeuk_",-2.342,-117.185,0,"Sabo_10",-43.163,-90.597,0,1111.562,-0.989,-20.669,1113.095,2,"하루（Haru）",-16.097,-42.389,0,0,,,,,288,2
37,2,0,0,0,0,0,1,0,0,0,255,255,255,15,1136.795,"Pring__",R,3,70,98,2.252,0,0.618,1.461,1.741,1.635,-36.138,61.823,4,0,-435.642,0,1.659,0,0,1,5,4,L,"schmoneymikey",175.2,80,0.348,0,86,W,Y,0,0,0,0,0,0,0,0,0,0,0,0,0,0,0,0,0.085,-37.496,0,"눈꽃",-0.048,-17.911,0,"하루（Haru）",-18.713,-44.301,0,"Fresh825",-12.695,-65.341,0,"Kr_Luna",19.342,-44.916,0,"CoalCat",13.224,-63.206,0,"가앤슬_",37.27,-94.557,0,"TaeGeuk_",-1.215,-117.554,0,"Sabo_10",-40.546,-91.887,0,0,0,0,0,0,"",0,0,0,0,1138.629,,,,0,0
38,2,0,0,0,0,1,1,0,0,0,255,255,255,16,1153.204,"Pring__",R,13,82,107,-1.29,-0.686,0.319,1.511,0.136,1.681,-36.138,45.182,2,0,-375.891,317.288,-0.041,0,0,1,5,4,L,"schmoneymikey",175.2,80,0.348,3,86,W,Y,1154.489,246,127,90,105,67,145,127,-10.1,38.098,0.62,0,0.402,-41.768,491.936,156.938,0.019,-37.108,0,"눈꽃",-0.201,-18.047,0,"하루（Haru）",-18.341,-45.071,85,"Fresh825",-12.732,-65.359,0,"Kr_Luna",20.2,-48.363,0,"CoalCat",13.089,-63.227,0,"가앤슬_",35.878,-94.719,0,"TaeGeuk_",-0.158,-117.242,0,"Sabo_10",-41.107,-92.069,106,1154.773,-3.264,-24.807,1162.084,8,"Sabo_10",-67.172,-98.637,1,0,,1163.858,,,304,2
39,2,0,0,0,0,0,1,0,1,0,255,14,255,17,1187.497,"Pring__",R,0,69,108,1.375,1.091,0.465,1.801,0.59,2.306,-36.138,66.42,2,0,-3.213,0,-0.179,0,0,1,6,6,R,"소솨소솨",190,80,0.405,3,86,W,Y,1188.711,255,88,77,92,39,145,90,50.941,-39.4,-0.84,0,0.754,396.901,-437.516,93.033,-0.292,-37.501,0,"눈꽃",-0.092,-17.96,0,"하루（Haru）",-18.845,-44.349,0,"Fresh825",-15.365,-62.848,0,"Kr_Luna",19.189,-46.825,0,"CoalCat",7.886,-61.881,0,"가앤슬_",39.436,-94.552,87,"TaeGeuk_",-0.396,-110.993,0,"Sabo_10",-44.265,-92.752,0,1194.373,48.485,-66.287,1196.684,6,"가앤슬_",58.445,-74.034,0,0,,1200.524,,,258,2
40,2,0,0,0,0,1,1,0,1,0,255,14,255,18,1216.372,"Pring__",R,32,84,136,-2.108,-0.351,0.059,1.432,-1.003,1.438,-36.138,17.134,2,0,222.349,-113.791,19.725,0,0,1,6,6,R,"소솨소솨",190,80,0.405,3,86,W,Y,1217.469,255,82,86,0,0,126,80,-19.765,22.742,-0.74,0,0.701,40.867,469.662,-215.808,-0.447,-37.401,0,"눈꽃",-0.197,-18.212,0,"하루（Haru）",-18.961,-44.653,0,"Fresh825",-16.515,-62.993,92,"Kr_Luna",18.718,-47.5,0,"CoalCat",10.751,-60.506,0,"가앤슬_",42.829,-91.903,0,"TaeGeuk_",3.071,-108.373,0,"Sabo_10",-45.226,-92.581,0,1217.64,-1.355,-22.044,1220.018,3,"Fresh825",-14.689,-55.32,0,0,,,1222.136,,289,2
41,2,0,0,0,0,0,2,0,0,1,255,255,14,19,1246.2,"Pring__",R,32,59,114,0.22,1.158,0.213,1.625,-0.286,2.085,-36.138,34.032,2,0,250,-200,12.837,0,0,1,7,8,R,"Rite_",180,80,0.453,3,86,W,Y,1247.484,255,87,164,78,65,145,87,59.611,-18.912,-0.81,0,0.479,547.08,-137.312,104.508,-0.066,-37.39,0,"눈꽃",-0.144,-18.077,0,"하루（Haru）",-19.513,-45.241,0,"Fresh825",-16.371,-63.435,0,"Kr_Luna",18.725,-45.854,0,"CoalCat",7.466,-64.181,0,"가앤슬_",38.197,-95.716,0,"TaeGeuk_",-3.548,-99.679,0,"Sabo_10",-45.821,-93.119,0,1253.695,17.422,-63.951,1253.895,5,"CoalCat",17.028,-62.992,0,0,,,,1251.949,320,1
42,3,1,0,0,0,0,0,0,0,0,255,255,255,21,1295.133,"Pugeuk",R,29,88,140,-0.534,-0.968,0.21,1.311,0.047,0.881,-36.592,32.369,1,0,-231.367,-157.642,22.659,0,0,0,8,0,L,"Pring__",190,92.818,0.485,0,86,W,Y,0,0,0,0,0,0,0,0,0,0,0,0,0,0,0,0,0.18,-37.505,0,"ʚEveɞ",-0.054,-17.907,0,"SUGUN",-18.986,-45.042,0,"mochi_2929",-10.426,-61.78,0,"schmoneymikey",19.241,-47.557,0,"_Chun",10.746,-61.486,0,"소솨소솨",47.122,-93.455,0,"うよすま",2.784,-116.504,0,"Rite_",-41.383,-83.788,0,0,0,0,0,0,"",0,0,0,0,1296.462,,,,0,0
43,3,1,0,0,1,0,0,0,0,0,255,255,255,22,1309.704,"Pugeuk",R,30,81,131,-0.847,0.107,0.159,1.523,-0.19,1.565,-36.592,20.078,2,0,-132.351,-131.112,14.077,0,0,0,8,0,L,"Pring__",190,92.818,0.485,3,86,W,Y,1310.531,249,126,108,120,45,145,130,27.906,-16.948,0.31,0,0.553,547.08,-137.312,104.508,-0.287,-36.89,0,"ʚEveɞ",-0.02,-17.882,0,"SUGUN",-19.149,-45.177,0,"mochi_2929",-11.077,-62.184,0,"schmoneymikey",19.923,-47.913,0,"_Chun",10.963,-61.637,70,"소솨소솨",47.962,-95.93,0,"うよすま",1.309,-114.053,0,"Rite_",-41.347,-84.244,0,1315.951,28.418,-127.935,1317.14,7,"うよすま",26.274,-124.911,1,0,,1320.971,,,280,2
44,3,1,0,0,0,0,0,0,1,0,255,0,255,23,1342.776,"Pugeuk",R,29,91,140,-1.317,-0.281,0.132,1.472,-0.317,1.377,-36.592,17.015,0,0,-196.356,-73.469,16.148,0,0,0,0,3,L,"Fresh825",172.8,80,0.2,0,86,W,Y,0,0,0,0,0,0,0,0,0,0,0,0,0,0,0,0,-0.069,-37.61,0,"ʚEveɞ",-0.129,-17.934,0,"SUGUN",-18.714,-44.243,0,"mochi_2929",-5.857,-61.572,0,"schmoneymikey",18.915,-47.348,0,"_Chun",12.244,-59.634,0,"소솨소솨",41.626,-93.576,0,"うよすま",6.921,-106.611,0,"Rite_",-43.428,-89.07,0,0,0,0,0,0,"",0,0,0,0,1344.195,1345.695,,,0,0
45,3,1,0,0,0,1,0,0,1,0,255,0,255,24,1356.496,"Pugeuk",R,27,75,126,-0.609,1.401,0.18,1.721,-0.095,2.264,-36.592,23.737,2,0,-116.123,-132.14,1.795,0,0,1,0,3,L,"Fresh825",172.8,80,0.2,3,86,W,Y,1357.554,227,38,110,77,54,145,126,33.539,5.181,0.29,0,0.145,222.29,-56.256,91.342,0.124,-37.305,0,"ʚEveɞ",-0.029,-17.904,112,"SUGUN",-18.519,-44.133,0,"mochi_2929",-10.24,-61.283,0,"schmoneymikey",18.955,-47.372,0,"_Chun",11.072,-61.471,95,"소솨소솨",41.786,-93.619,0,"うよすま",5.078,-105.555,0,"Rite_",-42.569,-89.961,0,1363.518,-9.68,-131.885,1365.095,7,"うよすま",-10.292,-130.041,1,0,1373.195,1367.223,1366.454,1371.277,282,2
46,3,1,1,0,0,0,0,0,1,0,255,3,255,25,1393.502,"Pugeuk",R,29,80,130,-0.327,0.466,0.219,1.595,0.09,1.807,-36.592,17.666,0,0,-159.119,-85.249,7.938,0,0,1,1,6,R,"가앤슬_",183,83.179,0.2,0,86,W,Y,0,0,0,0,0,0,0,0,0,0,0,0,0,0,0,0,-0.334,-37.426,0,"ʚEveɞ",-0.011,-17.848,0,"SUGUN",-18.331,-43.952,0,"mochi_2929",-11.066,-60.076,0,"schmoneymikey",18.256,-45.255,0,"_Chun",9.708,-62.336,0,"소솨소솨",37.966,-93.639,0,"うよすま",-3.812,-107.975,0,"Rite_",-46.728,-93.878,0,0,0,0,0,0,"",0,0,0,0,1394.984,1396.168,,,0,0
47,3,1,1,0,0,1,0,0,1,0,255,3,255,26,1412.157,"Pugeuk",R,29,95,140,0.923,-0.499,0.219,1.595,0.09,1.807,-36.592,17.666,0,0,-159.962,-107.49,8.269,0,0,0,1,6,R,"가앤슬_",183,83.179,0.2,0,86,W,Y,0,0,0,0,0,0,0,0,0,0,0,0,0,0,0,0,0.313,-37.167,0,"ʚEveɞ",0.019,-17.845,0,"SUGUN",-18.34,-43.818,0,"mochi_2929",-12.412,-60.733,0,"schmoneymikey",18.939,-46.104,0,"_Chun",5.733,-62.552,0,"소솨소솨",36.951,-95.07,0,"うよすま",-3.569,-109.547,0,"Rite_",-46.331,-93.204,0,0,0,0,0,0,"",0,0,0,0,1413.04,1414.17,,,0,0
48,3,1,1,0,0,2,0,0,1,0,255,3,255,26,1444.619,"Pugeuk",R,26,85,137,-0.701,0.229,0.154,1.532,-0.213,1.592,-36.592,20.868,2,0,-68.953,-170.171,3.987,0,0,1,1,6,R,"가앤슬_",183,83.179,0.2,3,86,W,Y,1445.694,255,54,92,70,30,145,89,-13.087,40.363,-0.77,0,0.277,56.039,350.604,-4.344,0.241,-36.948,0,"ʚEveɞ",-0.049,-17.858,0,"SUGUN",-18.053,-43.936,118,"mochi_2929",-12.253,-60.59,0,"schmoneymikey",18.941,-46.082,85,"_Chun",8.258,-62.806,0,"소솨소솨",37.048,-95.041,0,"うよすま",-4.994,-111.878,0,"Rite_",-46.749,-93.398,0,1445.951,-3.653,-23.307,1447.373,2,"SUGUN",-17.421,-39.076,0,0,,,1449.661,,292,2
49,3,1,1,0,0,0,1,0,0,1,255,255,3,27,1473.391,"Pugeuk",R,14,85,124,1.006,0.329,0.181,1.733,-0.09,2.245,-36.592,18.765,0,0,323.098,381.586,20.725,0.538,-12.687,0,2,4,L,"Kr_Luna",190,95.297,0.498,0,86,W,Y,0,0,0,0,0,0,0,0,0,0,0,0,0,0,0,0,0.091,-37.685,0,"ʚEveɞ",0.099,-17.634,0,"SUGUN",-18.906,-43.108,0,"mochi_2929",-9.775,-60.821,0,"schmoneymikey",17.165,-43.102,0,"_Chun",11.776,-57.674,0,"소솨소솨",45.795,-94.874,0,"うよすま",3.264,-111.758,0,"Rite_",-49.272,-94.633,0,0,0,0,0,0,"",0,0,0,0,1477.951,,1475.252,,0,0
50,3,1,1,0,0,1,1,0,0,1,255,255,3,28,1496.405,"Pugeuk",R,10,79,119,-0.34,0.501,0.167,1.781,-0.153,2.402,-36.592,25.122,2,0,0,400,14.807,0,0,0,2,4,L,"Kr_Luna",190,95.297,0.498,5,63,W,Y,1497.282,179,94,128,75,51,145,108,29.172,-57.932,0.9,0,0.132,-64.359,-32.722,-173.203,0.196,-37.14,0,"ʚEveɞ",-0.043,-17.67,0,"SUGUN",-19.224,-44.346,0,"mochi_2929",-13.326,-60.979,0,"schmoneymikey",16.673,-43.354,0,"_Chun",13.569,-59.248,0,"소솨소솨",45.885,-94.852,0,"うよすま",6.294,-108.64,0,"Rite_",-48.463,-95.097,0,1501.962,75.518,-66.958,0,0,"",0,0,0,0,,,1501.55,,256,3
51,3,1,1,0,0,2,1,0,0,1,255,255,3,29,1517.607,"Pugeuk",R,30,85,137,0.62,-0.625,0.298,1.383,0.456,1.115,-36.592,16.83,0,0,-136.332,-121.122,13.81,0,0,0,2,4,L,"Kr_Luna",190,95.297,0.498,0,63,W,Y,0,0,0,0,0,0,0,0,0,0,0,0,0,0,0,0,0.198,-37.548,0,"ʚEveɞ",0.018,-17.789,0,"SUGUN",-18.82,-44.361,0,"mochi_2929",-11.932,-61.506,0,"schmoneymikey",17.262,-42.637,0,"_Chun",13.149,-56.745,0,"소솨소솨",46.778,-96.269,0,"うよすま",6.447,-115.588,0,"Rite_",-48.422,-95.501,0,0,0,0,0,0,"",0,0,0,0,1518.862,,1519.957,,0,0
52,3,1,1,0,0,0,2,0,0,1,255,255,3,30,1539.091,"Pugeuk",R,29,78,128,0.268,0.012,0.302,1.515,0.475,1.54,-36.592,29.991,2,0,-245.284,-83.622,26.14,0,0,1,3,1,L,"눈꽃",190,90,0.6,3,86,W,Y,1540.103,255,92,116,91,26,145,130,-7.389,37.281,0.39,0,0.336,-342.774,-396.952,-120.384,-0.247,-37.091,0,"ʚEveɞ",0.007,-17.789,0,"SUGUN",-19.147,-44.124,87,"mochi_2929",-11.827,-61.907,0,"schmoneymikey",16.857,-45.326,0,"_Chun",11.659,-60.075,0,"소솨소솨",46.237,-96.406,0,"うよすま",4.896,-115.548,0,"Rite_",-47.963,-94.87,0,1540.329,-4.808,-27.016,1541.395,2,"SUGUN",-15.738,-41.726,0,0,,,,1544.216,260,2
53,3,0,1,0,0,0,0,0,0,0,255,255,255,21,1593.654,"Pring__",R,32,77,128,0.075,0.415,0.199,1.53,-0.355,1.755,-36.138,44.322,0,0,248.856,-125.904,-0.244,0,0,1,8,0,R,"Pugeuk",190,80,0.347,0,86,W,Y,0,0,0,0,0,0,0,0,0,0,0,0,0,0,0,0,-0.172,-37.74,0,"눈꽃",-1.069,-17.672,0,"하루（Haru）",-19.577,-44.81,0,"Fresh825",-16.097,-62.165,0,"Kr_Luna",19.697,-52.207,0,"CoalCat",8.874,-63.621,0,"가앤슬_",47.705,-105.69,0,"TaeGeuk_",0,-112.096,0,"Sabo_10",-42.108,-92.486,0,0,0,0,0,0,"",0,0,0,0,1595.373,,,,0,0
54,3,0,1,0,0,1,0,0,0,0,255,255,255,22,1613.275,"Pring__",R,3,65,98,3.129,0.578,0.649,1.56,2.044,2.002,-36.138,77.729,2,0,-325.753,0,-3.047,0,0,1,8,0,R,"Pugeuk",190,80,0.347,3,86,W,Y,1614.699,255,224,150,142,46,145,120,-17.078,35.327,0.17,0,1.134,181.673,-352.464,106.666,0.003,-37.081,0,"눈꽃",0.037,-17.918,0,"하루（Haru）",-19.548,-44.876,0,"Fresh825",-15.852,-62.078,0,"Kr_Luna",19.859,-52.076,0,"CoalCat",8.923,-63.627,0,"가앤슬_",45.502,-103.981,0,"TaeGeuk_",0.004,-112.084,0,"Sabo_10",-42.16,-92.842,108,1614.895,-2.121,-24.99,1617.818,8,"Sabo_10",-40.338,-77.957,0,0,,,,,304,2
55,3,0,1,0,0,0,1,0,0,0,255,255,255,23,1645.087,"Pring__",R,13,75,102,-1.068,-0.533,0.342,1.584,0.207,1.853,-36.138,43.619,0,0,-336.245,344.251,7.579,0,0,1,0,3,R,"mochi_2929",174.7,93.617,0.463,0,86,W,Y,0,0,0,0,0,0,0,0,0,0,0,0,0,0,0,0,-0.012,-37.683,0,"눈꽃",-0.095,-17.917,0,"하루（Haru）",-18.339,-44.095,0,"Fresh825",-16.442,-63.118,0,"Kr_Luna",16.433,-46.167,0,"CoalCat",8.294,-63.157,0,"가앤슬_",43.965,-100.679,0,"TaeGeuk_",-1.639,-112.525,0,"Sabo_10",-43.923,-90.803,0,0,0,0,0,0,"",0,0,0,0,1646.873,,,,0,0
56,3,0,1,0,0,1,1,0,0,0,255,255,255,24,1662.546,"Pring__",R,13,68,97,-4.022,-0.44,0.439,1.507,0.51,1.674,-36.138,55.635,2,0,-324.456,338.557,-6.737,0,0,1,0,3,R,"mochi_2929",174.7,93.617,0.463,3,86,W,Y,1663.94,190,87,84,56,42,145,126,20.302,34.824,0.56,0,0.227,66.289,480.658,221.68,-0.086,-37.298,0,"눈꽃",-0.275,-18.074,0,"하루（Haru）",-18.371,-44.752,0,"Fresh825",-16.461,-63.056,0,"Kr_Luna",16.421,-46.142,0,"CoalCat",7.667,-63.876,85,"가앤슬_",43.162,-101.241,0,"TaeGeuk_",-0.391,-114.345,0,"Sabo_10",-44.326,-91.701,125,1668.118,-69.211,-98.833,1669.529,8,"Sabo_10",-63.461,-94.764,1,1,,1673.439,,,336,2
57,3,0,1,0,0,0,2,0,0,0,255,255,255,25,1699.124,"Pring__",R,32,84,136,-2.766,0.242,-0.057,1.483,-1.544,1.601,-36.138,20.63,2,0,249.662,-194.18,14.699,0,0,1,1,1,L,"ʚEveɞ",190,95.155,0.452,3,86,W,Y,1700.246,217,46,77,51,19,141,88,28.468,12.295,-0.81,0,0.289,-110.414,-554.196,161.485,-0.209,-37.157,0,"눈꽃",-0.349,-17.952,0,"하루（Haru）",-19.391,-45.783,0,"Fresh825",-12.411,-65.34,0,"Kr_Luna",19.09,-50.007,0,"CoalCat",8.988,-63.997,0,"가앤슬_",44.957,-99.702,0,"TaeGeuk_",-1.535,-110.226,0,"Sabo_10",-45.357,-94.172,0,1704.94,-6.908,-93.159,1705.262,7,"TaeGeuk_",-6.97,-91.719,0,0,,,,,384,1
58,4,1,1,0,0,0,0,0,0,0,255,255,255,31,1753.106,"Pugeuk",R,29,89,140,-0.344,-0.352,0.216,1.457,0.075,1.344,-36.592,22.68,2,0,-178.275,-63.182,21.506,0,0,1,4,8,L,"Sabo_10",185.1,87.575,0.449,3,86,W,Y,1753.935,180,83,115,105,44,145,98,19.364,-10.069,-0.34,0,0.513,48.353,-558.235,50.825,-0.169,-37.214,0,"ʚEveɞ",0.012,-17.827,0,"SUGUN",-18.484,-44.044,0,"mochi_2929",-11.333,-61.619,74,"schmoneymikey",19.924,-48.169,0,"_Chun",12.563,-60.881,0,"소솨소솨",44.102,-95.686,0,"うよすま",4.673,-112.964,0,"Rite_",-40.88,-88.703,0,1757.995,22.508,-95.458,1761.162,7,"うよすま",33.506,-121.534,1,0,,1763.788,,,273,2
59,4,1,1,0,0,0,0,0,1,0,255,8,255,32,1785.971,"Pugeuk",R,14,83,122,2.128,0.305,0.268,1.708,0.315,2.165,-36.592,19.862,1,0,377.291,328.103,19.324,0,0,0,5,2,L,"하루（Haru）",190,90,0.498,0,32,W,Y,0,0,0,0,0,0,0,0,0,0,0,0,0,0,0,0,0.05,-37.702,0,"ʚEveɞ",-0.001,-17.795,0,"SUGUN",-19.023,-44.314,0,"mochi_2929",-7.06,-60.733,0,"schmoneymikey",19.716,-46.881,0,"_Chun",11.93,-62.443,0,"소솨소솨",43.326,-95.79,0,"うよすま",2.634,-113.409,0,"Rite_",-43.354,-93.276,0,0,0,0,0,0,"",0,0,0,0,1787.606,1788.187,,,0,0
60,4,1,1,0,1,0,0,0,1,0,255,8,255,33,1799.804,"Pugeuk",R,30,86,140,0.907,-0.313,0.318,1.456,0.547,1.348,-36.592,22.264,2,0,-120.516,-82.297,8.855,0,0,1,5,2,L,"하루（Haru）",190,90,0.498,3,32,W,Y,1800.894,144,158,112,78,49,145,109,-30,-43.14,0.93,0.095,0.345,301.259,19.76,-24.712,0.112,-37.117,0,"ʚEveɞ",0.107,-17.865,0,"SUGUN",-18.893,-44.172,107,"mochi_2929",-9.121,-60.321,0,"schmoneymikey",19.72,-46.856,102,"_Chun",11.515,-61.293,0,"소솨소솨",43.129,-97.212,0,"うよすま",6.127,-117.496,0,"Rite_",-45.331,-94.133,0,1801.029,1.399,-20.67,1802.873,4,"schmoneymikey",21.614,-42.275,0,0,,,1807.351,,292,2
61,4,1,1,0,0,0,1,0,0,1,255,255,8,34,1845.724,"Pugeuk",R,27,80,131,0.796,0.918,0.26,1.627,0.28,1.94,-36.592,23.434,2,0,39.032,-144.377,25.809,0,0,1,6,5,R,"CoalCat",165.4,85.053,0.503,3,86,W,Y,1846.935,182,97,47,64,24,134,77,22.658,19.297,-0.73,0,0.359,378.511,349.031,-279.356,-0.168,-37.504,0,"ʚEveɞ",-0.024,-17.966,0,"SUGUN",-18.914,-44.437,85,"mochi_2929",-12.537,-58.945,0,"schmoneymikey",15.987,-44.044,0,"_Chun",10.813,-56.686,0,"소솨소솨",37.581,-95.314,0,"うよすま",-6.22,-106.23,0,"Rite_",-50.448,-97.664,95,1851.162,-23.603,-77.006,1853.04,8,"Rite_",-29.558,-89.384,1,0,,,1847.494,1855.389,388,2
62,4,1,2,0,0,0,1,1,0,0,5,255,255,35,1874.347,"Pugeuk",R,30,88,140,0.912,0.873,0.323,1.656,0.57,2.021,-36.592,22.26,0,0,-133.042,-102.587,8.434,0,0,0,7,7,R,"TaeGeuk_",176.9,85.656,0.644,0,86,W,Y,0,0,0,0,0,0,0,0,0,0,0,0,0,0,0,0,-0.011,-37.265,0,"ʚEveɞ",-0.003,-17.781,0,"SUGUN",-19.186,-43.948,0,"mochi_2929",-13.118,-59.669,0,"schmoneymikey",18.561,-45.813,0,"_Chun",12.242,-60.996,0,"소솨소솨",39.477,-97.923,0,"うよすま",-8.459,-113.372,0,"Rite_",-47.703,-95.241,0,0,0,0,0,0,"",0,0,0,0,1875.773,,,,0,0
63,4,1,2,0,0,1,1,1,0,0,5,255,255,36,1888.944,"Pugeuk",R,29,87,140,2.485,0.241,0.48,1.56,1.302,1.689,-36.592,35.176,2,0,-170.288,-63.638,17.435,0,0,0,7,7,R,"TaeGeuk_",176.9,85.656,0.644,2,86,W,Y,1890.039,102,29,55,36,20,126,125,-30,33.455,0.43,0,0.178,-446.747,184.063,-24.12,0.371,-37.102,0,"ʚEveɞ",0.064,-17.838,0,"SUGUN",-19.107,-44.02,104,"mochi_2929",-13.106,-60.211,0,"schmoneymikey",19.623,-47.052,0,"_Chun",12.676,-58.894,0,"소솨소솨",39.673,-97.828,0,"うよすま",-12.559,-108.608,0,"Rite_",-48.132,-97.05,0,1890.118,-0.541,-20.219,1891.529,2,"SUGUN",-16.032,-43.555,1,0,,1898.203,,,268,2
64,4,1,2,0,0,0,2,1,0,0,7,255,255,37,1915.213,"Pugeuk",R,30,87,140,-2.971,0.486,-0.046,1.607,-1.143,1.838,-36.592,14.267,2,0,-117.096,-98.925,18.452,0,0,0,8,0,L,"Pring__",190,92.818,0.485,3,86,W,Y,1916.152,189,51,96,92,51,145,94,-14.743,9.66,-0.65,0,0.202,-446.747,184.063,-24.12,-0.332,-36.881,0,"ʚEveɞ",0.032,-17.835,0,"SUGUN",-19.736,-41.583,0,"mochi_2929",-11.783,-60.835,0,"schmoneymikey",19.643,-47.454,0,"_Chun",12.788,-62.008,0,"소솨소솨",44.459,-98.916,0,"うよすま",7.843,-121.943,0,"Rite_",-50.562,-96.746,0,1916.251,-1.152,-24.381,1918.429,3,"mochi_2929",-6.666,-57.808,0,0,,,,,257,2
65,4,0,2,0,0,0,0,0,0,0,255,255,255,26,1970.668,"Pring__",R,32,67,120,1.855,0.073,0.355,1.462,0.372,1.534,-36.138,50.412,2,0,250,-122.266,-0.31,0,0,1,2,2,R,"SUGUN",190,82,0.502,5,86,W,Y,1971.677,186,170,168,109,30,145,130,25.111,-64.24,0.29,0,0.462,48.259,69.34,59.018,-0.036,-37.236,0,"눈꽃",0.096,-18.027,0,"하루（Haru）",-17.619,-43.067,0,"Fresh825",-14.939,-63.466,0,"Kr_Luna",18.811,-51.097,0,"CoalCat",10.555,-64.054,0,"가앤슬_",47.371,-103.006,0,"TaeGeuk_",1.183,-115.563,0,"Sabo_10",-44.236,-94.804,0,0,0,0,0,0,"",0,0,0,0,,,,,256,3
66,4,0,2,0,0,1,0,0,0,0,255,255,255,27,1990.362,"Pring__",R,32,82,133,-1.13,0.49,0.097,1.527,-0.826,1.745,-36.138,29.229,0,0,222.008,-189.862,16.368,0,0,1,2,2,R,"SUGUN",190,82,0.502,0,53,W,Y,0,0,0,0,0,0,0,0,0,0,0,0,0,0,0,0,0.014,-37.514,0,"눈꽃",-0.479,-17.884,0,"하루（Haru）",-17.457,-42.973,0,"Fresh825",-14.473,-63.906,0,"Kr_Luna",20.858,-49.457,0,"CoalCat",11.728,-63.697,0,"가앤슬_",47.333,-102.704,0,"TaeGeuk_",3.931,-116.367,0,"Sabo_10",-43.967,-93.138,0,0,0,0,0,0,"",0,0,0,0,1991.751,,,,0,0
67,4,0,2,0,0,2,0,0,0,0,255,255,255,28,2007.283,"Pring__",R,3,80,107,-3.464,0.332,0.058,1.584,-0.673,1.837,-36.138,25.815,4,0,-423.507,0,19.776,0,0,1,2,2,R,"SUGUN",190,82,0.502,0,53,W,Y,0,0,0,0,0,0,0,0,0,0,0,0,0,0,0,0,-0.001,-37.992,0,"눈꽃",-0.087,-18.671,0,"하루（Haru）",-18.614,-43.487,0,"Fresh825",-14.552,-63.935,0,"Kr_Luna",16.174,-46.565,0,"CoalCat",11.186,-63.674,0,"가앤슬_",47.161,-102.902,0,"TaeGeuk_",1.821,-118.431,0,"Sabo_10",-43.786,-93.052,0,0,0,0,0,0,"",0,0,0,0,2008.873,,,,0,0
68,4,0,2,0,0,0,1,0,0,0,255,255,255,29,2031.345,"Pring__",R,3,73,100,1.696,-0.635,0.618,1.372,1.663,1.293,-36.138,56.852,4,0,-454.546,0,2.916,0,0,1,3,5,L,"_Chun",160,80,0.445,0,86,W,Y,0,0,0,0,0,0,0,0,0,0,0,0,0,0,0,0,-0.041,-37.783,0,"눈꽃",-0.001,-17.998,0,"하루（Haru）",-18.783,-43.276,0,"Fresh825",-13.609,-65.09,0,"Kr_Luna",20.186,-48.692,0,"CoalCat",11.62,-64.083,0,"가앤슬_",47.857,-96.473,0,"TaeGeuk_",1.806,-118.4,0,"Sabo_10",-41.573,-90.318,0,0,0,0,0,0,"",0,0,0,0,2032.94,,,,0,0
69,4,0,2,0,0,1,1,0,0,0,255,255,255,30,2046.71,"Pring__",R,3,75,102,0.326,-0.587,0.617,1.368,1.061,1.318,-36.138,54.442,2,0,-463.636,0,-4.95,0,0,1,3,5,L,"_Chun",160,80,0.445,3,86,W,Y,2047.891,255,93,77,91,37,145,108,-15.21,-31.463,0.88,0,0.319,4.272,-31.315,-39.946,-0.138,-37.422,0,"눈꽃",-0.005,-18.156,0,"하루（Haru）",-18.288,-44.398,86,"Fresh825",-13.506,-65.008,0,"Kr_Luna",20.232,-48.798,96,"CoalCat",11.658,-64.092,0,"가앤슬_",46.315,-96.282,0,"TaeGeuk_",2.336,-121.046,0,"Sabo_10",-42.3,-90.295,0,2047.995,1.562,-23.183,2049.473,4,"Kr_Luna",16.012,-46.719,0,0,,,,,292,2
70,4,0,2,0,0,0,2,0,0,0,255,255,255,31,2073.131,"Pring__",R,32,77,128,0.004,0.728,0.197,1.556,-0.363,1.855,-36.138,33.668,2,0,236.477,-166.168,11.789,0,0,1,4,7,R,"うよすま",174.5,93.035,0.601,3,86,W,Y,2074.332,152,42,132,93,19,145,97,63.903,54.497,-0.19,0.143,0.609,18.517,450.048,-154.113,0.148,-37.361,0,"눈꽃",-0.073,-18.048,0,"하루（Haru）",-18.975,-43.389,0,"Fresh825",-14.996,-63.908,0,"Kr_Luna",16.69,-48.502,0,"CoalCat",9.241,-64.071,0,"가앤슬_",43.28,-91.559,0,"TaeGeuk_",4.363,-117.478,0,"Sabo_10",-42.69,-92.302,0,2080.273,-59.011,-52.386,0,0,"",0,0,0,0,,,,,256,3
71,4,0,2,0,0,1,2,0,0,0,255,255,255,32,2092.337,"Pring__",R,32,79,129,0.189,0.61,0.227,1.534,-0.22,1.778,-36.138,38.04,2,0,196.699,-176.845,8.271,0,0,1,4,7,R,"うよすま",174.5,93.035,0.601,3,86,W,Y,2093.538,216,49,52,41,10,135,92,94.289,-55.465,-0.12,0.048,0.261,413.149,350.779,-142.879,0.064,-37.412,0,"눈꽃",-0.04,-18.077,0,"하루（Haru）",-19.589,-44.847,0,"Fresh825",-15.108,-64.712,0,"Kr_Luna",16.681,-48.473,0,"CoalCat",9.388,-64.894,0,"가앤슬_",40.758,-88.671,0,"TaeGeuk_",1.119,-111.529,0,"Sabo_10",-43.53,-89.5,0,0,0,0,2100.273,1,"눈꽃",-8.725,-5.413,0,0,2100.273,,,,264,1
72,5,1,2,0,0,0,0,0,0,0,255,255,255,38,2151.373,"Pugeuk",R,26,79,129,-0.88,0.441,0.167,1.55,-0.153,1.654,-36.592,24.344,2,0,-159.96,-200,8.734,0,0,1,0,3,L,"Fresh825",172.8,80,0.2,3,57,W,Y,2152.466,197,102,110,100,15,145,126,30.606,-21.101,0.46,0,0.347,132.927,128.301,-17.111,-0.087,-37.546,0,"ʚEveɞ",-0.018,-17.947,0,"SUGUN",-18.543,-44.116,0,"mochi_2929",-10.517,-61.662,72,"schmoneymikey",19.87,-46.087,0,"_Chun",13.067,-59.709,0,"소솨소솨",45.626,-99.084,0,"うよすま",4.118,-114.049,0,"Rite_",-41.073,-92.628,0,2157.818,37.538,-124.469,2159.473,7,"うよすま",33.762,-120.327,1,0,,2162.059,,,273,2
73,5,1,2,0,0,0,0,0,1,0,255,3,255,39,2182.491,"Pugeuk",R,26,84,136,2.124,-0.037,0.4,1.486,0.931,1.437,-36.592,26.128,2,0,-12.86,-162.787,11.905,0,0,1,1,6,R,"가앤슬_",183,83.179,0.2,3,86,W,Y,2183.574,142,31,79,55,26,139,91,-80.126,1.356,-0.47,0,0.214,-543.807,226.338,108.84,0.335,-37.096,120,"ʚEveɞ",0.039,-17.911,0,"SUGUN",-18.774,-44.04,73,"mochi_2929",-11.361,-60.044,0,"schmoneymikey",18.284,-46.903,73,"_Chun",10.272,-59.581,0,"소솨소솨",39.603,-97.341,0,"うよすま",-7.093,-110.221,0,"Rite_",-43.838,-92.402,0,2183.618,0.388,-19.917,2186.629,0,"Pugeuk",0.176,-29.269,1,1,,,2188.7,,292,2
74,5,1,2,0,0,0,1,1,0,0,6,255,255,40,2238.235,"Pugeuk",R,29,83,134,-0.731,-1.264,0.207,1.27,0.034,0.748,-36.592,31.088,2,0,-250,-80.966,26.613,0,0,1,2,4,L,"Kr_Luna",190,95.297,0.498,3,86,W,Y,2239.062,164,108,91,50,24,145,130,-2.856,-7.515,0.62,0,0.075,-357.518,-464.585,-120.604,0.067,-37.066,0,"ʚEveɞ",-0.032,-17.802,0,"SUGUN",-18.375,-44.295,0,"mochi_2929",-11.927,-61.422,70,"schmoneymikey",18.961,-46.282,0,"_Chun",12.805,-59.577,0,"소솨소솨",46.13,-101.868,0,"うよすま",2.808,-115.16,0,"Rite_",-44.778,-96.854,0,2239.184,0.619,-23.65,2242.84,7,"うよすま",14.165,-106.053,1,0,,2243.943,,,273,2
75,5,1,2,0,0,0,1,1,1,0,4,6,255,41,2274.14,"Pugeuk",R,26,95,140,-2.213,-1.726,0.016,1.157,-0.856,0.38,-36.592,27.39,1,0,-80.4,-180.016,20.739,0,0,0,3,1,L,"눈꽃",190,90,0.6,0,85,W,Y,0,0,0,0,0,0,0,0,0,0,0,0,0,0,0,0,-0.05,-37.355,0,"ʚEveɞ",-0.152,-17.963,0,"SUGUN",-19.402,-42.696,0,"mochi_2929",-5.391,-61.521,0,"schmoneymikey",19.583,-44.128,0,"_Chun",12.186,-60.388,0,"소솨소솨",49.652,-102.141,0,"うよすま",-0.144,-113.188,0,"Rite_",-46.598,-95.356,0,0,0,0,0,0,"",0,0,0,0,2275.351,2277.002,,,0,0
76,5,1,2,0,1,0,1,1,1,0,4,6,255,42,2293.049,"Pugeuk",R,29,91,140,-0.988,0.145,0.151,1.551,-0.23,1.655,-36.592,23.447,0,0,-151.394,-57.028,7.83,0,0,1,3,1,L,"눈꽃",190,90,0.6,0,85,W,Y,0,0,0,0,0,0,0,0,0,0,0,0,0,0,0,0,0.054,-37.305,0,"ʚEveɞ",-0.067,-17.93,0,"SUGUN",-18.973,-43.994,0,"mochi_2929",-7.691,-60.987,0,"schmoneymikey",19.393,-44.022,0,"_Chun",12.235,-58.529,0,"소솨소솨",49.741,-102.114,0,"うよすま",3.787,-111.067,0,"Rite_",-47.401,-96.223,0,0,0,0,0,0,"",0,0,0,0,2294.229,2295.936,,,0,0
77,5,1,2,0,1,1,1,1,1,0,4,6,255,43,2308.936,"Pugeuk",R,14,91,126,-2.584,-0.684,-0.151,1.527,-1.63,1.579,-36.592,2.71,4,0,333.077,372.908,29.077,0,0,1,3,1,L,"눈꽃",190,90,0.6,0,85,W,Y,0,0,0,0,0,0,0,0,0,0,0,0,0,0,0,0,-0.172,-37.527,0,"ʚEveɞ",-0.21,-17.903,0,"SUGUN",-19.027,-42.882,0,"mochi_2929",-6.516,-62.074,0,"schmoneymikey",19.567,-44.162,0,"_Chun",12.89,-57.768,0,"소솨소솨",49.585,-102.162,0,"うよすま",5.538,-112.627,0,"Rite_",-47.399,-96.875,0,0,0,0,0,0,"",0,0,0,0,2310.284,2312.365,,,0,0
78,5,1,2,0,1,2,1,1,1,0,4,6,255,44,2326.814,"Pugeuk",R,3,68,96,-1.415,-0.959,0.585,1.586,1.041,1.727,-36.592,35.722,2,0,-436.364,0,0,0,0,1,3,1,L,"눈꽃",190,90,0.6,3,85,W,Y,2327.897,255,142,52,112,51,136,102,111.989,-43.232,0.04,0,0.333,54.817,248.57,150.99,-0.367,-37.765,0,"ʚEveɞ",-0.023,-17.948,0,"SUGUN",-18.68,-44.019,0,"mochi_2929",-7.489,-61.424,0,"schmoneymikey",18.269,-45.744,0,"_Chun",13.369,-58.154,0,"소솨소솨",49.418,-102.055,0,"うよすま",3.672,-110.733,0,"Rite_",-45.208,-97.648,0,0,0,0,0,0,"",0,0,0,0,,2327.314,,,257,3
79,5,1,2,0,1,2,1,1,1,0,4,6,255,45,2364.618,"Pugeuk",R,26,83,134,0.176,1.86,0.21,1.853,0.046,2.636,-36.592,35.393,2,0,16.805,-156.741,23.37,0,0,1,3,1,L,"눈꽃",190,90,0.6,3,76,W,Y,2365.527,163,120,102,58,9,145,130,21.878,18.755,0.5,0,0.312,8.093,220.492,-38.097,-0.055,-36.956,0,"ʚEveɞ",-0.018,-17.84,0,"SUGUN",-19.684,-44.88,0,"mochi_2929",-6.253,-60.663,0,"schmoneymikey",17.961,-45.651,0,"_Chun",11.718,-60.481,72,"소솨소솨",47.32,-99.657,0,"うよすま",0.702,-111.045,0,"Rite_",-48.361,-97.493,106,2370.162,-41.345,-123.752,2371.74,8,"Rite_",-37.843,-117.697,1,8,,2370.887,2371.528,2376.544,392,2
80,5,1,3,0,0,0,2,0,0,1,255,255,4,46,2401.03,"Pugeuk",R,26,81,132,-2.045,1.617,0.046,1.79,-0.715,2.453,-36.592,28.345,2,0,-125.782,-160.341,13.548,0,0,1,4,8,L,"Sabo_10",185.1,87.575,0.449,3,84,W,Y,2401.841,238,83,156,76,33,145,89,101.904,-60.312,-0.79,0,0.525,300.046,20.477,1.912,-0.086,-36.959,0,"ʚEveɞ",0.017,-18.006,0,"SUGUN",-19.234,-44.371,0,"mochi_2929",-11.316,-62.151,0,"schmoneymikey",16.302,-44.512,0,"_Chun",11.877,-61.174,0,"소솨소솨",46.728,-102.765,0,"うよすま",6.536,-115.198,0,"Rite_",-46.465,-95.924,0,0,0,0,0,0,"",0,0,0,0,,,2405.59,,256,3
81,5,1,3,0,0,1,2,0,0,1,255,255,4,47,2416.239,"Pugeuk",R,6,81,118,3.486,0.618,0.349,1.651,0.695,1.989,-36.592,22.865,4,0,500,0,20.269,0,0,1,4,8,L,"Sabo_10",185.1,87.575,0.449,0,84,W,Y,0,0,0,0,0,0,0,0,0,0,0,0,0,0,0,0,0.255,-37.204,0,"ʚEveɞ",0.097,-17.816,0,"SUGUN",-19.331,-44.56,0,"mochi_2929",-11.734,-61.957,0,"schmoneymikey",17.756,-43.208,0,"_Chun",12.8,-63.816,0,"소솨소솨",46.149,-100.195,0,"うよすま",5.648,-112.623,0,"Rite_",-47.559,-96.227,0,0,0,0,0,0,"",0,0,0,0,2417.518,,,,0,0
82,5,1,3,0,0,2,2,0,0,1,255,255,4,48,2429.726,"Pugeuk",R,10,90,128,1.751,-0.447,0.379,1.581,0.831,1.755,-36.592,21.942,1,0,-54.486,400,3.529,0,0,0,4,8,L,"Sabo_10",185.1,87.575,0.449,0,84,W,Y,0,0,0,0,0,0,0,0,0,0,0,0,0,0,0,0,-0.237,-37.434,0,"ʚEveɞ",0.08,-17.805,0,"SUGUN",-19.249,-44.476,0,"mochi_2929",-11.336,-61.084,0,"schmoneymikey",16.331,-43.977,0,"_Chun",12.844,-63.66,0,"소솨소솨",46.177,-100.229,0,"うよすま",5.67,-112.467,0,"Rite_",-48.017,-95.929,0,0,0,0,0,0,"",0,0,0,0,2430.951,,2431.885,,0,0
83,5,1,3,0,1,2,2,0,0,1,255,255,4,49,2443.657,"Pugeuk",R,4,66,113,3.232,0.949,0.591,1.713,1.819,2.197,-36.592,57.827,4,0,-249.136,0,8.736,0,0,1,4,8,L,"Sabo_10",185.1,87.575,0.449,0,84,W,Y,0,0,0,0,0,0,0,0,0,0,0,0,0,0,0,0,-0.164,-37.234,0,"ʚEveɞ",0.044,-17.822,0,"SUGUN",-19.17,-44.024,0,"mochi_2929",-10.96,-60.121,0,"schmoneymikey",18.234,-44.366,0,"_Chun",12.859,-63.35,0,"소솨소솨",46.173,-100.231,0,"うよすま",5.451,-112.146,0,"Rite_",-47.917,-96.081,0,0,0,0,0,0,"",0,0,0,0,2444.929,,,,0,0
84,5,0,3,0,0,0,0,0,0,0,255,255,255,33,2512.135,"Pring__",R,13,74,101,-1.837,-0.73,0.244,1.522,-0.094,1.707,-36.138,37.684,2,0,-350.788,322.554,8.484,0,0,1,5,4,L,"schmoneymikey",175.2,80,0.348,3,83,W,Y,2513.366,188,122,111,78,56,145,114,-30,23.625,0.86,0,0.231,68.722,179.686,-35.909,-0.401,-37.685,0,"눈꽃",-0.347,-17.918,0,"하루（Haru）",-17.324,-44.331,87,"Fresh825",-12.696,-64.278,95,"Kr_Luna",20.222,-51.926,0,"CoalCat",11.023,-64.496,0,"가앤슬_",48.02,-98.822,0,"TaeGeuk_",-0.537,-107.122,0,"Sabo_10",-42.695,-89.346,0,2513.54,-0.872,-21.905,2515.507,3,"Fresh825",-17.462,-59.699,0,0,,,,,289,2
85,5,0,3,0,0,0,1,0,0,0,255,255,255,34,2539.768,"Pring__",R,32,80,130,1.569,-0.004,0.34,1.447,0.302,1.486,-36.138,41.59,2,0,250,-135.241,-0.473,0,0,1,6,0,R,"소솨소솨",190,80,0.405,3,83,W,Y,2540.825,255,88,105,0,43,135,85,11.114,-29.612,-0.77,0,0.67,-298.696,-191.251,21.547,-0.069,-36.93,0,"눈꽃",-0.053,-17.88,0,"하루（Haru）",-18.703,-43.201,0,"Fresh825",-15.412,-63.7,0,"Kr_Luna",16.395,-49.798,85,"CoalCat",9.075,-65.322,0,"가앤슬_",43.804,-97.349,0,"TaeGeuk_",-0.208,-107.475,0,"Sabo_10",-40.995,-93.022,0,2542.618,18.829,-50.44,2542.795,4,"Kr_Luna",16.723,-47.054,0,0,,,,,260,1
86,5,0,3,0,0,0,2,0,0,0,255,255,255,35,2563.217,"Pring__",R,32,82,133,-0.051,0.528,0.196,1.537,-0.368,1.785,-36.138,33.088,0,0,236.466,-145.874,11.529,0,0,1,7,8,R,"Rite_",180,80,0.453,0,83,W,Y,0,0,0,0,0,0,0,0,0,0,0,0,0,0,0,0,-0.121,-37.36,0,"눈꽃",-0.332,-17.611,0,"하루（Haru）",-18.997,-43.971,0,"Fresh825",-16.448,-62.927,0,"Kr_Luna",17.297,-48.555,0,"CoalCat",8.118,-64.515,0,"가앤슬_",43.036,-94.69,0,"TaeGeuk_",-4.321,-112.592,0,"Sabo_10",-41.475,-92.028,0,0,0,0,0,0,"",0,0,0,0,2564.74,,,,0,0
87,5,0,3,0,0,1,2,0,0,0,255,255,255,36,2578.39,"Pring__",R,32,78,128,1.257,0.866,0.309,1.579,0.161,1.928,-36.138,46.578,0,0,250,-197.463,2.673,0,0,1,7,8,R,"Rite_",180,80,0.453,0,83,W,Y,0,0,0,0,0,0,0,0,0,0,0,0,0,0,0,0,-0.025,-37.938,0,"눈꽃",-0.735,-17.608,0,"하루（Haru）",-18.926,-44.318,0,"Fresh825",-16.409,-62.917,0,"Kr_Luna",17.456,-48.555,0,"CoalCat",8.139,-64.518,0,"가앤슬_",41.542,-104.472,0,"TaeGeuk_",-1.314,-111.325,0,"Sabo_10",-42.262,-93.825,0,0,0,0,0,0,"",0,0,0,0,2579.884,,,,0,0
88,5,0,3,0,0,2,2,0,0,0,255,255,255,37,2594.389,"Pring__",R,13,82,107,-3.373,-0.857,0.033,1.459,-0.751,1.563,-36.138,22.373,4,0,-377.272,315.551,15.374,0,0,1,7,8,R,"Rite_",180,80,0.453,0,83,W,Y,0,0,0,0,0,0,0,0,0,0,0,0,0,0,0,0,-0.365,-37.628,0,"눈꽃",-0.179,-18.143,0,"하루（Haru）",-19.059,-44.05,0,"Fresh825",-16.461,-62.785,0,"Kr_Luna",18.017,-48.574,0,"CoalCat",7.862,-64.304,0,"가앤슬_",36.445,-95.781,0,"TaeGeuk_",-2.542,-116.261,0,"Sabo_10",-43.457,-93.861,0,0,0,0,0,0,"",0,0,0,0,2596.04,,,,0,0
89,6,1,3,0,0,0,0,0,0,0,255,255,255,50,2664.855,"소솨소솨",R,34,85,137,-1.573,0.319,0.023,1.563,-0.821,1.746,-36.569,8.547,1,0,97.707,-77.457,4.464,0,0,0,5,2,L,"하루（Haru）",190,90,0.498,0,83,W,Y,0,0,0,0,0,0,0,0,0,0,0,0,0,0,0,0,0.063,-37.883,0,"ʚEveɞ",-0.189,-17.654,0,"SUGUN",-18.632,-44.478,0,"mochi_2929",-8.535,-61.666,0,"schmoneymikey",19.781,-46.711,0,"_Chun",13.11,-58.405,0,"Pugeuk",47.827,-92.173,0,"うよすま",3.701,-116.474,0,"Rite_",-39.701,-90.583,0,0,0,0,0,0,"",0,0,0,0,2666.396,,,,0,0
90,6,1,3,0,1,0,0,0,0,0,255,255,255,51,2679.573,"소솨소솨",R,33,85,138,0.681,-0.197,0.229,1.469,0.135,1.44,-36.569,12.596,2,0,113.081,-58.913,-0.741,0,0,1,5,2,L,"하루（Haru）",190,90,0.498,3,83,W,Y,2680.672,255,117,91,143,23,145,130,25.471,-42.864,0.5,0.143,0.26,273.52,185.651,-71.179,-0.11,-37.709,0,"ʚEveɞ",-0.02,-17.75,0,"SUGUN",-18.559,-44.232,0,"mochi_2929",-10.979,-62.295,0,"schmoneymikey",19.66,-46.612,0,"_Chun",13.357,-58.728,0,"Pugeuk",47.364,-92.765,0,"うよすま",5.731,-116.698,0,"Rite_",-40.095,-91.046,0,2685.529,76.939,-108.562,0,0,"",0,0,0,0,,2690.961,2696.06,,64,4
91,6,1,4,0,0,0,0,0,0,0,255,255,255,52,2716.963,"소솨소솨",R,33,81,132,0.759,1.068,0.236,1.655,0.169,2.101,-36.569,6.648,2,0,101.709,-72.747,3.025,0,0,1,6,5,R,"CoalCat",165.4,85.053,0.503,3,83,W,Y,2718.427,255,48,41,46,11,129,106,-30,45.019,0.09,0,0.345,-331.538,449.95,-49.433,0.297,-37.596,0,"ʚEveɞ",-0.178,-17.376,0,"SUGUN",-18.993,-44.499,92,"mochi_2929",-11.775,-60.492,0,"schmoneymikey",20.178,-48.304,0,"_Chun",12.684,-60.625,0,"Pugeuk",45.462,-91.767,0,"うよすま",-6.638,-109.92,0,"Rite_",-42.859,-95.074,0,2718.518,-1.71,-21.288,2720.073,2,"SUGUN",-21.088,-40.371,0,0,,,,,68,2
92,6,1,4,0,0,1,0,0,0,0,255,255,255,53,2734.613,"소솨소솨",R,32,92,140,-0.011,0.147,0.122,1.508,-0.362,1.551,-36.569,10.084,0,0,250,-126.861,4.976,0,0,0,6,5,R,"CoalCat",165.4,85.053,0.503,0,36,W,Y,0,0,0,0,0,0,0,0,0,0,0,0,0,0,0,0,-0.035,-38.031,0,"ʚEveɞ",-0.046,-17.792,0,"SUGUN",-18.898,-44.659,0,"mochi_2929",-11.219,-60.213,0,"schmoneymikey",18.49,-48.181,0,"_Chun",12.767,-61.577,0,"Pugeuk",39.855,-95.844,0,"うよすま",-8.993,-109.669,0,"Rite_",-47.767,-94.475,0,0,0,0,0,0,"",0,0,0,0,2736.207,,,,0,0
93,6,1,4,0,0,2,0,0,0,0,255,255,255,54,2747.217,"소솨소솨",R,34,77,128,-2.541,-1.301,-0.065,1.313,-1.234,0.827,-36.569,26.012,4,0,81.384,-55.224,0.993,0,0,1,6,5,R,"CoalCat",165.4,85.053,0.503,0,36,W,Y,0,0,0,0,0,0,0,0,0,0,0,0,0,0,0,0,-0.001,-38.08,0,"ʚEveɞ",-0.133,-17.745,0,"SUGUN",-19.124,-44.051,0,"mochi_2929",-12.092,-60.203,0,"schmoneymikey",19.178,-47.766,0,"_Chun",12.21,-59.937,0,"Pugeuk",39.963,-95.857,0,"うよすま",-7.631,-108.87,0,"Rite_",-47.863,-94.405,0,0,0,0,0,0,"",0,0,0,0,2748.995,,,,0,0
94,6,1,4,0,0,0,1,0,0,0,255,255,255,55,2769.365,"소솨소솨",R,28,86,140,0.88,0.7,0.262,1.619,0.289,1.944,-36.569,0.768,0,0,62.909,-77.409,3.13,0,0,0,7,0,R,"TaeGeuk_",176.9,85.656,0.644,0,83,W,Y,0,0,0,0,0,0,0,0,0,0,0,0,0,0,0,0,0.272,-37.848,0,"ʚEveɞ",-0.008,-17.78,0,"SUGUN",-18.956,-44.323,0,"mochi_2929",-13.272,-61.291,0,"schmoneymikey",19.508,-47.637,0,"_Chun",12.9,-59.987,0,"Pugeuk",40.12,-95.912,0,"うよすま",-9.598,-114.032,0,"Rite_",-47.886,-94.573,0,0,0,0,0,0,"",0,0,0,0,2770.573,,,,0,0
95,6,1,4,0,0,1,1,0,0,0,255,255,255,56,2780.489,"소솨소솨",R,34,81,132,-0.531,-0.011,0.118,1.495,-0.38,1.515,-36.569,12.242,2,0,98.26,-85.045,4.165,0,0,1,7,0,R,"TaeGeuk_",176.9,85.656,0.644,2,83,W,Y,2781.413,143,42,110,100,38,145,88,102.567,-64.947,-0.68,0,0.267,413.674,296.379,10.873,0.293,-37.737,0,"ʚEveɞ",-0.066,-17.787,0,"SUGUN",-18.812,-44.372,0,"mochi_2929",-13.27,-61.363,0,"schmoneymikey",19.838,-48.449,0,"_Chun",12.564,-59.992,0,"Pugeuk",38.353,-97.85,0,"うよすま",-8.249,-115.114,0,"Rite_",-47.807,-94.558,0,0,0,0,0,0,"",0,0,0,0,,,,,64,3
96,6,1,4,0,0,2,1,0,0,0,255,255,255,57,2800.831,"소솨소솨",R,33,85,138,1.487,1.176,0.297,1.69,0.452,2.192,-36.569,13.082,2,0,133.672,-106.401,2.466,0,0,1,7,0,R,"TaeGeuk_",176.9,85.656,0.644,2,83,W,Y,2801.675,139,67,95,65,29,141,127,109.259,-32.385,0.46,0,0.172,-190.807,481.408,-191.886,0.231,-37.657,0,"ʚEveɞ",-0.01,-17.749,0,"SUGUN",-19.081,-44.609,0,"mochi_2929",-13.711,-62.041,0,"schmoneymikey",19.814,-47.742,0,"_Chun",12.912,-62.384,0,"Pugeuk",35.367,-96.845,0,"うよすま",-12.228,-116.732,0,"Rite_",-47.61,-94.434,0,0,0,0,0,0,"",0,0,0,0,,,,,64,3
97,6,1,4,0,0,2,1,0,0,0,255,255,255,58,2816.661,"소솨소솨",R,33,85,138,-0.815,-0.468,0.089,1.425,-0.515,1.272,-36.569,9.594,0,0,112.178,-66.341,-0.455,0,0,1,7,0,R,"TaeGeuk_",176.9,85.656,0.644,0,83,W,Y,0,0,0,0,0,0,0,0,0,0,0,0,0,0,0,0,0.176,-37.976,0,"ʚEveɞ",-0.194,-17.912,0,"SUGUN",-18.954,-44.307,0,"mochi_2929",-13.378,-62.273,0,"schmoneymikey",19.501,-47.334,0,"_Chun",11.294,-59.29,0,"Pugeuk",35.947,-97.243,0,"うよすま",-14.142,-117.991,0,"Rite_",-47.165,-95.781,0,0,0,0,0,0,"",0,0,0,0,2817.951,,,,0,0
98,6,1,4,0,0,0,2,0,0,0,255,255,255,59,2836.964,"소솨소솨",R,33,82,133,-0.397,0.767,0.13,1.655,-0.325,2.042,-36.569,8.715,2,0,107.969,-58.799,1.972,0,0,0,8,7,L,"Pring__",190,92.818,0.485,3,83,W,Y,2838.041,197,143,84,107,71,145,130,92.755,-70.538,0.43,0,0.445,-190.807,481.408,-191.886,-0.098,-37.001,0,"ʚEveɞ",-0.094,-17.711,0,"SUGUN",-19.118,-44.584,0,"mochi_2929",-12.812,-62.351,0,"schmoneymikey",19.971,-48.218,0,"_Chun",13.578,-58.076,0,"Pugeuk",44.084,-105.103,0,"うよすま",7.398,-121.498,0,"Rite_",-46.678,-97.526,0,2846.606,-22.052,-6.09,0,0,"",0,0,0,0,,,,,64,3
99,6,1,4,0,0,1,2,0,0,0,255,255,255,60,2858.814,"소솨소솨",R,32,90,140,-0.209,0.524,0.137,1.604,-0.294,1.877,-36.569,6.593,0,0,155.087,-80.581,2.263,0,0,0,8,7,L,"Pring__",190,92.818,0.485,0,83,W,Y,0,0,0,0,0,0,0,0,0,0,0,0,0,0,0,0,0.011,-37.866,0,"ʚEveɞ",-0.026,-17.67,0,"SUGUN",-18.879,-44.259,0,"mochi_2929",-13.766,-62.204,0,"schmoneymikey",20.212,-47.404,0,"_Chun",13.077,-58.147,0,"Pugeuk",43.151,-105.159,0,"うよすま",9.833,-122.69,0,"Rite_",-46.733,-100.249,0,0,0,0,0,0,"",0,0,0,0,2860.329,,,,0,0
100,6,1,4,0,0,2,2,0,0,0,255,255,255,61,2873.109,"소솨소솨",R,33,86,140,-1.61,0.252,0.021,1.554,-0.833,1.714,-36.569,5.86,2,0,101.568,-70.879,4.036,0,0,0,8,7,L,"Pring__",190,92.818,0.485,3,83,W,Y,2874.286,189,84,102,97,51,145,108,27.785,-14.539,0.03,0,0.333,218.725,109.687,-52.312,0.066,-37.115,0,"ʚEveɞ",0.064,-17.761,0,"SUGUN",-18.909,-44.316,0,"mochi_2929",-12.677,-62.992,0,"schmoneymikey",20.514,-48.368,0,"_Chun",12.902,-58.278,0,"Pugeuk",43.311,-105.097,123,"うよすま",5.945,-124.724,0,"Rite_",-47.331,-100.907,0,2879.396,27.332,-111.926,2879.662,6,"Pugeuk",26.022,-108.204,0,0,2921.618,,,,392,1
101,6,0,4,0,0,0,0,0,0,0,255,255,255,38,3008.987,"TaeGeuk_",R,32,87,140,-0.837,0.186,0.288,1.04,-0.676,1.783,-36.83,18.942,2,0,222.1,31.004,15.397,0,0,1,8,6,R,"Pugeuk",190,80,0.347,3,83,W,Y,3009.976,235,53,28,2,1,45,51,-19.822,15.964,0.93,0,0.569,-274.63,-12.736,27.163,0.316,-37.314,0,"눈꽃",-0.085,-17.827,0,"하루（Haru）",-19.339,-44.269,79,"Fresh825",-17.372,-61.553,0,"Kr_Luna",18.206,-51.831,0,"CoalCat",7.868,-64.915,0,"가앤슬_",44.115,-102.245,0,"Pring__",-7.913,-122.391,0,"Sabo_10",-48.388,-97.693,0,3010.106,-0.87,-20.988,3011.496,0,"TaeGeuk_",-3.918,-33.917,1,0,,,,,160,2
102,6,0,4,0,0,0,0,1,0,0,16,255,255,39,3038.391,"TaeGeuk_",R,32,89,140,4.867,-2.306,0.481,0.891,0.223,1.268,-36.83,40.065,2,0,250,33.691,2.368,0,0,1,0,3,R,"mochi_2929",174.7,93.617,0.463,3,83,W,Y,3039.42,208,34,89,64,28,145,114,-18.452,-27.202,0.12,0,0.219,-494.306,-290.06,-164.375,0.631,-37.007,0,"눈꽃",-0.045,-17.682,0,"하루（Haru）",-17.977,-40.464,85,"Fresh825",-14.157,-61.295,105,"Kr_Luna",16.997,-51.569,86,"CoalCat",6.704,-64.498,0,"가앤슬_",43.79,-99.36,0,"Pring__",-6.886,-125.855,0,"Sabo_10",-44.742,-97.424,0,3039.496,1.167,-21.392,3041.051,4,"Kr_Luna",16.063,-50.181,1,0,,3043.612,,,165,2
103,6,0,4,0,0,0,1,1,0,0,13,255,255,40,3071.613,"TaeGeuk_",R,33,84,137,-0.653,-0.097,0.33,0.981,-0.482,1.592,-36.83,25.994,2,0,138.023,17.416,11.124,0,0,1,1,1,L,"ʚEveɞ",190,95.155,0.452,3,83,W,Y,3072.59,182,105,101,53,4,145,130,26.752,-44.082,0.44,0,0.323,146.95,-335.997,83.1,0.452,-36.865,0,"눈꽃",-0.12,-17.921,0,"하루（Haru）",-16.582,-42.061,0,"Fresh825",-11.957,-63.576,0,"Kr_Luna",17.56,-50.737,0,"CoalCat",6.777,-62.28,0,"가앤슬_",41.438,-97.346,0,"Pring__",9.278,-124.79,0,"Sabo_10",-40.916,-94.736,0,3077.429,87.587,-96.843,0,0,"",0,0,0,0,,,,,128,3
104,6,0,4,0,0,1,1,1,0,0,13,255,255,41,3092.838,"TaeGeuk_",R,3,81,109,-2.293,-0.326,0.322,0.904,-0.345,1.447,-36.83,29.702,2,0,-365.621,0,5.033,0,0,1,1,1,L,"ʚEveɞ",190,95.155,0.452,3,57,W,Y,3093.957,178,113,102,65,28,145,96,-16.446,31.419,-0.56,0,0.417,-518.348,217.692,11.961,0.294,-37.819,0,"눈꽃",-0.28,-18.029,0,"하루（Haru）",-18.164,-40.744,0,"Fresh825",-4.014,-62.542,103,"Kr_Luna",19.77,-50.661,65,"CoalCat",10.158,-62.486,0,"가앤슬_",46.841,-97.74,0,"Pring__",10.468,-124.691,0,"Sabo_10",-42.494,-99.111,0,3094.073,-2.027,-23.733,3098.084,8,"Sabo_10",-35.912,-81.019,1,0,,3096.233,3101.47,,149,2
105,6,0,4,0,0,0,1,1,0,1,11,255,13,42,3126.039,"TaeGeuk_",R,3,79,106,-4.169,-0.3,0.1,0.923,-1.035,1.487,-36.83,21.941,4,0,-414.58,16.047,57.605,0,0,1,2,2,R,"SUGUN",190,82,0.502,0,83,W,Y,0,0,0,0,0,0,0,0,0,0,0,0,0,0,0,0,0.183,-37.733,0,"눈꽃",-0.907,-18.233,0,"하루（Haru）",-15.826,-42.284,0,"Fresh825",-12.124,-59.548,0,"Kr_Luna",17.684,-47.74,0,"CoalCat",5.604,-62.28,0,"가앤슬_",46.048,-106.211,0,"Pring__",-13.12,-123.676,0,"Sabo_10",-39.653,-88.214,0,0,0,0,0,0,"",0,0,0,0,3127.373,,3130.546,,0,0
106,6,0,4,0,0,1,1,1,0,1,11,255,13,43,3141.1,"TaeGeuk_",R,3,81,111,-2.708,-0.613,0.221,0.886,-0.659,1.407,-36.83,26.987,4,0,-277.802,108.309,42.505,0,0,1,2,2,R,"SUGUN",190,82,0.502,0,83,W,Y,0,0,0,0,0,0,0,0,0,0,0,0,0,0,0,0,-0.256,-37.89,0,"눈꽃",-0.914,-18.094,0,"하루（Haru）",-17.212,-41.077,0,"Fresh825",-12.177,-59.615,0,"Kr_Luna",19.159,-44.709,0,"CoalCat",4.191,-62.572,0,"가앤슬_",46.059,-106.22,0,"Pring__",-5.888,-122.55,0,"Sabo_10",-42.803,-88.002,0,0,0,0,0,0,"",0,0,0,0,3142.573,,3143.156,,0,0
107,6,0,4,0,0,2,1,1,0,1,11,255,13,44,3157.012,"TaeGeuk_",R,0,77,114,-0.481,-0.797,0.365,0.765,-0.213,1.146,-36.83,46.215,0,0,-4.302,0,-0.782,0,0,0,2,2,R,"SUGUN",190,82,0.502,0,83,W,Y,0,0,0,0,0,0,0,0,0,0,0,0,0,0,0,0,0.454,-36.906,0,"눈꽃",-0.99,-18.215,0,"하루（Haru）",-16.693,-42.69,0,"Fresh825",-12.203,-59.523,0,"Kr_Luna",20.091,-45.643,0,"CoalCat",0.203,-58.588,0,"가앤슬_",46.049,-106.206,0,"Pring__",-2.935,-119.929,0,"Sabo_10",-45.18,-91.989,0,0,0,0,0,0,"",0,0,0,0,3158.34,3160.53,3159.622,,0,0
108,6,0,4,0,0,0,2,0,1,1,255,11,13,45,3180.424,"TaeGeuk_",R,0,89,140,0.888,0.057,0.513,1,0.371,1.655,-36.83,44.71,0,0,0,0,0,0,0,0,3,5,L,"_Chun",160,80,0.445,0,83,W,Y,0,0,0,0,0,0,0,0,0,0,0,0,0,0,0,0,0.567,-37.371,0,"눈꽃",-0.283,-17.833,0,"하루（Haru）",-17.275,-44.367,0,"Fresh825",-8.977,-61.854,0,"Kr_Luna",19.025,-43.57,0,"CoalCat",11.638,-61.832,0,"가앤슬_",49.417,-103.768,0,"Pring__",10.986,-125.085,0,"Sabo_10",-38.667,-87.965,0,0,0,0,0,0,"",0,0,0,0,3181.684,3182.964,,,0,0
109,6,0,4,0,0,1,2,0,1,1,255,11,13,46,3194.703,"TaeGeuk_",R,0,67,120,4.485,-2.572,0.694,0.656,1.933,0.268,-36.83,69.239,1,0,0,0,-4.136,0.84,-19.112,0,3,5,L,"_Chun",160,80,0.445,0,83,W,Y,0,0,0,0,0,0,0,0,0,0,0,0,0,0,0,0,0.39,-37.238,0,"눈꽃",0.049,-17.919,0,"하루（Haru）",-17.086,-44.439,0,"Fresh825",-9.514,-62.677,0,"Kr_Luna",18.386,-44.584,0,"CoalCat",11.181,-63.416,0,"가앤슬_",49.467,-98.535,0,"Pring__",10.188,-123.658,0,"Sabo_10",-37.01,-86.119,0,0,0,0,0,0,"",0,0,0,0,3195.996,3197.238,3197.093,,0,0
110,6,0,4,0,1,1,2,0,1,1,255,11,13,47,3209.181,"TaeGeuk_",R,2,80,118,-1.338,-2.136,0.443,0.605,0.047,0.136,-36.83,53.947,2,0,-384.538,-319.579,4.408,0,0,1,3,5,L,"_Chun",160,80,0.445,3,83,W,Y,3210.238,206,123,86,73,37,145,119,25.19,13.426,0.55,0,0.248,-477.749,-179.201,40.06,0.702,-37.11,0,"눈꽃",-0.155,-17.893,0,"하루（Haru）",-17.644,-45.15,0,"Fresh825",-13.725,-65.024,0,"Kr_Luna",18.264,-47.541,66,"CoalCat",12.23,-63.019,0,"가앤슬_",46.639,-89.658,0,"Pring__",9.879,-121.763,96,"Sabo_10",-38.198,-89.332,0,3214.529,-19.03,-117.755,3216.673,7,"Pring__",-17.953,-131.473,1,0,,3219.671,3216.305,3215.735,388,2
111,6,0,4,2,0,0,2,0,1,0,255,15,255,48,3243.293,"TaeGeuk_",R,0,76,127,-0.037,-0.664,0.427,0.884,-0.03,1.245,-36.83,28.473,2,0,0,0,0,0,0,1,4,7,R,"うよすま",174.5,93.035,0.601,3,42,W,Y,3244.315,172,54,124,72,17,145,101,27.764,33.824,0,0.095,0.42,270.543,427.214,-317.348,0.618,-37.504,0,"눈꽃",-0.085,-17.792,0,"하루（Haru）",-18.62,-43.56,0,"Fresh825",-15.322,-63.681,0,"Kr_Luna",18.206,-46.937,0,"CoalCat",10.822,-63.377,0,"가앤슬_",44.101,-97.855,0,"Pring__",-1.473,-120.944,0,"Sabo_10",-43.59,-94.035,0,0,0,0,3249.307,8,"Sabo_10",-53.337,-86.343,0,0,,,3249.841,,208,1
112,7,1,4,2,0,0,0,0,0,0,255,255,255,62,3289.846,"소솨소솨",R,33,83,135,1.864,-0.019,0.329,1.503,0.6,1.539,-36.569,7.785,1,0,145.234,-56.404,-0.489,0,0,0,0,3,L,"Fresh825",172.8,80,0.2,0,58,W,Y,0,0,0,0,0,0,0,0,0,0,0,0,0,0,0,0,0.121,-37.954,0,"ʚEveɞ",-0.006,-17.92,0,"SUGUN",-19.302,-44.969,0,"mochi_2929",-8.341,-60.608,0,"schmoneymikey",19.551,-47.728,0,"_Chun",11.914,-61.868,0,"Pugeuk",40.099,-92.553,0,"うよすま",3.67,-115.943,0,"Rite_",-40.685,-92.196,0,0,0,0,0,0,"",0,0,0,0,3291.118,,,,0,0
113,7,1,4,2,1,0,0,0,0,0,255,255,255,63,3301.119,"소솨소솨",R,33,84,136,0.394,-0.162,0.203,1.479,0.012,1.453,-36.569,8.441,2,0,111.096,-62.63,-0.123,0,0,1,0,3,L,"Fresh825",172.8,80,0.2,3,58,W,Y,3302.186,255,110,145,111,16,145,126,19.659,-15.907,0.54,0,0.124,80.495,-53.281,-12.609,0.075,-37.691,0,"ʚEveɞ",0.007,-17.811,0,"SUGUN",-19.317,-44.764,0,"mochi_2929",-11.988,-62.238,73,"schmoneymikey",19.4,-47.199,0,"_Chun",12.479,-59.895,0,"Pugeuk",39.674,-92.561,0,"うよすま",1.3,-114.26,0,"Rite_",-41.522,-92.865,0,3307.084,32.322,-127.693,3308.318,7,"うよすま",28.517,-122.964,1,0,,3311.443,,,81,2
114,7,1,4,2,0,0,0,0,1,0,255,3,255,64,3329.598,"소솨소솨",R,34,81,131,0.884,0.93,0.257,1.671,0.264,2.112,-36.569,7.832,2,0,75.592,-59.335,0.599,0,0,1,1,6,R,"가앤슬_",183,83.179,0.2,3,82,W,Y,3330.749,220,50,72,70,34,145,128,94.081,-71.673,0.52,0,0.336,53.113,-54.866,4.441,0.044,-37.73,0,"ʚEveɞ",0.014,-17.75,0,"SUGUN",-19.092,-44.831,0,"mochi_2929",-12.581,-60.717,0,"schmoneymikey",18.312,-45.664,0,"_Chun",11.19,-61.44,0,"Pugeuk",37.806,-98.336,0,"うよすま",-3.611,-116.547,0,"Rite_",-43.447,-92.442,0,0,0,0,0,0,"",0,0,0,0,,3335.196,,,64,3
115,7,1,4,2,0,1,0,0,1,0,255,3,255,65,3350.611,"소솨소솨",R,32,82,133,-0.668,-0.157,0.089,1.463,-0.518,1.411,-36.569,13.432,2,0,152.747,-109.24,4.739,0,0,1,1,6,R,"가앤슬_",183,83.179,0.2,3,82,W,Y,3351.741,255,66,104,83,38,145,84,-1.908,-19.408,1,0,0.305,121.237,-247.373,4.188,0.241,-37.708,0,"ʚEveɞ",-0.041,-17.709,0,"SUGUN",-19.221,-44.591,0,"mochi_2929",-6.971,-60.296,0,"schmoneymikey",18.404,-45.942,0,"_Chun",9.866,-63.553,94,"Pugeuk",37.734,-99.034,0,"うよすま",-9.248,-114.805,0,"Rite_",-42.481,-92.52,0,3352.162,3.463,-28.821,3354.24,5,"_Chun",14.869,-57.071,0,0,,,3355.23,,76,2
116,7,1,4,2,0,0,1,0,0,1,255,255,3,66,3384.477,"소솨소솨",R,33,79,129,-0.746,0.509,0.092,1.606,-0.5,1.884,-36.569,2.989,2,0,112.054,-47.859,1.391,0,0,0,2,4,L,"Kr_Luna",190,95.297,0.498,3,82,W,Y,3385.317,255,127,86,64,30,145,130,-30,16.99,0.33,0,0.058,-111.518,-357.975,379.213,-0.005,-37.382,0,"ʚEveɞ",-0.049,-17.915,120,"SUGUN",-19.003,-44.289,120,"mochi_2929",-11.727,-60.945,86,"schmoneymikey",17.717,-42.837,0,"_Chun",13.126,-59.377,0,"Pugeuk",45.824,-96.182,0,"うよすま",6.641,-116.36,0,"Rite_",-46.694,-98.047,0,3385.351,-0.73,-21.943,3387.084,3,"mochi_2929",-10.876,-55.765,0,0,3390.851,,,3389.433,71,2
117,7,1,5,2,0,0,2,0,0,0,255,255,255,67,3409.585,"소솨소솨",R,33,89,140,2.029,2.618,0.199,1.692,-0.003,2.162,-36.569,7.741,2,0,142.307,-111.429,2.937,0,0,1,3,1,L,"눈꽃",190,90,0.6,3,82,W,Y,3410.605,203,133,83,106,29,145,120,24.699,11.326,0.2,0,0.406,373.799,-378.765,-274.07,0.133,-37.508,0,"ʚEveɞ",0.056,-17.78,0,"SUGUN",-19.156,-44.162,0,"mochi_2929",-11.938,-61.703,0,"schmoneymikey",19.581,-46.977,0,"_Chun",10.553,-60.47,0,"Pugeuk",39.335,-95.965,0,"うよすま",0.079,-115.065,0,"Rite_",-46.897,-100.825,0,0,0,0,3415.862,7,"うよすま",-11.227,-124.516,0,0,,,,,144,1
118,7,0,5,2,0,0,0,0,0,0,255,255,255,49,3473.709,"TaeGeuk_",R,2,81,106,-1.922,1.108,0.387,1.108,-0.145,1.907,-36.83,4.916,2,0,-368.697,-321.884,19.934,0,0,0,5,4,L,"schmoneymikey",175.2,80,0.348,3,82,W,Y,3474.904,199,121,81,71,33,145,88,-45.997,36.735,-0.68,0,0.312,521.528,-8.566,-216.223,0.208,-37.314,0,"눈꽃",-0.091,-18.042,0,"하루（Haru）",-18.273,-44.121,93,"Fresh825",-13.858,-64.474,0,"Kr_Luna",19.446,-50.014,0,"CoalCat",12.453,-63.242,0,"가앤슬_",50.436,-103.989,0,"Pring__",0.327,-125.133,0,"Sabo_10",-40.568,-90.828,0,3474.962,-1.337,-21.88,3476.729,2,"하루（Haru）",-14.906,-40.107,0,0,,,,,160,2
119,7,0,5,2,0,0,1,0,0,0,255,255,255,50,3492.361,"TaeGeuk_",R,0,84,136,2.472,-2.205,0.564,0.542,1.06,0.244,-36.83,46.309,1,0,0,0,0,0,0,0,6,0,R,"소솨소솨",190,80,0.405,0,81,W,Y,0,0,0,0,0,0,0,0,0,0,0,0,0,0,0,0,0.664,-37.153,0,"눈꽃",0.003,-18.136,0,"하루（Haru）",-18.576,-44.529,0,"Fresh825",-16.483,-63.469,0,"Kr_Luna",19.16,-48.451,0,"CoalCat",10.974,-63.778,0,"가앤슬_",37.939,-106.606,0,"Pring__",-0.767,-126.273,0,"Sabo_10",-43.932,-90.262,0,0,0,0,0,0,"",0,0,0,0,3493.651,,,,0,0
120,7,0,5,2,1,0,1,0,0,0,255,255,255,51,3505.09,"TaeGeuk_",R,2,85,109,-1.961,1.012,0.377,1.118,-0.174,1.908,-36.83,2.175,2,0,-360.326,-343.179,31.223,0,0,1,6,0,R,"소솨소솨",190,80,0.405,3,81,W,Y,3506.153,255,161,67,111,16,141,95,-15.335,-43.382,0.95,0,0.837,-292.995,171.418,-432.773,0.404,-37.451,0,"눈꽃",-0.093,-18.073,0,"하루（Haru）",-18.596,-44.188,0,"Fresh825",-16.667,-63.163,60,"Kr_Luna",18.424,-49.5,0,"CoalCat",10.983,-63.73,0,"가앤슬_",41.513,-106.971,110,"Pring__",-0.529,-126.229,0,"Sabo_10",-43.364,-89.363,0,3506.362,3.716,-25.083,3514.118,6,"가앤슬_",65.851,-84.311,1,0,,3516.842,,,131,2
121,7,0,5,2,0,0,1,0,1,0,255,10,255,52,3543.792,"TaeGeuk_",R,0,85,138,-1.023,-0.424,0.335,0.92,-0.456,1.382,-36.83,25.925,0,0,0,0,0,0,0,1,7,8,R,"Rite_",180,80,0.453,0,81,W,Y,0,0,0,0,0,0,0,0,0,0,0,0,0,0,0,0,-0.096,-37.417,0,"눈꽃",-0.147,-18.146,0,"하루（Haru）",-18.378,-43.711,0,"Fresh825",-15.756,-63.646,0,"Kr_Luna",17.108,-44.79,0,"CoalCat",8.443,-62.256,0,"가앤슬_",46.621,-102.643,0,"Pring__",-1.616,-125.737,0,"Sabo_10",-43.518,-90.183,0,0,0,0,0,0,"",0,0,0,0,3545.04,3546.725,3559.678,3565.351,0,0
122,7,0,5,3,0,1,1,0,0,0,255,255,255,53,3584.176,"TaeGeuk_",R,33,95,140,-1.379,1.166,0.264,1.231,-0.787,2.444,-36.83,13.561,4,0,131.243,120.685,13.474,0,0,1,7,8,R,"Rite_",180,80,0.453,0,81,W,Y,0,0,0,0,0,0,0,0,0,0,0,0,0,0,0,0,0.101,-37.74,0,"눈꽃",-0.096,-17.693,0,"하루（Haru）",-18.156,-43.507,0,"Fresh825",-15.131,-63.912,0,"Kr_Luna",18.72,-50.319,0,"CoalCat",6.704,-62.902,0,"가앤슬_",46.8,-98.112,0,"Pring__",0.328,-127.611,0,"Sabo_10",-43.265,-91.068,0,0,0,0,0,0,"",0,0,0,0,3585.751,,,,0,0
123,7,0,5,3,0,2,1,0,0,0,255,255,255,54,3599.059,"TaeGeuk_",R,10,73,103,-0.019,-1.424,0.441,0.893,0.025,1.409,-36.83,14.896,1,0,-22.05,390.676,40.233,0,0,0,7,8,R,"Rite_",180,80,0.453,0,81,W,Y,0,0,0,0,0,0,0,0,0,0,0,0,0,0,0,0,0.281,-37.773,0,"눈꽃",-0.084,-17.826,0,"하루（Haru）",-18.629,-43.824,0,"Fresh825",-15.209,-63.991,0,"Kr_Luna",19.238,-49.262,0,"CoalCat",11.233,-64.597,0,"가앤슬_",46.816,-99.991,0,"Pring__",0.622,-126.867,0,"Sabo_10",-43.615,-91.575,0,0,0,0,0,0,"",0,0,0,0,3600.496,,,,0,0
124,7,0,5,3,1,2,1,0,0,0,255,255,255,55,3611.495,"TaeGeuk_",R,3,85,110,-3.154,0.016,0.257,1.001,-0.547,1.655,-36.83,10.1,2,0,-451.154,0,23.376,0,0,1,7,8,R,"Rite_",180,80,0.453,3,81,W,Y,3612.79,255,107,221,96,66,145,128,25.182,24.209,0.49,0,0.299,-18.921,115.438,377.088,0.26,-37.215,0,"눈꽃",-0.07,-17.882,0,"하루（Haru）",-18.671,-44.465,85,"Fresh825",-15.362,-63.729,0,"Kr_Luna",18.809,-49.191,0,"CoalCat",11.16,-64.508,0,"가앤슬_",44.308,-98.587,0,"Pring__",-0.578,-125.813,0,"Sabo_10",-44.504,-94.467,104,3617.173,-48.936,-117.305,3618.429,8,"Sabo_10",-47.974,-115.321,1,0,,,,,176,2
125,7,0,5,3,0,0,1,1,0,0,18,255,255,56,3711.587,"TaeGeuk_",R,3,87,112,-2.412,-0.399,0.343,0.881,-0.279,1.397,-36.83,25.366,4,0,-432.581,0,7.588,0,0,1,8,6,R,"Pugeuk",190,80,0.347,0,81,W,Y,0,0,0,0,0,0,0,0,0,0,0,0,0,0,0,0,0.025,-37.384,0,"눈꽃",-0.723,-17.932,0,"하루（Haru）",-17.696,-41.781,0,"Fresh825",-11.506,-59.702,0,"Pring__",20.702,-47.04,0,"CoalCat",3.87,-61.337,0,"가앤슬_",45.482,-99.908,0,"Kr_Luna",-12.043,-113.48,0,"Sabo_10",-44.156,-93.801,0,0,0,0,0,0,"",0,0,0,0,3712.917,,,,0,0
126,7,0,5,3,0,1,1,1,0,0,18,255,255,57,3728.83,"TaeGeuk_",R,34,85,137,0.906,-0.071,0.486,0.992,0.242,1.626,-36.83,24.848,0,0,98.717,35.991,8.705,0,0,1,8,6,R,"Pugeuk",190,80,0.347,0,81,W,Y,0,0,0,0,0,0,0,0,0,0,0,0,0,0,0,0,0.561,-37.487,0,"눈꽃",-0.079,-17.766,0,"하루（Haru）",-16.072,-41.892,0,"Fresh825",-11.39,-60.143,0,"Pring__",21.694,-45.584,0,"CoalCat",3.939,-61.054,0,"가앤슬_",44.572,-100.5,0,"Kr_Luna",-12.012,-113.506,0,"Sabo_10",-42.665,-92.631,0,0,0,0,0,0,"",0,0,0,0,3730.029,,,,0,0
127,7,0,5,3,0,2,1,1,0,0,18,255,255,58,3743.361,"TaeGeuk_",R,10,65,100,-0.161,-1.282,0.407,0.824,-0.082,1.273,-36.83,38.151,2,0,0,269.781,31.298,0,0,1,8,6,R,"Pugeuk",190,80,0.347,3,81,W,Y,3744.486,255,147,112,120,51,145,108,21.371,-34.166,0.9,0,0.701,-144.223,-23.48,-275.676,0.478,-37.144,0,"눈꽃",-0.091,-18.122,0,"하루（Haru）",-14.834,-43.388,0,"Fresh825",-11.45,-60.221,0,"Pring__",21.037,-49.058,0,"CoalCat",5.704,-61.282,0,"가앤슬_",45.452,-100.549,92,"Kr_Luna",-12.034,-113.482,0,"Sabo_10",-42.769,-93.456,0,3747.818,44.007,-85.619,3748.284,6,"가앤슬_",45.046,-87.12,1,0,,3749.535,,,130,2
128,7,0,5,3,0,0,1,1,1,0,16,18,255,59,3774.358,"TaeGeuk_",R,0,72,111,-3.369,0.22,0.477,0.765,0.136,1.103,-36.83,30.916,2,0,0,0,4.095,0,0,1,0,3,R,"mochi_2929",174.7,93.617,0.463,3,81,W,Y,3775.528,255,83,42,59,30,131,119,-30,-44.774,0.26,0,0.197,-169.13,-259.32,-230.735,0.336,-37.919,0,"눈꽃",-0.095,-18.087,0,"하루（Haru）",-19.37,-45.595,0,"Fresh825",-13.429,-59.283,0,"Pring__",20.725,-48.825,84,"CoalCat",9.813,-61.359,0,"가앤슬_",46.476,-95.99,89,"Kr_Luna",-3.394,-110.247,0,"Sabo_10",-36.196,-89.073,0,3775.496,1.013,-21.189,3783.818,6,"가앤슬_",73.788,-93.006,1,0,,3781.322,3780.905,3785.743,134,2
129,7,0,5,4,0,0,1,0,1,1,255,13,16,60,3809.695,"TaeGeuk_",R,3,72,114,-4.204,0.367,0.18,1.068,-1.178,1.873,-36.83,15.835,2,0,-384.158,0,22.44,0,0,1,1,1,L,"ʚEveɞ",190,95.155,0.452,3,81,W,Y,3810.974,213,98,97,49,11,145,90,19.647,36.651,-0.82,0,0.392,273.98,186.633,42.645,-0.006,-37.512,0,"눈꽃",-0.336,-18,120,"하루（Haru）",-17.519,-43.565,114,"Fresh825",-10.643,-63.762,0,"Pring__",19.917,-45.262,0,"CoalCat",12.195,-60.278,0,"가앤슬_",47.574,-95.502,0,"Kr_Luna",-0.273,-104.315,0,"Sabo_10",-40.534,-92.153,108,3814.373,-41.347,-71.256,3815.407,8,"Sabo_10",-47.375,-76.792,1,256,3820.662,,3813.698,3820.159,184,2
130,7,0,5,4,0,0,2,1,0,1,11,255,13,61,3855.869,"TaeGeuk_",R,0,86,140,-2.648,0.363,0.184,1.065,-1.159,1.863,-36.83,12.009,4,0,0,0,0,0,0,1,2,2,R,"SUGUN",190,82,0.502,0,81,W,Y,0,0,0,0,0,0,0,0,0,0,0,0,0,0,0,0,0.215,-37.681,0,"눈꽃",-0.817,-17.93,0,"하루（Haru）",-15.484,-42,0,"Fresh825",-15.529,-63.263,0,"Pring__",19.82,-42.804,0,"CoalCat",10.884,-62.978,0,"가앤슬_",48.103,-97.585,0,"Kr_Luna",-17.108,-109.323,0,"Sabo_10",-43.441,-93.385,0,0,0,0,0,0,"",0,0,0,0,3857.018,,3872.719,,0,0
131,7,0,5,4,0,1,2,1,0,1,11,255,13,62,3875.002,"TaeGeuk_",R,0,77,128,2.451,-0.794,0.597,0.799,1.05,1.138,-36.83,58.945,4,0,0,0,0,0,0,1,2,2,R,"SUGUN",190,82,0.502,0,81,W,Y,0,0,0,0,0,0,0,0,0,0,0,0,0,0,0,0,0.395,-36.995,0,"눈꽃",-0.113,-18.21,0,"하루（Haru）",-15.956,-41.722,0,"Fresh825",-15.525,-63.268,0,"Pring__",19.469,-40.102,0,"CoalCat",9.669,-62.791,0,"가앤슬_",48.19,-97.415,0,"Kr_Luna",-17.693,-110.056,0,"Sabo_10",-43.973,-94.702,0,0,0,0,0,0,"",0,0,0,0,3876.162,,,,0,0
132,7,0,5,4,0,2,2,1,0,1,11,255,13,63,3889.729,"TaeGeuk_",R,5,80,116,-0.67,-0.569,0.378,0.829,-0.172,1.286,-36.83,42.426,2,0,-73.732,0,0,0,0,1,2,2,R,"SUGUN",190,82,0.502,5,81,W,Y,3890.664,255,107,138,105,44,145,130,25.658,-73.675,0.61,0,0.34,199.135,328.962,459.272,0.328,-36.896,0,"눈꽃",-0.226,-18.205,0,"하루（Haru）",-16.002,-41.964,0,"Fresh825",-15.51,-63.179,0,"Pring__",19.815,-44.326,0,"CoalCat",11.837,-63.108,0,"가앤슬_",46.7,-95.825,0,"Kr_Luna",-16.576,-108.566,0,"Sabo_10",-45.58,-94.51,0,3896.273,114.421,-63.502,0,0,"",0,0,0,0,,,3897.146,,128,3
133,7,0,5,4,0,2,2,1,0,1,11,255,13,64,3909.224,"TaeGeuk_",R,5,84,119,-0.924,0.68,0.331,1.174,-0.319,2.029,-36.83,2.437,2,0,-54.656,-28.225,0,0,0,1,2,2,R,"SUGUN",190,82,0.502,5,52,W,Y,3910.182,255,169,161,57,17,145,130,29.034,-47.882,0.67,0,0.323,342.523,152.884,465.737,0.279,-37.499,0,"눈꽃",-0.545,-17.887,0,"하루（Haru）",-16.463,-43.253,0,"Fresh825",-15.526,-62.953,0,"Pring__",18.406,-43.533,0,"CoalCat",6.537,-62.456,0,"가앤슬_",51.629,-98.423,0,"Kr_Luna",-14.158,-108.062,0,"Sabo_10",-46.394,-94.824,0,3916.251,87.702,-106.437,0,0,"",0,0,0,0,,3912.794,3910.438,,128,3
134,7,0,5,4,0,2,2,1,0,1,11,255,13,65,3933.368,"TaeGeuk_",R,0,73,111,-1.451,-0.726,0.227,0.787,-0.639,1.194,-36.83,26.999,2,0,0,0,50.879,0,0,1,2,2,R,"SUGUN",190,82,0.502,5,52,W,Y,3934.45,171,222,131,101,41,145,123,32.448,-66.13,0.74,0,0.284,125.053,120.435,266.031,0.28,-37.602,0,"눈꽃",-0.833,-18.194,0,"하루（Haru）",-15.59,-42.578,0,"Fresh825",-13.994,-63.972,0,"Pring__",20.902,-46.874,0,"CoalCat",13.199,-62.227,0,"가앤슬_",45.671,-101.379,0,"Kr_Luna",-3.557,-110.706,0,"Sabo_10",-45.474,-96.3,0,3940.184,99.057,-68.001,0,0,"",0,0,0,0,,3937.306,3937.729,,128,3
135,7,0,5,4,0,2,2,1,0,1,11,255,13,66,3951.979,"TaeGeuk_",R,33,91,140,0.703,-0.281,0.454,0.965,0.096,1.541,-36.83,17.404,2,0,140.307,82.876,8.228,0,0,1,2,2,R,"SUGUN",190,82,0.502,5,52,W,Y,3953.161,215,40,51,9,0,97,68,-1.217,80.078,-0.27,0,0.167,215.816,33.047,-179.45,0.608,-36.925,0,"눈꽃",-0.484,-18.023,0,"하루（Haru）",-16.681,-42.507,0,"Fresh825",-13.654,-64.423,0,"Pring__",20.064,-46.62,0,"CoalCat",12.228,-63.177,0,"가앤슬_",44.29,-98.268,0,"Kr_Luna",-2.284,-110.334,0,"Sabo_10",-47.407,-95.748,0,3953.64,-10.043,-21.483,0,0,"",0,0,0,0,,,3955.857,,128,3
136,7,0,5,4,0,2,2,1,0,1,11,255,13,67,3968.476,"TaeGeuk_",R,3,86,116,-1.929,-0.031,0.308,0.985,-0.389,1.62,-36.83,15.53,4,0,-258.43,0,8.491,0,0,1,2,2,R,"SUGUN",190,82,0.502,0,52,W,Y,0,0,0,0,0,0,0,0,0,0,0,0,0,0,0,0,0.136,-36.899,0,"눈꽃",-0.77,-17.907,0,"하루（Haru）",-16.734,-41.776,0,"Fresh825",-15.081,-63.254,0,"Pring__",20.08,-40.682,0,"CoalCat",10.858,-62.743,0,"가앤슬_",48.364,-97.369,0,"Kr_Luna",-8.607,-108.391,0,"Sabo_10",-46.685,-93.576,0,0,0,0,0,0,"",0,0,0,0,3970.062,3972.198,3971.19,,0,0
137,8,1,5,4,0,0,0,0,0,0,255,255,255,68,4016.114,"소솨소솨",R,33,86,139,-0.886,0.537,0.084,1.603,-0.539,1.88,-36.569,5.453,2,0,113.399,-70.607,3.235,0,0,1,4,8,L,"Sabo_10",185.1,87.575,0.449,3,81,W,Y,4016.969,163,111,96,83,25,145,124,100.21,76.165,0.24,0,0.461,167.646,-460.388,173.824,0.017,-37.456,0,"ʚEveɞ",-0.007,-17.725,0,"SUGUN",-19.029,-44.61,0,"mochi_2929",-11.716,-61.994,0,"schmoneymikey",19.569,-46.686,0,"_Chun",12.244,-59.56,0,"Pugeuk",50.066,-101.642,0,"うよすま",15.417,-116.861,0,"Rite_",-43.52,-93.196,0,0,0,0,0,0,"",0,0,0,0,,,,,64,3
138,8,1,5,4,0,1,0,0,0,0,255,255,255,69,4029.549,"소솨소솨",R,34,87,140,-1.798,0.167,0.003,1.534,-0.914,1.651,-36.569,6.474,1,0,99.401,-75.119,4.334,0,0,0,4,8,L,"Sabo_10",185.1,87.575,0.449,0,81,W,Y,0,0,0,0,0,0,0,0,0,0,0,0,0,0,0,0,-0.069,-37.741,0,"ʚEveɞ",-0.089,-17.675,0,"SUGUN",-18.926,-44.609,0,"mochi_2929",-10.226,-62.032,0,"schmoneymikey",19.856,-46.981,0,"_Chun",13.755,-58.366,0,"Pugeuk",50.102,-97.401,0,"うよすま",18.409,-119.315,0,"Rite_",-43.507,-94.23,0,0,0,0,0,0,"",0,0,0,0,4030.595,,,,0,0
139,8,1,5,4,1,1,0,0,0,0,255,255,255,70,4040.258,"소솨소솨",R,33,83,135,1.515,1.219,0.303,1.729,0.479,2.297,-36.569,16.98,4,0,125.384,-65.52,3.381,0,0,1,4,8,L,"Sabo_10",185.1,87.575,0.449,0,81,W,Y,0,0,0,0,0,0,0,0,0,0,0,0,0,0,0,0,0.069,-37.961,0,"ʚEveɞ",-0.124,-17.763,0,"SUGUN",-18.963,-44.553,0,"mochi_2929",-9.626,-61.609,0,"schmoneymikey",19.042,-46.165,0,"_Chun",12.993,-58.674,0,"Pugeuk",50.131,-97.449,0,"うよすま",15.765,-121.561,0,"Rite_",-43.798,-94.191,0,0,0,0,0,0,"",0,0,0,0,4041.362,,,,0,0
140,8,1,5,4,1,2,0,0,0,0,255,255,255,71,4051.74,"소솨소솨",R,33,87,140,0.209,0.814,0.188,1.648,-0.054,2.029,-36.569,15.784,0,0,106.618,-94.889,2.513,0,0,1,4,8,L,"Sabo_10",185.1,87.575,0.449,0,81,W,Y,0,0,0,0,0,0,0,0,0,0,0,0,0,0,0,0,0.107,-37.937,0,"ʚEveɞ",-0.018,-17.693,0,"SUGUN",-18.983,-44.483,0,"mochi_2929",-9.561,-62.285,0,"schmoneymikey",18.916,-46.287,0,"_Chun",12.48,-57.991,0,"Pugeuk",50.12,-97.68,0,"うよすま",13.107,-121.185,0,"Rite_",-44.489,-93.945,0,0,0,0,0,0,"",0,0,0,0,4052.917,,,,0,0
141,8,1,5,4,0,0,1,0,0,0,255,255,255,72,4072.201,"소솨소솨",R,33,86,139,-0.695,0.612,0.104,1.626,-0.449,1.949,-36.569,2.97,0,0,104.979,-55.584,1.032,0,0,0,5,2,L,"하루（Haru）",190,90,0.498,0,81,W,Y,0,0,0,0,0,0,0,0,0,0,0,0,0,0,0,0,0.099,-38.002,0,"ʚEveɞ",-0.022,-17.691,0,"SUGUN",-18.945,-44.399,0,"mochi_2929",-10.509,-60.843,0,"schmoneymikey",20.376,-47.286,0,"_Chun",7.829,-62.625,0,"Pugeuk",47.406,-91.615,0,"うよすま",10.297,-122.039,0,"Rite_",-44.899,-94.446,0,0,0,0,0,0,"",0,0,0,0,4073.518,,,,0,0
142,8,1,5,4,0,1,1,0,0,0,255,255,255,73,4084.562,"소솨소솨",R,33,89,140,-1.517,-0.004,0.016,1.494,-0.854,1.521,-36.569,11.79,2,0,142.774,-106.921,5.352,0,0,1,5,2,L,"하루（Haru）",190,90,0.498,3,81,W,Y,4085.707,255,181,154,56,35,145,100,53.429,-51.125,-0.34,0.095,0.341,164.684,-568.341,75.991,0.159,-37.676,0,"ʚEveɞ",-0.138,-17.682,0,"SUGUN",-18.925,-44.365,0,"mochi_2929",-12.579,-62.563,0,"schmoneymikey",20.366,-47.289,0,"_Chun",8.705,-61.756,0,"Pugeuk",47.46,-91.647,0,"うよすま",14.445,-121.157,0,"Rite_",-45.082,-94.758,0,4091.095,68.278,-60.082,0,0,"",0,0,0,0,,,,,64,3
143,8,1,5,4,0,2,1,0,0,0,255,255,255,74,4104.923,"소솨소솨",R,34,83,135,-0.634,0.525,0.117,1.61,-0.385,1.898,-36.569,1.595,2,0,76.736,-49.273,2.829,0,0,1,5,2,L,"하루（Haru）",190,90,0.498,3,31,W,Y,4106.043,255,167,53,58,24,137,87,106.353,-57.074,-0.74,0.048,0.211,-146.209,-44.614,-162.222,-0.007,-37.44,0,"ʚEveɞ",-0.149,-17.674,0,"SUGUN",-18.988,-44.287,0,"mochi_2929",-11.665,-61.446,0,"schmoneymikey",20.45,-47.707,0,"_Chun",12.975,-62.145,0,"Pugeuk",47.777,-88.817,0,"うよすま",16.333,-120.581,0,"Rite_",-45.84,-95.374,0,4111.929,-37.493,3.006,0,0,"",0,0,0,0,,,,,64,3
144,8,1,5,4,0,2,1,0,0,0,255,255,255,75,4121.382,"소솨소솨",R,33,86,139,-1.289,0.006,0.065,1.58,-0.628,1.798,-36.569,2.848,2,0,111.335,-71.815,3.503,0,0,1,5,2,L,"하루（Haru）",190,90,0.498,3,31,W,Y,4122.506,120,255,37,104,44,120,74,59.894,-1.01,-0.85,0.048,0.242,535.51,-98.312,-70.303,-0.044,-37.853,0,"ʚEveɞ",-0.066,-17.542,0,"SUGUN",-18.855,-44.339,0,"mochi_2929",-12.175,-60.695,0,"schmoneymikey",20.353,-47.095,0,"_Chun",12.44,-62.079,71,"Pugeuk",44.418,-90.889,0,"うよすま",17.878,-120.453,0,"Rite_",-46.786,-95.719,0,4127.851,1.626,-55.728,4128.129,5,"_Chun",1.588,-54.978,0,0,,,,,72,1
145,8,1,5,4,0,0,2,0,0,0,255,255,255,76,4147.06,"소솨소솨",R,33,83,135,0.101,0.685,0.169,1.598,-0.143,1.886,-36.569,7.852,0,0,122.883,-81.812,6.697,0,0,0,6,5,R,"CoalCat",165.4,85.053,0.503,0,80,W,Y,0,0,0,0,0,0,0,0,0,0,0,0,0,0,0,0,-0.086,-37.917,0,"ʚEveɞ",-0.077,-17.468,0,"SUGUN",-18.888,-44.473,0,"mochi_2929",-11.437,-60.307,0,"schmoneymikey",20.239,-47.281,0,"_Chun",11.035,-60.853,0,"Pugeuk",41.859,-91.332,0,"うよすま",-6.623,-105.982,0,"Rite_",-46.736,-91.621,0,0,0,0,0,0,"",0,0,0,0,4148.562,,,,0,0
146,8,1,5,4,0,1,2,0,0,0,255,255,255,77,4158.598,"소솨소솨",R,33,85,138,0.782,0.877,0.234,1.631,0.16,2.011,-36.569,3.134,0,0,120.778,-65.645,3.486,0,0,0,6,5,R,"CoalCat",165.4,85.053,0.503,0,80,W,Y,0,0,0,0,0,0,0,0,0,0,0,0,0,0,0,0,0.175,-37.834,0,"ʚEveɞ",0.043,-17.599,0,"SUGUN",-18.811,-44.497,0,"mochi_2929",-12.072,-61.423,0,"schmoneymikey",20.228,-47.276,0,"_Chun",8.467,-59.532,0,"Pugeuk",41.669,-91.578,0,"うよすま",-8.692,-106.353,0,"Rite_",-48.154,-92.512,0,0,0,0,0,0,"",0,0,0,0,4159.896,,,,0,0
147,8,1,5,4,0,2,2,0,0,0,255,255,255,78,4172.376,"소솨소솨",R,33,85,138,2.233,1.159,0.375,1.681,0.815,2.196,-36.569,9.47,2,0,101.523,-35.559,-2.223,0,0,0,6,5,R,"CoalCat",165.4,85.053,0.503,3,80,W,Y,4173.967,255,55,47,12,9,99,62,-22.448,-5.13,-0.71,0,0.217,485.056,-306.603,89.533,0.539,-37.772,96,"ʚEveɞ",0.003,-17.541,0,"SUGUN",-18.765,-44.346,0,"mochi_2929",-13.076,-61.618,0,"schmoneymikey",20.26,-47.528,0,"_Chun",8.284,-59.666,0,"Pugeuk",40.171,-93.499,0,"うよすま",-8.038,-105.32,0,"Rite_",-48.526,-93.509,0,4173.94,0.662,-22.43,4175.251,0,"소솨소솨",1.892,-35.304,0,0,,,,,196,2
148,8,0,5,4,0,0,0,0,0,0,255,255,255,68,4225.979,"TaeGeuk_",R,3,83,108,-1.138,-0.264,0.566,0.942,0.41,1.504,-36.83,21.469,2,0,-490.909,0,10.67,0,0,1,3,5,L,"_Chun",160,80,0.445,3,80,W,Y,4227.036,141,106,70,70,36,140,109,12.17,7.437,0.22,0,0.206,-13.451,-229.992,-53.072,0.721,-37.011,0,"눈꽃",-0.095,-18.034,0,"하루（Haru）",-19.712,-46.051,0,"Fresh825",-15.355,-63.656,0,"Kr_Luna",18.122,-48.087,0,"CoalCat",10.474,-62.205,65,"가앤슬_",46.182,-92.917,0,"Pring__",-0.349,-126.06,95,"Sabo_10",-39.894,-92.221,0,4229.74,-6.543,-89.328,4231.24,7,"Pring__",-7.055,-110.34,1,0,,,,,448,2
149,8,0,5,4,0,0,0,1,0,0,15,255,255,69,4256.59,"TaeGeuk_",R,3,86,115,-1.17,-0.914,0.416,0.77,-0.055,1.114,-36.83,38.775,2,0,-268.171,0,-3.081,0,0,1,4,7,R,"うよすま",174.5,93.035,0.601,3,80,W,Y,4257.741,164,53,139,89,23,145,107,15.024,43.682,0.88,0.19,0.595,-175.96,307.463,-62.751,0.066,-36.514,0,"눈꽃",-0.256,-18.034,0,"하루（Haru）",-18.27,-42.897,0,"Fresh825",-12.156,-60.287,0,"Kr_Luna",17.756,-47.416,0,"CoalCat",7.635,-58.776,0,"가앤슬_",43.751,-96.386,0,"Pring__",-2.481,-124.005,0,"Sabo_10",-43.617,-93.034,0,4259.984,-43.271,-60.051,0,0,"",0,0,0,0,,,,,160,3
150,8,0,5,4,0,1,0,1,0,0,15,255,255,70,4300.052,"TaeGeuk_",R,0,70,109,2.123,-0.621,0.68,0.86,0.904,1.288,-36.83,64.513,2,0,-0.33,0,-9.133,0,0,1,4,7,R,"うよすま",174.5,93.035,0.601,3,42,W,Y,4301.177,221,135,87,96,29,145,94,110.051,42.656,-0.37,0.143,0.535,168.848,-194.807,74.942,0.408,-36.664,0,"눈꽃",-0.085,-18.052,0,"하루（Haru）",-17.596,-43.579,0,"Fresh825",-12.154,-59.803,0,"Kr_Luna",18.87,-47.441,0,"CoalCat",6.633,-59.485,0,"가앤슬_",43.132,-92.862,0,"Pring__",-0.754,-124.201,0,"Sabo_10",-45.422,-95.147,0,4307.195,29.412,18.408,0,0,"",0,0,0,0,,,,,128,3
151,8,0,5,4,0,2,0,1,0,0,15,255,255,71,4319.107,"TaeGeuk_",R,33,89,140,-0.578,-0.492,0.338,0.933,-0.446,1.416,-36.83,24.603,0,0,135.564,66.247,7.645,0,0,0,4,7,R,"うよすま",174.5,93.035,0.601,0,42,W,Y,0,0,0,0,0,0,0,0,0,0,0,0,0,0,0,0,0.578,-36.59,0,"눈꽃",-0.246,-18.697,0,"하루（Haru）",-17.718,-42.485,0,"Fresh825",-12.205,-60.34,0,"Kr_Luna",19.694,-47.564,0,"CoalCat",3.79,-58.945,0,"가앤슬_",45.865,-94.275,0,"Pring__",-0.911,-126.116,0,"Sabo_10",-42.827,-90.321,0,0,0,0,0,0,"",0,0,0,8,4320.229,4322.891,,,0,0
152,8,0,5,4,0,0,2,0,0,0,255,255,255,72,4346.52,"TaeGeuk_",R,2,80,120,-2.747,-1.153,0.301,0.749,-0.616,0.774,-36.83,26.228,2,0,-283.407,-201.054,11.075,0,0,1,5,4,L,"schmoneymikey",175.2,80,0.348,3,79,W,Y,4347.613,215,175,69,91,0,143,85,-6.939,31.469,-0.75,0,0.259,-174.409,217.304,280.515,0.304,-37.19,0,"눈꽃",-0.207,-18.195,0,"하루（Haru）",-18.147,-44.786,89,"Fresh825",-14.088,-65.171,0,"Kr_Luna",19.569,-47.547,0,"CoalCat",10.787,-64.2,0,"가앤슬_",53.475,-99.682,0,"Pring__",-0.564,-126.544,0,"Sabo_10",-46.489,-94.871,0,4347.695,-2.7,-23.709,4349.195,2,"하루（Haru）",-15.304,-42.099,0,0,4383.784,,,,226,2
153,9,1,5,4,0,0,0,0,0,0,255,255,255,79,4447.787,"ʚEveɞ",R,14,62,92,-1.111,0.422,-0.209,2.065,-1.256,2.429,-36.338,18.187,2,0,326.545,312.348,15.304,0,0,1,7,0,R,"TaeGeuk_",176.9,85.656,0.644,2,79,W,Y,4449.029,255,51,74,89,44,145,82,21.558,-32.18,-1,0,0.173,25.787,-294.174,-96.209,-0.087,-37.105,0,"소솨소솨",-0.217,-17.288,0,"SUGUN",-18.847,-44.464,65,"mochi_2929",-12.448,-62.51,100,"schmoneymikey",19.959,-47.428,0,"_Chun",10.466,-61.372,0,"Pugeuk",27.442,-95.086,130,"うよすま",-10.013,-111.742,0,"Rite_",-42.51,-90.653,0,4452.084,31.986,-65.337,4454.629,6,"Pugeuk",45.852,-82.199,1,0,,,,,263,2
154,9,1,5,4,0,0,0,1,0,0,0,255,255,80,4474.964,"ʚEveɞ",R,14,49,83,-1.349,1.304,-0.257,2.209,-1.325,2.942,-36.338,28.164,1,0,307.606,289.491,17.363,0,0,0,8,7,L,"Pring__",190,92.818,0.485,0,79,W,Y,0,0,0,0,0,0,0,0,0,0,0,0,0,0,0,0,0.164,-37.197,0,"소솨소솨",-0.103,-17.171,0,"SUGUN",-18.613,-44.363,0,"mochi_2929",-11.683,-61.462,0,"schmoneymikey",20.247,-48.065,0,"_Chun",11.233,-62.155,0,"Pugeuk",45.618,-96.553,0,"うよすま",15.018,-121.455,0,"Rite_",-43.444,-88.278,0,0,0,0,0,0,"",0,0,0,0,4476.496,,,,0,0
155,9,1,5,4,1,0,0,1,0,0,0,255,255,81,4486.448,"ʚEveɞ",R,6,63,105,-1.843,0.857,-0.201,1.901,-1.697,2.156,-36.338,15.428,1,0,477.273,0,26.58,0,0,0,8,7,L,"Pring__",190,92.818,0.485,0,79,W,Y,0,0,0,0,0,0,0,0,0,0,0,0,0,0,0,0,0.068,-37.177,0,"소솨소솨",-0.099,-17.144,0,"SUGUN",-19.124,-43.831,0,"mochi_2929",-10.727,-61.826,0,"schmoneymikey",20.019,-47.839,0,"_Chun",11.236,-61.909,0,"Pugeuk",46.488,-100.55,0,"うよすま",14.388,-120.742,0,"Rite_",-44.456,-89.904,0,0,0,0,0,0,"",0,0,0,0,4487.962,,,,0,0
156,9,1,5,4,2,0,0,1,0,0,0,255,255,82,4498.454,"ʚEveɞ",R,32,88,140,0.377,0.487,0.172,1.726,-0.131,1.751,-36.338,27.656,2,0,226.618,-200,7.268,0,0,0,8,7,L,"Pring__",190,92.818,0.485,3,79,W,Y,4499.516,255,136,123,110,72,145,130,26.881,-15.612,0.45,0,0.485,25.787,-294.174,-96.209,-0.436,-36.77,0,"소솨소솨",-0.047,-17.207,0,"SUGUN",-19.841,-40.806,85,"mochi_2929",-12.354,-62.006,0,"schmoneymikey",20.045,-47.873,0,"_Chun",11.969,-62.095,0,"Pugeuk",44.022,-99.601,0,"うよすま",14.773,-122.66,0,"Rite_",-44.363,-89.823,0,4504.496,19.853,-134.591,4504.762,7,"うよすま",19.917,-130.847,0,0,,4504.643,,,22,1
157,9,1,5,4,0,0,1,1,0,0,0,255,255,83,4527.386,"ʚEveɞ",R,14,52,85,-0.772,0.446,-0.176,2.092,-1.073,2.471,-36.338,24.726,0,0,301.699,312.348,16.516,0,0,0,0,3,L,"Fresh825",172.8,80,0.2,0,80,W,Y,0,0,0,0,0,0,0,0,0,0,0,0,0,0,0,0,0.148,-37.582,0,"소솨소솨",-0.012,-17.185,0,"SUGUN",-19.393,-43.597,0,"mochi_2929",-10.328,-60.947,0,"schmoneymikey",19.339,-45.886,0,"_Chun",10.514,-61.033,0,"Pugeuk",47.101,-104.138,0,"うよすま",0.372,-113.889,0,"Rite_",-49.661,-99.591,0,0,0,0,0,0,"",0,0,0,0,4529.084,,,,0,0
158,9,1,5,4,0,1,1,1,0,0,0,255,255,84,4539.644,"ʚEveɞ",R,42,52,95,1.638,0.472,0.492,1.77,1.057,1.891,-36.338,24.903,4,0,-160.476,-2.627,23.699,0,0,1,0,3,L,"Fresh825",172.8,80,0.2,0,80,W,Y,0,0,0,0,0,0,0,0,0,0,0,0,0,0,0,0,-0.027,-37.122,0,"소솨소솨",0.011,-17.342,0,"SUGUN",-19.914,-41.277,0,"mochi_2929",-11.313,-61.931,0,"schmoneymikey",19.644,-46.459,0,"_Chun",12.105,-62.182,0,"Pugeuk",42.596,-99.981,0,"うよすま",0.016,-120.285,0,"Rite_",-50.069,-100.267,0,0,0,0,0,0,"",0,0,0,0,4541.251,,,,0,0
159,9,1,5,4,0,2,1,1,0,0,0,255,255,85,4554.531,"ʚEveɞ",R,10,59,105,-1.996,0.445,0.089,1.987,-0.935,2.458,-36.338,16.783,2,0,32.979,400,-8.609,0,0,1,0,3,L,"Fresh825",172.8,80,0.2,3,80,W,Y,4555.798,208,61,59,56,50,137,80,-37.245,31.182,-0.84,0,0.157,-87.306,477.83,-62.751,0.051,-37.047,0,"소솨소솨",-0.074,-17.179,0,"SUGUN",-19.04,-43.73,109,"mochi_2929",-11.095,-61.342,0,"schmoneymikey",19.791,-46.601,0,"_Chun",11.928,-59.959,70,"Pugeuk",47.472,-96.02,0,"うよすま",1.549,-112.517,0,"Rite_",-49.403,-100.507,0,4555.685,-1.102,-20.897,4557.629,2,"SUGUN",-13.93,-41.822,0,0,,4560.606,,,14,2
160,9,1,5,4,0,0,2,0,1,0,255,0,255,86,4579.922,"ʚEveɞ",R,29,59,114,1.071,0.446,0.334,1.736,0.87,1.767,-36.338,21.857,2,0,-250,-101.302,55.411,0,0,1,1,6,R,"가앤슬_",183,83.179,0.2,3,80,W,Y,4581.091,232,50,89,76,37,145,111,25.817,23.63,0.1,0,0.384,37.823,-128.193,27.115,-0.161,-36.948,0,"소솨소솨",-0.041,-17.259,0,"SUGUN",-19.18,-44.368,0,"mochi_2929",-13.08,-62.676,0,"schmoneymikey",19.006,-46.432,0,"_Chun",9.317,-60.389,0,"Pugeuk",39.925,-102.185,0,"うよすま",-8.988,-109.316,0,"Rite_",-52.993,-101.892,95,4585.573,-35.631,-107.941,4585.896,8,"Rite_",-35.185,-106.736,0,0,,,4586.826,,128,1
161,9,0,5,4,0,0,0,0,0,0,255,255,255,73,4644.81,"TaeGeuk_",R,36,92,140,-0.245,0.194,0.46,1.072,-0.296,1.887,-36.83,14.848,0,0,128.705,136.753,15.27,0,0,0,6,1,R,"소솨소솨",190,80,0.405,0,80,W,Y,0,0,0,0,0,0,0,0,0,0,0,0,0,0,0,0,0.188,-37.395,0,"눈꽃",-0.149,-18.012,0,"하루（Haru）",-18.694,-43.827,0,"Fresh825",-16.16,-63.836,0,"Kr_Luna",19.043,-49.566,0,"CoalCat",8.893,-64.186,0,"가앤슬_",44.338,-105.792,0,"Pring__",-0.564,-123.484,0,"Sabo_10",-45.688,-96.104,0,0,0,0,0,0,"",0,0,0,0,4645.929,,,,0,0
162,9,0,5,4,0,1,0,0,0,0,255,255,255,74,4660.034,"TaeGeuk_",R,35,84,136,-0.256,0.787,0.354,1.203,-0.37,2.313,-36.83,12.348,0,0,185.791,200,38.476,0,0,1,6,1,R,"소솨소솨",190,80,0.405,0,80,W,Y,0,0,0,0,0,0,0,0,0,0,0,0,0,0,0,0,0.278,-37.42,0,"눈꽃",-0.076,-18.015,0,"하루（Haru）",-18.703,-43.963,0,"Fresh825",-16.189,-63.763,0,"Kr_Luna",19.071,-49.574,0,"CoalCat",8.885,-64.165,0,"가앤슬_",44.347,-105.793,0,"Pring__",-0.569,-123.473,0,"Sabo_10",-45.767,-96.49,0,0,0,0,0,0,"",0,0,0,0,4661.195,,,,0,0
163,9,0,5,4,0,2,0,0,0,0,255,255,255,75,4674.19,"TaeGeuk_",R,3,82,107,-1.242,0.181,0.554,1.051,0.374,1.764,-36.83,3.738,2,0,-486.364,0,20.432,0,0,1,6,1,R,"소솨소솨",190,80,0.405,3,80,W,Y,4675.257,255,154,133,59,76,145,130,-17.557,7.521,0.67,0,0.784,155.358,113.039,348.293,0.425,-37.338,0,"눈꽃",-0.479,-18.06,0,"하루（Haru）",-18.607,-43.973,0,"Fresh825",-16.194,-63.587,0,"Kr_Luna",19.062,-49.912,0,"CoalCat",8.86,-64.115,84,"가앤슬_",44.34,-105.801,0,"Pring__",-1.351,-122.953,115,"Sabo_10",-45.952,-96.588,0,4675.284,-1.426,-26.494,4680.462,7,"Pring__",-25.328,-118.802,1,0,,,,,448,2
164,9,0,5,4,0,0,0,1,0,0,11,255,255,76,4707.208,"TaeGeuk_",R,3,82,107,-3.707,0.124,0.218,0.995,-0.667,1.642,-36.83,11.724,4,0,-483.772,-51.545,32.728,0,0,1,7,8,R,"Rite_",160,80,0.453,0,80,W,Y,0,0,0,0,0,0,0,0,0,0,0,0,0,0,0,0,0.084,-37.651,0,"눈꽃",-0.605,-19.281,0,"하루（Haru）",-17.31,-41.926,0,"Fresh825",-16.329,-62.694,0,"Kr_Luna",16.691,-48.723,0,"CoalCat",3.59,-59.979,0,"가앤슬_",47.136,-101.947,0,"Pring__",-0.54,-125.392,0,"Sabo_10",-46.089,-94.762,0,0,0,0,0,0,"",0,0,0,0,4708.451,,,,0,0
165,9,0,5,4,0,1,0,1,0,0,11,255,255,77,4727.702,"TaeGeuk_",R,32,81,132,1.437,-1.952,0.508,0.768,0.348,0.763,-36.83,27.535,1,0,180.688,140.575,6.065,0,0,0,7,8,R,"Rite_",160,80,0.453,0,80,W,Y,0,0,0,0,0,0,0,0,0,0,0,0,0,0,0,0,0.665,-36.778,0,"눈꽃",-0.011,-19.413,0,"하루（Haru）",-17.287,-41.814,0,"Fresh825",-13.396,-60.685,0,"Kr_Luna",17.296,-49.09,0,"CoalCat",0.163,-58.897,0,"가앤슬_",46.915,-104.137,0,"Pring__",0.923,-122.245,0,"Sabo_10",-44.315,-92.059,0,0,0,0,0,0,"",0,0,0,64,4728.851,4731.089,,,0,0
166,9,0,5,4,1,1,1,0,0,0,255,255,255,78,4750.823,"TaeGeuk_",R,33,84,136,0.407,-1.022,0.636,0.883,0.009,1.205,-36.83,25.693,2,0,105.898,102.951,13.389,0,0,1,7,8,R,"Rite_",160,80,0.453,3,80,W,Y,4751.842,163,175,53,68,0,136,122,-30,23.404,0.62,0,0.412,-524.513,240.681,47.662,0.653,-36.714,0,"눈꽃",-0.033,-18.169,0,"하루（Haru）",-19.445,-44.2,87,"Fresh825",-15.693,-63.363,90,"Kr_Luna",17.422,-46.897,0,"CoalCat",8.323,-62.289,0,"가앤슬_",46.872,-104.086,0,"Pring__",-1.813,-126.039,0,"Sabo_10",-44.716,-97.386,0,4751.618,-0.274,-19.377,4753.518,3,"Fresh825",-17.115,-58.18,0,0,,,,,161,2
167,9,0,5,4,0,0,2,0,0,0,255,255,255,79,4775.66,"TaeGeuk_",R,3,67,108,-0.93,-0.665,0.543,0.87,0.509,1.234,-36.83,22.323,0,0,-490.909,0,-0.872,0,0,1,8,6,R,"Pugeuk",190,80,0.347,0,80,W,Y,0,0,0,0,0,0,0,0,0,0,0,0,0,0,0,0,0.551,-37.018,0,"눈꽃",-0.573,-18.145,0,"하루（Haru）",-18.518,-44.68,0,"Fresh825",-16.781,-62.949,0,"Kr_Luna",17.757,-46.82,0,"CoalCat",8.915,-63.816,0,"가앤슬_",48.064,-106.682,0,"Pring__",-0.154,-126.809,0,"Sabo_10",-41.548,-92.874,0,0,0,0,0,0,"",0,0,0,0,4776.907,,,,0,0
168,9,0,5,4,0,1,2,0,0,0,255,255,255,80,4791.963,"TaeGeuk_",R,34,84,137,0.908,0.739,0.488,1.158,0.255,2.166,-36.83,5.853,2,0,90.173,70.21,18.976,0,0,1,8,6,R,"Pugeuk",190,80,0.347,5,80,W,Y,4792.972,81,38,39,3,3,31,44,-36.874,-58.869,-0.48,0,0.434,211.903,-132.36,-369.539,0.518,-37.442,0,"눈꽃",-0.042,-17.959,0,"하루（Haru）",-18.606,-44.608,0,"Fresh825",-16.728,-62.798,0,"Kr_Luna",17.801,-46.795,94,"CoalCat",8.951,-63.712,0,"가앤슬_",48.088,-106.686,0,"Pring__",-0.145,-126.821,0,"Sabo_10",-41.183,-94.028,0,4792.907,1.496,-20.73,4797.718,4,"Kr_Luna",26.01,-33.389,0,0,,,,,132,2
169,9,0,5,4,0,2,2,0,0,0,255,255,255,81,4813.251,"TaeGeuk_",R,3,71,101,-3.221,-0.34,0.423,0.904,-0.654,1.447,-36.83,25.733,4,0,-366.968,0,1.228,0,0,1,8,6,R,"Pugeuk",190,80,0.347,0,80,W,Y,0,0,0,0,0,0,0,0,0,0,0,0,0,0,0,0,0.318,-37.165,0,"눈꽃",-0.961,-18.295,0,"하루（Haru）",-19.014,-44.647,0,"Fresh825",-14.709,-64.167,0,"Kr_Luna",17.365,-47.177,0,"CoalCat",8.631,-63.384,0,"가앤슬_",50.849,-103.467,0,"Pring__",-0.813,-124.642,0,"Sabo_10",-38.621,-88.78,0,0,0,0,0,0,"",0,0,0,0,4814.751,,,,0,0
