id,inn,half,scoreA,scoreB,ball,strk,out,b1,b2,b3,b1Idx,b2Idx,b3Idx,pCnt,pSec,pName,pHand,pType,pPow,spdK,zoneX,zoneY,startX,startY,targetX,targetY,zDist,pitchAngle,call,balk,sH,sV,gyro,plx,plz,bSwing,bIdx,bPos,bZone,bName,bHCm,batLen,batCen,batType,bFps,bOS,bVR,hSec,rotS,rotL,shS,lgS,prepS,batSpd,ev,ldeg,sdeg,hPos,buntGrip,handDist,angVeloX,angVeloY,angVeloZ,PPosX,PPosY,PThrSpd,CName,CPosX,CPosY,CThrSpd,1BName,1BPosX,1BPosY,1BThrSpd,2BName,2BPosX,2BPosY,2BThrSpd,3BName,3BPosX,3BPosY,3BThrSpd,SSName,SSPosX,SSPosY,SSThrSpd,LFName,LFPosX,LFPosY,LFThrSpd,CFName,CFPosX,CFPosY,CFThrSpd,RFName,RFPosX,RFPosY,RFThrSpd,ltSec,lx,lz,cSec,cPos,cPlr,cx,cz,1BSafe,tag,cpSec,sb2Sec,sb3Sec,sbhSec,ass,result
1,1,1,0,0,0,0,0,0,0,0,255,255,255,0,264.011,"ke ro",R,26,71,123,-1.381,0.601,0.078,1.689,-0.565,1.783,-36.719,28.888,2,0,-27.03,-200,2.567,0,0,0,0,1,L,"Kr_Luna",190,95.417,0.5,3,76,W,Y,264.83,190,85,116,64,36,145,108,109.294,69.309,0.05,0,0.057,0,0,0,-0.518,-37.237,0,"kneesohime",-0.025,-17.373,0,"Sabo_10",-20.819,-47.82,0,"ゆっち一",-12.83,-65.077,0,"encounter v",20.625,-46.118,0,"うよすま",13.546,-61.448,0,"AI",40.9,-90.65,0,"AI",0,-109.84,0,"AI",-40.8,-90.55,0,0,0,0,0,0,"",0,0,0,0,,,,,32,3
2,1,1,0,0,0,1,0,0,0,0,255,255,255,1,277.108,"ke ro",R,26,78,129,-1.503,-1.021,-0.026,1.474,-0.949,0.775,-36.719,18.027,1,0,191.048,-200,19.199,-0.432,-17.428,0,0,1,L,"Kr_Luna",190,95.417,0.5,0,76,W,Y,0,0,0,0,0,0,0,0,0,0,0,0,0,0,0,0,-0.212,-37.993,0,"kneesohime",-0.257,-17.421,0,"Sabo_10",-21.54,-46.716,0,"ゆっち一",-13.315,-65.146,0,"encounter v",20.364,-45.126,0,"うよすま",14.122,-62.306,0,"AI",40.9,-90.65,0,"AI",0,-109.84,0,"AI",-40.8,-90.55,0,0,0,0,0,0,"",0,0,0,0,279.455,,,,0,0
3,1,1,0,0,1,1,0,0,0,0,255,255,255,2,288.219,"ke ro",R,29,68,121,-2.616,0.241,0.045,1.633,-0.719,1.601,-36.719,17.174,2,0,-242.206,-140.928,33.803,0,0,0,0,1,L,"Kr_Luna",190,95.417,0.5,3,76,W,Y,288.988,114,120,128,89,43,137,85,3.978,-40.391,-0.85,0,0.036,129.778,-302.998,42.4,-0.273,-37.319,0,"kneesohime",-0.017,-17.414,0,"Sabo_10",-21.433,-48.896,104,"ゆっち一",-13.297,-65.114,0,"encounter v",18.936,-44.014,120,"うよすま",14.107,-62.338,0,"AI",40.9,-90.65,0,"AI",0,-109.84,0,"AI",-40.8,-90.55,0,290.055,14.817,-37.416,290.93,4,"encounter v",19.048,-42.356,0,0,,,,,56,2
4,1,1,0,0,0,0,1,0,0,0,255,255,255,3,310.493,"ke ro",R,0,59,113,-0.806,1.035,0.173,1.923,-0.356,2.259,-36.719,40.88,1,0,0,0,10.867,0,0,0,1,4,R,"인생최패망자",190,80,0.299,0,76,W,Y,0,0,0,0,0,0,0,0,0,0,0,0,0,0,0,0,-0.071,-38.096,0,"kneesohime",-0.224,-17.507,0,"Sabo_10",-20.712,-45.967,0,"ゆっち一",-18.252,-64.425,0,"encounter v",19.766,-44.927,0,"うよすま",12.831,-62.575,0,"AI",40.9,-90.65,0,"AI",0,-109.84,0,"AI",-40.8,-90.55,0,0,0,0,0,0,"",0,0,0,0,312.072,,,,0,0
5,1,1,0,0,1,0,1,0,0,0,255,255,255,4,323.291,"ke ro",R,13,71,110,-4.045,-1.408,-0.021,1.495,-1.028,1.154,-36.719,8.816,1,0,-388.807,314.371,12.429,-1.005,-17.569,0,1,4,R,"인생최패망자",190,80,0.299,0,76,W,Y,0,0,0,0,0,0,0,0,0,0,0,0,0,0,0,0,-0.115,-38.164,0,"kneesohime",-0.903,-17.41,0,"Sabo_10",-20.638,-46.191,0,"ゆっち一",-17.471,-64.597,0,"encounter v",19.508,-45.209,0,"うよすま",12.683,-62.609,0,"AI",40.9,-90.65,0,"AI",0,-109.84,0,"AI",-40.8,-90.55,0,0,0,0,0,0,"",0,0,0,0,324.889,,,,0,0
6,1,1,0,0,2,0,1,0,0,0,255,255,255,5,334.775,"ke ro",R,26,70,123,0.76,0.578,0.206,1.782,0.176,1.765,-36.719,34.194,2,0,91.236,-200,-8.774,0,0,1,1,4,R,"인생최패망자",190,80,0.299,3,76,W,Y,335.792,255,84,149,90,79,145,102,64.313,-64.114,-0.23,0,0.319,-281.375,358.733,312.783,-0.079,-37.647,0,"kneesohime",-0.141,-17.571,0,"Sabo_10",-21.041,-47.649,0,"ゆっち一",-15.509,-64.505,0,"encounter v",19.4,-45.086,0,"うよすま",12.646,-62.57,0,"AI",40.9,-90.65,0,"AI",0,-109.84,0,"AI",-40.8,-90.55,0,341.605,66.848,-64.644,0,0,"",0,0,0,0,,,,,32,3
7,1,1,0,0,2,1,1,0,0,0,255,255,255,6,347.392,"ke ro",R,0,48,105,1.213,0.721,0.329,1.851,0.518,2.073,-36.719,65.32,2,0,0,0,5.178,0,0,1,1,4,R,"인생최패망자",190,80,0.299,3,85,W,Y,348.489,183,125,111,98,48,145,89,29.331,-37.466,-0.87,0,0.388,475.573,-198.74,305.178,-0.287,-38.034,0,"kneesohime",-0.078,-17.627,0,"Sabo_10",-20.762,-47.456,0,"ゆっち一",-15.126,-64.905,0,"encounter v",19.453,-44.356,0,"うよすま",11.58,-61.634,0,"AI",40.9,-90.65,0,"AI",0,-109.84,0,"AI",-40.8,-90.55,0,353.789,51.63,-81.957,358.28,3,"ゆっち一",2.451,-60.192,0,0,404.43,,,,63,1
8,1,1,0,0,0,0,2,0,0,0,255,255,255,7,472.26,"encounter v",R,32,91,140,-0.647,0.162,0.278,2.242,-0.481,1.627,-36.618,44.133,2,0,210.082,-200,-13.521,0,0,1,2,2,L,"눈꽃",190,90,0.6,3,76,W,Y,473.218,217,97,146,66,30,145,130,12.951,15.622,0.38,0,0.288,306.493,-277.451,106.688,0.255,-37.138,0,"kneesohime",-0.37,-17.366,0,"Sabo_10",-19.725,-46.998,0,"ゆっち一",-9.728,-65.788,0,"ByeolBam",20.835,-49.439,0,"うよすま",14.958,-61.182,73,"AI",40.9,-90.65,0,"AI",0,-109.84,0,"AI",-40.8,-90.55,0,477.472,-24.26,-126.186,479.48,7,"AI",-20.499,-125.466,1,0,,483.542,,,33,2
9,1,1,0,0,0,0,2,0,1,0,255,255,255,8,503.873,"encounter v",R,26,83,135,-0.3,0.921,0.507,2.306,-0.345,1.863,-36.618,66.52,0,0,181.323,-200,-28.991,0,0,0,3,3,L,"うるの。",166.2,91.171,0.504,0,76,W,Y,0,0,0,0,0,0,0,0,0,0,0,0,0,0,0,0,0.249,-37.159,0,"kneesohime",-0.469,-17.501,0,"Sabo_10",-20.187,-43.893,0,"ゆっち一",-6.938,-61.834,0,"ByeolBam",20.808,-46.108,0,"うよすま",14.986,-57.031,0,"AI",40.9,-90.65,0,"AI",0,-109.84,0,"AI",-40.8,-90.55,0,0,0,0,0,0,"",0,0,0,0,505.464,506.8,,,0,0
10,1,1,0,0,0,1,2,0,1,0,255,255,255,9,526.614,"encounter v",R,26,83,135,-0.471,0.905,0.478,2.304,-0.482,1.853,-36.618,60.654,0,0,179.902,-200,-13.212,0,0,1,3,3,L,"うるの。",166.2,91.171,0.504,0,77,W,Y,0,0,0,0,0,0,0,0,0,0,0,0,0,0,0,0,0.21,-37.31,0,"kneesohime",-0.183,-17.534,0,"Sabo_10",-18.909,-44.254,0,"ゆっち一",-8.272,-63.755,0,"ByeolBam",19.46,-45.758,0,"うよすま",14.056,-57.689,0,"AI",40.9,-90.65,0,"AI",0,-109.84,0,"AI",-40.8,-90.55,0,0,0,0,0,0,"",0,0,0,0,528.172,529.981,,,0,0
11,1,1,0,0,0,2,2,0,1,0,255,255,255,10,543.972,"encounter v",R,10,85,127,-0.662,-1.913,0.517,2.071,-0.299,0.992,-36.618,53.144,4,0,-2.085,400,-46.669,-0.178,-19.039,1,3,3,L,"うるの。",166.2,91.171,0.504,0,77,W,Y,0,0,0,0,0,0,0,0,0,0,0,0,0,0,0,0,1.724,-36.326,0,"kneesohime",-0.339,-17.508,0,"Sabo_10",-19.93,-45.91,0,"ゆっち一",-7.725,-63.129,0,"ByeolBam",18.9,-45.818,0,"うよすま",14.692,-56.841,0,"AI",40.9,-90.65,0,"AI",0,-109.84,0,"AI",-40.8,-90.55,0,0,0,0,0,0,"",0,0,0,0,545.597,,549.048,,0,0
12,1,0,0,0,0,0,0,0,0,0,255,255,255,0,638.242,"Pugeuk",R,29,93,140,1.141,-0.463,0.377,1.43,0.822,1.23,-36.592,24.718,0,0,-250,-119.383,21.197,0,0,1,0,5,R,"うよすま",174.5,92.834,0.551,0,80,W,Y,0,0,0,0,0,0,0,0,0,0,0,0,0,0,0,0,0.091,-37.541,0,"Kr_Luna",0.029,-17.586,0,"눈꽃",-19.362,-43.384,0,"うるの。",-13.374,-63.079,0,"인생최패망자",20.904,-50.031,0,"_앰프_",12.841,-61.851,0,"AI",40.9,-90.65,0,"AI",0,-109.84,0,"아침땅_",-47.04,-92.739,0,0,0,0,0,0,"",0,0,0,0,639.522,,,,0,0
13,1,0,0,0,0,1,0,0,0,0,255,255,255,1,651.465,"Pugeuk",R,13,74,101,-0.436,-0.832,0.597,1.731,1.231,2.079,-36.592,40.002,2,0,-358.49,312.348,30.52,0,0,1,0,5,R,"うよすま",174.5,92.834,0.551,3,80,W,Y,652.637,171,76,123,92,20,145,126,-8.452,15.229,0.28,0.19,0.575,-298.419,424.626,-98.694,-0.453,-37.358,0,"Kr_Luna",0.052,-17.579,0,"눈꽃",-19.092,-45.735,120,"うるの。",-13.472,-62.879,99,"인생최패망자",19.72,-48.114,0,"_앰프_",12.677,-62.042,0,"AI",40.9,-90.65,0,"AI",0,-109.84,0,"아침땅_",-48.449,-94.354,0,652.839,-1.168,-24.763,654.422,3,"うるの。",-10.773,-59.51,0,0,,,,,76,2
14,1,0,0,0,0,0,1,0,0,0,255,255,255,2,675.678,"Pugeuk",R,6,90,126,0.013,-0.601,0.069,1.42,-0.61,1.233,-36.592,9.332,0,0,500,0,23.291,0,0,0,1,1,R,"kneesohime",190,85,0.498,0,81,W,Y,0,0,0,0,0,0,0,0,0,0,0,0,0,0,0,0,0.163,-37.727,0,"Kr_Luna",0.04,-17.59,0,"눈꽃",-19.506,-46.328,0,"うるの。",-13.617,-62.528,0,"인생최패망자",19.956,-49.872,0,"_앰프_",11.778,-62.525,0,"AI",40.9,-90.65,0,"AI",0,-109.84,0,"아침땅_",-50.576,-96.127,0,0,0,0,0,0,"",0,0,0,0,677.08,,,,0,0
15,1,0,0,0,0,1,1,0,0,0,255,255,255,3,688.099,"Pugeuk",R,10,84,126,1.601,-1.282,0.343,1.41,0.667,1.2,-36.592,17.891,2,0,0,400,9.11,0,0,1,1,1,R,"kneesohime",190,85,0.498,3,81,W,Y,689.212,221,171,169,17,43,145,91,-40.463,-39.175,-0.76,0,0.309,-358.067,53.244,80.674,-0.388,-37.108,0,"Kr_Luna",0.046,-17.587,0,"눈꽃",-19.525,-46.247,115,"うるの。",-13.546,-62.47,0,"인생최패망자",19.465,-49.415,120,"_앰프_",12.649,-62.143,0,"AI",40.9,-90.65,0,"AI",0,-109.84,0,"아침땅_",-50.225,-96.428,0,689.297,0.622,-20.551,691.272,4,"인생최패망자",19.334,-43.498,0,0,,,,,70,2
16,1,0,0,0,0,0,2,0,0,0,255,255,255,4,706.301,"Pugeuk",R,29,84,137,-1.438,-0.643,0.123,1.413,-0.356,1.17,-36.592,15.507,2,0,-227.061,-66.43,23.237,0,0,1,2,3,L,"ゆっち一",174.7,84.105,0.397,3,81,W,Y,707.328,170,138,49,92,44,134,126,26.701,-6.881,0.38,0,0.313,-101.442,-141.609,47.65,-0.026,-37.062,0,"Kr_Luna",0.039,-17.59,0,"눈꽃",-19.248,-46.087,0,"うるの。",-12.067,-64.159,88,"인생최패망자",21.187,-46.904,0,"_앰프_",13.551,-62.479,0,"AI",40.9,-90.65,0,"AI",0,-109.84,0,"아침땅_",-35.111,-104.976,0,712.255,16.102,-126.606,714.122,7,"AI",18.957,-129.828,1,0,,718.186,,,72,2
17,1,0,0,0,0,0,2,0,1,0,255,13,255,5,736.335,"Pugeuk",R,29,91,140,1.31,-0.498,0.384,1.428,0.855,1.258,-36.592,27.483,2,0,-250,-50.994,16.58,0,0,1,3,4,L,"encounter v",190,82.544,0.529,3,81,W,Y,737.378,255,91,71,76,40,145,130,19.864,-24.895,0.47,0,0.234,435.839,-365.568,91.926,-0.247,-37.312,0,"Kr_Luna",0.069,-17.585,0,"눈꽃",-19.184,-45.693,0,"うるの。",-12.33,-61.912,0,"인생최패망자",19.558,-44.778,0,"_앰프_",13.883,-61.936,0,"AI",40.9,-90.65,0,"AI",0,-109.84,0,"아침땅_",-35.495,-105.628,0,742.639,60.229,-125.516,0,0,"",0,0,0,0,,752.895,741.732,746.999,64,4
18,1,0,0,2,0,0,2,0,0,0,255,255,255,6,777.41,"Pugeuk",R,3,76,102,1.892,0.402,0.704,1.683,1.563,1.95,-36.592,38.314,1,0,-459.874,63.569,15.409,0,0,0,4,2,L,"Sabo_10",185,87.575,0.449,0,82,W,Y,0,0,0,0,0,0,0,0,0,0,0,0,0,0,0,0,-0.202,-37.562,0,"Kr_Luna",0.026,-17.605,0,"눈꽃",-19.059,-46.87,0,"うるの。",-12.631,-63.448,0,"인생최패망자",23.241,-48.969,0,"_앰프_",15.358,-62.871,0,"AI",40.9,-90.65,0,"AI",0,-109.84,0,"아침땅_",-35.741,-103.998,0,0,0,0,0,0,"",0,0,0,0,778.839,,,,0,0
19,1,0,0,2,1,0,2,0,0,0,255,255,255,7,790.239,"Pugeuk",R,13,59,90,-1.062,1.28,0.286,2.119,0.266,2.916,-36.592,44.965,1,0,-323.141,306.618,3.724,0,0,0,4,2,L,"Sabo_10",185,87.575,0.449,0,82,W,Y,0,0,0,0,0,0,0,0,0,0,0,0,0,0,0,0,0.163,-37.504,0,"Kr_Luna",0.03,-17.603,0,"눈꽃",-18.288,-46.685,0,"うるの。",-12.617,-63.487,0,"인생최패망자",24.92,-51.058,0,"_앰프_",15.354,-62.817,0,"AI",40.9,-90.65,0,"AI",0,-109.84,0,"아침땅_",-36.747,-104.399,0,0,0,0,0,0,"",0,0,0,0,791.705,,,,0,0
20,1,0,0,2,2,0,2,0,0,0,255,255,255,8,802.483,"Pugeuk",R,28,88,140,-0.697,-0.059,0.141,1.506,-0.274,1.506,-36.592,15.134,2,0,-26.282,-82.173,0.494,0,0,1,4,2,L,"Sabo_10",185,87.575,0.449,3,82,W,Y,803.352,229,74,126,95,47,145,107,27.11,-23.774,0.04,0,0.533,254.997,-434.992,-271.925,0.111,-37.182,0,"Kr_Luna",0.024,-17.598,0,"눈꽃",-19.18,-45.806,0,"うるの。",-12.245,-63.634,0,"인생최패망자",24.495,-50.552,0,"_앰프_",15.601,-61.335,0,"AI",40.9,-90.65,0,"AI",0,-109.84,0,"아침땅_",-36.907,-104.293,0,808.189,46.147,-99.064,0,0,"",0,0,0,0,,,,,48,1
21,2,1,0,2,0,0,0,0,0,0,255,255,255,11,850.284,"ke ro",R,26,73,124,1.398,0.903,0.329,1.76,0.545,1.834,-36.719,37.045,2,0,40.502,-200,-7.405,0,0,1,4,8,R,"아침땅_",160,94.936,0.502,3,83,W,Y,851.234,110,66,87,75,42,136,120,26.736,-16.519,0.39,0.095,0.308,-88.532,85.718,-9.317,-0.044,-37.776,0,"kneesohime",0.061,-17.255,0,"Sabo_10",-20.599,-46.913,0,"ゆっち一",-14.882,-62.328,59,"encounter v",20.059,-45.214,0,"うよすま",11.851,-60.482,0,"AI",40.904,-90.654,0,"AI",0,-109.844,0,"AI",-40.804,-90.554,0,856.047,27.272,-117.52,858.469,7,"AI",26.84,-126.764,1,0,,860.728,,,36,2
22,2,1,0,2,0,0,0,0,1,0,255,8,255,12,882.662,"ke ro",R,26,75,126,1.701,1.267,0.339,1.844,0.62,2.104,-36.719,35.151,1,0,92.505,-200,5.51,0,0,0,5,5,R,"_앰프_",170,80,0.4,0,83,W,Y,0,0,0,0,0,0,0,0,0,0,0,0,0,0,0,0,-0.066,-38.047,0,"kneesohime",0.536,-18.286,0,"Sabo_10",-20.202,-44.827,0,"ゆっち一",-14.225,-63.289,0,"encounter v",20.713,-42.34,0,"うよすま",2.437,-61.022,0,"AI",40.903,-90.652,0,"AI",0,-109.843,0,"AI",-40.803,-90.552,0,0,0,0,0,0,"",0,0,0,0,884.197,885.641,,,0,0
23,2,1,0,2,1,0,0,0,1,0,255,8,255,13,893.918,"ke ro",R,32,71,123,2.635,1.604,0.388,1.854,0.869,2.334,-36.719,47.031,1,0,182.286,-155.345,-0.095,0,0,0,5,5,R,"_앰프_",170,80,0.4,0,83,W,Y,0,0,0,0,0,0,0,0,0,0,0,0,0,0,0,0,0.009,-37.997,0,"kneesohime",0.293,-18.756,0,"Sabo_10",-20.283,-45.864,0,"ゆっち一",-14.23,-63.346,0,"encounter v",20.418,-41.401,0,"うよすま",5.628,-61.716,0,"AI",40.903,-90.652,0,"AI",0,-109.843,0,"AI",-40.803,-90.552,0,0,0,0,0,0,"",0,0,0,0,895.455,896.949,,,0,0
24,2,1,0,2,2,0,0,0,1,0,255,8,255,14,909.452,"ke ro",R,26,83,135,0.371,0.237,0.161,1.688,-0.2,1.437,-36.719,27.601,2,0,76.997,-200,11.734,0,0,1,5,5,R,"_앰프_",170,80,0.4,3,83,W,Y,910.465,225,22,65,45,28,137,86,-31.439,40.955,-0.46,0,0.178,-232.758,485.237,-210.277,-0.233,-37.8,0,"kneesohime",-0.241,-17.294,0,"Sabo_10",-20.141,-46.119,115,"ゆっち一",-14.328,-63.065,0,"encounter v",19.464,-44.534,69,"うよすま",1.83,-59.389,0,"AI",40.904,-90.654,0,"AI",0,-109.845,0,"AI",-40.804,-90.554,0,910.672,-1.308,-21.088,912.38,2,"Sabo_10",-18.643,-40.86,0,0,,,914.441,,56,2
25,2,1,0,2,0,0,1,0,0,1,255,255,8,15,935.71,"ke ro",R,26,87,140,-3.378,-0.948,-0.13,1.4,-1.536,0.846,-36.719,18.064,1,0,50.536,-200,13.863,0,0,0,6,0,R,"Pugeuk",190,85.552,0.397,0,82,W,Y,0,0,0,0,0,0,0,0,0,0,0,0,0,0,0,0,-0.239,-38.076,0,"kneesohime",-0.363,-17.988,0,"Sabo_10",-20.327,-45.415,0,"ゆっち一",-13.604,-64.748,0,"encounter v",18.346,-40.124,0,"うよすま",10.043,-57.992,0,"AI",40.903,-90.653,0,"AI",0,-109.843,0,"AI",-40.803,-90.553,0,0,0,0,0,0,"",0,0,0,0,937.147,,938.33,,0,0
26,2,1,0,2,1,0,1,0,0,1,255,255,8,16,949.812,"ke ro",R,0,68,121,-1.686,0.026,0.042,1.641,-0.736,1.627,-36.719,23.438,4,0,0,4.563,18.075,0,0,1,6,0,R,"Pugeuk",190,85.552,0.397,0,82,W,Y,0,0,0,0,0,0,0,0,0,0,0,0,0,0,0,0,-0.207,-37.621,0,"kneesohime",0.544,-18.354,0,"Sabo_10",-20.449,-45.778,0,"ゆっち一",-13.559,-64.63,0,"encounter v",18.253,-40.538,0,"うよすま",9.818,-61.958,0,"AI",40.903,-90.652,0,"AI",0,-109.843,0,"AI",-40.803,-90.552,0,0,0,0,0,0,"",0,0,0,0,951.372,,952.478,,0,0
27,2,1,0,2,1,1,1,0,0,1,255,255,8,17,1049.27,"encounter v",R,26,92,140,-0.394,-1.11,0.32,1.961,-0.284,0.717,-36.618,29.905,2,0,74.671,-200,-1.759,0,0,1,6,0,R,"Pugeuk",190,85.552,0.397,3,82,W,Y,1050.332,255,75,89,8,37,135,127,-30,14.998,0.66,0,0.628,-1.336,-28.586,5.818,0.112,-37.234,0,"kneesohime",-0.414,-17.474,0,"Sabo_10",-21.424,-49.003,90,"ゆっち一",-13.337,-66.897,100,"ByeolBam",18.059,-43.909,0,"うよすま",12.486,-58.592,0,"AI",40.904,-90.654,0,"AI",0,-109.845,0,"AI",-40.804,-90.554,0,1050.43,-0.291,-20.087,1052.58,3,"ゆっち一",-13.002,-67.56,0,64,,,,1054.522,52,2
28,2,1,1,2,0,0,2,0,0,0,255,255,255,18,1075.4,"encounter v",R,13,83,122,-0.272,-0.386,0.474,2.285,0.432,1.766,-36.618,61.294,0,0,-339.482,367.086,-14.779,0,0,0,0,1,L,"Kr_Luna",190,95.417,0.5,0,82,W,Y,0,0,0,0,0,0,0,0,0,0,0,0,0,0,0,0,0.148,-37.4,0,"kneesohime",-0.272,-17.486,0,"Sabo_10",-20.431,-46.745,0,"ゆっち一",-11.873,-65.386,0,"ByeolBam",20.569,-47.175,0,"うよすま",16.149,-60.538,0,"AI",40.9,-90.65,0,"AI",0,-109.84,0,"AI",-40.8,-90.55,0,0,0,0,0,0,"",0,0,0,0,1076.78,,,,0,0
29,2,1,1,2,0,1,2,0,0,0,255,255,255,19,1086.641,"encounter v",R,10,67,111,0.389,-1.252,0.416,2.129,0.159,1.263,-36.618,55.926,2,0,0,400,-67.558,0,0,0,0,1,L,"Kr_Luna",190,95.417,0.5,3,82,W,Y,1087.607,171,128,97,133,59,145,124,-30,-47.341,0.75,0,0.158,-1.336,-28.586,5.818,-0.054,-37.05,0,"kneesohime",-0.058,-17.34,0,"Sabo_10",-20.593,-47.452,0,"ゆっち一",-11.897,-65.348,0,"ByeolBam",21.451,-48.321,0,"うよすま",14.53,-61.251,0,"AI",40.9,-90.65,0,"AI",0,-109.84,0,"AI",-40.8,-90.55,0,1087.639,0.952,-21.173,0,0,"",0,0,0,0,,,,,32,0
30,2,1,1,2,0,2,2,0,0,0,255,255,255,20,1104.952,"encounter v",R,32,95,140,-0.206,0.584,0.285,2.09,-0.447,1.784,-36.618,36.15,0,0,250,-200,-13.931,0,0,0,0,1,L,"Kr_Luna",190,95.417,0.5,0,82,W,Y,0,0,0,0,0,0,0,0,0,0,0,0,0,0,0,0,0.121,-37.41,0,"kneesohime",0.033,-17.52,0,"Sabo_10",-19.843,-46.297,0,"ゆっち一",-12.47,-64.901,0,"ByeolBam",20.737,-46.14,0,"うよすま",16.601,-59.997,0,"AI",40.9,-90.65,0,"AI",0,-109.84,0,"AI",-40.8,-90.55,0,0,0,0,0,0,"",0,0,0,0,1106.439,,,,0,0
31,2,0,1,2,0,0,0,0,0,0,255,255,255,9,1152.779,"Pugeuk",R,27,92,140,0.863,-0.079,0.293,1.487,0.434,1.433,-36.592,16.225,0,0,-49.324,-138.054,5.308,0,0,1,0,5,R,"うよすま",174.5,92.834,0.551,0,83,W,Y,0,0,0,0,0,0,0,0,0,0,0,0,0,0,0,0,-0.19,-37.572,0,"Kr_Luna",0.001,-17.417,0,"눈꽃",-19.953,-46.489,0,"うるの。",-13.551,-62.779,0,"인생최패망자",19.684,-47.086,0,"_앰프_",10.788,-62.614,0,"AI",40.9,-90.65,0,"AI",0,-109.84,0,"아침땅_",-45.042,-91.717,0,0,0,0,0,0,"",0,0,0,0,1153.98,,,,0,0
32,2,0,1,2,0,1,0,0,0,0,255,255,255,10,1163.974,"Pugeuk",R,27,94,140,1.138,-0.548,0.325,1.409,0.581,1.156,-36.592,18.753,2,0,-70.028,-146.4,9.304,0,0,1,0,5,R,"うよすま",174.5,92.834,0.551,3,83,W,Y,1164.913,127,71,115,70,17,139,82,15.185,1.116,-0.79,0.143,0.437,220.896,359.724,-370.186,0.336,-37.039,0,"Kr_Luna",0.015,-17.418,0,"눈꽃",-19.947,-46.485,0,"うるの。",-13.473,-62.743,0,"인생최패망자",18.276,-48.453,0,"_앰프_",10.781,-62.965,79,"AI",40.9,-90.65,0,"AI",0,-109.84,0,"아침땅_",-45.324,-91.875,0,1168.03,-3.599,-73.535,1169.955,7,"AI",-5.586,-91.234,1,0,,,,,96,2
33,2,0,1,2,0,0,0,1,0,0,15,255,255,11,1198.994,"Pugeuk",R,29,86,139,1.747,0.005,0.419,1.522,1.018,1.562,-36.592,23.302,2,0,-201.261,-64.882,6.307,0,0,1,1,1,R,"kneesohime",190,85,0.498,3,83,W,Y,1200.076,211,82,94,42,26,145,130,109.657,-63.729,0.63,0,0.224,319.117,20.435,65.477,0.284,-37.537,0,"Kr_Luna",0.058,-17.404,0,"눈꽃",-16.888,-44.097,0,"うるの。",-12.503,-63.304,0,"인생최패망자",19.517,-47.829,0,"_앰프_",8.953,-62.709,0,"AI",40.9,-90.65,0,"AI",0,-109.84,0,"아침땅_",-50.001,-95.265,0,0,0,0,0,0,"",0,0,0,0,,,,,64,3
34,2,0,1,2,0,1,0,1,0,0,15,255,255,12,1214.1,"Pugeuk",R,13,77,105,-1.752,-0.315,0.068,1.696,-0.41,1.969,-36.592,11.506,4,0,-184.2,400,0,0,0,1,1,1,R,"kneesohime",190,85,0.498,0,67,W,Y,0,0,0,0,0,0,0,0,0,0,0,0,0,0,0,0,-0.257,-37.89,0,"Kr_Luna",0.044,-17.434,0,"눈꽃",-17.665,-39.829,0,"うるの。",-13.292,-63.446,0,"인생최패망자",18.969,-44.239,0,"_앰프_",3.868,-61.826,0,"AI",40.9,-90.65,0,"AI",0,-109.84,0,"아침땅_",-50.595,-94.931,0,0,0,0,0,0,"",0,0,0,0,1215.622,,,,0,0
35,2,0,1,2,0,2,0,1,0,0,15,255,255,13,1227.98,"Pugeuk",R,27,90,140,0.017,1.165,0.2,1.729,0.001,2.233,-36.592,15.789,4,0,0.573,-130.897,15.907,0,0,1,1,1,R,"kneesohime",190,85,0.498,0,67,W,Y,0,0,0,0,0,0,0,0,0,0,0,0,0,0,0,0,0.046,-38.128,0,"Kr_Luna",0.005,-17.498,0,"눈꽃",-17.611,-40.586,0,"うるの。",-13.282,-63.047,0,"인생최패망자",20.19,-48.941,0,"_앰프_",5.815,-61.084,0,"AI",40.9,-90.65,0,"AI",0,-109.84,0,"아침땅_",-50.136,-95.378,0,0,0,0,0,0,"",0,0,0,0,1229.264,,,,0,0
36,2,0,1,2,0,0,1,1,0,0,15,255,255,14,1246.378,"Pugeuk",R,29,84,137,-0.158,-0.213,0.259,1.49,0.276,1.442,-36.592,27.876,0,0,-250,-41.293,28.272,0,0,0,2,3,L,"ゆっち一",174.7,84.105,0.397,0,84,W,Y,0,0,0,0,0,0,0,0,0,0,0,0,0,0,0,0,0.204,-37.572,0,"Kr_Luna",-0.078,-17.483,0,"눈꽃",-16.996,-41.109,0,"うるの。",-10.753,-63.482,0,"인생최패망자",22.753,-47.823,0,"_앰프_",11.652,-61.616,0,"AI",40.9,-90.65,0,"AI",0,-109.84,0,"아침땅_",-37.331,-102.163,0,0,0,0,0,0,"",0,0,0,0,1247.547,1250.927,,,0,2
37,2,0,1,2,0,1,1,0,1,0,255,15,255,15,1273.713,"Pugeuk",R,29,90,140,-2.353,0.418,0.039,1.582,-0.748,1.767,-36.592,9.561,4,0,-196.818,-81.931,15.701,0,0,1,2,3,L,"ゆっち一",174.7,84.105,0.397,0,84,W,Y,0,0,0,0,0,0,0,0,0,0,0,0,0,0,0,0,-0.269,-37.75,0,"Kr_Luna",0.048,-17.456,0,"눈꽃",-18.15,-44.223,0,"うるの。",-5.973,-63.615,0,"인생최패망자",19.395,-42.283,0,"_앰프_",12.469,-60.648,0,"AI",40.9,-90.65,0,"AI",0,-109.84,0,"아침땅_",-33.677,-102.89,0,0,0,0,0,0,"",0,0,0,0,1274.722,1276.54,,,0,0
38,2,0,1,2,0,2,1,0,1,0,255,15,255,16,1289.55,"Pugeuk",R,14,85,109,2.85,-1.392,0.365,1.406,0.513,1.316,-36.592,24.368,4,0,367.852,334.949,0,0,0,1,2,3,L,"ゆっち一",174.7,84.105,0.397,0,84,W,Y,0,0,0,0,0,0,0,0,0,0,0,0,0,0,0,0,-0.018,-37.656,0,"Kr_Luna",0.012,-17.602,0,"눈꽃",-17.701,-46.069,0,"うるの。",-9.775,-62.77,0,"인생최패망자",18.939,-41.114,0,"_앰프_",11.522,-59.646,0,"AI",40.9,-90.65,0,"AI",0,-109.84,0,"아침땅_",-34.415,-101.862,0,0,0,0,0,0,"",0,0,0,0,1290.714,1292.8,,,0,0
39,2,0,1,2,0,0,2,0,1,0,255,15,255,17,1309.641,"Pugeuk",R,29,95,140,-1.287,-0.738,0.131,1.392,-0.319,1.142,-36.592,13.033,2,0,-180.618,-11.628,14.38,0,0,1,3,4,L,"encounter v",190,82.544,0.529,3,84,W,Y,1310.662,255,111,119,117,57,145,91,-30,-38.604,0.98,0,0.479,460.546,197.921,-95.747,0.033,-37.125,0,"Kr_Luna",0.027,-17.457,0,"눈꽃",-17.632,-47.173,0,"うるの。",-9.211,-64.195,0,"인생최패망자",20.222,-45.881,0,"_앰프_",16.636,-59.53,0,"AI",40.9,-90.65,0,"AI",0,-109.84,0,"아침땅_",-34.871,-103.902,0,1310.697,0.674,-21.426,1312.322,4,"인생최패망자",16.58,-41.458,0,0,,,,,54,2
40,3,1,1,2,0,0,0,0,0,0,255,255,255,21,1450.331,"encounter v",R,13,91,126,-0.826,-0.229,0.633,2.291,0.242,1.786,-36.618,59.75,2,0,-390.434,312.348,0.339,0,0,1,1,4,R,"인생최패망자",190,80,0.299,3,76,W,Y,1451.302,255,152,79,128,88,145,121,-25.434,-27.358,0.78,0,0.409,-163.674,158.525,-384.23,0.242,-37.333,0,"kneesohime",-0.077,-17.274,0,"Sabo_10",-20.602,-47.852,115,"ゆっち一",-15.27,-63.484,0,"ByeolBam",18.769,-46.887,0,"うよすま",10.242,-62.77,0,"AI",40.904,-90.654,0,"AI",0,-109.844,0,"AI",-40.804,-90.554,0,1451.314,1.013,-23.492,1452.655,4,"ByeolBam",13.781,-48.335,0,0,,,,,56,2
41,3,1,1,2,0,0,1,0,0,0,255,255,255,22,1475.695,"encounter v",R,32,93,140,-0.986,-0.174,0.413,2.141,-0.783,1.302,-36.618,49.827,2,0,250,-200,-20.318,0,0,1,2,2,L,"눈꽃",190,90,0.6,3,84,W,Y,1476.74,203,78,124,81,26,145,130,0.105,-26.743,0.39,0,0.317,71.874,-481.239,289.908,0.151,-37.105,0,"kneesohime",-0.371,-17.385,0,"Sabo_10",-20.082,-47.386,0,"ゆっち一",-13.268,-64.307,0,"ByeolBam",19.599,-47.798,0,"うよすま",14.364,-63.498,0,"AI",40.904,-90.654,0,"AI",0,-109.845,0,"AI",-40.804,-90.554,0,1477.38,10.921,-40.348,1478.055,4,"ByeolBam",15.099,-48.188,0,4,,,,,56,2
42,3,1,1,2,0,0,2,0,0,0,255,255,255,23,1497.277,"encounter v",R,32,86,139,-0.683,0.905,0.443,2.306,-0.642,1.86,-36.618,65.785,2,0,242.61,-200,-26.831,0,0,1,3,3,L,"うるの。",166.2,91.171,0.504,2,84,W,Y,1498.395,208,68,83,39,8,140,76,26.792,-55.906,1,0,0.149,197.464,-485.958,247.416,0.087,-37.128,0,"kneesohime",-0.354,-17.361,0,"Sabo_10",-20.998,-47.975,0,"ゆっち一",-14.195,-64.859,0,"ByeolBam",19.667,-47.315,0,"うよすま",13.589,-60.17,0,"AI",40.904,-90.654,0,"AI",0,-109.845,0,"AI",-40.804,-90.554,0,1501.705,41.587,-44.548,0,0,"",0,0,0,0,,,,,32,3
43,3,1,1,2,0,1,2,0,0,0,255,255,255,24,1515.413,"encounter v",R,32,80,131,0.204,0.656,0.518,2.265,-0.296,1.709,-36.618,65.881,0,0,250,-200,-32.299,0,0,0,3,3,L,"うるの。",166.2,91.171,0.504,0,84,W,Y,0,0,0,0,0,0,0,0,0,0,0,0,0,0,0,0,0.158,-37.34,0,"kneesohime",-0.017,-17.358,0,"Sabo_10",-20.936,-46.499,0,"ゆっち一",-10.203,-63.552,0,"ByeolBam",20.181,-47.643,0,"うよすま",13.486,-60.855,0,"AI",40.903,-90.652,0,"AI",0,-109.843,0,"AI",-40.803,-90.552,0,0,0,0,0,0,"",0,0,0,0,1516.847,,,,0,0
44,3,1,1,2,0,2,2,0,0,0,255,255,255,25,1529.372,"encounter v",R,32,90,140,-0.266,1.81,0.479,2.243,-0.479,2.368,-36.618,53.625,4,0,250,-200,6.918,-0.144,-17.95,1,3,3,L,"うるの。",166.2,91.171,0.504,0,84,W,Y,0,0,0,0,0,0,0,0,0,0,0,0,0,0,0,0,0.738,-36.878,0,"kneesohime",-0.121,-17.281,0,"Sabo_10",-20.01,-46.637,0,"ゆっち一",-12.436,-64.982,0,"ByeolBam",20.276,-48.327,0,"うよすま",13.549,-60.746,0,"AI",40.9,-90.65,0,"AI",0,-109.84,0,"AI",-40.8,-90.55,0,0,0,0,0,0,"",0,0,0,0,1532.047,,,,0,0
45,3,0,1,2,0,0,0,0,0,0,255,255,255,18,1572.922,"Pugeuk",R,13,74,113,-1.398,-0.046,0.195,1.665,-0.022,2.036,-36.592,19.309,0,0,-345.108,361.802,-15.155,0,0,1,4,2,L,"Sabo_10",185,87.575,0.449,0,84,W,Y,0,0,0,0,0,0,0,0,0,0,0,0,0,0,0,0,-0.208,-37.703,0,"Kr_Luna",0.048,-17.431,0,"눈꽃",-19.609,-47.559,0,"うるの。",-13.264,-63.137,0,"인생최패망자",22.277,-48.671,0,"_앰프_",12.972,-62.894,0,"AI",40.9,-90.65,0,"AI",0,-109.84,0,"아침땅_",-36.582,-104.177,0,0,0,0,0,0,"",0,0,0,0,1573.997,,,,0,0
46,3,0,1,2,0,1,0,0,0,0,255,255,255,19,1586.097,"Pugeuk",R,13,69,109,-0.762,-0.478,0.277,1.575,0.357,1.736,-36.592,23.166,2,0,-386.885,312.348,10.211,0,0,1,4,2,L,"Sabo_10",185,87.575,0.449,3,84,W,Y,1587.127,229,162,151,131,120,145,117,3.44,25.701,0.85,0,0.506,-14.05,-24.275,124.026,-0.143,-37.373,120,"Kr_Luna",0.06,-17.444,0,"눈꽃",-19.323,-46.854,96,"うるの。",-13.065,-62.59,0,"인생최패망자",22.082,-48.447,0,"_앰프_",12.944,-62.797,96,"AI",40.9,-90.65,0,"AI",0,-109.84,0,"아침땅_",-35.855,-103.607,95,1588.172,-14.414,-51.999,1590.48,8,"아침땅_",-34.043,-89.239,1,16,,1620.545,,,116,2
47,3,0,1,2,0,0,1,0,0,0,255,255,255,20,1633.626,"Pugeuk",R,0,0,0,0,0,0,0,0,0,0,0,0,0,0,0,0,0,0,0,5,0,R,"ke ro",190,82.225,0.396,0,84,W,Y,0,0,0,0,0,0,0,0,0,0,0,0,0,0,0,0,0,0,0,"",0,0,0,"",0,0,0,"",0,0,0,"",0,0,0,"",0,0,0,"",0,0,0,"",0,0,0,"",0,0,0,0,0,0,0,0,"",0,0,0,0,,,,,0,0
48,3,0,1,2,0,0,1,0,0,0,255,255,255,21,1658.971,"Pugeuk",R,6,88,126,-1.075,0.426,-0.062,1.618,-1.217,1.875,-36.592,6.787,2,0,482.584,0,25.754,0,0,0,5,0,R,"ke ro",190,82.225,0.396,3,84,W,Y,1659.974,137,94,38,64,49,120,75,-22.017,33.989,-0.82,0,0.399,-53.538,27.768,596.961,-0.189,-37.362,0,"Kr_Luna",0.037,-17.407,0,"눈꽃",-17.414,-46.646,120,"うるの。",-13.603,-62.644,0,"인생최패망자",19.601,-49.61,0,"_앰프_",13.3,-60.353,0,"AI",40.9,-90.65,0,"AI",0,-109.84,0,"아침땅_",-49.209,-95.968,0,1660.072,-1.925,-22.255,1661.905,2,"눈꽃",-15.933,-42.679,0,0,,,,,68,2
49,3,0,1,2,0,0,2,0,0,0,255,255,255,22,1678.187,"Pugeuk",R,29,85,138,0.94,0.483,0.341,1.602,0.654,1.839,-36.592,22.307,2,0,-184.955,-46.434,17.316,0,0,1,0,5,R,"うよすま",174.5,92.834,0.551,3,85,W,Y,1679.195,162,45,104,20,8,139,87,-31.325,48.338,-0.53,0.095,0.329,-231.24,480.345,-273.126,0.134,-37.334,0,"Kr_Luna",0.057,-17.425,0,"눈꽃",-19.15,-47.204,0,"うるの。",-13.342,-62.589,0,"인생최패망자",18.343,-49.029,0,"_앰프_",10.982,-62.912,0,"AI",40.9,-90.65,0,"AI",0,-109.84,0,"아침땅_",-46.121,-93.585,0,1679.239,-1.537,-20.303,1681.314,2,"눈꽃",-20.671,-42.112,0,0,,,,,36,2
50,4,1,1,2,0,0,0,0,0,0,255,255,255,26,1713.014,"ke ro",R,10,64,108,0.187,-1.216,0.254,1.696,0.074,1.578,-36.719,32.972,1,0,0,400,-1.609,0,0,0,4,8,R,"아침땅_",160,94.936,0.502,0,85,W,Y,0,0,0,0,0,0,0,0,0,0,0,0,0,0,0,0,-0.308,-37.8,0,"kneesohime",0.036,-17.487,0,"Sabo_10",-20.455,-46.175,0,"ゆっち一",-14.228,-62.819,0,"encounter v",20.844,-46.178,0,"うよすま",9.954,-57.918,0,"AI",40.9,-90.65,0,"AI",0,-109.84,0,"AI",-40.8,-90.55,0,0,0,0,0,0,"",0,0,0,0,1714.33,,,,0,0
51,4,1,1,2,1,0,0,0,0,0,255,255,255,27,1723.687,"ke ro",R,26,78,128,1.169,0.123,0.261,1.769,0.24,1.857,-36.719,41.47,2,0,117.62,-200,6.902,0,0,1,4,8,R,"아침땅_",160,94.936,0.502,3,85,W,Y,1724.613,117,50,88,72,40,137,76,41.241,7.951,-0.78,0.095,0.316,444.707,250.444,-199.009,-0.155,-37.961,0,"kneesohime",0.017,-17.433,0,"Sabo_10",-20.45,-46.518,0,"ゆっち一",-12.792,-62.787,90,"encounter v",20.09,-45.021,0,"うよすま",10.63,-58.455,0,"AI",40.9,-90.65,0,"AI",0,-109.84,0,"AI",-40.8,-90.55,0,1729.622,-9.783,-74.249,1729.747,3,"ゆっち一",-9.398,-72.674,0,0,,,,,36,1
52,4,1,1,2,0,0,1,0,0,0,255,255,255,28,1750.1,"ke ro",R,26,80,130,1.049,0.714,0.282,1.756,0.322,1.802,-36.719,35.278,0,0,92.118,-200,3.391,0,0,0,5,5,R,"_앰프_",170,80,0.4,0,85,W,Y,0,0,0,0,0,0,0,0,0,0,0,0,0,0,0,0,-0.162,-38.058,0,"kneesohime",0.022,-17.322,0,"Sabo_10",-20.857,-46.813,0,"ゆっち一",-13.939,-63.787,0,"encounter v",20.642,-45.854,0,"うよすま",11.798,-62.205,0,"AI",40.9,-90.65,0,"AI",0,-109.84,0,"AI",-40.8,-90.55,0,0,0,0,0,0,"",0,0,0,0,1751.455,,,,0,0
53,4,1,1,2,0,1,1,0,0,0,255,255,255,29,1761.254,"ke ro",R,26,88,140,-1.985,-2.782,-0.024,1.214,-1.035,-0.015,-36.719,25.344,1,0,149.359,-200,43.269,-0.368,-20.271,0,5,5,R,"_앰프_",170,80,0.4,0,85,W,Y,0,0,0,0,0,0,0,0,0,0,0,0,0,0,0,0,-0.231,-38.045,0,"kneesohime",-0.477,-17.453,0,"Sabo_10",-20.8,-45.736,0,"ゆっち一",-14.038,-64.433,0,"encounter v",19.774,-45.826,0,"うよすま",11.782,-62.071,0,"AI",40.9,-90.65,0,"AI",0,-109.84,0,"AI",-40.8,-90.55,0,0,0,0,0,0,"",0,0,0,0,1762.597,,,,0,0
54,4,1,1,2,1,1,1,0,0,0,255,255,255,30,1771.746,"ke ro",R,6,66,109,0.34,-0.352,0.076,1.583,-0.576,1.413,-36.719,19.21,0,0,418.213,0,24.65,0,0,1,5,5,R,"_앰프_",170,80,0.4,0,85,W,Y,0,0,0,0,0,0,0,0,0,0,0,0,0,0,0,0,-0.248,-37.956,0,"kneesohime",0.571,-17.869,0,"Sabo_10",-21.245,-46.31,0,"ゆっち一",-16.968,-61.884,0,"encounter v",19.253,-45.513,0,"うよすま",11.789,-62.157,0,"AI",40.9,-90.65,0,"AI",0,-109.84,0,"AI",-40.8,-90.55,0,0,0,0,0,0,"",0,0,0,0,1773.205,,,,0,0
55,4,1,1,2,1,2,1,0,0,0,255,255,255,31,1821.151,"encounter v",R,32,93,140,-1.248,0.95,0.394,2.127,-0.87,1.932,-36.618,40.448,0,0,250,-200,-18.043,0,0,0,5,5,R,"_앰프_",170,80,0.4,0,84,W,Y,0,0,0,0,0,0,0,0,0,0,0,0,0,0,0,0,0.305,-37.48,0,"kneesohime",-0.598,-17.35,0,"Sabo_10",-20.984,-46.514,0,"ゆっち一",-14.725,-63.525,0,"ByeolBam",18.193,-44.906,0,"うよすま",11.159,-61.182,0,"AI",40.9,-90.65,0,"AI",0,-109.84,0,"AI",-40.8,-90.55,0,0,0,0,0,0,"",0,0,0,0,1822.48,,,,0,0
56,4,1,1,2,0,0,2,0,0,0,255,255,255,32,1842.685,"encounter v",R,26,91,140,0.61,-1.263,0.378,1.841,-0.014,0.625,-36.618,28.312,2,0,196.922,-200,-8.128,0,0,1,6,0,R,"Pugeuk",190,85.552,0.397,3,84,W,Y,1843.778,221,68,137,68,33,145,130,-3.975,20.367,0.56,0,0.629,338.589,327.467,-100.36,0.211,-37.266,0,"kneesohime",0.021,-17.385,0,"Sabo_10",-20.819,-46.263,0,"ゆっち一",-14.753,-63.465,95,"ByeolBam",16.934,-44.377,0,"うよすま",12.232,-61.429,0,"AI",40.9,-90.65,0,"AI",0,-109.84,0,"AI",-40.8,-90.55,0,1843.889,-2.242,-26.883,1845.355,3,"ゆっち一",-14.848,-58.891,0,0,,,,,86,2
57,4,0,1,2,0,0,0,0,0,0,255,255,255,23,1895.165,"Pugeuk",R,13,74,101,-2.397,0.159,0.097,1.79,-0.319,2.173,-36.592,19.063,2,0,-358.49,312.348,0,0,0,1,1,1,R,"kneesohime",190,85,0.498,3,84,W,Y,1896.418,255,121,124,104,73,145,130,-30,44.072,0.34,0,0.376,80.603,-567.866,47.057,-0.567,-37.562,0,"Kr_Luna",0.056,-17.223,0,"눈꽃",-19.524,-47.425,0,"うるの。",-12.279,-63.181,0,"인생최패망자",19.457,-50.103,0,"_앰프_",10.73,-62.406,90,"AI",40.9,-90.65,0,"AI",0,-109.84,0,"아침땅_",-49.848,-100.133,85,1896.43,-2.105,-21.921,1902.422,8,"아침땅_",-71.442,-92.747,1,0,,,,,112,2
58,4,0,1,2,0,0,0,1,0,0,11,255,255,24,1922.093,"Pugeuk",R,30,86,139,-0.538,-1.106,0.189,1.349,-0.05,0.945,-36.592,34.895,2,0,-133.202,-24.2,0,0,0,1,2,3,L,"ゆっち一",174.7,84.105,0.397,3,84,W,Y,1923.033,197,163,102,99,48,145,94,27.423,-30.31,-0.37,0,0.244,45.552,-170.88,-8.568,-0.546,-37.603,0,"Kr_Luna",0.012,-17.349,0,"눈꽃",-16.894,-43.024,0,"うるの。",-13.678,-61.456,0,"인생최패망자",21.052,-46.952,0,"_앰프_",12.056,-60.58,0,"AI",40.9,-90.65,0,"AI",0,-109.84,0,"아침땅_",-36.31,-106.518,0,1927.539,42.317,-85.555,1932.33,0,"Pugeuk",-1.934,-52.056,0,0,,,,,64,1
59,4,0,1,2,0,0,1,1,0,0,11,255,255,25,1947.941,"Pugeuk",R,29,88,140,-2.818,-0.802,0.007,1.369,-0.898,1.067,-36.592,11.496,2,0,-242.031,-52.976,0,0,0,1,3,0,L,"encounter v",190,82.544,0.529,3,85,W,Y,1948.891,255,197,99,82,27,145,130,18.763,37.992,0.5,0,0.411,98.077,336.302,484.653,-0.308,-37.234,0,"Kr_Luna",-0.006,-17.239,0,"눈꽃",-18.857,-42.724,86,"うるの。",-13.376,-62.257,0,"인생최패망자",20.985,-46.887,0,"_앰프_",13.662,-61.105,0,"AI",40.9,-90.65,0,"AI",0,-109.84,0,"아침땅_",-36.957,-106.138,95,1952.289,-63.249,-90.58,1956.072,8,"아침땅_",-62.869,-88.413,1,0,,1953.988,1959.107,,84,2
60,4,0,1,2,0,0,1,0,1,1,255,10,11,26,1980.054,"Pugeuk",R,29,83,135,-1.965,0.877,0.088,1.671,-0.523,2.055,-36.592,12.342,2,0,-250,-103.043,23.705,0,0,1,4,2,L,"Sabo_10",185,87.575,0.449,3,85,W,Y,1980.963,198,85,121,89,40,145,88,107.112,-11.61,-0.85,0,0.38,184.132,-64.079,90.768,0.024,-37.381,0,"Kr_Luna",0.057,-17.506,0,"눈꽃",-20.042,-45.361,0,"うるの。",-8.495,-63.874,0,"인생최패망자",17.656,-42.826,0,"_앰프_",13.943,-59.927,0,"AI",40.9,-90.65,0,"AI",0,-109.84,0,"아침땅_",-36.584,-104.867,0,0,0,0,0,0,"",0,0,0,0,,1983.594,1982.577,,64,3
61,4,0,1,2,0,1,1,0,1,1,255,10,11,27,1995.789,"Pugeuk",R,29,86,139,-1.164,0.342,0.152,1.578,-0.225,1.746,-36.592,13.282,0,0,-217.756,-87.45,8.217,0,0,0,4,2,L,"Sabo_10",185,87.575,0.449,0,85,W,Y,0,0,0,0,0,0,0,0,0,0,0,0,0,0,0,0,0.032,-37.567,0,"Kr_Luna",0.029,-17.437,0,"눈꽃",-19.749,-45.301,0,"うるの。",-10.146,-62.984,0,"인생최패망자",19.043,-40.45,0,"_앰프_",13.74,-60.46,0,"AI",40.9,-90.65,0,"AI",0,-109.84,0,"아침땅_",-37.025,-106.04,0,0,0,0,0,0,"",0,0,0,0,1996.797,1999.316,1998.175,,0,0
62,4,0,1,2,0,2,1,0,1,1,255,10,11,28,2010.035,"Pugeuk",R,6,84,109,-0.09,0.684,-0.072,1.723,-0.845,2.037,-36.592,13.445,2,0,449.535,0,6.998,0,0,1,4,2,L,"Sabo_10",185,87.575,0.449,3,85,W,Y,2011.018,128,80,98,92,65,139,89,108.02,67.674,-0.6,0,0.567,60.115,-349.388,86.049,-0.146,-37.49,0,"Kr_Luna",0.061,-17.455,0,"눈꽃",-19.657,-45.315,0,"うるの。",-10.057,-64.342,0,"인생최패망자",18.167,-42.745,0,"_앰프_",13.552,-60.703,0,"AI",40.9,-90.65,0,"AI",0,-109.84,0,"아침땅_",-36.922,-105.614,0,0,0,0,0,0,"",0,0,0,0,,2013.746,2012.966,,64,3
63,4,0,1,2,0,2,1,0,1,1,255,10,11,29,2026.467,"Pugeuk",R,3,76,102,0.613,-0.186,0.575,1.686,1.164,1.511,-36.592,22.579,2,0,-463.636,0,21.703,0,0,1,4,2,L,"Sabo_10",185,87.575,0.449,3,85,W,Y,2027.454,170,114,110,118,71,145,102,90.09,89.553,-0.17,0,0.579,163.916,-513.021,-247.965,0.005,-37.395,0,"Kr_Luna",0.035,-17.446,0,"눈꽃",-19.659,-45.325,0,"うるの。",-9.613,-63.618,0,"인생최패망자",18.421,-43.456,0,"_앰프_",13.808,-59.895,0,"AI",40.9,-90.65,0,"AI",0,-109.84,0,"아침땅_",-33.305,-100.712,0,2034.464,28.013,-15.327,0,0,"",0,0,0,0,,2030.739,2030.601,,64,3
64,4,0,1,2,0,2,1,0,1,1,255,10,11,30,2045.679,"Pugeuk",R,26,92,140,-1.794,1.525,0.043,1.778,-0.732,2.414,-36.592,18.312,2,0,-39.046,-151.583,5.728,0,0,1,4,2,L,"Sabo_10",185,87.575,0.449,3,85,W,Y,2046.564,255,101,140,121,43,145,102,35.008,10.832,-0.16,0,0.565,483.179,-182.125,-302.609,-0.258,-37.259,0,"Kr_Luna",0.035,-17.445,0,"눈꽃",-18.967,-50.052,89,"うるの。",-7.767,-64.757,0,"인생최패망자",17.635,-42.559,0,"_앰프_",13.693,-59.229,0,"AI",40.9,-90.65,0,"AI",0,-109.84,0,"아침땅_",-36.047,-103.982,0,2052.114,-12.007,-106.438,2052.456,8,"아침땅_",-11.766,-106.45,0,0,,2051.254,2049.918,2057.989,92,1
65,4,0,1,3,0,0,2,0,0,1,255,255,10,31,2078.638,"Pugeuk",R,10,81,121,-0.456,-0.523,0.156,1.59,-0.203,1.796,-36.592,15.93,2,0,0.017,400,22.711,0,0,0,0,5,R,"うよすま",174.5,92.834,0.551,3,85,W,Y,2079.658,164,95,148,105,15,145,108,-11.457,36.243,0.91,0.095,0.431,-294.107,498.151,-126.451,-0.06,-37.36,0,"Kr_Luna",0.034,-17.476,0,"눈꽃",-19.88,-45.235,90,"うるの。",-12.996,-63.963,0,"인생최패망자",16.705,-42.146,0,"_앰프_",11.025,-60.223,0,"AI",40.9,-90.65,0,"AI",0,-109.84,0,"아침땅_",-45.104,-94.178,0,2079.706,-2.198,-22.489,2081.13,2,"눈꽃",-16.891,-44.608,0,0,,,,2086.06,92,2
66,5,1,1,3,0,0,0,0,0,0,255,255,255,33,2130.442,"encounter v",R,13,79,116,-0.272,0.173,0.501,2.185,0.558,2.092,-36.618,45.971,2,0,-390.434,312.348,-4.505,0,0,0,0,1,L,"Kr_Luna",190,95.417,0.5,5,85,W,Y,2131.358,136,109,124,63,29,142,92,0,-75.906,-0.63,0,0.142,-294.107,498.151,-126.451,0.051,-37.206,0,"kneesohime",0.02,-17.333,0,"Sabo_10",-20.575,-48.188,0,"ゆっち一",-10.75,-65.887,0,"ByeolBam",19.73,-47.103,0,"うよすま",14.238,-63.395,0,"AI",40.9,-90.65,0,"AI",0,-109.84,0,"AI",-40.8,-90.55,0,2131.947,17.73,-24.271,0,0,"",0,0,0,0,,,,,8,3
67,5,1,1,3,0,1,0,0,0,0,255,255,255,34,2146.129,"encounter v",R,10,80,119,-0.565,0.24,0.327,2.225,-0.255,2.219,-36.618,53.67,2,0,0,400,-25.342,0,0,0,0,1,L,"Kr_Luna",190,95.417,0.5,5,85,W,Y,2147.04,171,109,150,90,32,145,130,28.594,-28.814,0.55,0,0.166,273.007,-366.907,183.544,-0.207,-36.941,0,"kneesohime",-0.014,-17.293,0,"Sabo_10",-20.591,-48.08,0,"ゆっち一",-10.281,-66.392,0,"ByeolBam",19.723,-46.536,0,"うよすま",12.717,-63.866,0,"AI",40.9,-90.65,0,"AI",0,-109.84,0,"AI",-40.8,-90.55,0,2152.53,67.475,-118.05,0,0,"",0,0,0,0,,2157.429,2162.797,,8,4
68,5,1,2,3,0,0,0,0,0,0,255,255,255,35,2180.41,"encounter v",R,13,94,126,-0.564,-0.542,0.456,2.233,0.349,1.598,-36.618,48.381,0,0,-383.683,320.604,4.816,0,0,0,1,4,R,"인생최패망자",190,80,0.299,0,85,W,Y,0,0,0,0,0,0,0,0,0,0,0,0,0,0,0,0,0.249,-37.346,0,"kneesohime",-0.852,-17.645,0,"Sabo_10",-19.774,-44.911,0,"ゆっち一",-12.812,-65.091,0,"ByeolBam",19.04,-48.055,0,"うよすま",14.113,-61.096,0,"AI",40.9,-90.65,0,"AI",0,-109.84,0,"AI",-40.8,-90.55,0,0,0,0,0,0,"",0,0,0,0,2181.772,,,,0,0
69,5,1,2,3,0,1,0,0,0,0,255,255,255,36,2191.266,"encounter v",R,13,81,119,-0.595,0.347,0.403,2.443,0.101,2.278,-36.618,66.517,2,0,-217.972,400,-16.885,0,0,1,1,4,R,"인생최패망자",190,80,0.299,3,85,W,Y,2192.309,194,113,154,93,61,145,126,20.241,-5.557,0.26,0,0.37,97.153,357.811,423.447,0.291,-37.411,0,"kneesohime",-0.118,-17.635,0,"Sabo_10",-19.614,-45.427,0,"ゆっち一",-12.823,-65.094,74,"ByeolBam",19.875,-47.003,0,"うよすま",13.322,-62.76,0,"AI",40.9,-90.65,0,"AI",0,-109.84,0,"AI",-40.8,-90.55,0,2197.022,0.189,-132.492,2197.997,7,"AI",-0.498,-132.246,1,0,,2202.634,,,12,2
70,5,1,2,3,0,0,0,0,1,0,255,4,255,37,2221.842,"encounter v",R,32,89,140,1.207,-0.089,0.42,2.158,0.178,1.356,-36.618,56.143,2,0,250,-200,-22.424,0,0,1,2,2,L,"눈꽃",190,90,0.6,3,85,W,Y,2222.966,212,123,105,87,31,145,106,109.166,51.016,0.91,0,0.423,394.158,-160.997,20.264,0.225,-37.204,0,"kneesohime",0.093,-17.426,0,"Sabo_10",-20.174,-45.993,0,"ゆっち一",-7.936,-64.933,0,"ByeolBam",19.729,-45.69,0,"うよすま",15.004,-61.877,0,"AI",40.9,-90.65,0,"AI",0,-109.84,0,"AI",-40.8,-90.55,0,0,0,0,0,0,"",0,0,0,0,,2226.437,,,8,3
71,5,1,2,3,0,1,0,0,1,0,255,4,255,38,2237.972,"encounter v",R,32,88,140,1.54,0.376,0.651,2.248,0.325,1.647,-36.618,77.087,2,0,239.952,-200,-18.143,0,0,1,2,2,L,"눈꽃",190,90,0.6,3,80,W,Y,2239.111,253,49,136,69,14,145,130,-30,12.142,0.39,0,0.313,-193.209,-430.835,14.063,0.304,-37.221,0,"kneesohime",0.096,-17.332,0,"Sabo_10",-19.692,-46.409,0,"ゆっち一",-7.289,-63.348,0,"ByeolBam",20.865,-48.217,0,"うよすま",16.095,-62.196,83,"AI",40.9,-90.65,0,"AI",0,-109.84,0,"AI",-40.8,-90.55,0,2239.081,-0.103,-21.524,2246.372,7,"AI",-22.718,-132.691,1,0,,2249.389,2243.58,2248.564,9,2
72,5,1,3,3,0,0,0,0,1,0,255,2,255,39,2267.308,"encounter v",R,13,86,125,-2.164,-0.745,0.501,2.233,-0.373,1.59,-36.618,59.582,4,0,-366.661,339.941,-30.17,-1.007,-17.285,0,3,3,L,"うるの。",166.2,91.171,0.504,0,85,W,Y,0,0,0,0,0,0,0,0,0,0,0,0,0,0,0,0,0.368,-37.429,0,"kneesohime",-1.488,-17.208,0,"Sabo_10",-19.307,-43.238,0,"ゆっち一",-4.239,-62.012,0,"ByeolBam",15.633,-40.539,0,"うよすま",13.269,-60.401,0,"AI",40.9,-90.65,0,"AI",0,-109.84,0,"AI",-40.8,-90.55,0,0,0,0,0,0,"",0,0,0,0,2269.331,2270.751,,,0,0
73,5,1,3,3,0,1,0,0,1,0,255,2,255,40,2283.368,"encounter v",R,13,78,116,-0.725,-0.447,0.447,2.295,0.307,1.821,-36.618,58.25,0,0,-359.398,347.611,-23.743,0,0,0,3,3,L,"うるの。",166.2,91.171,0.504,0,85,W,Y,0,0,0,0,0,0,0,0,0,0,0,0,0,0,0,0,0.211,-37.601,0,"kneesohime",-0.193,-17.954,0,"Sabo_10",-17.917,-40.296,0,"ゆっち一",-6.253,-64.013,0,"ByeolBam",16.667,-40.799,0,"うよすま",15.524,-58.848,0,"AI",40.9,-90.65,0,"AI",0,-109.84,0,"AI",-40.8,-90.55,0,0,0,0,0,0,"",0,0,0,0,2284.847,2286.347,,,0,0
74,5,1,3,3,0,2,0,0,1,0,255,2,255,41,2298.138,"encounter v",R,32,92,140,-0.05,1.306,0.3,2.169,-0.379,2.093,-36.618,42.891,4,0,250,-200,0.271,0,0,1,3,3,L,"うるの。",166.2,91.171,0.504,0,85,W,Y,0,0,0,0,0,0,0,0,0,0,0,0,0,0,0,0,0.377,-37.307,0,"kneesohime",0.517,-19.643,0,"Sabo_10",-18.935,-44.306,0,"ゆっち一",-9.229,-62.176,0,"ByeolBam",19.474,-45.106,0,"うよすま",15.385,-61.311,0,"AI",40.9,-90.65,0,"AI",0,-109.84,0,"AI",-40.8,-90.55,0,0,0,0,0,0,"",0,0,0,0,2299.48,2301.475,,,0,0
75,5,1,3,3,0,0,1,0,1,0,255,2,255,42,2342.813,"ke ro",R,26,68,120,1.188,1.421,0.275,1.846,0.387,2.156,-36.719,44.879,2,0,76.01,-199.596,-1.731,0,0,1,4,8,R,"아침땅_",160,94.936,0.502,3,85,W,Y,2343.816,107,63,90,62,35,136,75,35.717,-0.192,-0.82,0.095,0.301,481.474,186.61,-205.917,-0.205,-37.793,0,"kneesohime",0.071,-17.261,0,"Sabo_10",-20.552,-46.19,0,"ゆっち一",-13.668,-62.605,0,"encounter v",20.161,-44.428,0,"うよすま",7.033,-60.528,0,"AI",40.9,-90.65,0,"AI",0,-109.84,0,"AI",-40.8,-90.55,0,0,0,0,2348.664,5,"うよすま",-0.847,-74.997,0,0,,2348.244,2366.139,,33,1
76,5,1,3,3,0,0,1,0,0,1,255,255,255,43,2391.302,"ke ro",R,26,70,122,1.299,0.53,0.29,1.739,0.451,1.631,-36.719,41.53,2,0,67.349,-200,1.041,0,0,1,4,8,R,"아침땅_",160,94.936,0.502,3,85,W,Y,2392.3,119,100,97,86,51,137,118,26.423,-8.482,0.33,0.095,0.348,371.079,188.082,24.642,-0.23,-37.959,0,"kneesohime",0.063,-17.528,106,"Sabo_10",-20.034,-46.735,0,"ゆっち一",-12.377,-64.876,0,"encounter v",16.429,-42.844,120,"うよすま",12.729,-62.187,0,"AI",40.9,-90.65,0,"AI",0,-109.84,0,"AI",-40.8,-90.55,0,2397.522,11.847,-124.819,2403.464,4,"encounter v",18.981,-47.067,0,0,2405.289,,2396.362,2403.446,42,1
77,5,1,4,3,0,0,2,0,0,0,255,255,255,44,2421.827,"ke ro",R,26,80,131,0.347,-0.523,0.193,1.576,0.136,1.11,-36.719,25.549,2,0,6.341,-200,1.803,0,0,1,5,5,R,"_앰프_",170,80,0.4,3,34,W,Y,2422.9,255,63,94,60,39,145,96,108.249,-68.18,-0.13,0,0.201,251.034,-483.774,28.687,-0.181,-37.913,0,"kneesohime",0.025,-17.59,0,"Sabo_10",-20.196,-46.447,0,"ゆっち一",-12.888,-65.131,0,"encounter v",18.728,-43.273,0,"うよすま",11.451,-62.08,0,"AI",40.9,-90.65,0,"AI",0,-109.84,0,"AI",-40.8,-90.55,0,2428.414,-65.717,-1.144,0,0,"",0,0,0,0,,,,,32,3
78,5,1,4,3,0,1,2,0,0,0,255,255,255,45,2438.919,"ke ro",R,26,87,140,-0.359,-0.039,0.16,1.579,-0.187,1.399,-36.719,27.989,0,0,20.275,-200,4.733,0,0,1,5,5,R,"_앰프_",170,80,0.4,0,85,W,Y,0,0,0,0,0,0,0,0,0,0,0,0,0,0,0,0,-0.251,-37.95,0,"kneesohime",-0.438,-17.41,0,"Sabo_10",-21.624,-46.912,0,"ゆっち一",-14.222,-64.373,0,"encounter v",18.2,-44.287,0,"うよすま",13.415,-63.897,0,"AI",40.9,-90.65,0,"AI",0,-109.84,0,"AI",-40.8,-90.55,0,0,0,0,0,0,"",0,0,0,0,2440.264,,,,0,0
79,5,1,4,3,0,2,2,0,0,0,255,255,255,46,2452.596,"ke ro",R,10,69,112,0.702,-0.597,0.264,1.687,0.298,1.792,-36.719,34.535,2,0,0,400,-6.819,0,0,1,5,5,R,"_앰프_",170,80,0.4,3,85,W,Y,2453.724,206,117,20,83,46,75,63,-29.412,-30.035,0.02,0,0.27,-333.985,-6.08,-155.635,-0.185,-37.931,0,"kneesohime",0.06,-17.635,0,"Sabo_10",-20.682,-46.407,0,"ゆっち一",-14.209,-64.363,0,"encounter v",18.252,-44.205,0,"うよすま",13.446,-63.895,0,"AI",40.9,-90.65,0,"AI",0,-109.84,0,"AI",-40.8,-90.55,0,2453.772,0.877,-22.262,2455.956,4,"encounter v",12.571,-42.831,0,0,,,,,88,2
80,5,0,4,3,0,0,0,0,0,0,255,255,255,32,2509.804,"Pugeuk",R,14,87,126,0.798,0.219,0.151,1.687,-0.227,2.096,-36.592,13.418,2,0,375.189,330.505,15.454,0,0,1,1,1,R,"kneesohime",190,85,0.498,3,67,W,Y,2510.949,129,129,104,91,41,139,86,-29.121,21.263,-0.85,0,0.171,-55.526,376.566,-72.621,-0.055,-37.482,0,"Kr_Luna",0.068,-17.597,0,"눈꽃",-19.83,-46.663,120,"うるの。",-13.404,-63.113,95,"인생최패망자",20.166,-50.357,0,"_앰프_",10.548,-63.172,0,"AI",40.9,-90.65,0,"AI",0,-109.84,0,"아침땅_",-49.037,-98.347,0,2510.897,-0.631,-21.555,2513.28,3,"うるの。",-13.571,-55.46,0,0,,,,,76,2
81,5,0,4,3,0,0,1,0,0,0,255,255,255,33,2526.576,"Pugeuk",R,26,90,140,2.915,0.223,0.446,1.525,1.143,1.567,-36.592,23.955,1,0,80.347,-172.873,10.543,0,0,0,2,3,L,"ゆっち一",174.7,84.105,0.397,0,85,W,Y,0,0,0,0,0,0,0,0,0,0,0,0,0,0,0,0,0.214,-37.73,0,"Kr_Luna",0.013,-17.619,0,"눈꽃",-20.442,-46.099,0,"うるの。",-14.211,-63.014,0,"인생최패망자",22.984,-49.057,0,"_앰프_",12.635,-62.122,0,"AI",40.9,-90.65,0,"AI",0,-109.84,0,"아침땅_",-40.76,-104.194,0,0,0,0,0,0,"",0,0,0,0,2527.855,,,,0,0
82,5,0,4,3,1,0,1,0,0,0,255,255,255,34,2535.617,"Pugeuk",R,26,83,135,1.888,0.754,0.389,1.611,0.877,1.867,-36.592,26.075,2,0,-45.165,-170.235,1.803,0,0,1,2,3,L,"ゆっち一",174.7,84.105,0.397,3,85,W,Y,2536.585,243,112,91,82,39,145,123,-10.85,-42.971,0.24,0,0.354,26.48,60.759,-8.3,0.043,-37.302,0,"Kr_Luna",0.055,-17.598,0,"눈꽃",-20.511,-46.126,0,"うるの。",-14.073,-63.039,0,"인생최패망자",22.446,-48.699,0,"_앰프_",12.593,-62.119,0,"AI",40.9,-90.65,0,"AI",0,-109.84,0,"아침땅_",-40.613,-102.335,0,2536.689,4.874,-23.309,0,0,"",0,0,0,0,,,,,64,3
83,5,0,4,3,1,1,1,0,0,0,255,255,255,35,2552,"Pugeuk",R,10,64,96,0.961,-1.027,0.332,1.579,0.409,1.721,-36.592,25.574,2,0,0,386.939,-4.247,0,0,1,2,3,L,"ゆっち一",174.7,84.105,0.397,3,85,W,Y,2553.21,145,125,87,89,48,144,121,91.277,88.246,0.25,0,0.338,-238.318,285.739,-24.99,0.027,-37.239,0,"Kr_Luna",0.038,-17.599,0,"눈꽃",-20.455,-46.144,0,"うるの。",-12.399,-63.328,0,"인생최패망자",21.364,-47.093,0,"_앰프_",14.399,-62.809,0,"AI",40.9,-90.65,0,"AI",0,-109.84,0,"아침땅_",-38.075,-102.44,0,0,0,0,0,0,"",0,0,0,0,,,,,64,3
84,5,0,4,3,1,2,1,0,0,0,255,255,255,36,2570.291,"Pugeuk",R,6,85,110,3.622,-0.155,0.415,1.534,0.667,1.615,-36.592,23.166,1,0,466.965,60.049,0,0,0,0,2,3,L,"ゆっち一",174.7,84.105,0.397,0,85,W,Y,0,0,0,0,0,0,0,0,0,0,0,0,0,0,0,0,0.295,-37.557,0,"Kr_Luna",0.074,-17.631,0,"눈꽃",-20.41,-46.059,0,"うるの。",-12.752,-64.178,0,"인생최패망자",20.346,-45.212,0,"_앰프_",12.928,-62.984,0,"AI",40.9,-90.65,0,"AI",0,-109.84,0,"아침땅_",-38.496,-101.835,0,0,0,0,0,0,"",0,0,0,0,2571.689,,,,0,0
85,5,0,4,3,2,2,1,0,0,0,255,255,255,37,2583.447,"Pugeuk",R,3,66,96,0.651,-0.353,0.73,1.533,1.177,1.429,-36.592,41.407,2,0,-396.395,0,0,0,0,1,2,3,L,"ゆっち一",174.7,84.105,0.397,3,85,W,Y,2584.546,209,167,51,114,62,136,97,93.172,85.255,0.04,0,0.471,290.303,-280.85,-129.939,0.165,-37.046,0,"Kr_Luna",0.038,-17.616,0,"눈꽃",-20.577,-46.139,0,"うるの。",-12.736,-64.131,0,"인생최패망자",23.034,-49.163,0,"_앰프_",15.066,-62.186,0,"AI",40.9,-90.65,0,"AI",0,-109.84,0,"아침땅_",-38.463,-101.792,0,0,0,0,0,0,"",0,0,0,0,,,,,64,3
86,5,0,4,3,2,2,1,0,0,0,255,255,255,38,2599.496,"Pugeuk",R,29,88,140,-1.143,-1.868,0.147,1.225,-0.244,0.509,-36.592,31.198,1,0,-182.044,-23.247,20.043,0,0,0,2,3,L,"ゆっち一",174.7,84.105,0.397,0,85,W,Y,0,0,0,0,0,0,0,0,0,0,0,0,0,0,0,0,-0.211,-37.732,0,"Kr_Luna",0.038,-17.639,0,"눈꽃",-20.252,-44.638,0,"うるの。",-12.092,-64.18,0,"인생최패망자",21.751,-47.257,0,"_앰프_",14.864,-63.069,0,"AI",40.9,-90.65,0,"AI",0,-109.84,0,"아침땅_",-37.47,-101.437,0,0,0,0,0,0,"",0,0,0,0,2600.505,,,,0,0
87,5,0,4,3,3,2,1,0,0,0,255,255,255,39,2612.69,"Pugeuk",R,27,89,140,0.447,-0.405,0.249,1.434,0.228,1.246,-36.592,14.183,0,0,-28.525,-131.508,5.757,0,0,0,2,3,L,"ゆっち一",174.7,84.105,0.397,0,85,W,Y,0,0,0,0,0,0,0,0,0,0,0,0,0,0,0,0,0.062,-37.324,0,"Kr_Luna",0.033,-17.608,0,"눈꽃",-20.054,-43.733,0,"うるの。",-12.129,-64.145,0,"인생최패망자",21.628,-47.705,0,"_앰프_",14.6,-62.814,0,"AI",40.9,-90.65,0,"AI",0,-109.84,0,"아침땅_",-38.587,-101.683,0,0,0,0,0,0,"",0,0,0,0,2613.655,,,,0,0
88,5,0,4,3,0,0,2,0,0,0,255,255,255,40,2633.943,"Pugeuk",R,14,87,111,1.79,-1.244,0.242,1.387,0.131,1.302,-36.592,16.488,4,0,350.762,356.323,0,0,0,1,3,4,L,"encounter v",190,82.544,0.529,0,85,W,Y,0,0,0,0,0,0,0,0,0,0,0,0,0,0,0,0,0.188,-37.48,0,"Kr_Luna",-0.001,-17.605,0,"눈꽃",-19.123,-45.182,0,"うるの。",-11.925,-63.89,0,"인생최패망자",22.108,-48.032,0,"_앰프_",14.404,-62.474,0,"AI",40.9,-90.65,0,"AI",0,-109.84,0,"아침땅_",-38.329,-103.623,0,0,0,0,0,0,"",0,0,0,0,2635.089,,,,0,0
89,5,0,4,3,0,1,2,0,0,0,255,255,255,41,2645.994,"Pugeuk",R,27,89,140,-1.953,0.487,0.023,1.553,-0.824,1.662,-36.592,9.559,2,0,-63.264,-145.394,1.78,0,0,1,3,4,L,"encounter v",190,82.544,0.529,3,85,W,Y,2646.936,255,109,144,61,15,145,88,10.353,-4.069,-0.91,0,0.435,289.942,-63.649,-157.437,-0.075,-37.084,0,"Kr_Luna",0.024,-17.625,0,"눈꽃",-19.585,-46.096,0,"うるの。",-11.878,-64.071,87,"인생최패망자",22.893,-49.173,0,"_앰프_",14.075,-61.787,0,"AI",40.9,-90.65,0,"AI",0,-109.84,0,"아침땅_",-38.315,-103.582,0,2649.38,3.706,-71.185,2651.605,7,"AI",7.914,-93.415,1,0,,,,,72,2
90,5,0,4,3,0,0,2,1,0,0,14,255,255,42,2675.062,"Pugeuk",R,29,89,140,0.074,0.106,0.274,1.516,0.344,1.541,-36.592,18.159,0,0,-245.321,-160.931,16.528,0,0,0,4,2,L,"Sabo_10",185,87.575,0.449,0,84,W,Y,0,0,0,0,0,0,0,0,0,0,0,0,0,0,0,0,-0.366,-37.861,0,"Kr_Luna",0.03,-17.616,0,"눈꽃",-18.482,-44.632,0,"うるの。",-9.863,-64.399,0,"인생최패망자",21.362,-47.269,0,"_앰프_",13.008,-62.967,0,"AI",40.9,-90.65,0,"AI",0,-109.84,0,"아침땅_",-37.785,-100.959,0,0,0,0,0,0,"",0,0,0,0,2676.005,,,,0,0
91,5,0,4,3,0,1,2,1,0,0,14,255,255,43,2690.505,"Pugeuk",R,3,61,92,-2.065,0.54,0.221,1.692,0.064,1.969,-36.592,29.904,2,0,-418.182,0,-27.01,0,0,1,4,2,L,"Sabo_10",185,87.575,0.449,3,84,W,Y,2691.555,240,52,100,136,71,145,90,95.739,-35.628,-0.76,0,0.518,362.072,-131.177,-275.415,-0.17,-37.161,0,"Kr_Luna",0.036,-17.621,0,"눈꽃",-18.533,-44.755,0,"うるの。",-11.812,-63.581,0,"인생최패망자",23.03,-49.014,0,"_앰프_",14.257,-62.925,0,"AI",40.9,-90.65,0,"AI",0,-109.84,0,"아침땅_",-37.917,-100.863,0,2697.964,-4.727,-6.339,0,0,"",0,0,0,0,,,,,64,3
92,5,0,4,3,0,2,2,1,0,0,14,255,255,44,2714.679,"Pugeuk",R,29,87,140,-2.934,-0.554,-0.011,1.423,-0.981,1.231,-36.592,10.782,1,0,-229.815,-51.372,22.018,0,0,0,4,2,L,"Sabo_10",185,87.575,0.449,0,84,W,Y,0,0,0,0,0,0,0,0,0,0,0,0,0,0,0,0,-0.314,-37.874,0,"Kr_Luna",0.007,-17.295,0,"눈꽃",-19.142,-43.211,0,"うるの。",-10.474,-64.123,0,"인생최패망자",20.884,-46.167,0,"_앰프_",14.005,-61.622,0,"AI",40.9,-90.65,0,"AI",0,-109.84,0,"아침땅_",-38.746,-104.659,0,0,0,0,0,0,"",0,0,0,0,2715.605,,,,0,0
93,5,0,4,3,1,2,2,1,0,0,14,255,255,45,2734.514,"Pugeuk",R,14,82,107,1.536,-0.928,0.207,1.491,0.023,1.524,-36.592,13.653,2,0,347.187,350.154,0,0,0,1,4,2,L,"Sabo_10",185,87.575,0.449,3,84,W,Y,2735.515,148,96,161,93,44,145,103,31.319,-48.355,0.92,0,0.561,50.149,-190.473,53.048,0.213,-37.226,0,"Kr_Luna",0.089,-17.271,0,"눈꽃",-17.807,-45.993,0,"うるの。",-12.547,-63.663,0,"인생최패망자",24.148,-50.231,0,"_앰프_",14.22,-61.721,0,"AI",40.9,-90.65,0,"AI",0,-109.84,0,"아침땅_",-37.153,-104.587,0,2740.105,70.203,-76.986,0,0,"",0,0,0,0,,,,,64,3
94,5,0,4,3,1,2,2,1,0,0,14,255,255,46,2754.145,"Pugeuk",R,13,66,95,2.151,-1.095,0.738,1.665,1.667,1.466,-36.592,36.811,2,0,-337.193,312.348,25.784,0,0,1,4,2,L,"Sabo_10",185,87.575,0.449,3,84,W,Y,2755.253,199,181,135,150,85,145,114,-16.657,-28.448,0.9,0,0.527,10.431,49.625,53.286,-0.078,-37.514,0,"Kr_Luna",0.093,-17.276,0,"눈꽃",-18.45,-45.256,0,"うるの。",-12.228,-63.762,85,"인생최패망자",22.158,-48.213,0,"_앰프_",15.217,-62.155,0,"AI",40.9,-90.65,0,"AI",0,-109.84,0,"아침땅_",-39.754,-102.32,0,2755.222,1.758,-23.996,2758.414,6,"AI",32.584,-82.475,1,0,,2760.493,,,72,2
95,5,0,4,3,0,0,2,1,1,0,12,14,255,47,2778.114,"Pugeuk",R,26,92,140,0.578,-0.524,0.268,1.382,0.318,1.111,-36.592,15.365,0,0,-61.951,-200,13.995,0,0,0,5,0,R,"ke ro",190,82.225,0.396,0,84,W,Y,0,0,0,0,0,0,0,0,0,0,0,0,0,0,0,0,0.007,-37.58,0,"Kr_Luna",0.009,-17.345,0,"눈꽃",-19.633,-43.601,0,"うるの。",-11.824,-64.088,0,"인생최패망자",18.238,-43.465,0,"_앰프_",6.967,-61.678,0,"AI",40.9,-90.65,0,"AI",0,-109.84,0,"아침땅_",-48.151,-98.693,0,0,0,0,0,0,"",0,0,0,0,2779.181,2780.423,,,0,0
96,5,0,4,3,0,1,2,1,1,0,12,14,255,48,2788.9,"Pugeuk",R,10,80,120,-0.064,-0.458,0.193,1.593,-0.034,1.793,-36.592,16.371,2,0,0,400,11.196,0,0,1,5,0,R,"ke ro",190,82.225,0.396,3,84,W,Y,2789.88,141,156,65,90,55,138,93,10.866,-3.707,0.95,0,0.794,-511.224,134.401,193.53,-0.359,-37.429,0,"Kr_Luna",0.005,-17.34,0,"눈꽃",-19.272,-45.062,0,"うるの。",-11.912,-64.037,0,"인생최패망자",17.795,-45.506,0,"_앰프_",10.568,-61.516,0,"AI",40.9,-90.65,0,"AI",0,-109.84,0,"아침땅_",-47.347,-99.298,0,2791.556,1.929,-60.998,2793.939,7,"AI",2.552,-92.721,1,0,,2796.084,2795.067,,64,2
97,5,0,4,3,0,0,2,1,1,1,10,12,14,49,2820.408,"Pugeuk",R,29,85,137,0.561,-0.535,0.303,1.431,0.479,1.234,-36.592,13.32,2,0,-175.231,-67.342,14.836,0,0,1,0,5,R,"うよすま",174.5,92.834,0.551,3,84,W,Y,2821.355,179,77,130,71,7,145,85,4.093,25.023,-0.8,0.095,0.35,95.121,500.424,-313.264,-0.115,-37.512,0,"Kr_Luna",0.022,-17.548,0,"눈꽃",-18.854,-45.968,0,"うるの。",-12.664,-62.72,94,"인생최패망자",17.153,-46.719,0,"_앰프_",9.679,-61.668,0,"AI",40.9,-90.65,0,"AI",0,-109.84,0,"아침땅_",-44.673,-94.387,0,2822.397,-11.338,-41.77,2823.772,3,"うるの。",-19.326,-57.941,0,0,,,2826.851,2826.379,44,2
98,6,1,4,3,0,0,0,0,0,0,255,255,255,47,2865.873,"ke ro",R,11,73,120,0.518,0.101,0.261,1.79,0.218,1.889,-36.719,35.998,0,0,0,193.33,10.414,0,0,1,6,0,R,"Pugeuk",190,85.552,0.397,0,84,W,Y,0,0,0,0,0,0,0,0,0,0,0,0,0,0,0,0,-0.104,-38.255,0,"kneesohime",0.057,-17.171,0,"Sabo_10",-20.557,-46.698,0,"ゆっち一",-17.583,-63.223,0,"encounter v",19.709,-45.243,0,"うよすま",11.418,-63.875,0,"AI",40.9,-90.65,0,"AI",0,-109.84,0,"AI",-40.8,-90.55,0,0,0,0,0,0,"",0,0,0,0,2867.23,,,,0,0
99,6,1,4,3,0,1,0,0,0,0,255,255,255,48,2878.248,"ke ro",R,0,46,103,0.919,1.411,0.328,1.971,0.39,2.507,-36.719,70.781,4,0,0,0,5.237,0,0,1,6,0,R,"Pugeuk",190,85.552,0.397,0,84,W,Y,0,0,0,0,0,0,0,0,0,0,0,0,0,0,0,0,-0.114,-38.208,0,"kneesohime",0.036,-17.139,0,"Sabo_10",-20.4,-46.523,0,"ゆっち一",-15.364,-63.513,0,"encounter v",19.664,-45.231,0,"うよすま",11.496,-63.863,0,"AI",40.9,-90.65,0,"AI",0,-109.84,0,"AI",-40.8,-90.55,0,0,0,0,0,0,"",0,0,0,0,2879.747,,,,0,0
100,6,1,4,3,0,2,0,0,0,0,255,255,255,49,2890.927,"ke ro",R,13,87,127,-2.383,-1.914,0.072,1.504,-0.759,0.834,-36.719,21.065,4,0,-182.332,400,6.669,-0.512,-18.93,1,6,0,R,"Pugeuk",190,85.552,0.397,0,84,W,Y,0,0,0,0,0,0,0,0,0,0,0,0,0,0,0,0,-0.175,-38.035,0,"kneesohime",-0.401,-17.33,0,"Sabo_10",-20.989,-44.303,0,"ゆっち一",-15.364,-63.514,0,"encounter v",19.854,-44.245,0,"うよすま",11.413,-63.907,0,"AI",40.9,-90.65,0,"AI",0,-109.84,0,"AI",-40.8,-90.55,0,0,0,0,0,0,"",0,0,0,0,2892.314,,,,0,0
101,6,1,4,3,0,0,1,0,0,0,255,255,255,50,2910.943,"ke ro",R,26,75,126,-0.821,1.151,0.08,1.896,-0.376,2.129,-36.719,35.254,4,0,9.939,-200,4.985,0,0,0,0,1,L,"Kr_Luna",190,95.417,0.5,0,84,W,Y,0,0,0,0,0,0,0,0,0,0,0,0,0,0,0,0,-0.091,-38.168,0,"kneesohime",-0.383,-17.883,0,"Sabo_10",-19.663,-46.755,0,"ゆっち一",-13.097,-65.443,0,"encounter v",18.938,-43.765,0,"うよすま",14.206,-64.304,0,"AI",40.9,-90.65,0,"AI",0,-109.84,0,"AI",-40.8,-90.55,0,0,0,0,0,0,"",0,0,0,0,2912.147,,,,0,0
102,6,1,4,3,0,1,1,0,0,0,255,255,255,51,2924.805,"ke ro",R,0,60,114,2.868,0.813,0.396,1.901,1.238,2.118,-36.719,60.615,1,0,0,0,-1.043,0,0,0,0,1,L,"Kr_Luna",190,95.417,0.5,0,84,W,Y,0,0,0,0,0,0,0,0,0,0,0,0,0,0,0,0,-0.157,-38.16,0,"kneesohime",0.289,-17.246,0,"Sabo_10",-19.804,-46.096,0,"ゆっち一",-13.009,-65.066,0,"encounter v",18.937,-43.797,0,"うよすま",14.068,-64.398,0,"AI",40.9,-90.65,0,"AI",0,-109.84,0,"AI",-40.8,-90.55,0,0,0,0,0,0,"",0,0,0,0,2925.972,,,,0,0
103,6,1,4,3,1,1,1,0,0,0,255,255,255,52,2936.651,"ke ro",R,3,65,110,1.723,0.001,0.536,1.611,1.413,1.621,-36.719,48.44,1,0,-358.466,0,2.688,0,0,0,0,1,L,"Kr_Luna",190,95.417,0.5,0,84,W,Y,0,0,0,0,0,0,0,0,0,0,0,0,0,0,0,0,-0.206,-37.849,0,"kneesohime",-0.026,-17.315,0,"Sabo_10",-19.994,-45.839,0,"ゆっち一",-11.96,-65.324,0,"encounter v",18.981,-43.84,0,"うよすま",14.113,-64.335,0,"AI",40.9,-90.65,0,"AI",0,-109.84,0,"AI",-40.8,-90.55,0,0,0,0,0,0,"",0,0,0,0,2937.855,,,,0,0
104,6,1,4,3,2,1,1,0,0,0,255,255,255,53,2949.916,"ke ro",R,10,71,113,0.007,-2.34,0.199,1.344,-0.002,0.665,-36.719,26.674,1,0,0,400,-4.483,-0.004,-20.018,0,0,1,L,"Kr_Luna",190,95.417,0.5,0,84,W,Y,0,0,0,0,0,0,0,0,0,0,0,0,0,0,0,0,-0.329,-38.01,0,"kneesohime",-0.041,-17.345,0,"Sabo_10",-20.345,-44.834,0,"ゆっち一",-12.626,-64.876,0,"encounter v",18.957,-43.741,0,"うよすま",13.888,-64.338,0,"AI",40.907,-90.657,0,"AI",0,-109.85,0,"AI",-40.807,-90.557,0,0,0,0,0,0,"",0,0,0,0,2951.081,,,,0,0
105,6,1,4,3,3,1,1,0,0,0,255,255,255,54,2961.048,"ke ro",R,26,77,127,0.175,-0.379,0.157,1.6,-0.05,1.173,-36.719,27.27,2,0,77.398,-200,-7.163,0,0,0,0,1,L,"Kr_Luna",190,95.417,0.5,5,84,W,Y,2962.049,96,133,130,127,49,135,81,36.334,-33.974,1,0,0.121,95.121,500.424,-313.264,-0.194,-37.509,0,"kneesohime",0.004,-17.174,0,"Sabo_10",-20.179,-46.583,0,"ゆっち一",-13.959,-64.485,65,"encounter v",19.881,-44.677,0,"うよすま",13.838,-64.348,0,"AI",40.907,-90.657,0,"AI",0,-109.84,0,"AI",-40.807,-90.557,0,2966.722,39.237,-68.442,2967.564,6,"AI",41.003,-70.431,1,0,,,,,36,2
106,6,1,4,3,0,0,1,1,0,0,1,255,255,55,2986.409,"ke ro",R,26,76,127,0.486,0.301,0.192,1.701,-0.011,1.6,-36.719,26.01,2,0,138.98,-200,-0.193,0,0,1,1,4,R,"인생최패망자",190,80,0.299,3,84,W,Y,2987.383,220,82,123,100,80,145,91,32.889,-21.25,-0.77,0,0.401,206.575,-477.995,93.158,-0.128,-37.697,0,"kneesohime",-0.042,-17.241,0,"Sabo_10",-18.982,-45.525,96,"ゆっち一",-13.057,-65.102,0,"encounter v",19.804,-45.321,0,"うよすま",9.431,-63.186,0,"AI",40.9,-90.65,0,"AI",0,-109.84,0,"AI",-40.8,-90.55,0,2992.181,34.336,-87.022,2997.622,2,"Sabo_10",-18.186,-41.705,0,0,,,,,48,1
107,6,1,4,3,0,0,2,1,0,0,1,255,255,56,3012.367,"ke ro",R,27,93,140,2.39,1.568,0.341,1.919,0.877,2.489,-36.719,49.347,1,0,113.177,-118.827,2.814,0,0,0,2,2,L,"눈꽃",190,90,0.6,0,84,W,Y,0,0,0,0,0,0,0,0,0,0,0,0,0,0,0,0,-0.033,-38.18,0,"kneesohime",-1.395,-19.15,0,"Sabo_10",-19.794,-42.238,0,"ゆっち一",-7.392,-65.097,0,"encounter v",21.41,-45.959,0,"うよすま",14.382,-64.942,0,"AI",40.9,-90.65,0,"AI",0,-109.84,0,"AI",-40.8,-90.55,0,0,0,0,0,0,"",0,0,0,0,3013.522,3038.155,,,0,0
108,6,1,4,3,0,0,2,0,1,0,255,255,255,57,3048.623,"ke ro",R,27,72,123,1.427,1.643,0.28,1.952,0.483,2.489,-36.719,49.359,4,0,81.795,-145.896,-7.59,0,0,1,2,2,L,"눈꽃",190,90,0.6,0,80,W,Y,0,0,0,0,0,0,0,0,0,0,0,0,0,0,0,0,-0.054,-38.069,0,"kneesohime",0.033,-17.338,0,"Sabo_10",-19.474,-44.283,0,"ゆっち一",-5.809,-64.723,0,"encounter v",20.485,-44.014,0,"うよすま",14.433,-62.922,0,"AI",40.9,-90.65,0,"AI",0,-109.84,0,"AI",-40.8,-90.55,0,0,0,0,0,0,"",0,0,0,0,3049.914,3051.587,,,0,0
109,6,1,4,3,0,1,2,0,1,0,255,255,255,58,3062.15,"ke ro",R,0,51,107,-0.702,1.695,0.212,1.993,-0.242,2.682,-36.719,78.979,2,0,-36.78,0,8.504,0,0,1,2,2,L,"눈꽃",190,90,0.6,3,80,W,Y,3063.152,248,69,120,77,22,145,96,61.269,32.198,-0.54,0,0.392,555.316,26.091,-156.586,-0.211,-37.925,0,"kneesohime",-0.169,-17.196,0,"Sabo_10",-19.807,-46.683,0,"ゆっち一",-8.154,-64.409,87,"encounter v",19.419,-44.572,0,"うよすま",14.244,-63.264,0,"AI",40.9,-90.65,0,"AI",0,-109.84,0,"AI",-40.8,-90.55,0,3069.597,-31.337,-66.004,3069.78,3,"ゆっち一",-30.832,-65.223,0,0,,,3068.406,,68,1
110,6,0,4,3,0,0,0,0,0,0,255,255,255,50,3108.136,"Pugeuk",R,26,91,140,-2.499,-1.426,-0.017,1.212,-1.008,0.56,-36.592,22.546,1,0,-60.867,-191.761,15.405,0,0,0,1,1,R,"kneesohime",190,85,0.498,0,66,W,Y,0,0,0,0,0,0,0,0,0,0,0,0,0,0,0,0,-0.353,-37.877,0,"Kr_Luna",0.023,-17.332,0,"눈꽃",-19.592,-46.195,0,"うるの。",-13.319,-62.844,0,"인생최패망자",19.689,-48.846,0,"_앰프_",11.318,-60.8,0,"AI",40.9,-90.65,0,"AI",0,-109.84,0,"아침땅_",-49.483,-96.18,0,0,0,0,0,0,"",0,0,0,0,3109.247,,,,0,0
111,6,0,4,3,1,0,0,0,0,0,255,255,255,51,3119.272,"Pugeuk",R,27,87,140,-1.091,0.112,0.118,1.52,-0.382,1.558,-36.592,12.06,0,0,-73.13,-149.892,7.203,0,0,1,1,1,R,"kneesohime",190,85,0.498,0,66,W,Y,0,0,0,0,0,0,0,0,0,0,0,0,0,0,0,0,-0.001,-37.142,0,"Kr_Luna",0.008,-17.339,0,"눈꽃",-19.59,-46.152,0,"うるの。",-13.327,-62.818,0,"인생최패망자",19.912,-49.246,0,"_앰프_",10.767,-61.158,0,"AI",40.9,-90.65,0,"AI",0,-109.84,0,"아침땅_",-49.284,-96.417,0,0,0,0,0,0,"",0,0,0,0,3120.364,,,,0,0
112,6,0,4,3,1,1,0,0,0,0,255,255,255,52,3130.634,"Pugeuk",R,27,86,139,0.712,0.654,0.248,1.628,0.225,1.906,-36.592,25.288,0,0,57.888,-138.084,18.117,0,0,1,1,1,R,"kneesohime",190,85,0.498,0,66,W,Y,0,0,0,0,0,0,0,0,0,0,0,0,0,0,0,0,0.122,-37.416,0,"Kr_Luna",0.001,-17.368,0,"눈꽃",-19.606,-46.17,0,"うるの。",-13.528,-62.7,0,"인생최패망자",19.849,-48.901,0,"_앰프_",10.762,-61.166,0,"AI",40.9,-90.65,0,"AI",0,-109.84,0,"아침땅_",-49.469,-96.7,0,0,0,0,0,0,"",0,0,0,0,3131.797,,,,0,0
113,6,0,4,3,1,2,0,0,0,0,255,255,255,53,3145.529,"Pugeuk",R,3,80,105,-3.464,-0.158,0.01,1.494,-0.589,1.532,-36.592,8.981,4,0,-477.273,0,0,0,0,1,1,1,R,"kneesohime",190,85,0.498,0,66,W,Y,0,0,0,0,0,0,0,0,0,0,0,0,0,0,0,0,-0.059,-37.134,0,"Kr_Luna",0.036,-17.355,0,"눈꽃",-19.621,-46.172,0,"うるの。",-13.515,-62.853,0,"인생최패망자",20.103,-49.174,0,"_앰프_",11.188,-60.922,0,"AI",40.9,-90.65,0,"AI",0,-109.84,0,"아침땅_",-49.255,-96.925,0,0,0,0,0,0,"",0,0,0,0,3146.814,,,,0,0
114,6,0,4,3,0,0,1,0,0,0,255,255,255,54,3162.253,"Pugeuk",R,26,85,138,1.08,0.413,0.286,1.556,0.402,1.675,-36.592,19.992,0,0,41.41,-171.129,0,0,0,1,2,3,L,"ゆっち一",174.7,84.105,0.397,0,84,W,Y,0,0,0,0,0,0,0,0,0,0,0,0,0,0,0,0,-0.094,-37.255,0,"Kr_Luna",0.003,-17.339,0,"눈꽃",-19.631,-46.26,0,"うるの。",-13.541,-62.961,0,"인생최패망자",24.369,-51.164,0,"_앰프_",13.553,-61.535,0,"AI",40.9,-90.65,0,"AI",0,-109.84,0,"아침땅_",-37.49,-104.178,0,0,0,0,0,0,"",0,0,0,0,3163.397,,,,0,0
115,6,0,4,3,0,1,1,0,0,0,255,255,255,55,3172.855,"Pugeuk",R,26,86,139,1.807,0.111,0.359,1.511,0.739,1.517,-36.592,19.486,4,0,25.88,-155.65,0,0,0,1,2,3,L,"ゆっち一",174.7,84.105,0.397,0,84,W,Y,0,0,0,0,0,0,0,0,0,0,0,0,0,0,0,0,0.12,-37.286,0,"Kr_Luna",-0.03,-17.363,0,"눈꽃",-19.676,-46.281,0,"うるの。",-13.521,-62.967,0,"인생최패망자",24.209,-50.677,0,"_앰프_",14.176,-61.211,0,"AI",40.9,-90.65,0,"AI",0,-109.84,0,"아침땅_",-38.504,-103.422,0,0,0,0,0,0,"",0,0,0,0,3174.014,,,,0,0
116,6,0,4,3,0,2,1,0,0,0,255,255,255,56,3181.596,"Pugeuk",R,13,77,114,0.495,0.297,0.398,1.71,0.922,2.219,-36.592,32.745,2,0,-390.434,312.348,0,0,0,1,2,3,L,"ゆっち一",174.7,84.105,0.397,3,84,W,Y,3182.95,162,81,105,74,27,145,89,34.099,-23.857,-0.62,0,0.213,232.391,-502.227,205.632,0.198,-37.252,0,"Kr_Luna",0.034,-17.359,0,"눈꽃",-19.682,-46.292,0,"うるの。",-13.397,-62.962,0,"인생최패망자",23.963,-50.338,0,"_앰프_",14.011,-61.328,0,"AI",40.9,-90.65,0,"AI",0,-109.84,0,"아침땅_",-38.427,-103.35,0,3187.755,36.198,-82.391,3192.414,0,"Pugeuk",1.712,-39.885,0,0,,,,,64,1
117,6,0,4,3,0,0,2,0,0,0,255,255,255,57,3207.316,"Pugeuk",R,6,94,115,0.9,0.397,0.044,1.647,-0.482,1.864,-36.592,13.361,2,0,500,0,11.037,0,0,1,3,4,L,"encounter v",190,82.544,0.529,3,83,W,Y,3208.358,255,139,160,118,53,145,130,21.751,-28.161,0.41,0,0.568,353.346,4.156,-158.098,0.416,-36.929,0,"Kr_Luna",0.057,-17.465,0,"눈꽃",-18.532,-46.192,0,"うるの。",-12.404,-62.665,100,"인생최패망자",19.051,-45.197,0,"_앰프_",14.735,-61.973,0,"AI",40.9,-90.65,0,"AI",0,-109.84,0,"아침땅_",-39.288,-104.321,0,3213.339,52.342,-114.219,3214.114,6,"AI",51.674,-111.249,1,8,,3219.725,,,104,2
118,7,1,4,3,0,0,0,0,0,0,255,255,255,59,3269.35,"ke ro",R,26,84,136,-2.574,0.601,0.154,1.701,-0.052,1.506,-36.719,23.436,2,0,-26.887,-200,8.136,0,0,1,3,3,L,"うるの。",166.2,91.171,0.504,2,83,W,Y,3270.468,16,9,0,0,2,1,43,5.969,-21.929,0.49,0,0.269,66.1,481.72,336.673,-0.077,-37.725,120,"kneesohime",-0.065,-17.41,0,"Sabo_10",-19.301,-47.172,92,"ゆっち一",-12.438,-62.438,0,"encounter v",18.692,-43.796,95,"うよすま",14.038,-60.808,77,"AI",40.904,-90.654,0,"AI",0,-109.845,0,"AI",-40.804,-90.554,0,3271.372,3.856,-30.355,3273.847,4,"encounter v",7.029,-44.797,1,0,,3304.309,,,57,2
119,7,1,4,3,0,0,0,0,1,0,255,3,255,60,3326.761,"ke ro",R,26,85,137,-1.393,-2.257,0.035,1.358,-0.548,0.179,-36.719,20.526,1,0,-44.36,-200,17.635,-0.303,-18.334,0,4,8,R,"아침땅_",160,94.936,0.502,0,83,W,Y,0,0,0,0,0,0,0,0,0,0,0,0,0,0,0,0,-0.108,-38.071,0,"kneesohime",-0.072,-18.075,0,"Sabo_10",-19.53,-43.331,0,"ゆっち一",-13.73,-57.453,0,"encounter v",19.859,-40.963,0,"うよすま",1.545,-60.277,0,"AI",40.903,-90.652,0,"AI",0,-109.843,0,"AI",-40.803,-90.552,0,0,0,0,0,0,"",0,0,0,0,3327.847,3329.285,,,0,0
120,7,1,4,3,1,0,0,0,1,0,255,3,255,61,3338.623,"ke ro",R,26,69,121,1.789,1.511,0.324,1.813,0.599,2.192,-36.719,44.578,1,0,106.816,-165.932,-10.072,0,0,0,4,8,R,"아침땅_",160,94.936,0.502,0,83,W,Y,0,0,0,0,0,0,0,0,0,0,0,0,0,0,0,0,-0.103,-38.039,102,"kneesohime",0.089,-17.251,0,"Sabo_10",-19.782,-43.432,0,"ゆっち一",-14.949,-59.515,0,"encounter v",20.24,-41.275,0,"うよすま",1.717,-60.097,0,"AI",40.902,-90.652,0,"AI",0,-109.843,0,"AI",-40.802,-90.552,0,0,0,0,0,0,"",0,0,0,8,3339.772,3341.089,3354.934,,0,0
121,7,1,4,3,2,0,1,0,0,0,255,255,255,62,3372.417,"ke ro",R,26,82,133,-0.639,-1.285,0.093,1.489,-0.292,0.697,-36.719,19.133,1,0,7.019,-200,12.908,0,0,0,4,8,R,"아침땅_",160,94.936,0.502,0,83,W,Y,0,0,0,0,0,0,0,0,0,0,0,0,0,0,0,0,-0.191,-38.112,0,"kneesohime",-0.072,-17.477,0,"Sabo_10",-18.724,-42.76,0,"ゆっち一",-15.802,-61.88,0,"encounter v",18.723,-43.304,0,"うよすま",9.179,-58.522,0,"AI",40.903,-90.652,0,"AI",0,-109.843,0,"AI",-40.803,-90.552,0,0,0,0,0,0,"",0,0,0,0,3373.572,,,,0,0
122,7,1,4,3,3,0,1,0,0,0,255,255,255,63,3383.804,"ke ro",R,26,83,135,-1.842,-0.683,0.013,1.485,-0.868,1.023,-36.719,22.258,2,0,46.725,-200,-4.214,0,0,1,4,8,R,"아침땅_",160,94.936,0.502,3,83,W,Y,3384.752,35,88,85,75,36,54,54,-83.617,85.61,0.96,0.095,0.379,-172.719,563.368,98.966,-0.228,-37.575,0,"kneesohime",-0.411,-17.526,0,"Sabo_10",-19.712,-45.568,0,"ゆっち一",-14.972,-62.847,0,"encounter v",17.903,-44.076,0,"うよすま",13.199,-57.556,0,"AI",40.904,-90.654,0,"AI",0,-109.844,0,"AI",-40.804,-90.554,0,3384.722,-1.064,-18.683,0,0,"",0,0,0,0,,,,,32,3
123,7,1,4,3,3,1,1,0,0,0,255,255,255,64,3400.009,"ke ro",R,26,79,129,-0.141,1.967,0.17,1.846,-0.142,2.408,-36.719,34.246,1,1,51.019,-200,3.238,0,0,0,4,8,R,"아침땅_",160,94.936,0.502,0,83,W,Y,0,0,0,0,0,0,0,0,0,0,0,0,0,0,0,0,-0.166,-37.909,0,"kneesohime",-0.067,-17.434,0,"Sabo_10",-19.864,-44.152,0,"ゆっち一",-13.389,-64.762,0,"encounter v",18.377,-44.114,0,"うよすま",9.607,-61.03,0,"AI",40.903,-90.652,0,"AI",0,-109.843,0,"AI",-40.803,-90.552,0,0,0,0,0,0,"",0,0,0,0,3401.164,,,,0,5
124,7,1,4,3,0,0,1,1,0,0,8,255,255,65,3420.469,"ke ro",R,26,74,125,-0.629,0.247,0.13,1.616,-0.325,1.534,-36.719,25.103,0,1,32.363,-200,-11.352,0,0,0,5,5,R,"_앰프_",170,80,0.4,0,83,W,Y,0,0,0,0,0,0,0,0,0,0,0,0,0,0,0,0,-0.122,-38.165,0,"kneesohime",-0.618,-18.333,0,"Sabo_10",-18.992,-43.397,0,"ゆっち一",-13.558,-62.91,0,"encounter v",21.323,-43.376,0,"うよすま",5.533,-61.836,0,"AI",40.902,-90.652,0,"AI",0,-109.843,0,"AI",-40.802,-90.552,0,0,0,0,0,0,"",0,0,0,0,3421.797,,,,0,0
125,7,1,4,3,0,1,1,0,1,0,255,8,255,66,3463.436,"ke ro",R,26,88,140,-1.613,-0.733,0.051,1.472,-0.695,1.01,-36.719,21.388,4,0,-8.446,-200,11.027,0,0,1,5,5,R,"_앰프_",170,80,0.4,0,83,W,Y,0,0,0,0,0,0,0,0,0,0,0,0,0,0,0,0,-0.13,-38.114,0,"kneesohime",-0.037,-17.295,0,"Sabo_10",-19.728,-43.922,0,"ゆっち一",-16.02,-63.268,0,"encounter v",20.696,-42.184,0,"うよすま",0.459,-60.195,0,"AI",40.903,-90.653,0,"AI",0,-109.843,0,"AI",-40.803,-90.552,0,0,0,0,0,0,"",0,0,0,0,3464.689,3466.424,,,0,0
126,7,1,4,3,0,2,1,0,1,0,255,8,255,67,3481.63,"ke ro",R,33,71,123,2.298,1.824,0.372,1.884,0.821,2.507,-36.719,49.915,1,0,115.159,-107.083,-1,0,0,0,5,5,R,"_앰프_",170,80,0.4,0,83,W,Y,0,0,0,0,0,0,0,0,0,0,0,0,0,0,0,0,-0.014,-37.856,0,"kneesohime",0.178,-17.429,0,"Sabo_10",-19.296,-42.665,0,"ゆっち一",-16.058,-63.349,0,"encounter v",20.33,-42.227,0,"うよすま",1.551,-60.425,0,"AI",40.902,-90.652,0,"AI",0,-109.843,0,"AI",-40.802,-90.552,0,0,0,0,0,0,"",0,0,0,0,3483.006,3484.465,,,0,0
127,7,1,4,3,1,1,1,0,1,0,255,8,255,68,3510.556,"ke ro",R,0,66,119,0.331,1.099,0.265,1.875,0.136,2.209,-36.719,39.105,2,0,0,0,8.066,0,0,1,5,5,R,"_앰프_",170,80,0.4,3,83,W,Y,3511.603,255,102,84,92,43,145,82,93.123,-82.44,-0.88,0,0.147,104.513,-550.314,-56.249,-0.112,-37.951,0,"kneesohime",0.008,-17.401,0,"Sabo_10",-19.498,-45.392,0,"ゆっち一",-16.126,-63.004,0,"encounter v",18.442,-44.283,0,"うよすま",1.186,-61.213,0,"AI",40.904,-90.654,0,"AI",0,-109.845,0,"AI",-40.804,-90.554,0,3517.48,-33.959,-18.453,0,0,"",0,0,0,0,,3514.683,,,32,3
128,7,1,4,3,1,2,1,0,1,0,255,8,255,69,3528.665,"ke ro",R,13,70,110,-1.825,-1.14,0.163,1.585,-0.172,1.421,-36.719,14.645,2,0,-369.41,336.951,18.846,0,0,1,5,5,R,"_앰프_",170,80,0.4,3,82,W,Y,3529.775,255,255,58,81,83,137,126,-15.115,38.106,0.4,0,0.288,215.85,-516.581,-152.711,-0.125,-37.914,0,"kneesohime",-0.636,-17.432,0,"Sabo_10",-20.42,-45.465,115,"ゆっち一",-15.762,-59.281,0,"encounter v",18.899,-44.892,85,"うよすま",4.15,-61.689,0,"AI",40.904,-90.654,0,"AI",0,-109.845,0,"AI",-40.804,-90.554,0,3529.789,-1.747,-22.114,3531.047,2,"Sabo_10",-18.13,-43.164,0,0,,,3533.812,,56,2
129,7,1,4,3,0,0,2,0,0,1,255,255,8,70,3555.613,"ke ro",R,0,67,120,-0.394,0.707,0.168,1.857,-0.177,2.045,-36.719,34.573,0,0,0,0,8.789,0,0,1,6,2,R,"Pugeuk",190,85.552,0.397,0,82,W,Y,0,0,0,0,0,0,0,0,0,0,0,0,0,0,0,0,-0.128,-37.986,0,"kneesohime",-0.084,-17.475,0,"Sabo_10",-19.723,-45.421,0,"ゆっち一",-15.48,-63.042,0,"encounter v",18.049,-40.735,0,"うよすま",8.577,-61.942,0,"AI",40.903,-90.652,0,"AI",0,-109.843,0,"AI",-40.803,-90.552,0,0,0,0,0,0,"",0,0,0,0,3556.931,,3558.147,,0,0
130,7,1,4,3,0,1,2,0,0,1,255,255,8,71,3568.933,"ke ro",R,26,82,133,0.016,0.345,0.152,1.722,-0.151,1.641,-36.719,26.438,2,0,105.65,-200,5.873,0,0,1,6,2,R,"Pugeuk",190,85.552,0.397,3,82,W,Y,3570.006,170,82,115,68,36,145,95,50.41,42.011,-0.57,0,0.667,273.789,397.021,-104.513,-0.075,-37.656,0,"kneesohime",-0.134,-17.407,0,"Sabo_10",-19.657,-45.872,0,"ゆっち一",-15.445,-62.958,0,"encounter v",16.181,-42.297,0,"うよすま",9.956,-63.352,70,"AI",40.904,-90.654,0,"AI",0,-109.845,0,"AI",-40.804,-90.554,0,3575.431,-54.259,-69.752,3576.394,8,"AI",-58.863,-73.282,0,0,,,3580.21,,33,2
131,7,1,4,3,0,2,2,0,0,1,255,255,8,72,3594.22,"ke ro",R,3,70,112,0.051,-0.118,0.438,1.613,0.777,1.544,-36.719,36.631,2,0,-425.883,0,3.215,0,0,1,6,2,R,"Pugeuk",190,85.552,0.397,3,79,W,Y,3595.319,255,101,170,111,42,145,95,28.594,-13.347,0.96,0,0.7,-161.106,285.206,494.383,-0.011,-37.92,0,"kneesohime",-0.016,-17.242,0,"Sabo_10",-20.522,-46.391,0,"ゆっち一",-15.851,-63.279,0,"encounter v",16.433,-42.852,0,"うよすま",9.933,-61.766,0,"AI",40.904,-90.654,0,"AI",0,-109.845,0,"AI",-40.804,-90.554,0,3599.822,10.985,-99.38,0,0,"",0,0,0,0,3643.48,,,3599.561,5,1
132,7,0,4,3,0,0,0,0,0,0,255,255,255,58,3695.634,"눈꽃",R,28,93,140,-2.243,-0.695,-0.065,1.733,-1.074,1.097,-36.593,7.244,2,0,75.542,-89.035,5.503,0,0,1,4,2,L,"Sabo_10",185,87.575,0.449,3,82,W,Y,3696.509,255,116,140,130,46,145,90,-1.47,-26.049,-0.73,0,0.504,253.302,-411.002,-166.539,0.077,-37.216,0,"Kr_Luna",0.041,-17.524,0,"Pugeuk",-17.687,-48.819,0,"うるの。",-11.923,-63.715,85,"인생최패망자",20.935,-47.422,0,"_앰프_",15.445,-62.418,0,"AI",40.9,-90.65,0,"AI",0,-109.84,0,"아침땅_",-36.968,-101.641,0,3696.831,4.505,-29.871,3700.539,6,"AI",30.74,-75.81,1,0,,,,,12,2
133,7,0,4,3,0,0,0,1,0,0,12,255,255,59,3723.249,"눈꽃",R,28,90,140,0.777,-0.22,0.252,1.828,0.247,1.401,-36.593,15.343,2,0,61.179,-67.245,4.019,0,0,1,5,0,R,"ke ro",190,82.225,0.396,3,82,W,Y,3724.19,185,129,81,81,40,145,91,47.281,-0.141,-0.78,0,0.62,-5.325,-114.028,25.959,0.281,-37.006,0,"Kr_Luna",0.019,-17.427,0,"Pugeuk",-18.53,-47.329,0,"うるの。",-14.248,-61.878,0,"인생최패망자",18.855,-48.102,0,"_앰프_",9.252,-62.367,0,"AI",40.9,-90.65,0,"AI",0,-109.84,0,"아침땅_",-48.774,-97.746,0,3729.497,2.023,-83.853,3733.956,0,"눈꽃",0.093,-60.451,0,0,,3732.973,,,68,1
134,7,0,4,3,0,0,2,0,0,0,255,255,255,60,3775.184,"눈꽃",R,27,90,140,0.881,-0.19,0.208,1.826,0.25,1.369,-36.593,8.84,2,0,94.264,-119.648,8.862,0,0,1,0,5,R,"うよすま",174.5,92.834,0.571,3,81,W,Y,3776.14,195,49,125,47,6,145,87,18.524,33.722,-0.7,0.095,0.33,166.996,528.026,-225.627,0.194,-37.276,0,"Kr_Luna",0.018,-17.525,0,"Pugeuk",-21.13,-49.206,0,"うるの。",-10.874,-62.17,0,"인생최패망자",19.766,-49.343,0,"_앰프_",12.528,-61.243,86,"AI",40.9,-90.65,0,"AI",0,-109.84,0,"아침땅_",-45.171,-92.11,87,3779.397,-38.959,-67.609,3780.881,8,"아침땅_",-48.738,-77.898,1,0,,,,,52,2
135,7,0,4,3,0,0,2,1,0,0,15,255,255,61,3806.784,"눈꽃",R,27,78,128,0.738,0.032,0.193,1.856,0.168,1.52,-36.593,21.788,2,0,98.75,-103.937,7.417,0,0,1,1,1,R,"kneesohime",190,85,0.498,3,81,W,Y,3807.904,255,92,133,35,23,145,90,61.058,44.893,-0.84,0,0.265,112.918,112.881,5.011,0.17,-37.11,0,"Kr_Luna",0.03,-17.546,0,"Pugeuk",-19.602,-47.396,0,"うるの。",-12.996,-62.394,0,"인생최패망자",19.035,-48.575,0,"_앰프_",11.949,-60.395,0,"AI",40.9,-90.65,0,"AI",0,-109.84,0,"아침땅_",-48.896,-95.067,0,3813.464,-42.757,-59.483,0,0,"",0,0,0,0,,3813.471,,,4,3
136,7,0,4,3,0,1,2,1,0,0,15,255,255,62,3834.489,"눈꽃",R,28,88,140,0.73,0.732,0.203,1.99,0.22,1.989,-36.593,23.802,2,0,69.415,-80.632,7.028,0,0,1,1,1,R,"kneesohime",190,85,0.498,3,66,W,Y,3835.563,183,110,119,66,15,145,121,27.887,30.567,0.21,0,0.228,222.562,503.661,125.47,0.083,-37.191,0,"Kr_Luna",0.034,-17.511,0,"Pugeuk",-20.118,-46.724,0,"うるの。",-13.905,-63.389,94,"인생최패망자",18.733,-47.513,0,"_앰프_",12.656,-61.976,87,"AI",40.9,-90.65,0,"AI",0,-109.84,0,"아침땅_",-47.916,-93.001,92,3840.314,-64.641,-102.785,3841.397,8,"아침땅_",-63.848,-101.914,1,0,,3840.032,3845.197,,60,2
137,7,0,4,3,0,0,2,0,1,1,255,11,15,63,3868.056,"눈꽃",R,34,84,137,-0.672,1.485,0.149,2.094,-0.404,2.378,-36.593,28.676,2,0,73.633,-65.623,9.428,0,0,1,2,3,L,"ゆっち一",174.7,84.105,0.397,3,81,W,Y,3868.971,182,102,81,73,36,145,126,106.298,62.682,0.44,0,0.153,51.526,-296.103,232.95,0.226,-37.52,0,"Kr_Luna",0.047,-17.522,0,"Pugeuk",-18.57,-48.869,0,"うるの。",-7.774,-63.85,0,"인생최패망자",19.545,-44.949,0,"_앰프_",14.782,-63.405,0,"AI",40.9,-90.65,0,"AI",0,-109.84,0,"아침땅_",-36.286,-104.369,0,0,0,0,0,0,"",0,0,0,0,,3870.812,3874.111,,6,3
138,7,0,4,3,0,1,2,0,1,1,255,11,15,64,3903.326,"눈꽃",R,27,90,140,-1.679,1.362,0.021,2.069,-0.871,2.276,-36.593,21.784,2,0,97.729,-101.518,10.836,0,0,1,2,3,L,"ゆっち一",174.7,84.105,0.397,3,81,W,Y,3904.216,229,102,102,68,37,145,91,105.865,43.997,-0.52,0,0.351,183.158,-267.898,133.573,-0.141,-37.516,0,"Kr_Luna",0.04,-17.508,0,"Pugeuk",-17.807,-48.724,0,"うるの。",-8.323,-64.136,0,"인생최패망자",17.953,-42.161,0,"_앰프_",15.896,-62.49,0,"AI",40.9,-90.65,0,"AI",0,-109.84,0,"아침땅_",-36.355,-104.041,0,3910.397,22.655,11.377,0,0,"",0,0,0,0,,3909.797,3909.925,,6,3
139,7,0,4,3,0,2,2,0,1,1,255,11,15,65,3938.819,"눈꽃",R,28,85,138,-0.115,1.466,0.132,2.077,-0.124,2.357,-36.593,24.226,4,0,48.601,-77.318,8.978,0,0,1,2,3,L,"ゆっち一",174.7,84.105,0.397,0,81,W,Y,0,0,0,0,0,0,0,0,0,0,0,0,0,0,0,0,0.206,-37.52,0,"Kr_Luna",0.016,-17.498,0,"Pugeuk",-18.516,-49.55,0,"うるの。",-7.993,-63.314,0,"인생최패망자",18.296,-40.021,0,"_앰프_",15.699,-61.201,0,"AI",40.9,-90.65,0,"AI",0,-109.84,0,"아침땅_",-35.865,-102.052,0,0,0,0,0,0,"",0,0,0,0,3939.772,,,,0,0
140,8,1,4,3,0,0,0,0,0,0,255,255,255,73,3971.814,"ke ro",R,26,85,138,0.806,0.321,0.274,1.643,0.342,1.634,-36.719,26.824,0,0,0.496,-200,11.928,0,0,0,0,1,L,"Kr_Luna",190,95.417,0.5,0,81,W,Y,0,0,0,0,0,0,0,0,0,0,0,0,0,0,0,0,-0.013,-37.891,0,"kneesohime",-0.014,-17.413,0,"Sabo_10",-20.089,-46.974,0,"ゆっち一",-14.689,-63.56,0,"encounter v",20.294,-45.595,0,"うよすま",14.111,-61.884,0,"AI",40.9,-90.65,0,"AI",0,-109.84,0,"AI",-40.8,-90.55,0,0,0,0,0,0,"",0,0,0,0,3972.855,,,,0,0
141,8,1,4,3,0,1,0,0,0,0,255,255,255,74,3985.936,"ke ro",R,10,67,111,1.414,-0.959,0.365,1.682,0.605,1.539,-36.719,37.778,0,0,0,400,-4.208,0,0,0,0,1,L,"Kr_Luna",190,95.417,0.5,0,81,W,Y,0,0,0,0,0,0,0,0,0,0,0,0,0,0,0,0,-0.137,-38.042,0,"kneesohime",0.018,-17.464,0,"Sabo_10",-21.185,-48.221,0,"ゆっち一",-13.57,-64.431,0,"encounter v",20.497,-45.342,0,"うよすま",15.277,-62.918,0,"AI",40.9,-90.65,0,"AI",0,-109.84,0,"AI",-40.8,-90.55,0,0,0,0,0,0,"",0,0,0,0,3987.105,,,,0,0
142,8,1,4,3,0,2,0,0,0,0,255,255,255,75,4002.789,"ke ro",R,26,78,128,0.886,1.228,0.25,1.884,0.327,2.182,-36.719,37.781,1,0,32.75,-200,-2.907,0,0,0,0,1,L,"Kr_Luna",190,95.417,0.5,0,81,W,Y,0,0,0,0,0,0,0,0,0,0,0,0,0,0,0,0,0.023,-38.068,0,"kneesohime",-0.052,-17.27,0,"Sabo_10",-20.28,-46.535,0,"ゆっち一",-13.587,-64.44,0,"encounter v",20.112,-45.16,0,"うよすま",15.265,-62.942,0,"AI",40.9,-90.65,0,"AI",0,-109.85,0,"AI",-40.8,-90.55,0,0,0,0,0,0,"",0,0,0,0,4003.947,,,,0,0
143,8,1,4,3,0,0,1,0,0,0,255,255,255,76,4024.154,"ke ro",R,0,64,117,0.131,1.071,0.265,1.887,0.095,2.279,-36.719,44.713,2,0,-26.745,0,1.088,0,0,1,1,4,R,"인생최패망자",190,80,0.299,3,81,W,Y,4025.227,238,110,71,123,49,145,96,3.295,13.344,-0.54,0,0.242,490.308,-237.737,48.068,-0.052,-37.919,0,"kneesohime",-0.093,-17.387,0,"Sabo_10",-19.712,-46.091,0,"ゆっち一",-15.705,-62.984,0,"encounter v",19.638,-45.48,0,"うよすま",10.972,-63.77,85,"AI",40.9,-90.65,0,"AI",0,-109.85,0,"AI",-40.8,-90.55,0,4026.639,-7.779,-55.418,4031.764,7,"AI",-20.139,-103.839,1,0,,4035.138,,,33,2
144,8,1,4,3,0,0,1,0,1,0,255,4,255,77,4057.326,"ke ro",R,26,81,131,-0.824,-0.299,0.093,1.629,-0.282,1.233,-36.719,19.934,2,0,-53.906,-200,13.24,0,0,1,2,0,L,"눈꽃",190,90,0.6,3,81,W,Y,4058.252,210,145,87,104,54,145,119,28.813,4.603,0.19,0,0.487,379.757,-444.856,-104.704,-0.166,-37.923,0,"kneesohime",-0.078,-17.406,0,"Sabo_10",-20.155,-47.227,0,"ゆっち一",-8.412,-65.593,70,"encounter v",19.287,-44.103,0,"うよすま",14.273,-62.199,0,"AI",40.9,-90.65,0,"AI",0,-109.84,0,"AI",-40.8,-90.55,0,4063.647,2.696,-127.469,4068.956,3,"ゆっち一",0.086,-61.542,0,0,,4068.349,4063.173,,36,1
145,8,1,4,3,0,0,2,0,1,0,255,4,255,78,4086.723,"ke ro",R,26,85,137,-1.079,-0.248,0.107,1.542,-0.433,1.257,-36.719,18.275,2,0,-28.656,-200,19.052,0,0,1,3,3,L,"うるの。",166.2,91.171,0.504,2,80,W,Y,4087.861,255,119,135,69,24,145,79,40.319,9.4,-1,0,0.315,190.591,565.746,-6.597,-0.151,-37.855,0,"kneesohime",-0.119,-17.495,0,"Sabo_10",-17.127,-42.383,0,"ゆっち一",-12,-60.291,96,"encounter v",19.012,-43.562,0,"うよすま",11.763,-54.79,0,"AI",40.9,-90.65,0,"AI",0,-109.84,0,"AI",-40.8,-90.55,0,0,0,0,4092.647,3,"ゆっち一",-16.097,-72.274,0,0,,,4092.01,,4,1
146,8,0,4,3,0,0,0,0,0,0,255,255,255,66,4130.251,"눈꽃",R,26,61,102,-0.906,0.465,-0.015,1.852,-0.719,1.677,-36.593,6.835,0,0,158.824,-200,-10.63,0,0,0,3,4,L,"encounter v",190,82.544,0.529,0,80,W,Y,0,0,0,0,0,0,0,0,0,0,0,0,0,0,0,0,0.214,-37.559,0,"Kr_Luna",0.028,-17.52,0,"Pugeuk",-18.114,-49.769,0,"うるの。",-8.511,-64.681,0,"인생최패망자",22.013,-47.969,0,"_앰프_",13.204,-60.859,0,"AI",40.9,-90.65,0,"AI",0,-109.84,0,"아침땅_",-36.832,-102.047,0,0,0,0,0,0,"",0,0,0,0,4131.597,,,,0,0
147,8,0,4,3,0,1,0,0,0,0,255,255,255,67,4144.637,"눈꽃",R,28,90,140,0.68,-1.033,0.119,1.617,0.22,0.89,-36.593,14.607,2,0,53.461,-74.466,3.865,0,0,1,3,4,L,"encounter v",190,82.544,0.529,3,80,W,Y,4145.541,228,157,68,25,0,136,116,5.926,-32.456,0.2,0,0.369,248.981,-480.544,244.65,0.341,-37.148,0,"Kr_Luna",0.021,-17.516,0,"Pugeuk",-18.254,-49.654,0,"うるの。",-10.281,-63.842,0,"인생최패망자",21.682,-47.59,76,"_앰프_",14.758,-60.555,0,"AI",40.9,-90.65,0,"AI",0,-109.84,0,"아침땅_",-30.414,-105.254,0,0,0,0,4146.931,4,"인생최패망자",17.709,-45.838,0,0,,,,,6,1
148,8,0,4,3,0,0,1,0,0,0,255,255,255,68,4164.127,"눈꽃",R,32,67,107,-1.094,-0.117,-0.034,1.711,-0.879,1.324,-36.593,7.14,0,0,215.217,-200,-26.944,0,0,1,4,2,L,"Sabo_10",185,87.575,0.449,0,80,W,Y,0,0,0,0,0,0,0,0,0,0,0,0,0,0,0,0,0.218,-37.67,0,"Kr_Luna",0.013,-17.498,0,"Pugeuk",-18.306,-50.196,0,"うるの。",-10.855,-64.006,0,"인생최패망자",23.031,-48.908,0,"_앰프_",13.716,-58.783,0,"AI",40.9,-90.65,0,"AI",0,-109.84,0,"아침땅_",-35.436,-104.134,0,0,0,0,0,0,"",0,0,0,0,4165.331,,,,0,0
149,8,0,4,3,0,1,1,0,0,0,255,255,255,69,4176.627,"눈꽃",R,27,93,140,1.482,-0.304,0.281,1.808,0.511,1.301,-36.593,18.293,2,0,96.695,-128.529,3.867,0,0,1,4,2,L,"Sabo_10",185,87.575,0.449,3,80,W,Y,4177.485,227,86,125,96,38,145,125,28.928,-36.874,0.72,0,0.447,232.512,-405.346,30.721,0.261,-37.309,0,"Kr_Luna",0.026,-17.507,0,"Pugeuk",-18.492,-50.299,0,"うるの。",-10.644,-64.424,0,"인생최패망자",22.389,-48.248,0,"_앰프_",15.129,-60.537,0,"AI",40.9,-90.65,0,"AI",0,-109.84,0,"아침땅_",-36.092,-104.456,0,4182.373,76.001,-102.494,0,0,"",0,0,0,0,,4187.715,4192.886,,4,4
150,8,0,4,4,0,0,1,0,0,0,255,255,255,70,4213.729,"눈꽃",R,39,57,99,1.365,-0.81,0.368,1.598,0.711,0.912,-36.593,28.074,0,0,-59.647,-167.576,3.4,0.161,-14.857,1,5,0,R,"ke ro",190,82.225,0.396,0,80,W,Y,0,0,0,0,0,0,0,0,0,0,0,0,0,0,0,0,0.109,-37.721,0,"Kr_Luna",0.004,-17.537,0,"Pugeuk",-18.884,-48.592,0,"うるの。",-12.717,-62.559,0,"인생최패망자",20.699,-49.066,0,"_앰프_",10.653,-61.699,0,"AI",40.9,-90.65,0,"AI",0,-109.85,0,"아침땅_",-47.089,-96.326,0,0,0,0,0,0,"",0,0,0,0,,,,,0,0
151,8,0,4,4,0,1,1,0,0,0,255,255,255,71,4228.6,"눈꽃",R,27,95,140,-0.609,0.23,0.104,1.95,-0.431,1.788,-36.593,10.927,2,0,94.423,-105.354,8.556,0,0,0,5,0,R,"ke ro",190,82.225,0.396,3,80,W,Y,4229.504,137,164,63,71,20,137,91,100.346,-36.96,-0.55,0,0.589,241.956,148.679,-34.553,0.3,-37.152,0,"Kr_Luna",0.034,-17.501,0,"Pugeuk",-18.6,-48.538,0,"うるの。",-13.052,-62.788,0,"인생최패망자",20.16,-48.53,0,"_앰프_",11.484,-61.95,0,"AI",40.906,-90.655,0,"AI",0,-109.85,0,"아침땅_",-47.709,-97.564,0,4235.914,-13.209,2.362,0,0,"",0,0,0,0,,,,,4,3
152,8,0,4,4,0,2,1,0,0,0,255,255,255,72,4249.868,"눈꽃",R,40,52,95,-1.33,-0.514,0.07,1.556,-0.397,1.139,-36.593,18.439,0,0,-81.373,-134.831,11.695,0,0,1,5,0,R,"ke ro",190,82.225,0.396,0,72,W,Y,0,0,0,0,0,0,0,0,0,0,0,0,0,0,0,0,0.415,-37.403,0,"Kr_Luna",0.003,-17.681,0,"Pugeuk",-21.739,-47.029,0,"うるの。",-12.388,-63.972,0,"인생최패망자",21.247,-47.395,0,"_앰프_",11.842,-62.645,0,"AI",40.9,-90.65,0,"AI",0,-109.84,0,"아침땅_",-49.558,-93.107,0,0,0,0,0,0,"",0,0,0,0,4251.081,,,,0,0
153,8,0,4,4,0,0,2,0,0,0,255,255,255,73,4269.238,"눈꽃",R,45,52,94,1.599,0.714,0.287,1.941,0.296,1.887,-36.593,15.016,2,0,173.158,-104.11,4.328,0,0,0,0,5,R,"うよすま",174.5,92.834,0.571,3,80,W,Y,4270.414,174,60,119,87,23,145,89,44.422,-8.895,-0.61,0.143,0.544,463.865,80.573,-22.693,0.016,-37.278,0,"Kr_Luna",0.05,-17.638,0,"Pugeuk",-20.657,-48.058,0,"うるの。",-13.905,-63.095,0,"인생최패망자",19.523,-48.084,0,"_앰프_",11.333,-60.599,85,"AI",40.9,-90.65,0,"AI",0,-109.84,0,"아침땅_",-44.738,-88.957,0,4275.873,9.791,-84.228,4276.047,5,"_앰프_",9.573,-82.442,0,0,4284.972,,,,34,1
154,9,1,4,4,0,0,0,0,0,0,255,255,255,79,4316.113,"ke ro",R,14,71,111,0.452,-1.464,0.143,1.594,-0.266,1.442,-36.719,18.546,2,0,250.879,400,33.532,0,0,1,4,8,R,"아침땅_",160,94.936,0.502,3,80,W,Y,4317.042,124,60,93,81,50,138,116,-30,-21.859,0.72,0.095,0.289,-560.258,-10.927,99.326,-0.165,-37.87,0,"kneesohime",0.002,-17.547,0,"Sabo_10",-19.769,-47.069,95,"ゆっち一",-14.678,-64.767,0,"encounter v",18.791,-45.379,0,"うよすま",12.262,-59.739,91,"AI",40.904,-90.654,0,"AI",0,-109.844,0,"AI",-40.804,-90.554,0,4317.006,0.351,-20.869,4321.48,5,"うよすま",9.795,-56.855,1,0,,,,,49,2
155,9,1,4,4,0,0,0,1,0,0,8,255,255,80,4345.978,"ke ro",R,26,82,133,-1.511,-1.58,0.061,1.337,-0.647,0.524,-36.719,23.19,1,0,-10.69,-200,16.938,0,0,0,5,5,R,"_앰프_",170,80,0.4,0,80,W,Y,0,0,0,0,0,0,0,0,0,0,0,0,0,0,0,0,-0.201,-37.976,0,"kneesohime",-1.382,-19.034,0,"Sabo_10",-19.441,-43.913,0,"ゆっち一",-7.394,-58.724,0,"encounter v",20.598,-43.99,0,"うよすま",10.103,-60.671,0,"AI",40.903,-90.652,0,"AI",0,-109.843,0,"AI",-40.803,-90.552,0,0,0,0,0,0,"",0,0,0,0,4347.306,,,,0,0
156,9,1,4,4,1,0,0,1,0,0,8,255,255,81,4361.647,"ke ro",R,26,87,140,-0.415,0.534,0.14,1.668,-0.278,1.72,-36.719,16.428,0,0,73.978,-200,13.279,0,0,0,5,5,R,"_앰프_",170,80,0.4,0,80,W,Y,0,0,0,0,0,0,0,0,0,0,0,0,0,0,0,0,-0.11,-37.963,0,"kneesohime",0.205,-18.699,0,"Sabo_10",-19.965,-43.96,0,"ゆっち一",-9.62,-60.864,0,"encounter v",21.455,-43.665,0,"うよすま",-0.12,-59.714,0,"AI",40.903,-90.652,0,"AI",0,-109.843,0,"AI",-40.803,-90.552,0,0,0,0,0,0,"",0,0,0,0,4362.906,4363.984,,,0,0
157,9,1,4,4,1,1,0,0,1,0,255,8,255,82,4380.177,"ke ro",R,34,62,116,4.364,2.905,0.424,2.026,1.766,3.166,-36.719,69.785,1,0,77.317,-61.022,2.012,0,0,0,5,5,R,"_앰프_",170,80,0.4,0,79,W,Y,0,0,0,0,0,0,0,0,0,0,0,0,0,0,0,0,-0.088,-37.991,0,"kneesohime",2.311,-20.455,0,"Sabo_10",-18.252,-43.149,0,"ゆっち一",-12.698,-61.783,0,"encounter v",20.436,-43.264,0,"うよすま",5.66,-60.968,0,"AI",40.902,-90.652,0,"AI",0,-109.843,0,"AI",-40.802,-90.552,0,0,0,0,0,0,"",0,0,0,0,4381.623,4382.693,,,0,0
158,9,1,4,4,2,1,0,0,1,0,255,8,255,83,4397.32,"ke ro",R,10,72,114,-0.704,-2.211,0.136,1.429,-0.296,0.856,-36.719,22.496,2,0,0,400,-1.731,0,0,1,5,5,R,"_앰프_",170,80,0.4,3,79,W,Y,4398.439,255,73,119,74,40,145,105,-30,-36.774,0.92,0,0.069,19.88,-340.306,-155.77,-0.141,-37.971,0,"kneesohime",-0.073,-17.389,117,"Sabo_10",-17.388,-42.264,97,"ゆっち一",-12.634,-62.187,0,"encounter v",19.261,-43.562,63,"うよすま",5.091,-60.688,0,"AI",40.904,-90.654,0,"AI",0,-109.845,0,"AI",-40.804,-90.554,0,4398.406,-0.101,-19.677,4399.956,4,"encounter v",16.291,-41.657,1,0,4412.397,4408.63,4406.092,4410.883,58,2
159,9,1,5,4,0,0,0,0,0,1,255,255,5,84,4435.997,"ke ro",R,26,79,129,1.183,0.761,0.274,1.827,0.481,1.894,-36.719,33.023,2,0,17.504,-200,1.919,0,0,1,6,2,R,"Pugeuk",190,85.552,0.397,3,79,W,Y,4437.066,8,12,33,33,28,8,47,18.093,38.344,-0.32,1,0.907,139.814,-159.67,-447.709,-0.031,-38.044,0,"kneesohime",0.025,-17.285,0,"Sabo_10",-18.7,-43.616,115,"ゆっち一",-15.358,-63.863,0,"encounter v",16.277,-42.95,86,"うよすま",10.055,-57.923,0,"AI",40.904,-90.654,0,"AI",0,-109.845,0,"AI",-40.804,-90.554,0,4438.956,-13.261,-38.279,4439.139,2,"Sabo_10",-12.389,-37.111,0,0,,,4441.163,,56,1
160,9,1,5,4,0,0,1,0,0,1,255,255,5,85,4463.511,"ke ro",R,10,74,115,-0.161,-1.007,0.184,1.597,-0.075,1.483,-36.719,26.302,4,0,0,400,-1.749,0,0,0,0,1,L,"Kr_Luna",190,95.417,0.5,0,79,W,Y,0,0,0,0,0,0,0,0,0,0,0,0,0,0,0,0,-0.059,-38.193,0,"kneesohime",0.321,-17.909,0,"Sabo_10",-17.914,-44.038,0,"ゆっち一",-12.561,-65.253,0,"encounter v",19.113,-41.379,0,"うよすま",13.325,-61.846,0,"AI",40.9,-90.65,0,"AI",0,-109.84,0,"AI",-40.8,-90.55,0,0,0,0,0,0,"",0,0,0,0,4464.664,,4465.876,,0,0
161,9,1,5,4,0,1,1,0,0,1,255,255,5,86,4476.522,"ke ro",R,3,60,105,1.943,0.07,0.542,1.656,1.646,1.669,-36.719,48.611,1,0,-405.489,0,1.137,0,0,0,0,1,L,"Kr_Luna",190,95.417,0.5,0,79,W,Y,0,0,0,0,0,0,0,0,0,0,0,0,0,0,0,0,-0.167,-37.963,0,"kneesohime",-0.052,-18.382,0,"Sabo_10",-18.652,-43.959,0,"ゆっち一",-13.056,-63.725,0,"encounter v",18.966,-40.809,0,"うよすま",13.278,-61.844,0,"AI",40.9,-90.65,0,"AI",0,-109.84,0,"AI",-40.8,-90.55,0,0,0,0,0,0,"",0,0,0,0,4477.714,,4479.054,,0,0
162,9,1,5,4,1,1,1,0,0,1,255,255,5,87,4490.244,"ke ro",R,3,71,112,-1.415,-0.439,0.235,1.553,0.162,1.343,-36.719,21.571,2,0,-424.164,0,6.177,0,0,0,0,1,L,"Kr_Luna",190,95.417,0.5,0,79,W,Y,4491.066,131,99,120,92,38,140,110,-9.13,-5.314,0.04,0,0.118,139.814,-159.67,-447.709,-0.039,-37.615,0,"kneesohime",0.067,-17.434,0,"Sabo_10",-18.643,-45.431,0,"ゆっち一",-12.713,-65.32,59,"encounter v",16.499,-42.695,0,"うよすま",13.259,-61.832,0,"AI",40.9,-90.65,0,"AI",0,-109.84,0,"AI",-40.8,-90.55,0,4491.031,0.155,-25.007,4494.964,7,"AI",7.269,-97.081,1,0,,,,4496.034,36,2
163,9,1,6,4,0,0,1,1,0,0,1,255,255,88,4513.714,"ke ro",R,10,69,112,0.527,-0.509,0.276,1.765,0.221,1.809,-36.719,36.463,0,0,0,400,-1.157,0,0,1,1,4,R,"인생최패망자",190,80,0.299,0,79,W,Y,0,0,0,0,0,0,0,0,0,0,0,0,0,0,0,0,-0.081,-38.194,0,"kneesohime",-0.622,-18.309,0,"Sabo_10",-19.171,-40.944,0,"ゆっち一",-14.013,-63.293,0,"encounter v",20.999,-43.742,0,"うよすま",8.299,-62.303,0,"AI",40.9,-90.65,0,"AI",0,-109.84,0,"AI",-40.8,-90.55,0,0,0,0,0,0,"",0,0,0,0,4515.047,,,,0,0
164,9,1,6,4,0,1,1,1,0,0,1,255,255,89,4528.059,"ke ro",R,26,84,136,1.042,1.218,0.265,1.899,0.413,2.204,-36.719,36.19,2,0,23.028,-182.05,0.455,0,0,1,1,4,R,"인생최패망자",190,80,0.299,3,79,W,Y,4529.02,250,59,116,80,47,145,90,53.882,-51.604,-0.84,0,0.332,413.002,-240.502,311.99,-0.147,-37.825,0,"kneesohime",0.021,-17.574,0,"Sabo_10",-19.454,-44.351,0,"ゆっち一",-15.109,-63.5,0,"encounter v",19.801,-44.343,0,"うよすま",9.632,-63.353,0,"AI",40.9,-90.65,0,"AI",0,-109.84,0,"AI",-40.8,-90.55,0,4534.397,56.69,-59.53,0,0,"",0,0,0,0,,,,,32,3
165,9,1,6,4,0,2,1,1,0,0,1,255,255,90,4546.701,"ke ro",R,0,66,119,0.264,0.001,0.249,1.686,0.107,1.626,-36.719,39.689,0,0,0,16.944,-1.151,0,0,1,1,4,R,"인생최패망자",190,80,0.299,0,77,W,Y,0,0,0,0,0,0,0,0,0,0,0,0,0,0,0,0,-0.104,-38.203,0,"kneesohime",-0.08,-17.701,0,"Sabo_10",-18.547,-41.172,0,"ゆっち一",-15.331,-63.997,0,"encounter v",20.527,-43.928,0,"うよすま",5.266,-60.874,0,"AI",40.9,-90.65,0,"AI",0,-109.84,0,"AI",-40.8,-90.55,0,0,0,0,0,0,"",0,0,0,0,4547.897,,,,0,0
166,9,1,6,4,0,0,2,1,0,0,1,255,255,91,4570.697,"ke ro",R,26,76,127,1.058,1.38,0.259,1.931,0.411,2.278,-36.719,37.836,2,0,27.577,-200,2.808,0,0,1,2,0,L,"눈꽃",190,90,0.6,3,79,W,Y,4571.704,179,97,115,91,27,145,130,24.591,6.925,0.57,0,0.324,436.428,-394.033,-45.016,-0.127,-37.536,0,"kneesohime",0.002,-17.301,0,"Sabo_10",-18.523,-44.161,0,"ゆっち一",-10.868,-65.061,0,"encounter v",19.946,-44.767,0,"うよすま",14.256,-63.12,0,"AI",40.9,-90.65,0,"AI",0,-109.84,0,"AI",-40.8,-90.55,0,4577.114,-3.645,-141.294,4579.697,7,"AI",-2.223,-136.596,1,0,,4576.219,4581.285,4586.705,32,4
167,9,1,7,4,0,0,2,0,0,0,255,255,255,92,4615.966,"ke ro",R,26,82,133,-1.475,-2.567,0.031,1.29,-0.623,-0.059,-36.719,27.236,1,0,-14.654,-200,22.792,-0.293,-19.393,0,3,3,L,"うるの。",166.2,91.171,0.504,0,79,W,Y,0,0,0,0,0,0,0,0,0,0,0,0,0,0,0,0,-0.134,-38.167,0,"kneesohime",-0.283,-18.064,0,"Sabo_10",-16.837,-42.739,0,"ゆっち一",-11.042,-62.887,0,"encounter v",19.768,-44.296,0,"うよすま",11.425,-60.22,0,"AI",40.903,-90.652,0,"AI",0,-109.843,0,"AI",-40.803,-90.552,0,0,0,0,0,0,"",0,0,0,0,4617.264,,,,0,0
168,9,1,7,4,1,0,2,0,0,0,255,255,255,93,4630.326,"ke ro",R,32,69,121,2.43,0.473,0.389,1.674,0.787,1.68,-36.719,36.391,2,0,155.618,-148.362,5.314,0,0,1,3,3,L,"うるの。",166.2,91.171,0.504,2,79,W,Y,4631.436,255,142,122,66,31,145,39,26.438,-41.374,1,0,0.312,-7.791,-402.148,-410.317,-0.129,-37.996,0,"kneesohime",0.062,-17.48,0,"Sabo_10",-18.327,-44.572,91,"ゆっち一",-11.085,-62.936,0,"encounter v",19.408,-44.015,0,"うよすま",11.506,-60.094,0,"AI",40.904,-90.654,0,"AI",0,-109.845,0,"AI",-40.804,-90.554,0,4633.248,13.11,-33.725,4634.164,4,"encounter v",15.818,-36.293,1,0,,,,,56,2
169,9,1,7,4,0,0,2,1,0,0,3,255,255,94,4676.609,"ke ro",R,26,80,130,-0.267,0.194,0.168,1.612,-0.151,1.526,-36.719,24.359,0,0,20.031,-200,9.737,0,0,0,3,4,R,"아침땅_",179.9,94.936,0.502,0,78,W,Y,0,0,0,0,0,0,0,0,0,0,0,0,0,0,0,0,0.004,-37.979,0,"kneesohime",-0.03,-17.149,0,"Sabo_10",-19.708,-43.158,0,"ゆっち一",-11.121,-58.471,0,"encounter v",18.831,-45.238,0,"うよすま",5.372,-61.463,0,"AI",40.9,-90.65,0,"AI",0,-109.84,0,"AI",-40.8,-90.55,0,0,0,0,0,0,"",0,0,0,0,4677.697,,,,0,0
170,9,1,7,4,0,1,2,1,0,0,3,255,255,95,4691.957,"ke ro",R,26,78,128,1.141,-0.042,0.243,1.652,0.198,1.661,-36.719,29.463,2,0,80.372,-200,5.52,0,0,1,3,4,R,"아침땅_",179.9,94.936,0.502,3,78,W,Y,4692.871,140,67,112,69,28,143,86,22.494,9.056,-0.81,0.095,0.303,132.894,481.663,-230.002,-0.015,-37.904,0,"kneesohime",0.048,-17.272,0,"Sabo_10",-19.077,-45.691,0,"ゆっち一",-11.365,-59.97,0,"encounter v",18.622,-45.261,84,"うよすま",5.806,-61.809,0,"AI",40.9,-90.65,0,"AI",0,-109.84,0,"AI",-40.8,-90.55,0,4697.039,-17.332,-87.778,4699.748,7,"AI",-23.796,-107.223,1,0,,4698.187,4702.823,,40,2
171,9,1,7,4,0,0,2,0,1,1,255,4,3,96,4726.147,"ke ro",R,0,64,118,-0.582,2.136,0.227,2.024,-0.261,2.791,-36.719,41.555,1,0,0,0,6.558,0,0,0,4,5,R,"_앰프_",170,80,0.4,0,78,W,Y,0,0,0,0,0,0,0,0,0,0,0,0,0,0,0,0,-0.074,-38.319,0,"kneesohime",-0.039,-17.465,0,"Sabo_10",-19.323,-40.772,0,"ゆっち一",-15.787,-60.945,0,"encounter v",19.207,-41.423,0,"うよすま",5.297,-60.739,0,"AI",40.9,-90.65,0,"AI",0,-109.84,0,"AI",-40.8,-90.55,0,0,0,0,0,0,"",0,0,0,0,4727.539,4729.199,4728.737,,0,0
172,9,1,7,4,1,0,2,0,1,1,255,4,3,97,4738.404,"ke ro",R,26,77,127,1.786,1.566,0.34,1.894,0.653,2.274,-36.719,41.221,2,0,80.95,-199.281,3.358,0,0,1,4,5,R,"_앰프_",170,80,0.4,3,78,W,Y,4739.459,255,109,75,47,47,139,80,109.494,47.423,-0.81,0,0.255,90.329,-296.614,31.844,-0.031,-37.911,0,"kneesohime",0.157,-17.461,0,"Sabo_10",-19.324,-45.365,0,"ゆっち一",-14.067,-61.003,0,"encounter v",17.137,-43.1,0,"うよすま",4.995,-60.157,0,"AI",40.9,-90.65,0,"AI",0,-109.84,0,"AI",-40.8,-90.55,0,4745.064,26.945,10.245,0,0,"",0,0,0,0,,4742.68,4741.01,,32,3
173,9,1,7,4,1,1,2,0,1,1,255,4,3,98,4755.857,"ke ro",R,13,83,121,-4.936,-2.472,-0.136,1.352,-1.562,0.578,-36.719,17.282,1,0,-390.043,312.836,22.793,0,0,0,4,5,R,"_앰프_",170,80,0.4,0,78,W,Y,0,0,0,0,0,0,0,0,0,0,0,0,0,0,0,0,-0.057,-38.046,0,"kneesohime",-1.411,-17.721,0,"Sabo_10",-18.872,-43.29,0,"ゆっち一",-14.301,-61.302,0,"encounter v",19.636,-41.168,0,"うよすま",4.577,-60.203,0,"AI",40.9,-90.65,0,"AI",0,-109.84,0,"AI",-40.8,-90.55,0,0,0,0,0,0,"",0,0,0,0,4757.156,4758.636,4757.834,,0,0
174,9,1,7,4,2,1,2,0,1,1,255,4,3,99,4772.202,"ke ro",R,10,68,112,0.716,-0.703,0.287,1.714,0.303,1.665,-36.719,38.449,2,0,0,350.286,-3.604,0,0,1,4,5,R,"_앰프_",170,80,0.4,3,78,W,Y,4773.303,255,51,72,71,43,145,84,-10.112,34.351,-0.8,0,0.194,-34.308,442.559,101.533,0.05,-37.95,0,"kneesohime",0.048,-17.518,0,"Sabo_10",-19.267,-45.084,0,"ゆっち一",-14.423,-61.606,0,"encounter v",16.777,-43.063,0,"うよすま",6.004,-61.38,0,"AI",40.9,-90.65,0,"AI",0,-109.84,0,"AI",-40.8,-90.55,0,4773.373,-2.146,-23.202,4774.972,2,"Sabo_10",-16.345,-43.216,0,0,,,,,18,2
175,9,0,7,4,0,0,0,0,0,0,255,255,255,74,4817.925,"눈꽃",R,40,55,97,-1.946,-0.446,0.02,1.677,-0.481,1.155,-36.593,19.544,2,0,-114.033,-129.966,5.962,0,0,1,1,1,R,"kneesohime",190,85,0.498,3,78,W,Y,4819.157,190,140,146,100,50,145,106,23.571,32.666,-0.04,0,0.283,194.349,276.116,123.868,0.071,-37.274,0,"Kr_Luna",0,-17.504,0,"Pugeuk",-20.871,-49.082,0,"うるの。",-13.259,-62.397,0,"아침땅_",22.193,-49.316,0,"_앰프_",12.31,-63.041,0,"AI",40.9,-90.65,0,"AI",0,-109.84,0,"",0,0,0,4823.564,-55.311,-94.343,4832.605,7,"AI",-60.503,-103.063,1,0,,4829.727,4834.88,,34,2
176,9,0,7,4,0,0,0,0,0,0,255,255,255,75,4894.413,"눈꽃",R,39,55,97,1.686,0.898,0.384,2.011,0.408,1.945,-36.593,26.046,2,0,146.11,-199.17,-21.757,0,0,1,1,1,R,"kneesohime",190,85,0.498,3,78,W,Y,4895.629,225,86,83,55,36,145,89,109.727,13.312,-0.87,0,0.219,294.081,84.548,-147.946,0.006,-37.268,0,"Kr_Luna",0.068,-17.353,0,"Pugeuk",-20.896,-49.639,0,"うるの。",-13.051,-62.651,0,"아침땅_",22.962,-49.044,0,"_앰프_",10.687,-60.964,0,"AI",40.9,-90.65,0,"AI",0,-109.84,0,"AI",-40.8,-90.55,0,4901.623,10.591,16.468,0,0,"",0,0,0,0,,,,,2,3
177,9,0,7,4,0,1,0,0,0,0,255,255,255,76,4911.754,"눈꽃",R,45,54,96,1.045,-0.089,0.36,1.763,0.284,1.52,-36.593,20.475,2,0,218.182,-200,20.595,0,0,1,1,1,R,"kneesohime",190,85,0.498,3,66,W,Y,4913.003,167,140,109,72,48,145,94,44.267,-38.989,-0.65,0,0.229,313.434,-108.739,-46.433,0.305,-37.281,0,"Kr_Luna",0.079,-17.355,0,"Pugeuk",-21.97,-48.366,0,"うるの。",-14.058,-61.923,0,"아침땅_",22.956,-48.959,0,"_앰프_",12.667,-60.827,0,"AI",40.9,-90.65,0,"AI",0,-109.84,0,"AI",-40.8,-90.55,0,4918.064,49.284,-76.034,4923.022,0,"눈꽃",2.371,-39.276,0,0,,,,,2,1
178,9,0,7,4,0,0,1,0,0,0,255,255,255,77,4937.26,"눈꽃",R,45,55,97,1.742,-0.085,0.249,1.632,0.275,1.395,-36.593,19.219,1,0,208.16,-129.396,-21.464,0,0,0,2,3,L,"ゆっち一",174.7,84.105,0.397,0,78,W,Y,0,0,0,0,0,0,0,0,0,0,0,0,0,0,0,0,0.226,-37.482,0,"Kr_Luna",-0.005,-17.373,0,"Pugeuk",-18.925,-49.33,0,"うるの。",-12.119,-63.056,0,"아침땅_",23.514,-48.675,0,"_앰프_",15.875,-61.456,0,"AI",40.9,-90.65,0,"AI",0,-109.84,0,"AI",-40.8,-90.55,0,0,0,0,0,0,"",0,0,0,0,4938.439,,,,0,0
179,9,0,7,4,1,0,1,0,0,0,255,255,255,78,4950.76,"눈꽃",R,28,90,140,0.539,-0.673,0.153,1.726,0.161,1.111,-36.593,12.741,0,0,48.978,-95.461,7.398,0,0,1,2,3,L,"ゆっち一",174.7,84.105,0.397,0,78,W,Y,0,0,0,0,0,0,0,0,0,0,0,0,0,0,0,0,-0.387,-37.628,0,"Kr_Luna",0.028,-17.348,0,"Pugeuk",-19.241,-49.36,0,"うるの。",-9.759,-64.661,0,"아침땅_",23.468,-48.596,0,"_앰프_",15.005,-61.606,0,"AI",40.9,-90.65,0,"AI",0,-109.84,0,"AI",-40.8,-90.55,0,0,0,0,0,0,"",0,0,0,0,4951.73,,,,0,0
180,9,0,7,4,1,1,1,0,0,0,255,255,255,79,4963.5,"눈꽃",R,45,59,100,-0.942,-1.284,0.155,1.614,0.01,1.186,-36.593,13.54,2,0,227.273,-149.602,9.673,0,0,1,2,3,L,"ゆっち一",174.7,84.105,0.397,3,78,W,Y,4964.582,255,94,47,75,69,135,80,59.067,36.266,-0.77,0,0.386,216.271,-188.024,-279.306,0.144,-37.142,0,"Kr_Luna",0.06,-17.356,0,"Pugeuk",-19.093,-49.52,0,"うるの。",-8.55,-65.143,88,"아침땅_",23.445,-48.551,0,"_앰프_",15.639,-61.239,0,"AI",40.9,-90.65,0,"AI",0,-109.84,0,"AI",-40.8,-90.55,0,0,0,0,4970.072,2,"Pugeuk",-25.034,-59.151,0,0,,,,,34,1
181,9,0,7,4,0,0,2,0,0,0,255,255,255,80,4986.64,"눈꽃",R,26,63,103,-1.725,0.688,0.005,1.945,-0.527,1.816,-36.593,11.612,2,0,-111.563,-200,6.054,0,0,1,3,4,L,"encounter v",190,82.544,0.529,3,77,W,Y,4987.755,223,144,83,100,56,145,90,93.926,67.488,-0.81,0,0.376,194.26,-61.746,30.792,0.166,-37.387,0,"Kr_Luna",0.066,-17.773,0,"Pugeuk",-19.163,-48.338,0,"うるの。",-12.065,-63.933,0,"아침땅_",23.997,-49.185,0,"_앰프_",16.562,-61.816,0,"AI",40.9,-90.65,0,"AI",0,-109.84,0,"AI",-40.8,-90.55,0,4994.206,16.356,-9.687,0,0,"",0,0,0,0,,,,,2,3
182,9,0,7,4,0,1,2,0,0,0,255,255,255,81,5012.173,"눈꽃",R,27,90,140,-0.151,1.883,0.084,2.145,-0.18,2.652,-36.593,30.502,2,0,81.878,-148.752,11.948,0,0,1,3,4,L,"encounter v",190,82.544,0.529,3,77,W,Y,5013.091,255,122,88,63,0,145,108,29.843,-43.879,0.03,0,0.31,322.901,-343.664,57.698,0.46,-37.247,0,"Kr_Luna",-0.08,-17.696,0,"Pugeuk",-18.529,-49.63,0,"うるの。",-9.34,-65.582,0,"아침땅_",23.773,-49.003,0,"_앰프_",16.758,-61.198,0,"AI",40.9,-90.65,0,"AI",0,-109.84,0,"AI",-40.8,-90.55,0,5018.147,70.472,-81.501,5020.364,6,"AI",73.097,-84.126,0,0,,,,,2,2
183,9,0,7,4,0,2,2,0,0,0,255,255,255,82,5031.76,"눈꽃",R,39,53,96,-0.911,0.046,0.362,2.081,0.464,1.954,-36.593,24.2,2,0,-76.583,-185.263,-0.093,0,0,1,3,4,L,"encounter v",190,82.544,0.529,3,77,W,Y,5032.845,255,123,103,86,62,145,103,45.278,-36.338,-0.2,0,0.432,464.163,-302.01,-223.065,0.061,-37.289,0,"Kr_Luna",0.378,-17.511,0,"Pugeuk",-17.833,-49.394,0,"うるの。",-7.077,-65.501,0,"아침땅_",23.994,-49.148,0,"_앰프_",14.626,-61.95,0,"AI",40.9,-90.65,0,"AI",0,-109.84,0,"AI",-40.8,-90.55,0,5038.306,56.486,-80.986,0,0,"",0,0,0,0,,,,,4,1
