id,inn,half,scoreA,scoreB,ball,strk,out,b1,b2,b3,b1Idx,b2Idx,b3Idx,pCnt,pSec,pName,pHand,pType,pPow,spdK,zoneX,zoneY,startX,startY,targetX,targetY,zDist,pitchAngle,pOver,pSide,pUnder,call,balk,sH,sV,gyro,plx,plz,bSwing,bIdx,bPos,bZone,bName,bHCm,batLen,batCen,batType,bFps,bOS,bVR,hSec,rotS,rotL,shS,lgS,prepS,batSpd,ev,ldeg,sdeg,hPos,buntGrip,handDist,angVeloX,angVeloY,angVeloZ,PPosX,PPosY,PThrSpd,CName,CPosX,CPosY,CThrSpd,1BName,1BPosX,1BPosY,1BThrSpd,2BName,2BPosX,2BPosY,2BThrSpd,3BName,3BPosX,3BPosY,3BThrSpd,SSName,SSPosX,SSPosY,SSThrSpd,LFName,LFPosX,LFPosY,LFThrSpd,CFName,CFPosX,CFPosY,CFThrSpd,RFName,RFPosX,RFPosY,RFThrSpd,ltSec,lx,lz,cSec,cPos,cPlr,cx,cz,1BSafe,tag,cpSec,sb2Sec,sb3Sec,sbhSec,ass,result
1,1,1,0,0,0,0,0,0,0,0,255,255,255,0,231.283,"Floră",R,33,89,140,-1.424,0.589,0.13,1.629,-0.79,1.918,-36.341,19.619,0,100,0,0,0,145.66,-62.579,3.398,0,0,0,0,1,L,"Sabo_10",185.3,89.575,0.449,0,69,W,Y,0,0,0,0,0,0,0,0,0,0,0,0,0,0,0,0,0.15,-37.484,0,"Gonyong",-0.028,-17.02,0,"하루（Haru）",-18.918,-45.091,0,"須磨-suma-",-9.36,-66.985,0,"Pring__",21.423,-46.755,0,"CoalCat",14.49,-61.875,0,"AI",40.9,-90.65,0,"ddil_ddil69",4.549,-113.824,0,"소솨소솨",-44.156,-95.586,0,0,0,0,0,0,"",0,0,0,0,232.367,,,,0,0
2,1,1,0,0,0,1,0,0,0,0,255,255,255,1,243.424,"Floră",R,33,86,139,-0.165,-0.608,0.244,1.609,-0.258,1.185,-36.341,29.018,11,89,0,2,0,134.405,-54.026,-1.102,0,0,1,0,1,L,"Sabo_10",185.3,89.575,0.449,3,69,W,Y,244.173,239,104,118,110,47,145,129,106.838,60.583,0.4,0,0.694,104.486,-521.702,-277.326,0.127,-37.062,0,"Gonyong",-0.056,-17.062,0,"하루（Haru）",-18.881,-45.03,0,"須磨-suma-",-9.382,-66.925,0,"Pring__",21.464,-46.728,0,"CoalCat",14.487,-61.752,0,"AI",40.9,-90.65,0,"ddil_ddil69",7.978,-114.133,0,"소솨소솨",-36.939,-89.247,0,0,0,0,0,0,"",0,0,0,0,,,,,128,3
3,1,1,0,0,0,2,0,0,0,0,255,255,255,2,258.842,"Floră",R,33,91,140,-2.105,0.225,0.066,1.558,-1.088,1.679,-36.341,11.945,19,81,0,1,0,128.291,-82.054,1.775,0,0,0,0,1,L,"Sabo_10",185.3,89.575,0.449,0,69,W,Y,0,0,0,0,0,0,0,0,0,0,0,0,0,0,0,0,-0.123,-37.487,0,"Gonyong",-0.087,-17.023,0,"하루（Haru）",-18.894,-45.419,0,"須磨-suma-",-9.518,-66.679,0,"Pring__",22.811,-48.923,0,"CoalCat",14.46,-61.771,0,"AI",40.9,-90.65,0,"ddil_ddil69",9.36,-112.532,0,"소솨소솨",-37.761,-88.949,0,0,0,0,0,0,"",0,0,0,0,259.917,,,,0,0
4,1,1,0,0,1,2,0,0,0,0,255,255,255,3,270.463,"Floră",R,13,74,113,-0.615,-1.4,0.378,1.605,0.365,1.172,-36.341,40.272,0,100,0,2,0,-371.861,334.245,1.188,0,0,1,0,1,L,"Sabo_10",185.3,89.575,0.449,3,69,W,Y,271.522,255,99,146,129,90,145,114,-14.029,-18.443,0.9,0,0.61,382.915,436.446,151.297,0.307,-37.221,0,"Gonyong",-0.049,-17.077,0,"하루（Haru）",-18.78,-45.57,80,"須磨-suma-",-9.632,-66.592,0,"Pring__",22.849,-48.954,0,"CoalCat",14.454,-61.672,103,"AI",40.9,-90.65,0,"ddil_ddil69",9.332,-112.54,0,"소솨소솨",-38.454,-88.617,0,271.558,0.674,-23.682,273.358,5,"CoalCat",11.228,-57.227,0,0,,,,,193,2
5,1,1,0,0,0,0,1,0,0,0,255,255,255,4,296.477,"Floră",R,3,55,89,2.192,-0.791,0.723,1.516,1.57,1.19,-36.341,34.564,0,92,8,1,0,-328.221,0,13.7,0,0,0,1,5,R,"_앰프_",170.2,80,0.4,0,69,W,Y,0,0,0,0,0,0,0,0,0,0,0,0,0,0,0,0,0.163,-37.489,0,"Gonyong",-0.016,-17.042,0,"하루（Haru）",-19.964,-45.22,0,"須磨-suma-",-12.373,-65.587,0,"Pring__",22.403,-48.769,0,"CoalCat",13.472,-62.417,0,"AI",40.9,-90.65,0,"ddil_ddil69",-2.66,-115.861,0,"소솨소솨",-44.273,-91.239,0,0,0,0,0,0,"",0,0,0,0,298.217,,,,0,0
6,1,1,0,0,1,0,1,0,0,0,255,255,255,5,310.43,"Floră",R,3,67,98,1.273,-0.544,0.635,1.611,1.35,1.318,-36.341,18.242,0,100,0,0,0,-391.346,0,15.842,0,0,0,1,5,R,"_앰프_",170.2,80,0.4,0,69,W,Y,0,0,0,0,0,0,0,0,0,0,0,0,0,0,0,0,-0.021,-37.437,0,"Gonyong",-0.04,-17.043,0,"하루（Haru）",-19.872,-45.441,0,"須磨-suma-",-11.99,-65.684,0,"Pring__",22.398,-48.825,0,"CoalCat",13.448,-62.346,0,"AI",40.9,-90.65,0,"ddil_ddil69",-3.018,-111.464,0,"소솨소솨",-45.973,-93.288,0,0,0,0,0,0,"",0,0,0,0,312.008,,,,0,0
7,1,1,0,0,1,1,1,0,0,0,255,255,255,6,323.908,"Floră",R,0,57,99,1.081,-1.348,0.495,1.482,0.471,0.865,-36.341,49.527,0,100,0,2,0,-7.457,0,0.435,0,0,1,1,5,R,"_앰프_",170.2,80,0.4,3,69,W,Y,325.106,255,217,78,86,87,145,126,-30,44.008,0.61,0,0.475,188.41,-264.232,-504.662,0.099,-37.272,0,"Gonyong",-0.071,-17.085,0,"하루（Haru）",-19.899,-45.209,75,"須磨-suma-",-11.407,-65.88,0,"Pring__",22.437,-48.789,0,"CoalCat",13.435,-62.28,0,"AI",40.9,-90.65,0,"ddil_ddil69",-3.101,-111.719,0,"소솨소솨",-45.112,-91.766,0,325.108,-0.579,-21.463,326.717,2,"하루（Haru）",-19.632,-41.235,0,0,,,,,192,2
8,1,1,0,0,0,0,2,0,0,0,255,255,255,7,347.697,"Floră",R,33,90,140,-1.695,0.163,0.109,1.555,-0.887,1.672,-36.341,13.659,0,100,0,1,0,128.164,-45.397,3.961,0,0,0,2,8,L,"눈꽃",185,85,0.6,0,67,W,Y,0,0,0,0,0,0,0,0,0,0,0,0,0,0,0,0,-0.205,-37.534,0,"Gonyong",-0.029,-17.028,0,"하루（Haru）",-18.926,-45.88,0,"須磨-suma-",-10.422,-66.699,0,"Pring__",22.835,-48.773,0,"CoalCat",13.591,-62.22,0,"AI",40.9,-90.65,0,"ddil_ddil69",6.381,-111.926,0,"소솨소솨",-45.165,-92.998,0,0,0,0,0,0,"",0,0,0,0,349.008,,,,0,0
9,1,1,0,0,1,0,2,0,0,0,255,255,255,8,361.366,"Floră",R,32,91,140,-2.611,-0.975,0.012,1.542,-1.341,0.963,-36.341,6.661,0,100,0,1,0,153.381,-51.799,6.709,0,0,0,2,8,L,"눈꽃",185,85,0.6,0,67,W,Y,0,0,0,0,0,0,0,0,0,0,0,0,0,0,0,0,-0.076,-37.481,0,"Gonyong",-0.069,-17.003,0,"하루（Haru）",-19.35,-44.875,0,"須磨-suma-",-10.263,-66.667,0,"Pring__",22.783,-48.713,0,"CoalCat",13.57,-62.246,0,"AI",40.9,-90.65,0,"ddil_ddil69",6.521,-111.821,0,"소솨소솨",-44.268,-91.321,0,0,0,0,0,0,"",0,0,0,0,362.608,,,,0,0
10,1,1,0,0,2,0,2,0,0,0,255,255,255,9,376.829,"Floră",R,33,88,140,-0.844,0.035,0.181,1.528,-0.556,1.58,-36.341,17.912,0,100,0,2,0,138.385,-61.724,0.21,0,0,1,2,8,L,"눈꽃",185,85,0.6,3,67,W,Y,377.705,255,142,66,116,56,141,115,23.796,-39.561,0.16,0,0.56,412.062,429.785,-74.096,0.077,-37.201,0,"Gonyong",-0.077,-17.114,0,"하루（Haru）",-19.469,-46.089,0,"須磨-suma-",-10.248,-66.715,0,"Pring__",22.798,-48.736,0,"CoalCat",13.674,-62.096,0,"AI",40.9,-90.65,0,"ddil_ddil69",6.518,-111.188,0,"소솨소솨",-42.383,-95.752,0,382.8,60.832,-108.154,383.983,6,"AI",57.018,-108.192,1,0,,387.731,,,128,2
11,1,1,0,0,0,0,2,0,1,0,255,8,255,10,407.437,"Floră",R,13,80,117,-1.967,-0.999,0.129,1.635,-0.329,1.28,-36.341,18.842,0,100,0,1,0,-389.754,313.197,21.736,0,0,0,3,2,L,"encounter v",190,82.544,0.499,0,67,W,Y,0,0,0,0,0,0,0,0,0,0,0,0,0,0,0,0,0.022,-37.525,0,"Gonyong",-0.052,-17.038,0,"하루（Haru）",-19.428,-46.412,0,"須磨-suma-",-3.152,-62.794,0,"Pring__",20.152,-43.335,0,"CoalCat",14.424,-60.87,0,"AI",40.9,-90.65,0,"ddil_ddil69",8.302,-115.658,0,"소솨소솨",-39.457,-93.609,0,0,0,0,0,0,"",0,0,0,0,408.858,410.1,,,0,0
12,1,1,0,0,1,0,2,0,1,0,255,8,255,11,422.338,"Floră",R,32,91,140,-2.3,-0.352,0.031,1.457,-1.249,1.352,-36.341,8.196,0,100,0,1,0,186.434,-49.91,11.945,0,0,0,3,2,L,"encounter v",190,82.544,0.499,0,67,W,Y,0,0,0,0,0,0,0,0,0,0,0,0,0,0,0,0,0,-37.428,0,"Gonyong",-0.06,-17.041,0,"하루（Haru）",-18.853,-46.176,0,"須磨-suma-",-4.932,-66.295,0,"Pring__",20.882,-43.034,0,"CoalCat",14.439,-60.813,0,"AI",40.9,-90.65,0,"ddil_ddil69",8.114,-115.581,0,"소솨소솨",-38.979,-93.943,0,0,0,0,0,0,"",0,0,0,0,423.692,425.479,,,0,0
13,1,1,0,0,2,0,2,0,1,0,255,8,255,12,435.911,"Floră",R,3,65,96,0.308,-0.697,0.586,1.539,0.962,1.197,-36.341,29.763,0,93,7,0,0,-395.374,0,9.033,0,0,1,3,2,L,"encounter v",190,82.544,0.499,0,67,W,Y,0,0,0,0,0,0,0,0,0,0,0,0,0,0,0,0,0.229,-37.436,0,"Gonyong",-0.038,-17.025,0,"하루（Haru）",-19.44,-45.677,0,"須磨-suma-",-7.922,-67.036,0,"Pring__",21.076,-45.246,0,"CoalCat",14.435,-60.829,0,"AI",40.9,-90.65,0,"ddil_ddil69",8.196,-115.164,0,"소솨소솨",-39.769,-93.525,0,0,0,0,0,0,"",0,0,0,0,437.5,438.719,,,0,0
14,1,1,0,0,2,1,2,0,1,0,255,8,255,13,447.818,"Floră",R,32,89,140,-0.3,0.474,0.193,1.614,-0.38,1.86,-36.341,10.255,0,100,0,2,0,184.888,-60.534,8.607,0,0,1,3,2,L,"encounter v",190,82.544,0.499,3,67,W,Y,448.819,248,80,108,73,37,145,130,25.34,-36.673,0.3,0,0.283,318.24,-468.419,-198.259,0.061,-37.183,0,"Gonyong",-0.103,-17.096,0,"하루（Haru）",-18.578,-45.87,0,"須磨-suma-",-10.035,-66.492,0,"Pring__",21.479,-47.002,0,"CoalCat",14.554,-60.749,0,"AI",40.9,-90.65,0,"ddil_ddil69",8.232,-115.852,0,"소솨소솨",-39.825,-93.511,0,453.567,79.286,-102.57,0,0,"",0,0,0,0,,459.727,453.008,458.215,128,4
15,1,1,2,0,0,0,2,0,0,0,255,255,255,14,484.391,"Floră",R,3,76,114,0.915,-0.99,0.521,1.636,1.026,1.263,-36.341,31.304,0,100,0,0,0,-445.164,227.661,9.066,0,0,0,4,3,L,"ゆっち一",179.5,84.105,0.397,0,66,W,Y,0,0,0,0,0,0,0,0,0,0,0,0,0,0,0,0,0.015,-37.207,0,"Gonyong",-0.022,-17.162,0,"하루（Haru）",-18.913,-45.317,0,"須磨-suma-",-12.46,-65.029,0,"Pring__",21.652,-47.586,0,"CoalCat",13.725,-62.142,0,"AI",40.9,-90.65,0,"ddil_ddil69",9.459,-110.339,0,"소솨소솨",-39.62,-98.505,0,0,0,0,0,0,"",0,0,0,0,485.675,,,,0,0
16,1,1,2,0,0,1,2,0,0,0,255,255,255,15,500.192,"Floră",R,33,90,140,-0.264,0.142,0.135,1.552,-0.305,1.662,-36.341,8.662,0,100,0,0,0,140.987,-34.552,4.028,0,0,0,4,3,L,"ゆっち一",179.5,84.105,0.397,0,66,W,Y,0,0,0,0,0,0,0,0,0,0,0,0,0,0,0,0,0.136,-37.296,0,"Gonyong",-0.028,-17.17,0,"하루（Haru）",-18.623,-45.858,0,"須磨-suma-",-11.714,-65.383,0,"Pring__",21.681,-47.548,0,"CoalCat",13.794,-62.085,0,"AI",40.9,-90.65,0,"ddil_ddil69",9.67,-110.327,0,"소솨소솨",-42.089,-96.332,0,0,0,0,0,0,"",0,0,0,0,501.358,,,,0,0
17,1,1,2,0,0,2,2,0,0,0,255,255,255,16,513.031,"Floră",R,33,79,129,2.481,-0.454,0.387,1.649,0.869,1.309,-36.341,40.525,0,100,0,4,0,137.833,-18.918,1.292,0,0,1,4,3,L,"ゆっち一",179.5,84.105,0.397,0,66,W,Y,0,0,0,0,0,0,0,0,0,0,0,0,0,0,0,0,0.243,-37.321,0,"Gonyong",-0.014,-17.157,0,"하루（Haru）",-18.166,-45.08,0,"須磨-suma-",-10.352,-66.452,0,"Pring__",21.714,-47.572,0,"CoalCat",13.739,-62.164,0,"AI",40.9,-90.65,0,"ddil_ddil69",9.577,-110.319,0,"소솨소솨",-42.343,-96.672,0,0,0,0,0,0,"",0,0,0,0,514.225,,,,0,0
18,1,0,2,0,0,0,0,0,0,0,255,255,255,0,621.574,"Rite_",R,32,79,129,-0.917,0.885,0.312,1.722,-0.657,1.966,-36.441,31.458,20,80,0,0,0,167.979,-122.567,0,-0.546,-18.718,0,0,5,R,"CoalCat",170.2,80,0.405,0,66,W,Y,0,0,0,0,0,0,0,0,0,0,0,0,0,0,0,0,-0.003,-37.815,0,"Sabo_10",-0.026,-17.808,0,"encounter v",-19.14,-43.685,0,"ゆっち一",-17.118,-62.228,0,"_해낮_",19.771,-50.81,0,"_앰프_",10.806,-65.776,0,"Kr_Luna",33.051,-96.361,0,"AI",0,-109.84,0,"눈꽃",-42.897,-98.632,0,0,0,0,0,0,"",0,0,0,0,625.042,,,,0,0
19,1,0,2,0,0,1,0,0,0,0,255,255,255,1,636.989,"Rite_",R,13,82,123,-3.664,-1.354,0.085,1.486,-1.225,1.24,-36.441,12.374,37,63,0,1,0,-237.188,328.443,0,0,0,0,0,5,R,"CoalCat",170.2,80,0.405,0,66,W,Y,0,0,0,0,0,0,0,0,0,0,0,0,0,0,0,0,0.48,-37.861,0,"Sabo_10",-0.174,-17.997,0,"encounter v",-19.172,-43.682,0,"ゆっち一",-17.193,-62.168,0,"_해낮_",20.39,-50.975,0,"_앰프_",10.717,-65.703,0,"Kr_Luna",33.152,-96.311,0,"AI",0,-109.84,0,"눈꽃",-41.221,-97.247,0,0,0,0,0,0,"",0,0,0,0,638.317,,,,0,0
20,1,0,2,0,1,1,0,0,0,0,255,255,255,2,650.894,"Rite_",R,3,70,113,-0.127,1.174,0.562,1.832,0.55,2.265,-36.441,38.642,28,72,0,2,0,-355.874,0,0,0,0,1,0,5,R,"CoalCat",170.2,80,0.405,3,66,W,Y,652.047,255,84,59,89,65,137,92,-22.443,11.486,-0.14,0,0.363,-62.602,-585.463,-115.385,0.155,-37.258,0,"Sabo_10",0.007,-17.945,0,"encounter v",-19.082,-43.663,106,"ゆっち一",-16.402,-62.342,101,"_해낮_",20.081,-50.976,0,"_앰프_",10.79,-65.539,0,"Kr_Luna",32.142,-96.371,0,"AI",0,-109.84,0,"눈꽃",-41.148,-97.235,0,652.108,-0.599,-22.95,654.517,3,"ゆっち一",-7.541,-61.743,0,0,,,,,152,2
21,1,0,2,0,0,0,1,0,0,0,255,255,255,3,678.381,"Rite_",R,32,83,135,-2.209,-0.49,0.263,1.54,-1.191,1.204,-36.441,16.155,39,61,0,1,0,182.843,-109.223,0,-2.698,-18.903,0,1,1,R,"Gonyong",190,85.335,0.2,0,48,W,Y,0,0,0,0,0,0,0,0,0,0,0,0,0,0,0,0,0.192,-38.085,0,"Sabo_10",-0.195,-18.035,0,"encounter v",-18.696,-43.186,0,"ゆっち一",-16.474,-62.678,0,"_해낮_",20.59,-49.647,0,"_앰프_",10.859,-65.588,0,"Kr_Luna",29.974,-86.365,0,"AI",0,-109.84,0,"눈꽃",-43.268,-103.163,0,0,0,0,0,0,"",0,0,0,0,682.192,,,,0,0
22,1,0,2,0,0,1,1,0,0,0,255,255,255,4,696.508,"Rite_",R,32,77,128,1.885,1.701,0.541,1.868,0.547,2.558,-36.441,46.945,83,17,0,1,0,173.205,-125.036,0,0,0,0,1,1,R,"Gonyong",190,85.335,0.2,0,66,W,Y,0,0,0,0,0,0,0,0,0,0,0,0,0,0,0,0,0.402,-38.315,0,"Sabo_10",0.069,-17.558,0,"encounter v",-18.719,-43.218,0,"ゆっち一",-16.458,-62.688,0,"_해낮_",20.57,-49.669,0,"_앰프_",10.951,-65.579,0,"Kr_Luna",29.984,-86.366,0,"AI",0,-109.84,0,"눈꽃",-43.272,-103.17,0,0,0,0,0,0,"",0,0,0,0,697.967,,,,0,0
23,1,0,2,0,1,1,1,0,0,0,255,255,255,5,714.133,"Rite_",R,32,81,132,1.67,0.889,0.527,1.749,0.469,2.054,-36.441,41.648,11,89,0,1,0,169.298,-123.138,0,0,0,0,1,1,R,"Gonyong",190,85.335,0.2,0,66,W,Y,0,0,0,0,0,0,0,0,0,0,0,0,0,0,0,0,0.161,-38.14,0,"Sabo_10",0.019,-17.61,0,"encounter v",-18.656,-43.181,0,"ゆっち一",-16.458,-62.687,0,"_해낮_",20.594,-49.628,0,"_앰프_",10.925,-65.622,0,"Kr_Luna",29.997,-86.377,0,"AI",0,-109.84,0,"눈꽃",-43.275,-103.173,0,0,0,0,0,0,"",0,0,0,0,715.383,,,,0,2
24,1,0,2,0,2,1,1,0,0,0,255,255,255,6,733.046,"Rite_",R,32,80,130,1.429,0.334,0.514,1.645,0.372,1.713,-36.441,34.461,34,66,0,2,0,160.412,-114.479,0,0,0,0,1,1,R,"Gonyong",190,85.335,0.2,3,66,W,Y,734.149,176,132,107,25,21,145,97,7.612,26.524,-0.49,0.095,0.388,117.01,581.083,-93.01,0.309,-37.826,0,"Sabo_10",0.024,-17.883,0,"encounter v",-18.556,-43.172,0,"ゆっち一",-16.512,-62.58,87,"_해낮_",20.628,-49.627,0,"_앰프_",10.862,-65.372,0,"Kr_Luna",32.195,-86.12,0,"AI",0,-109.84,0,"눈꽃",-43.238,-103.129,0,736.042,-22.355,-58.371,736.117,3,"ゆっち一",-20.074,-54.927,0,0,,,,,144,1
25,1,0,2,0,0,0,2,0,0,0,255,255,255,7,758.713,"Rite_",R,32,88,140,-1.464,0.145,0.273,1.6,-0.902,1.55,-36.441,18.451,10,90,0,0,0,221.792,-168.687,0,0,0,0,2,8,R,"소솨소솨",184.5,80,0.405,0,66,W,Y,0,0,0,0,0,0,0,0,0,0,0,0,0,0,0,0,0.428,-37.941,0,"Sabo_10",-0.048,-17.736,0,"encounter v",-18.855,-43.223,0,"ゆっち一",-15.894,-62.805,0,"_해낮_",20.062,-51.093,0,"_앰프_",9.284,-65.278,0,"Kr_Luna",35.946,-103.716,0,"AI",0,-109.84,0,"눈꽃",-42.76,-101.346,0,0,0,0,0,0,"",0,0,0,0,759.983,,,,0,0
26,1,0,2,0,0,1,2,0,0,0,255,255,255,8,778.215,"Rite_",R,32,80,130,2.761,1.116,0.591,1.799,0.784,2.275,-36.441,44.08,39,61,0,2,0,155.639,-124.108,0,0,0,1,2,8,R,"소솨소솨",184.5,80,0.405,3,66,W,Y,779.228,208,51,101,49,34,145,88,21.521,20.68,-0.83,0,0.452,540.805,232.805,-115.465,0.201,-37.774,0,"Sabo_10",0.045,-17.659,0,"encounter v",-18.717,-43.171,0,"ゆっち一",-15.821,-62.703,0,"_해낮_",20.077,-51.087,0,"_앰프_",9.54,-66.009,0,"Kr_Luna",35.828,-103.688,0,"AI",0,-109.84,0,"눈꽃",-42.75,-101.334,87,783.892,-30.132,-90.358,784.158,8,"눈꽃",-29.482,-89.005,0,0,,,785.957,,132,1
27,2,1,2,0,0,0,0,0,0,0,255,255,255,17,822.383,"Floră",R,3,60,92,-0.131,-0.328,0.503,1.734,0.574,1.617,-36.341,40.225,0,100,0,2,0,-342.841,142.238,12.386,0,0,0,5,6,L,"Kr_Luna",190,95.297,0.498,3,66,W,Y,823.383,103,117,107,79,54,136,118,-30,21.304,0.79,0,0.08,505.892,-302.469,-112.189,0.13,-37.187,0,"Gonyong",-0.058,-17.302,0,"하루（Haru）",-18.812,-45.906,83,"須磨-suma-",-13.3,-69.582,95,"Pring__",20.847,-46.082,0,"CoalCat",15.156,-62.036,0,"AI",40.9,-90.65,0,"ddil_ddil69",8.332,-116.801,0,"소솨소솨",-41.469,-96.595,0,823.317,-0.585,-21.778,825.483,3,"須磨-suma-",-16.296,-62.347,0,0,,,,,208,2
28,2,1,2,0,0,0,1,0,0,0,255,255,255,18,845.39,"Floră",R,0,50,93,0.201,-0.044,0.465,1.694,0.073,1.607,-36.341,35.828,0,100,0,2,0,0,0,0.851,0,0,0,6,4,R,"_해낮_",190,92,0.5,3,67,W,Y,846.539,195,86,91,73,41,145,121,112.183,-59.088,0.21,0,0.151,401.499,442.997,50.519,0.069,-37.567,0,"Gonyong",-0.014,-17.372,0,"하루（Haru）",-20.238,-45.628,0,"須磨-suma-",-13.424,-65.018,0,"Pring__",21.422,-47.469,0,"CoalCat",10.819,-64.438,0,"AI",40.904,-90.654,0,"ddil_ddil69",-3.247,-116.748,0,"소솨소솨",-42.96,-93.151,0,0,0,0,0,0,"",0,0,0,0,,,,,128,3
29,2,1,2,0,0,1,1,0,0,0,255,255,255,19,863.268,"Floră",R,3,74,101,-0.315,-0.154,0.441,1.497,0.748,1.539,-36.341,12.705,0,68,32,2,0,-448.88,0,14.687,0,0,0,6,4,R,"_해낮_",190,92,0.5,3,67,W,Y,864.331,199,63,129,123,66,145,90,40.789,28.759,-0.83,0,0.215,339.269,493.815,32.294,0.205,-37.493,0,"Gonyong",-0.054,-17.316,0,"하루（Haru）",-20.228,-45.624,0,"須磨-suma-",-13.317,-65.306,0,"Pring__",21.309,-47.401,0,"CoalCat",11.688,-64.79,0,"AI",40.904,-90.654,0,"ddil_ddil69",-3.974,-116.283,0,"소솨소솨",-45.077,-95.483,0,0,0,0,869.608,8,"소솨소솨",-40.022,-75.748,0,0,,,,,148,1
30,2,1,2,0,0,0,2,0,0,0,255,255,255,20,895.929,"Floră",R,4,52,90,2.4,-0.36,0.678,1.637,1.482,1.41,-36.341,29.298,0,100,0,1,0,-200.844,0,3.107,0,0,0,7,0,R,"Rite_",190,80,0.453,0,67,W,Y,0,0,0,0,0,0,0,0,0,0,0,0,0,0,0,0,0.187,-37.186,0,"Gonyong",0.36,-17.23,0,"하루（Haru）",-19.759,-45.745,0,"須磨-suma-",-14.574,-64.516,0,"Pring__",20.911,-47.166,0,"CoalCat",10.247,-64.577,0,"AI",40.902,-90.652,0,"ddil_ddil69",-9.324,-113.672,0,"소솨소솨",-46.328,-94.814,0,0,0,0,0,0,"",0,0,0,0,897.633,,,,0,0
31,2,1,2,0,1,0,2,0,0,0,255,255,255,21,910.5,"Floră",R,3,67,97,1.35,-0.336,0.655,1.642,1.411,1.421,-36.341,22.352,0,100,0,2,0,-399.339,0,15.16,0,0,1,7,0,R,"Rite_",190,80,0.453,3,67,W,Y,911.692,255,106,124,110,91,145,130,-6.406,-16.204,0.33,0,0.323,-494.748,195.527,-277.477,0.187,-37.105,0,"Gonyong",0.099,-17.428,0,"하루（Haru）",-19.907,-45.412,0,"須磨-suma-",-14.58,-64.625,0,"Pring__",20.921,-47.157,0,"CoalCat",10.873,-64.319,0,"AI",40.905,-90.654,0,"ddil_ddil69",-9.469,-113.662,0,"소솨소솨",-46.441,-93.915,0,911.808,2.172,-27.232,913.333,5,"CoalCat",11.825,-60.524,0,0,,,,,209,2
32,2,0,2,0,0,0,0,0,0,0,255,255,255,9,946.076,"Rite_",R,32,80,130,1.371,0.195,0.524,1.633,0.357,1.65,-36.441,36.103,0,100,0,2,0,178.32,-88.194,0,0,0,1,3,4,L,"Pring__",190,92.818,0.485,3,67,W,Y,946.964,217,136,120,121,73,145,130,30.17,-16.319,0.57,0,0.706,572.319,-176.949,-33.763,0.25,-37.886,0,"Sabo_10",0.028,-17.716,0,"encounter v",-19.222,-43.977,0,"ゆっち一",-11.539,-71.164,0,"_해낮_",20.551,-48.017,0,"_앰프_",12.045,-62.296,0,"Kr_Luna",46.254,-98.717,0,"AI",0,-109.84,0,"눈꽃",-36.356,-105.098,0,953.142,40.689,-135.673,0,0,"",0,0,0,0,,957.655,962.697,,128,4
33,2,0,2,1,0,0,0,0,0,0,255,255,255,10,987.733,"Rite_",R,32,89,140,0.602,0.906,0.412,1.671,-0.018,1.995,-36.441,31.998,0,98,2,0,0,232.193,-79.459,0,0,0,0,4,3,L,"須磨-suma-",160,80,0.344,0,50,W,Y,0,0,0,0,0,0,0,0,0,0,0,0,0,0,0,0,-0.153,-37.3,0,"Sabo_10",0.019,-17.756,0,"encounter v",-18.631,-43.138,0,"ゆっち一",-10.274,-64.799,0,"_해낮_",20.55,-48.583,0,"_앰프_",13.882,-64.661,0,"Kr_Luna",43.431,-101.835,0,"AI",0,-109.84,0,"눈꽃",-33.374,-97.724,0,0,0,0,0,0,"",0,0,0,0,989.017,,,,0,0
34,2,0,2,1,0,1,0,0,0,0,255,255,255,11,1004.937,"Rite_",R,32,83,134,-2.777,1.07,0.146,1.724,-1.507,1.998,-36.441,22.251,38,62,0,2,0,206.943,-152.184,0,0,0,1,4,3,L,"須磨-suma-",160,80,0.344,3,50,W,Y,1005.969,255,50,108,68,28,145,78,-8.771,36.136,-0.89,0,0.302,231,547.395,-83.652,-0.184,-37.376,0,"Sabo_10",0.016,-17.737,0,"encounter v",-18.562,-43.155,89,"ゆっち一",-12.016,-64.564,0,"_해낮_",20.678,-48.715,0,"_앰프_",13.628,-64.662,0,"Kr_Luna",44.362,-99.535,0,"AI",0,-109.84,0,"눈꽃",-33.393,-97.708,0,1006.283,-4.668,-25.219,1007.758,2,"encounter v",-17.663,-40.267,0,0,,,,,136,2
35,2,0,2,1,0,0,1,0,0,0,255,255,255,12,1030.389,"Rite_",R,32,84,136,-0.089,0.638,0.417,1.723,-0.26,1.881,-36.441,35.684,39,61,0,0,0,175.165,-91.731,0,0,0,0,5,7,R,"ddil_ddil69",175,90.368,0.352,0,67,W,Y,0,0,0,0,0,0,0,0,0,0,0,0,0,0,0,0,0.075,-37.865,0,"Sabo_10",0.006,-17.752,0,"encounter v",-19.653,-43.792,0,"ゆっち一",-15.236,-63.601,0,"_해낮_",19.831,-49.862,0,"_앰프_",10.742,-64.888,0,"Kr_Luna",29.787,-91.712,0,"AI",0,-109.84,0,"눈꽃",-39.569,-95.903,0,0,0,0,0,0,"",0,0,0,0,1031.875,,,,0,0
36,2,0,2,1,0,1,1,0,0,0,255,255,255,13,1046.485,"Rite_",R,3,86,129,-4.192,-0.111,0.067,1.568,-1.309,1.537,-36.441,9.453,22,78,0,1,0,-351.587,0,0,0,0,0,5,7,R,"ddil_ddil69",175,90.368,0.352,0,38,W,Y,0,0,0,0,0,0,0,0,0,0,0,0,0,0,0,0,0.097,-37.899,0,"Sabo_10",-0.149,-17.838,0,"encounter v",-19.713,-43.872,0,"ゆっち一",-15.239,-63.58,0,"_해낮_",19.818,-49.852,0,"_앰프_",11.441,-64.172,0,"Kr_Luna",29.783,-91.649,0,"AI",0,-109.84,0,"눈꽃",-38.667,-97.619,0,0,0,0,0,0,"",0,0,0,0,1047.95,,,,0,0
37,2,0,2,1,1,1,1,0,0,0,255,255,255,14,1061.089,"Rite_",R,4,71,106,1.234,0.977,0.756,1.847,0.885,2.179,-36.441,39.793,8,92,0,2,0,-194.865,0,0,0,0,1,5,7,R,"ddil_ddil69",175,90.368,0.352,3,38,W,Y,1062.369,207,74,98,68,38,145,84,-75.471,-74.56,-0.86,0,0.387,501.893,-294.667,145.859,0.295,-37.909,0,"Sabo_10",0.066,-17.895,0,"encounter v",-19.623,-43.801,0,"ゆっち一",-14.704,-63.662,0,"_해낮_",19.89,-49.747,0,"_앰프_",10.783,-64.058,0,"Kr_Luna",30.031,-91.433,0,"AI",0,-109.84,0,"눈꽃",-38.707,-97.621,0,1062.483,1.272,-20.167,0,0,"",0,0,0,0,,,,,128,3
38,2,0,2,1,1,2,1,0,0,0,255,255,255,15,1084.418,"Rite_",R,32,79,129,1.058,0.529,0.505,1.703,0.293,1.883,-36.441,45.238,24,76,0,2,0,165.281,-87.111,0,0,0,1,5,7,R,"ddil_ddil69",175,90.368,0.352,3,38,W,Y,1085.59,142,61,85,50,26,140,82,59.229,-55.105,-0.84,0,0.313,111.426,-508.086,299.054,0.26,-37.644,0,"Sabo_10",0.031,-17.811,0,"encounter v",-19.422,-44.011,0,"ゆっち一",-13.726,-63.606,0,"_해낮_",19.895,-48.971,0,"_앰프_",11.537,-64.06,0,"Kr_Luna",28.827,-91.246,0,"AI",0,-109.84,0,"눈꽃",-38.843,-96.958,0,1090.908,51.538,-48.018,0,0,"",0,0,0,0,,,,,128,3
39,2,0,2,1,1,2,1,0,0,0,255,255,255,16,1108.353,"Rite_",R,3,84,124,-5.76,-2.732,0.093,1.375,-1.901,0.332,-36.441,21.693,41,59,0,1,0,-388.009,240.663,0,0,0,0,5,7,R,"ddil_ddil69",175,90.368,0.352,0,38,W,Y,0,0,0,0,0,0,0,0,0,0,0,0,0,0,0,0,-0.281,-37.937,0,"Sabo_10",-0.319,-18.171,0,"encounter v",-19.334,-44.017,0,"ゆっち一",-13.724,-63.314,0,"_해낮_",20.17,-47.757,0,"_앰프_",11.704,-63.748,0,"Kr_Luna",32.526,-90.798,0,"AI",0,-109.84,0,"눈꽃",-37.891,-96.837,0,0,0,0,0,0,"",0,0,0,0,1109.85,,,,0,0
40,2,0,2,1,2,2,1,0,0,0,255,255,255,17,1125.701,"Rite_",R,13,80,117,-4.215,-1.299,0.189,1.561,-1.151,1.205,-36.441,18.546,26,74,0,4,0,-411.423,275.562,0,0,0,1,5,7,R,"ddil_ddil69",175,90.368,0.352,0,38,W,Y,0,0,0,0,0,0,0,0,0,0,0,0,0,0,0,0,0.192,-37.74,0,"Sabo_10",-0.186,-18.071,0,"encounter v",-19.343,-43.919,0,"ゆっち一",-14.191,-63.735,0,"_해낮_",20.093,-47.839,0,"_앰프_",11.701,-63.774,0,"Kr_Luna",38.353,-93.596,0,"AI",0,-109.84,0,"눈꽃",-37.867,-96.848,0,0,0,0,0,0,"",0,0,0,0,1127.258,,,,0,0
41,2,0,2,1,0,0,2,0,0,0,255,255,255,18,1149.7,"Rite_",R,32,78,129,0.285,1.463,0.379,1.83,-0.108,2.413,-36.441,48.956,72,28,0,1,0,173.954,-121.435,0,0,0,0,6,2,L,"하루（Haru）",190,90,0.397,0,66,W,Y,0,0,0,0,0,0,0,0,0,0,0,0,0,0,0,0,0.257,-38.101,0,"Sabo_10",-0.017,-17.77,0,"encounter v",-19.991,-45.04,0,"ゆっち一",-14.42,-63.86,0,"_해낮_",19.965,-48.007,0,"_앰프_",14.995,-62.701,0,"Kr_Luna",40.963,-92.666,0,"AI",0,-109.84,0,"눈꽃",-37.956,-96.974,0,0,0,0,0,0,"",0,0,0,0,1151.3,,,,0,0
42,2,0,2,1,1,0,2,0,0,0,255,255,255,19,1165.715,"Rite_",R,32,80,131,1.009,0.906,0.488,1.755,0.186,2.078,-36.441,35.719,31,69,0,0,0,164.831,-107.665,0,0,0,1,6,2,L,"하루（Haru）",190,90,0.397,0,66,W,Y,0,0,0,0,0,0,0,0,0,0,0,0,0,0,0,0,0.141,-37.863,0,"Sabo_10",0.038,-17.741,0,"encounter v",-19.95,-45.003,0,"ゆっち一",-12.247,-64.613,0,"_해낮_",19.971,-47.985,0,"_앰프_",14.973,-62.743,0,"Kr_Luna",44.516,-93.541,0,"AI",0,-109.84,0,"눈꽃",-34.864,-101.838,0,0,0,0,0,0,"",0,0,0,0,1167.133,,,,0,0
43,2,0,2,1,1,1,2,0,0,0,255,255,255,20,1184.564,"Rite_",R,13,84,122,-2.748,-0.657,0.216,1.574,-0.614,1.566,-36.441,13.339,23,77,0,2,0,-371.606,334.528,0,0,0,1,6,2,L,"하루（Haru）",190,90,0.397,3,66,W,Y,1185.728,161,138,173,137,90,145,105,19.835,37.721,0.93,0.048,0.237,552.436,134.751,191.46,0.196,-37.033,0,"Sabo_10",-0.197,-17.944,0,"encounter v",-19.902,-44.981,0,"ゆっち一",-11.845,-65.366,0,"_해낮_",19.966,-47.983,0,"_앰프_",14.248,-62.46,55,"Kr_Luna",43.516,-93.841,0,"AI",0,-109.84,0,"눈꽃",-34.874,-101.855,105,1189.85,-55.448,-85.521,1193.367,8,"눈꽃",-65.645,-98.746,1,0,,1195.865,,,134,2
44,2,0,2,1,0,0,2,0,1,0,255,12,255,21,1219.281,"Rite_",R,32,87,140,0.765,0.687,0.462,1.702,0.09,1.963,-36.441,32.252,12,88,0,2,0,199.411,-92.522,0,0,0,1,7,6,R,"인생최패망자",190,80,0.403,3,66,W,Y,1220.336,255,150,111,82,29,145,91,44.169,1.435,-0.79,0,0.387,226.114,-549.677,82.024,0.038,-37.231,0,"Sabo_10",-0.001,-17.766,0,"encounter v",-18.379,-42.694,0,"ゆっち一",-13.179,-64.625,0,"_해낮_",19.154,-48.381,0,"_앰프_",8.593,-61.903,0,"Kr_Luna",41.449,-106.111,0,"AI",0,-109.84,0,"눈꽃",-41.682,-93.677,0,1225.783,6.774,-85.961,1226.433,7,"AI",7.226,-87.844,1,0,,,1225.063,1230.238,128,2
45,2,0,2,2,0,0,2,1,0,0,16,255,255,22,1251.359,"Rite_",R,32,91,140,-0.873,0.703,0.293,1.678,-0.613,1.949,-36.441,23.393,39,61,0,0,0,194.469,-121.932,0,0,0,0,8,0,R,"Floră",190,85,0.403,0,65,W,Y,0,0,0,0,0,0,0,0,0,0,0,0,0,0,0,0,-2.044,-37.072,0,"Sabo_10",-0.351,-18.63,0,"encounter v",-17.825,-40.996,0,"ゆっち一",-14.02,-61.583,0,"_해낮_",19.57,-48.252,0,"_앰프_",-0.055,-59.019,0,"Kr_Luna",29.097,-94.126,0,"AI",0,-109.84,0,"눈꽃",-44.172,-97.25,0,0,0,0,0,0,"",0,0,0,128,1252.517,1254.731,,,0,0
46,3,1,2,2,0,0,0,0,0,0,255,255,255,22,1295.653,"Floră",R,4,66,101,0.835,-0.705,0.507,1.569,0.768,1.195,-36.341,46.702,0,100,0,0,0,-209.832,0,5.264,0,0,1,0,1,L,"Sabo_10",185.3,89.575,0.449,0,65,W,Y,0,0,0,0,0,0,0,0,0,0,0,0,0,0,0,0,0.037,-37.245,0,"Gonyong",0.014,-16.984,0,"하루（Haru）",-20.182,-46.015,0,"須磨-suma-",-14.472,-67.516,0,"Pring__",22.019,-48.672,0,"CoalCat",15.412,-61.618,0,"인생최패망자",47.54,-95.188,0,"ddil_ddil69",7.268,-112.127,0,"소솨소솨",-40.417,-98.034,0,0,0,0,0,0,"",0,0,0,0,1297.067,,,,0,0
47,3,1,2,2,0,1,0,0,0,0,255,255,255,23,1310.709,"Floră",R,10,65,97,0.064,-1.854,0.309,1.504,0.028,1.108,-36.341,37.07,0,100,0,2,0,-4.237,400,8.987,0,0,1,0,1,L,"Sabo_10",185.3,89.575,0.449,3,65,W,Y,1311.676,205,98,97,116,52,145,102,-3.527,-56.321,0.95,0,0.604,271.431,-478.832,-238.842,0.027,-37.209,0,"Gonyong",-0.01,-17.033,0,"하루（Haru）",-19.95,-45.948,0,"須磨-suma-",-14.304,-67.499,0,"Pring__",21.918,-48.551,0,"CoalCat",15.016,-61.844,0,"인생최패망자",47.647,-95.279,0,"ddil_ddil69",4.828,-112.413,0,"소솨소솨",-38.132,-95.122,0,1311.775,4.885,-23.906,0,0,"",0,0,0,0,,,,,256,3
48,3,1,2,2,0,2,0,0,0,0,255,255,255,24,1327.029,"Floră",R,32,92,140,2.222,0.013,0.458,1.53,0.734,1.587,-36.341,11.262,0,100,0,1,0,167.074,-37.416,-0.575,0,0,0,0,1,L,"Sabo_10",185.3,89.575,0.449,0,65,W,Y,0,0,0,0,0,0,0,0,0,0,0,0,0,0,0,0,0.312,-37.563,0,"Gonyong",0.433,-16.998,0,"하루（Haru）",-19.378,-44.382,0,"須磨-suma-",-14.582,-67.42,0,"Pring__",25.09,-48.127,0,"CoalCat",15.24,-62.506,0,"인생최패망자",49.444,-96.212,0,"ddil_ddil69",4.279,-110.398,0,"소솨소솨",-42.402,-95.441,0,0,0,0,0,0,"",0,0,0,0,1328.083,,,,0,0
49,3,1,2,2,1,2,0,0,0,0,255,255,255,25,1342.2,"Floră",R,3,81,121,-1.5,-0.205,0.306,1.499,0.027,1.484,-36.341,14.602,0,100,0,2,0,-435.903,0,8.642,0,0,1,0,1,L,"Sabo_10",185.3,89.575,0.449,3,65,W,Y,1343.099,161,64,112,69,26,145,129,35.775,-43.258,0.53,0,0.462,9.356,-559.619,216.191,0.143,-36.953,0,"Gonyong",-0.331,-17.011,0,"하루（Haru）",-18.961,-44.968,0,"須磨-suma-",-14.464,-67.499,0,"Pring__",22.441,-48.73,0,"CoalCat",15.234,-62.407,0,"인생최패망자",49.819,-96.322,0,"ddil_ddil69",4.486,-106.843,0,"소솨소솨",-42.571,-96.635,0,1348.367,89.476,-93.084,0,0,"",0,0,0,0,,,,,256,3
50,3,1,2,2,1,2,0,0,0,0,255,255,255,26,1360.213,"Floră",R,33,71,123,-0.534,-0.458,0.216,1.641,-0.389,1.291,-36.341,13.644,0,100,0,2,0,102.694,-25.801,3.868,0,0,1,0,1,L,"Sabo_10",185.3,89.575,0.449,3,65,W,Y,1361.067,144,109,137,57,32,145,93,-15.256,-37.444,-0.59,0,0.527,-104.955,-576.879,127.26,0.124,-36.937,0,"Gonyong",-0.326,-17.066,0,"하루（Haru）",-19.236,-45.09,76,"須磨-suma-",-14.28,-67.486,0,"Pring__",23.231,-48.244,120,"CoalCat",15.279,-62.396,0,"인생최패망자",56.06,-98.123,0,"ddil_ddil69",5.751,-109.548,0,"소솨소솨",-42.825,-93.286,0,1361.083,1.963,-22.769,1362.883,4,"Pring__",18.833,-44.612,0,0,,,,,328,2
51,3,1,2,2,0,0,1,0,0,0,255,255,255,27,1386.188,"Floră",R,3,64,96,0.261,-0.162,0.484,1.7,0.88,1.533,-36.341,4.658,0,96,4,2,0,-346.861,0,28.971,0,0,1,1,5,R,"_앰프_",170.2,80,0.4,3,65,W,Y,1387.376,255,79,104,64,37,145,97,25.087,14.558,0.94,0,0.258,374.145,259.989,390.411,0.182,-37.203,0,"Gonyong",-0.052,-17.125,0,"하루（Haru）",-19.559,-44.18,81,"須磨-suma-",-12.708,-65.287,0,"Pring__",22.966,-49.406,0,"CoalCat",12.998,-63.331,0,"인생최패망자",41.653,-87.211,0,"ddil_ddil69",-4.251,-114.009,0,"소솨소솨",-46.01,-92.959,108,1392.275,-27.561,-101.604,1392.725,8,"소솨소솨",-27.624,-101.773,1,0,,,,,324,2
52,3,1,2,2,0,0,1,1,0,0,5,255,255,28,1419.308,"Floră",R,33,86,139,-0.953,0.041,0.184,1.632,-0.074,1.702,-36.341,14.392,0,100,0,2,0,130.706,-23.665,0.398,0,0,1,2,8,L,"눈꽃",185,85,0.6,3,65,W,Y,1420.209,255,78,101,77,19,145,93,23.591,-23.942,-0.6,0,0.242,315.409,-506.45,-63.451,0.012,-36.83,120,"Gonyong",0.841,-19.245,0,"하루（Haru）",-17.742,-43.511,75,"須磨-suma-",-5.017,-64.145,0,"Pring__",22.025,-47.497,0,"CoalCat",14.804,-61.576,0,"인생최패망자",54.067,-98.196,130,"ddil_ddil69",4.649,-113.946,0,"소솨소솨",-41.316,-94.548,0,1424.775,40.788,-88.716,1425.167,6,"인생최패망자",40.355,-88.125,0,0,,,,,448,1
53,3,1,2,2,0,0,2,1,0,0,5,255,255,29,1467.475,"Floră",R,33,83,135,1.069,-0.505,0.256,1.631,0.261,1.27,-36.341,28.574,0,100,0,0,0,142.937,-20.123,0.816,0,0,1,3,2,L,"encounter v",190,82.544,0.499,0,65,W,Y,0,0,0,0,0,0,0,0,0,0,0,0,0,0,0,0,0.008,-37.201,0,"Gonyong",-0.192,-17.122,0,"하루（Haru）",-19.257,-41.755,0,"須磨-suma-",-8.094,-66.747,0,"Pring__",24.272,-50.384,0,"CoalCat",13.121,-62.768,0,"인생최패망자",54.766,-97.453,0,"ddil_ddil69",5.136,-112.235,0,"소솨소솨",-42.134,-91.939,0,0,0,0,0,0,"",0,0,0,0,1468.767,,,,0,0
54,3,1,2,2,0,1,2,1,0,0,5,255,255,30,1486.203,"Floră",R,33,83,134,0.286,-0.78,0.187,1.561,-0.06,1.042,-36.341,28.797,36,64,0,2,0,129.025,-84.267,-0.331,0,0,1,3,2,L,"encounter v",190,82.544,0.499,3,65,W,Y,1487.23,249,190,116,95,63,145,121,0.266,13.502,0.79,0,0.439,-442.645,-315.772,253.679,-0.03,-36.958,0,"Gonyong",-0.278,-17.3,0,"하루（Haru）",-18.002,-43.38,0,"須磨-suma-",-8.046,-67.067,0,"Pring__",24.227,-50.323,0,"CoalCat",14.454,-62.911,0,"인생최패망자",54.672,-96.708,0,"ddil_ddil69",5.519,-112.158,0,"소솨소솨",-42.881,-89.641,0,1487.7,-3.75,-36.855,1488.958,3,"須磨-suma-",-10.18,-62.609,0,0,,1491.604,,,208,2
55,3,0,2,2,0,0,0,0,0,0,255,255,255,23,1539.172,"Rite_",R,32,86,140,-1.01,0.199,0.278,1.609,-0.782,1.567,-36.441,25.495,12,88,0,2,0,250,-200,0,0,0,1,8,0,R,"Floră",190,85,0.403,3,65,W,Y,1540.19,177,121,145,73,0,145,118,100.352,-53.292,0.18,0,0.608,446.397,386.414,-106.836,0.246,-37.556,0,"Sabo_10",-0.104,-18.128,0,"encounter v",-18.563,-43.507,0,"ゆっち一",-14.788,-63.596,0,"_해낮_",20.126,-49.672,0,"_앰프_",11.194,-62.041,0,"Kr_Luna",26.185,-92.046,0,"AI",0,-109.84,0,"눈꽃",-43.728,-98.405,0,0,0,0,0,0,"",0,0,0,0,,,,,128,3
56,3,0,2,2,0,1,0,0,0,0,255,255,255,24,1558.085,"Rite_",R,5,64,103,0.385,0.615,0.584,1.872,0.33,2.007,-36.441,43.235,45,55,0,2,0,-91.296,0,0,0,0,1,8,0,R,"Floră",190,85,0.403,3,65,W,Y,1559.345,182,125,148,116,75,145,124,109.857,-38.879,0.73,0,0.584,428.163,404.712,-113.512,0.139,-37.642,0,"Sabo_10",0.015,-18.067,0,"encounter v",-18.582,-43.537,0,"ゆっち一",-15.291,-63.823,0,"_해낮_",20.021,-49.867,0,"_앰프_",9.162,-62.546,0,"Kr_Luna",27.928,-94.513,0,"AI",0,-109.84,0,"눈꽃",-45.398,-98.6,0,0,0,0,0,0,"",0,0,0,0,,,,,128,3
57,3,0,2,2,0,2,0,0,0,0,255,255,255,25,1577.055,"Rite_",R,13,81,119,-3.604,-1.105,0.229,1.599,-0.973,1.304,-36.441,28.179,38,62,0,1,0,-367.807,338.7,0,0,0,0,8,0,R,"Floră",190,85,0.403,0,65,W,Y,0,0,0,0,0,0,0,0,0,0,0,0,0,0,0,0,0,-37.066,0,"Sabo_10",-0.395,-18,0,"encounter v",-18.664,-43.583,0,"ゆっち一",-14.895,-63.948,0,"_해낮_",19.843,-49.629,0,"_앰프_",8.586,-62.224,0,"Kr_Luna",28.067,-95.764,0,"AI",0,-109.84,0,"눈꽃",-45.318,-98.033,0,0,0,0,0,0,"",0,0,0,0,1578.342,,,,0,0
58,3,0,2,2,1,2,0,0,0,0,255,255,255,26,1592.137,"Rite_",R,32,86,139,-1.591,-0.009,0.267,1.604,-0.924,1.514,-36.441,25.42,35,65,0,4,0,165.176,-105.089,0,0,0,1,8,0,R,"Floră",190,85,0.403,0,65,W,Y,0,0,0,0,0,0,0,0,0,0,0,0,0,0,0,0,0.275,-37.97,0,"Sabo_10",-0.218,-18.106,0,"encounter v",-18.657,-43.57,0,"ゆっち一",-14.899,-63.921,0,"_해낮_",19.382,-47.621,0,"_앰프_",6.61,-61.893,0,"Kr_Luna",28.026,-95.722,0,"AI",0,-109.84,0,"눈꽃",-45.338,-98.039,0,0,0,0,0,0,"",0,0,0,0,1593.4,,,,0,0
59,3,0,2,2,0,0,1,0,0,0,255,255,255,27,1614.939,"Rite_",R,32,80,130,0.367,1.079,0.412,1.736,-0.152,2.116,-36.441,37.991,30,70,0,0,0,204.982,-85.312,0,0,0,0,0,5,R,"CoalCat",170.2,80,0.405,0,65,W,Y,0,0,0,0,0,0,0,0,0,0,0,0,0,0,0,0,0.123,-38.01,0,"Sabo_10",-0.024,-18.014,0,"encounter v",-18.689,-43.561,0,"ゆっち一",-14.675,-63.705,0,"_해낮_",19.061,-48.101,0,"_앰프_",9.723,-62.803,0,"Kr_Luna",30.492,-97.102,0,"AI",0,-109.84,0,"눈꽃",-40.305,-93.972,0,0,0,0,0,0,"",0,0,0,0,1616.117,,,,0,0
60,3,0,2,2,0,1,1,0,0,0,255,255,255,28,1628.922,"Rite_",R,3,86,128,-6.958,-0.478,0.301,1.679,-0.628,1.86,-36.441,26.629,0,100,0,2,0,-419.518,10.307,0,0,0,1,0,5,R,"CoalCat",170.2,80,0.405,3,65,W,Y,1629.921,255,112,80,78,23,145,126,-15.529,36.461,0.65,0,0.429,-270.017,512.679,-155.729,0.004,-37.671,0,"Sabo_10",-0.119,-17.985,0,"encounter v",-18.537,-43.486,110,"ゆっち一",-15.059,-63.453,0,"_해낮_",19.531,-48.682,0,"_앰프_",9.625,-63.599,0,"Kr_Luna",29.559,-97.516,0,"AI",0,-109.84,0,"눈꽃",-40.329,-93.959,0,1629.958,-3.123,-22.956,1631.133,2,"encounter v",-17.724,-42.392,0,0,,,,,136,2
61,3,0,2,2,0,0,2,0,0,0,255,255,255,29,1657.109,"Rite_",R,33,81,131,3.24,0.633,0.654,1.741,1.19,1.941,-36.441,46.416,42,58,0,1,0,139.974,-68.461,0,0,0,0,1,1,R,"Gonyong",190,85.335,0.2,0,65,W,Y,0,0,0,0,0,0,0,0,0,0,0,0,0,0,0,0,0.356,-38.254,0,"Sabo_10",0.233,-18.015,0,"encounter v",-19.647,-44.498,0,"ゆっち一",-16.31,-63.394,0,"_해낮_",19.624,-48.659,0,"_앰프_",9.31,-61.142,0,"Kr_Luna",34.738,-93.413,0,"AI",0,-109.84,0,"눈꽃",-45.18,-98.606,0,0,0,0,0,0,"",0,0,0,0,1658.325,,,,0,0
62,3,0,2,2,1,0,2,0,0,0,255,255,255,30,1671.58,"Rite_",R,26,90,140,-2.256,-1.039,0.242,1.442,-1.244,0.787,-36.441,21.905,38,62,0,1,0,189.426,-200,0,-0.384,-18.915,0,1,1,R,"Gonyong",190,85.335,0.2,0,65,W,Y,0,0,0,0,0,0,0,0,0,0,0,0,0,0,0,0,0.183,-37.95,0,"Sabo_10",-0.212,-18.282,0,"encounter v",-19.621,-44.579,0,"ゆっち一",-16.16,-64.117,0,"_해낮_",19.591,-48.622,0,"_앰프_",9.759,-61.106,0,"Kr_Luna",34.759,-93.414,0,"AI",0,-109.84,0,"눈꽃",-45.365,-98.475,0,0,0,0,0,0,"",0,0,0,0,1674.542,,,,0,0
63,3,0,2,2,2,0,2,0,0,0,255,255,255,31,1686.607,"Rite_",R,32,83,135,-0.846,-0.454,0.361,1.581,-0.626,1.188,-36.441,28.373,40,60,0,2,0,175.974,-151.683,0,0,0,1,1,1,R,"Gonyong",190,85.335,0.2,3,44,W,Y,1687.581,210,78,98,91,25,145,130,-0.611,35.443,0.68,0.143,0.321,-78.078,588.958,-83.858,0.044,-37.636,0,"Sabo_10",-0.075,-18.039,0,"encounter v",-19.601,-44.349,103,"ゆっち一",-15.494,-63.448,0,"_해낮_",20.051,-49.57,0,"_앰프_",9.21,-61.197,0,"Kr_Luna",34.754,-93.425,0,"AI",0,-109.84,0,"눈꽃",-45.416,-98.396,0,1688.042,-10.963,-33.736,1688.808,2,"encounter v",-18.386,-43.694,0,0,,,,,396,2
64,4,1,2,2,0,0,0,0,0,0,255,255,255,31,1729.493,"Floră",R,3,69,98,-0.771,0.706,0.371,1.723,0.53,2.049,-36.341,35,0,100,0,2,0,-420.925,0,17.311,0,0,1,4,3,L,"ゆっち一",179.5,84.105,0.397,3,65,W,Y,1730.516,245,167,112,77,80,145,91,62.644,-6.815,-0.6,0,0.396,488.32,3.142,-348.616,0.198,-37.057,0,"Gonyong",-0.148,-17.39,0,"하루（Haru）",-19.4,-45.54,0,"須磨-suma-",-10.343,-66.375,0,"Pring__",20.508,-46.605,0,"CoalCat",14.351,-62.367,85,"인생최패망자",55.916,-99.136,0,"ddil_ddil69",3.908,-114.015,0,"소솨소솨",-36.325,-94.185,0,1736.808,9.019,-62.959,1737.033,5,"CoalCat",8.902,-61.992,0,0,,,,,257,1
65,4,1,2,2,0,0,1,0,0,0,255,255,255,32,1757.449,"Floră",R,3,77,103,-1.474,0.563,0.374,1.703,0.228,1.984,-36.341,28.902,0,100,0,1,0,-468.182,0,54.804,0,0,0,5,6,L,"Kr_Luna",190,95.297,0.498,0,65,W,Y,0,0,0,0,0,0,0,0,0,0,0,0,0,0,0,0,0.125,-37.363,0,"Gonyong",-0.074,-17.327,0,"하루（Haru）",-18.795,-45.274,0,"須磨-suma-",-9.255,-66.967,0,"Pring__",20.565,-46.432,0,"CoalCat",13.715,-61.643,0,"인생최패망자",53.897,-99.117,0,"ddil_ddil69",5.681,-112.225,0,"소솨소솨",-34.286,-91.566,0,0,0,0,0,0,"",0,0,0,0,1758.742,,,,0,0
66,4,1,2,2,1,0,1,0,0,0,255,255,255,33,1772.761,"Floră",R,3,85,124,-0.047,-0.322,0.358,1.474,0.735,1.408,-36.341,26.769,0,100,0,2,0,-500,0,5.413,0,0,0,5,6,L,"Kr_Luna",190,95.297,0.498,3,65,W,Y,1773.57,138,130,146,154,55,143,130,-30,-22.089,0.56,0,0.102,-366.128,389.241,272.84,0.162,-36.856,0,"Gonyong",-0.103,-17.376,0,"하루（Haru）",-18.793,-45.284,85,"須磨-suma-",-9.264,-66.949,0,"Pring__",23.014,-49.205,0,"CoalCat",13.826,-61.554,103,"인생최패망자",53.897,-99.116,0,"ddil_ddil69",5.586,-112.22,0,"소솨소솨",-35.383,-91.074,0,1773.442,0.562,-21.727,1775.308,5,"CoalCat",15.308,-58.192,0,0,,,,,321,2
67,4,1,2,2,0,0,2,0,0,0,255,255,255,34,1798.945,"Floră",R,32,88,140,2.036,-0.131,0.344,1.522,0.672,1.524,-36.341,17.329,0,100,0,1,0,155.485,-8.731,-2.49,0,0,0,6,4,R,"_해낮_",190,92,0.5,0,66,W,Y,0,0,0,0,0,0,0,0,0,0,0,0,0,0,0,0,-0.126,-37.402,0,"Gonyong",0.046,-17.476,0,"하루（Haru）",-20.026,-44.743,0,"須磨-suma-",-14.461,-64.411,0,"Pring__",21.433,-46.925,0,"CoalCat",9.906,-64.933,0,"인생최패망자",42.403,-105.915,0,"ddil_ddil69",-3.414,-112.1,0,"소솨소솨",-42.722,-97.796,0,0,0,0,0,0,"",0,0,0,0,1800.183,,,,0,0
68,4,1,2,2,1,0,2,0,0,0,255,255,255,35,1813.957,"Floră",R,3,61,93,0.83,0.201,0.715,1.589,1.162,1.768,-36.341,21.579,0,78,22,2,0,-362.125,0,24.161,0,0,1,6,4,R,"_해낮_",190,92,0.5,3,66,W,Y,1815.104,210,125,87,53,34,145,130,-7.262,16.641,0.47,0,0.41,-247.584,546.533,2.124,0.107,-37.362,0,"Gonyong",0.055,-17.305,0,"하루（Haru）",-20.041,-44.958,0,"須磨-suma-",-14.411,-64.442,90,"Pring__",21.341,-46.869,0,"CoalCat",9.97,-64.895,0,"인생최패망자",42.404,-105.913,0,"ddil_ddil69",-3.525,-112.052,0,"소솨소솨",-42.74,-97.757,0,1815.25,-2.036,-27.318,1816.658,3,"須磨-suma-",-11.978,-59.057,0,0,,,,,208,2
69,4,0,2,2,0,0,0,0,0,0,255,255,255,32,1858.463,"Rite_",R,32,89,140,1.244,-0.244,0.401,1.523,0.246,1.392,-36.441,23.122,0,100,0,2,0,213.158,-78.818,0,0,0,1,2,8,R,"소솨소솨",184.5,80,0.405,3,67,W,Y,1859.481,255,161,76,16,46,135,82,-25.735,-32.35,-0.84,0,0.445,-199.059,-553.449,118.619,0.02,-37.24,0,"Sabo_10",0.036,-18.043,0,"encounter v",-18.736,-43.244,120,"ゆっち一",-16.26,-65.715,0,"_해낮_",19.681,-49.806,105,"_앰프_",9.267,-63.932,0,"Kr_Luna",36.903,-86.526,0,"AI",0,-109.84,0,"눈꽃",-45.985,-99.944,0,1859.525,1.238,-20.901,1861.467,4,"_해낮_",17.011,-45.822,0,0,,,,,200,2
70,4,0,2,2,0,0,1,0,0,0,255,255,255,33,1882.686,"Rite_",R,33,79,129,1.038,1.689,0.488,1.87,0.22,2.575,-36.441,44.197,78,22,0,2,0,147.316,-100.049,0,0,0,1,3,4,L,"Pring__",190,92.818,0.485,3,67,W,Y,1883.624,255,110,77,111,62,145,129,25.805,10.055,0.27,0,0.439,494.217,-340.218,1.265,0.164,-37.729,0,"Sabo_10",0.101,-17.997,0,"encounter v",-20.057,-44.19,0,"ゆっち一",-10.906,-65.833,0,"_해낮_",21.976,-52.273,0,"_앰프_",12.34,-62.405,0,"Kr_Luna",38.965,-87.773,0,"AI",0,-109.84,0,"눈꽃",-37.931,-104.938,0,1889.475,-12.088,-142.361,0,0,"",0,0,0,0,,1894.222,1899.544,,128,4
71,4,0,2,3,0,0,1,0,0,0,255,255,255,34,1925.501,"Rite_",R,32,82,133,-1.178,1.395,0.295,1.764,-0.755,2.2,-36.441,28.387,24,76,0,4,0,163.267,-121.932,0,0,0,1,4,3,L,"須磨-suma-",160,80,0.344,0,47,W,Y,0,0,0,0,0,0,0,0,0,0,0,0,0,0,0,0,0.127,-37.872,0,"Sabo_10",-0.085,-17.996,0,"encounter v",-20.243,-44.3,0,"ゆっち一",-10.791,-65.67,0,"_해낮_",18.557,-47.038,0,"_앰프_",13.426,-63.364,0,"Kr_Luna",38.085,-88.726,0,"AI",0,-109.84,0,"눈꽃",-37.72,-95.761,0,0,0,0,0,0,"",0,0,0,0,1926.775,,,,0,0
72,4,0,2,3,0,1,1,0,0,0,255,255,255,35,1950.221,"Rite_",R,32,90,140,-0.494,-0.132,0.235,1.535,-0.524,1.399,-36.441,15.789,0,100,0,2,0,225.77,-127.875,0,0,0,1,4,3,L,"須磨-suma-",160,80,0.344,3,47,W,Y,1951.239,255,25,50,49,20,136,80,9.919,23.434,-0.55,0,0.31,159.891,-543.701,197.04,-0.106,-37.19,0,"Sabo_10",-0.127,-18.022,0,"encounter v",-20.318,-44.066,0,"ゆっち一",-12.531,-62.375,85,"_해낮_",15.561,-45.014,0,"_앰프_",12.606,-63.55,0,"Kr_Luna",38.112,-88.723,0,"AI",0,-109.84,0,"눈꽃",-37.961,-94.031,0,1953.033,-12.221,-52.778,1953.45,3,"ゆっち一",-12.848,-54.458,0,16,,,,,152,2
73,4,0,2,3,0,0,2,0,0,0,255,255,255,36,1975.089,"Rite_",R,13,76,114,-3.954,-1.011,0.225,1.669,-1.139,1.508,-36.441,28.762,38,62,0,4,0,-339.085,367.452,0,0,0,1,5,7,R,"ddil_ddil69",175,90.368,0.352,0,67,W,Y,0,0,0,0,0,0,0,0,0,0,0,0,0,0,0,0,-0.176,-38.736,0,"Sabo_10",-0.297,-18.138,0,"encounter v",-18.779,-43.486,0,"ゆっち一",-13.953,-63.884,0,"_해낮_",19.804,-50.41,0,"_앰프_",10.665,-63.711,0,"Kr_Luna",32.325,-92.894,0,"AI",0,-109.84,0,"눈꽃",-41.885,-96.099,0,0,0,0,0,0,"",0,0,0,0,1976.567,,,,0,0
74,4,0,2,3,0,1,2,0,0,0,255,255,255,37,1991.315,"Rite_",R,26,85,137,-0.731,0.374,0.376,1.718,-0.576,1.641,-36.441,21.437,44,56,0,2,0,179.164,-184.201,0,0,0,0,5,7,R,"ddil_ddil69",175,90.368,0.352,3,67,W,Y,1992.419,114,86,56,55,27,135,115,33.318,-0.667,0.74,0,0.257,40.587,539.242,-259.944,0.191,-37.824,0,"Sabo_10",-0.07,-18.195,0,"encounter v",-18.607,-43.429,0,"ゆっち一",-14.245,-63.607,0,"_해낮_",19.81,-50.395,0,"_앰프_",10.358,-63.985,0,"Kr_Luna",29.53,-94.005,0,"AI",0,-109.84,0,"눈꽃",-41.899,-96.089,0,1997.8,-10.663,-116.378,0,0,"",0,0,0,0,,,,,256,1
75,5,1,2,3,0,0,0,0,0,0,255,255,255,36,2039.712,"Floră",R,3,67,98,2.274,-0.436,0.82,1.561,1.751,1.36,-36.341,25.689,0,85,15,2,0,-377.105,0,14.485,0,0,1,7,0,R,"Rite_",190,80,0.453,3,67,W,Y,2040.804,255,161,143,110,78,145,125,14.672,1.459,0.72,0,0.339,-337.29,484.909,-105.352,0.457,-37.176,0,"Gonyong",0.148,-17.095,0,"하루（Haru）",-19.471,-44.609,0,"須磨-suma-",-12.23,-65.087,0,"Pring__",21.398,-47.687,0,"CoalCat",12.332,-63.088,0,"인생최패망자",39.328,-87.758,0,"ddil_ddil69",-4.124,-114.419,113,"소솨소솨",-45.639,-100.29,0,2043.808,-8.704,-105.249,2044.492,7,"ddil_ddil69",-8.729,-105.621,1,0,,,,,352,2
76,5,1,2,3,0,0,0,1,0,0,0,255,255,37,2074.299,"Floră",R,13,76,103,1.305,-1.576,0.606,1.502,1.26,1.106,-36.341,28.148,0,100,0,1,0,-363.505,315.109,19.686,0.098,-18.239,0,0,1,L,"Sabo_10",185.3,89.575,0.449,0,67,W,Y,0,0,0,0,0,0,0,0,0,0,0,0,0,0,0,0,0.285,-37.265,0,"Gonyong",0.065,-17.206,0,"하루（Haru）",-17.172,-42.504,0,"須磨-suma-",-5.219,-65.751,0,"Pring__",21.641,-47.107,0,"CoalCat",12.382,-60.304,0,"인생최패망자",55.747,-100.809,0,"ddil_ddil69",5.563,-116.743,0,"소솨소솨",-35.274,-94.542,0,0,0,0,0,0,"",0,0,0,0,2075.542,,,,0,0
77,5,1,2,3,1,0,0,1,0,0,0,255,255,38,2096.928,"Floră",R,32,83,135,3.036,-0.558,0.425,1.549,1.047,1.244,-36.341,19.769,0,100,0,2,0,191.003,-23.509,1.522,0,0,1,0,1,L,"Sabo_10",185.3,89.575,0.449,3,67,W,Y,2097.722,208,114,124,108,37,145,114,-3.707,-40.722,0.9,0,0.637,-110.117,-585.331,-72.537,0.27,-37.024,0,"Gonyong",0.033,-17.274,0,"하루（Haru）",-17.936,-40.64,0,"須磨-suma-",-8.508,-67.186,95,"Pring__",21.589,-47.668,0,"CoalCat",12.482,-60.254,0,"인생최패망자",54.94,-99.864,0,"ddil_ddil69",5.604,-116.727,0,"소솨소솨",-35.748,-94.956,0,2097.95,7.055,-27.675,2099.25,4,"Pring__",20.863,-43.188,0,0,,2102.559,,,344,2
78,5,1,2,3,0,0,2,0,0,0,255,255,255,39,2127.497,"Floră",R,3,82,120,-5.814,-0.923,-0.072,1.395,-1.731,1.095,-36.341,19.647,0,100,0,1,0,-499.949,7.138,21.141,-1.837,-14.524,0,1,5,R,"_앰프_",170.2,80,0.4,0,68,W,Y,0,0,0,0,0,0,0,0,0,0,0,0,0,0,0,0,-0.044,-37.455,0,"Gonyong",-0.601,-17.225,0,"하루（Haru）",-19.209,-44.596,0,"須磨-suma-",-13.303,-64.789,0,"Pring__",21.717,-47.678,0,"CoalCat",11.552,-63.133,0,"인생최패망자",43.705,-91.198,0,"ddil_ddil69",-1.769,-105.915,0,"소솨소솨",-43.241,-95.87,0,0,0,0,0,0,"",0,0,0,0,,,,,0,0
79,5,1,2,3,1,0,2,0,0,0,255,255,255,40,2144.662,"Floră",R,32,87,140,0.41,-0.56,0.292,1.6,-0.037,1.28,-36.341,37.664,0,100,0,0,0,157.691,-1.356,2.21,0,0,0,1,5,R,"_앰프_",170.2,80,0.4,0,68,W,Y,0,0,0,0,0,0,0,0,0,0,0,0,0,0,0,0,0.175,-37.343,0,"Gonyong",-0.034,-17.128,0,"하루（Haru）",-19.217,-44.55,0,"須磨-suma-",-13.384,-64.862,0,"Pring__",21.706,-47.659,0,"CoalCat",10.375,-64.741,0,"인생최패망자",43.72,-91.564,0,"ddil_ddil69",-1.769,-105.91,0,"소솨소솨",-43.232,-95.879,0,0,0,0,0,0,"",0,0,0,0,2146.025,,,,0,0
80,5,1,2,3,1,1,2,0,0,0,255,255,255,41,2160.063,"Floră",R,13,78,115,-0.482,-1.577,0.309,1.584,0.507,1.052,-36.341,35.799,0,100,0,2,0,-430.279,254.677,2.059,0,0,1,1,5,R,"_앰프_",170.2,80,0.4,3,68,W,Y,2161.176,255,114,112,75,47,145,111,6.884,7.051,0.79,0,0.224,-346.816,433.038,228.467,0.193,-36.935,0,"Gonyong",-0.037,-17.195,0,"하루（Haru）",-19.246,-44.559,0,"須磨-suma-",-13.344,-64.845,93,"Pring__",21.703,-47.682,0,"CoalCat",10.809,-64.509,0,"인생최패망자",43.732,-91.47,0,"ddil_ddil69",-1.72,-105.891,0,"소솨소솨",-43.25,-95.89,0,2162.467,-6.376,-59.396,2163.017,3,"須磨-suma-",-7.044,-62.7,0,0,,,,,208,2
81,5,0,2,3,0,0,0,0,0,0,255,255,255,38,2205.775,"Rite_",R,32,83,135,-0.568,0.636,0.342,1.709,-0.489,1.898,-36.441,25.643,38,62,0,0,0,165.539,-124.888,0,0,0,1,6,2,L,"하루（Haru）",190,90,0.397,0,69,W,Y,0,0,0,0,0,0,0,0,0,0,0,0,0,0,0,0,0.156,-37.697,0,"Sabo_10",0.055,-18.04,0,"encounter v",-19.408,-43.95,0,"ゆっち一",-13.111,-64.42,0,"_해낮_",20.94,-49.958,0,"_앰프_",12.553,-62.997,0,"Kr_Luna",36.32,-86.247,0,"AI",0,-109.84,0,"눈꽃",-40.862,-93.943,0,0,0,0,0,0,"",0,0,0,0,2207.067,,,,0,0
82,5,0,2,3,0,1,0,0,0,0,255,255,255,39,2221.69,"Rite_",R,3,76,117,-1.726,-0.234,0.397,1.659,-0.166,1.63,-36.441,28.757,26,74,0,2,0,-356.817,141.826,0,0,0,1,6,2,L,"하루（Haru）",190,90,0.397,3,69,W,Y,2222.821,103,119,71,141,88,134,89,15.5,2.529,-0.54,0.095,0.224,320.806,501.845,72.357,0.109,-37.434,0,"Sabo_10",0.019,-18.044,0,"encounter v",-19.393,-43.89,0,"ゆっち一",-13.11,-64.413,0,"_해낮_",20.962,-50.144,0,"_앰프_",11.674,-63.416,85,"Kr_Luna",34.869,-87.461,0,"AI",0,-109.84,0,"눈꽃",-40.866,-93.961,0,2226.325,-8.995,-85.77,2228.575,7,"AI",-13.895,-106.177,1,0,,,,,130,2
83,5,0,2,3,0,0,0,1,0,0,12,255,255,40,2279.798,"Rite_",R,32,90,140,-1.983,0.072,0.212,1.593,-1.167,1.549,-36.441,19.403,21,79,0,4,0,222.159,-126.788,0,0,0,1,7,6,R,"인생최패망자",190,80,0.403,0,69,W,Y,0,0,0,0,0,0,0,0,0,0,0,0,0,0,0,0,0.129,-38.095,0,"Sabo_10",-0.063,-17.85,0,"encounter v",-17.837,-39.711,0,"ゆっち一",-14.822,-64.067,0,"_해낮_",20.493,-48.912,0,"_앰프_",7.088,-61.277,0,"AI",40.9,-90.65,0,"AI",0,-109.84,0,"눈꽃",-40.218,-95.329,0,0,0,0,0,0,"",0,0,0,0,2281.042,,,,0,0
84,5,0,2,3,0,1,0,1,0,0,12,255,255,41,2297.31,"Rite_",R,32,86,139,1.022,1.054,0.445,1.746,0.213,2.189,-36.441,31.788,27,73,0,2,0,162.844,-97.673,0,0,0,1,7,6,R,"인생최패망자",190,80,0.403,3,69,W,Y,2298.335,255,154,140,100,52,145,96,112.838,-50.308,-0.54,0,0.453,177.61,-558.237,129.716,-2.456,-37.488,0,"Sabo_10",-0.011,-17.961,0,"encounter v",-16.562,-40.411,0,"ゆっち一",-15.022,-63.373,0,"_해낮_",20.376,-49.007,0,"_앰프_",5.069,-60.46,0,"AI",40.9,-90.65,0,"AI",0,-109.84,0,"눈꽃",-40.222,-95.322,0,0,0,0,0,0,"",0,0,0,0,,2301.211,,,128,3
85,5,0,2,3,0,2,0,1,0,0,12,255,255,42,2320.003,"Rite_",R,34,80,131,2.086,0.554,0.587,1.72,0.792,1.915,-36.441,54.078,25,75,0,2,0,68.429,-43.809,0,0,0,1,7,6,R,"인생최패망자",190,80,0.403,3,76,W,Y,2321.095,255,122,110,86,34,145,91,-5.278,-20.65,-0.8,0,0.37,-260.615,-540.187,-16.649,0.16,-37.74,0,"Sabo_10",0.081,-17.939,0,"encounter v",-16.463,-41.011,85,"ゆっち一",-15.407,-63.205,111,"_해낮_",20.215,-49.367,0,"_앰프_",8.6,-60.694,103,"AI",40.9,-90.65,0,"AI",0,-109.84,0,"눈꽃",-40.88,-95.288,0,2321.392,3.667,-28.04,2323.4,5,"_앰프_",13.943,-56.993,1,0,,2325.469,,,154,2
86,5,0,2,3,0,0,1,1,0,0,16,255,255,43,2353.186,"Rite_",R,32,78,128,4.148,0.934,0.679,1.719,1.51,2.151,-36.441,53.696,0,96,4,1,0,185.556,-47.164,0,0,0,0,8,0,R,"Floră",190,85,0.403,0,70,W,Y,0,0,0,0,0,0,0,0,0,0,0,0,0,0,0,0,-1.734,-38.489,0,"Sabo_10",0.14,-17.987,0,"encounter v",-17.534,-39.577,0,"ゆっち一",-14.437,-64.001,0,"_해낮_",18.208,-47.625,0,"_앰프_",6.286,-60.604,0,"AI",40.9,-90.65,0,"AI",0,-109.84,0,"눈꽃",-43.778,-96.305,0,0,0,0,0,0,"",0,0,0,0,2354.35,,,,0,0
87,5,0,2,3,1,0,1,1,0,0,16,255,255,44,2375.945,"Rite_",R,32,90,140,-0.475,0.608,0.336,1.677,-0.506,1.905,-36.441,26.172,0,98,2,2,0,216.479,-103.421,0,0,0,1,8,0,R,"Floră",190,85,0.403,3,70,W,Y,2376.898,197,79,83,0,0,121,123,-30,39.434,0.56,0,0.627,-291.082,521.298,-59.324,-0.133,-37.23,0,"Sabo_10",-0.078,-18.087,0,"encounter v",-16.83,-40.778,120,"ゆっち一",-15.83,-62.903,0,"_해낮_",18.117,-48.451,0,"_앰프_",8.378,-61.472,98,"AI",40.9,-90.65,0,"AI",0,-109.84,0,"눈꽃",-43.825,-96.31,0,2376.883,-1.684,-20.334,2378.058,2,"encounter v",-16.387,-37.965,0,0,,,,,266,2
88,6,1,2,3,0,0,0,0,0,0,255,255,255,42,2424.248,"Floră",R,0,63,103,1.719,0.578,0.526,1.691,0.733,1.979,-36.341,34.715,0,100,0,4,0,0,0,0.606,0,0,1,2,8,L,"눈꽃",185,85,0.6,0,70,W,Y,0,0,0,0,0,0,0,0,0,0,0,0,0,0,0,0,0.205,-37.507,0,"Gonyong",0.068,-16.91,0,"하루（Haru）",-20.102,-44.849,0,"須磨-suma-",-9.072,-68.029,0,"Pring__",21.172,-46.815,0,"CoalCat",14.405,-62.37,0,"인생최패망자",56.288,-100.684,0,"ddil_ddil69",0.475,-113.345,0,"소솨소솨",-36.724,-99.915,0,0,0,0,0,0,"",0,0,0,0,2425.758,,,,0,0
89,6,1,2,3,0,1,0,0,0,0,255,255,255,43,2442.778,"Floră",R,12,63,102,1.938,0.504,0.509,1.708,0.829,2.007,-36.341,30.614,0,100,0,2,0,0,50.936,-4.497,0,0,1,2,8,L,"눈꽃",185,85,0.6,3,70,W,Y,2443.845,255,131,78,94,45,145,111,96.069,80.859,0.89,0,0.561,411.327,408.14,-155.667,0.192,-37.024,0,"Gonyong",-0.497,-16.936,0,"하루（Haru）",-19.816,-45.632,0,"須磨-suma-",-12.088,-67.924,0,"Pring__",21.026,-46.609,0,"CoalCat",14.515,-62.282,0,"인생최패망자",56.728,-101.236,0,"ddil_ddil69",0.538,-113.314,0,"소솨소솨",-40.794,-99.966,0,0,0,0,0,0,"",0,0,0,0,,,,,256,3
90,6,1,2,3,0,2,0,0,0,0,255,255,255,44,2464.32,"Floră",R,33,88,140,-1.591,-0.71,0.117,1.435,-0.853,1.108,-36.341,27.064,23,77,0,2,0,118.237,-80.079,-0.418,0,0,1,2,8,L,"눈꽃",185,85,0.6,3,70,W,Y,2465.297,255,91,107,113,11,145,92,-16.423,34.46,-0.64,0,0.4,-445.78,83.892,392.737,0.013,-37.021,0,"Gonyong",-0.346,-17.005,0,"하루（Haru）",-19.722,-46.259,0,"須磨-suma-",-8.42,-67.888,0,"Pring__",21.003,-46.598,0,"CoalCat",14.986,-62.147,0,"인생최패망자",56.158,-101.766,0,"ddil_ddil69",0.727,-113.619,0,"소솨소솨",-36.81,-99.829,0,2465.258,-1.109,-21.167,2466.883,2,"하루（Haru）",-16.478,-43.284,0,0,,,,,320,2
91,6,1,2,3,0,0,1,0,0,0,255,255,255,45,2488.634,"Floră",R,33,86,139,-3.764,-0.354,-0.089,1.462,-1.808,1.368,-36.341,14.626,0,100,0,1,0,128.661,-27.655,0.328,0,0,0,3,2,L,"encounter v",190,82.544,0.499,0,70,W,Y,0,0,0,0,0,0,0,0,0,0,0,0,0,0,0,0,-0.143,-37.212,0,"Gonyong",-0.42,-17.09,0,"하루（Haru）",-19.59,-46.07,0,"須磨-suma-",-10.206,-66.143,0,"Pring__",22.403,-48.559,0,"CoalCat",14.368,-62.607,0,"인생최패망자",54.766,-100.314,0,"ddil_ddil69",1.347,-112.937,0,"소솨소솨",-41.968,-95.616,0,0,0,0,0,0,"",0,0,0,0,2489.933,,,,0,0
92,6,1,2,3,1,0,1,0,0,0,255,255,255,46,2507.36,"Floră",R,0,65,105,0.7,-1.326,0.468,1.572,0.703,1.615,-36.341,32.893,0,100,0,2,0,0,0,-0.983,0,0,1,3,2,L,"encounter v",190,82.544,0.499,3,70,W,Y,2508.52,209,135,73,82,54,145,124,25.327,-9.605,0.73,0,0.295,568.675,-191.243,-5.921,0.163,-36.801,0,"Gonyong",-0.224,-17.308,0,"하루（Haru）",-19.737,-46.013,0,"須磨-suma-",-10.144,-66.426,64,"Pring__",22.346,-48.484,0,"CoalCat",14.655,-62.285,0,"인생최패망자",56.979,-99.572,0,"ddil_ddil69",1.254,-112.98,0,"소솨소솨",-42.503,-95.317,0,2514.083,24.282,-132.072,2515.7,7,"ddil_ddil69",20.475,-127.897,1,0,,2519.308,,,304,2
93,6,1,2,3,0,0,1,0,1,0,255,2,255,47,2540.98,"Floră",R,13,75,113,0.043,-1.749,0.335,1.565,0.626,1.019,-36.341,22.11,0,100,0,1,0,-357.86,349.194,16.486,-0.152,-18.769,0,4,3,L,"ゆっち一",179.5,84.105,0.397,0,71,W,Y,0,0,0,0,0,0,0,0,0,0,0,0,0,0,0,0,0.006,-37.549,0,"Gonyong",-0.082,-17.293,0,"하루（Haru）",-18.949,-46.285,0,"須磨-suma-",-7.393,-66.144,0,"Pring__",20.488,-45.223,0,"CoalCat",12.289,-61.901,0,"인생최패망자",55.94,-99.6,0,"ddil_ddil69",0.25,-96.065,0,"소솨소솨",-38.383,-95.273,0,0,0,0,0,0,"",0,0,0,0,2544.108,2543.125,,,0,0
94,6,1,2,3,1,0,1,0,1,0,255,2,255,48,2623.462,"Floră",R,3,69,98,-0.204,-0.135,0.525,1.505,0.711,1.539,-36.341,16.658,0,100,0,2,0,-409.89,0,12.588,0,0,1,4,3,L,"ゆっち一",179.5,84.105,0.397,3,71,W,Y,2624.458,255,95,61,84,71,138,127,25.013,31.825,0.65,0,0.464,58.353,-525.174,-284.231,0.15,-37.296,0,"Gonyong",-0.089,-17.537,0,"하루（Haru）",-18.729,-46.122,0,"須磨-suma-",-8.844,-66.54,0,"Pring__",21.337,-47.001,0,"CoalCat",13.18,-57.878,81,"인생최패망자",56.162,-100.187,0,"ddil_ddil69",0.853,-104.751,0,"소솨소솨",-39.322,-94.374,124,2629.358,-44.798,-120.063,2630.525,8,"소솨소솨",-41.796,-116.112,1,0,,2634.207,2630.048,2636.265,261,2
95,6,1,3,3,0,0,1,0,1,0,255,3,255,49,2663.821,"Floră",R,33,80,131,1.132,-0.546,0.363,1.606,0.295,1.228,-36.341,36.097,0,100,0,2,0,131.121,-36.974,-3.422,0,0,0,5,6,L,"Kr_Luna",190,95.297,0.498,3,71,W,Y,2664.626,122,117,101,126,58,138,130,12.485,-36.885,0.57,0,0.158,590.472,-51.058,-93.467,-0.112,-36.772,0,"Gonyong",-0.064,-17.098,0,"하루（Haru）",-18.348,-45.253,0,"須磨-suma-",-10.494,-69.093,70,"Pring__",20.494,-45.705,0,"CoalCat",13.415,-59.492,0,"인생최패망자",52.167,-95.513,0,"ddil_ddil69",-0.063,-116.473,0,"소솨소솨",-39.599,-98.593,0,0,0,0,2668.267,6,"인생최패망자",57.083,-93.153,0,0,,2669.896,,,400,1
96,6,1,3,3,0,0,2,0,1,0,255,3,255,50,2696.841,"Floră",R,3,72,114,-0.231,-0.902,0.329,1.563,0.599,1.047,-36.341,36.95,0,100,0,2,0,-415.899,0,3.976,0,0,1,6,4,R,"_해낮_",190,92,0.5,3,72,W,Y,2697.832,137,127,76,81,50,139,130,106.515,-70.609,0.64,0,0.297,544.427,147.146,204.811,-0.027,-37.15,0,"Gonyong",-0.05,-17.226,0,"하루（Haru）",-19.497,-45.069,0,"須磨-suma-",-16.078,-67.814,0,"Pring__",19.989,-45.874,0,"CoalCat",7.345,-61.776,0,"인생최패망자",41.301,-101.022,0,"ddil_ddil69",0.554,-109.239,0,"소솨소솨",-44.151,-95.091,0,0,0,0,0,0,"",0,0,0,0,,2701.094,,,256,3
97,6,1,3,3,0,1,2,0,1,0,255,3,255,51,2729.861,"Floră",R,3,74,114,0.465,-0.516,0.408,1.637,0.967,1.288,-36.341,46.773,0,100,0,2,0,-455.307,0.007,-1.375,0,0,1,6,4,R,"_해낮_",190,92,0.5,3,72,W,Y,2730.834,145,151,134,148,72,145,130,18.33,34.315,0.36,0,0.337,500.275,297.362,145.949,-0.161,-37.34,0,"Gonyong",0.313,-17.174,0,"하루（Haru）",-20.058,-45.392,0,"須磨-suma-",-16.143,-67.977,0,"Pring__",20.553,-46.347,0,"CoalCat",7.535,-63.542,0,"인생최패망자",40.867,-101.156,0,"ddil_ddil69",0.884,-108.473,0,"소솨소솨",-44.327,-96.843,0,2735.733,-75.163,-114.565,0,0,"",0,0,0,0,,2741.276,2736.237,2741.261,256,4
98,6,1,5,3,0,0,2,0,0,0,255,255,255,52,2769.974,"Floră",R,3,64,96,-1.002,-0.288,0.409,1.598,0.319,1.455,-36.341,20.044,0,100,0,2,0,-358.819,0,12.508,0,0,1,7,0,R,"Rite_",190,80,0.453,3,72,W,Y,2771.279,255,41,133,146,105,145,128,11.476,34.112,0.7,0,0.292,93.275,484.421,341.521,-0.058,-37.2,0,"Gonyong",-0.085,-17.226,0,"하루（Haru）",-19.403,-45.469,0,"須磨-suma-",-16.081,-68.947,89,"Pring__",21.982,-48.042,0,"CoalCat",10.362,-64.939,73,"인생최패망자",44.781,-90.482,0,"ddil_ddil69",-0.595,-112.93,0,"소솨소솨",-45.626,-95.951,0,2773.6,-44.785,-75.886,2776.767,8,"소솨소솨",-63.03,-98.18,1,0,,2781.287,,,277,2
99,6,1,5,3,0,0,2,0,1,0,255,0,255,53,2804.305,"Floră",R,33,79,129,-1.312,-0.875,0.138,1.563,-0.754,1.031,-36.341,26.077,0,100,0,0,0,121.712,-36.098,-0.061,0,0,0,0,1,L,"Sabo_10",185.3,89.575,0.449,0,72,W,Y,0,0,0,0,0,0,0,0,0,0,0,0,0,0,0,0,-0.026,-37.304,0,"Gonyong",-0.379,-17.139,0,"하루（Haru）",-18.781,-45.599,0,"須磨-suma-",-9.975,-66.455,0,"Pring__",22.888,-46.593,0,"CoalCat",11.98,-61.655,0,"인생최패망자",55.407,-98.341,0,"ddil_ddil69",2.877,-115.812,0,"소솨소솨",-42.719,-90.757,0,0,0,0,0,0,"",0,0,0,0,2805.392,2806.218,,,0,0
100,6,1,5,3,0,1,2,0,1,0,255,0,255,54,2819.982,"Floră",R,33,83,134,-4.293,-0.23,-0.101,1.528,-1.863,1.359,-36.341,13.999,0,100,0,2,0,119.212,-23.328,-0.529,0,0,0,0,1,L,"Sabo_10",185.3,89.575,0.449,3,72,W,Y,2820.795,177,132,147,87,30,145,89,-28.636,47.1,-0.8,0,0.547,45.368,553.55,226.989,-0.065,-37.164,0,"Gonyong",-0.35,-17.405,0,"하루（Haru）",-18.798,-45.605,0,"須磨-suma-",-9.719,-66.467,0,"Pring__",20.999,-46.996,0,"CoalCat",12.851,-61.724,0,"인생최패망자",55.009,-98.045,0,"ddil_ddil69",2.94,-115.937,0,"소솨소솨",-42.293,-90.799,0,2820.733,-2.279,-21.782,0,0,"",0,0,0,0,,2825.414,,,256,3
101,6,1,5,3,0,2,2,0,1,0,255,0,255,55,2840.042,"Floră",R,3,80,118,1.471,0.147,0.507,1.564,1.428,1.702,-36.341,6.963,0,100,0,0,0,-472.89,0,18.27,0,0,1,0,1,L,"Sabo_10",185.3,89.575,0.449,0,72,W,Y,0,0,0,0,0,0,0,0,0,0,0,0,0,0,0,0,0.196,-37.556,0,"Gonyong",0.021,-17.379,0,"하루（Haru）",-18.926,-45.226,0,"須磨-suma-",-13.995,-64.93,0,"Pring__",21.04,-46.291,0,"CoalCat",12.134,-62.514,0,"인생최패망자",54.682,-96.56,0,"ddil_ddil69",0.731,-113.857,0,"소솨소솨",-38.001,-88.736,0,0,0,0,0,0,"",0,0,0,0,2841.175,2842.967,,,0,0
102,6,0,5,3,0,0,0,0,0,0,255,255,255,45,2890.099,"Rite_",R,32,85,137,-2.737,0.41,0.237,1.648,-1.483,1.785,-36.441,8.495,0,100,0,4,0,206.549,-44.849,0,0,0,0,0,5,R,"CoalCat",170.2,80,0.405,0,71,W,Y,0,0,0,0,0,0,0,0,0,0,0,0,0,0,0,0,-0.164,-38.199,0,"Sabo_10",-0.284,-18.116,0,"encounter v",-18.385,-43.297,0,"ゆっち一",-13.941,-64.06,0,"_해낮_",20.16,-49.646,0,"_앰프_",12.263,-64.346,0,"Kr_Luna",36.88,-86.502,0,"AI",0,-109.84,0,"눈꽃",-41.163,-95.786,0,0,0,0,0,0,"",0,0,0,0,2891.417,,,,0,0
103,6,0,5,3,0,1,0,0,0,0,255,255,255,46,2906.581,"Rite_",R,33,73,125,0.637,1.763,0.442,1.837,0.043,2.493,-36.441,47.342,34,66,0,2,0,143.789,-87.009,0,0,0,1,0,5,R,"CoalCat",170.2,80,0.405,3,71,W,Y,2907.75,143,101,49,57,47,133,79,101.303,72.17,-0.71,0,0.444,-595.138,24.5,72.182,0.183,-37.906,0,"Sabo_10",0.026,-18.063,0,"encounter v",-18.343,-43.224,0,"ゆっち一",-13.87,-64.14,0,"_해낮_",20.692,-50.257,0,"_앰프_",10.695,-62.7,0,"Kr_Luna",36.396,-86.756,0,"AI",0,-109.84,0,"눈꽃",-40.958,-96.208,0,2913.192,42.654,-10.666,0,0,"",0,0,0,0,,,,,128,3
104,6,0,5,3,0,2,0,0,0,0,255,255,255,47,2928.394,"Rite_",R,3,74,115,-2.066,-0.009,0.427,1.688,-0.224,1.682,-36.441,27.638,33,67,0,4,0,-403.087,62.571,0,0,0,1,0,5,R,"CoalCat",170.2,80,0.405,0,71,W,Y,0,0,0,0,0,0,0,0,0,0,0,0,0,0,0,0,-0.053,-37.972,0,"Sabo_10",-0.085,-18.153,0,"encounter v",-19.869,-44.808,0,"ゆっち一",-14.218,-63.905,0,"_해낮_",20.565,-50.293,0,"_앰프_",10.899,-63.148,0,"Kr_Luna",34.781,-93.262,0,"AI",0,-109.84,0,"눈꽃",-40.842,-96.281,0,0,0,0,0,0,"",0,0,0,0,2929.75,,,,0,0
105,6,0,5,3,0,0,1,0,0,0,255,255,255,48,2950.606,"Rite_",R,3,69,114,-1.61,0.808,0.401,1.78,-0.176,2.121,-36.441,31.188,39,61,0,2,0,-310.871,0,0,0,0,0,1,0,R,"Gonyong",190,85.335,0.2,3,71,W,Y,2951.779,237,99,152,85,43,145,122,114.556,-62.525,0.75,0.143,0.313,537.419,-244.64,106.454,0.013,-37.568,0,"Sabo_10",0.04,-18.136,0,"encounter v",-19.687,-44.557,0,"ゆっち一",-16.882,-64.241,0,"_해낮_",20.771,-51.014,0,"_앰프_",9.912,-63.304,0,"Kr_Luna",34.143,-93.885,0,"AI",0,-109.84,0,"눈꽃",-45.542,-99.337,0,0,0,0,0,0,"",0,0,0,0,,,,,128,3
106,6,0,5,3,0,1,1,0,0,0,255,255,255,49,2966.044,"Rite_",R,32,88,140,-1.403,-0.268,0.246,1.552,-0.927,1.289,-36.441,25.436,32,68,0,0,0,231.453,-179.608,0,-0.254,-8.888,1,1,0,R,"Gonyong",190,85.335,0.2,0,71,W,Y,0,0,0,0,0,0,0,0,0,0,0,0,0,0,0,0,0.091,-38.058,0,"Sabo_10",-0.245,-18.113,0,"encounter v",-19.803,-44.661,0,"ゆっち一",-14.628,-63.957,0,"_해낮_",20.834,-51.305,0,"_앰프_",9.98,-63.515,0,"Kr_Luna",33.605,-94.164,0,"AI",0,-109.84,0,"눈꽃",-45.906,-98.809,0,0,0,0,0,0,"",0,0,0,0,,,,,0,0
107,6,0,5,3,0,2,1,0,0,0,255,255,255,50,2987.539,"Rite_",R,32,79,129,-0.606,0.912,0.335,1.765,-0.503,2.119,-36.441,32.994,42,58,0,2,0,155.054,-63.623,0,0,0,1,1,0,R,"Gonyong",190,85.335,0.2,3,71,W,Y,2988.658,184,35,96,39,10,145,103,5.495,40.275,-0.2,0,0.29,41.788,587.924,-112.246,0.008,-37.349,0,"Sabo_10",-0.05,-18.123,0,"encounter v",-19.661,-44.598,110,"ゆっち一",-14.922,-63.836,0,"_해낮_",20.927,-51.198,0,"_앰프_",10.514,-63.186,0,"Kr_Luna",33.601,-94.122,0,"AI",0,-109.84,0,"눈꽃",-45.919,-98.814,0,0,0,0,2990.058,2,"encounter v",-19.967,-40.661,0,0,,,,,136,1
108,6,0,5,3,0,0,2,0,0,0,255,255,255,51,3009.713,"Rite_",R,32,82,134,-3.073,-0.41,0.148,1.546,-1.658,1.248,-36.441,18.695,0,100,0,2,0,222.734,-118.216,0,0,0,1,2,8,R,"소솨소솨",184.5,80,0.405,3,71,W,Y,3010.73,255,117,70,79,47,145,126,-30,46.286,0.73,0,0.56,567.334,64.285,184.391,-0.069,-37.884,0,"Sabo_10",-0.189,-18.205,0,"encounter v",-19.676,-44.674,0,"ゆっち一",-14.689,-63.696,0,"_해낮_",21.375,-53.269,0,"_앰프_",9.971,-62.897,0,"Kr_Luna",34.047,-100.184,0,"AI",0,-109.85,0,"눈꽃",-46.623,-97.216,0,3010.733,-1.889,-20.941,0,0,"",0,0,0,0,,,,,128,3
109,6,0,5,3,0,1,2,0,0,0,255,255,255,52,3030.616,"Rite_",R,32,81,131,-1.499,0.755,0.259,1.716,-0.94,1.952,-36.441,27.025,10,90,0,2,0,196.617,-106.792,0,0,0,1,2,8,R,"소솨소솨",184.5,80,0.405,3,71,W,Y,3031.613,255,175,77,104,61,145,102,26.506,18.352,0.95,0,0.529,554.738,83.809,212.701,-0.035,-37.707,0,"Sabo_10",0.023,-18.13,0,"encounter v",-19.416,-44.332,0,"ゆっち一",-14.887,-63.732,0,"_해낮_",21.459,-52.171,0,"_앰프_",9.911,-63.078,0,"Kr_Luna",34.26,-100.087,0,"AI",0,-109.84,0,"눈꽃",-45.689,-97.999,113,0,0,0,3036.683,8,"눈꽃",-29.873,-100.382,0,0,3064.55,,3039.993,,14,1
110,7,1,5,3,0,0,0,0,0,0,255,255,255,56,3090.534,"Gonyong",R,32,78,129,2.37,1.089,0.416,1.938,0.777,2.169,-36.843,62.977,74,17,8,1,0,153.409,-26.89,17.182,0,0,0,1,5,R,"_앰프_",170.2,80,0.4,0,71,W,Y,0,0,0,0,0,0,0,0,0,0,0,0,0,0,0,0,-0.384,-38.265,0,"Pring__",0.002,-17.184,0,"하루（Haru）",-19.292,-45.478,0,"須磨-suma-",-14.524,-64.511,0,"Floră",21.253,-51.649,0,"CoalCat",10.16,-64.799,0,"인생최패망자",38.928,-87.876,0,"ddil_ddil69",-0.448,-111.411,0,"소솨소솨",-44.119,-95.415,0,0,0,0,0,0,"",0,0,0,0,3092.192,,,,0,0
111,7,1,5,3,1,0,0,0,0,0,255,255,255,57,3108.143,"Gonyong",R,32,83,135,1.368,0.514,0.324,1.839,0.347,1.812,-36.843,49.903,79,21,0,0,0,163.437,-65.348,14.643,0,0,0,1,5,R,"_앰프_",170.2,80,0.4,0,71,W,Y,0,0,0,0,0,0,0,0,0,0,0,0,0,0,0,0,-0.472,-37.795,0,"Pring__",-0.007,-17.252,0,"하루（Haru）",-19.243,-45.037,0,"須磨-suma-",-14.604,-64.474,0,"Floră",21.383,-51.892,0,"CoalCat",10.158,-64.833,0,"인생최패망자",39.233,-87.989,0,"ddil_ddil69",-0.491,-111.445,0,"소솨소솨",-44.123,-95.361,0,0,0,0,0,0,"",0,0,0,0,3109.708,,,,0,0
112,7,1,5,3,1,1,0,0,0,0,255,255,255,58,3127.053,"Gonyong",R,33,64,117,2.566,2.821,0.437,1.959,0.903,3.176,-36.843,83.691,72,19,9,1,0,114.84,-8.884,25.069,0,0,0,1,5,R,"_앰프_",170.2,80,0.4,0,71,W,Y,0,0,0,0,0,0,0,0,0,0,0,0,0,0,0,0,-0.203,-38.205,0,"Pring__",-0.022,-17.51,0,"하루（Haru）",-19.213,-45.23,0,"須磨-suma-",-14.491,-64.559,0,"Floră",21.669,-52.195,0,"CoalCat",10.121,-64.871,0,"인생최패망자",39.221,-87.996,0,"ddil_ddil69",-0.484,-111.647,0,"소솨소솨",-44.147,-95.357,0,0,0,0,0,0,"",0,0,0,0,3128.683,,,,0,0
113,7,1,5,3,2,1,0,0,0,0,255,255,255,59,3144.281,"Gonyong",R,13,68,97,1.146,0.32,0.661,2.072,1.277,2.321,-36.843,65.824,78,19,3,0,0,-353.697,298.529,-3.896,0,0,0,1,5,R,"_앰프_",170.2,80,0.4,0,71,W,Y,0,0,0,0,0,0,0,0,0,0,0,0,0,0,0,0,-0.025,-38.498,0,"Pring__",-0.015,-17.712,0,"하루（Haru）",-19.65,-44.977,0,"須磨-suma-",-14.523,-64.538,0,"Floră",19.122,-48.846,0,"CoalCat",10.129,-64.858,0,"인생최패망자",39.282,-88.2,0,"ddil_ddil69",-0.408,-111.684,0,"소솨소솨",-44.094,-95.4,0,0,0,0,0,0,"",0,0,0,0,3146.075,,,,0,0
114,7,1,5,3,2,2,0,0,0,0,255,255,255,60,3163.284,"Gonyong",R,32,90,140,1.162,0.227,0.292,1.792,0.201,1.64,-36.843,38.438,82,16,3,0,0,212.272,-80.249,15.606,0,0,1,1,5,R,"_앰프_",170.2,80,0.4,0,71,W,Y,0,0,0,0,0,0,0,0,0,0,0,0,0,0,0,0,-0.245,-38.195,0,"Pring__",-0.003,-17.772,0,"하루（Haru）",-19.345,-45.323,0,"須磨-suma-",-14.688,-64.525,0,"Floră",19.445,-49.197,0,"CoalCat",10.12,-64.841,0,"인생최패망자",38.933,-87.842,0,"ddil_ddil69",-0.371,-111.434,0,"소솨소솨",-41.668,-95.954,0,0,0,0,0,0,"",0,0,0,0,3164.817,,,,0,0
115,7,1,5,3,0,0,1,0,0,0,255,255,255,61,3192.258,"Gonyong",R,10,72,102,-0.932,-0.991,0.117,1.789,-0.409,1.639,-36.843,13.962,87,13,0,2,0,0,400,13.807,0,0,1,2,8,L,"눈꽃",185,85,0.6,3,71,W,Y,3193.424,255,148,70,77,63,145,114,-30,-31.039,0.9,0,0.504,97.992,449.341,385.345,-0.516,-38.074,0,"Pring__",-0.073,-17.87,0,"하루（Haru）",-19.077,-45.144,88,"須磨-suma-",-12.429,-68.918,0,"Floră",21.833,-47.999,118,"CoalCat",14.223,-63.532,0,"인생최패망자",55.729,-99.832,0,"ddil_ddil69",-0.642,-111.319,0,"소솨소솨",-42.422,-97.37,0,3193.317,0.462,-21.675,3194.85,4,"Floră",15.985,-47.605,0,0,,,,,322,2
116,7,1,5,3,0,0,2,0,0,0,255,255,255,62,3221.133,"Gonyong",R,13,83,107,-2.521,-1.882,0.094,1.492,-0.479,0.998,-36.843,9.132,46,54,0,1,0,-305.637,388.94,7.911,0,0,0,3,2,L,"encounter v",190,82.544,0.499,0,70,W,Y,0,0,0,0,0,0,0,0,0,0,0,0,0,0,0,0,-0.451,-38.377,0,"Pring__",-0.008,-17.753,0,"하루（Haru）",-18.951,-45.431,0,"須磨-suma-",-10.013,-68.89,0,"Floră",21.258,-47.868,0,"CoalCat",13.674,-63.596,0,"인생최패망자",56.845,-98.655,0,"ddil_ddil69",-0.253,-110.335,0,"소솨소솨",-42.683,-97.982,0,0,0,0,0,0,"",0,0,0,0,3222.808,,,,0,0
117,7,1,5,3,1,0,2,0,0,0,255,255,255,63,3235.912,"Gonyong",R,3,76,117,1.241,0.959,0.351,1.789,0.476,1.631,-36.843,41.018,81,19,0,2,0,-390.531,0,3.78,0,0,1,3,2,L,"encounter v",190,82.544,0.499,3,70,W,Y,3237.001,223,89,82,79,42,145,90,27.933,-14.106,-0.82,0,0.277,473.015,-332.736,159.823,-0.436,-38.071,0,"Pring__",-0.006,-17.813,0,"하루（Haru）",-19.062,-45.229,0,"須磨-suma-",-9.837,-68.941,81,"Floră",21.351,-48.142,0,"CoalCat",13.717,-63.511,0,"인생최패망자",56.908,-98.792,122,"ddil_ddil69",-0.323,-110.299,0,"소솨소솨",-44.716,-99.829,0,3241.975,23.694,-93.318,3244.042,6,"인생최패망자",29.505,-107.625,1,0,,3247.601,,,146,2
118,7,1,5,3,0,0,2,0,1,0,255,2,255,64,3266.895,"Gonyong",R,3,76,116,-0.08,0.444,0.406,1.857,0.728,1.864,-36.843,50.253,75,25,0,0,0,-425.776,0,13.004,0,0,0,4,3,L,"ゆっち一",179.5,84.105,0.397,0,70,W,Y,0,0,0,0,0,0,0,0,0,0,0,0,0,0,0,0,-0.332,-38.145,107,"Pring__",-0.07,-17.739,0,"하루（Haru）",-18.983,-45.66,0,"須磨-suma-",-11.728,-66.186,0,"Floră",18.986,-43.437,0,"CoalCat",14.111,-62.6,0,"인생최패망자",54.859,-99.287,0,"ddil_ddil69",0.363,-109.638,0,"소솨소솨",-42.197,-98.337,0,0,0,0,0,0,"",0,0,0,8,3268.442,3269.558,,,0,0
119,7,0,5,3,0,0,0,0,0,0,255,255,255,53,3362.019,"Sabo_10",L,3,77,119,-1.291,1.154,-1.039,1.517,-1.289,2.422,-36.535,62.279,0,97,3,2,0,351.439,0,-2.237,0,0,1,3,1,L,"Pring__",190,92.818,0.485,3,74,W,Y,3362.994,230,159,79,118,68,145,111,26.181,-40.321,0.06,0,0.361,-475.713,334.631,147.375,-0.143,-37.029,0,"Rite_",-0.128,-17.643,0,"encounter v",-18.696,-43.557,0,"ゆっち一",-10.045,-65.118,0,"_해낮_",20.251,-49.588,0,"_앰프_",12.126,-62.223,0,"Kr_Luna",36.855,-86.815,90,"AI",0,-109.84,0,"눈꽃",-39.919,-95.242,0,0,0,0,3366.767,6,"Kr_Luna",47.12,-86.007,0,0,,,,,33,1
120,7,0,5,3,0,0,1,0,0,0,255,255,255,54,3386.471,"Sabo_10",L,32,90,140,2.56,0.537,-0.58,1.362,1.393,1.79,-36.535,30.681,0,100,0,1,0,-194.021,-101.608,-23.921,0,0,0,4,3,L,"須磨-suma-",160,80,0.344,0,45,W,Y,0,0,0,0,0,0,0,0,0,0,0,0,0,0,0,0,-0.319,-37.5,0,"Rite_",0.031,-17.409,0,"encounter v",-19.013,-43.441,0,"ゆっち一",-9.59,-66.393,0,"_해낮_",20.587,-48.874,0,"_앰프_",14.955,-63.767,0,"Kr_Luna",42.582,-90.629,0,"AI",0,-109.84,0,"눈꽃",-39.392,-94.184,0,0,0,0,0,0,"",0,0,0,0,3387.733,,,,0,0
121,7,0,5,3,1,0,1,0,0,0,255,255,255,55,3400.381,"Sabo_10",L,33,82,134,-1.614,0.666,-0.929,1.375,-0.488,1.958,-36.535,57.502,0,98,2,1,0,-130.529,-1.14,-2.194,0,0,0,4,3,L,"須磨-suma-",160,80,0.344,0,45,W,Y,0,0,0,0,0,0,0,0,0,0,0,0,0,0,0,0,-0.312,-37.152,0,"Rite_",-0.101,-17.427,0,"encounter v",-19.027,-43.395,0,"ゆっち一",-9.986,-65.865,0,"_해낮_",20.767,-48.899,0,"_앰프_",14.947,-63.737,0,"Kr_Luna",42.673,-90.669,0,"AI",0,-109.84,0,"눈꽃",-39.43,-94.145,0,0,0,0,0,0,"",0,0,0,0,3401.608,,,,0,0
122,7,0,5,3,2,0,1,0,0,0,255,255,255,56,3412.632,"Sabo_10",L,33,81,132,1.228,0.753,-0.717,1.385,0.758,1.877,-36.535,39.076,0,100,0,0,0,-137.571,-118.278,-14.76,0,0,0,4,3,L,"須磨-suma-",160,80,0.344,0,45,W,Y,0,0,0,0,0,0,0,0,0,0,0,0,0,0,0,0,-0.35,-37.592,0,"Rite_",-0.036,-17.423,0,"encounter v",-19.067,-43.409,0,"ゆっち一",-8.4,-66.564,0,"_해낮_",20.515,-49.189,0,"_앰프_",14.87,-63.815,0,"Kr_Luna",42.679,-90.632,0,"AI",0,-109.84,0,"눈꽃",-39.42,-94.171,0,0,0,0,0,0,"",0,0,0,0,3413.95,,,,0,0
123,7,0,5,3,2,1,1,0,0,0,255,255,255,57,3428.204,"Sabo_10",L,32,90,140,0.717,1.061,-0.658,1.435,0.566,2.071,-36.535,29.823,0,100,0,0,0,-178.387,-96.918,-28.652,0,0,0,4,3,L,"須磨-suma-",160,80,0.344,0,45,W,Y,0,0,0,0,0,0,0,0,0,0,0,0,0,0,0,0,-0.318,-37.537,0,"Rite_",-0.05,-17.424,0,"encounter v",-19.029,-43.453,0,"ゆっち一",-12.058,-65.005,0,"_해낮_",20.698,-49.363,0,"_앰프_",15.184,-63.653,0,"Kr_Luna",42.62,-90.655,0,"AI",0,-109.84,0,"눈꽃",-39.427,-94.179,0,0,0,0,0,0,"",0,0,0,0,3429.408,,,,0,0
124,7,0,5,3,2,2,1,0,0,0,255,255,255,58,3441.596,"Sabo_10",L,33,76,127,-2.874,-0.704,-1.006,1.222,-1.051,1.251,-36.535,75.413,0,100,0,2,0,-111.403,14.021,-5.724,0,0,1,4,3,L,"須磨-suma-",160,80,0.344,3,45,W,Y,3442.688,255,78,59,47,24,137,75,-26.999,38.467,-0.85,0,0.281,-62.658,593.573,61.201,-0.191,-37.04,0,"Rite_",-0.103,-17.407,0,"encounter v",-18.986,-43.349,90,"ゆっち一",-13.837,-61.224,0,"_해낮_",20.469,-49.455,0,"_앰프_",15.174,-63.64,0,"Kr_Luna",42.701,-90.64,0,"AI",0,-109.84,0,"눈꽃",-39.431,-94.184,0,3442.667,-1.315,-20.297,3444.775,2,"encounter v",-17.847,-40.515,0,0,,,,,9,2
125,7,0,5,3,0,0,2,0,0,0,255,255,255,59,3462.71,"Sabo_10",L,26,91,140,4.117,-0.14,-0.491,1.271,1.807,1.457,-36.535,25.99,0,100,0,3,0,-104.54,-177.391,-17.998,-0.304,-21.061,0,5,7,R,"ddil_ddil69",175,90.368,0.352,0,70,W,Y,0,0,0,0,0,0,0,0,0,0,0,0,0,0,0,0,-0.257,-37.266,0,"Rite_",-0.047,-17.24,0,"encounter v",-19.504,-44.168,0,"ゆっち一",-15.679,-62.044,0,"_해낮_",18.646,-48.344,0,"_앰프_",8.542,-61.596,0,"Kr_Luna",32.913,-95.128,0,"AI",0,-109.84,0,"눈꽃",-40.789,-95.069,0,0,0,0,0,0,"",0,0,0,0,3466.75,,,,0,6
126,7,0,5,3,2,0,2,0,0,0,255,255,255,60,3480.887,"Sabo_10",L,32,79,129,-0.587,0.388,-0.875,1.367,0.022,1.797,-36.535,55.058,0,100,0,0,0,-167.252,-39.598,-8.43,0,0,0,5,7,R,"ddil_ddil69",175,90.368,0.352,0,36,W,Y,0,0,0,0,0,0,0,0,0,0,0,0,0,0,0,0,-0.292,-37.496,0,"Rite_",0.005,-17.366,0,"encounter v",-19.51,-44.345,0,"ゆっち一",-16.294,-62.31,0,"_해낮_",18.513,-48.791,0,"_앰프_",9.311,-62.728,0,"Kr_Luna",33.011,-95.142,0,"AI",0,-109.84,0,"눈꽃",-40.713,-95.142,0,0,0,0,0,0,"",0,0,0,0,3482.358,,,,0,0
127,7,0,5,3,2,1,2,0,0,0,255,255,255,61,3492.928,"Sabo_10",L,32,81,131,-0.606,0.346,-0.871,1.367,0.04,1.797,-36.535,58.215,0,100,0,2,0,-188.666,-15.063,-9.441,0,0,1,5,7,R,"ddil_ddil69",175,90.368,0.352,3,36,W,Y,3494.068,146,59,55,59,39,136,94,58.311,1.301,-0.04,0,0.273,-274.268,-517.425,130.571,-0.152,-36.877,0,"Rite_",-0.075,-17.344,0,"encounter v",-19.463,-44.172,0,"ゆっち一",-15.361,-63.163,0,"_해낮_",18.525,-49.071,0,"_앰프_",9.286,-62.723,0,"Kr_Luna",32.905,-95.203,0,"AI",0,-109.84,0,"눈꽃",-40.951,-95.012,0,3499.958,5.501,-75.67,3500.167,5,"_앰프_",5.147,-74.386,0,0,,,,,34,1
128,8,1,5,3,0,0,0,0,0,0,255,255,255,65,3540.493,"Gonyong",R,10,76,105,-0.523,-2.666,0.174,1.423,-0.232,0.803,-36.843,19.09,35,65,0,4,0,0,400,4.061,-0.106,-19.887,1,4,3,L,"ゆっち一",179.5,84.105,0.397,0,70,W,Y,0,0,0,0,0,0,0,0,0,0,0,0,0,0,0,0,-0.272,-38.507,0,"Pring__",-0.018,-17.212,0,"하루（Haru）",-19.057,-44.703,0,"須磨-suma-",-12.292,-65.605,0,"Floră",19.404,-46.422,0,"CoalCat",14.415,-62.48,0,"인생최패망자",53.169,-96,0,"ddil_ddil69",1.175,-115.156,0,"소솨소솨",-41.551,-98.144,0,0,0,0,0,0,"",0,0,0,0,3542.142,,,,0,0
129,8,1,5,3,0,1,0,0,0,0,255,255,255,66,3557.406,"Gonyong",R,32,75,126,4.29,0.385,0.593,1.812,1.601,1.708,-36.843,49.843,81,19,0,1,0,156.53,-108.433,13.184,0,0,0,4,3,L,"ゆっち一",179.5,84.105,0.397,0,70,W,Y,0,0,0,0,0,0,0,0,0,0,0,0,0,0,0,0,-0.261,-38.198,0,"Pring__",0.119,-17.201,0,"하루（Haru）",-18.935,-45.149,0,"須磨-suma-",-12.192,-65.636,0,"Floră",19.873,-46.829,0,"CoalCat",14.414,-62.488,0,"인생최패망자",53.3,-96.058,0,"ddil_ddil69",1.186,-115.099,0,"소솨소솨",-41.906,-102.023,0,0,0,0,0,0,"",0,0,0,0,3558.942,,,,0,0
130,8,1,5,3,1,1,0,0,0,0,255,255,255,67,3571.722,"Gonyong",R,32,80,130,1.689,0.872,0.34,1.914,0.422,2.06,-36.843,65.503,77,17,6,1,0,198.608,-49.754,20.314,0,0,0,4,3,L,"ゆっち一",179.5,84.105,0.397,0,70,W,Y,0,0,0,0,0,0,0,0,0,0,0,0,0,0,0,0,-0.401,-38.034,0,"Pring__",0.127,-17.211,0,"하루（Haru）",-18.999,-45.141,0,"須磨-suma-",-12.16,-65.727,0,"Floră",20.379,-47.078,0,"CoalCat",14.439,-62.308,0,"인생최패망자",53.38,-95.531,0,"ddil_ddil69",1.128,-115.074,0,"소솨소솨",-43.178,-101.271,0,0,0,0,0,0,"",0,0,0,0,3573.233,,,,0,0
131,8,1,5,3,2,1,0,0,0,0,255,255,255,68,3587.41,"Gonyong",R,4,61,97,2.586,1.934,0.707,2.115,1.562,2.766,-36.843,92.932,68,25,7,1,0,-203.213,0,13.448,-0.219,-8.519,0,4,3,L,"ゆっち一",179.5,84.105,0.397,0,70,W,Y,0,0,0,0,0,0,0,0,0,0,0,0,0,0,0,0,-0.246,-38.231,0,"Pring__",-0.009,-17.172,0,"하루（Haru）",-19.396,-44.65,0,"須磨-suma-",-12.103,-65.706,0,"Floră",20.663,-47.263,0,"CoalCat",14.436,-62.351,0,"인생최패망자",53.341,-95.503,0,"ddil_ddil69",1.108,-115.039,0,"소솨소솨",-43.425,-101.171,0,0,0,0,0,0,"",0,0,0,0,,,,,0,0
132,8,1,5,3,3,1,0,0,0,0,255,255,255,69,3603.173,"Gonyong",R,13,79,104,0.692,-0.189,0.582,1.941,1.032,1.985,-36.843,38.641,81,19,0,2,0,-364.847,317.938,3.794,0,0,1,4,3,L,"ゆっち一",179.5,84.105,0.397,3,70,W,Y,3604.407,202,186,60,125,68,138,91,-10.408,-59.119,0.98,0,0.323,167.363,574.888,-38.639,-0.242,-38.054,0,"Pring__",0.005,-17.217,0,"하루（Haru）",-18.633,-45.902,0,"須磨-suma-",-12.309,-65.48,0,"Floră",20.535,-47.062,0,"CoalCat",14.492,-62.28,0,"인생최패망자",53.443,-95.464,0,"ddil_ddil69",0.972,-115.072,0,"소솨소솨",-43.935,-100.863,0,3604.509,5.739,-23.42,0,0,"",0,0,0,0,,,,,2,3
133,8,1,5,3,3,2,0,0,0,0,255,255,255,70,3618.524,"Gonyong",R,32,88,140,0.94,0.541,0.285,1.866,0.167,1.896,-36.843,52.864,79,15,6,2,0,167.63,-22.449,19.874,0,0,1,4,3,L,"ゆっち一",179.5,84.105,0.397,3,69,W,Y,3619.597,224,178,126,78,48,145,124,26.826,-11.895,0.72,0,0.357,590.302,101.399,-35.532,-0.558,-37.783,109,"Pring__",0.037,-17.685,0,"하루（Haru）",-19.665,-46.446,69,"須磨-suma-",-10.033,-66.608,95,"Floră",20.982,-46.687,86,"CoalCat",14.959,-62.329,0,"인생최패망자",53.719,-95.737,0,"ddil_ddil69",0.787,-113.506,110,"소솨소솨",-43.98,-102.161,0,3625.233,22.468,-133.641,3626.808,7,"ddil_ddil69",18.487,-130.087,1,0,,3629.821,,,370,2
134,8,1,5,3,0,0,0,0,1,0,255,3,255,71,3662.066,"Gonyong",R,13,80,119,-1.104,-1.727,0.218,1.599,-0.142,1.018,-36.843,20.634,41,59,0,2,0,-195.058,400,13.078,0,0,0,5,6,L,"Kr_Luna",190,95.297,0.498,3,70,W,Y,3662.976,125,93,127,76,40,138,109,-12.966,-29.622,0.92,0,0.168,-404.491,362.237,-255.287,-0.331,-37.272,120,"Pring__",0.005,-17.241,0,"하루（Haru）",-18.692,-45.337,76,"須磨-suma-",-0.961,-61.921,0,"Floră",16.781,-45.118,91,"CoalCat",12.15,-61.573,0,"인생최패망자",54.745,-97.603,0,"ddil_ddil69",0.42,-107.82,113,"소솨소솨",-33.839,-95.073,0,3662.792,0.391,-21.197,3664.225,4,"Floră",13.684,-44.151,0,0,,3666.458,,,354,2
135,8,1,5,3,0,0,1,0,1,0,255,3,255,72,3703.001,"Gonyong",R,32,85,138,2.909,0.226,0.468,1.812,1.02,1.706,-36.843,42.393,79,19,2,1,0,159.41,-43.17,15.331,0,0,0,6,4,R,"_해낮_",190,92,0.5,0,70,W,Y,0,0,0,0,0,0,0,0,0,0,0,0,0,0,0,0,-0.207,-38.074,0,"Pring__",0.137,-18.176,0,"하루（Haru）",-19.872,-43.542,0,"須磨-suma-",-16.828,-68.018,0,"Floră",16.18,-44.221,0,"CoalCat",3.686,-62.004,0,"인생최패망자",40.98,-106.907,0,"ddil_ddil69",-0.56,-115.76,0,"소솨소솨",-45.25,-89.364,0,0,0,0,0,0,"",0,0,0,0,3704.392,3706.399,,,0,0
136,8,1,5,3,1,0,1,0,1,0,255,3,255,73,3725.308,"Gonyong",R,3,71,114,2.085,0.602,0.578,1.898,1.529,1.985,-36.843,58.555,81,19,0,2,0,-351.215,0,-1.26,0,0,0,6,4,R,"_해낮_",190,92,0.5,3,70,W,Y,3726.366,138,176,171,85,43,143,99,92.854,-86.803,-0.34,0,0.448,284.755,485.809,207.133,-0.395,-37.626,0,"Pring__",0.042,-17.886,0,"하루（Haru）",-19.341,-45.149,0,"須磨-suma-",-16.57,-68.056,0,"Floră",15.826,-45.117,0,"CoalCat",2.793,-61.237,0,"인생최패망자",40.696,-108.149,0,"ddil_ddil69",-0.246,-109.942,0,"소솨소솨",-45.804,-99.608,0,0,0,0,0,0,"",0,0,0,0,,3729.378,,,2,3
137,8,1,5,3,1,1,1,0,1,0,255,3,255,74,3747.48,"Gonyong",R,13,76,102,-1.536,-1.205,0.268,1.659,0.059,1.359,-36.843,28.95,83,17,0,2,0,-348.397,329.898,0.187,0,0,0,6,4,R,"_해낮_",190,92,0.5,3,70,W,Y,3748.582,129,74,96,51,41,138,124,9.006,39.111,0.28,0,0.137,27.024,599.38,-3.597,-0.508,-37.615,0,"Pring__",0.023,-18.043,120,"하루（Haru）",-19.481,-44.963,0,"須磨-suma-",-16.573,-67.493,0,"Floră",16.536,-45.52,0,"CoalCat",2.043,-60.606,0,"인생최패망자",39.419,-108.851,63,"ddil_ddil69",-0.157,-108.933,0,"소솨소솨",-46.106,-98.097,108,3750.533,-41.56,-64.048,3754.142,8,"소솨소솨",-69.407,-90.003,1,0,3764.733,3759.115,3754.293,3759.122,206,2
138,8,1,6,3,0,0,1,0,0,1,255,255,4,75,3797.891,"Gonyong",R,33,75,126,2.598,0.437,0.447,1.858,0.921,1.855,-36.843,57.606,75,21,4,2,0,120.455,-16.92,16.196,0,0,1,7,1,R,"Rite_",190,80,0.453,3,70,W,Y,3799.229,255,142,99,113,59,145,91,39.908,-3.619,-0.79,0,0.468,523.908,-291.281,25.987,0.485,-37.463,0,"Pring__",0.016,-17.744,0,"하루（Haru）",-19.486,-44.642,0,"須磨-suma-",-11.649,-58.695,0,"Floră",19.715,-46.347,0,"CoalCat",7.587,-64.173,0,"인생최패망자",39.276,-88.471,0,"ddil_ddil69",-2.828,-117.189,103,"소솨소솨",-45.342,-90.19,0,3804.617,9.496,-88.855,3805.908,7,"ddil_ddil69",10.526,-94.29,1,0,,,,3809.64,34,2
139,8,1,7,3,0,0,1,1,0,0,1,255,255,76,3827.104,"Gonyong",R,32,78,128,3.346,0.503,0.507,1.838,1.199,1.796,-36.843,46.371,82,16,2,4,0,151.767,-110.859,11.299,1.014,-7.967,1,0,0,L,"Sabo_10",185.3,89.575,0.449,0,70,W,Y,0,0,0,0,0,0,0,0,0,0,0,0,0,0,0,0,-0.536,-37.33,0,"Pring__",-0.012,-17.406,0,"하루（Haru）",-17.686,-42.454,0,"須磨-suma-",-8.132,-67.084,0,"Floră",17.506,-43.74,0,"CoalCat",12.151,-61.903,0,"인생최패망자",55.852,-97.314,0,"ddil_ddil69",-0.019,-119.565,0,"소솨소솨",-41.289,-95.173,0,0,0,0,0,0,"",0,0,0,0,3830.908,,,,0,0
140,8,1,7,3,0,1,1,1,0,0,1,255,255,77,3847.242,"Gonyong",R,3,84,124,-1.3,-0.732,0.268,1.724,0.091,1.415,-36.843,37.663,80,20,0,2,0,-407.029,226.538,7.243,0,0,1,0,0,L,"Sabo_10",185.3,89.575,0.449,3,70,W,Y,3848.114,145,76,122,77,35,145,129,-15.476,-43.799,0.37,0,0.487,-91.024,-591.85,37.796,-0.692,-37.344,0,"Pring__",-0.012,-17.789,0,"하루（Haru）",-16.073,-43.293,120,"須磨-suma-",-7.226,-67.08,55,"Floră",17.671,-43.425,120,"CoalCat",13.7,-62.862,0,"인생최패망자",55.828,-97.988,0,"ddil_ddil69",-0.053,-119.57,0,"소솨소솨",-44.137,-93.515,0,3848.075,1.924,-21.94,3849.184,4,"Floră",19.37,-39.852,0,0,,3853.463,,,338,2
141,8,1,7,3,0,0,2,0,1,0,255,1,255,78,3888.243,"Gonyong",R,32,75,126,2.79,0.985,0.453,1.919,0.951,2.099,-36.843,56.966,81,17,2,1,0,157.303,-36.958,9.713,0,0,0,1,5,R,"_앰프_",170.2,80,0.4,0,70,W,Y,0,0,0,0,0,0,0,0,0,0,0,0,0,0,0,0,-0.322,-37.712,0,"Pring__",0.01,-17.8,0,"하루（Haru）",-19.7,-44.518,0,"須磨-suma-",-13.984,-64.843,0,"Floră",16.697,-44.39,0,"CoalCat",9.051,-64.084,0,"인생최패망자",39.065,-91.247,0,"ddil_ddil69",0.497,-114.028,0,"소솨소솨",-41.632,-91.92,0,0,0,0,0,0,"",0,0,0,0,3889.792,3891.002,,,0,0
142,8,1,7,3,1,0,2,0,1,0,255,1,255,79,3902.209,"Gonyong",R,32,86,139,1.925,1.025,0.371,1.906,0.568,2.053,-36.843,49.842,75,16,9,2,0,184.029,-113.501,19.127,0,0,1,1,5,R,"_앰프_",170.2,80,0.4,3,70,W,Y,3903.265,255,171,109,70,42,145,83,51.965,-36.554,-0.83,0,0.263,268.485,-536.556,-4.893,-0.17,-37.353,0,"Pring__",0,-17.802,0,"하루（Haru）",-19.173,-44.853,0,"須磨-suma-",-13.919,-64.425,0,"Floră",16.427,-44.888,0,"CoalCat",9.148,-64.272,0,"인생최패망자",38.74,-91.288,95,"ddil_ddil69",0.43,-114.017,0,"소솨소솨",-41.64,-91.96,0,3908.434,41.071,-60.587,3909.934,6,"인생최패망자",46.496,-64.987,0,0,,3915.565,3909.808,,130,2
143,8,1,7,3,1,1,2,0,1,0,255,1,255,80,3929.294,"Gonyong",R,34,60,114,1.083,1.576,0.36,1.93,0.319,2.48,-36.843,77.879,68,26,6,2,0,78.366,-4.561,12.468,0,0,1,1,5,R,"_앰프_",170.2,80,0.4,3,33,W,Y,3930.453,255,182,83,94,60,145,84,32.045,46.786,-0.81,0,0.329,48.954,-572.607,-172.41,-0.329,-37.448,0,"Pring__",-0.025,-17.944,0,"하루（Haru）",-19.275,-44.122,64,"須磨-suma-",-14.045,-64.412,0,"Floră",16.765,-46.177,0,"CoalCat",7.865,-63.899,0,"인생최패망자",37.778,-85.794,0,"ddil_ddil69",0.211,-108.943,0,"소솨소솨",-40.5,-92.13,0,3934.667,-42.876,-72.353,3935.692,8,"소솨소솨",-46.19,-77.455,1,0,,,3935.672,,70,2
144,8,1,7,3,0,0,2,1,0,1,5,255,1,81,3962.337,"Gonyong",R,32,77,127,2.886,0.203,0.464,1.794,1,1.648,-36.843,33.738,82,18,0,1,0,153.965,-72.887,3.133,0,0,0,2,8,L,"눈꽃",185,85,0.6,0,70,W,Y,0,0,0,0,0,0,0,0,0,0,0,0,0,0,0,0,-0.021,-38.045,0,"Pring__",0.017,-17.965,0,"하루（Haru）",-18.825,-42.849,0,"須磨-suma-",-11.794,-71.546,0,"Floră",18.672,-43.884,0,"CoalCat",12.426,-63.304,0,"인생최패망자",55.807,-98.187,0,"ddil_ddil69",0.393,-115.102,0,"소솨소솨",-42.041,-98.338,0,0,0,0,0,0,"",0,0,0,0,3963.758,,3964.925,,0,0
145,8,1,7,3,1,0,2,1,0,1,5,255,1,82,3974.528,"Gonyong",R,3,81,119,-1.268,0.069,0.301,1.792,0.244,1.643,-36.843,44.896,79,21,0,2,0,-468.845,0,5.303,0,0,1,2,8,L,"눈꽃",185,85,0.6,3,70,W,Y,3975.59,255,119,93,103,25,145,105,101.649,60.384,-0.03,0,0.451,380.215,447.659,-122.628,-0.392,-37.55,0,"Pring__",-0.018,-17.911,0,"하루（Haru）",-17.84,-43.554,0,"須磨-suma-",-4.799,-66.651,0,"Floră",18.718,-44.412,0,"CoalCat",12.406,-63.289,0,"인생최패망자",55.633,-98.1,0,"ddil_ddil69",0.202,-115.122,0,"소솨소솨",-44.504,-98.682,0,0,0,0,0,0,"",0,0,0,0,,,3978.039,,2,3
146,8,1,7,3,1,1,2,1,0,1,5,255,1,83,3993.591,"Gonyong",R,27,81,132,0.169,0.846,0.22,1.894,-0.137,1.98,-36.843,38.425,84,13,3,2,0,134.991,-139.667,5.723,0,0,1,2,8,L,"눈꽃",185,85,0.6,3,70,W,Y,3994.563,255,76,95,84,14,145,129,98.763,54.831,0.32,0,0.254,246.45,508.212,-202.442,-0.162,-37.198,0,"Pring__",-0.025,-17.772,0,"하루（Haru）",-17.108,-42.463,0,"須磨-suma-",-9.949,-69.458,0,"Floră",19.95,-45.69,0,"CoalCat",14.423,-62.643,0,"인생최패망자",56.452,-98.02,0,"ddil_ddil69",0.69,-114.721,0,"소솨소솨",-44.834,-95.149,0,0,0,0,0,0,"",0,0,0,0,,,3997.595,,2,3
147,8,1,7,3,1,2,2,1,0,1,5,255,1,84,4011.031,"Gonyong",R,32,92,140,-0.534,0.392,0.124,1.797,-0.582,1.659,-36.843,32.014,82,15,3,2,0,249.499,-200,21.403,0,0,1,2,8,L,"눈꽃",185,85,0.6,3,71,W,Y,4012.066,255,115,105,85,46,145,89,53.926,-48.022,-0.77,0,0.459,492.691,206.542,-273.122,-0.418,-37.533,0,"Pring__",-0.049,-17.867,0,"하루（Haru）",-17.676,-43.551,0,"須磨-suma-",-3.216,-64.032,0,"Floră",18.43,-43.978,0,"CoalCat",14.467,-62.33,0,"인생최패망자",57.582,-99.493,130,"ddil_ddil69",0.873,-113.648,0,"소솨소솨",-44.506,-98.618,0,4017.217,49.231,-64.26,4019.125,6,"인생최패망자",57.014,-72.736,0,0,,4014.597,4025.003,4016.939,130,2
148,8,1,7,3,1,2,2,1,0,1,5,255,1,85,4035.385,"Gonyong",R,13,85,109,-1.384,-0.893,0.27,1.754,0.066,1.561,-36.843,35.562,79,15,6,0,0,-350.243,353.651,11.303,0,0,1,2,8,L,"눈꽃",185,85,0.6,0,71,W,Y,0,0,0,0,0,0,0,0,0,0,0,0,0,0,0,0,-0.365,-38.123,0,"Pring__",-0.216,-18.326,0,"하루（Haru）",-17.672,-42.247,0,"須磨-suma-",-7.15,-67.107,0,"Floră",18.978,-44.184,0,"CoalCat",13.819,-62.724,0,"인생최패망자",53.2,-94.747,0,"ddil_ddil69",1.007,-114.378,0,"소솨소솨",-42.301,-97.886,0,0,0,0,0,0,"",0,0,0,0,4036.875,,,,0,0
149,8,0,7,3,0,0,0,0,0,0,255,255,255,62,4075.451,"Sabo_10",L,10,81,123,1.832,0.221,-0.629,1.3,1.166,1.569,-36.535,37.777,0,90,10,2,0,0,345.39,-3.552,0,0,0,6,2,R,"하루（Haru）",190,90,0.397,3,71,W,Y,4076.565,154,86,129,98,29,145,91,-49.701,-18.772,-0.8,0.143,0.34,-326.012,-60.157,500.097,0.157,-36.702,0,"Rite_",-0.028,-17.131,0,"encounter v",-17.882,-41.854,120,"ゆっち一",-16.445,-62.194,0,"_해낮_",20.291,-50.58,112,"_앰프_",13.104,-63.213,0,"Kr_Luna",31.784,-89.306,0,"AI",0,-109.84,0,"눈꽃",-44.108,-89.929,0,4076.483,0.729,-20.425,4079.059,4,"_해낮_",10.902,-50.039,0,0,,,,,73,2
150,8,0,7,3,0,0,1,0,0,0,255,255,255,63,4098.102,"Sabo_10",L,32,74,125,-0.151,0.159,-0.837,1.344,0.196,1.711,-36.535,60.068,0,97,3,2,0,-150.339,-6.616,-4.979,0,0,1,7,6,R,"인생최패망자",190,80,0.403,3,71,W,Y,4099.166,232,251,145,158,57,145,130,27.298,-10.539,0.57,0,0.332,402.978,40.19,442.711,-0.111,-37.416,0,"Rite_",-0.084,-17.382,0,"encounter v",-19.031,-43.648,0,"ゆっち一",-16.888,-62.803,0,"_해낮_",18.59,-48.579,0,"_앰프_",10.61,-62.997,0,"Kr_Luna",34.102,-84.123,0,"AI",0,-109.84,0,"눈꽃",-40.864,-94.928,0,4104.809,19.023,-140.826,0,0,"",0,0,0,0,,4109.402,4114.39,,1,4
151,8,0,7,4,0,0,1,0,0,0,255,255,255,64,4136.161,"Sabo_10",L,3,82,123,2.522,0.312,-0.772,1.399,0.502,1.887,-36.535,37.559,0,97,3,2,0,387.018,66.419,-10.878,0,0,1,8,4,R,"Floră",190,85,0.403,3,71,W,Y,4137.474,140,97,139,122,9,144,91,-21.848,-32.709,-0.75,0,0.545,-521.123,-230.924,187.363,-0.239,-37.122,0,"Rite_",-0.064,-17.55,0,"encounter v",-18.974,-43.635,0,"ゆっち一",-14.771,-62.989,0,"_해낮_",18.74,-49.737,93,"_앰프_",10.491,-62.921,0,"Kr_Luna",42.126,-95.426,0,"AI",0,-109.84,0,"눈꽃",-42.117,-96.504,0,4137.409,2.165,-21.495,4139.175,4,"_해낮_",17.909,-45.891,0,0,,,,,73,2
152,8,0,7,4,0,0,2,0,0,0,255,255,255,65,4157.913,"Sabo_10",L,3,73,115,1.492,1.15,-0.927,1.444,-0.032,2.268,-36.535,64.17,0,90,10,1,0,406.403,0,-3.001,0,0,0,0,5,R,"CoalCat",170.2,80,0.405,0,71,W,Y,0,0,0,0,0,0,0,0,0,0,0,0,0,0,0,0,0.102,-37.258,0,"Rite_",-0.068,-17.561,0,"encounter v",-19.245,-43.812,0,"ゆっち一",-15.324,-63.377,0,"_해낮_",19.901,-50.107,0,"_앰프_",10.653,-63.965,0,"Kr_Luna",40.237,-92.582,0,"AI",0,-109.84,0,"눈꽃",-42.282,-92.737,0,0,0,0,0,0,"",0,0,0,0,4159.25,,,,0,0
153,8,0,7,4,1,0,2,0,0,0,255,255,255,66,4170.731,"Sabo_10",L,3,84,126,3.603,0.001,-0.66,1.363,1.024,1.785,-36.535,38.309,0,100,0,4,0,365.835,144.793,-11.565,0,0,1,0,5,R,"CoalCat",170.2,80,0.405,0,71,W,Y,0,0,0,0,0,0,0,0,0,0,0,0,0,0,0,0,0.052,-37.278,0,"Rite_",-0.046,-17.641,0,"encounter v",-19.126,-43.864,0,"ゆっち一",-15.213,-63.354,0,"_해낮_",19.961,-50.063,0,"_앰프_",10.205,-61.968,0,"Kr_Luna",40.24,-92.578,0,"AI",0,-109.84,0,"눈꽃",-42.274,-92.756,0,0,0,0,0,0,"",0,0,0,0,4171.892,,,,0,0
154,8,0,7,4,1,1,2,0,0,0,255,255,255,67,4183.342,"Sabo_10",L,3,81,121,3.142,0.505,-0.728,1.393,0.707,1.895,-36.535,43.854,0,100,0,2,0,419.331,0,-7.071,0,0,1,0,5,R,"CoalCat",170.2,80,0.405,3,71,W,Y,4184.379,247,104,49,64,9,136,79,-70.897,-71.841,-0.77,0,0.311,-436.15,-138.591,388.028,0.208,-36.979,0,"Rite_",-0.045,-17.607,0,"encounter v",-19.085,-43.695,0,"ゆっち一",-15.585,-62.934,0,"_해낮_",19.449,-50.66,0,"_앰프_",9.588,-62.171,0,"Kr_Luna",35.694,-96.635,0,"AI",0,-109.84,0,"눈꽃",-41.896,-92.873,0,4184.284,1.667,-20.325,0,0,"",0,0,0,0,,,,,1,3
155,8,0,7,4,1,2,2,0,0,0,255,255,255,68,4202.237,"Sabo_10",L,32,78,129,0.442,1.319,-0.828,1.408,0.241,2.309,-36.535,52.942,0,100,0,2,0,-161.727,-22.848,-8.085,0,0,1,0,5,R,"CoalCat",170.2,80,0.405,3,71,W,Y,4203.203,154,43,44,37,18,122,71,-5.417,36.647,-0.77,0,0.24,-219.47,256.135,-496.214,-0.291,-37.337,0,"Rite_",-0.046,-17.607,0,"encounter v",-19.303,-44.183,90,"ゆっち一",-15.982,-62.905,0,"_해낮_",19.738,-48.485,0,"_앰프_",8.817,-62.231,0,"Kr_Luna",39.155,-92.975,0,"AI",0,-109.84,0,"눈꽃",-41.122,-90.239,0,4203.583,-5.888,-27.482,4205.108,2,"encounter v",-17.059,-42.297,0,0,,,,,10,2
156,9,1,7,4,0,0,0,0,0,0,255,255,255,86,4250.241,"Gonyong",R,13,83,107,-0.951,-0.085,0.341,1.969,0.287,2.027,-36.843,37.812,82,14,3,2,0,-359.562,336.696,5.77,0,0,1,3,2,L,"encounter v",190,82.544,0.499,3,71,W,Y,4251.421,255,121,128,80,61,145,91,-21.057,20.744,-0.78,0,0.448,-363.278,39.88,475.856,-0.678,-37.925,0,"Pring__",-0.051,-17.428,0,"하루（Haru）",-18.751,-45.783,85,"須磨-suma-",-12.434,-69.361,95,"Floră",18.642,-44.768,0,"CoalCat",14.728,-62.712,0,"인생최패망자",54.611,-97.462,0,"ddil_ddil69",-0.779,-114.727,0,"소솨소솨",-42.261,-96.434,0,4251.409,-1.065,-22.389,4253.784,3,"須磨-suma-",-16.77,-61.917,0,0,,,,,82,2
157,9,1,7,4,0,0,1,0,0,0,255,255,255,87,4272.145,"Gonyong",R,3,76,104,-0.952,0.579,0.389,1.954,0.436,2.015,-36.843,47.007,75,20,4,2,0,-420.497,38.054,7.171,0,0,1,4,3,L,"ゆっち一",179.5,84.105,0.397,3,71,W,Y,4273.334,255,120,88,110,53,145,127,26.95,8.834,0.35,0,0.362,394.647,-335.482,-302.83,-0.453,-38.192,0,"Pring__",-0.059,-17.594,0,"하루（Haru）",-18.961,-45.817,0,"須磨-suma-",-11.384,-65.95,0,"Floră",18.978,-44.739,85,"CoalCat",13.936,-61.571,0,"인생최패망자",53.684,-97.33,0,"ddil_ddil69",-1.696,-118.576,96,"소솨소솨",-44.716,-99.165,0,4278.967,-7.836,-132.316,4282.008,7,"ddil_ddil69",-7.288,-120.933,1,0,,4284.598,,,290,2
158,9,1,7,4,0,0,1,0,1,0,255,3,255,88,4305.984,"Gonyong",R,32,81,132,0.843,1.004,0.275,1.965,0.123,2.203,-36.843,54.018,78,20,2,2,0,156.709,-27.96,20.789,0,0,0,5,6,L,"Kr_Luna",190,95.297,0.498,3,71,W,Y,4306.821,174,108,164,47,22,145,128,20.666,-13.633,0.72,0,0.132,147.938,-570.914,-110.326,-0.217,-37.086,0,"Pring__",-0.02,-17.665,0,"하루（Haru）",-18.666,-45.446,0,"須磨-suma-",-1.284,-63.061,0,"Floră",18.284,-44.191,0,"CoalCat",13.806,-61.796,0,"인생최패망자",54.108,-97.587,109,"ddil_ddil69",-0.076,-121.232,0,"소솨소솨",-39.673,-97.666,0,4311.434,40.271,-123.274,4313.975,6,"인생최패망자",32.736,-114.709,1,0,,4317.284,4310.626,4316.036,130,2
159,9,1,8,4,0,0,1,0,1,0,255,6,255,89,4334.855,"Gonyong",R,13,73,112,0.354,-0.631,0.429,1.795,0.837,1.651,-36.843,32.861,80,20,0,2,0,-373.017,332.954,-7.447,0,0,1,6,4,R,"_해낮_",190,92,0.5,3,71,W,Y,4335.912,139,80,82,67,40,140,130,10.524,35.788,0.35,0,0.248,37.451,529.531,279.632,-0.428,-38.207,0,"Pring__",-0.002,-17.913,0,"하루（Haru）",-19.238,-44.505,73,"須磨-suma-",-16.435,-68.431,0,"Floră",15.895,-45,0,"CoalCat",5.939,-63.778,0,"인생최패망자",38.67,-104.64,0,"ddil_ddil69",0.793,-117.315,0,"소솨소솨",-46.953,-97.818,105,4338.025,-43.617,-72.415,4341.242,8,"소솨소솨",-64.899,-95.987,1,0,,4346.512,4340.811,4345.9,70,2
160,9,1,9,4,0,0,1,0,1,0,255,4,255,90,4363.466,"Gonyong",R,3,68,110,-0.498,0.057,0.385,1.794,0.634,1.65,-36.843,46.386,76,21,3,2,0,-452.429,0,7.146,0,0,1,7,1,R,"Rite_",190,80,0.453,3,51,W,Y,4365.088,255,153,109,104,82,145,105,112.203,-59.794,-0.13,0,0.493,284.402,-337.322,406.607,-0.407,-37.599,0,"Pring__",-0.034,-17.532,0,"하루（Haru）",-19.596,-45.126,0,"須磨-suma-",-17.639,-68.514,0,"Floră",16.894,-45.298,0,"CoalCat",5.76,-62.919,0,"인생최패망자",39.592,-79.839,0,"ddil_ddil69",-0.528,-120.356,0,"소솨소솨",-46.69,-94.794,0,0,0,0,0,0,"",0,0,0,0,,4367.453,,,2,3
161,9,1,9,4,0,1,1,0,1,0,255,4,255,91,4379.912,"Gonyong",R,3,67,97,1.389,0.936,0.722,2.053,1.468,2.21,-36.843,59.024,75,18,7,0,0,-393.361,0,7.575,0,0,0,7,1,R,"Rite_",190,80,0.453,0,71,W,Y,0,0,0,0,0,0,0,0,0,0,0,0,0,0,0,0,0.075,-38.309,0,"Pring__",-0.028,-17.673,0,"하루（Haru）",-19.844,-44.518,0,"須磨-suma-",-18.136,-68.586,0,"Floră",17.429,-43.517,0,"CoalCat",6.802,-62.579,0,"인생최패망자",39.939,-88.687,0,"ddil_ddil69",-1.142,-119.509,0,"소솨소솨",-44.936,-92.004,0,0,0,0,0,0,"",0,0,0,0,4381.942,4384.453,,,0,0
162,9,1,9,4,0,2,1,0,1,0,255,4,255,92,4394.64,"Gonyong",R,26,77,114,2.901,1.067,0.545,1.983,0.918,2.058,-36.843,50.501,82,16,3,2,0,181.563,-200,-10.383,0,0,1,7,1,R,"Rite_",190,80,0.453,3,51,W,Y,4396.341,244,138,149,65,39,145,112,31.184,-27.027,0.1,0,0.262,144.886,-547.757,197.408,-0.176,-38.063,0,"Pring__",0.005,-17.435,95,"하루（Haru）",-19.276,-45.526,0,"須磨-suma-",-18.019,-68.509,0,"Floră",16.251,-44.917,0,"CoalCat",6.57,-62.593,0,"인생최패망자",39.767,-88.466,126,"ddil_ddil69",-1.079,-119.557,0,"소솨소솨",-45.001,-92.54,0,4401.325,55.082,-99.814,4404.133,6,"인생최패망자",56.311,-106.491,1,0,4409.142,4406.675,4402.83,4407.95,138,2
163,9,1,10,4,0,0,1,0,1,0,255,1,255,93,4427.611,"Gonyong",R,0,73,112,0.817,0.622,0.36,1.946,0.345,1.986,-36.843,54.34,79,20,1,0,0,0,0,8.361,0,0,1,0,0,L,"Sabo_10",185.3,89.575,0.449,0,71,W,Y,0,0,0,0,0,0,0,0,0,0,0,0,0,0,0,0,-0.414,-38.067,0,"Pring__",0.058,-17.838,0,"하루（Haru）",-18.95,-46.007,0,"須磨-suma-",-10.139,-69.55,0,"Floră",17.945,-42.533,0,"CoalCat",13.083,-62.05,0,"인생최패망자",50.947,-92.183,0,"ddil_ddil69",2.105,-122.537,0,"소솨소솨",-41.046,-95.507,0,0,0,0,0,0,"",0,0,0,0,4429,4430.253,,,0,0
164,9,1,10,4,0,1,1,0,1,0,255,1,255,94,4441.894,"Gonyong",R,4,56,94,-0.162,0.832,0.348,2.012,0.308,2.132,-36.843,70.816,74,26,0,2,0,-166.509,0,8.231,0,0,1,0,0,L,"Sabo_10",185.3,89.575,0.449,3,71,W,Y,4442.998,169,63,161,75,47,145,90,100.096,47.481,-0.76,0,0.502,448.236,-393.742,63.653,-0.229,-37.352,0,"Pring__",0.033,-17.801,0,"하루（Haru）",-18.956,-45.977,0,"須磨-suma-",-6.705,-66.154,0,"Floră",16.233,-43.251,0,"CoalCat",13.154,-61.94,0,"인생최패망자",52.81,-92.86,0,"ddil_ddil69",2.126,-122.575,0,"소솨소솨",-42.408,-96.831,0,0,0,0,0,0,"",0,0,0,0,,4446.834,,,2,3
165,9,1,10,4,0,2,1,0,1,0,255,1,255,95,4459.651,"Gonyong",R,3,79,122,-0.321,0.045,0.319,1.786,0.327,1.623,-36.843,38.787,77,19,4,2,0,-285.921,0,5.806,0,0,1,0,0,L,"Sabo_10",185.3,89.575,0.449,3,71,W,Y,4460.551,255,107,103,114,51,145,125,-1.125,5.97,0.22,0,0.66,-456.531,-380.901,80.586,-0.454,-37.836,0,"Pring__",-0.016,-17.778,0,"하루（Haru）",-18.667,-44.607,111,"須磨-suma-",-9.74,-66.956,0,"Floră",15.639,-42.371,87,"CoalCat",14.29,-62.07,0,"인생최패망자",53.528,-93.641,0,"ddil_ddil69",2.647,-123.864,0,"소솨소솨",-43.632,-97.952,0,4460.825,-1.44,-36.426,4462.125,3,"須磨-suma-",-5.088,-63.852,0,0,,,4466.306,,338,2
166,9,1,10,4,0,0,2,0,0,1,255,255,1,96,4491.447,"Gonyong",R,27,80,131,1.729,0.989,0.364,1.891,0.536,1.998,-36.843,40.832,79,19,2,2,0,135.604,-138.793,10.824,0,0,1,1,5,R,"_앰프_",170.2,80,0.4,3,71,W,Y,4492.551,255,102,50,61,31,136,80,103.756,-51.37,-0.76,0,0.259,548.19,-207.37,128.395,-0.043,-37.72,0,"Pring__",0.007,-17.814,0,"하루（Haru）",-19.641,-45.439,0,"須磨-suma-",-14.277,-64.503,0,"Floră",20.724,-48.7,0,"CoalCat",9.209,-65.241,0,"인생최패망자",39.78,-89.7,0,"ddil_ddil69",0.031,-118.015,0,"소솨소솨",-43.257,-93.298,0,0,0,0,0,0,"",0,0,0,0,,,4496.734,,2,3
167,9,1,10,4,0,1,2,0,0,1,255,255,1,97,4508.453,"Gonyong",R,13,80,117,-0.262,-1.496,0.364,1.673,0.535,1.211,-36.843,21.823,45,52,4,1,0,-375.032,330.683,-5.713,0,0,0,1,5,R,"_앰프_",170.2,80,0.4,0,71,W,Y,0,0,0,0,0,0,0,0,0,0,0,0,0,0,0,0,-0.254,-38.351,0,"Pring__",-0.02,-17.715,0,"하루（Haru）",-19.683,-45.261,0,"須磨-suma-",-14.097,-64.443,0,"Floră",22.04,-49.863,0,"CoalCat",8.909,-64.779,0,"인생최패망자",38.246,-88.341,0,"ddil_ddil69",-1.103,-117.691,0,"소솨소솨",-41.344,-89.443,0,0,0,0,0,0,"",0,0,0,0,4510.1,,4511.465,,0,0
168,9,1,10,4,1,1,2,0,0,1,255,255,1,98,4522.175,"Gonyong",R,32,75,126,1.983,0.01,0.377,1.769,0.597,1.556,-36.843,46.729,78,21,1,2,0,159.787,-33.848,8.45,0,0,1,1,5,R,"_앰프_",170.2,80,0.4,3,71,W,Y,4523.237,255,124,84,81,36,145,95,6.39,-6.78,-0.2,0,0.22,-248.59,540.822,75.595,-0.021,-37.574,0,"Pring__",-0.035,-17.792,0,"하루（Haru）",-19.278,-44.602,0,"須磨-suma-",-13.897,-64.097,0,"Floră",22.248,-50.014,0,"CoalCat",8.988,-64.691,103,"인생최패망자",39.558,-90.615,0,"ddil_ddil69",-1.126,-117.736,0,"소솨소솨",-41.389,-89.483,0,4524.492,2.754,-54.043,4525.3,5,"CoalCat",2.902,-60.589,0,0,,,,,65,2
169,9,0,10,4,0,0,0,0,0,0,255,255,255,69,4562.156,"Sabo_10",L,3,76,120,2.032,0.729,-0.825,1.42,0.451,2.078,-36.535,63.529,0,89,11,1,0,283.802,0,-5.449,0,0,0,1,0,R,"Gonyong",190,85.335,0.2,0,71,W,Y,0,0,0,0,0,0,0,0,0,0,0,0,0,0,0,0,-0.092,-37.282,0,"Rite_",-0.041,-17.338,0,"encounter v",-19.656,-44.877,0,"ゆっち一",-16.198,-63.062,0,"_해낮_",18.832,-50.356,0,"_앰프_",10.242,-63.618,0,"Kr_Luna",36.9,-86.504,0,"AI",0,-109.84,0,"눈꽃",-45.032,-99.351,0,0,0,0,0,0,"",0,0,0,0,4563.45,,,,0,0
170,9,0,10,4,1,0,0,0,0,0,255,255,255,70,4577.366,"Sabo_10",L,3,77,117,1.471,0.864,-0.786,1.386,-0.029,2.17,-36.535,48.941,0,98,2,2,0,408.981,0,-7.869,0,0,1,1,0,R,"Gonyong",190,85.335,0.2,3,71,W,Y,4578.618,229,158,180,98,28,145,100,28.635,-55.262,0.98,0,0.277,302.938,-495.829,-149.606,0.191,-37.169,0,"Rite_",-0.028,-17.189,0,"encounter v",-19.586,-44.803,0,"ゆっち一",-16.58,-63.723,0,"_해낮_",19.702,-50.096,0,"_앰프_",9.392,-63.445,0,"Kr_Luna",29.534,-93.918,0,"AI",0,-109.84,0,"눈꽃",-45.041,-99.358,0,4582.217,66.835,-55.117,0,0,"",0,0,0,0,,,,,1,3
171,9,0,10,4,1,1,0,0,0,0,255,255,255,71,4596.577,"Sabo_10",L,32,83,134,2.062,0.417,-0.629,1.343,1.166,1.756,-36.535,35.506,0,100,0,2,0,-177.615,-141.451,-25.988,0,0,0,1,0,R,"Gonyong",190,85.335,0.2,3,71,W,Y,4597.781,168,98,47,43,22,132,130,-30,27.282,0.42,0,0.272,-448.004,395.94,50.239,-0.024,-37.012,0,"Rite_",-0.023,-17.208,0,"encounter v",-19.217,-43.372,103,"ゆっち一",-14.899,-63.942,92,"_해낮_",20.315,-49.813,0,"_앰프_",9.569,-63.518,0,"Kr_Luna",40.07,-96.455,0,"AI",0,-109.84,0,"눈꽃",-46.382,-98.522,0,4597.7,-0.477,-20.464,4599.617,3,"ゆっち一",-20.674,-59.185,0,0,,,,,25,2
172,9,0,10,4,0,0,1,0,0,0,255,255,255,72,4616.885,"Sabo_10",L,3,79,118,3.408,0.491,-0.706,1.346,0.809,2.053,-36.535,41.647,0,100,0,2,0,410.881,105.23,-12.755,0,0,1,2,8,R,"소솨소솨",184.5,80,0.405,3,71,W,Y,4617.904,243,130,77,100,63,145,89,62.926,-64.601,-0.77,0,0.603,66.422,-586.372,108.425,-0.14,-37.224,0,"Rite_",-0.037,-17.163,0,"encounter v",-19.314,-44.281,0,"ゆっち一",-14.549,-63.945,0,"_해낮_",21.427,-51.518,0,"_앰프_",10.556,-63.766,0,"Kr_Luna",35.035,-98.425,0,"AI",0,-109.84,0,"눈꽃",-43.152,-96.906,0,4622.934,65.278,-39.828,0,0,"",0,0,0,0,,,,,1,3
173,9,0,10,4,0,1,1,0,0,0,255,255,255,73,4633.616,"Sabo_10",L,32,75,126,1.023,1.549,-0.72,1.485,0.741,2.517,-36.535,56.177,0,100,0,2,0,-176.366,-46.086,-11.056,0,0,1,2,8,R,"소솨소솨",184.5,80,0.405,3,71,W,Y,4634.592,255,105,102,70,34,145,107,99.108,-78.593,0.04,0,0.607,193.867,526.742,-212.035,0.219,-37.394,0,"Rite_",-0.046,-17.169,0,"encounter v",-19.354,-44.037,0,"ゆっち一",-14.166,-64.596,0,"_해낮_",20.903,-50.879,0,"_앰프_",9.809,-63.959,0,"Kr_Luna",40.723,-95.476,0,"AI",0,-109.84,0,"눈꽃",-43.265,-96.883,0,0,0,0,0,0,"",0,0,0,0,,,,,1,3
174,9,0,10,4,0,2,1,0,0,0,255,255,255,74,4649.312,"Sabo_10",L,10,77,105,1.366,-0.351,-0.681,1.376,0.615,1.987,-36.535,45.295,0,98,2,2,0,0,400,1.012,0,0,1,2,8,R,"소솨소솨",184.5,80,0.405,3,71,W,Y,4650.382,255,104,68,105,58,142,104,-30,-7.231,0.02,0,0.629,-459.012,329.428,-201.954,0.184,-37.161,0,"Rite_",-0.02,-17.202,0,"encounter v",-19.518,-44.045,87,"ゆっち一",-14.997,-63.259,0,"_해낮_",21.018,-52.054,0,"_앰프_",9.975,-63.327,103,"Kr_Luna",38.841,-93.115,0,"AI",0,-109.84,0,"눈꽃",-43.553,-96.375,0,4650.35,0.413,-22.219,4652.458,5,"_앰프_",4.891,-58.754,0,0,,,,,11,2
175,9,0,10,4,0,0,2,0,0,0,255,255,255,75,4680.382,"Sabo_10",L,3,81,112,2.72,0.81,-0.637,1.55,0.752,2.135,-36.535,49.096,0,98,2,2,0,251.463,0,-9.336,0,0,1,3,1,L,"Pring__",190,92.818,0.485,3,71,W,Y,4681.244,252,126,89,119,76,145,105,102.111,53.565,0.93,0,0.771,473.83,106.519,-352.334,-0.047,-37.167,0,"Rite_",-0.043,-17.069,0,"encounter v",-19.758,-45.251,0,"ゆっち一",-10.289,-65.684,0,"_해낮_",21.762,-51.11,0,"_앰프_",12.504,-61.845,0,"Kr_Luna",45.213,-99.89,0,"AI",0,-109.84,0,"눈꽃",-39.069,-99.466,0,0,0,0,0,0,"",0,0,0,0,,,,,1,3
176,9,0,10,4,0,1,2,0,0,0,255,255,255,76,4697.326,"Sabo_10",L,11,84,114,2.489,-0.514,-0.595,1.394,0.882,1.584,-36.535,42.606,0,100,0,2,0,125.217,229.022,-10.4,0,0,1,3,1,L,"Pring__",190,92.818,0.485,3,71,W,Y,4698.16,255,156,74,91,89,145,115,19.044,39.567,0.15,0,0.77,-172.951,-566.171,-97.664,0.217,-37.091,0,"Rite_",-0.043,-17.063,0,"encounter v",-18.807,-44.43,0,"ゆっち一",-10.374,-65.776,0,"_해낮_",22.232,-51.172,0,"_앰프_",13.872,-64.664,0,"Kr_Luna",41.957,-96.74,0,"AI",0,-109.84,0,"눈꽃",-38.122,-97.958,112,4701.567,-45.19,-91.596,4701.8,8,"눈꽃",-43.795,-88.923,0,0,,,,,4,1
