id,inn,half,scoreA,scoreB,ball,strk,out,b1,b2,b3,b1Idx,b2Idx,b3Idx,pCnt,pSec,pName,pHand,pType,pPow,spdK,zoneX,zoneY,startX,startY,targetX,targetY,zDist,pitchAngle,call,balk,sH,sV,gyro,plx,plz,bSwing,bIdx,bPos,bZone,bName,bHCm,batLen,batCen,batType,bFps,bOS,bVR,hSec,rotS,rotL,shS,lgS,prepS,batSpd,ev,ldeg,sdeg,hPos,buntGrip,handDist,angVeloX,angVeloY,angVeloZ,PPosX,PPosY,PThrSpd,CName,CPosX,CPosY,CThrSpd,1BName,1BPosX,1BPosY,1BThrSpd,2BName,2BPosX,2BPosY,2BThrSpd,3BName,3BPosX,3BPosY,3BThrSpd,SSName,SSPosX,SSPosY,SSThrSpd,LFName,LFPosX,LFPosY,LFThrSpd,CFName,CFPosX,CFPosY,CFThrSpd,RFName,RFPosX,RFPosY,RFThrSpd,ltSec,lx,lz,cSec,cPos,cPlr,cx,cz,1BSafe,tag,cpSec,sb2Sec,sb3Sec,sbhSec,ass,result
1,1,1,0,0,0,0,0,0,0,0,255,255,255,0,326.41,"Floră",R,4,43,83,4.113,-0.037,0.983,1.617,2.302,1.62,-36.344,57.928,1,0,-236.819,0,9.56,0,0,0,0,1,R,"SUGUN",190,82,0.502,0,61,W,Y,0,0,0,0,0,0,0,0,0,0,0,0,0,0,0,0,0.174,-37.483,0,"Gonyong",-0.015,-17.32,0,"CAT tourniquet",-21.426,-46.096,0,"rperdue51 768b",-12.662,-55.976,0,"bdg06213",15.191,-48.511,0,"CoalCat",8.244,-64.675,0,"AI",40.9,-90.65,0,"AI",0,-109.84,0,"아침땅_",-51.285,-94.486,0,0,0,0,0,0,"",0,0,0,0,328.158,,,,0,0
2,1,1,0,0,1,0,0,0,0,0,255,255,255,1,338.477,"Floră",R,3,54,89,1.959,-0.154,0.79,1.627,1.613,1.543,-36.344,37.871,1,0,-317.51,0,14.639,0,0,0,0,1,R,"SUGUN",190,82,0.502,0,61,W,Y,0,0,0,0,0,0,0,0,0,0,0,0,0,0,0,0,0.237,-37.596,0,"Gonyong",-0.02,-17.357,0,"CAT tourniquet",-20.108,-46.863,0,"rperdue51 768b",-12.552,-56.127,0,"bdg06213",15.971,-48.396,0,"CoalCat",8.687,-64.452,0,"AI",40.9,-90.65,0,"AI",0,-109.84,0,"아침땅_",-50.83,-94.899,0,0,0,0,0,0,"",0,0,0,0,340.092,,,,0,0
3,1,1,0,0,2,0,0,0,0,0,255,255,255,2,352.165,"Floră",R,33,93,140,-2.059,-0.84,-0.023,1.48,-1.039,1.043,-36.344,11.119,1,0,101.722,-45.431,-0.844,0,0,0,0,1,R,"SUGUN",190,82,0.502,0,61,W,Y,0,0,0,0,0,0,0,0,0,0,0,0,0,0,0,0,-0.075,-37.5,0,"Gonyong",-0.063,-17.332,0,"CAT tourniquet",-19.955,-46.827,0,"rperdue51 768b",-12.716,-56.061,0,"bdg06213",16.018,-48.998,0,"CoalCat",8.697,-64.476,0,"AI",40.902,-90.652,0,"AI",0,-109.842,0,"아침땅_",-50.825,-94.897,0,0,0,0,0,0,"",0,0,0,0,353.603,,,,0,0
4,1,1,0,0,3,0,0,0,0,0,255,255,255,3,364.515,"Floră",R,34,90,140,-3.229,-0.203,-0.124,1.606,-1.508,1.449,-36.344,4.151,4,0,75.241,-36.158,0.514,0,0,1,0,1,R,"SUGUN",190,82,0.502,0,61,W,Y,0,0,0,0,0,0,0,0,0,0,0,0,0,0,0,0,-0.058,-37.279,0,"Gonyong",-0.074,-17.309,0,"CAT tourniquet",-20.151,-46.856,0,"rperdue51 768b",-12.737,-56.127,0,"bdg06213",15.712,-48.808,0,"CoalCat",8.69,-64.454,0,"AI",40.9,-90.65,0,"AI",0,-109.84,0,"아침땅_",-50.826,-94.881,0,0,0,0,0,0,"",0,0,0,0,365.936,,,,0,0
5,1,1,0,0,3,1,0,0,0,0,255,255,255,4,376.631,"Floră",R,3,63,95,1.739,-0.359,0.692,1.557,1.525,1.411,-36.344,29.975,4,0,-341.25,0,14.804,0,0,1,0,1,R,"SUGUN",190,82,0.502,0,61,W,Y,0,0,0,0,0,0,0,0,0,0,0,0,0,0,0,0,0.11,-37.67,0,"Gonyong",-0.042,-17.353,0,"CAT tourniquet",-19.992,-46.785,0,"rperdue51 768b",-12.465,-56.16,0,"bdg06213",16.38,-49.391,0,"CoalCat",8.719,-64.452,0,"AI",40.9,-90.65,0,"AI",0,-109.84,0,"아침땅_",-50.557,-95.093,0,0,0,0,0,0,"",0,0,0,0,378.281,,,,0,0
6,1,1,0,0,3,2,0,0,0,0,255,255,255,5,393.475,"Floră",R,33,93,140,-1.688,-0.02,0.005,1.558,-0.905,1.553,-36.344,8.913,2,0,121.205,-52.117,1.412,0,0,1,0,1,R,"SUGUN",190,82,0.502,3,61,W,Y,394.527,255,43,129,65,4,145,111,110.099,-70.688,0.88,0,0.192,32.056,175.548,-22.696,-0.129,-37.226,0,"Gonyong",-0.069,-17.395,0,"CAT tourniquet",-20.043,-46.994,0,"rperdue51 768b",-12.72,-56.062,0,"bdg06213",16.588,-49.905,0,"CoalCat",8.48,-64.487,0,"AI",40.9,-90.65,0,"AI",0,-109.84,0,"아침땅_",-50.24,-95.43,0,0,0,0,0,0,"",0,0,0,0,,,,,64,3
7,1,1,0,0,3,2,0,0,0,0,255,255,255,6,408.088,"Floră",R,33,89,140,-3.366,0.443,0.038,1.495,-0.753,1.492,-36.344,13.139,2,0,114.609,-78.871,1.102,0,0,1,0,1,R,"SUGUN",190,82,0.502,3,60,W,Y,409.262,255,33,125,68,10,145,124,11.722,14.767,0.73,0,0.187,481.103,343.716,-52.924,-0.113,-37.43,120,"Gonyong",-0.119,-17.388,0,"CAT tourniquet",-20.52,-46.262,0,"rperdue51 768b",-13.658,-56.416,102,"bdg06213",16.637,-49.568,85,"CoalCat",8.741,-65.023,0,"AI",40.9,-90.65,0,"AI",0,-109.84,0,"아침땅_",-50.715,-95.001,87,413.314,-33.68,-119.855,415.992,8,"아침땅_",-30.871,-117.201,1,0,,419.676,,,114,2
8,1,1,0,0,0,0,0,0,1,0,255,1,255,7,463.798,"Floră",R,32,85,137,83.056,-0.959,0.271,1.684,0.329,1.458,-36.344,32.673,2,0,159.071,-73.682,-2.012,0,0,1,1,5,R,"3Ducks",190,80,0.496,3,60,W,Y,464.942,228,85,95,59,34,145,91,-10.834,29.437,-0.78,0.143,0.3,67.688,565.565,-19.448,0.022,-37.379,0,"Gonyong",-0.082,-17.435,0,"CAT tourniquet",-19.538,-47.261,87,"rperdue51 768b",-10.753,-58.073,0,"bdg06213",17.739,-48.267,0,"CoalCat",7.316,-60.34,0,"AI",40.9,-90.65,0,"AI",0,-109.84,0,"아침땅_",-46.158,-89.749,0,465.036,-2.762,-24.531,466.625,2,"CAT tourniquet",-15.619,-46.311,0,2,,,469.758,,72,2
9,1,1,0,0,0,0,1,0,0,1,255,255,1,8,492.668,"Floră",R,3,55,91,1.362,0.736,0.557,1.719,1.108,2.061,-36.344,18.491,2,0,-267.738,0,19.713,0,0,0,2,7,R,"うよすま",175.4,93.035,0.601,3,59,W,Y,493.982,255,7,53,37,0,135,105,112.645,-62.882,0.87,0.048,0.267,-267.084,-116.006,-468.139,-0.073,-37.517,0,"Gonyong",-0.027,-17.35,0,"CAT tourniquet",-19.889,-46.71,0,"rperdue51 768b",-12.096,-59.289,0,"bdg06213",17.849,-47.885,0,"CoalCat",8.606,-62.42,0,"Kr_Luna",35.767,-88.417,0,"AI",0,-109.84,0,"아침땅_",-46.392,-90.605,0,0,0,0,0,0,"",0,0,0,0,,,496.194,,64,3
10,1,1,0,0,0,1,1,0,0,1,255,255,1,9,509.833,"Floră",R,3,63,95,1.119,-0.367,0.612,1.603,1.264,1.417,-36.344,20.421,2,0,-355.727,0,17.563,0,0,0,2,7,R,"うよすま",175.4,93.035,0.601,3,59,W,Y,511.075,242,16,56,54,0,137,127,17.423,12.628,0.58,0.095,0.4,401.626,245.5,-39.933,-0.015,-37.588,0,"Gonyong",-0.054,-17.386,0,"CAT tourniquet",-19.966,-47.167,0,"rperdue51 768b",-13.555,-59.631,0,"bdg06213",18.635,-46.96,0,"CoalCat",10.903,-64.547,0,"Kr_Luna",37.311,-90.026,0,"AI",0,-109.84,0,"아침땅_",-46.225,-89.586,0,516.136,-32.821,-135.738,0,0,"",0,0,0,0,,521.679,526.617,517.802,64,4
11,1,1,2,0,0,0,1,0,0,0,255,255,255,10,548.942,"Floră",R,3,77,116,-2.043,0.312,0.161,1.593,-0.182,1.81,-36.344,14.236,1,0,-461.431,0,21.393,0,0,0,3,4,L,"Ainy4／あいにゃ",188.5,85,0.5,0,58,W,Y,0,0,0,0,0,0,0,0,0,0,0,0,0,0,0,0,-0.163,-37.527,0,"Gonyong",-0.043,-17.315,0,"CAT tourniquet",-20.134,-46.814,0,"rperdue51 768b",-10.611,-59.336,0,"bdg06213",20.913,-46.798,0,"CoalCat",10.81,-63.694,0,"Kr_Luna",36.587,-90.462,0,"AI",0,-109.84,0,"아침땅_",-40.07,-99.464,0,0,0,0,0,0,"",0,0,0,0,550.447,,,,0,0
12,1,1,2,0,1,0,1,0,0,0,255,255,255,11,560.769,"Floră",R,33,85,138,6.929,0.663,0.238,1.645,0.177,1.98,-36.344,35.357,2,0,135.91,-59.39,-1.403,0,0,1,3,4,L,"Ainy4／あいにゃ",188.5,85,0.5,3,58,W,Y,561.849,225,59,75,52,0,140,120,2.472,-34.816,0.18,0,0.456,-12.76,-582.478,131.011,0.217,-37.151,0,"Gonyong",-0.037,-17.333,0,"CAT tourniquet",-20.176,-46.826,85,"rperdue51 768b",-10.694,-59.301,0,"bdg06213",19.948,-47.031,93,"CoalCat",10.451,-63.588,0,"Kr_Luna",36.572,-90.553,0,"AI",0,-109.84,0,"아침땅_",-40.029,-99.299,0,562.736,20.943,-47.439,563.147,4,"bdg06213",19.584,-45.78,0,0,,,,,104,2
13,1,1,2,0,0,0,2,0,0,0,255,255,255,12,589.687,"Floră",R,3,56,89,-2.119,-0.176,0.141,1.692,-0.184,1.53,-36.344,16.686,1,0,-370.419,0,12.399,0,0,0,4,3,R,"Mr․D VRC",174.7,90.791,0.454,0,58,W,Y,0,0,0,0,0,0,0,0,0,0,0,0,0,0,0,0,0.046,-37.651,0,"Gonyong",-0.292,-17.32,0,"CAT tourniquet",-19.495,-45.543,0,"rperdue51 768b",-11.055,-57.41,0,"bdg06213",19.698,-49.76,0,"CoalCat",10.013,-63.064,0,"Kr_Luna",33.64,-92.751,0,"AI",0,-109.84,0,"아침땅_",-47.01,-92.395,0,0,0,0,0,0,"",0,0,0,0,591.57,,,,0,0
14,1,1,2,0,1,0,2,0,0,0,255,255,255,13,604.521,"Floră",R,3,78,118,-4.998,-0.236,-0.125,1.493,-1.513,1.472,-36.344,8.607,1,0,-395.469,0,17.074,0,0,0,4,3,R,"Mr․D VRC",174.7,90.791,0.454,0,58,W,Y,0,0,0,0,0,0,0,0,0,0,0,0,0,0,0,0,-0.112,-37.471,0,"Gonyong",-0.121,-17.337,0,"CAT tourniquet",-19.485,-45.638,0,"rperdue51 768b",-10.889,-58.072,0,"bdg06213",19.709,-49.647,0,"CoalCat",10.001,-63.083,0,"Kr_Luna",33.827,-92.628,0,"AI",0,-109.84,0,"아침땅_",-46.839,-92.328,0,0,0,0,0,0,"",0,0,0,0,606.058,,,,0,0
15,1,1,2,0,2,0,2,0,0,0,255,255,255,14,619.797,"Floră",R,33,84,136,0.22,0.108,0.098,1.536,-0.476,1.623,-36.344,21.429,2,0,107.345,-27.274,0.414,0,0,1,4,3,R,"Mr․D VRC",174.7,90.791,0.454,3,58,W,Y,620.9,94,67,92,74,37,133,126,2.887,11.624,0.42,0,0.195,-211.372,513.235,-217.795,-0.218,-37.213,0,"Gonyong",-0.072,-17.465,0,"CAT tourniquet",-20.516,-47.065,0,"rperdue51 768b",-11.351,-57.953,109,"bdg06213",19.104,-49.522,0,"CoalCat",9.96,-63.069,0,"Kr_Luna",33.852,-92.642,0,"AI",0,-109.84,0,"아침땅_",-46.39,-92.767,0,621.759,-8.764,-53.988,622.647,3,"rperdue51 768b",-9.014,-54.863,0,0,648.836,,,,185,2
16,1,0,2,0,0,0,0,0,0,0,255,255,255,0,751.564,"まととまと",R,30,87,140,-2.198,-0.922,0.025,1.89,-0.814,0.924,-36.582,20.117,1,0,-104.732,-100.865,20.186,0,0,0,0,1,R,"Gonyong",190,80,0.2,0,56,W,Y,0,0,0,0,0,0,0,0,0,0,0,0,0,0,0,0,-0.203,-37.011,0,"SUGUN",-0.168,-17.336,0,"Rite_",-21.332,-47.436,0,"Mr․D VRC",-16.064,-62.753,0,"Ainy4／あいにゃ",21.625,-49.087,0,"3Ducks",12.896,-61.989,0,"눈꽃",39.331,-85.957,0,"うよすま",-8.571,-112.537,0,"kneesohime",-48.192,-91.199,0,0,0,0,0,0,"",0,0,0,0,753.192,,,,0,0
17,1,0,2,0,0,1,0,0,0,0,255,255,255,1,769.338,"まととまと",R,10,82,109,-0.491,-1.272,0.13,1.971,-0.217,1.341,-36.582,44.048,1,0,0,400,4.31,0,0,0,0,1,R,"Gonyong",190,80,0.2,0,40,W,Y,0,0,0,0,0,0,0,0,0,0,0,0,0,0,0,0,-0.188,-37.449,0,"SUGUN",-0.1,-17.34,0,"Rite_",-21.95,-48.112,0,"Mr․D VRC",-17.257,-62.378,0,"Ainy4／あいにゃ",21.625,-49.125,0,"3Ducks",12.198,-61.121,0,"눈꽃",39.614,-86.662,0,"うよすま",-7.616,-111.327,0,"kneesohime",-49.794,-98.633,0,0,0,0,0,0,"",0,0,0,0,771.103,,,,0,0
18,1,0,2,0,0,2,0,0,0,0,255,255,255,2,786.851,"まととまと",R,10,97,121,0.317,-1.467,0.242,1.876,0.131,1.137,-36.582,37.82,2,0,0,400,-0.601,0,0,0,0,1,R,"Gonyong",190,80,0.2,3,40,W,Y,787.93,255,161,90,111,22,145,130,-15.001,-11.34,0.64,0.095,0.24,287.327,-93.649,-176.822,0.092,-36.844,0,"SUGUN",-0.103,-17.281,0,"Rite_",-21.741,-47.974,85,"Mr․D VRC",-17.226,-62.413,0,"Ainy4／あいにゃ",21.471,-49.133,0,"3Ducks",11.979,-61.044,0,"눈꽃",36.527,-92.553,0,"うよすま",-10.516,-113.605,0,"kneesohime",-51.603,-96.169,0,787.803,0.31,-21.336,789.692,5,"3Ducks",7.684,-58.06,1,0,,,,,162,2
19,1,0,2,0,0,0,0,1,0,0,11,255,255,3,836.033,"まととまと",R,38,52,95,0.071,0.163,0.328,2.121,-0.028,1.682,-36.582,65.845,0,0,26.117,-27.962,1.228,0,0,1,1,7,R,"Casius0810",190,95,0.5,0,40,W,Y,0,0,0,0,0,0,0,0,0,0,0,0,0,0,0,0,-0.085,-37.106,0,"SUGUN",-0.448,-18.125,0,"Rite_",-20.522,-40.467,0,"Mr․D VRC",-3.774,-60.613,0,"Ainy4／あいにゃ",21.333,-48.272,0,"3Ducks",1.364,-59.898,0,"눈꽃",38.976,-87.979,0,"うよすま",-0.683,-99.117,0,"kneesohime",-44.882,-88.713,0,0,0,0,0,0,"",0,0,0,0,837.67,839.387,,,0,0
20,1,0,2,0,0,1,0,0,1,0,255,11,255,4,859.684,"まととまと",R,38,56,98,-0.674,-0.054,0.111,2.055,-0.275,1.523,-36.582,38.283,0,0,-10.494,-46.112,7.066,0,0,1,1,7,R,"Casius0810",190,95,0.5,0,40,W,Y,0,0,0,0,0,0,0,0,0,0,0,0,0,0,0,0,-0.222,-37.063,0,"SUGUN",-0.391,-18.772,0,"Rite_",-21.35,-46.878,0,"Mr․D VRC",-15.703,-64.517,0,"Ainy4／あいにゃ",21.489,-48.833,0,"3Ducks",11.034,-62.074,0,"눈꽃",37.519,-87.692,0,"うよすま",-4.073,-100.954,0,"kneesohime",-40.37,-80.419,0,0,0,0,0,0,"",0,0,0,0,861.325,862.522,,,0,0
21,1,0,2,0,0,2,0,0,1,0,255,11,255,5,882.146,"まととまと",R,41,48,91,-0.136,-0.1,0.262,2.083,0.041,1.467,-36.582,51.121,0,0,-47.359,-67.327,9.808,0,0,1,1,7,R,"Casius0810",190,95,0.5,0,40,W,Y,0,0,0,0,0,0,0,0,0,0,0,0,0,0,0,0,-0.035,-37.148,0,"SUGUN",-0.021,-17.214,0,"Rite_",-21.01,-44.581,0,"Mr․D VRC",-16.967,-62.632,0,"Ainy4／あいにゃ",21.057,-48.536,0,"3Ducks",10.694,-61.952,0,"눈꽃",37.492,-87.703,0,"うよすま",-5.086,-103.177,0,"kneesohime",-40.463,-80.235,0,0,0,0,0,0,"",0,0,0,0,883.936,885.61,,,0,0
22,1,0,2,0,0,0,1,0,1,0,255,11,255,6,905.391,"まととまと",R,28,75,126,0.34,0.459,0.23,2.129,0.142,1.705,-36.582,57.06,0,0,-0.507,-90.966,8.207,0,0,0,2,8,R,"아침땅_",160,94.936,0.502,0,54,W,Y,0,0,0,0,0,0,0,0,0,0,0,0,0,0,0,0,-0.408,-37.215,0,"SUGUN",-0.059,-17.301,0,"Rite_",-22.269,-48.118,0,"Mr․D VRC",-16.22,-62.37,0,"Ainy4／あいにゃ",21.401,-48.805,0,"3Ducks",11.038,-61.465,0,"눈꽃",35.968,-92.602,0,"うよすま",-3.928,-102.2,0,"kneesohime",-45.057,-87.473,0,0,0,0,0,0,"",0,0,0,0,906.481,908.264,,,0,0
23,1,0,2,0,0,1,1,0,1,0,255,11,255,7,916.474,"まととまと",R,34,74,126,1.836,0.844,0.426,2.151,0.676,1.948,-36.582,78.498,2,0,73.27,-56.734,4.174,0,0,1,2,8,R,"아침땅_",160,94.936,0.502,3,54,W,Y,917.402,177,88,80,73,30,145,83,109.446,55.053,-0.66,0,0.339,275.509,-213.426,75.428,0.089,-36.724,0,"SUGUN",-0.037,-17.238,0,"Rite_",-22.122,-47.981,0,"Mr․D VRC",-16.436,-62.856,0,"Ainy4／あいにゃ",21.596,-48.482,0,"3Ducks",7.296,-63.039,0,"눈꽃",35.97,-92.627,0,"うよすま",-5.763,-106.216,0,"kneesohime",-45.847,-87.584,0,922.67,35.433,10.346,0,0,"",0,0,0,0,,920.596,,,128,3
24,1,0,2,0,0,2,1,0,1,0,255,11,255,8,935.679,"まととまと",R,10,85,129,-1.856,-2.97,0.025,1.846,-0.812,0.619,-36.582,27.3,1,0,2.701,337.447,13.83,-0.358,-19.789,0,2,8,R,"아침땅_",160,94.936,0.502,0,54,W,Y,0,0,0,0,0,0,0,0,0,0,0,0,0,0,0,0,-0.33,-37.113,0,"SUGUN",0.497,-18.842,0,"Rite_",-21.854,-48.265,0,"Mr․D VRC",-15.95,-63.34,0,"Ainy4／あいにゃ",21.628,-46.968,0,"3Ducks",7.978,-60.61,0,"눈꽃",37.534,-94.309,0,"うよすま",-4.543,-107.089,0,"kneesohime",-45.147,-89.932,0,0,0,0,0,0,"",0,0,0,0,936.759,939.525,,,0,0
25,1,0,2,0,1,2,1,0,1,0,255,11,255,9,952.385,"まととまと",R,10,87,129,3.297,-2.97,0.062,1.866,-0.642,0.695,-36.582,25.896,2,0,0,367.225,9.595,0,0,1,2,8,R,"아침땅_",160,94.936,0.502,3,54,W,Y,953.324,141,84,117,78,35,145,103,-30,27.376,0.91,0.095,0.313,-310.002,244.807,-79.63,-0.689,-36.791,0,"SUGUN",-0.211,-17.376,109,"Rite_",-21.836,-47.375,0,"Mr․D VRC",-14.997,-62.886,95,"Ainy4／あいにゃ",21.128,-48.073,0,"3Ducks",9.17,-61.64,0,"눈꽃",37.642,-93.201,0,"うよすま",-7.168,-105.237,0,"kneesohime",-45.182,-90.029,0,953.058,-0.299,-20.125,955.259,3,"Mr․D VRC",-18.776,-55.604,0,0,961.547,,957.746,,177,2
26,1,0,2,0,0,0,2,0,0,1,255,255,11,10,973.811,"まととまと",R,28,78,129,1.504,0.759,0.329,2.176,0.602,1.879,-36.582,56.086,1,0,31.13,-93.66,4.502,0,0,0,3,5,R,"CoalCat",165.4,85.053,0.503,0,54,W,Y,0,0,0,0,0,0,0,0,0,0,0,0,0,0,0,0,0.185,-37.235,0,"SUGUN",-0.051,-17.262,0,"Rite_",-21.282,-47.145,0,"Mr․D VRC",-16.375,-63.366,0,"Ainy4／あいにゃ",19.82,-43.204,0,"3Ducks",11.103,-62.666,0,"눈꽃",34.346,-90.272,0,"うよすま",-6.719,-107.151,0,"kneesohime",-45.937,-93.816,0,0,0,0,0,0,"",0,0,0,0,975.459,,,,0,0
27,1,0,2,0,1,0,2,0,0,1,255,255,11,11,984.493,"まととまと",R,38,18,83,1.984,-1.025,0.407,1.857,0.811,1.06,-36.582,146.05,1,0,15.537,1.485,1.287,0,0,0,3,5,R,"CoalCat",165.4,85.053,0.503,0,54,W,Y,0,0,0,0,0,0,0,0,0,0,0,0,0,0,0,0,0.105,-37.014,0,"SUGUN",0.016,-17.281,0,"Rite_",-22.258,-48.192,0,"Mr․D VRC",-16.479,-63.24,0,"Ainy4／あいにゃ",18.928,-41.766,0,"3Ducks",11.197,-62.591,0,"눈꽃",34.369,-90.263,0,"うよすま",-5.178,-105.859,0,"kneesohime",-45.944,-93.861,0,0,0,0,0,0,"",0,0,0,0,986.136,,987.813,,0,0
28,1,0,2,0,1,1,2,0,0,1,255,255,11,12,999.456,"まととまと",R,12,80,127,-0.241,0.868,0.239,2.097,0.184,1.584,-36.582,63.525,2,0,0,94.694,8.249,0,0,1,3,5,R,"CoalCat",165.4,85.053,0.503,3,54,W,Y,1000.66,255,54,61,99,0,138,82,-42.449,-22.29,-0.59,0,0.277,327.043,255.843,144.114,0.116,-36.796,0,"SUGUN",-0.039,-17.317,0,"Rite_",-22.118,-48.089,0,"Mr․D VRC",-16.591,-63.116,0,"Ainy4／あいにゃ",18.891,-44.347,113,"3Ducks",11.181,-62.801,0,"눈꽃",34.371,-90.268,0,"うよすま",-6.805,-105.354,0,"kneesohime",-46.703,-93.768,0,1000.458,0.411,-21.003,1002.536,4,"Ainy4／あいにゃ",10.446,-45.655,0,0,,,,1005.346,296,2
29,2,1,2,0,0,0,0,0,0,0,255,255,255,15,1051.867,"Floră",R,3,54,91,0.385,0.809,0.656,1.614,0.645,2.153,-36.344,23.173,2,0,-252.038,0,16.805,0,0,1,5,2,R,"Rite_",190,80,0.453,3,54,W,Y,1053.249,255,112,152,137,55,145,95,39.289,10.047,-0.59,0,0.377,306.905,221.739,433.469,0.075,-37.475,0,"Gonyong",-0.076,-17.207,0,"CAT tourniquet",-20.006,-46.378,0,"rperdue51 768b",-9.782,-61.493,0,"bdg06213",18.285,-49.416,0,"CoalCat",9.049,-63.304,68,"Kr_Luna",34.993,-92.02,0,"Casius0810",-0.016,-111.072,0,"아침땅_",-49.493,-95.024,95,1058.303,-19.478,-92.479,1060.469,8,"아침땅_",-26.503,-100.895,1,0,,1063.617,,,268,2
30,2,1,2,0,0,0,0,0,1,0,255,2,255,16,1101.204,"Floră",R,33,86,140,-2.21,-0.899,-0.043,1.562,-1.131,1.012,-36.344,11.737,1,0,146.881,-72.672,2.794,0,0,0,6,8,R,"kneesohime",174.9,85,0.498,0,53,W,Y,0,0,0,0,0,0,0,0,0,0,0,0,0,0,0,0,-0.154,-37.658,0,"Gonyong",-0.095,-17.155,0,"CAT tourniquet",-19.656,-46.194,0,"rperdue51 768b",-9.928,-58.503,0,"bdg06213",19.23,-46.007,0,"CoalCat",7.139,-60.996,0,"Kr_Luna",36.134,-91.906,0,"Casius0810",-0.659,-112.239,0,"아침땅_",-46.195,-92.209,0,0,0,0,0,0,"",0,0,0,0,1102.614,1103.362,,,0,0
31,2,1,2,0,1,0,0,0,1,0,255,2,255,17,1112.175,"Floră",R,3,74,114,-0.808,-0.413,0.29,1.663,0.418,1.365,-36.344,23.531,2,0,-450.84,0,14.219,0,0,1,6,8,R,"kneesohime",174.9,85,0.498,3,53,W,Y,1113.351,255,121,124,95,91,145,107,27.66,39.892,0.1,0,0.285,356.173,-126.343,129.024,0.019,-37.285,0,"Gonyong",-0.04,-17.333,0,"CAT tourniquet",-20.368,-46.777,0,"rperdue51 768b",-9.095,-59.534,0,"bdg06213",19.657,-47.804,0,"CoalCat",7.511,-61.907,85,"Kr_Luna",36.132,-91.911,0,"Casius0810",-0.715,-112.202,0,"아침땅_",-46.216,-92.197,0,1118.058,-61.547,-95.483,1118.314,4,"Ainy4／あいにゃ",-60.86,-94.567,0,0,,1121.688,,,268,1
32,2,1,2,0,0,0,1,0,1,0,255,2,255,18,1142.74,"Floră",R,3,69,111,0.764,-0.058,0.409,1.524,0.973,1.586,-36.344,23.506,2,0,-417.615,0,16.802,0,0,1,7,6,L,"눈꽃",190,90,0.6,3,53,W,Y,1143.877,255,111,106,86,39,145,101,-31.004,10.866,-0.28,0,0.348,-368.13,-37.645,265.918,-0.019,-37.383,0,"Gonyong",-0.028,-17.332,0,"CAT tourniquet",-19.942,-47.103,0,"rperdue51 768b",-10.257,-58.019,114,"bdg06213",20.747,-47.982,0,"CoalCat",10.249,-64.53,0,"Kr_Luna",40.871,-89.343,0,"Casius0810",-0.587,-112.522,0,"아침땅_",-43.481,-98.826,0,1143.614,0.073,-20.944,1145.969,3,"rperdue51 768b",-6.026,-52.841,1,128,,1146.647,,,352,2
33,2,1,2,0,0,0,1,1,1,0,6,2,255,19,1181.971,"Floră",R,3,49,85,2.33,-0.294,0.911,1.464,1.796,1.471,-36.344,40.453,1,0,-321.674,0,14.497,0,0,0,8,0,R,"まととまと",179.5,90.039,0.5,0,53,W,Y,0,0,0,0,0,0,0,0,0,0,0,0,0,0,0,0,-0.027,-37.766,0,"Gonyong",-0.019,-17.303,0,"CAT tourniquet",-19.672,-44.074,0,"rperdue51 768b",-8.456,-60.56,0,"bdg06213",19.349,-48.161,0,"CoalCat",6.659,-60.421,0,"Kr_Luna",38.932,-91.716,0,"Casius0810",-0.712,-112.373,0,"아침땅_",-48.256,-95.224,0,0,0,0,0,0,"",0,0,0,0,1183.725,1184.926,,,0,0
34,2,1,2,0,1,0,1,1,1,0,6,2,255,20,1197.097,"Floră",R,3,66,95,0.425,-0.515,0.616,1.57,1.139,1.328,-36.344,26.723,0,0,-431.818,0,21.4,0,0,1,8,0,R,"まととまと",179.5,90.039,0.5,0,53,W,Y,0,0,0,0,0,0,0,0,0,0,0,0,0,0,0,0,-0.111,-37.581,0,"Gonyong",-0.012,-17.269,0,"CAT tourniquet",-19.384,-42.631,0,"rperdue51 768b",-10.11,-58.395,0,"bdg06213",19.01,-47.578,0,"CoalCat",6.965,-60.132,0,"Kr_Luna",38.79,-92.007,0,"Casius0810",-0.707,-112.372,0,"아침땅_",-49.518,-95.258,0,0,0,0,0,0,"",0,0,0,0,1198.703,1200.321,,,0,0
35,2,1,2,0,1,1,1,1,1,0,6,2,255,21,1213.114,"Floră",R,3,78,118,-4.028,-0.136,-0.034,1.596,-1.091,1.526,-36.344,5.059,2,0,-393.201,0,16.561,0,0,1,8,0,R,"まととまと",179.5,90.039,0.5,3,53,W,Y,1214.182,180,251,112,119,53,145,127,0.622,15.662,0.64,0.095,0.3,-43.942,146.02,31.826,-0.201,-37.048,0,"Gonyong",-0.118,-17.452,0,"CAT tourniquet",-19.423,-44.492,84,"rperdue51 768b",-9.83,-57.301,96,"bdg06213",19.976,-48.733,0,"CoalCat",7.054,-60.04,99,"Kr_Luna",38.779,-92.023,0,"Casius0810",-0.755,-112.101,0,"아침땅_",-50.442,-94.397,0,1214.636,-7.696,-44.729,1215.792,3,"rperdue51 768b",-9.85,-51.803,1,0,,1218.573,1219.857,,360,2
36,2,1,2,0,0,1,1,1,1,1,0,6,2,22,1280.11,"Floră",R,3,68,98,-2.055,-1.077,0.205,1.465,-0.07,0.959,-36.344,27.805,4,0,-374.032,0,13.008,0,0,1,0,1,R,"SUGUN",190,82,0.502,0,53,W,Y,0,0,0,0,0,0,0,0,0,0,0,0,0,0,0,0,-0.162,-37.707,0,"Gonyong",-0.066,-17.539,0,"CAT tourniquet",-19.674,-46.512,0,"rperdue51 768b",-10.947,-57.804,0,"bdg06213",19.608,-45.934,0,"CoalCat",7.278,-59.707,0,"Kr_Luna",38.96,-90.546,0,"Casius0810",-0.679,-112.459,0,"아침땅_",-53.21,-96.22,0,0,0,0,0,0,"",0,0,0,0,1281.625,1282.898,1282.595,,0,0
37,2,1,2,0,0,2,1,1,1,1,0,6,2,23,1295.717,"Floră",R,3,75,116,-3.026,-0.583,0.065,1.618,-0.628,1.245,-36.344,8.732,4,0,-388.97,0,18.687,0,0,1,0,1,R,"SUGUN",190,82,0.502,0,53,W,Y,0,0,0,0,0,0,0,0,0,0,0,0,0,0,0,0,-0.169,-37.701,0,"Gonyong",-0.174,-17.739,0,"CAT tourniquet",-20.031,-46.644,0,"rperdue51 768b",-10.821,-57.053,0,"bdg06213",19.866,-46.074,0,"CoalCat",7.659,-59.572,0,"Kr_Luna",41.559,-92.465,0,"Casius0810",-0.732,-112.223,0,"아침땅_",-52.851,-96.618,0,0,0,0,0,0,"",0,0,0,0,1297.281,1298.171,1298.189,,0,0
38,2,1,2,0,0,0,2,1,1,1,0,6,2,24,1320.936,"Floră",R,3,49,84,0.398,0.322,0.753,1.572,0.969,1.851,-36.344,21.497,2,0,-323.981,0,14.968,0,0,1,1,5,R,"3Ducks",190,80,0.496,3,53,W,Y,1322.352,255,136,134,95,45,145,130,26.383,5.037,0.3,0.143,0.338,90.733,265.094,527.278,-0.045,-37.792,0,"Gonyong",-0.106,-17.455,0,"CAT tourniquet",-19.181,-45.803,0,"rperdue51 768b",-11.963,-56.994,0,"bdg06213",19.572,-47.787,0,"CoalCat",9.322,-61.104,0,"Kr_Luna",42.353,-92.51,0,"Casius0810",-0.667,-112.401,70,"아침땅_",-47.766,-92.592,94,1327.17,-20.206,-133.198,1332.214,8,"아침땅_",-12.608,-125.501,1,0,,1327.667,1326.907,1327.993,262,2
39,2,1,5,0,0,0,2,0,0,1,255,255,5,25,1371.674,"Floră",R,32,82,133,1.19,0.199,0.257,1.551,0.266,1.676,-36.344,25.68,2,0,169.308,-45.182,-0.961,0,0,1,2,7,R,"うよすま",175.4,93.035,0.601,3,52,W,Y,1372.735,88,26,114,37,15,130,105,99.043,-78.145,0.14,0.143,0.464,-296.892,438.693,-41.409,-0.17,-37.241,0,"Gonyong",-0.064,-17.377,0,"CAT tourniquet",-20.134,-45.788,0,"rperdue51 768b",-9.19,-58.094,0,"bdg06213",19.2,-50.094,0,"CoalCat",7.009,-63.033,0,"Kr_Luna",40.324,-104.504,0,"Casius0810",0.303,-113.701,0,"아침땅_",-45.99,-91.811,0,0,0,0,0,0,"",0,0,0,0,,,1375.389,,256,3
40,2,1,5,0,0,1,2,0,0,1,255,255,5,26,1385.953,"Floră",R,3,48,85,0.219,1.763,0.696,1.73,0.704,2.666,-36.344,36.228,1,0,-251.019,0,16.955,0,0,0,2,7,R,"うよすま",175.4,93.035,0.601,0,52,W,Y,0,0,0,0,0,0,0,0,0,0,0,0,0,0,0,0,0.035,-37.888,0,"Gonyong",-0.037,-17.333,0,"CAT tourniquet",-19.805,-46.039,0,"rperdue51 768b",-9.435,-60.168,0,"bdg06213",19.638,-50.43,0,"CoalCat",8.32,-64.137,0,"Kr_Luna",41.074,-99.838,0,"Casius0810",0.388,-113.851,0,"아침땅_",-46.641,-91.928,0,0,0,0,0,0,"",0,0,0,0,1387.547,,1388.887,,0,0
41,2,1,5,0,1,1,2,0,0,1,255,255,5,27,1402.437,"Floră",R,3,54,88,0.311,0.463,0.754,1.54,0.904,1.913,-36.344,24.184,2,0,-326.584,0,17.345,0,0,1,2,7,R,"うよすま",175.4,93.035,0.601,3,52,W,Y,1403.721,233,70,133,80,16,145,122,111.29,-43.382,0.25,0.143,0.597,-197.061,356.948,-41.925,0.024,-37.594,0,"Gonyong",-0.098,-17.176,0,"CAT tourniquet",-19.665,-45.987,0,"rperdue51 768b",-9.468,-57.61,0,"bdg06213",18.896,-49.718,0,"CoalCat",8.32,-64.186,0,"Kr_Luna",41.05,-99.828,0,"Casius0810",0.231,-113.777,0,"아침땅_",-46.53,-91.974,0,0,0,0,0,0,"",0,0,0,0,,,1405.937,,256,3
42,2,1,5,0,1,2,2,0,0,1,255,255,5,28,1418.699,"Floră",R,33,82,133,0.295,-1.103,0.185,1.527,-0.068,0.888,-36.344,31.268,2,0,131.884,-71.631,-4.832,0,0,1,2,7,R,"うよすま",175.4,93.035,0.601,3,40,W,Y,1419.712,156,88,109,42,0,145,127,-30,47.384,0.31,0,0.306,-293.876,390.898,31.222,-0.231,-37.317,0,"Gonyong",-0.091,-17.178,0,"CAT tourniquet",-19.571,-45.923,0,"rperdue51 768b",-10.012,-59.991,0,"bdg06213",19.215,-49.799,0,"CoalCat",8.611,-64.76,0,"Kr_Luna",38.341,-100.502,0,"Casius0810",0.31,-113.82,0,"아침땅_",-46.142,-93.223,0,1419.414,-0.549,-18.356,0,0,"",0,0,0,0,,,1423.654,,256,3
43,2,1,5,0,1,2,2,0,0,1,255,255,5,29,1434.819,"Floră",R,3,82,122,0.609,-0.578,0.408,1.594,0.966,1.26,-36.344,15.925,2,0,-442.501,0,15.704,0,0,1,2,7,R,"うよすま",175.4,93.035,0.601,3,40,W,Y,1435.866,214,54,86,49,4,145,102,27.018,20.422,0.03,0.095,0.475,-58.425,156.261,-44.734,-0.057,-37.269,0,"Gonyong",-0.082,-17.127,0,"CAT tourniquet",-20.124,-46.576,0,"rperdue51 768b",-12.018,-58.3,0,"bdg06213",19.758,-49.973,0,"CoalCat",8.771,-63.849,0,"Kr_Luna",37.144,-101.504,0,"Casius0810",0.262,-113.663,0,"아침땅_",-46.332,-93.24,95,1440.27,-33.326,-100.098,1440.536,8,"아침땅_",-32.318,-97.899,0,0,,,,,260,1
44,2,0,5,0,0,0,0,0,0,0,255,255,255,13,1478.56,"まととまと",R,27,82,133,1.457,0.787,0.326,2.209,0.586,1.957,-36.582,61.097,2,0,29.769,-134.497,5.585,0,0,1,4,6,L,"Kr_Luna",190,95.297,0.498,3,52,W,Y,1479.395,255,227,107,77,35,145,130,-30,-36.97,0.45,0,0.12,-83.596,494.957,-20.964,-0.472,-36.33,0,"SUGUN",-0.049,-17.377,0,"Rite_",-22.306,-51.524,0,"Mr․D VRC",-13.483,-64.125,0,"Ainy4／あいにゃ",21.825,-49.538,118,"3Ducks",11.963,-59.488,0,"눈꽃",41.441,-92.896,0,"うよすま",0.05,-109.468,0,"kneesohime",-33.134,-98.012,0,1479.247,1.978,-23.062,1480.558,4,"Ainy4／あいにゃ",19.347,-46.432,0,0,,,,,296,2
45,2,0,5,0,0,0,1,0,0,0,255,255,255,14,1503.132,"まととまと",R,29,93,140,-2.011,-0.891,0.052,1.882,-0.69,0.898,-36.582,21.946,2,0,-197.434,-155.429,32.577,0,0,1,5,2,L,"CAT tourniquet",190,84,0.451,2,52,W,Y,1504.289,255,110,92,99,38,145,130,-30,27.241,0.33,0.143,0.367,562.293,-196.84,62.303,-0.68,-36.325,0,"SUGUN",0.034,-17.483,0,"Rite_",-22.954,-49.611,88,"Mr․D VRC",-15.01,-64.022,0,"Ainy4／あいにゃ",22.306,-50.371,0,"3Ducks",12.199,-59.729,0,"눈꽃",40.915,-92.226,0,"うよすま",6.608,-111.569,0,"kneesohime",-43.51,-90.694,103,1504.025,-0.878,-20.449,1506.936,8,"kneesohime",-32.105,-81.301,0,32,,,,,352,2
46,2,0,5,0,0,0,2,0,0,0,255,255,255,15,1527.34,"まととまと",R,26,84,136,0.856,0.424,0.291,2.133,0.422,1.711,-36.582,43.076,2,0,-49.592,-163.469,11.863,0,0,1,6,3,R,"rperdue51 768b",190,87.182,0.344,3,52,A,Y,1528.515,209,114,96,76,31,145,127,-17.525,-13.455,0.72,0,0.36,510.796,-27.16,299.085,-0.701,-36.757,0,"SUGUN",-0.089,-17.367,0,"Rite_",-22.153,-48.556,0,"Mr․D VRC",-17.404,-62.667,0,"Ainy4／あいにゃ",21.368,-49.491,0,"3Ducks",11.461,-60.381,95,"눈꽃",39.713,-88.765,0,"うよすま",-10.589,-109.698,0,"kneesohime",-43.589,-96.634,0,1528.325,0.812,-20.749,1530.347,5,"3Ducks",9.613,-57.442,0,0,,,,,290,2
47,3,1,5,0,0,0,0,0,0,0,255,255,255,30,1577.96,"Floră",R,3,81,120,-3.975,-0.057,0.221,1.741,-0.834,1.641,-36.344,11.546,3,0,-419.845,0,20.066,0.045,-21.359,0,3,4,L,"Ainy4／あいにゃ",188.5,85,0.5,0,52,W,Y,0,0,0,0,0,0,0,0,0,0,0,0,0,0,0,0,-0.192,-37.549,0,"Gonyong",-0.095,-17.444,0,"CAT tourniquet",-20.277,-46.638,0,"rperdue51 768b",-9.798,-58.602,0,"bdg06213",21.674,-49.958,0,"CoalCat",11.046,-63.985,0,"Kr_Luna",36.872,-86.481,0,"Casius0810",0.051,-111.057,0,"아침땅_",-40.884,-100.924,0,0,0,0,0,0,"",0,0,0,0,,,,,0,6
48,3,1,5,0,2,0,0,0,0,0,255,255,255,31,1599.95,"Floră",R,3,75,115,1.531,-0.505,0.509,1.635,1.437,1.295,-36.344,15.69,2,0,-431.903,0,22.994,0,0,1,3,4,L,"Ainy4／あいにゃ",188.5,85,0.5,3,56,W,Y,1601.083,255,114,72,72,12,145,124,26.392,-29.429,0.24,0,0.552,147.484,-110.613,-261.232,0.071,-37.395,0,"Gonyong",-0.102,-17.405,0,"CAT tourniquet",-20.078,-46.749,0,"rperdue51 768b",-9.7,-58.717,0,"bdg06213",20.6,-49.12,61,"CoalCat",10.926,-64.065,0,"Kr_Luna",48.722,-95.72,94,"Casius0810",0.054,-111.072,0,"아침땅_",-40.291,-100.888,0,0,0,0,1605.447,6,"Kr_Luna",53.26,-106.642,0,0,,,,,400,1
49,3,1,5,0,0,0,1,0,0,0,255,255,255,32,1628.396,"Floră",R,34,83,134,-0.168,0.437,0.155,1.592,-0.211,1.819,-36.344,13.918,2,0,94.259,-37.044,2.17,0,0,1,4,3,R,"Mr․D VRC",174.7,90.791,0.454,3,51,W,Y,1629.519,107,49,73,52,50,135,115,106.469,-61,0.74,0,0.219,133.797,364.846,-96.066,0.077,-37.314,0,"Gonyong",-0.105,-17.439,0,"CAT tourniquet",-20.512,-47.011,0,"rperdue51 768b",-9.708,-57.572,0,"bdg06213",19.687,-52.199,0,"CoalCat",12.188,-63.167,0,"Kr_Luna",41.112,-97.648,0,"Casius0810",0.054,-111.122,0,"아침땅_",-46.361,-92.064,0,0,0,0,0,0,"",0,0,0,0,,,,,256,3
50,3,1,5,0,0,1,1,0,0,0,255,255,255,33,1645.674,"Floră",R,3,58,90,2.115,1.055,0.788,1.714,1.809,2.246,-36.344,35.578,1,0,-389.046,0,18.647,0,0,0,4,3,R,"Mr․D VRC",174.7,90.791,0.454,0,51,W,Y,0,0,0,0,0,0,0,0,0,0,0,0,0,0,0,0,0.186,-37.504,0,"Gonyong",-0.058,-17.385,0,"CAT tourniquet",-19.427,-46.381,0,"rperdue51 768b",-10.305,-58.088,0,"bdg06213",19.554,-53.271,0,"CoalCat",10.26,-64.509,0,"Kr_Luna",40.553,-98.025,0,"Casius0810",-0.033,-110.78,0,"아침땅_",-45.959,-92.586,0,0,0,0,0,0,"",0,0,0,0,1647.347,,,,0,0
51,3,1,5,0,1,1,1,0,0,0,255,255,255,34,1659.775,"Floră",R,3,58,91,1.57,1.158,0.699,1.739,1.429,2.303,-36.344,36.132,1,0,-330.889,0,15.973,0,0,0,4,3,R,"Mr․D VRC",174.7,90.791,0.454,0,51,W,Y,0,0,0,0,0,0,0,0,0,0,0,0,0,0,0,0,-0.052,-37.447,0,"Gonyong",-0.064,-17.397,0,"CAT tourniquet",-19.534,-46.353,0,"rperdue51 768b",-10.008,-58.195,0,"bdg06213",19.428,-51.912,0,"CoalCat",10.284,-64.521,0,"Kr_Luna",40.472,-98.106,0,"Casius0810",-0.068,-110.811,0,"아침땅_",-45.968,-92.601,0,0,0,0,0,0,"",0,0,0,0,1661.481,,,,0,0
52,3,1,5,0,2,1,1,0,0,0,255,255,255,35,1673.309,"Floră",R,33,91,140,-1.182,-0.607,0.052,1.619,-0.688,1.211,-36.344,7.847,2,0,127.337,-38.997,0.419,0,0,1,4,3,R,"Mr․D VRC",174.7,90.791,0.454,3,51,W,Y,1674.392,242,42,46,73,38,135,126,-30,-19.53,0.57,0,0.218,37.672,123.828,185.334,-0.096,-37.285,0,"Gonyong",-0.137,-17.435,0,"CAT tourniquet",-19.597,-46.451,0,"rperdue51 768b",-10.047,-57.878,76,"bdg06213",19.576,-52.17,0,"CoalCat",9.084,-65.511,0,"Kr_Luna",40.595,-97.991,96,"Casius0810",-0.05,-110.659,0,"아침땅_",-45.978,-92.592,0,1674.136,-0.716,-19.713,1677.958,6,"Kr_Luna",26.253,-96.352,1,0,,,,,336,2
53,3,1,5,0,0,0,1,1,0,0,3,255,255,36,1700.803,"Floră",R,3,73,115,1.567,0.025,0.485,1.538,1.328,1.633,-36.344,15.792,2,0,-381.879,0,18.189,0,0,1,5,2,R,"Rite_",190,80,0.453,3,51,W,Y,1702.171,189,70,66,45,23,137,86,-10.185,34.822,-0.82,0,0.224,-166.724,55.249,-357.959,-0.094,-37.25,0,"Gonyong",-0.074,-17.405,0,"CAT tourniquet",-20.002,-45.96,91,"rperdue51 768b",-1.466,-60.692,0,"bdg06213",17.899,-50.997,0,"CoalCat",8.189,-61.104,0,"Kr_Luna",39.2,-96.066,0,"Casius0810",0.416,-112.448,0,"아침땅_",-48.426,-94.078,0,1702.081,-2.784,-23.33,1703.67,2,"CAT tourniquet",-16.38,-43.178,1,0,,1707.256,,,296,2
54,3,1,5,0,0,0,2,1,0,0,2,255,255,37,1726.585,"Floră",R,13,76,104,-1.397,-2.376,0.118,1.4,-0.253,0.846,-36.344,20.593,1,0,-183.514,400,14.61,-0.288,-19.748,0,6,8,R,"kneesohime",174.9,85,0.498,0,51,W,Y,0,0,0,0,0,0,0,0,0,0,0,0,0,0,0,0,-0.232,-37.648,0,"Gonyong",-0.093,-17.406,0,"CAT tourniquet",-18.977,-42.778,0,"rperdue51 768b",-10.011,-57.931,0,"bdg06213",17.435,-52.439,0,"CoalCat",8.647,-64.246,0,"Kr_Luna",38.871,-93.414,0,"Casius0810",0.177,-112.143,0,"아침땅_",-46.428,-91.93,0,0,0,0,0,0,"",0,0,0,0,1728.114,,,,0,0
55,3,1,5,0,1,0,2,1,0,0,2,255,255,38,1744.854,"Floră",R,3,77,116,-1.296,0.1,0.244,1.632,0.204,1.664,-36.344,2.187,0,0,-459.107,0,26.072,0,0,1,6,8,R,"kneesohime",174.9,85,0.498,0,51,W,Y,0,0,0,0,0,0,0,0,0,0,0,0,0,0,0,0,-0.035,-37.436,0,"Gonyong",-0.079,-17.357,0,"CAT tourniquet",-19.214,-40.184,0,"rperdue51 768b",-9.929,-58.316,0,"bdg06213",16.93,-52.166,0,"CoalCat",8.033,-62.727,0,"Kr_Luna",45.292,-91.863,0,"Casius0810",0.141,-112.161,0,"아침땅_",-45.61,-91.186,0,0,0,0,0,0,"",0,0,0,0,1746.225,,,,0,0
56,3,1,5,0,1,1,2,1,0,0,2,255,255,39,1759.514,"Floră",R,33,85,137,0.32,1.056,0.188,1.686,-0.056,2.152,-36.344,20.698,0,0,138.745,-69.081,2.101,0,0,1,6,8,R,"kneesohime",174.9,85,0.498,0,51,W,Y,0,0,0,0,0,0,0,0,0,0,0,0,0,0,0,0,-0.193,-37.4,0,"Gonyong",-0.057,-17.228,0,"CAT tourniquet",-19.447,-42.602,0,"rperdue51 768b",-9.814,-58.354,0,"bdg06213",18.627,-50.777,0,"CoalCat",9.89,-63.903,0,"Kr_Luna",45.246,-91.893,0,"Casius0810",0.153,-112.125,0,"아침땅_",-43.384,-90.333,0,0,0,0,0,0,"",0,0,0,0,1760.903,,,,0,0
57,3,1,5,0,1,2,2,1,0,0,2,255,255,40,1773.614,"Floră",R,3,83,121,-2.14,-0.343,0.16,1.672,-0.185,1.397,-36.344,17.936,4,0,-472.307,0,24.834,0,0,1,6,8,R,"kneesohime",174.9,85,0.498,0,51,W,Y,0,0,0,0,0,0,0,0,0,0,0,0,0,0,0,0,0.008,-37.773,0,"Gonyong",-0.534,-17.145,0,"CAT tourniquet",-20.109,-42.116,0,"rperdue51 768b",-9.991,-60.109,0,"bdg06213",18.047,-51.027,0,"CoalCat",9.682,-63.873,0,"Kr_Luna",45.143,-92.011,0,"Casius0810",0.179,-112.166,0,"아침땅_",-45.518,-90.629,0,0,0,0,0,0,"",0,0,0,0,1774.969,,,,0,0
58,3,0,5,0,0,0,0,0,0,0,255,255,255,16,1809.968,"まととまと",R,10,78,106,0.723,-1.145,0.299,1.991,0.307,1.385,-36.582,45.378,4,0,0,400,7.375,0,0,1,7,4,L,"bdg06213",190,85.522,0.35,0,51,W,Y,0,0,0,0,0,0,0,0,0,0,0,0,0,0,0,0,-0.288,-37.455,0,"SUGUN",-0.014,-17.367,0,"Rite_",-23.405,-49.479,0,"Mr․D VRC",-15.823,-63.192,0,"Ainy4／あいにゃ",21.919,-49.945,0,"3Ducks",11.178,-60.875,0,"눈꽃",36.915,-86.491,0,"うよすま",5.621,-111.551,0,"kneesohime",-43.578,-95.349,0,0,0,0,0,0,"",0,0,0,0,1811.347,,,,0,0
59,3,0,5,0,0,1,0,0,0,0,255,255,255,17,1819.568,"まととまと",R,29,89,140,-1.036,-0.191,0.158,2.024,-0.196,1.359,-36.582,34.83,0,0,-190.538,-125.532,28.16,0,0,1,7,4,L,"bdg06213",190,85.522,0.35,0,51,W,Y,0,0,0,0,0,0,0,0,0,0,0,0,0,0,0,0,-0.372,-36.868,0,"SUGUN",-0.127,-17.476,0,"Rite_",-23.506,-49.521,0,"Mr․D VRC",-15.884,-63.248,0,"Ainy4／あいにゃ",22.127,-49.833,0,"3Ducks",11.001,-60.765,0,"눈꽃",38.073,-86.476,0,"うよすま",6.668,-112.938,0,"kneesohime",-42.523,-90.549,0,0,0,0,0,0,"",0,0,0,0,1820.836,,,,0,0
60,3,0,5,0,0,2,0,0,0,0,255,255,255,18,1830.019,"まととまと",R,32,90,140,1.705,-1.1,0.3,1.835,0.464,0.744,-36.582,23.172,4,0,190.172,-176.01,-16.774,0.423,-15.079,1,7,4,L,"bdg06213",190,85.522,0.35,0,51,W,Y,0,0,0,0,0,0,0,0,0,0,0,0,0,0,0,0,0.322,-36.962,0,"SUGUN",0.018,-17.456,0,"Rite_",-23.372,-49.445,0,"Mr․D VRC",-15.932,-63.418,0,"Ainy4／あいにゃ",22.146,-49.806,0,"3Ducks",11.076,-60.698,0,"눈꽃",40.441,-92.754,0,"うよすま",6.118,-112.053,0,"kneesohime",-42.3,-90.642,0,0,0,0,0,0,"",0,0,0,0,1831.381,,,,0,0
61,3,0,5,0,0,0,1,0,0,0,255,255,255,19,1846.436,"まととまと",R,27,86,139,-0.911,-0.153,0.13,2.033,-0.325,1.387,-36.582,32.147,2,0,-67.194,-126.508,13.998,0,0,1,8,0,R,"Floră",190,85,0.403,2,51,W,Y,1847.811,162,125,103,82,15,145,119,26.852,38.332,0.77,0,0.562,148.582,414.855,-47.854,-0.398,-36.782,0,"SUGUN",-0.114,-17.395,0,"Rite_",-21.828,-48.364,0,"Mr․D VRC",-17.335,-62.122,85,"Ainy4／あいにゃ",22.096,-49.804,0,"3Ducks",10.877,-61.204,0,"눈꽃",36.979,-90.23,0,"うよすま",-7.54,-112.388,0,"kneesohime",-44.08,-93.463,52,1852.37,-72.607,-95.005,1853.792,8,"kneesohime",-67.175,-90.68,1,0,,1858.06,1863.181,1870.743,80,2
62,3,0,5,1,0,0,1,0,0,0,255,255,255,20,1885.851,"まととまと",R,26,89,140,0.052,0.805,0.243,2.197,0.202,1.918,-36.582,43.474,2,0,-137.798,-200,22.674,0,0,1,0,1,R,"Gonyong",190,80,0.2,3,51,W,Y,1887.195,255,138,188,83,11,145,87,16.431,-25.409,1,0.19,0.202,-105.412,-302.637,-16.886,-0.334,-36.64,0,"SUGUN",-0.076,-17.355,0,"Rite_",-22.948,-51.901,0,"Mr․D VRC",-16.59,-62.632,0,"Ainy4／あいにゃ",21.819,-49.381,89,"3Ducks",9.977,-60.798,0,"눈꽃",35.096,-91.323,0,"うよすま",-9.797,-114.861,0,"kneesohime",-51.727,-97.568,0,0,0,0,1889.192,4,"Ainy4／あいにゃ",17.863,-52.685,0,0,,,,,8,1
63,3,0,5,1,0,0,2,0,0,0,255,255,255,21,1916.742,"まととまと",R,38,47,90,-0.337,0.139,0.176,2.11,-0.074,1.641,-36.582,36.759,0,0,-33.993,-49.466,7.477,0,0,1,1,7,R,"Casius0810",190,95,0.5,0,51,W,Y,0,0,0,0,0,0,0,0,0,0,0,0,0,0,0,0,-0.304,-37.318,0,"SUGUN",-0.121,-17.311,0,"Rite_",-24.251,-50.083,0,"Mr․D VRC",-14.788,-62.998,0,"Ainy4／あいにゃ",21.363,-48.651,0,"3Ducks",9.45,-57.592,0,"눈꽃",37.522,-93.714,0,"うよすま",-9.637,-110.149,0,"kneesohime",-48.054,-93.78,0,0,0,0,0,0,"",0,0,0,0,1918.492,,,,0,0
64,3,0,5,1,0,1,2,0,0,0,255,255,255,22,1929.075,"まととまと",R,41,54,97,-0.962,0.652,0.177,2.267,-0.233,1.905,-36.582,51.428,0,0,-90.003,-93.773,5.226,0,0,1,1,7,R,"Casius0810",190,95,0.5,0,51,W,Y,0,0,0,0,0,0,0,0,0,0,0,0,0,0,0,0,0.153,-37.431,0,"SUGUN",-0.093,-17.252,0,"Rite_",-23.538,-50.074,0,"Mr․D VRC",-14.771,-63.016,0,"Ainy4／あいにゃ",21.22,-48.671,0,"3Ducks",9.566,-57.646,0,"눈꽃",37.519,-93.727,0,"うよすま",-8.239,-108.366,0,"kneesohime",-44.219,-87.265,0,0,0,0,0,0,"",0,0,0,0,1930.725,,,,0,0
65,3,0,5,1,0,2,2,0,0,0,255,255,255,23,1942.134,"まととまと",R,38,48,91,-0.587,1.229,0.279,2.278,-0.309,2.33,-36.582,75.046,2,0,19.199,-45.563,-1.979,0,0,1,1,7,R,"Casius0810",190,95,0.5,3,51,W,Y,1943.59,74,17,24,12,8,23,28,-55.42,35.93,0.11,0,0.139,-148.863,-190.548,-88.837,-0.454,-37.099,86,"SUGUN",-0.162,-17.307,0,"Rite_",-23.677,-50.14,0,"Mr․D VRC",-14.737,-62.92,0,"Ainy4／あいにゃ",21.242,-48.758,0,"3Ducks",9.289,-57.471,0,"눈꽃",37.534,-93.71,0,"うよすま",-8.472,-110.656,0,"kneesohime",-44.194,-87.346,0,1943.559,-0.743,-20.425,1946.692,0,"まととまと",-5.266,-27.71,0,2,,,,,256,2
66,4,1,5,1,0,0,0,0,0,0,255,255,255,41,1996.973,"Floră",R,32,85,137,-0.085,-0.978,0.218,1.52,-0.258,0.925,-36.344,26.643,1,0,153.368,-76.806,-0.106,0,0,0,7,6,L,"눈꽃",190,90,0.6,0,51,W,Y,0,0,0,0,0,0,0,0,0,0,0,0,0,0,0,0,-0.089,-37.516,0,"Gonyong",-0.023,-17.183,0,"CAT tourniquet",-19.592,-46.839,0,"rperdue51 768b",-10.574,-56.726,0,"bdg06213",20.682,-47.016,0,"CoalCat",10.692,-64.409,0,"Kr_Luna",44.393,-94.589,0,"Casius0810",-0.059,-111.025,0,"아침땅_",-44.224,-100.885,0,0,0,0,0,0,"",0,0,0,0,1998.103,,,,0,0
67,4,1,5,1,1,0,0,0,0,0,255,255,255,42,2009.121,"Floră",R,5,79,126,-0.46,-0.711,0.266,1.591,-0.034,1.156,-36.344,8.988,2,0,-112.523,0,13.1,0,0,1,7,6,L,"눈꽃",190,90,0.6,3,51,W,Y,2010.146,255,181,113,128,65,145,116,-30,-28.549,0.88,0,0.412,68.316,363.588,118.823,-0.092,-37.357,0,"Gonyong",-0.002,-17.112,0,"CAT tourniquet",-19.377,-46.752,0,"rperdue51 768b",-10.639,-56.73,115,"bdg06213",18.941,-46.951,0,"CoalCat",10.659,-64.39,0,"Kr_Luna",44.602,-94.802,103,"Casius0810",-0.256,-111.084,0,"아침땅_",-44.909,-100.257,0,2009.847,0.572,-21.729,2014.014,6,"Kr_Luna",38.269,-92.093,1,0,,,,,344,2
68,4,1,5,1,0,0,0,0,1,0,255,255,255,43,2093.272,"Floră",R,3,75,113,1.471,-0.119,0.494,1.512,1.367,1.546,-36.344,20.433,0,0,-494.424,0,21.921,0,0,0,8,9,L,"ChunChunB",190,80,0.451,0,50,W,Y,0,0,0,0,0,0,0,0,0,0,0,0,0,0,0,0,-0.1,-37.464,0,"Gonyong",-0.012,-17.3,0,"CAT tourniquet",-19.917,-47.309,0,"rperdue51 768b",-7.717,-60.928,0,"bdg06213",21.267,-47.371,0,"CoalCat",9.482,-62.308,0,"Kr_Luna",45.583,-102.254,0,"Casius0810",-0.467,-111.612,0,"아침땅_",-40.393,-102.683,0,0,0,0,0,0,"",0,0,0,0,2094.658,2095.588,,,0,0
69,4,1,5,1,0,1,0,0,1,0,255,255,255,44,2106.556,"Floră",R,34,85,138,-1.379,-1.002,0.043,1.528,-0.731,0.953,-36.344,17.213,2,0,93.838,-29.399,-1.029,0,0,1,8,9,L,"ChunChunB",190,80,0.451,3,50,W,Y,2107.512,179,80,94,69,38,145,107,-2.865,-22.658,0.94,0,0.217,-126.388,-577.266,-97.935,-0.236,-37.305,0,"Gonyong",-0.046,-17.355,0,"CAT tourniquet",-19.966,-46.758,89,"rperdue51 768b",-2.89,-61.608,0,"bdg06213",20.287,-46.871,0,"CoalCat",13.238,-63.416,87,"Kr_Luna",45.573,-102.258,0,"Casius0810",-0.434,-111.618,0,"아침땅_",-40.666,-102.52,0,2107.458,2.744,-26.654,2109.347,5,"CoalCat",17.622,-58.574,0,256,,,2113.65,,296,2
70,4,1,5,1,0,0,1,0,0,1,255,255,6,45,2131.818,"Floră",R,3,67,110,0.612,-0.245,0.421,1.686,1.028,1.462,-36.344,26.03,2,0,-407.109,0,18.449,0,0,1,0,1,R,"SUGUN",190,82,0.502,3,50,W,Y,2132.773,255,161,122,100,67,145,90,3.472,28.747,-0.83,0,0.382,229.394,-384.736,50.89,0.007,-37.487,0,"Gonyong",-0.017,-17.301,0,"CAT tourniquet",-20.524,-44.927,79,"rperdue51 768b",-8.267,-59.053,0,"bdg06213",19.464,-49.33,0,"CoalCat",10.943,-62.165,0,"Kr_Luna",38.694,-89.902,0,"Casius0810",-0.275,-111.464,0,"아침땅_",-48.538,-97.544,94,2133.592,-11.496,-42.182,2137.203,8,"아침땅_",-33.214,-81.906,1,0,,,,2138.283,292,2
71,4,1,6,1,0,0,1,1,0,0,1,255,255,46,2162.551,"Floră",R,33,83,135,-0.995,-0.547,0.073,1.612,-0.59,1.224,-36.344,25.624,0,0,108.935,-43.128,2.136,0,0,0,1,5,R,"3Ducks",190,80,0.496,0,50,W,Y,0,0,0,0,0,0,0,0,0,0,0,0,0,0,0,0,-0.148,-37.466,0,"Gonyong",-0.026,-17.296,0,"CAT tourniquet",-19.194,-40.407,0,"rperdue51 768b",-10.468,-55.906,0,"bdg06213",18.712,-50.985,0,"CoalCat",7.751,-60.172,0,"Kr_Luna",34.691,-92.025,0,"Casius0810",-0.274,-111.482,0,"아침땅_",-45.102,-93.283,0,0,0,0,0,0,"",0,0,0,0,2164.092,,,,0,0
72,4,1,6,1,0,1,1,1,0,0,1,255,255,47,2181.208,"Floră",R,3,66,95,-0.644,-0.031,0.434,1.53,0.725,1.621,-36.344,11.849,0,0,-431.1,0,31.159,0,0,1,1,5,R,"3Ducks",190,80,0.496,0,50,W,Y,0,0,0,0,0,0,0,0,0,0,0,0,0,0,0,0,-0.414,-37.601,0,"Gonyong",-0.047,-17.51,0,"CAT tourniquet",-19.687,-43.179,0,"rperdue51 768b",-10.726,-56.259,0,"bdg06213",18.297,-51.137,0,"CoalCat",8.203,-60.831,0,"Kr_Luna",35.016,-91.874,0,"Casius0810",-0.267,-111.466,0,"아침땅_",-45.699,-94.659,0,0,0,0,0,0,"",0,0,0,0,2182.947,,,,0,0
73,4,1,6,1,0,2,1,1,0,0,1,255,255,48,2202.807,"Floră",R,33,87,140,-1.204,0.601,0.055,1.641,-0.672,1.966,-36.344,14.797,0,0,108.454,-26.858,-1.088,0,0,0,1,5,R,"3Ducks",190,80,0.496,0,50,W,Y,0,0,0,0,0,0,0,0,0,0,0,0,0,0,0,0,-0.328,-37.399,0,"Gonyong",-0.051,-17.597,0,"CAT tourniquet",-20.093,-42.933,0,"rperdue51 768b",-10.539,-55.932,0,"bdg06213",19.56,-48.739,0,"CoalCat",7.199,-61.197,0,"Kr_Luna",34.733,-92.084,0,"Casius0810",-0.303,-111.551,0,"아침땅_",-44.625,-94.052,0,0,0,0,0,0,"",0,0,0,0,2204.292,,,,0,0
74,4,1,6,1,0,0,2,1,0,0,1,255,255,49,2253.562,"Floră",R,3,50,84,2.054,0.478,0.856,1.506,1.814,1.925,-36.344,40.893,1,0,-372.645,0,12.293,0,0,0,2,7,R,"うよすま",175.4,93.035,0.601,0,50,W,Y,0,0,0,0,0,0,0,0,0,0,0,0,0,0,0,0,0.09,-37.741,0,"Gonyong",-0.024,-17.37,0,"CAT tourniquet",-20.141,-43.93,0,"rperdue51 768b",-11.084,-57.412,0,"bdg06213",18.23,-50.292,0,"CoalCat",12.546,-62.49,0,"Kr_Luna",32.936,-90.902,0,"Casius0810",-0.03,-111.014,0,"아침땅_",-46.045,-91.85,0,0,0,0,0,0,"",0,0,0,0,2255.081,,,,0,0
75,4,1,6,1,1,0,2,1,0,0,1,255,255,50,2267.837,"Floră",R,3,61,94,2.08,0.348,0.741,1.623,1.676,1.836,-36.344,34.044,2,0,-350.362,0,11.348,0,0,1,2,7,R,"うよすま",175.4,93.035,0.601,3,50,W,Y,2269.122,255,52,37,54,9,123,113,-15.797,-10.852,0.75,0.095,0.349,479.918,301.868,-187.001,0.124,-37.434,0,"Gonyong",-0.013,-17.791,0,"CAT tourniquet",-19.764,-43.875,0,"rperdue51 768b",-10.381,-56.699,0,"bdg06213",18.277,-51.893,0,"CoalCat",12.146,-63.035,60,"Kr_Luna",32.967,-90.919,0,"Casius0810",0.02,-111.085,0,"아침땅_",-45.754,-90.941,0,2268.825,0.805,-21.495,2270.725,5,"CoalCat",8.06,-59.349,0,0,,2273.534,,,296,2
76,4,0,6,1,0,0,0,0,0,0,255,255,255,24,2308.789,"まととまと",R,10,80,109,-2.038,-2.632,-0.085,1.756,-0.884,0.731,-36.582,16.466,1,0,0,347.731,15.613,-0.386,-19.93,0,2,8,R,"아침땅_",160,94.936,0.502,0,50,W,Y,0,0,0,0,0,0,0,0,0,0,0,0,0,0,0,0,-0.43,-36.63,0,"SUGUN",-0.243,-17.387,0,"Rite_",-23.603,-49.596,0,"Mr․D VRC",-17.362,-62.048,0,"Ainy4／あいにゃ",21.128,-48.873,0,"3Ducks",10.432,-62.313,0,"눈꽃",35.491,-88.787,0,"うよすま",-2.548,-100.437,0,"kneesohime",-43.524,-92.807,0,0,0,0,0,0,"",0,0,0,0,2309.925,,,,0,0
77,4,0,6,1,1,0,0,0,0,0,255,255,255,25,2325.069,"まととまと",R,11,77,110,-0.116,-1.065,0.182,1.981,-0.056,1.309,-36.582,44.948,2,0,0,190.82,11.47,0,0,1,2,8,R,"아침땅_",160,94.936,0.502,3,50,W,Y,2326.067,152,90,112,105,75,145,114,-30,12.304,0.78,0.112,0.337,-393.459,254.374,-183.855,-0.621,-37.114,0,"SUGUN",-0.115,-17.283,0,"Rite_",-23.743,-48.863,0,"Mr․D VRC",-17.344,-62.054,0,"Ainy4／あいにゃ",20.98,-49.008,0,"3Ducks",10.372,-62.285,85,"눈꽃",35.389,-90.351,0,"うよすま",-7.31,-105.183,0,"kneesohime",-46.611,-91.633,0,2325.703,0.038,-21.473,2329.492,7,"うよすま",-15.072,-92.01,1,0,,,,,262,2
78,4,0,6,1,0,0,0,1,0,0,18,255,255,26,2357.098,"まととまと",R,27,76,127,-0.793,0.095,0.153,2.075,-0.22,1.504,-36.582,40.443,0,0,-81.233,-103.882,15.176,0,0,0,3,5,R,"CoalCat",165.4,85.053,0.503,0,50,W,Y,0,0,0,0,0,0,0,0,0,0,0,0,0,0,0,0,-0.552,-36.661,0,"SUGUN",-0.067,-18.201,0,"Rite_",-21.715,-44.95,0,"Mr․D VRC",-14.847,-63.576,0,"Ainy4／あいにゃ",21.865,-49.665,0,"3Ducks",0.418,-58.784,0,"눈꽃",32.593,-91.938,0,"うよすま",-6.672,-103.187,0,"kneesohime",-45.341,-95.978,0,0,0,0,0,0,"",0,0,0,0,2358.336,2359.955,,,0,0
79,4,0,6,1,0,1,0,0,1,0,255,18,255,27,2399.414,"まととまと",R,32,87,140,-0.809,-2.879,0.165,1.91,-0.162,0.889,-36.582,28.073,2,0,175.829,-157.612,-7.019,0,0,1,3,5,R,"CoalCat",165.4,85.053,0.503,3,50,W,Y,2400.473,255,96,112,96,0,145,124,-30,7.489,0.29,0,0.433,-488.568,56.26,2.249,-0.431,-36.472,111,"SUGUN",-0.116,-17.365,111,"Rite_",-22.71,-47.53,0,"Mr․D VRC",-14.12,-64.621,0,"Ainy4／あいにゃ",20.945,-48.553,0,"3Ducks",6.171,-60.795,0,"눈꽃",35.648,-90.246,0,"うよすま",-8.987,-107.979,0,"kneesohime",-43.218,-91.42,0,2400.103,-0.049,-20.341,2403.747,7,"うよすま",-0.454,-95.9,1,4,2412.614,,2404.925,2413.058,261,2
80,4,0,6,1,0,0,1,1,0,0,15,255,255,28,2433.275,"まととまと",R,29,90,140,-2.597,-1.884,0.005,1.703,-0.906,0.318,-36.582,10.326,1,0,-181.869,-99.798,47.93,0,0,0,4,6,L,"Kr_Luna",190,95.297,0.498,0,50,W,Y,0,0,0,0,0,0,0,0,0,0,0,0,0,0,0,0,-0.226,-36.867,0,"SUGUN",-0.077,-17.369,0,"Rite_",-21.468,-45.396,0,"Mr․D VRC",-11.282,-65.474,0,"Ainy4／あいにゃ",21.701,-49.294,0,"3Ducks",10.078,-62.233,0,"눈꽃",40.999,-93.251,0,"うよすま",4.126,-114.161,0,"kneesohime",-39.165,-93.336,0,0,0,0,0,0,"",0,0,0,0,2434.225,,,,0,0
81,4,0,6,1,1,0,1,1,0,0,15,255,255,29,2446.177,"まととまと",R,14,95,126,-1.071,-2.529,-0.01,1.517,-0.976,-0.285,-36.582,6.259,1,0,386.105,317.684,35.395,-0.217,-22.708,0,4,6,L,"Kr_Luna",190,95.297,0.498,0,50,W,Y,0,0,0,0,0,0,0,0,0,0,0,0,0,0,0,0,-0.077,-36.874,0,"SUGUN",-0.186,-17.464,0,"Rite_",-21.664,-43.114,0,"Mr․D VRC",-6.683,-63.868,0,"Ainy4／あいにゃ",21.759,-49.338,0,"3Ducks",9.745,-61.964,0,"눈꽃",40.994,-93.264,0,"うよすま",5.019,-109.345,0,"kneesohime",-38.721,-92.515,0,0,0,0,0,0,"",0,0,0,0,2447.192,,,,0,0
82,4,0,6,1,2,0,1,1,0,0,15,255,255,30,2460.723,"まととまと",R,14,76,104,0.818,-1.357,0.178,1.957,-0.069,1.311,-36.582,36.355,4,0,205.814,383.957,20.13,0,0,1,4,6,L,"Kr_Luna",190,95.297,0.498,0,50,W,Y,0,0,0,0,0,0,0,0,0,0,0,0,0,0,0,0,0.077,-37.28,0,"SUGUN",-0.021,-17.451,0,"Rite_",-21.156,-46.829,0,"Mr․D VRC",-9.448,-66.191,0,"Ainy4／あいにゃ",21.606,-48.879,0,"3Ducks",9.664,-62.011,0,"눈꽃",40.994,-93.263,0,"うよすま",2.689,-106.94,0,"kneesohime",-38.345,-91.646,0,0,0,0,0,0,"",0,0,0,0,2462.281,,,,0,0
83,4,0,6,1,2,1,1,1,0,0,15,255,255,31,2489.406,"まととまと",R,27,74,125,0.756,0.697,0.338,2.203,0.449,1.904,-36.582,63.964,2,0,-81.388,-120.461,5.574,0,0,1,4,6,L,"Kr_Luna",190,95.297,0.498,3,50,W,Y,2490.371,255,145,79,46,26,140,117,28.833,5.338,0.19,0,0.051,219.997,-100.652,-494.155,0.16,-36.917,0,"SUGUN",-0.037,-17.319,0,"Rite_",-22.058,-47.498,0,"Mr․D VRC",-9.371,-65.534,0,"Ainy4／あいにゃ",21.58,-48.886,0,"3Ducks",9.641,-62.196,86,"눈꽃",40.999,-93.284,0,"うよすま",-0.291,-104.186,0,"kneesohime",-40.806,-89.735,0,0,0,0,2495.103,7,"うよすま",-4.492,-117.862,0,0,,,,,262,1
84,4,0,6,1,0,0,2,1,0,0,15,255,255,32,2518.083,"まととまと",R,26,92,140,-2.45,0.219,0.014,2.091,-0.864,1.575,-36.582,34.403,2,0,-152.258,-176.291,23.728,0,0,1,5,2,L,"CAT tourniquet",190,84,0.451,2,50,W,Y,2519.203,128,126,80,85,80,138,82,14.28,28.051,-1,0.095,0.324,467.635,-237.976,46.689,-0.497,-36.579,0,"SUGUN",-0.158,-17.379,0,"Rite_",-21.434,-49.218,78,"Mr․D VRC",-9.58,-66.323,0,"Ainy4／あいにゃ",20.897,-48.233,0,"3Ducks",9.317,-60.756,0,"눈꽃",40.451,-92.158,0,"うよすま",3.078,-109.679,0,"kneesohime",-38.928,-90.437,103,2521.536,-23.737,-66.47,2522.647,8,"kneesohime",-28.219,-76.333,1,0,,2524.301,,,352,2
85,4,0,6,1,0,0,2,1,1,0,12,15,255,33,2541.259,"まととまと",R,0,63,103,0.825,0.959,0.354,2.211,0.349,2.243,-36.582,88.905,0,0,0,0,0.458,0,0,0,6,4,R,"bdg06213",190,85.522,0.35,0,50,W,Y,0,0,0,0,0,0,0,0,0,0,0,0,0,0,0,0,-0.352,-37.219,0,"SUGUN",-0.11,-17.451,0,"Rite_",-21.409,-46.206,0,"Mr․D VRC",-15.965,-63.185,0,"Ainy4／あいにゃ",20.649,-47.834,0,"3Ducks",7.357,-62.026,0,"눈꽃",35.582,-91.968,0,"うよすま",-5.744,-108.911,0,"kneesohime",-43.985,-95.667,0,0,0,0,0,0,"",0,0,0,0,2542.381,2543.783,,,0,0
86,4,0,6,1,0,1,2,1,1,0,12,15,255,34,2551.81,"まととまと",R,27,85,138,-0.407,0.056,0.185,2.069,-0.068,1.502,-36.582,49.288,2,0,-79.859,-135.407,14.787,0,0,1,6,4,R,"bdg06213",190,85.522,0.35,2,50,W,Y,2552.903,173,167,63,92,56,138,125,5.222,24.029,0.69,0,0.227,-94.963,297.277,-144.828,-0.012,-36.951,0,"SUGUN",-0.074,-17.419,0,"Rite_",-21.085,-47.696,0,"Mr․D VRC",-15.84,-62.923,0,"Ainy4／あいにゃ",20.627,-47.813,0,"3Ducks",7.067,-61.444,0,"눈꽃",34.533,-90.568,0,"うよすま",-5.697,-108.104,0,"kneesohime",-45.508,-97.688,0,2553.948,-20.99,-63.173,2554.225,3,"Mr․D VRC",-17.989,-57.313,0,0,,,,,272,1
87,5,1,6,1,0,0,0,0,0,0,255,255,255,51,2604.809,"Floră",R,34,83,119,-1.737,0.719,0.047,1.738,-0.918,2.074,-36.344,8.829,1,0,92.017,15.771,2.189,0,0,0,3,4,L,"Ainy4／あいにゃ",188.5,85,0.5,0,56,W,Y,0,0,0,0,0,0,0,0,0,0,0,0,0,0,0,0,-0.156,-37.483,0,"Gonyong",-0.043,-17.392,0,"CAT tourniquet",-18.791,-46.245,0,"_이누_",-13.099,-61.112,0,"bdg06213",21.261,-49.103,0,"CoalCat",12.459,-61.76,0,"Kr_Luna",49.841,-97.854,0,"_Chun",-0.553,-106.042,0,"아침땅_",-42.437,-99.958,0,0,0,0,0,0,"",0,0,0,0,2605.958,,,,0,0
88,5,1,6,1,1,0,0,0,0,0,255,255,255,52,2620.784,"Floră",R,3,73,114,0.996,0.466,0.608,1.623,1.232,1.908,-36.344,38.332,2,0,-442.898,0,23.099,0,0,1,3,4,L,"Ainy4／あいにゃ",188.5,85,0.5,3,56,W,Y,2621.952,211,78,68,47,0,138,129,28.423,-42.602,0.6,0,0.485,199.467,-383.412,185.306,0.114,-36.978,0,"Gonyong",0.015,-17.401,0,"CAT tourniquet",-19.488,-46.896,0,"_이누_",-13.271,-63.244,0,"bdg06213",19.532,-46.961,0,"CoalCat",12.364,-62.631,0,"Kr_Luna",50.235,-97.741,0,"_Chun",1.561,-109.263,0,"아침땅_",-42.24,-100.103,0,2626.469,87.231,-99.16,0,0,"",0,0,0,0,,,,,256,3
89,5,1,6,1,1,1,0,0,0,0,255,255,255,53,2642.283,"Floră",R,33,84,137,-0.907,-0.56,0.216,1.404,-0.592,1.194,-36.344,29.624,2,0,130.573,-77.832,-1.709,0,0,1,3,4,L,"Ainy4／あいにゃ",188.5,85,0.5,3,56,W,Y,2643.301,204,77,53,85,7,137,129,28.662,-30.914,0.42,0,0.448,104.595,-419.754,223.282,-0.052,-37.194,0,"Gonyong",0.014,-17.375,0,"CAT tourniquet",-19.655,-47.267,0,"_이누_",-11.966,-64.213,0,"bdg06213",21.391,-48.419,0,"CoalCat",13.05,-62.982,0,"Kr_Luna",52.103,-98.694,0,"_Chun",7.416,-108.958,0,"아침땅_",-39.308,-100.958,0,2647.992,69.205,-115.273,0,0,"",0,0,0,0,,2653.334,2658.478,,256,4
90,5,1,7,1,0,0,0,0,0,0,255,255,255,54,2679.328,"Floră",R,3,50,85,1.471,-0.554,0.702,1.565,1.429,1.318,-36.344,26.306,0,0,-310.399,0,17.584,0,0,0,4,3,R,"Mr․D VRC",174.7,90.791,0.454,0,50,W,Y,0,0,0,0,0,0,0,0,0,0,0,0,0,0,0,0,-0.14,-37.722,0,"Gonyong",-0.012,-17.348,0,"CAT tourniquet",-21.16,-45.61,0,"_이누_",-15.041,-63.208,0,"bdg06213",19.872,-51.62,0,"CoalCat",11.257,-62.668,0,"Kr_Luna",47.687,-102.264,0,"_Chun",0.045,-100.81,0,"아침땅_",-45.544,-95.101,0,0,0,0,0,0,"",0,0,0,0,2680.836,,,,0,0
91,5,1,7,1,0,1,0,0,0,0,255,255,255,55,2695.335,"Floră",R,34,86,139,-0.482,0.411,0.13,1.592,-0.326,1.819,-36.344,11.184,0,0,83.026,-25.942,0.024,0,0,0,4,3,R,"Mr․D VRC",174.7,90.791,0.454,0,50,W,Y,0,0,0,0,0,0,0,0,0,0,0,0,0,0,0,0,-0.076,-37.416,0,"Gonyong",0.012,-17.317,0,"CAT tourniquet",-20.444,-45.932,0,"_이누_",-15.395,-63.08,0,"bdg06213",18.273,-49.396,0,"CoalCat",9.754,-64.378,0,"Kr_Luna",46.846,-90.98,0,"_Chun",-4.15,-102.31,0,"아침땅_",-45.833,-95.514,0,0,0,0,0,0,"",0,0,0,0,2696.481,,,,0,0
92,5,1,7,1,0,2,0,0,0,0,255,255,255,56,2713.99,"Floră",R,3,74,114,-4.152,0.075,0.079,1.545,-1.014,1.656,-36.344,11.141,1,0,-456.424,0,23.72,0,0,0,4,3,R,"Mr․D VRC",174.7,90.791,0.454,0,50,W,Y,0,0,0,0,0,0,0,0,0,0,0,0,0,0,0,0,-0.095,-37.505,0,"Gonyong",-0.101,-17.256,0,"CAT tourniquet",-20.369,-46.256,0,"_이누_",-15.347,-63.115,0,"bdg06213",18.034,-49.835,0,"CoalCat",9.76,-64.36,0,"Kr_Luna",50.41,-97.937,0,"_Chun",-8.286,-105.457,0,"아침땅_",-47.39,-95.728,0,0,0,0,0,0,"",0,0,0,0,2715.347,,,,0,0
93,5,1,7,1,1,2,0,0,0,0,255,255,255,57,2728.818,"Floră",R,3,76,114,-2.538,-0.573,0.246,1.44,-0.238,1.284,-36.344,24.637,1,0,-500,0,23.459,0,0,0,4,3,R,"Mr․D VRC",174.7,90.791,0.454,0,50,W,Y,0,0,0,0,0,0,0,0,0,0,0,0,0,0,0,0,-0.144,-37.438,0,"Gonyong",-0.443,-17.4,0,"CAT tourniquet",-20.274,-46.055,0,"_이누_",-16.039,-62.562,0,"bdg06213",17.875,-49.185,0,"CoalCat",10.802,-63.619,0,"Kr_Luna",55.142,-96.644,0,"_Chun",-8.039,-105.159,0,"아침땅_",-47.422,-95.716,0,0,0,0,0,0,"",0,0,0,0,2730.014,,,,0,0
94,5,1,7,1,2,2,0,0,0,0,255,255,255,58,2742.434,"Floră",R,3,57,90,-0.606,0.028,0.554,1.395,0.559,1.447,-36.344,37.958,2,0,-351.984,0,9.637,0,0,1,4,3,R,"Mr․D VRC",174.7,90.791,0.454,3,50,W,Y,2743.734,255,68,61,66,56,138,101,-30,-8.324,0.93,0,0.19,138.641,2.097,-2.63,-0.056,-37.246,0,"Gonyong",-0.015,-17.413,0,"CAT tourniquet",-20.126,-46.009,85,"_이누_",-15.779,-62.197,0,"bdg06213",17.11,-49.439,0,"CoalCat",10.292,-63.628,99,"Kr_Luna",46.692,-98.034,0,"_Chun",-8.438,-104.725,0,"아침땅_",-47.386,-95.712,0,2743.17,0.025,-21.178,2745.469,5,"CoalCat",5.504,-58.633,0,0,,,,,296,2
95,5,1,7,1,0,0,1,0,0,0,255,255,255,59,2766.839,"Floră",R,3,76,114,-3.554,-0.167,0.151,1.502,-0.682,1.517,-36.344,14.86,1,0,-494.956,0,24.917,0,0,0,5,2,R,"Rite_",190,80,0.453,0,49,W,Y,0,0,0,0,0,0,0,0,0,0,0,0,0,0,0,0,-0.32,-37.595,0,"Gonyong",-0.07,-17.12,0,"CAT tourniquet",-20.162,-46.556,0,"_이누_",-15.281,-62.932,0,"bdg06213",16.59,-50.419,0,"CoalCat",7.873,-62.174,0,"Kr_Luna",43.06,-97.036,0,"_Chun",-7.507,-97.204,0,"아침땅_",-46.898,-93.31,0,0,0,0,0,0,"",0,0,0,0,2768.158,,,,0,0
96,5,1,7,1,1,0,1,0,0,0,255,255,255,60,2780.169,"Floră",R,3,77,115,0.205,-0.047,0.492,1.534,0.907,1.588,-36.344,12.083,0,0,-478.016,0,28.836,0,0,1,5,2,R,"Rite_",190,80,0.453,0,49,W,Y,0,0,0,0,0,0,0,0,0,0,0,0,0,0,0,0,-0.066,-37.569,0,"Gonyong",-0.082,-17.229,0,"CAT tourniquet",-20.172,-46.532,0,"_이누_",-15.232,-62.936,0,"bdg06213",17.231,-49.321,0,"CoalCat",8.394,-61.916,0,"Kr_Luna",43.271,-96.767,0,"_Chun",-7.239,-97.279,0,"아침땅_",-46.276,-93.844,0,0,0,0,0,0,"",0,0,0,0,2781.403,,,,0,0
97,5,1,7,1,1,1,1,0,0,0,255,255,255,61,2793.603,"Floră",R,3,57,92,1.301,-0.748,0.743,1.487,1.206,1.171,-36.344,28.916,2,0,-287.504,0,13.52,0,0,1,5,2,R,"Rite_",190,80,0.453,3,49,W,Y,2794.907,255,193,119,48,80,145,120,25.695,-22.108,0.76,0,0.574,-285.14,494.859,177.246,0.058,-37.493,0,"Gonyong",-0.096,-17.262,0,"CAT tourniquet",-20.181,-46.549,0,"_이누_",-15.69,-62.744,0,"bdg06213",16.954,-50.11,74,"CoalCat",8.486,-61.868,0,"Kr_Luna",43.254,-96.776,94,"_Chun",-7.18,-97.253,94,"아침땅_",-46.025,-94.074,0,2798.77,26.248,-117.85,2803.414,6,"Kr_Luna",20.672,-125.412,1,0,,2805.31,,,464,2
98,5,1,7,1,0,0,1,0,1,0,255,2,255,62,2833.131,"Floră",R,33,83,135,-2.745,0.137,0.361,1.62,0.748,1.213,-36.344,24.738,2,0,129.799,-59.819,1.264,0,0,1,6,8,R,"kneesohime",174.9,85,0.498,3,49,W,Y,2834.254,255,98,75,56,24,141,90,-3.945,-26.694,-0.47,0,0.264,119.607,-185.246,-29.263,-0.19,-37.086,0,"Gonyong",-0.05,-17.378,0,"CAT tourniquet",-20.13,-45.766,0,"_이누_",-15.109,-62.2,0,"bdg06213",17.552,-50.063,112,"CoalCat",8.645,-61.813,0,"Kr_Luna",31.483,-102.249,0,"_Chun",0.642,-110.646,0,"아침땅_",-45.713,-93.169,0,2833.981,3.963,-27.329,2835.392,4,"bdg06213",14.414,-45.944,0,0,,2837.005,,,352,2
99,5,1,7,1,0,0,2,0,1,0,255,2,255,63,2858.601,"Floră",R,3,75,114,1.773,-0.14,0.54,1.507,1.581,1.531,-36.344,19.613,2,0,-468.504,0,22.675,0,0,1,7,6,L,"눈꽃",190,90,0.6,3,49,W,Y,2859.804,255,91,70,128,27,145,117,34.136,5.4,0.17,0,0.404,314.306,201.027,-149.341,0.229,-37.064,0,"Gonyong",-0.065,-17.377,0,"CAT tourniquet",-18.806,-46.965,0,"_이누_",-12.889,-63.526,0,"bdg06213",20.253,-49.79,0,"CoalCat",8.246,-61.667,0,"Kr_Luna",41.511,-100.736,0,"_Chun",1.492,-120.158,86,"아침땅_",-42.975,-96.659,0,2865.081,-13.138,-121.64,2865.403,7,"_Chun",-12.717,-119.363,0,0,,,2865.514,,384,1
100,5,0,7,1,0,0,0,0,0,0,255,255,255,35,2901.235,"まととまと",R,10,86,127,-1.411,-1.878,0.068,1.846,-0.616,0.779,-36.45,21.315,1,0,0,400,9.793,0,0,0,7,7,L,"_Chun",190,80,0.445,0,49,W,Y,0,0,0,0,0,0,0,0,0,0,0,0,0,0,0,0,-0.347,-36.978,0,"SUGUN",0.046,-17.431,0,"Rite_",-22.365,-51.405,0,"Mr․D VRC",-14.425,-63.597,0,"Ainy4／あいにゃ",21.802,-49.588,0,"3Ducks",10.334,-61.036,0,"눈꽃",34.421,-98.335,0,"うよすま",2.921,-112.257,0,"kneesohime",-38.865,-98.259,0,0,0,0,0,0,"",0,0,0,0,2902.203,,,,0,0
101,5,0,7,1,1,0,0,0,0,0,255,255,255,36,2911.832,"まととまと",R,10,83,110,-0.183,-1.099,0.173,2.011,-0.084,1.428,-36.45,37.129,4,0,0,400,14.855,0,0,1,7,7,L,"_Chun",190,80,0.445,0,49,W,Y,0,0,0,0,0,0,0,0,0,0,0,0,0,0,0,0,-0.302,-37.506,0,"SUGUN",-0.061,-17.479,0,"Rite_",-22.41,-51.739,0,"Mr․D VRC",-14.462,-63.712,0,"Ainy4／あいにゃ",21.691,-49.579,0,"3Ducks",10.251,-60.908,0,"눈꽃",34.425,-98.346,0,"うよすま",1.447,-112.891,0,"kneesohime",-37.823,-98.915,0,0,0,0,0,0,"",0,0,0,0,2912.859,,,,0,0
102,5,0,7,1,1,1,0,0,0,0,255,255,255,37,2927.793,"まととまと",R,11,74,108,0.141,-1.104,0.218,1.887,0.055,1.161,-36.45,45.487,2,0,0,187.616,9.028,0,0,1,7,7,L,"_Chun",190,80,0.445,3,49,W,Y,2928.851,229,89,101,79,54,145,128,-30,7.121,0.7,0,0.471,6.478,169.309,229.23,-0.148,-36.698,0,"SUGUN",-0.044,-17.433,0,"Rite_",-22.762,-51.871,0,"Mr․D VRC",-14.454,-63.724,55,"Ainy4／あいにゃ",21.862,-49.645,0,"3Ducks",10.396,-61.102,0,"눈꽃",34.424,-98.328,0,"うよすま",2.676,-112.154,0,"kneesohime",-40.236,-100.351,0,2928.392,-0.102,-22.125,2932.07,7,"うよすま",-10.218,-101.898,1,0,,,,,276,2
103,5,0,7,1,0,0,0,1,0,0,17,255,255,38,2959.428,"まととまと",R,27,87,140,1.205,0.723,0.318,2.198,0.548,1.922,-36.45,52.71,2,0,-25.282,-144.265,11.145,0,0,1,7,0,R,"Floră",190,85,0.403,2,49,W,Y,2960.474,172,101,83,0,0,120,85,-13.292,25.995,-0.2,0,0.495,-492.357,156.398,-281.251,-0.355,-36.359,0,"SUGUN",-0.084,-17.411,0,"Rite_",-20.592,-47.468,56,"Mr․D VRC",-11.45,-65.143,0,"Ainy4／あいにゃ",21.056,-49.869,0,"3Ducks",9.621,-62.217,0,"눈꽃",34.471,-92.014,0,"うよすま",-6.616,-111.113,0,"kneesohime",-36.343,-98.867,102,2960.103,-1.892,-23.091,2964.392,8,"kneesohime",-27.13,-76.924,1,0,,2965.3,,,352,2
104,5,0,7,1,0,0,0,1,1,0,10,17,255,39,2983.872,"まととまと",R,29,94,140,-1.352,-0.905,0.13,1.901,-0.326,0.958,-36.45,21.253,0,0,-224.126,-73.64,52.73,0,0,0,7,1,R,"Gonyong",190,80,0.2,0,49,W,Y,0,0,0,0,0,0,0,0,0,0,0,0,0,0,0,0,0.081,-37.186,0,"SUGUN",1.126,-18.781,0,"Rite_",-20.92,-46.159,0,"Mr․D VRC",-16.707,-62.689,0,"Ainy4／あいにゃ",18.728,-42.611,0,"3Ducks",9.375,-61.298,0,"눈꽃",36.228,-94.146,0,"うよすま",-4.445,-114.409,0,"kneesohime",-35.815,-92.863,0,0,0,0,0,0,"",0,0,0,1,2985.048,2987.428,,,0,0
105,5,0,7,1,0,1,0,1,1,0,10,17,255,40,2996.784,"まととまと",R,27,74,126,0.267,-0.298,0.229,2.075,-0.132,1.295,-36.45,53.368,2,0,109.115,-130.302,-13.279,0,0,0,7,1,R,"Gonyong",190,80,0.2,3,39,W,Y,2998.259,255,47,81,83,32,145,94,3.154,33.316,-0.63,0.143,0.377,-234.927,-80.183,410.48,-0.304,-36.884,0,"SUGUN",-0.106,-17.492,120,"Rite_",-20.763,-46.451,87,"Mr․D VRC",-17.191,-62.75,0,"Ainy4／あいにゃ",17.905,-44.844,85,"3Ducks",7.704,-60.374,85,"눈꽃",36.245,-94.164,0,"うよすま",-7.866,-112.986,0,"kneesohime",-35.468,-92.177,103,2998.525,-10.899,-36.841,3001.625,8,"kneesohime",-37.149,-76.334,1,256,3006.658,3003.108,3002.002,3006.912,363,2
106,5,0,7,2,0,0,1,0,1,0,255,11,255,41,3034.654,"まととまと",R,10,84,111,-1.044,-1.685,0.053,1.863,-0.456,1.062,-36.45,26.212,4,0,0,378.127,14.829,-0.223,-18.495,1,7,3,R,"_이누_",175,89.841,0.451,0,49,W,Y,0,0,0,0,0,0,0,0,0,0,0,0,0,0,0,0,0.17,-37.016,0,"SUGUN",-0.099,-18.155,0,"Rite_",-22.102,-48.478,0,"Mr․D VRC",-15.558,-63.321,0,"Ainy4／あいにゃ",21.964,-45.978,0,"3Ducks",6.817,-61.004,0,"눈꽃",32.065,-88.926,0,"うよすま",-4.204,-108.097,0,"kneesohime",-38.625,-87.415,0,0,0,0,0,0,"",0,0,0,0,3035.692,3037.567,,,0,0
107,5,0,7,2,0,1,1,0,1,0,255,11,255,42,3046.703,"まととまと",R,26,86,139,0.132,1.525,0.23,2.301,0.14,2.307,-36.45,56.648,1,0,-67.009,-165.791,18.201,0,0,0,7,3,R,"_이누_",175,89.841,0.451,0,49,W,Y,0,0,0,0,0,0,0,0,0,0,0,0,0,0,0,0,-0.046,-36.563,0,"SUGUN",-0.058,-18.562,0,"Rite_",-22.616,-48.836,0,"Mr․D VRC",-15.541,-63.304,0,"Ainy4／あいにゃ",21.441,-48.577,0,"3Ducks",8.648,-61.97,0,"눈꽃",37.685,-94.739,0,"うよすま",-6.159,-107.921,0,"kneesohime",-36.555,-81.273,0,0,0,0,0,0,"",0,0,0,0,3047.536,3049.724,,,0,0
108,5,0,7,2,1,1,1,0,1,0,255,11,255,43,3058.901,"まととまと",R,29,90,140,-0.833,-0.767,0.184,1.944,-0.074,1.049,-36.45,21.614,0,0,-250,-97.458,48.92,0,0,1,7,3,R,"_이누_",175,89.841,0.451,0,49,W,Y,0,0,0,0,0,0,0,0,0,0,0,0,0,0,0,0,0.111,-37.078,0,"SUGUN",-0.16,-18.03,0,"Rite_",-22.594,-48.76,0,"Mr․D VRC",-15.526,-63.282,0,"Ainy4／あいにゃ",21.593,-45.36,0,"3Ducks",6.847,-61.604,0,"눈꽃",37.684,-94.754,0,"うよすま",-9.342,-112.075,0,"kneesohime",-36.96,-81.745,0,0,0,0,0,0,"",0,0,0,0,3059.836,3063.185,,,0,0
109,5,0,7,2,1,2,1,0,1,0,255,11,255,44,3105.291,"まととまと",R,0,79,116,0.5,-0.555,0.365,1.954,0.266,1.265,-36.45,64.285,2,0,-35.009,0,2.679,0,0,1,1,3,R,"_이누_",175,89.841,0.451,3,49,W,Y,3106.402,255,152,126,128,25,145,127,25.617,9.053,0.47,0,0.216,-161.881,11.919,167.116,0.154,-36.469,0,"SUGUN",-0.072,-17.394,0,"Rite_",-21.366,-47.26,0,"Mr․D VRC",-15.685,-63.655,0,"Ainy4／あいにゃ",20.906,-48.345,0,"3Ducks",5.659,-61.036,0,"눈꽃",37.453,-94.74,96,"うよすま",-8.754,-106.564,0,"kneesohime",-38.957,-83.109,0,3110.403,-17.664,-126.17,3112.492,7,"うよすま",-20.289,-128.066,1,0,,3116.625,3110.408,3116.96,388,2
110,5,0,7,3,0,0,1,0,1,0,255,13,255,45,3142.422,"まととまと",R,0,65,118,1.615,1.447,0.447,2.194,0.618,2.29,-36.45,76.477,1,0,44.002,-38.023,2.43,0,0,0,2,8,R,"아침땅_",160,94.936,0.502,0,49,W,Y,0,0,0,0,0,0,0,0,0,0,0,0,0,0,0,0,0.164,-36.974,0,"SUGUN",1.025,-18.934,0,"Rite_",-22.371,-48.954,0,"Mr․D VRC",-14.997,-63.979,0,"Ainy4／あいにゃ",21.377,-48.281,0,"3Ducks",4.537,-61.58,0,"눈꽃",29.912,-92.531,0,"うよすま",-6.527,-98.462,0,"kneesohime",-38.615,-87.305,0,0,0,0,0,0,"",0,0,0,0,3143.192,3144.758,,,0,0
111,5,0,7,3,1,0,1,0,1,0,255,13,255,46,3159.109,"まととまと",R,28,72,124,-1.119,-1.394,0.074,1.878,-0.587,0.741,-36.45,21.792,2,0,55.609,-79.754,-11.722,0,0,1,2,8,R,"아침땅_",160,94.936,0.502,3,49,W,Y,3160.03,231,62,63,69,36,139,122,-1.32,32.23,0.4,0,0.22,-364.322,144.493,237.167,-0.228,-36.438,0,"SUGUN",-0.217,-17.5,104,"Rite_",-21.58,-47.878,0,"Mr․D VRC",-14.943,-63.904,0,"Ainy4／あいにゃ",21.007,-48.574,0,"3Ducks",7.552,-61.436,0,"눈꽃",31.826,-92.546,0,"うよすま",-5.994,-100.983,0,"kneesohime",-40.951,-87.386,0,3159.658,-4.944,-27.568,3162.114,8,"kneesohime",-35.027,-74.55,1,4,3167.347,,3165.101,,353,2
112,5,0,7,3,0,0,1,1,0,1,18,255,13,47,3183.091,"まととまと",R,27,69,108,-2.415,0.428,-0.008,2.154,-0.905,1.659,-36.45,57.602,4,0,-74.838,-120.621,18.678,0,0,1,3,5,R,"CoalCat",165.4,85.053,0.503,0,49,W,Y,0,0,0,0,0,0,0,0,0,0,0,0,0,0,0,0,0.084,-37.176,0,"SUGUN",-0.59,-18.74,0,"Rite_",-21.831,-47.75,0,"Mr․D VRC",-17.473,-63.021,0,"Ainy4／あいにゃ",19.114,-43.007,0,"3Ducks",7.197,-62.985,0,"눈꽃",35.542,-88.396,0,"うよすま",-6.312,-100.746,0,"kneesohime",-37.826,-86.391,0,0,0,0,0,0,"",0,0,0,0,3184.403,,,,0,0
113,5,0,7,3,0,1,1,1,0,1,18,255,13,48,3197.892,"まととまと",R,3,74,103,-1.365,-0.072,0.293,2.064,0.218,1.558,-36.45,74.028,0,0,-391.257,0,-1.919,0,0,0,3,5,R,"CoalCat",165.4,85.053,0.503,0,49,W,Y,0,0,0,0,0,0,0,0,0,0,0,0,0,0,0,0,-0.564,-37.254,0,"SUGUN",0.499,-18.585,0,"Rite_",-20.855,-42.898,0,"Mr․D VRC",-14.242,-62.276,0,"Ainy4／あいにゃ",19.255,-41.442,0,"3Ducks",0.142,-58.839,0,"눈꽃",33.868,-89.554,0,"うよすま",-6.359,-108.876,0,"kneesohime",-34.769,-83.553,0,0,0,0,0,0,"",0,0,0,0,3199.192,3200.149,3200.431,,0,0
114,5,0,7,3,0,2,1,0,1,1,255,18,13,49,3212.872,"まととまと",R,10,90,128,-1.959,-2.374,0.016,1.881,-0.857,0.782,-36.45,22.957,1,0,3.133,400,30.089,0,0,0,3,5,R,"CoalCat",165.4,85.053,0.503,0,49,W,Y,0,0,0,0,0,0,0,0,0,0,0,0,0,0,0,0,-0.213,-36.666,0,"SUGUN",0.071,-17.616,0,"Rite_",-22.237,-48.082,0,"Mr․D VRC",-17.145,-61.603,0,"Ainy4／あいにゃ",19.694,-42.257,0,"3Ducks",8.154,-62.405,0,"눈꽃",39.551,-89.841,0,"うよすま",-7.021,-108.389,0,"kneesohime",-46.718,-92.348,0,0,0,0,0,0,"",0,0,0,0,3213.869,3215.491,,,0,0
115,5,0,7,3,1,2,1,0,1,1,255,18,13,50,3224.585,"まととまと",R,3,60,94,0.812,0.335,0.498,2.093,1.02,1.79,-36.45,83.838,2,0,-288.389,0,-3.344,0,0,1,3,5,R,"CoalCat",165.4,85.053,0.503,3,49,W,Y,3225.923,205,171,74,77,47,145,125,14.205,-33.892,0.4,0,0.423,2.171,-372.291,468.931,-0.614,-36.403,0,"SUGUN",-0.023,-17.298,0,"Rite_",-21.924,-47.743,0,"Mr․D VRC",-17.1,-61.409,0,"Ainy4／あいにゃ",18.036,-46.101,83,"3Ducks",4.548,-62.06,0,"눈꽃",37.611,-88.555,0,"うよすま",-7.245,-105.728,0,"kneesohime",-46.674,-92.256,0,3229.247,61.009,-100.487,3232.881,6,"눈꽃",52.639,-98.92,1,0,,3235.398,3234.012,3234.755,392,2
116,5,0,7,4,0,0,1,0,1,1,255,15,18,51,3258.449,"まととまと",R,0,71,110,0.077,-0.493,0.209,1.949,0.027,1.293,-36.45,50.612,0,0,0,0,-0.589,0,0,1,4,6,L,"Kr_Luna",190,95.297,0.498,0,49,W,Y,0,0,0,0,0,0,0,0,0,0,0,0,0,0,0,0,0.028,-36.864,0,"SUGUN",0.071,-17.303,0,"Rite_",-22.307,-46.418,0,"Mr․D VRC",-6.772,-65.106,0,"Ainy4／あいにゃ",19.656,-41.631,0,"3Ducks",8.889,-61.53,0,"눈꽃",41.547,-91.235,0,"うよすま",5.71,-110.5,0,"kneesohime",-36.659,-82.2,0,0,0,0,0,0,"",0,0,0,0,3259.225,3260.832,3260.774,,0,0
117,5,0,7,4,0,1,1,0,1,1,255,15,18,52,3269.927,"まととまと",R,26,89,140,1.024,-0.68,0.251,1.912,0.239,0.993,-36.45,25.746,0,0,143.432,-196.711,-12.025,0,0,1,4,6,L,"Kr_Luna",190,95.297,0.498,0,49,W,Y,0,0,0,0,0,0,0,0,0,0,0,0,0,0,0,0,-0.005,-36.762,0,"SUGUN",0.249,-17.812,0,"Rite_",-21.4,-46.642,0,"Mr․D VRC",-5.901,-63.814,0,"Ainy4／あいにゃ",20.614,-41.724,0,"3Ducks",8.965,-61.773,0,"눈꽃",41.538,-91.23,0,"うよすま",6.778,-112.104,0,"kneesohime",-36.115,-82,0,0,0,0,0,0,"",0,0,0,0,3270.603,3272.177,3272.079,,0,0
118,5,0,7,4,0,2,1,0,1,1,255,15,18,53,3283.662,"まととまと",R,3,89,114,-4.86,-1.604,-0.194,1.675,-1.221,0.703,-36.45,2.974,3,0,-414.494,0,-68.361,-0.469,-20.143,0,4,6,L,"Kr_Luna",190,95.297,0.498,0,49,W,Y,0,0,0,0,0,0,0,0,0,0,0,0,0,0,0,0,-0.187,-36.709,0,"SUGUN",0.065,-17.731,0,"Rite_",-21.007,-46.363,0,"Mr․D VRC",-6.656,-64.145,0,"Ainy4／あいにゃ",19.28,-42.586,0,"3Ducks",9.114,-61.888,0,"눈꽃",41.579,-91.243,0,"うよすま",5.76,-112.104,0,"kneesohime",-46.802,-93.679,0,0,0,0,0,0,"",0,0,0,0,3285.836,3286.397,3285.917,,0,6
119,5,0,7,4,0,0,1,1,1,1,16,15,18,54,3315.717,"まととまと",R,27,80,131,2.597,0.723,0.464,2.209,1.057,1.925,-36.45,65.569,1,0,40.544,-124.296,9.732,0,0,0,5,2,L,"CAT tourniquet",190,84,0.451,0,49,W,Y,0,0,0,0,0,0,0,0,0,0,0,0,0,0,0,0,0.185,-37.07,0,"SUGUN",0.058,-17.617,0,"Rite_",-21.781,-45.836,0,"Mr․D VRC",-13.549,-65.134,0,"Ainy4／あいにゃ",19.738,-43.042,0,"3Ducks",10.213,-61.333,0,"눈꽃",41.916,-92.691,0,"うよすま",5.585,-111.958,0,"kneesohime",-38.465,-86.138,0,0,0,0,0,0,"",0,0,0,0,3316.592,3318.131,,,0,0
120,5,0,7,4,1,0,1,1,1,1,16,15,18,55,3325.608,"まととまと",R,28,78,128,1.729,0.86,0.429,2.233,0.707,2.03,-36.45,66.495,1,0,21.997,-99.448,5.035,0,0,0,5,2,L,"CAT tourniquet",190,84,0.451,0,49,W,Y,0,0,0,0,0,0,0,0,0,0,0,0,0,0,0,0,-0.023,-37.028,0,"SUGUN",0.241,-17.473,0,"Rite_",-21.986,-44.408,0,"Mr․D VRC",-13.383,-64.992,0,"Ainy4／あいにゃ",19.782,-42.414,0,"3Ducks",10.023,-60.47,0,"눈꽃",41.919,-92.693,0,"うよすま",2.234,-110.176,0,"kneesohime",-39.022,-85.807,0,0,0,0,0,0,"",0,0,0,0,3326.592,3327.975,3328.44,,0,0
121,5,0,7,4,2,0,1,1,1,1,16,15,18,56,3337.292,"まととまと",R,0,79,116,0.247,-0.365,0.232,1.987,0.1,1.377,-36.45,37.807,0,0,0,9.66,4.592,0,0,0,5,2,L,"CAT tourniquet",190,84,0.451,0,49,W,Y,0,0,0,0,0,0,0,0,0,0,0,0,0,0,0,0,-0.131,-36.862,0,"SUGUN",-0.015,-17.268,0,"Rite_",-21.27,-46.092,0,"Mr․D VRC",-12.38,-64.637,0,"Ainy4／あいにゃ",19.65,-42.884,0,"3Ducks",10.149,-61.195,0,"눈꽃",41.81,-92.216,0,"うよすま",3.203,-109.635,0,"kneesohime",-39.003,-85.795,0,0,0,0,0,0,"",0,0,0,0,3338.236,3339.77,3340.025,,0,0
122,5,0,7,4,2,1,1,1,1,1,16,15,18,57,3350.982,"まととまと",R,27,85,138,0.282,0.359,0.247,2.131,0.219,1.702,-36.45,45.878,0,0,-74.711,-127.504,15.558,0,0,0,5,2,L,"CAT tourniquet",190,84,0.451,0,49,W,Y,0,0,0,0,0,0,0,0,0,0,0,0,0,0,0,0,-0.015,-36.954,0,"SUGUN",0.046,-17.463,0,"Rite_",-22.248,-46.423,0,"Mr․D VRC",-12.48,-64.614,0,"Ainy4／あいにゃ",19.622,-43.037,0,"3Ducks",10.128,-61.348,0,"눈꽃",41.944,-92.162,0,"うよすま",3.516,-110.876,0,"kneesohime",-39.023,-85.81,0,0,0,0,0,0,"",0,0,0,0,3351.825,3353.357,3353.781,,0,0
123,5,0,7,4,2,2,1,1,1,1,16,15,18,58,3365.828,"まととまと",R,27,86,140,-1.109,0.274,0.122,2.11,-0.363,1.636,-36.45,38.175,2,0,-94.029,-145.011,27.266,0,0,1,5,2,L,"CAT tourniquet",190,84,0.451,2,49,W,Y,3366.929,77,24,95,32,12,113,107,-30,-32.769,0.87,0,0.281,-491.522,-216.049,10.963,-0.344,-36.544,0,"SUGUN",-0.117,-17.404,0,"Rite_",-22.342,-48.413,0,"Mr․D VRC",-12.418,-64.427,0,"Ainy4／あいにゃ",19.468,-43.853,104,"3Ducks",9.934,-61.324,0,"눈꽃",41.943,-92.183,0,"うよすま",3.748,-110.131,0,"kneesohime",-38.959,-85.767,0,3366.281,0.778,-20.652,3367.692,4,"Ainy4／あいにゃ",14.814,-42.328,0,0,,,3372.729,3371.407,296,2
124,6,1,7,4,0,0,0,0,0,0,255,255,255,64,3423.787,"Floră",R,3,62,94,0.785,1.064,0.736,1.65,1.093,2.271,-36.344,25.415,2,0,-349.765,0,16.06,0,0,1,8,0,R,"まととまと",179.5,90.039,0.45,3,48,W,Y,3425.067,255,135,97,68,43,145,97,28.729,-13.026,0.94,0,0.184,-258.602,-482.532,85.047,0.118,-37.398,0,"Gonyong",-0.024,-17.655,0,"CAT tourniquet",-19.883,-45.159,0,"_이누_",-13.778,-62.596,0,"bdg06213",18.517,-48.985,0,"CoalCat",9.634,-63.109,0,"Kr_Luna",36.79,-86.554,93,"_Chun",-0.797,-102.196,0,"아침땅_",-47.7,-94.866,0,3428.892,25.76,-94.499,3429.147,6,"Kr_Luna",25.059,-93.049,0,0,,,,,272,1
125,6,1,7,4,0,0,1,0,0,0,255,255,255,65,3450.515,"Floră",R,33,87,140,-0.245,0.227,0.143,1.559,-0.267,1.7,-36.344,21.785,2,0,111.845,-62.558,0.942,0,0,1,0,1,R,"SUGUN",190,82,0.502,3,48,W,Y,3451.602,255,31,95,40,0,145,116,-30,33.837,0.87,0,0.199,-314.334,61.28,-6.247,0.075,-36.759,0,"Gonyong",0.015,-16.981,0,"CAT tourniquet",-19.963,-45.061,87,"_이누_",-14.422,-62.959,0,"bdg06213",16.865,-50.185,0,"CoalCat",9.831,-63.172,0,"Kr_Luna",37.637,-88.692,0,"_Chun",-4.912,-103.971,0,"아침땅_",-50.757,-95.942,0,3450.925,-1.125,-19.959,3452.536,2,"CAT tourniquet",-17.562,-44.412,0,0,,,,,288,2
126,6,1,7,4,0,0,2,0,0,0,255,255,255,66,3472.328,"Floră",R,13,80,117,-2.525,-1.978,0.111,1.38,-0.412,0.714,-36.344,21.891,1,0,-408.528,288.279,10.529,-0.582,-18.908,0,1,5,R,"3Ducks",190,80,0.496,0,49,W,Y,0,0,0,0,0,0,0,0,0,0,0,0,0,0,0,0,-0.135,-37.597,0,"Gonyong",-0.139,-17.346,0,"CAT tourniquet",-19.296,-45.675,0,"_이누_",-15.631,-62.655,0,"bdg06213",17.114,-53.509,0,"CoalCat",10.379,-64.803,0,"Kr_Luna",33.104,-91.752,0,"_Chun",-4.094,-110.27,0,"아침땅_",-47.945,-92.484,0,0,0,0,0,0,"",0,0,0,0,3473.603,,,,0,0
127,6,1,7,4,1,0,2,0,0,0,255,255,255,67,3486.878,"Floră",R,32,82,133,1.159,0.094,0.283,1.662,0.387,1.821,-36.344,28.182,2,0,166.232,-85.957,3.877,0,0,1,1,5,R,"3Ducks",190,80,0.496,3,49,W,Y,3488.076,255,77,51,57,38,136,86,48.168,-26.716,-0.79,0,0.285,-16.394,-174.584,-332.885,-0.145,-37.223,0,"Gonyong",0.027,-16.997,0,"CAT tourniquet",-19.299,-45.604,0,"_이누_",-16.016,-62.142,0,"bdg06213",17.922,-48.519,0,"CoalCat",9.883,-64.85,0,"Kr_Luna",33.371,-91.848,88,"_Chun",-4.166,-109.698,0,"아침땅_",-47.476,-93.454,0,3492.414,31.123,-72.041,3492.77,6,"Kr_Luna",30.795,-71.506,0,0,,,,,272,1
128,6,0,7,4,0,0,0,0,0,0,255,255,255,59,3522.021,"まととまと",R,26,92,140,-1.163,-0.211,0.135,2.006,-0.303,1.3,-36.45,24.135,0,0,-150.499,-177.443,24.685,0,0,1,6,4,R,"bdg06213",190,85.522,0.35,0,49,W,Y,0,0,0,0,0,0,0,0,0,0,0,0,0,0,0,0,0.028,-36.88,0,"SUGUN",-0.077,-17.357,0,"Rite_",-22.37,-49.348,0,"Pring__",-13.576,-61.884,0,"Ainy4／あいにゃ",21.227,-48.61,0,"3Ducks",11.023,-60.273,0,"눈꽃",40.343,-93.062,0,"うよすま",-3.797,-106.904,0,"kneesohime",-40.185,-88.172,0,0,0,0,0,0,"",0,0,0,0,3522.892,,,,0,0
129,6,0,7,4,0,1,0,0,0,0,255,255,255,60,3534.825,"まととまと",R,12,83,116,0.334,-0.413,0.245,2.051,0.138,1.515,-36.45,43.358,0,0,0,143.093,7.92,0,0,1,6,4,R,"bdg06213",190,85.522,0.35,0,49,W,Y,0,0,0,0,0,0,0,0,0,0,0,0,0,0,0,0,-0.233,-36.955,0,"SUGUN",-0.022,-17.274,0,"Rite_",-22.31,-49.481,0,"Pring__",-12.254,-61.425,0,"Ainy4／あいにゃ",21.146,-48.681,0,"3Ducks",10.117,-61.256,0,"눈꽃",40.367,-93.122,0,"うよすま",-3.48,-109.285,0,"kneesohime",-44.02,-90.126,0,0,0,0,0,0,"",0,0,0,0,3535.77,,,,0,0
130,6,0,7,4,0,2,0,0,0,0,255,255,255,61,3549.925,"まととまと",R,13,88,111,-2.678,-1.469,0.047,1.88,-0.474,1.145,-36.45,25.448,4,0,-362.977,343.872,-1.769,-0.666,-18.102,1,6,4,R,"bdg06213",190,85.522,0.35,0,49,W,Y,0,0,0,0,0,0,0,0,0,0,0,0,0,0,0,0,-0.232,-37.406,0,"SUGUN",-0.144,-17.305,0,"Rite_",-22.774,-49.619,0,"Pring__",-14.28,-57.048,0,"Ainy4／あいにゃ",21.14,-48.678,0,"3Ducks",9.913,-61.313,0,"눈꽃",40.358,-93.121,0,"うよすま",-3.661,-109.348,0,"kneesohime",-43.991,-90.093,0,0,0,0,0,0,"",0,0,0,0,3550.925,,,,0,0
131,6,0,7,4,0,0,1,0,0,0,255,255,255,62,3570.153,"まととまと",R,6,81,106,1.642,-0.731,0.137,1.882,-0.197,1.15,-36.45,22.076,1,0,473.645,0,47.345,0.858,-17.927,0,7,7,L,"_Chun",190,80,0.445,0,50,W,Y,0,0,0,0,0,0,0,0,0,0,0,0,0,0,0,0,0.277,-37.171,0,"SUGUN",0.333,-17.482,0,"Rite_",-21.658,-48.8,0,"Pring__",-11.808,-63.645,0,"Ainy4／あいにゃ",20.813,-47.847,0,"3Ducks",9.657,-61.364,0,"눈꽃",39.265,-96.909,0,"うよすま",4.858,-110.592,0,"kneesohime",-44.064,-90.158,0,0,0,0,0,0,"",0,0,0,0,3573.336,,,,0,0
132,6,0,7,4,1,0,1,0,0,0,255,255,255,63,3582.628,"まととまと",R,26,94,140,-2.879,-1.014,-0.057,1.847,-1.196,0.785,-36.45,13.17,1,0,-42.959,-200,22.598,0,0,0,7,7,L,"_Chun",190,80,0.445,0,50,W,Y,0,0,0,0,0,0,0,0,0,0,0,0,0,0,0,0,-0.105,-37.212,0,"SUGUN",-0.213,-17.437,0,"Rite_",-22.129,-50.418,0,"Pring__",-11.814,-63.651,0,"Ainy4／あいにゃ",21.418,-48.638,0,"3Ducks",9.992,-61.176,0,"눈꽃",39.255,-96.943,0,"うよすま",2.177,-115.247,0,"kneesohime",-48.847,-96.867,0,0,0,0,0,0,"",0,0,0,0,3583.436,,,,0,0
133,6,0,7,4,2,0,1,0,0,0,255,255,255,64,3596.08,"まととまと",R,27,85,138,-0.969,-0.276,0.133,2.012,-0.311,1.318,-36.45,27.11,2,0,-84.292,-114.213,19.839,0,0,1,7,7,L,"_Chun",190,80,0.445,3,50,W,Y,3597.057,183,43,76,54,26,140,130,-5.326,-27.025,0.63,0,0.121,-29.712,-598.169,-10.584,-0.322,-36.711,0,"SUGUN",-0.124,-17.338,0,"Rite_",-21.831,-50.291,84,"Pring__",-10.617,-63.398,0,"Ainy4／あいにゃ",20.778,-48.722,106,"3Ducks",9.872,-61.322,0,"눈꽃",39.253,-96.946,0,"うよすま",2.605,-112.632,0,"kneesohime",-48.814,-96.875,0,3596.603,3.457,-26.204,3597.803,4,"Ainy4／あいにゃ",15.81,-49.529,0,0,,,,,296,2
134,6,0,7,4,0,0,2,0,0,0,255,255,255,65,3619.022,"まととまと",R,3,71,100,1.02,0.269,0.616,2.072,1.255,1.783,-36.45,82.353,0,0,-408.948,0,2.263,0,0,0,8,0,R,"Floră",190,85,0.403,0,51,W,Y,0,0,0,0,0,0,0,0,0,0,0,0,0,0,0,0,0.001,-37.126,0,"SUGUN",-0.053,-17.307,0,"Rite_",-22.893,-48.907,0,"Pring__",-14.478,-63.928,0,"Ainy4／あいにゃ",21.237,-48.699,0,"3Ducks",10.997,-62.811,0,"눈꽃",39.113,-92.837,0,"うよすま",-6.464,-111.871,0,"kneesohime",-45.114,-91.763,0,0,0,0,0,0,"",0,0,0,0,3620.158,,,,0,0
135,6,0,7,4,0,1,2,0,0,0,255,255,255,66,3633.703,"まととまと",R,3,77,106,-1.752,-0.625,0.267,1.989,-0.056,1.32,-36.45,54.323,4,0,-380.339,79.069,-3.926,0,0,1,8,0,R,"Floră",190,85,0.403,0,51,W,Y,0,0,0,0,0,0,0,0,0,0,0,0,0,0,0,0,0.159,-37.122,0,"SUGUN",-0.182,-17.318,0,"Rite_",-22.89,-49.069,0,"Pring__",-14.375,-63.589,0,"Ainy4／あいにゃ",21.355,-48.719,0,"3Ducks",11.251,-62.685,0,"눈꽃",39.099,-92.89,0,"うよすま",-4.679,-113.217,0,"kneesohime",-45.712,-90.595,0,0,0,0,0,0,"",0,0,0,0,3634.969,,,,0,0
136,6,0,7,4,0,2,2,0,0,0,255,255,255,67,3647.808,"まととまと",R,27,83,135,1.014,-0.052,0.297,2.057,0.451,1.465,-36.45,35.703,2,0,-13.107,-104.148,7.454,0,0,1,8,0,R,"Floră",190,85,0.403,2,51,W,Y,3649.006,177,84,95,47,0,145,93,-33.487,31.249,-0.7,0,0.477,7.716,117.478,-83.145,-0.44,-36.46,0,"SUGUN",-0.082,-17.334,0,"Rite_",-22.404,-48.858,60,"Pring__",-14.635,-62.535,0,"Ainy4／あいにゃ",20.442,-48.966,0,"3Ducks",11.129,-62.627,0,"눈꽃",39.114,-92.943,0,"うよすま",-4.721,-113.228,0,"kneesohime",-45.732,-90.594,0,3648.403,-0.595,-20.803,3650.647,2,"Rite_",-15.256,-47.709,0,0,3703.992,,,,353,2
137,7,1,7,4,0,0,0,0,0,0,255,255,255,68,3732.239,"Gonyong",R,3,60,93,0.734,1.03,0.598,2.037,1.082,2.217,-36.738,53.213,2,0,-341.039,0,0.097,0,0,1,2,7,R,"うよすま",175.4,93.035,0.601,3,52,W,Y,3733.564,221,45,78,56,4,143,111,26.549,20.968,0.15,0.095,0.396,211.436,253.239,-91.102,-0.048,-37.756,0,"_Chun",0.005,-17.339,0,"CAT tourniquet",-19.918,-46.318,85,"_이누_",-15.586,-62.067,0,"Floră",20.45,-49.237,0,"CoalCat",10.927,-61.935,0,"Kr_Luna",33.035,-90.167,0,"AI",0,-109.84,0,"아침땅_",-44.825,-90.746,95,3736.381,-39.501,-108.007,3736.614,4,"Ainy4／あいにゃ",-39.242,-107.501,0,0,,,,,37,1
138,7,1,7,4,0,0,1,0,0,0,255,255,255,69,3762.681,"Gonyong",R,33,67,120,0.523,0.943,0.252,1.955,0.014,2.175,-36.738,79.758,2,0,120.297,-9.412,23.254,0,0,1,3,4,L,"Ainy4／あいにゃ",188.5,85,0.5,3,52,W,Y,3763.898,224,110,84,61,6,145,108,103.731,75.627,0.9,0,0.519,94.678,-328.744,17.36,-0.289,-37.74,0,"_Chun",0.246,-17.173,0,"CAT tourniquet",-18.926,-46.374,0,"_이누_",-9.977,-65.658,0,"Floră",19.598,-46.936,0,"CoalCat",11.012,-61.95,0,"Kr_Luna",40.094,-95.394,0,"HANA_ARASHI",-0.022,-115.377,0,"아침땅_",-38.533,-99.263,0,0,0,0,0,0,"",0,0,0,0,,,,,1,3
139,7,1,7,4,0,1,1,0,0,0,255,255,255,70,3782.241,"Gonyong",R,10,70,100,0.374,-2.119,0.299,1.464,0.155,0.932,-36.738,22.505,2,0,0,400,0.634,0,0,1,3,4,L,"Ainy4／あいにゃ",188.5,85,0.5,3,56,W,Y,3783.545,255,96,57,98,39,137,129,-30,-14.444,0.65,0,0.617,59.656,58.687,15.775,-0.38,-38.039,0,"_Chun",0.132,-17.35,0,"CAT tourniquet",-19.613,-45.715,83,"_이누_",-10.783,-64.442,0,"Floră",19.909,-46.204,0,"CoalCat",11.221,-62.224,85,"Kr_Luna",47.847,-95.7,0,"HANA_ARASHI",-2.407,-112.111,0,"아침땅_",-34.43,-101.002,0,3781.436,0.101,-20.137,3783.347,5,"CoalCat",10.666,-61.188,1,0,,,,,41,2
140,7,1,7,4,0,0,1,1,0,0,4,255,255,71,3813.786,"Gonyong",R,13,81,107,0.054,-1.802,0.352,1.533,0.319,1.037,-36.738,31.71,4,0,-201.855,400,6.652,0,0,0,4,3,L,"Pring__",174.864,92.818,0.485,0,53,W,Y,0,0,0,0,0,0,0,0,0,0,0,0,0,0,0,0,-0.267,-38.208,0,"_Chun",0.029,-17.428,0,"CAT tourniquet",-18.131,-45.86,0,"_이누_",-8.83,-62.491,0,"Floră",20.312,-47.415,0,"CoalCat",8.867,-62.628,0,"Kr_Luna",45.475,-95.348,0,"HANA_ARASHI",-0.612,-110.48,0,"아침땅_",-35.325,-101.342,0,0,0,0,0,0,"",0,0,0,0,3813.392,,,,0,0
141,7,1,7,4,0,1,1,1,0,0,4,255,255,3,3831.637,"Gonyong",R,32,73,124,3.227,0.14,0.499,1.789,1.163,1.629,-36.738,47.903,4,0,153.075,-41.065,12.61,0,0,0,4,3,L,"Pring__",174.864,92.818,0.485,0,53,W,Y,0,0,0,0,0,0,0,0,0,0,0,0,0,0,0,0,-0.005,-38.355,0,"_Chun",0.839,-17.427,0,"CAT tourniquet",-18.559,-46.379,0,"_이누_",-9.758,-62.113,0,"Floră",21.399,-48.365,0,"CoalCat",9.289,-62.495,0,"Kr_Luna",45.307,-95.434,0,"HANA_ARASHI",5.493,-111.831,0,"아침땅_",-33.901,-103.981,0,0,0,0,0,0,"",0,0,0,0,3831.147,,,,0,0
142,7,1,7,4,0,2,1,1,0,0,4,255,255,4,3850.954,"Gonyong",R,5,53,92,-1.694,2.459,0.236,2.081,-0.422,3.048,-36.738,90.61,1,0,-146.371,0,22.211,0,0,0,4,3,L,"Pring__",174.864,92.818,0.485,0,53,W,Y,0,0,0,0,0,0,0,0,0,0,0,0,0,0,0,0,-0.519,-38.033,0,"_Chun",-0.644,-17.162,0,"CAT tourniquet",-18.945,-46.976,0,"_이누_",-9.796,-61.871,0,"Floră",21.293,-48.481,0,"CoalCat",8.365,-58.868,0,"Kr_Luna",45.485,-95.758,0,"HANA_ARASHI",2.49,-110.568,0,"아침땅_",-36.791,-102.6,0,0,0,0,0,0,"",0,0,0,0,3850.614,,,,0,0
143,7,1,7,4,1,2,1,1,0,0,4,255,255,5,3866.819,"Gonyong",R,26,74,125,-1.039,-0.039,0.11,1.715,-0.647,1.371,-36.738,27.003,2,0,128.72,-200,7.008,0,0,0,4,3,L,"Pring__",174.864,92.818,0.485,3,53,W,Y,3867.792,255,112,123,93,54,145,98,25.77,-4.741,-0.17,0,0.531,59.656,58.687,15.775,-0.365,-36.99,0,"_Chun",0.208,-17.113,0,"CAT tourniquet",-19.3,-47.713,0,"_이누_",-9.769,-61.844,0,"Floră",21.413,-48.535,0,"CoalCat",8.354,-59.068,0,"Kr_Luna",45.499,-95.72,0,"HANA_ARASHI",2.35,-110.145,0,"아침땅_",-36.459,-102.568,0,3870.425,15.806,-103.407,3876.636,7,"HANA_ARASHI",24.451,-128.283,1,0,,3873.621,3878.9,3884.288,257,2
144,7,1,8,4,0,0,1,0,0,1,255,255,3,6,3910.011,"Gonyong",R,3,59,105,0.964,1.059,0.48,1.99,1.076,2.282,-36.738,66.216,1,0,-344.055,0,2.533,0,0,0,5,0,R,"Rite_",190,80,0.453,0,55,W,Y,0,0,0,0,0,0,0,0,0,0,0,0,0,0,0,0,-0.371,-38.312,106,"_Chun",0.297,-17.199,0,"CAT tourniquet",-19.231,-43.631,0,"_이누_",-13.629,-63.193,0,"Floră",19.592,-43.657,0,"CoalCat",9.143,-61.563,0,"Kr_Luna",42.716,-101.619,0,"HANA_ARASHI",-1.074,-118.233,0,"아침땅_",-44.874,-92.64,0,0,0,0,0,0,"",0,0,0,0,3909.725,,3912.71,,0,0
145,7,1,8,4,1,0,1,0,0,1,255,255,3,7,3959.331,"Gonyong",R,5,52,93,1.963,1.585,0.573,2.088,0.958,2.622,-36.738,69.667,1,0,-52.662,0,4.195,0,0,0,5,0,R,"Rite_",190,80,0.453,0,55,W,Y,0,0,0,0,0,0,0,0,0,0,0,0,0,0,0,0,-0.431,-38.278,0,"_Chun",0.277,-17.189,0,"CAT tourniquet",-20.704,-46.498,0,"_이누_",-14.769,-63.695,0,"Floră",18.753,-40.302,0,"CoalCat",8.753,-62.113,0,"Kr_Luna",46.416,-99.456,0,"HANA_ARASHI",-0.879,-115.183,0,"아침땅_",-45.922,-95.438,0,0,0,0,0,0,"",0,0,0,0,3959.292,,3962.078,,0,0
146,7,1,8,4,2,0,1,0,0,1,255,255,3,8,3973.056,"Gonyong",R,10,66,98,1.541,-0.288,0.461,1.976,0.658,2.043,-36.738,46.402,2,0,0,400,-2.678,0,0,1,5,0,R,"Rite_",190,80,0.453,3,55,W,Y,3974.805,255,112,98,62,34,145,90,-8.795,-16.165,-0.82,0,0.505,-306.127,-498.208,120.889,-0.117,-38.112,0,"_Chun",0.051,-17.564,120,"CAT tourniquet",-20.675,-46.53,0,"_이누_",-14.243,-63.452,0,"Floră",17.873,-47.055,85,"CoalCat",8.977,-62.137,99,"Kr_Luna",46.428,-99.367,0,"HANA_ARASHI",-0.988,-114.193,0,"아침땅_",-45.735,-95.077,0,3972.803,1.464,-23.402,3974.881,5,"CoalCat",10.814,-55.868,1,16,3977.625,,3981.822,,201,2
147,7,1,8,4,0,0,2,1,0,0,0,255,255,9,4021.316,"Gonyong",R,10,65,96,2.297,-0.551,0.566,1.947,0.984,2.009,-36.738,54.914,2,0,0,400,-39.301,0,0,1,6,8,R,"kneesohime",174.9,85,0.498,3,55,W,Y,4022.674,206,112,93,49,58,145,99,-63.712,-53.358,-0.12,0,0.191,209.267,-148.47,-144.416,-0.358,-38.057,0,"_Chun",0.07,-17.126,0,"CAT tourniquet",-19.851,-45.466,0,"_이누_",-14.73,-62.298,0,"Floră",15.347,-44.217,0,"CoalCat",10.174,-63.945,0,"Kr_Luna",39.383,-97.224,0,"HANA_ARASHI",-16.548,-117.661,0,"아침땅_",-44.886,-90.522,0,4020.481,0.854,-20.498,0,0,"",0,0,0,0,,,,,1,3
148,7,1,8,4,0,1,2,1,0,0,0,255,255,10,4036.754,"Gonyong",R,26,83,135,1.323,-1.015,0.371,1.559,0.569,0.82,-36.738,24.5,2,0,-3.052,-200,4.183,0,0,1,6,8,R,"kneesohime",174.9,85,0.498,3,55,W,Y,4038.005,255,125,150,77,37,145,107,-30,23.599,0.92,0,0.268,1.847,-237.927,42.68,-0.321,-37.856,0,"_Chun",0.081,-17.235,0,"CAT tourniquet",-19.908,-45.424,0,"_이누_",-13.778,-63.67,86,"Floră",15.943,-46.702,0,"CoalCat",11.231,-63.171,0,"Kr_Luna",42.402,-92.188,0,"HANA_ARASHI",-10.847,-116.427,0,"아침땅_",-44.422,-90.862,0,4035.825,-0.022,-18.552,4038.025,3,"_이누_",-16.79,-57.015,0,0,4066.836,4042.75,,,99,2
149,7,0,8,4,0,0,0,0,0,0,255,255,255,0,4120.45,"Rite_",R,33,82,133,-0.189,-0.106,0.263,1.745,-0.252,1.49,-36.544,11.198,2,0,109.416,-48.324,0,0,0,1,0,0,R,"Gonyong",190,80,0.2,3,39,W,Y,4121.59,255,145,133,89,23,145,102,8.502,43.454,-0.23,0.143,0.299,127.546,531.362,59.743,0.448,-37.66,0,"SUGUN",-0.15,-17.402,0,"まととまと",-22.037,-49.285,0,"Pring__",-16.587,-62.423,0,"Ainy4／あいにゃ",20.636,-48.927,0,"3Ducks",12.52,-64.126,0,"눈꽃",34.843,-95.039,0,"うよすま",-8.821,-109.854,0,"kneesohime",-45.43,-91.089,0,4121.181,-31.391,-48.909,0,0,"",0,0,0,0,,,,,32,3
150,7,0,8,4,0,1,0,0,0,0,255,255,255,1,4138.297,"Rite_",R,5,86,135,-11.302,-2.529,0.104,1.557,-4.722,-0.305,-36.544,25.647,1,0,-148.889,0,0,-1.896,-21.823,0,0,0,R,"Gonyong",190,80,0.2,0,39,W,Y,0,0,0,0,0,0,0,0,0,0,0,0,0,0,0,0,-1.042,-39.396,0,"SUGUN",-2.15,-16.944,0,"まととまと",-22.831,-50.275,0,"Pring__",-16.333,-61.864,0,"Ainy4／あいにゃ",21.275,-48.476,0,"3Ducks",11.752,-63.234,0,"눈꽃",35.459,-94.652,0,"うよすま",-9.865,-113.291,0,"kneesohime",-46.388,-91.959,0,0,0,0,0,0,"",0,0,0,0,,,,,0,0
151,7,0,8,4,1,1,0,0,0,0,255,255,255,2,4154.301,"Rite_",R,13,91,126,-1.543,-0.79,0.184,1.68,-0.074,1.463,-36.544,8.938,4,0,-382.508,322.006,0,0,0,1,0,0,R,"Gonyong",190,80,0.2,0,39,W,Y,0,0,0,0,0,0,0,0,0,0,0,0,0,0,0,0,-0.404,-38.497,0,"SUGUN",-0.635,-17.491,0,"まととまと",-23.085,-50.131,0,"Pring__",-16.331,-61.871,0,"Ainy4／あいにゃ",21.228,-48.436,0,"3Ducks",11.582,-63.373,0,"눈꽃",35.448,-94.665,0,"うよすま",-12.122,-110.681,0,"kneesohime",-46.546,-91.326,0,0,0,0,0,0,"",0,0,0,0,4153.77,,,,0,0
152,7,0,8,4,1,2,0,0,0,0,255,255,255,3,4170.495,"Rite_",R,5,85,136,0.44,0.886,0.361,1.919,0.274,2.156,-36.544,14.84,2,0,-65.433,0,0,0,0,1,0,0,R,"Gonyong",190,80,0.2,3,54,W,Y,4171.669,246,88,89,13,8,136,99,104.735,-74.06,-0.1,0.048,0.315,219.27,552.147,-63.746,0.307,-37.836,0,"SUGUN",-0.046,-17.284,0,"まととまと",-22.858,-50.159,0,"Pring__",-16.365,-61.782,0,"Ainy4／あいにゃ",20.614,-48.765,0,"3Ducks",11.802,-63.243,0,"눈꽃",35.99,-95.142,0,"うよすま",-11.625,-116.042,0,"kneesohime",-48.041,-92.877,0,0,0,0,0,0,"",0,0,0,0,,,,,32,3
153,7,0,8,4,1,2,0,0,0,0,255,255,255,4,4184.687,"Rite_",R,33,99,140,1.519,-0.665,0.374,1.733,0.81,1.634,-36.544,3.486,2,0,136.239,-87.955,0,0,0,1,0,0,R,"Gonyong",190,80,0.2,3,39,W,Y,4185.886,206,163,104,35,9,145,90,20.828,0.009,-0.82,0.19,0.356,322.302,-157.597,-260.315,0.347,-37.21,0,"SUGUN",0.024,-17.331,0,"まととまと",-22.038,-49.578,0,"Pring__",-15.775,-61.277,71,"Ainy4／あいにゃ",20.686,-48.514,0,"3Ducks",11.117,-63.548,0,"눈꽃",31.754,-99.604,0,"うよすま",-11.447,-115.057,0,"kneesohime",-51.142,-95.713,0,4188.247,3.39,-95.717,4189.226,7,"うよすま",3.774,-102.281,1,0,,,,,52,2
154,7,0,8,4,0,0,0,1,0,0,10,255,255,5,4214.02,"Rite_",R,3,91,130,-2.829,0.634,0.038,1.827,-0.754,1.96,-36.544,6.513,2,0,-328.674,0,0,0,0,1,1,3,R,"_이누_",175,89.841,0.451,3,54,W,Y,4215.086,231,160,174,85,16,145,88,97.65,-80.985,0.97,0,0.21,360.292,102.993,89.638,-0.003,-37.625,0,"SUGUN",-0.204,-17.417,0,"まととまと",-20.048,-45.156,0,"Pring__",-11.498,-57.274,0,"Ainy4／あいにゃ",20.9,-48.993,0,"3Ducks",8.348,-62.844,0,"눈꽃",34.004,-96.632,0,"うよすま",-5.612,-109.362,0,"kneesohime",-40.496,-78.917,0,0,0,0,0,0,"",0,0,0,0,,,,,32,3
155,7,0,8,4,0,1,0,1,0,0,10,255,255,6,4232.246,"Rite_",R,32,93,140,1.249,-0.305,0.331,1.694,0.202,1.274,-36.544,4.369,0,0,250,-158.28,0,0,0,1,1,3,R,"_이누_",175,89.841,0.451,0,54,W,Y,0,0,0,0,0,0,0,0,0,0,0,0,0,0,0,0,-2.916,-38.106,0,"SUGUN",0.074,-19.894,0,"まととまと",-20.454,-42.57,0,"Pring__",-8.871,-58.934,0,"Ainy4／あいにゃ",21.264,-47.413,0,"3Ducks",0.543,-59.017,0,"눈꽃",30.031,-94.223,0,"うよすま",-5.885,-109.805,0,"kneesohime",-41.336,-78.893,0,0,0,0,0,0,"",0,0,0,0,4231.603,4235.04,,,0,0
156,7,0,8,4,0,2,0,0,1,0,255,10,255,7,4250.492,"Rite_",R,32,89,140,-2.715,-0.152,0.071,1.725,-1.404,1.46,-36.544,8.604,1,0,163.918,-50.72,0,0,0,0,1,3,R,"_이누_",175,89.841,0.451,0,54,W,Y,0,0,0,0,0,0,0,0,0,0,0,0,0,0,0,0,0.035,-38.026,0,"SUGUN",-0.222,-17.372,0,"まととまと",-21.517,-49.108,0,"Pring__",-12.533,-58.02,0,"Ainy4／あいにゃ",20.297,-45.264,0,"3Ducks",5.577,-61.264,0,"눈꽃",31.881,-93.689,0,"うよすま",-11.172,-110.657,0,"kneesohime",-43.977,-81.093,0,0,0,0,0,0,"",0,0,0,0,4249.759,4253.406,,,0,0
157,7,0,8,4,1,2,0,0,1,0,255,10,255,8,4263.787,"Rite_",R,33,94,140,-4.165,-0.338,0.076,1.752,-2.006,1.385,-36.544,18.534,1,0,140.72,-13.619,0,0,0,0,1,3,R,"_이누_",175,89.841,0.451,0,54,W,Y,0,0,0,0,0,0,0,0,0,0,0,0,0,0,0,0,0.351,-38.113,0,"SUGUN",-0.741,-17.863,0,"まととまと",-21.661,-49.005,0,"Pring__",-12.516,-58.015,0,"Ainy4／あいにゃ",20.547,-44.819,0,"3Ducks",8.025,-60.956,0,"눈꽃",32.002,-93.65,0,"うよすま",-13.252,-112.603,0,"kneesohime",-49.565,-87.89,0,0,0,0,0,0,"",0,0,0,0,4263.069,4266.184,,,0,0
158,7,0,8,4,2,2,0,0,1,0,255,10,255,9,4279.09,"Rite_",R,27,88,140,1.622,0.076,0.324,1.707,0.575,1.541,-36.544,8.95,2,0,91.671,-110.332,0,0,0,1,1,3,R,"_이누_",175,89.841,0.451,3,54,W,Y,4280.158,255,133,167,47,13,145,86,33.372,-5.623,-0.77,0,0.181,176.477,-70.273,-9.495,-0.093,-38.086,86,"SUGUN",0.021,-17.493,120,"まととまと",-21.549,-48.998,69,"Pring__",-11.414,-57.996,99,"Ainy4／あいにゃ",20.395,-46.635,118,"3Ducks",4.367,-59.942,0,"눈꽃",32.001,-93.65,130,"うよすま",-15.157,-115.03,0,"kneesohime",-49.579,-87.864,0,4282.78,8.058,-87.061,4284.003,6,"눈꽃",9.03,-94.738,1,1,4314.303,,4287.013,4317.287,441,2
159,7,0,8,4,0,0,1,1,0,0,13,255,255,10,4364.689,"Rite_",R,33,94,140,4.827,-0.1,0.705,1.766,1.735,1.594,-36.544,14.694,3,0,149.645,-68.004,0,-0.504,-20.177,0,2,8,R,"아침땅_",160,94.936,0.502,0,54,W,Y,0,0,0,0,0,0,0,0,0,0,0,0,0,0,0,0,-0.164,-38.436,0,"SUGUN",-0.204,-18.011,0,"まととまと",-20.62,-40.138,0,"Pring__",-11.757,-61.956,0,"Ainy4／あいにゃ",21.127,-48.63,0,"3Ducks",0.408,-59.111,0,"눈꽃",32.222,-93.733,0,"うよすま",-7.174,-104.971,0,"kneesohime",-42.974,-88.544,0,0,0,0,0,0,"",0,0,0,0,4365.603,,,,0,6
160,7,0,8,4,2,0,1,1,0,0,13,255,255,11,4390.708,"Rite_",R,32,94,140,-0.414,-0.493,0.258,1.7,-0.396,1.212,-36.544,1.666,0,0,157.234,-112.21,0,0,0,0,2,8,R,"아침땅_",160,94.936,0.502,0,54,W,Y,0,0,0,0,0,0,0,0,0,0,0,0,0,0,0,0,-0.171,-37.894,0,"SUGUN",-0.89,-19.305,0,"まととまと",-20.069,-41.361,0,"Pring__",-12.509,-61.234,0,"Ainy4／あいにゃ",19.693,-47.313,0,"3Ducks",4.823,-61.615,0,"눈꽃",32.23,-93.738,0,"うよすま",-8.667,-102.833,0,"kneesohime",-42.297,-87.52,0,0,0,0,0,0,"",0,0,0,0,4389.803,,,,0,0
161,7,0,8,4,2,1,1,1,0,0,13,255,255,12,4410.637,"Rite_",R,33,94,140,-1.259,0.936,0.23,1.846,-0.752,2.061,-36.544,8.699,0,0,148.711,-19.547,0,0,0,0,2,8,R,"아침땅_",160,94.936,0.502,0,54,W,Y,0,0,0,0,0,0,0,0,0,0,0,0,0,0,0,0,0.023,-38.559,0,"SUGUN",-0.213,-17.81,0,"まととまと",-20.654,-42.517,0,"Pring__",-12.512,-61.246,0,"Ainy4／あいにゃ",21.402,-48.603,0,"3Ducks",7.765,-62.38,0,"눈꽃",32.208,-93.753,0,"うよすま",-7.319,-105.482,0,"kneesohime",-42.281,-87.574,0,0,0,0,0,0,"",0,0,0,0,4409.759,,,,0,0
162,7,0,8,4,2,2,1,1,0,0,13,255,255,13,4423.647,"Rite_",R,13,85,127,-1.755,-0.572,0.116,1.738,-0.391,1.647,-36.544,3.423,2,0,-251.869,293.966,0,0,0,1,2,8,R,"아침땅_",160,94.936,0.502,3,54,W,Y,4424.562,161,48,137,83,34,145,76,26.077,-20.642,1,0,0.288,310.705,142.157,25.449,-0.086,-37.887,0,"SUGUN",-0.214,-17.488,0,"まととまと",-20.671,-44.009,0,"Pring__",-11.61,-60.389,86,"Ainy4／あいにゃ",20.589,-48.843,0,"3Ducks",6.661,-62.145,0,"눈꽃",32.195,-93.771,0,"うよすま",-9.103,-106.249,0,"kneesohime",-42.204,-87.59,0,4426.569,19.513,-75.389,4427.414,6,"눈꽃",21.068,-80.263,1,0,,4429.763,,,176,2
163,7,0,8,4,0,0,1,1,1,0,18,13,255,14,4450.902,"Rite_",R,33,77,127,1.237,1.127,0.544,1.868,0.293,2.161,-36.544,18.436,0,0,143.243,-55.815,0,0,0,1,3,5,R,"CoalCat",165.4,85.053,0.503,0,54,W,Y,0,0,0,0,0,0,0,0,0,0,0,0,0,0,0,0,0.202,-37.982,0,"SUGUN",-0.012,-17.322,0,"まととまと",-20.765,-43.017,0,"Pring__",-9.651,-58.562,0,"Ainy4／あいにゃ",21.579,-45.399,0,"3Ducks",9.389,-62.029,0,"눈꽃",33.359,-92.037,0,"うよすま",-4.301,-103.019,0,"kneesohime",-40.938,-82.68,0,0,0,0,0,0,"",0,0,0,0,4450.303,4453.286,,,0,0
164,7,0,8,4,1,1,1,0,1,1,255,18,255,15,4504.978,"Rite_",R,32,91,140,3.984,1.005,0.6,1.801,1.296,2.03,-36.544,26.803,4,0,250,-113.554,0,0.144,-21.427,1,3,5,R,"CoalCat",165.4,85.053,0.503,0,54,W,Y,0,0,0,0,0,0,0,0,0,0,0,0,0,0,0,0,-0.354,-38.418,0,"SUGUN",-0.117,-18.079,0,"まととまと",-21.434,-49.178,0,"Pring__",-11.506,-62.276,0,"Ainy4／あいにゃ",19.458,-45.452,0,"3Ducks",6.155,-60.37,0,"눈꽃",36.022,-90.54,0,"うよすま",-5.854,-103.546,0,"kneesohime",-44.467,-90.013,0,0,0,0,0,0,"",0,0,0,0,4506.447,4507.788,,,0,0
165,7,0,8,4,1,2,1,0,1,1,255,18,255,16,4524.337,"Rite_",R,28,74,125,1.535,-0.215,0.438,1.719,0.567,1.389,-36.544,3.277,2,0,54.092,-68.279,0,0,0,1,3,5,R,"CoalCat",165.4,85.053,0.503,3,54,W,Y,4525.477,255,87,74,66,5,145,105,25.13,-22.178,0.13,0,0.269,-27.136,176.309,570.253,0.55,-37.972,0,"SUGUN",-0.038,-17.351,0,"まととまと",-21.706,-49.541,0,"Pring__",-11.012,-61.432,107,"Ainy4／あいにゃ",17.748,-45.727,0,"3Ducks",7.318,-59.108,0,"눈꽃",34.576,-89.856,106,"うよすま",-6.875,-105.345,0,"kneesohime",-44.175,-89.561,0,0,0,0,4528.069,6,"눈꽃",28.023,-102.056,0,0,4533.592,4529.483,4526.925,4535.37,177,1
166,7,0,8,5,0,0,2,0,1,0,255,18,255,17,4562.43,"Rite_",R,13,89,126,0.828,-0.687,0.396,1.712,0.911,1.565,-36.544,12.821,2,0,-353.528,353.579,0,0,0,1,4,6,L,"Kr_Luna",190,95.297,0.498,3,54,W,Y,4563.266,255,108,90,71,36,145,124,-30,-36.957,0.21,0,0.12,-468.226,323.65,-42.596,0.275,-37.795,0,"SUGUN",-0.002,-17.302,0,"まととまと",-21.037,-48.979,0,"Pring__",-2.186,-61.713,0,"Ainy4／あいにゃ",21.033,-48.616,114,"3Ducks",11.712,-61.978,0,"눈꽃",41.429,-91.527,0,"うよすま",-0.518,-106.666,0,"kneesohime",-37.361,-90.621,0,4561.125,1.104,-21.93,4562.47,4,"Ainy4／あいにゃ",18.765,-45.463,0,0,,,4567.659,,265,2
167,8,1,8,5,0,0,0,0,0,0,255,255,255,11,4618.089,"Gonyong",R,32,70,123,-0.289,0.703,0.169,1.903,-0.372,2.002,-36.738,56.185,2,0,150.388,-36.425,14.072,0,0,1,7,6,L,"눈꽃",190,90,0.6,3,54,W,Y,4619.175,255,147,124,99,38,145,130,26.47,15.691,0.29,0,0.463,29.348,-505.187,-320.509,-0.9,-36.901,0,"_Chun",0.016,-17.105,0,"CAT tourniquet",-18.868,-45.706,0,"_이누_",-13.505,-62.671,0,"Floră",20.45,-47.334,0,"CoalCat",11.343,-61.831,0,"Kr_Luna",37.302,-89.997,0,"HANA_ARASHI",-3.416,-129.18,130,"아침땅_",-39.015,-95.599,0,0,0,0,4622.147,7,"HANA_ARASHI",-15.722,-129.999,0,0,,,,,257,1
168,8,1,8,5,0,0,1,0,0,0,255,255,255,12,4647.11,"Gonyong",R,13,76,119,-1.351,-0.734,0.199,1.741,-0.234,1.467,-36.738,34.505,2,0,-219.4,250.001,7.313,0,0,1,8,2,L,"まととまと",179.5,90.039,0.45,3,54,W,Y,4648.386,255,136,85,43,20,142,82,-4.922,34.618,1,0,0.198,15.823,172.329,540.178,-0.584,-37.974,0,"_Chun",-0.007,-17.278,0,"CAT tourniquet",-20.303,-45.694,88,"_이누_",-11.538,-63.664,0,"Floră",16.373,-42.694,0,"CoalCat",11.752,-62.801,0,"Kr_Luna",35.956,-92.921,0,"HANA_ARASHI",5.795,-117.365,0,"아침땅_",-35.189,-98.25,0,4646.437,-3.373,-23.859,4648.158,2,"CAT tourniquet",-18.013,-42.84,0,0,,,,,33,2
169,8,1,8,5,0,0,2,0,0,0,255,255,255,13,4664.36,"Gonyong",R,32,71,123,3.873,0.407,0.547,1.835,1.387,1.782,-36.738,48.652,2,0,172.284,-70.729,8.659,0,0,0,0,1,R,"SUGUN",190,82,0.502,3,54,W,Y,4665.593,89,62,30,44,8,69,67,-80.292,-79.133,-0.77,0,0.235,-185.259,6.523,489.521,-0.028,-37.914,0,"_Chun",0.055,-17.079,0,"CAT tourniquet",-18.947,-45.641,0,"_이누_",-16.1,-62.937,0,"Floră",19.554,-46.694,0,"CoalCat",10.862,-64.332,0,"Kr_Luna",36.088,-94.643,0,"HANA_ARASHI",-2.635,-112.228,0,"아침땅_",-49.08,-95.694,0,4663.514,1.674,-19.843,0,0,"",0,0,0,0,,,,,1,3
170,8,1,8,5,0,1,2,0,0,0,255,255,255,14,4682.703,"Gonyong",R,10,68,111,0.784,-0.92,0.372,1.768,0.573,1.564,-36.738,37.077,2,0,-128.402,400,3.631,0,0,1,0,1,R,"SUGUN",190,82,0.502,3,50,W,Y,4684.014,255,63,102,108,49,145,119,-30,-1.779,0.14,0,0.373,84.366,-423.769,-78.465,-0.179,-37.836,0,"_Chun",0.086,-17.249,0,"CAT tourniquet",-20.103,-46.032,0,"_이누_",-15.662,-62.445,0,"Floră",20.125,-48.085,0,"CoalCat",10.836,-64.563,0,"Kr_Luna",41.891,-91.29,0,"HANA_ARASHI",-5.492,-107.376,0,"아침땅_",-50.628,-98.753,0,4681.903,0.166,-21.042,4684.28,5,"CoalCat",3.351,-62.47,0,0,,,,,296,2
171,8,0,8,5,0,0,0,0,0,0,255,255,255,18,4721.616,"Rite_",R,3,84,127,1.322,-0.225,0.563,1.722,1.128,1.477,-36.544,9.373,2,0,-369.161,15.917,0,0,0,1,5,2,L,"CAT tourniquet",190,84,0.451,2,54,W,Y,4722.753,255,76,145,83,100,145,130,99.296,73.759,0.35,0.238,0.333,321.761,-313.616,2.289,0.385,-37.905,0,"SUGUN",0.028,-17.397,0,"まととまと",-21.392,-48.908,0,"Pring__",-12.883,-61.879,0,"Ainy4／あいにゃ",21.129,-49.193,0,"3Ducks",11.578,-60.799,0,"눈꽃",41.23,-91.402,0,"うよすま",4.853,-109.62,0,"kneesohime",-40.501,-86.833,0,0,0,0,0,0,"",0,0,0,0,,,,,32,3
172,8,0,8,5,0,1,0,0,0,0,255,255,255,19,4739.696,"Rite_",R,26,84,136,-2.123,-0.763,0.065,1.635,-0.972,0.97,-36.544,6.491,4,0,31.465,-172.988,0,0,0,1,5,2,L,"CAT tourniquet",190,84,0.451,0,54,W,Y,0,0,0,0,0,0,0,0,0,0,0,0,0,0,0,0,0.078,-37.857,0,"SUGUN",0.009,-17.452,0,"まととまと",-21.771,-49.452,0,"Pring__",-14.685,-63.532,0,"Ainy4／あいにゃ",21.777,-49.364,0,"3Ducks",11.265,-60.643,0,"눈꽃",45.203,-96.239,0,"うよすま",3.798,-110.832,0,"kneesohime",-42.747,-92.887,0,0,0,0,0,0,"",0,0,0,0,4739.014,,,,0,0
173,8,0,8,5,0,2,0,0,0,0,255,255,255,20,4754.634,"Rite_",R,33,90,140,-0.303,-0.564,0.227,1.644,-0.317,1.152,-36.544,3.925,0,0,130.454,-114.771,0,0,0,0,5,2,L,"CAT tourniquet",190,84,0.451,0,54,W,Y,0,0,0,0,0,0,0,0,0,0,0,0,0,0,0,0,0.309,-37.842,0,"SUGUN",-0.034,-17.429,0,"まととまと",-21.617,-48.34,0,"Pring__",-14.661,-63.49,0,"Ainy4／あいにゃ",21.695,-49.31,0,"3Ducks",11.031,-60.798,0,"눈꽃",45.219,-96.215,0,"うよすま",2.219,-111.117,0,"kneesohime",-42.736,-92.921,0,0,0,0,0,0,"",0,0,0,0,4753.903,,,,0,0
174,8,0,8,5,1,0,1,0,0,0,255,255,255,21,4807.742,"Rite_",R,33,86,139,0.072,-0.561,0.168,1.589,-0.147,1.167,-36.544,8.202,0,0,127.327,-101.37,0,0,0,1,6,1,L,"_Chun",190,80,0.445,0,54,W,Y,0,0,0,0,0,0,0,0,0,0,0,0,0,0,0,0,0.104,-37.067,0,"SUGUN",0.438,-17.761,0,"まととまと",-21.344,-50.082,0,"Pring__",-9.978,-65.115,0,"Ainy4／あいにゃ",21.835,-49.23,0,"3Ducks",11.043,-60.659,0,"눈꽃",47.091,-97.352,0,"うよすま",4.221,-114.275,0,"kneesohime",-51.913,-97.418,0,0,0,0,0,0,"",0,0,0,0,4806.97,,,,0,0
175,8,0,8,5,1,1,1,0,0,0,255,255,255,22,4822.47,"Rite_",R,3,91,127,4.036,0.23,0.803,1.741,2.405,1.746,-36.544,34.509,1,0,-442.145,0,0,0,0,0,6,1,L,"_Chun",190,80,0.445,0,54,W,Y,0,0,0,0,0,0,0,0,0,0,0,0,0,0,0,0,0.24,-37.957,0,"SUGUN",0.45,-17.446,0,"まととまと",-21.543,-49.93,0,"Pring__",-10.233,-64.951,0,"Ainy4／あいにゃ",21.853,-49.239,0,"3Ducks",11.553,-62.215,0,"눈꽃",47.189,-97.201,0,"うよすま",3.511,-113.394,0,"kneesohime",-45.613,-90.781,0,0,0,0,0,0,"",0,0,0,0,4821.714,,,,0,0
176,8,0,8,5,2,1,1,0,0,0,255,255,255,23,4835.796,"Rite_",R,3,89,128,-1.88,-0.84,0.151,1.561,-0.228,1.077,-36.544,7.299,4,0,-396.471,0,0,0,0,1,6,1,L,"_Chun",190,80,0.445,0,54,W,Y,0,0,0,0,0,0,0,0,0,0,0,0,0,0,0,0,0.131,-38.345,0,"SUGUN",0.722,-17.506,0,"まととまと",-21.449,-50.114,0,"Pring__",-6.501,-64.693,0,"Ainy4／あいにゃ",21.825,-49.205,0,"3Ducks",11.572,-62.146,0,"눈꽃",47.182,-97.204,0,"うよすま",6.742,-116.061,0,"kneesohime",-46.125,-91.635,0,0,0,0,0,0,"",0,0,0,0,4835.103,,,,0,0
177,8,0,8,5,2,2,1,0,0,0,255,255,255,24,4848.77,"Rite_",R,27,84,137,-0.541,0.446,0.128,1.774,-0.335,1.765,-36.544,11.756,0,0,69.138,-137.606,0,0,0,0,6,1,L,"_Chun",190,80,0.445,0,54,W,Y,0,0,0,0,0,0,0,0,0,0,0,0,0,0,0,0,0.146,-37.483,0,"SUGUN",-0.082,-17.284,0,"まととまと",-21.297,-50.235,0,"Pring__",-10.678,-65.099,0,"Ainy4／あいにゃ",21.78,-49.214,0,"3Ducks",11.904,-62.19,0,"눈꽃",47.196,-97.111,0,"うよすま",4.87,-114.254,0,"kneesohime",-45.767,-91.083,0,0,0,0,0,0,"",0,0,0,0,4847.947,,,,0,0
178,8,0,8,5,0,0,2,0,0,0,255,255,255,25,4880.754,"Rite_",R,33,87,140,2.371,0.097,0.385,1.724,0.863,1.605,-36.544,14.124,2,0,120.423,-73.644,0,0,0,1,7,4,R,"Floră",190,85,0.403,2,54,W,Y,4881.851,207,100,93,0,0,131,79,-30,-65.486,1,0,0.468,-448.761,-49.908,59.735,0.361,-37.649,0,"SUGUN",-0.053,-17.216,0,"まととまと",-21.284,-50.048,0,"Pring__",-9.865,-65.142,0,"Ainy4／あいにゃ",21.43,-49.28,0,"3Ducks",11.725,-62.155,0,"눈꽃",47.224,-97.112,0,"うよすま",-5.929,-111.68,0,"kneesohime",-45.691,-91.109,0,4879.77,3.52,-19.819,0,0,"",0,0,0,0,,,,,32,3
179,8,0,8,5,0,1,2,0,0,0,255,255,255,26,4897.304,"Rite_",R,34,84,137,1.664,0.661,0.333,1.837,0.619,1.97,-36.544,22.906,2,0,70.489,-57.793,0,0,0,1,7,4,R,"Floră",190,85,0.403,2,54,W,Y,4898.397,104,145,90,14,0,132,114,-30,36.203,0.09,0,0.542,-443.763,231.767,0.712,0.495,-37.643,0,"SUGUN",-0.049,-17.214,0,"まととまと",-20.632,-50.278,75,"Pring__",-13.57,-61.719,0,"Ainy4／あいにゃ",20.883,-48.855,0,"3Ducks",11.344,-61.605,0,"눈꽃",37.068,-94.045,0,"うよすま",-6.576,-109.708,0,"kneesohime",-48.853,-93.687,0,4896.226,-1.077,-20.706,4897.814,2,"まととまと",-18.681,-44.544,0,0,,,,,264,2
