id,inn,half,scoreA,scoreB,ball,strk,out,b1,b2,b3,b1Idx,b2Idx,b3Idx,pCnt,pSec,pName,pHand,pType,pPow,spdK,zoneX,zoneY,startX,startY,targetX,targetY,zDist,pitchAngle,call,balk,sH,sV,gyro,plx,plz,bSwing,bIdx,bPos,bZone,bName,bHCm,batLen,batCen,batType,bFps,bOS,bVR,hSec,rotS,rotL,shS,lgS,prepS,batSpd,ev,ldeg,sdeg,hPos,buntGrip,handDist,angVeloX,angVeloY,angVeloZ,PPosX,PPosY,PThrSpd,CName,CPosX,CPosY,CThrSpd,1BName,1BPosX,1BPosY,1BThrSpd,2BName,2BPosX,2BPosY,2BThrSpd,3BName,3BPosX,3BPosY,3BThrSpd,SSName,SSPosX,SSPosY,SSThrSpd,LFName,LFPosX,LFPosY,LFThrSpd,CFName,CFPosX,CFPosY,CFThrSpd,RFName,RFPosX,RFPosY,RFThrSpd,ltSec,lx,lz,cSec,cPos,cPlr,cx,cz,1BSafe,tag,cpSec,sb2Sec,sb3Sec,sbhSec,ass,result
1,1,1,0,0,0,0,0,0,0,0,255,255,255,0,318.19,"Chunsik03",R,28,88,140,1.257,-0.021,0.3,1.609,0.465,1.503,-36.437,16.024,0,0,63.964,-89.466,-2.428,0,0,0,0,5,R,"Yaksok~",170,85.866,0.453,0,33,W,Y,0,0,0,0,0,0,0,0,0,0,0,0,0,0,0,0,0.103,-37.443,0,"_Chun",-0.027,-17.288,0,"Ѕeyeon",-21.041,-46.135,0,"Oort__Cloud",-12.989,-64.83,0,"_이누_",19.936,-48.531,0,"_송글_",9.618,-66.038,0,"AI",40.9,-90.65,0,"HANA_ARASHI",-5.955,-115.969,0,"ke ro",-36.312,-94.514,0,0,0,0,0,0,"",0,0,0,0,318.86,,,,0,0
2,1,1,0,0,0,1,0,0,0,0,255,255,255,1,338.069,"Chunsik03",R,13,76,104,1.936,-0.454,0.581,1.782,1.18,1.972,-36.437,32.389,2,0,-181.552,400,-18.15,0,0,1,0,5,R,"Yaksok~",170,85.866,0.453,3,33,W,Y,339.386,255,76,95,26,0,140,104,20.178,-38.595,0.88,0,0.853,-250.44,354.715,-11.209,0.044,-37.036,0,"_Chun",0.083,-17.579,0,"Ѕeyeon",-21.393,-45.832,0,"Oort__Cloud",-12.936,-64.8,61,"_이누_",21.061,-49.858,0,"_송글_",9.556,-65.887,0,"AI",40.9,-90.65,0,"HANA_ARASHI",-7.007,-114.757,0,"ke ro",-36.598,-94.388,0,341.686,40.226,-78.514,342.246,6,"AI",41.52,-80.632,1,0,,,,,160,2
3,1,1,0,0,0,0,0,1,0,0,5,255,255,2,365.322,"Chunsik03",R,26,89,124,1.118,1.629,0.282,2.008,0.255,2.427,-36.437,29.164,4,0,163.873,-200,-4.757,0,0,1,1,4,R,"Slaris",190,85.69,0.452,0,33,W,Y,0,0,0,0,0,0,0,0,0,0,0,0,0,0,0,0,0.018,-37.736,0,"_Chun",0.044,-17.199,0,"Ѕeyeon",-19.789,-40.334,0,"Oort__Cloud",-12.85,-64.643,0,"_이누_",20.682,-49.8,0,"_송글_",4.304,-63.533,0,"AI",40.9,-90.65,0,"HANA_ARASHI",-0.836,-109.909,0,"ke ro",-36.196,-94.928,0,0,0,0,0,0,"",0,0,0,0,365.953,,,,0,0
4,1,1,0,0,0,1,0,1,0,0,5,255,255,3,382.197,"Chunsik03",R,26,92,140,2.496,0.308,0.396,1.644,0.911,1.633,-36.437,26.587,1,0,120.899,-197.999,-13.556,0,0,0,1,4,R,"Slaris",190,85.69,0.452,0,33,W,Y,0,0,0,0,0,0,0,0,0,0,0,0,0,0,0,0,-0.029,-37.491,0,"_Chun",-0.034,-17.404,0,"Ѕeyeon",-19.535,-39.936,0,"Oort__Cloud",-12.816,-64.911,0,"_이누_",21.772,-50.651,0,"_송글_",5.503,-64.277,0,"AI",40.9,-90.65,0,"HANA_ARASHI",-5.737,-111.381,0,"ke ro",-36.197,-94.971,0,0,0,0,0,0,"",0,0,0,0,382.62,386.304,,,0,0
5,1,1,0,0,1,1,0,0,1,0,255,5,255,4,408.73,"Chunsik03",R,27,86,139,0.531,-1.052,0.236,1.4,0.167,0.843,-36.437,18.704,1,0,41.662,-124.761,-4.169,0,0,0,1,4,R,"Slaris",190,85.69,0.452,0,33,W,Y,0,0,0,0,0,0,0,0,0,0,0,0,0,0,0,0,-0.011,-37.546,0,"_Chun",-0.206,-18.338,0,"Ѕeyeon",-21.4,-46.936,0,"Oort__Cloud",-12.885,-64.923,0,"_이누_",20.771,-47.453,0,"_송글_",5.708,-65.912,0,"AI",40.9,-90.65,0,"HANA_ARASHI",-6.051,-114.128,0,"ke ro",-36.252,-94.962,0,0,0,0,0,0,"",0,0,0,0,409.273,411.556,,,0,0
6,1,1,0,0,2,1,0,0,1,0,255,5,255,5,431.073,"Chunsik03",R,13,74,102,1.151,-0.765,0.48,1.676,0.869,1.709,-36.437,26.848,0,0,-187.38,392.199,-9.12,0,0,1,1,4,R,"Slaris",190,85.69,0.452,0,33,W,Y,0,0,0,0,0,0,0,0,0,0,0,0,0,0,0,0,0.048,-37.638,0,"_Chun",-0.24,-18.127,0,"Ѕeyeon",-21.794,-47.108,0,"Oort__Cloud",-12.958,-64.921,0,"_이누_",18.624,-46.91,0,"_송글_",3.043,-61.796,0,"AI",40.9,-90.65,0,"HANA_ARASHI",-5.98,-115.115,0,"ke ro",-36.29,-94.993,0,0,0,0,0,0,"",0,0,0,0,431.74,433.945,,,0,0
7,1,1,0,0,2,2,0,0,1,0,255,5,255,6,454.207,"Chunsik03",R,27,81,131,-0.79,1.285,0.114,1.847,-0.398,2.289,-36.437,12.714,2,0,33.968,-133.113,2.496,0,0,1,1,4,R,"Slaris",190,85.69,0.452,3,33,W,Y,455.218,242,70,147,62,21,145,103,4.783,19.287,-0.21,0,0.136,-306.606,423.428,-149.087,-0.183,-37.163,0,"_Chun",-0.171,-17.812,0,"Ѕeyeon",-21.629,-46.839,85,"Oort__Cloud",-12.978,-64.904,95,"_이누_",20.986,-50.204,0,"_송글_",7.415,-63.905,0,"AI",40.9,-90.65,0,"HANA_ARASHI",-6.519,-114.296,0,"ke ro",-36.282,-94.989,0,455.58,-12.257,-50.459,456.393,3,"Oort__Cloud",-15.884,-58.904,1,0,,,459.642,,162,2
8,1,1,0,0,0,0,0,1,0,1,4,255,5,7,496.922,"Chunsik03",R,26,95,140,3.166,0.294,0.468,1.64,1.247,1.621,-36.437,25.197,2,0,98.906,-200,-6.419,0,0,1,2,2,L,"encounter v",190,82.544,0.529,3,32,W,Y,497.97,255,131,90,65,54,145,120,-30,-1.873,0.16,0,0.341,-66.18,-46.768,411.947,0.031,-37.263,0,"_Chun",0.35,-17.575,0,"Ѕeyeon",-21.157,-44.147,0,"Oort__Cloud",-8.685,-65.45,66,"_이누_",21.798,-46.768,0,"_송글_",8.694,-65.42,0,"AI",40.9,-90.65,0,"HANA_ARASHI",0.894,-111.694,111,"ke ro",-37.53,-95.079,0,497.206,0.702,-21.749,500.78,7,"HANA_ARASHI",1.978,-93.368,1,0,,502.528,,503.296,224,2
9,1,1,1,0,0,0,0,1,1,0,2,4,255,8,532.362,"Chunsik03",R,27,76,126,0.189,-0.288,0.201,1.558,0.005,1.328,-36.437,6.717,2,0,55.179,-102.27,4.815,0,0,1,3,8,R,"si_ho",175,88.027,0.418,3,32,A,Y,533.584,162,89,13,87,16,38,41,16.179,-23.031,-0.87,0,0.563,435.568,-398.014,38.814,0.13,-37.13,0,"_Chun",0.013,-17.594,0,"Ѕeyeon",-19.662,-40.351,87,"Oort__Cloud",-12.879,-64.942,95,"_이누_",17.995,-46.119,120,"_송글_",7.6,-65.224,0,"AI",40.9,-90.65,0,"HANA_ARASHI",-0.004,-115.126,0,"ke ro",-35.874,-95.975,0,534.553,7.426,-35.594,535.686,4,"_이누_",10.29,-40.966,1,2,,539.876,541.754,,178,2
10,1,1,1,0,0,0,2,1,0,0,8,255,255,9,563.818,"Chunsik03",R,35,94,140,0.879,-0.784,0.279,1.537,0.369,1.242,-36.437,10.401,0,0,7.873,151.429,49.304,0,0,0,4,3,R,"ddil_ddil69",169.5,80,0.353,0,32,W,Y,0,0,0,0,0,0,0,0,0,0,0,0,0,0,0,0,0.128,-37.088,0,"_Chun",0.007,-17.497,0,"Ѕeyeon",-21.404,-44.844,0,"Oort__Cloud",-12.889,-64.749,0,"_이누_",19.891,-47.471,0,"_송글_",4.402,-64.595,0,"AI",40.9,-90.65,0,"HANA_ARASHI",-10.136,-114.095,0,"ke ro",-36.064,-93.877,0,0,0,0,0,0,"",0,0,0,0,564.42,,,,0,0
11,1,1,1,0,0,1,2,1,0,0,8,255,255,10,581.442,"Chunsik03",R,26,97,140,-9.396,5.249,0.292,1.571,0.427,1.366,-36.437,14.477,2,0,87.213,-156.795,-1.061,0,0,0,4,3,R,"ddil_ddil69",169.5,80,0.353,3,32,W,Y,582.564,178,101,37,51,28,120,69,25.188,24.102,-0.83,0,0.225,364.267,24.47,-150.719,0.029,-36.994,0,"_Chun",0.103,-17.663,0,"Ѕeyeon",-20.663,-42.801,0,"Oort__Cloud",-12.903,-64.77,0,"_이누_",19.326,-47.214,0,"_송글_",5.651,-65.108,0,"AI",40.9,-90.65,0,"HANA_ARASHI",-9.92,-114.193,0,"ke ro",-36.642,-95.58,0,0,0,0,585.566,3,"Oort__Cloud",-19.044,-62.461,0,0,615.166,,,,160,1
12,1,0,1,0,0,0,0,0,0,0,255,255,255,0,683.622,"눈꽃",R,28,91,140,0.565,0.61,0.169,1.939,0.14,1.823,-36.593,19.179,2,0,74.122,-99.682,7.698,0,0,1,0,5,R,"_송글_",166.9,91.844,0.315,2,32,W,Y,684.611,98,20,42,26,19,88,63,-30,63.131,1,0,0.167,-508.835,313.008,-55.792,0.252,-37.027,0,"TaeGeuk_",0.081,-18.06,0,"encounter v",-21.091,-46.131,0,"ddil_ddil69",-14.324,-63.499,0,"Slaris",20.483,-47.863,0,"Yaksok~",13.336,-64.73,0,"AI",40.9,-90.65,0,"아침땅_",-2.798,-106.942,0,"si_ho",-47.235,-95.277,0,683.873,-2.608,-20.057,0,0,"",0,0,0,0,,,,,128,3
13,1,0,1,0,0,1,0,0,0,0,255,255,255,1,700.189,"눈꽃",R,13,63,105,-1.659,1.202,0.232,2.101,0.008,2.761,-36.593,27.434,2,0,-372.687,312.348,-1.282,0,0,1,0,5,R,"_송글_",166.9,91.844,0.315,2,32,W,Y,701.246,239,92,118,72,33,145,79,18.278,2.026,1,0,0.558,133.916,500.208,215.77,-0.523,-37.27,0,"TaeGeuk_",-0.409,-18.114,0,"encounter v",-18.95,-43.407,0,"ddil_ddil69",-15.422,-63.225,0,"Slaris",20.519,-47.767,0,"Yaksok~",12.822,-65.092,85,"AI",40.9,-90.65,0,"아침땅_",-9.214,-106.138,64,"si_ho",-50.376,-91.922,0,703.66,-7.345,-76.22,705.1,7,"아침땅_",-9.873,-87.788,1,0,,,,,193,2
14,1,0,1,0,0,0,0,1,0,0,15,255,255,2,724.497,"눈꽃",R,33,80,131,1.516,0.743,0.379,2.026,0.516,1.922,-36.593,38.896,2,0,107.175,-93.543,7.486,0,0,1,1,2,R,"Ѕeyeon",174.9,95,0.5,3,32,W,Y,725.633,99,25,52,27,14,111,66,-71.171,-47.135,-0.77,0,0.275,-359.319,30.319,365.109,0.319,-37.319,0,"TaeGeuk_",0.264,-18.02,0,"encounter v",-16.051,-41.445,86,"ddil_ddil69",-16.501,-61.476,0,"Slaris",19.55,-48.944,99,"Yaksok~",8.744,-60.428,0,"AI",40.9,-90.65,0,"아침땅_",-9.499,-104.26,0,"si_ho",-47.166,-91.561,0,724.833,0.672,-20.118,729.22,4,"Slaris",15.448,-36.564,0,0,,730.534,,,134,2
15,1,0,1,0,0,0,1,0,1,0,255,15,255,3,755.016,"눈꽃",R,28,80,131,9.572,-2.698,0.378,2.036,0.295,1.724,-36.593,43.202,2,0,67.454,-68.075,3.915,0,0,0,2,8,R,"ke ro",166.6,82.225,0.396,3,32,W,Y,755.982,200,102,89,0,0,129,101,10.241,28.56,0.15,0,0.574,-16.683,556.381,217.406,0.294,-37.219,120,"TaeGeuk_",0.143,-18.228,0,"encounter v",-19.354,-43.746,0,"ddil_ddil69",-17.221,-61.693,0,"Slaris",19.729,-46.707,0,"Yaksok~",8.803,-59.161,0,"AI",40.9,-90.65,0,"아침땅_",-7.995,-105.956,0,"si_ho",-46.26,-88.26,85,757.06,-26.045,-60.956,758.7,8,"si_ho",-38.214,-77.233,1,0,,,760.218,,140,2
16,1,0,1,0,0,0,1,1,0,1,18,255,15,4,805.704,"눈꽃",R,34,89,140,0.597,-0.616,0.051,1.86,-0.575,1.519,-36.593,19.033,2,0,68.827,-61.502,5.722,0,0,1,3,1,L,"_Chun",190,80,0.445,3,32,W,Y,806.606,192,64,69,57,25,139,113,8.361,-3.641,0.15,0,0.174,304.743,-277.838,4.917,0.178,-37.114,0,"TaeGeuk_",-0.257,-17.941,0,"encounter v",-16.637,-41.706,0,"ddil_ddil69",-14.399,-63.37,0,"Slaris",21.413,-45.98,0,"Yaksok~",10.111,-56.068,0,"AI",40.9,-90.65,0,"아침땅_",5.056,-114.739,88,"si_ho",-46.036,-90.179,0,808.42,6.742,-89.169,809.74,7,"아침땅_",9.246,-104.929,1,0,,811.323,,811.18,193,2
17,1,0,1,1,0,0,1,1,1,0,11,18,255,5,832.881,"눈꽃",R,13,55,100,-2.106,-1.44,0.277,1.934,-0.353,1.136,-36.593,51.28,4,0,-327.798,346.387,8.146,0,0,1,4,4,R,"_이누_",190,89.841,0.451,0,32,W,Y,0,0,0,0,0,0,0,0,0,0,0,0,0,0,0,0,0.103,-37.931,0,"TaeGeuk_",1.617,-19.104,0,"encounter v",-20.72,-42.505,0,"ddil_ddil69",-12.502,-63.527,0,"Slaris",20.798,-44.815,0,"Yaksok~",1.628,-60.374,0,"AI",40.9,-90.65,0,"아침땅_",-12.207,-110.686,0,"si_ho",-46.174,-89.772,0,0,0,0,0,0,"",0,0,0,0,833.593,,836.75,,0,0
18,1,0,1,1,0,1,1,1,0,1,11,255,18,6,853.751,"눈꽃",R,27,90,140,1.314,0.328,0.245,1.912,0.433,1.694,-36.593,19.278,0,0,99.19,-131.295,7.9,0,0,1,4,4,R,"_이누_",190,89.841,0.451,0,32,W,Y,0,0,0,0,0,0,0,0,0,0,0,0,0,0,0,0,0.283,-37.693,0,"TaeGeuk_",0.593,-20.484,0,"encounter v",-17.468,-40.088,0,"ddil_ddil69",-15.946,-62.579,0,"Slaris",20.51,-46.023,0,"Yaksok~",5.576,-57.41,0,"AI",40.9,-90.65,0,"아침땅_",-10.22,-110.607,0,"si_ho",-48.168,-92.19,0,0,0,0,0,0,"",0,0,0,0,854.247,,,,0,0
19,1,0,1,1,0,2,1,1,0,1,11,255,18,7,872.949,"눈꽃",R,33,83,135,1.624,1.716,0.301,2.133,0.513,2.569,-36.593,41.718,1,0,133.292,-120.028,11.583,0,0,0,4,4,R,"_이누_",190,89.841,0.451,0,32,W,Y,0,0,0,0,0,0,0,0,0,0,0,0,0,0,0,0,0.196,-37.658,0,"TaeGeuk_",-0.059,-20.117,0,"encounter v",-17.741,-39.453,0,"ddil_ddil69",-16.028,-62.556,0,"Slaris",21.157,-45.02,0,"Yaksok~",5.017,-58.333,0,"AI",40.9,-90.65,0,"아침땅_",-10.436,-112.085,0,"si_ho",-49.849,-94.692,0,0,0,0,0,0,"",0,0,0,0,873.446,,875.544,,0,0
20,1,0,1,1,1,2,1,1,0,1,11,255,18,8,890.966,"눈꽃",R,33,83,135,1.341,0.373,0.293,1.938,0.412,1.754,-36.593,32.903,0,0,117.201,-87.883,5.24,0,0,1,4,4,R,"_이누_",190,89.841,0.451,0,32,W,Y,0,0,0,0,0,0,0,0,0,0,0,0,0,0,0,0,0.371,-37.528,0,"TaeGeuk_",-0.063,-20.145,0,"encounter v",-17.303,-39.708,0,"ddil_ddil69",-15.991,-62.616,0,"Slaris",20.478,-45.554,0,"Yaksok~",5.265,-58.684,0,"AI",40.9,-90.65,0,"아침땅_",-10.569,-113.215,0,"si_ho",-49.826,-94.704,0,0,0,0,0,0,"",0,0,0,16,891.473,,893.534,,0,0
21,1,0,1,1,0,0,2,1,0,1,11,255,18,9,920.57,"눈꽃",R,27,83,135,0.831,0.668,0.218,1.94,0.245,1.824,-36.593,23.091,2,0,92.407,-101.967,9.181,0,0,1,5,3,R,"Oort__Cloud",160,90.268,0.399,2,32,W,Y,921.567,255,81,86,27,6,138,73,48.629,16.302,-1,0,0.096,103.829,-235.106,2.611,-0.215,-37.223,0,"TaeGeuk_",0.172,-17.844,0,"encounter v",-16.346,-41.17,0,"ddil_ddil69",-15.651,-62.7,0,"Slaris",20.467,-45.593,0,"Yaksok~",7.163,-58.72,0,"AI",40.9,-90.65,0,"아침땅_",-10.583,-101.275,0,"si_ho",-47.064,-91.425,0,925.62,-10.938,-65.267,925.806,3,"ddil_ddil69",-10.686,-63.883,0,0,,926.424,,927.037,176,1
22,2,1,1,1,0,0,0,0,0,0,255,255,255,11,976.323,"Chunsik03",R,28,80,131,2.761,1.107,0.453,1.797,1.176,2.168,-36.437,26.554,3,0,36.26,-54.587,-1.622,0.836,-20.622,0,5,1,R,"TaeGeuk_",175.8,81.656,0.644,0,32,W,Y,0,0,0,0,0,0,0,0,0,0,0,0,0,0,0,0,0.069,-37.219,0,"_Chun",0.072,-17.423,0,"Ѕeyeon",-21.412,-47.543,0,"Oort__Cloud",-12.942,-64.899,0,"_이누_",19.209,-47.205,0,"_송글_",6.374,-65.075,0,"AI",40.9,-90.65,0,"HANA_ARASHI",-8.587,-108.106,0,"ke ro",-34.723,-92.588,0,0,0,0,0,0,"",0,0,0,0,980.873,,,,0,6
23,2,1,1,1,0,0,0,1,0,0,1,255,255,12,1004.842,"Chunsik03",R,0,76,127,0.392,-1.2,0.226,1.456,0.123,0.906,-36.437,13.841,2,0,31.647,-44.902,1.16,0,0,1,6,7,R,"아침땅_",160,94.936,0.502,3,32,W,Y,1005.836,148,93,127,93,70,145,119,97.935,-78.991,0.65,0.048,0.298,-82.049,60.216,-7.569,-0.079,-37.342,0,"_Chun",0.058,-17.237,105,"Ѕeyeon",-20.05,-40.514,0,"Oort__Cloud",-12.972,-64.837,0,"_이누_",19.467,-49.235,0,"_송글_",4.636,-64.895,0,"AI",40.9,-90.65,0,"HANA_ARASHI",-9.914,-109.297,0,"ke ro",-34.682,-92.591,0,0,0,0,1005.66,1,"_Chun",0.062,-17.855,0,0,1005.66,,,,136,2
24,2,1,1,1,0,1,0,1,0,0,1,255,255,13,1031.716,"Chunsik03",R,28,75,126,-0.021,-0.412,0.174,1.551,-0.122,1.271,-36.437,8.37,2,0,70.288,-90.031,1.316,0,0,1,6,7,R,"아침땅_",160,94.936,0.502,3,32,W,Y,1032.66,255,102,74,70,43,145,84,11.176,36.563,-0.57,0.048,0.356,-2.93,43.759,65.9,0.039,-36.943,0,"_Chun",0.019,-17.341,0,"Ѕeyeon",-19.97,-40.804,0,"Oort__Cloud",-13.005,-64.743,0,"_이누_",19.515,-48.954,0,"_송글_",6.03,-65.642,0,"AI",40.9,-90.65,0,"HANA_ARASHI",-10.063,-113.008,0,"ke ro",-35.216,-93.327,0,0,0,0,1032.873,1,"_Chun",-0.66,-18.375,0,0,1032.873,,,,136,2
25,2,1,1,1,0,1,0,1,0,0,1,255,255,14,1078.934,"Chunsik03",R,0,76,127,0.442,-0.072,0.232,1.614,0.151,1.513,-36.437,8.821,0,0,22.718,-33.07,1.078,0,0,0,6,7,R,"아침땅_",160,94.936,0.502,0,33,W,Y,0,0,0,0,0,0,0,0,0,0,0,0,0,0,0,0,0.12,-36.987,0,"_Chun",0.012,-17.208,0,"Ѕeyeon",-21.408,-42.301,0,"Oort__Cloud",-12.913,-64.811,0,"_이누_",21.019,-48.756,0,"_송글_",4.608,-64.957,0,"AI",40.9,-90.65,0,"HANA_ARASHI",-8.181,-110.911,0,"ke ro",-35.266,-97.636,0,0,0,0,0,0,"",0,0,0,0,1079.366,,,,0,0
26,2,1,1,1,0,2,0,1,0,0,1,255,255,15,1094.535,"Chunsik03",R,28,82,134,0.023,-0.468,0.191,1.552,-0.041,1.273,-36.437,5.322,0,0,31.715,-67.525,-2.288,0,0,0,6,7,R,"아침땅_",160,94.936,0.502,0,33,W,Y,0,0,0,0,0,0,0,0,0,0,0,0,0,0,0,0,0.136,-37.095,0,"_Chun",0.008,-17.215,0,"Ѕeyeon",-19.462,-40.23,0,"Oort__Cloud",-12.87,-64.761,0,"_이누_",19.392,-48.881,0,"_송글_",3.528,-64.069,0,"AI",40.9,-90.65,0,"HANA_ARASHI",-8.436,-110.812,0,"ke ro",-34.946,-94.15,0,0,0,0,0,0,"",0,0,0,0,1094.926,,,,0,0
27,2,1,1,1,0,0,1,1,0,0,1,255,255,16,1118.418,"Chunsik03",R,27,94,140,-0.939,0.153,0.092,1.634,-0.504,1.601,-36.437,2.347,2,0,77.628,-121.666,-0.305,0,0,1,7,0,L,"눈꽃",190,90,0.6,3,31,W,Y,1119.314,255,69,154,56,23,145,114,104.882,55.69,0.13,0,0.324,524.523,-63.403,-282.236,0.056,-37.184,0,"_Chun",-0.076,-17.29,0,"Ѕeyeon",-19.449,-39.918,0,"Oort__Cloud",-8.999,-65.712,0,"_이누_",21.75,-47.144,0,"_송글_",9.299,-64.655,0,"AI",40.9,-90.65,0,"HANA_ARASHI",1.313,-113.073,0,"ke ro",-34.308,-92.963,0,0,0,0,0,0,"",0,0,0,0,,,,,128,3
28,2,1,1,1,0,1,1,1,0,0,1,255,255,17,1136.504,"Chunsik03",R,0,68,108,-0.659,0.578,0.087,1.785,-0.351,1.945,-36.437,12.217,2,0,32.203,-33.109,0.324,0,0,1,7,0,L,"눈꽃",190,90,0.6,3,31,W,Y,1137.513,255,45,105,79,39,145,126,27.427,-36.525,0.26,0,0.393,-84.287,-330.258,16.687,0.01,-37.061,0,"_Chun",-0.06,-17.454,0,"Ѕeyeon",-19.716,-40.197,0,"Oort__Cloud",-8.55,-65.258,0,"_이누_",20.628,-46.973,0,"_송글_",7.712,-65.422,85,"AI",40.9,-90.65,0,"HANA_ARASHI",-0.591,-110.608,0,"ke ro",-36.292,-88.294,0,1141.34,67.318,-99.036,1142.46,6,"AI",63.187,-96.353,1,0,,1141.278,1146.354,,129,2
29,2,1,1,1,0,0,1,0,1,1,255,0,1,18,1171.461,"Chunsik03",R,26,96,140,1.345,-0.051,0.306,1.587,0.492,1.425,-36.437,11.051,0,0,63.537,-155.315,-5.452,0,0,1,0,5,R,"Yaksok~",169.9,85.866,0.453,0,31,W,Y,0,0,0,0,0,0,0,0,0,0,0,0,0,0,0,0,0.08,-37.468,0,"_Chun",0.042,-17.345,0,"Ѕeyeon",-21.122,-47.736,0,"Oort__Cloud",-12.985,-64.813,0,"_이누_",19.958,-47.896,0,"_송글_",4.34,-64.661,0,"AI",40.9,-90.65,0,"HANA_ARASHI",-8.711,-118.216,0,"ke ro",-38.844,-90.768,0,0,0,0,0,0,"",0,0,0,0,1171.993,1174.155,1173.716,,0,0
30,2,1,1,1,0,1,1,0,1,1,255,0,1,19,1189.606,"Chunsik03",R,27,87,140,4.67,2.004,0.59,1.908,1.816,2.585,-36.437,40.816,4,0,120.069,-132.806,-5.261,0.715,-21.06,1,0,5,R,"Yaksok~",169.9,85.866,0.453,0,31,W,Y,0,0,0,0,0,0,0,0,0,0,0,0,0,0,0,0,0.203,-37.019,0,"_Chun",0.11,-17.394,0,"Ѕeyeon",-21.434,-46.684,0,"Oort__Cloud",-13.031,-64.827,0,"_이누_",18.09,-47.52,0,"_송글_",6.247,-63.264,0,"AI",40.9,-90.65,0,"HANA_ARASHI",-6.843,-113.983,0,"ke ro",-38.754,-91.804,0,0,0,0,0,0,"",0,0,0,0,1194.846,1192.582,1192.771,,0,0
31,2,1,1,1,0,2,1,0,1,1,255,0,1,20,1215.192,"Chunsik03",R,12,59,99,-0.373,-0.206,0.146,1.652,-0.167,1.657,-36.437,3.779,0,0,0,91.806,-1.775,0,0,0,0,5,R,"Yaksok~",169.9,85.866,0.453,0,31,W,Y,0,0,0,0,0,0,0,0,0,0,0,0,0,0,0,0,0.153,-37.434,0,"_Chun",-0.16,-17.043,0,"Ѕeyeon",-21.721,-46.303,0,"Oort__Cloud",-13.061,-64.828,0,"_이누_",16.86,-46.469,0,"_송글_",4.736,-64.597,0,"AI",40.9,-90.65,0,"HANA_ARASHI",-10.141,-114.995,0,"ke ro",-38.871,-91.643,0,0,0,0,0,0,"",0,0,0,0,1215.966,1218.531,1217.878,,0,0
32,2,1,1,1,0,0,2,0,1,1,255,0,1,21,1268.685,"Chunsik03",R,28,79,129,-2.212,-0.796,-0.018,1.464,-1.015,1.049,-36.437,18.183,1,0,34.49,-63.957,7.854,0,0,0,1,4,R,"Slaris",190,85.69,0.452,0,31,W,Y,0,0,0,0,0,0,0,0,0,0,0,0,0,0,0,0,-0.083,-37.292,0,"_Chun",-0.033,-17.276,0,"Ѕeyeon",-21.899,-46.138,0,"Oort__Cloud",-12.983,-64.908,0,"_이누_",19.853,-48.634,0,"_송글_",8.861,-64.641,0,"AI",40.9,-90.65,0,"HANA_ARASHI",-13.66,-116.097,0,"ke ro",-37.834,-92.555,0,0,0,0,0,0,"",0,0,0,0,1269.126,1271.381,1270.568,,0,0
33,2,1,1,1,1,0,2,0,1,1,255,0,1,22,1288.428,"Chunsik03",R,27,84,137,-0.845,-0.018,0.101,1.596,-0.461,1.479,-36.437,4.038,2,0,64.387,-135.273,-1.988,0,0,1,1,4,R,"Slaris",190,85.69,0.452,3,31,W,Y,1289.415,221,45,147,56,18,145,130,-12.577,14.646,0.36,0,0.165,-122.727,523.364,99.981,0.045,-37.143,0,"_Chun",-0.087,-17.379,0,"Ѕeyeon",-22.366,-46.788,0,"Oort__Cloud",-12.907,-64.869,0,"_이누_",19.841,-50.382,0,"_송글_",9.928,-65.35,0,"AI",40.9,-90.65,0,"HANA_ARASHI",-13.551,-114.439,0,"ke ro",-37.831,-92.572,0,1288.62,-1.411,-23.089,1290.286,3,"Oort__Cloud",-12.479,-60.148,0,0,,,1293.935,,178,2
34,2,0,1,1,0,0,0,0,0,0,255,255,255,10,1329.248,"눈꽃",R,28,96,140,0.397,0.27,0.138,1.892,0.11,1.674,-36.593,13.869,0,0,50.085,-74.75,5.634,0,0,1,6,7,R,"HANA_ARASHI",173.3,86,0.25,0,44,W,Y,0,0,0,0,0,0,0,0,0,0,0,0,0,0,0,0,0.365,-37.554,0,"TaeGeuk_",0.032,-17.802,0,"encounter v",-19.037,-43.718,0,"ddil_ddil69",-15.854,-62.686,0,"Slaris",20.504,-49.636,0,"Yaksok~",12.709,-63.398,0,"AI",40.9,-90.65,0,"아침땅_",-8.272,-111.894,0,"si_ho",-48.223,-99.316,0,0,0,0,0,0,"",0,0,0,0,1329.62,,,,0,0
35,2,0,1,1,0,1,0,0,0,0,255,255,255,11,1342.409,"눈꽃",R,28,85,138,1.261,0.358,0.137,1.963,0.184,1.97,-36.593,20.417,2,0,56.265,-71.179,5.766,0,0,1,6,7,R,"HANA_ARASHI",173.3,86,0.25,0,44,W,Y,1343.367,92,88,81,57,28,130,82,59.071,48.871,-0.77,0,0.537,434.92,135.118,-390.625,0.128,-37.298,0,"TaeGeuk_",0.066,-17.737,0,"encounter v",-19.147,-43.789,0,"ddil_ddil69",-15.781,-62.556,0,"Slaris",20.635,-49.395,0,"Yaksok~",14.303,-63.761,0,"AI",40.9,-90.65,0,"아침땅_",-8.139,-111.879,0,"si_ho",-48.232,-95.268,0,1347.966,-42.266,-54.37,0,0,"",0,0,0,0,,,,,128,3
36,2,0,1,1,0,2,0,0,0,0,255,255,255,12,1364.517,"눈꽃",R,28,91,140,0.866,0.779,0.192,2.054,0.17,2.29,-36.593,25.507,2,0,69.856,-79.929,7.243,0,0,1,6,7,R,"HANA_ARASHI",173.3,86,0.25,3,45,W,Y,1365.453,116,69,93,64,34,137,94,91.412,-81.737,-0.03,0,0.589,9.387,268.424,-178.231,0.184,-37.391,0,"TaeGeuk_",0.09,-18.014,108,"encounter v",-19.989,-43.788,0,"ddil_ddil69",-15.862,-61.916,0,"Slaris",18.788,-49.978,0,"Yaksok~",12.365,-63.866,0,"AI",40.9,-90.65,0,"아침땅_",-9.127,-111.935,0,"si_ho",-48.736,-97.231,0,1371.366,-16.257,-15.92,1371.566,1,"TaeGeuk_",-15.911,-16.004,0,0,1371.566,,,,160,1
37,2,0,1,1,0,0,1,0,0,0,255,255,255,13,1391.937,"눈꽃",R,34,91,140,0.899,0.507,0.233,1.967,0.287,1.854,-36.593,28.528,2,0,74.594,-72.843,4.438,0,0,1,7,0,R,"Chunsik03",190,80.31,0.311,2,31,W,Y,1393.028,230,149,94,110,57,145,87,94.826,59.048,-1,0,0.171,147.352,-246.352,7.82,0.168,-37.128,0,"TaeGeuk_",0.106,-18.15,0,"encounter v",-19.714,-43.934,0,"ddil_ddil69",-15.514,-62.23,0,"Slaris",18.608,-49.941,0,"Yaksok~",11.658,-64.568,0,"AI",40.9,-90.65,0,"아침땅_",-8.003,-111.893,0,"si_ho",-47.67,-91.447,0,1398.593,13.359,-9.723,0,0,"",0,0,0,0,,,,,128,3
38,2,0,1,1,0,1,1,0,0,0,255,255,255,14,1414.843,"눈꽃",R,26,88,140,1.632,0.591,0.344,2.043,0.53,1.834,-36.593,28.007,2,0,128.079,-155.118,13.391,0,0,1,7,0,R,"Chunsik03",190,80.31,0.311,2,31,W,Y,1415.956,130,79,104,54,26,138,97,113.603,36.037,0.93,0,0.268,-133.934,255.898,-3.256,0.36,-37.15,0,"TaeGeuk_",0.109,-17.964,0,"encounter v",-19.638,-44.303,0,"ddil_ddil69",-15.258,-62.103,0,"Slaris",18.755,-49.866,0,"Yaksok~",12.798,-64.869,0,"AI",40.9,-90.65,0,"아침땅_",-8.405,-112.876,0,"si_ho",-47.2,-95.222,0,1421.54,34.678,19.811,0,0,"",0,0,0,0,,,,,128,3
39,2,0,1,1,0,2,1,0,0,0,255,255,255,15,1435.511,"눈꽃",R,32,52,108,3.493,2.181,0.51,2.258,1.059,2.831,-36.593,71.039,3,0,245.455,-200,19.017,0,0,0,7,0,R,"Chunsik03",190,80.31,0.311,0,31,W,Y,0,0,0,0,0,0,0,0,0,0,0,0,0,0,0,0,0.396,-37.3,0,"TaeGeuk_",0.526,-19.661,0,"encounter v",-19.732,-43.723,0,"ddil_ddil69",-14.484,-62.554,0,"Slaris",21.69,-52.005,0,"Yaksok~",11.446,-65.198,0,"AI",40.9,-90.65,0,"아침땅_",-7.944,-112.615,0,"si_ho",-46.026,-91.83,0,0,0,0,0,0,"",0,0,0,0,1437.22,,,,0,6
40,2,0,1,1,2,2,0,0,0,0,255,255,255,16,1467.318,"눈꽃",R,13,67,108,-3.521,-1.399,0.166,1.72,-0.825,1.142,-36.593,16.92,4,0,-384.285,311.135,-6.173,0,0,1,7,0,R,"Chunsik03",190,80.31,0.311,0,31,W,Y,0,0,0,0,0,0,0,0,0,0,0,0,0,0,0,0,0.108,-37.853,0,"TaeGeuk_",-0.446,-19.075,0,"encounter v",-20.838,-41.805,0,"ddil_ddil69",-14.527,-62.647,0,"Slaris",21.687,-52.127,0,"Yaksok~",7.733,-64.807,0,"AI",40.9,-90.65,0,"아침땅_",-11.074,-112.864,0,"si_ho",-45.938,-91.921,0,0,0,0,0,0,"",0,0,0,0,1468.02,,,,0,0
41,2,0,1,1,0,0,2,0,0,0,255,255,255,17,1487.388,"눈꽃",R,27,93,140,0.96,-0.491,0.221,1.819,0.265,1.181,-36.593,23.722,0,0,107.502,-134.599,3.653,0,0,0,0,5,R,"_송글_",166.9,91.844,0.315,0,31,W,Y,0,0,0,0,0,0,0,0,0,0,0,0,0,0,0,0,0.368,-37.496,0,"TaeGeuk_",0.082,-17.9,0,"encounter v",-20.331,-45.185,0,"ddil_ddil69",-15.504,-62.606,0,"Slaris",20.204,-48.809,0,"Yaksok~",10.942,-65.124,0,"AI",40.9,-90.65,0,"아침땅_",-9.388,-103.879,0,"si_ho",-48.188,-93.242,0,0,0,0,0,0,"",0,0,0,0,1487.726,,,,0,0
42,2,0,1,1,0,1,2,0,0,0,255,255,255,18,1499.687,"눈꽃",R,28,95,140,0.215,0.146,0.108,1.849,0.048,1.593,-36.593,5.882,0,0,30.729,-76.014,8.63,0,0,1,0,5,R,"_송글_",166.9,91.844,0.315,0,31,W,Y,0,0,0,0,0,0,0,0,0,0,0,0,0,0,0,0,0.457,-37.4,0,"TaeGeuk_",-0.121,-18.191,0,"encounter v",-19.554,-44.314,0,"ddil_ddil69",-16.624,-62.408,0,"Slaris",20.082,-48.979,0,"Yaksok~",11.212,-63.752,0,"AI",40.9,-90.65,0,"아침땅_",-9.003,-103.699,0,"si_ho",-47.489,-93.035,0,0,0,0,0,0,"",0,0,0,0,1500.06,,,,0,0
43,2,0,1,1,0,2,2,0,0,0,255,255,255,19,1514.79,"눈꽃",R,27,92,140,0.837,0.76,0.175,1.945,0.246,1.872,-36.593,17.097,0,0,83.05,-134.672,8.771,0,0,1,0,5,R,"_송글_",166.9,91.844,0.315,0,31,W,Y,0,0,0,0,0,0,0,0,0,0,0,0,0,0,0,0,0.272,-37.507,0,"TaeGeuk_",0.006,-17.821,0,"encounter v",-19.616,-44.377,0,"ddil_ddil69",-16.296,-64.452,0,"Slaris",20.021,-49.088,0,"Yaksok~",9.814,-64.709,0,"AI",40.9,-90.65,0,"아침땅_",-9.421,-103.611,0,"si_ho",-48.279,-93.532,0,0,0,0,0,0,"",0,0,0,0,1515.14,,,,0,0
44,3,1,1,1,0,0,0,0,0,0,255,255,255,23,1558.166,"Chunsik03",R,27,89,140,0.924,0.641,0.26,1.724,0.281,1.892,-36.437,19.142,2,0,83.028,-136.992,-3.792,0,0,1,2,2,L,"encounter v",190,82.544,0.529,3,31,W,Y,1559.191,98,117,117,71,45,136,90,-38.645,-42.704,-0.53,0,0.368,29.112,-442.045,-99.92,0.078,-37.17,0,"_Chun",-0.169,-17.473,0,"Ѕeyeon",-22.401,-49.99,0,"Oort__Cloud",-8.823,-65.475,0,"_이누_",22.912,-49.491,101,"_송글_",11.004,-63.882,0,"AI",40.9,-90.65,0,"HANA_ARASHI",4.603,-114.441,0,"ke ro",-37.31,-94.259,0,1558.313,2.305,-20.233,1560.646,4,"_이누_",25.577,-45.108,0,0,,,,,144,2
45,3,1,1,1,0,1,0,0,0,0,255,255,255,24,1581.597,"Chunsik03",R,33,89,140,-2.707,-0.506,-0.088,1.516,-1.338,1.219,-36.437,13.674,1,0,117.172,-85.494,9.693,0,0,0,2,2,L,"encounter v",190,82.544,0.529,0,31,W,Y,0,0,0,0,0,0,0,0,0,0,0,0,0,0,0,0,0.082,-37.378,0,"_Chun",0.391,-17.377,0,"Ѕeyeon",-20.649,-46.258,0,"Oort__Cloud",-8.751,-65.853,0,"_이누_",23.249,-48.348,0,"_송글_",10.033,-64.864,0,"AI",40.9,-90.65,0,"HANA_ARASHI",5.49,-117.876,0,"ke ro",-37.278,-94.22,0,0,0,0,0,0,"",0,0,0,0,1582.033,,,,0,0
46,3,1,1,1,1,1,0,0,0,0,255,255,255,25,1601.014,"Chunsik03",R,28,87,140,-2.654,-0.478,-0.064,1.523,-1.228,1.24,-36.437,12.464,1,0,53.483,-81.794,7.151,0,0,0,2,2,L,"encounter v",190,82.544,0.529,0,31,W,Y,0,0,0,0,0,0,0,0,0,0,0,0,0,0,0,0,0.001,-37.204,0,"_Chun",-0.064,-17.357,0,"Ѕeyeon",-20.633,-46.271,0,"Oort__Cloud",-8.765,-65.829,0,"_이누_",22.748,-48.991,0,"_송글_",10.036,-64.857,0,"AI",40.9,-90.65,0,"HANA_ARASHI",4.694,-113.687,0,"ke ro",-37.474,-94.032,0,0,0,0,0,0,"",0,0,0,0,1601.473,,,,0,0
47,3,1,1,1,2,1,0,0,0,0,255,255,255,26,1620.907,"Chunsik03",R,0,66,106,1.76,0.597,0.445,1.809,0.759,1.996,-36.437,32.999,2,0,-1.157,0,-12.587,0,0,1,2,2,L,"encounter v",190,82.544,0.529,3,31,W,Y,1621.987,202,255,32,101,68,120,122,-30,-10.399,0.47,0,0.373,395.72,-226.175,298.619,-0.03,-37.138,0,"_Chun",-0.075,-17.184,0,"Ѕeyeon",-20.936,-46.339,85,"Oort__Cloud",-8.718,-65.717,0,"_이누_",21.82,-47.971,0,"_송글_",10.013,-64.737,95,"AI",40.9,-90.65,0,"HANA_ARASHI",6.469,-116.167,0,"ke ro",-37.351,-94.071,0,1621.166,0.705,-22.422,1625.433,5,"_송글_",7.618,-54.152,1,0,,,,,131,2
48,3,1,1,1,0,0,0,1,0,0,2,255,255,27,1650.374,"Chunsik03",R,27,82,133,4.415,1.362,0.581,1.835,1.772,2.303,-36.437,39.111,3,0,104.09,-132.528,-6.888,1.27,-21.338,0,3,8,R,"si_ho",175,88.027,0.418,0,31,A,Y,0,0,0,0,0,0,0,0,0,0,0,0,0,0,0,0,0.136,-37.308,0,"_Chun",0.238,-17.427,0,"Ѕeyeon",-21.279,-43.366,0,"Oort__Cloud",-12.713,-64.978,0,"_이누_",17.115,-49.189,0,"_송글_",6.927,-66.365,0,"AI",40.9,-90.65,0,"HANA_ARASHI",0.635,-113.078,0,"ke ro",-34.103,-90.358,0,0,0,0,0,0,"",0,0,0,0,1655.3,,,,0,6
49,3,1,1,1,2,0,0,1,0,0,8,255,255,28,1679.318,"Chunsik03",R,28,85,137,0.497,-0.074,0.235,1.605,0.163,1.494,-36.437,7.382,0,0,34.375,-68.257,2.911,0,0,0,3,8,R,"si_ho",175,88.027,0.418,0,18,A,Y,0,0,0,0,0,0,0,0,0,0,0,0,0,0,0,0,0.186,-37.24,0,"_Chun",-0.019,-17.138,0,"Ѕeyeon",-20.637,-43.897,0,"Oort__Cloud",-12.724,-64.958,0,"_이누_",16.636,-46.439,0,"_송글_",5.375,-65.319,0,"AI",40.9,-90.65,0,"HANA_ARASHI",-9.856,-106.241,0,"ke ro",-34.9,-90.904,0,0,0,0,0,0,"",0,0,0,0,1679.926,,,,0,0
50,3,1,1,1,2,1,0,1,0,0,8,255,255,29,1694.742,"Chunsik03",R,0,93,140,-1.04,-0.757,0.093,1.5,-0.497,1.124,-36.437,10.448,0,0,30.744,-44.449,-0.265,0,0,0,3,8,R,"si_ho",175,88.027,0.418,0,18,A,Y,0,0,0,0,0,0,0,0,0,0,0,0,0,0,0,0,0.234,-37.253,0,"_Chun",-0.008,-17.186,0,"Ѕeyeon",-20.703,-45.065,0,"Oort__Cloud",-12.841,-64.973,0,"_이누_",16.417,-47.12,0,"_송글_",3.73,-64.425,0,"AI",40.9,-90.65,0,"HANA_ARASHI",-9.618,-103.914,0,"ke ro",-34.898,-90.899,0,0,0,0,0,0,"",0,0,0,0,1695.433,,,,0,0
51,3,1,1,1,2,2,0,1,0,0,8,255,255,30,1712.505,"Chunsik03",R,26,91,140,-0.887,1.055,0.093,1.765,-0.497,2.057,-36.437,6.735,0,0,81.115,-174.468,6.656,0,0,0,3,8,R,"si_ho",175,88.027,0.418,0,18,A,Y,0,0,0,0,0,0,0,0,0,0,0,0,0,0,0,0,0.128,-37.263,0,"_Chun",-0.267,-17.139,0,"Ѕeyeon",-20.426,-45.024,0,"Oort__Cloud",-12.388,-64.999,0,"_이누_",16.331,-46.95,0,"_송글_",3.625,-64.394,0,"AI",40.9,-90.65,0,"HANA_ARASHI",-10.356,-106.521,0,"ke ro",-34.928,-90.918,0,0,0,0,0,0,"",0,0,0,0,1713.14,,,,0,0
52,3,1,1,1,0,0,1,1,0,0,8,255,255,31,1738.571,"Chunsik03",R,28,83,135,-0.272,0.254,0.162,1.658,-0.179,1.679,-36.437,4.067,0,0,39.682,-62.078,1.51,0,0,0,4,3,R,"ddil_ddil69",170.2,80,0.353,0,31,W,Y,0,0,0,0,0,0,0,0,0,0,0,0,0,0,0,0,0.303,-37.097,0,"_Chun",0.04,-17.099,0,"Ѕeyeon",-20.911,-43.866,0,"Oort__Cloud",-12.909,-64.822,0,"_이누_",17.22,-47.268,0,"_송글_",3.828,-65.14,0,"AI",40.9,-90.65,0,"HANA_ARASHI",-13.758,-112.015,0,"ke ro",-36.586,-90.794,0,0,0,0,0,0,"",0,0,0,0,1739.113,,,,0,0
53,3,1,1,1,0,1,1,1,0,0,8,255,255,32,1762.041,"Chunsik03",R,27,87,140,3.283,0.998,0.434,1.76,1.086,2.048,-36.437,27.411,4,0,135.726,-137.404,-1.501,-0.738,-20.461,1,4,3,R,"ddil_ddil69",170.2,80,0.353,0,31,W,Y,0,0,0,0,0,0,0,0,0,0,0,0,0,0,0,0,0.174,-36.969,0,"_Chun",0.065,-17.423,0,"Ѕeyeon",-20.549,-44.846,0,"Oort__Cloud",-13.024,-64.88,0,"_이누_",18.047,-48.893,0,"_송글_",4.074,-64.553,0,"AI",40.9,-90.65,0,"HANA_ARASHI",-13.534,-111.892,0,"ke ro",-34.826,-88.314,0,0,0,0,0,0,"",0,0,0,0,1765.966,,,,0,0
54,3,1,1,1,0,2,1,1,0,0,8,255,255,33,1786.289,"Chunsik03",R,28,77,128,-3.388,-0.601,-0.139,1.519,-1.577,1.178,-36.437,18.173,4,0,70.305,-77.732,8.876,0,0,1,4,3,R,"ddil_ddil69",170.2,80,0.353,0,31,W,Y,0,0,0,0,0,0,0,0,0,0,0,0,0,0,0,0,0.064,-37.48,0,"_Chun",-0.495,-17.291,0,"Ѕeyeon",-21.037,-44.178,0,"Oort__Cloud",-13.011,-64.948,0,"_이누_",18.057,-47.525,0,"_송글_",2.214,-64.736,0,"AI",40.9,-90.65,0,"HANA_ARASHI",-12.23,-110.241,0,"ke ro",-34.767,-88.315,0,0,0,0,0,0,"",0,0,0,0,1786.886,,,,0,0
55,3,1,1,1,0,0,2,1,0,0,8,255,255,34,1823.868,"Chunsik03",R,27,83,135,1.95,0.924,0.348,1.758,0.688,2.031,-36.437,22.27,3,0,70.905,-111.177,1.353,0.022,-20.669,0,5,1,R,"TaeGeuk_",175.8,81.656,0.644,0,31,W,Y,0,0,0,0,0,0,0,0,0,0,0,0,0,0,0,0,0.077,-37.217,0,"_Chun",0.011,-17.098,0,"Ѕeyeon",-20.292,-43.992,0,"Oort__Cloud",-12.968,-64.924,0,"_이누_",18.75,-47.207,0,"_송글_",3.587,-64.434,0,"AI",40.9,-90.65,0,"HANA_ARASHI",-7.664,-108.428,0,"ke ro",-34.764,-88.213,0,0,0,0,0,0,"",0,0,0,0,1829.006,,,,0,6
56,3,1,1,1,2,0,2,1,0,0,1,255,255,35,1862.416,"Chunsik03",R,28,90,140,0.909,0.12,0.262,1.631,0.288,1.587,-36.437,12.447,0,0,72.691,-91.132,-3.329,0,0,1,5,1,R,"TaeGeuk_",175.8,81.656,0.644,0,57,W,Y,0,0,0,0,0,0,0,0,0,0,0,0,0,0,0,0,0.1,-37.304,0,"_Chun",-0.027,-16.997,0,"Ѕeyeon",-20.436,-45.192,0,"Oort__Cloud",-12.937,-64.562,0,"_이누_",20.495,-50.21,0,"_송글_",2.233,-63.457,0,"AI",40.9,-90.65,0,"HANA_ARASHI",-5.523,-107.466,0,"ke ro",-34.65,-88.17,0,0,0,0,0,0,"",0,0,0,0,1862.713,,,,0,0
57,3,1,1,1,2,1,2,1,0,0,1,255,255,36,1880.896,"Chunsik03",R,10,72,101,-0.492,-1.515,0.214,1.534,0.044,1.383,-36.437,6.926,4,0,-126.143,400,15.318,0,0,1,5,1,R,"TaeGeuk_",175.8,81.656,0.644,0,57,W,Y,0,0,0,0,0,0,0,0,0,0,0,0,0,0,0,0,0.987,-37.598,0,"_Chun",-0.027,-17.015,0,"Ѕeyeon",-19.823,-41.466,0,"Oort__Cloud",-12.583,-64.576,0,"_이누_",18.555,-50.19,0,"_송글_",1.679,-63.063,0,"AI",40.9,-90.65,0,"HANA_ARASHI",-5.689,-105.72,0,"ke ro",-34.855,-88.171,0,0,0,0,0,0,"",0,0,0,0,1881.406,1884.495,,,0,0
58,3,1,1,1,2,2,2,0,1,0,255,2,255,37,1903.613,"Chunsik03",R,27,90,140,0.159,-0.509,0.201,1.516,0.007,1.183,-36.437,10.467,0,0,41.045,-133.303,4.688,1.733,-20.013,0,5,1,R,"TaeGeuk_",175.8,81.656,0.644,0,57,W,Y,0,0,0,0,0,0,0,0,0,0,0,0,0,0,0,0,0.135,-36.823,0,"_Chun",0.47,-17.519,0,"Ѕeyeon",-21.405,-46.962,0,"Oort__Cloud",-12.9,-64.737,0,"_이누_",20.542,-48.325,0,"_송글_",2.769,-65.238,0,"AI",40.9,-90.65,0,"HANA_ARASHI",-1.985,-102.833,0,"ke ro",-34.907,-88.147,0,0,0,0,0,0,"",0,0,0,0,1906.74,,1908.257,,0,0
59,3,0,1,1,0,0,0,0,0,0,255,255,255,20,1945.326,"눈꽃",R,27,86,139,1.117,-0.284,0.218,1.825,0.384,1.328,-36.593,22.039,0,0,71.457,-106.135,6.426,0,0,1,1,2,R,"Ѕeyeon",174.9,95,0.5,0,31,W,Y,0,0,0,0,0,0,0,0,0,0,0,0,0,0,0,0,0.425,-37.525,0,"TaeGeuk_",0.07,-17.724,0,"encounter v",-20.384,-45.171,0,"ddil_ddil69",-15.242,-62.834,0,"Slaris",19.774,-47.739,0,"Yaksok~",10.279,-60.115,0,"AI",40.9,-90.65,0,"아침땅_",-8.662,-109.542,0,"si_ho",-49.481,-94.302,0,0,0,0,0,0,"",0,0,0,0,1945.846,,,,0,0
60,3,0,1,1,0,1,0,0,0,0,255,255,255,21,1957.946,"눈꽃",R,28,86,140,2.354,1.056,0.15,1.894,0.068,1.671,-36.593,12.181,2,0,63.831,-90.025,11.563,0,0,1,1,2,R,"Ѕeyeon",174.9,95,0.5,3,31,W,Y,1959.06,85,30,29,30,10,62,62,-41.544,38.622,-0.01,0,0.419,-121.788,-196.658,81.217,0.08,-37.559,0,"TaeGeuk_",-0.042,-17.933,0,"encounter v",-20.287,-45.122,85,"ddil_ddil69",-15.287,-62.613,0,"Slaris",19.782,-47.587,0,"Yaksok~",9.641,-60.311,0,"AI",40.9,-90.65,0,"아침땅_",-8.996,-109.19,0,"si_ho",-48.445,-92.506,0,1958.273,-0.759,-21.014,1961.06,2,"encounter v",-17.545,-42.323,0,0,,,,,132,2
61,3,0,1,1,0,0,1,0,0,0,255,255,255,22,1983.514,"눈꽃",R,28,88,140,0.673,0.354,0.179,1.907,0.257,1.71,-36.593,20.408,2,0,21.906,-68.909,3.458,0,0,1,2,8,R,"ke ro",166.6,80.225,0.396,3,31,W,Y,1984.444,186,58,58,32,0,135,108,-22.252,28.688,0.1,0,0.37,-200.296,355.012,35.241,0.197,-37.15,0,"TaeGeuk_",0.03,-18.015,0,"encounter v",-19.666,-44.513,0,"ddil_ddil69",-16.181,-62.14,85,"Slaris",19.665,-48.367,0,"Yaksok~",8.734,-61.513,0,"AI",40.9,-90.65,0,"아침땅_",-10.443,-105.414,0,"si_ho",-48.746,-93.22,0,1983.54,-1.022,-21.524,1985.873,3,"ddil_ddil69",-21.643,-59.361,1,0,,,,,148,2
62,3,0,1,1,0,0,1,1,0,0,18,255,255,23,2011.831,"눈꽃",R,34,79,129,-0.096,0.807,0.158,2.004,-0.182,2.021,-36.593,27.398,0,0,90.835,-87.031,8.293,0,0,0,3,1,L,"_Chun",190,80,0.445,0,31,W,Y,0,0,0,0,0,0,0,0,0,0,0,0,0,0,0,0,2.337,-39.71,0,"TaeGeuk_",0.377,-20.937,0,"encounter v",-17.835,-40.489,0,"ddil_ddil69",-10.806,-64,0,"Slaris",22.366,-49.235,0,"Yaksok~",3.598,-59.858,0,"AI",40.9,-90.65,0,"아침땅_",5.239,-112.835,0,"si_ho",-46.309,-98.977,0,0,0,0,0,0,"",0,0,0,0,2012.233,2014.987,,,0,0
63,3,0,1,1,0,1,1,0,1,0,255,18,255,24,2033.699,"눈꽃",R,34,92,140,2.578,0.133,-0.002,1.765,-0.496,1.257,-36.593,12.754,2,0,97.769,-96.306,6.437,0,0,1,3,1,L,"_Chun",190,80,0.445,3,31,W,Y,2034.614,200,92,88,70,35,145,129,21.143,-10.66,0.29,0,0.174,247.792,-494.546,-229.836,0.044,-37.236,0,"TaeGeuk_",-0.088,-18.073,0,"encounter v",-19.459,-44.366,0,"ddil_ddil69",-13.286,-64.301,101,"Slaris",20.742,-47.388,0,"Yaksok~",8.589,-59.305,0,"AI",40.9,-90.65,0,"아침땅_",6.321,-113.28,89,"si_ho",-45.947,-99.532,0,2038.673,32.666,-125.741,2039.86,7,"아침땅_",29.868,-121.218,0,0,,2045.139,2039.213,2043.805,208,2
64,3,0,1,2,0,0,1,0,0,0,255,255,255,25,2062.873,"눈꽃",R,27,86,139,1.741,0.809,0.274,1.991,0.626,2.013,-36.593,29.123,4,0,92.172,-109.817,7.982,0,0,1,4,4,R,"_이누_",190,89.841,0.451,0,31,W,Y,0,0,0,0,0,0,0,0,0,0,0,0,0,0,0,0,0.273,-37.7,0,"TaeGeuk_",0.192,-17.968,0,"encounter v",-19.625,-44.772,0,"ddil_ddil69",-15.273,-62.903,0,"Slaris",21.158,-47.311,0,"Yaksok~",6.122,-59.167,0,"AI",40.9,-90.65,0,"아침땅_",-9.643,-111.939,0,"si_ho",-51.218,-95.886,0,0,0,0,0,0,"",0,0,0,0,2063.273,2065.209,,,0,0
65,3,0,1,2,0,1,1,0,0,0,255,255,255,26,2079.11,"눈꽃",R,13,73,112,-0.88,-0.183,0.295,1.868,0.263,1.913,-36.593,19.215,0,0,-370.255,336.023,-3.55,0,0,1,4,4,R,"_이누_",190,89.841,0.451,0,31,W,Y,0,0,0,0,0,0,0,0,0,0,0,0,0,0,0,0,0.233,-37.619,0,"TaeGeuk_",0.041,-18.126,0,"encounter v",-19.724,-44.701,0,"ddil_ddil69",-15.257,-62.949,0,"Slaris",20.424,-45.188,0,"Yaksok~",4.204,-59.804,0,"AI",40.9,-90.65,0,"아침땅_",-9.328,-110.984,0,"si_ho",-50.236,-94.23,0,0,0,0,0,0,"",0,0,0,0,2079.713,2082.114,,,0,0
66,3,0,1,2,0,2,1,0,0,0,255,255,255,27,2093.45,"눈꽃",R,27,84,137,0.784,1.299,0.212,2.077,0.224,2.32,-36.593,32.986,4,0,81.436,-107.765,9.843,0,0,1,4,4,R,"_이누_",190,89.841,0.451,0,31,W,Y,0,0,0,0,0,0,0,0,0,0,0,0,0,0,0,0,0.311,-37.5,0,"TaeGeuk_",0.212,-18.754,0,"encounter v",-19.839,-44.706,0,"ddil_ddil69",-15.175,-63.009,0,"Slaris",20.752,-46.575,0,"Yaksok~",5.479,-59.048,0,"AI",40.9,-90.65,0,"아침땅_",-9.937,-111.309,0,"si_ho",-50.267,-94.32,0,0,0,0,0,0,"",0,0,0,16,2093.966,2096.379,,,0,0
67,3,0,1,2,0,0,2,0,1,0,255,11,255,28,2115.098,"눈꽃",R,27,84,136,2.127,2.018,0.305,2.093,0.777,2.532,-36.593,37.134,1,0,101.8,-107.617,8.708,0,0,0,5,3,R,"Oort__Cloud",160,90.268,0.399,0,31,W,Y,0,0,0,0,0,0,0,0,0,0,0,0,0,0,0,0,0.268,-37.509,0,"TaeGeuk_",0.239,-18.139,0,"encounter v",-19.328,-44.594,0,"ddil_ddil69",-15.738,-62.543,0,"Slaris",20.404,-46.1,0,"Yaksok~",6.637,-61.955,0,"AI",40.9,-90.65,0,"아침땅_",-9.32,-103.655,0,"si_ho",-48.989,-92.056,0,0,0,0,0,0,"",0,0,0,0,2115.62,2117.723,,,0,0
68,3,0,1,2,1,0,2,0,1,0,255,11,255,29,2129.608,"눈꽃",R,27,88,140,1.299,0.131,0.263,1.887,0.412,1.53,-36.593,29.415,2,0,110.015,-117.539,5.387,0,0,1,5,3,R,"Oort__Cloud",160,90.268,0.399,2,31,W,Y,2130.782,199,57,44,37,12,130,69,-30,59.873,1,0,0.053,-371.472,470.346,27.989,0.05,-37.264,0,"TaeGeuk_",0.106,-18.065,0,"encounter v",-19.29,-44.414,0,"ddil_ddil69",-15.663,-62.342,0,"Slaris",20.392,-46.108,0,"Yaksok~",7.986,-60.743,0,"AI",40.9,-90.65,0,"아침땅_",-8.87,-103.731,0,"si_ho",-48.994,-92.055,0,2129.846,-1.498,-20.234,0,0,"",0,0,0,0,,2135.124,,,128,3
69,3,0,1,2,1,1,2,0,1,0,255,11,255,30,2146.644,"눈꽃",R,10,73,116,-1.562,0.346,0.054,1.89,-0.611,2.233,-36.593,5.81,2,0,-41.84,329.16,-0.687,0,0,1,5,3,R,"Oort__Cloud",160,90.268,0.399,2,35,W,Y,2147.975,204,73,44,81,41,133,71,22.171,20.316,-1,0,0.15,273.274,-334.887,-5.841,0.253,-37.299,0,"TaeGeuk_",-0.541,-17.982,0,"encounter v",-19.166,-43.536,0,"ddil_ddil69",-15.183,-62.84,87,"Slaris",19.856,-46.611,0,"Yaksok~",9.141,-59.408,0,"AI",40.9,-90.65,0,"아침땅_",-8.571,-101.338,0,"si_ho",-47.896,-93.342,0,2150.486,-14.986,-66.937,2150.74,3,"ddil_ddil69",-14.285,-64.162,0,0,,,2152.48,,144,1
70,4,1,1,2,0,0,0,0,0,0,255,255,255,38,2195.512,"Chunsik03",R,27,83,134,1.425,0.216,0.3,1.626,0.467,1.56,-36.437,17.374,2,0,102.623,-138.165,0.824,0,0,1,6,7,R,"아침땅_",160,94.936,0.502,3,31,W,Y,2196.48,134,49,69,65,26,138,77,0.923,-29.223,-0.8,0.048,0.333,-101.369,-269.932,451.113,0.227,-36.934,0,"_Chun",0.053,-17.448,0,"Ѕeyeon",-21.949,-47.97,87,"Oort__Cloud",-12.959,-64.837,0,"_이누_",20.852,-47.615,120,"_송글_",5.008,-66.071,0,"AI",40.9,-90.65,0,"HANA_ARASHI",-7.161,-111.37,0,"ke ro",-38.51,-91.891,0,2196.22,7.75,-32.285,2197.54,4,"_이누_",15.369,-46.62,0,0,,,,,146,2
71,4,1,1,2,0,0,1,0,0,0,255,255,255,39,2222.847,"Chunsik03",R,1,44,89,0.322,-0.408,0.416,1.787,0.199,1.519,-36.437,34.847,0,0,-3.276,1.709,-0.249,0,0,0,7,0,L,"눈꽃",190,90,0.6,0,31,W,Y,0,0,0,0,0,0,0,0,0,0,0,0,0,0,0,0,0.323,-37.477,0,"_Chun",-0.022,-17.24,0,"Ѕeyeon",-20.539,-45.343,0,"Oort__Cloud",-9.099,-65.866,0,"_이누_",21.328,-47.454,0,"_송글_",9.283,-63.766,0,"AI",40.9,-90.65,0,"HANA_ARASHI",14.336,-114.108,0,"ke ro",-38.243,-90.742,0,0,0,0,0,0,"",0,0,0,0,2223.446,,,,0,0
72,4,1,1,2,0,1,1,0,0,0,255,255,255,40,2238.213,"Chunsik03",R,1,52,95,0.932,0.334,0.362,2.039,-0.045,2.338,-36.437,38.224,2,0,-2.996,3.084,0.518,0,0,1,7,0,L,"눈꽃",190,90,0.6,3,31,W,Y,2239.3,255,57,108,83,24,145,130,28.186,36.576,0.55,0,0.409,-76.373,93.6,108.409,-0.071,-37.296,0,"_Chun",0.033,-17.277,0,"Ѕeyeon",-20.633,-44.782,0,"Oort__Cloud",-9.109,-65.816,0,"_이누_",21.338,-47.555,0,"_송글_",9.241,-63.647,87,"AI",40.9,-90.65,0,"HANA_ARASHI",14.118,-114.033,0,"ke ro",-31.538,-96.823,96,2243.06,-62.44,-103.326,2244.526,8,"ke ro",-55.475,-100.03,1,0,,2249.321,,,133,2
73,4,1,1,2,0,0,1,0,1,0,255,0,255,41,2274.275,"Chunsik03",R,27,85,138,1.113,0.266,0.285,1.65,0.396,1.65,-36.437,10.496,2,0,58.833,-101.776,1.873,0,0,1,0,5,R,"Yaksok~",169.9,85.866,0.453,3,31,W,Y,2275.429,228,156,155,0,0,144,83,17.912,12.516,-0.83,0,0.522,82.324,-217.867,24.92,0.15,-37.164,0,"_Chun",0.053,-17.276,0,"Ѕeyeon",-20.421,-46.17,0,"Oort__Cloud",-12.84,-64.758,92,"_이누_",19.847,-47.505,0,"_송글_",6.283,-64.901,0,"AI",40.9,-90.65,0,"HANA_ARASHI",-10.75,-111.413,0,"ke ro",-36.781,-94.733,0,0,0,0,2277.807,3,"Oort__Cloud",-9.357,-69.763,0,0,,2279.091,,,160,1
74,4,1,1,2,0,0,2,0,1,0,255,0,255,42,2300.886,"Chunsik03",R,28,91,140,0.691,-0.11,0.245,1.59,0.208,1.458,-36.437,8.404,2,0,62.626,-97.369,-1.193,0,0,0,1,4,R,"Slaris",190,85.69,0.452,3,31,W,Y,2301.866,200,69,106,51,16,145,101,-41.684,-6.256,-0.28,0,0.205,-541.849,252.763,10.807,-0.017,-37.108,0,"_Chun",0.025,-17.207,0,"Ѕeyeon",-21.099,-45.213,0,"Oort__Cloud",-13.105,-64.838,0,"_이누_",19.386,-49.456,0,"_송글_",6.781,-66.221,100,"AI",40.9,-90.65,0,"HANA_ARASHI",-14.247,-115.983,0,"ke ro",-47.05,-96.128,0,2300.94,0.132,-20.427,2303.46,5,"_송글_",4.152,-57.555,0,0,,,2307.182,,147,2
75,4,0,1,2,0,0,0,0,0,0,255,255,255,31,2346.704,"눈꽃",R,0,64,118,2.926,2.016,0.565,2.176,1.257,2.741,-36.593,34.211,1,0,0,0,1.846,0,0,0,6,7,R,"HANA_ARASHI",173.3,86,0.25,0,31,W,Y,0,0,0,0,0,0,0,0,0,0,0,0,0,0,0,0,0.189,-37.808,0,"TaeGeuk_",0.162,-17.939,0,"encounter v",-19.393,-43.961,0,"ddil_ddil69",-14.974,-63.474,0,"Slaris",19.817,-48.998,0,"Yaksok~",10.564,-64.032,0,"Torpher Pao",54.456,-97.3,0,"아침땅_",-10.714,-109.588,0,"si_ho",-50.245,-95.234,0,0,0,0,0,0,"",0,0,0,0,2347.113,,,,0,0
76,4,0,1,2,1,0,0,0,0,0,255,255,255,32,2360.507,"눈꽃",R,32,93,140,1.174,-0.081,0.228,1.847,0.295,1.401,-36.593,17.881,2,0,154.112,-150.505,6.638,0,0,1,6,7,R,"HANA_ARASHI",173.3,86,0.25,5,31,W,Y,2361.39,160,141,114,64,24,145,88,14.067,-24.451,-0.65,0,0.545,261.413,174.605,24.409,0.098,-37.273,0,"TaeGeuk_",0.116,-17.912,0,"encounter v",-19.31,-43.831,0,"ddil_ddil69",-14.91,-63.349,0,"Slaris",19.736,-49.085,88,"Yaksok~",10.569,-64.191,0,"Torpher Pao",59.966,-98.805,94,"아침땅_",-10.643,-109.685,0,"si_ho",-50.232,-95.213,0,2363.526,23.077,-74.12,2367.046,6,"Torpher Pao",33.949,-97.724,1,0,,2371.348,,,386,2
77,4,0,1,2,0,0,0,0,1,0,255,17,255,33,2388.192,"눈꽃",R,28,86,139,0.5,0.138,0.259,1.957,0.114,1.602,-36.593,25.308,0,0,71.542,-93.057,6.145,0,0,1,7,0,R,"Chunsik03",190,80.31,0.311,0,31,W,Y,0,0,0,0,0,0,0,0,0,0,0,0,0,0,0,0,0.04,-37.768,0,"TaeGeuk_",0.069,-18.216,0,"encounter v",-20.446,-45.069,0,"ddil_ddil69",-14.234,-64.815,0,"Slaris",20.254,-46.787,0,"Yaksok~",6.595,-60.107,0,"Torpher Pao",52.839,-97.472,0,"아침땅_",-9.141,-111.063,0,"si_ho",-48.919,-93.243,0,0,0,0,0,0,"",0,0,0,0,2388.793,2391.394,,,0,0
78,4,0,1,2,0,1,0,0,1,0,255,17,255,34,2409.342,"눈꽃",R,27,87,140,0.341,0.433,0.153,1.925,0.041,1.76,-36.593,19.941,0,0,77.329,-129.366,10.136,0,0,0,7,0,R,"Chunsik03",190,80.31,0.311,0,31,W,Y,0,0,0,0,0,0,0,0,0,0,0,0,0,0,0,0,-0.004,-37.677,0,"TaeGeuk_",1.765,-20.557,0,"encounter v",-20.48,-45.081,0,"ddil_ddil69",-15.059,-62.864,0,"Slaris",21.548,-46.608,0,"Yaksok~",6.766,-60.549,0,"Torpher Pao",51.9,-97.648,0,"아침땅_",-4.611,-94.063,0,"si_ho",-49.97,-94.436,0,0,0,0,0,0,"",0,0,0,0,2409.926,2412.392,,,0,0
79,4,0,1,2,0,2,0,0,1,0,255,17,255,35,2426.33,"눈꽃",R,28,82,133,1.291,1.264,0.257,2.079,0.455,2.304,-36.593,31.319,2,0,69.861,-95.66,7.113,0,0,1,7,0,R,"Chunsik03",190,80.31,0.311,2,31,W,Y,2427.408,132,35,78,60,36,138,83,58.518,-35.166,-1,0,0.23,-103.644,-248.176,12.536,0.114,-37.227,0,"TaeGeuk_",0.167,-18.142,0,"encounter v",-20.308,-45.06,80,"ddil_ddil69",-14.775,-62.118,0,"Slaris",20.809,-47.622,90,"Yaksok~",7.771,-58.185,0,"Torpher Pao",51.639,-97.957,0,"아침땅_",-9.675,-110.053,0,"si_ho",-50.003,-94.41,0,2431.886,32.05,-60.367,2433.406,4,"Slaris",29.389,-58.439,1,0,,2431.794,,,134,2
80,4,0,1,2,0,0,1,0,1,0,255,17,255,36,2463.361,"눈꽃",R,27,84,137,1.654,0.473,0.247,1.911,0.571,1.708,-36.593,26.019,2,0,101.666,-136.413,6.005,0,0,1,0,5,R,"_송글_",166.9,91.844,0.315,2,31,W,Y,2464.31,192,24,30,23,15,85,63,-30,53.22,1,0,0.152,-424.547,398.145,137.281,0.059,-37.234,0,"TaeGeuk_",0.158,-17.998,0,"encounter v",-19.757,-44.066,0,"ddil_ddil69",-12.97,-60.114,0,"Slaris",20.529,-48.404,0,"Yaksok~",5.838,-60.745,0,"Torpher Pao",47.327,-89.184,0,"아침땅_",-9.452,-103.762,0,"si_ho",-50.747,-95.447,0,2463.326,-0.718,-19.086,0,0,"",0,0,0,0,,2469.309,,,128,3
81,4,0,1,2,0,1,1,0,1,0,255,17,255,37,2482.995,"눈꽃",R,28,88,140,0.477,0.46,0.16,1.918,0.108,1.752,-36.593,17.077,0,0,69.969,-87.981,6.602,0,0,1,0,5,R,"_송글_",166.9,91.844,0.315,0,31,W,Y,0,0,0,0,0,0,0,0,0,0,0,0,0,0,0,0,0.032,-37.288,0,"TaeGeuk_",0.203,-18.095,0,"encounter v",-20.292,-44.377,0,"ddil_ddil69",-13.909,-60.626,0,"Slaris",20.139,-48.722,0,"Yaksok~",4.265,-60.341,0,"Torpher Pao",48.418,-91.849,0,"아침땅_",-8.793,-104.327,0,"si_ho",-49.195,-95.585,0,0,0,0,0,0,"",0,0,0,0,2483.3,2485.539,,,0,0
82,4,0,1,2,0,2,1,0,1,0,255,17,255,38,2500.789,"눈꽃",R,28,85,138,1.338,1.471,0.225,2.045,0.473,2.295,-36.593,33.04,4,0,74.006,-99.909,7.194,0,0,1,0,5,R,"_송글_",166.9,91.844,0.315,0,31,W,Y,0,0,0,0,0,0,0,0,0,0,0,0,0,0,0,0,0.15,-37.392,0,"TaeGeuk_",0.08,-17.916,0,"encounter v",-20.248,-44.463,0,"ddil_ddil69",-13.91,-60.637,0,"Slaris",21.567,-48.546,0,"Yaksok~",2.339,-60.122,0,"Torpher Pao",48.118,-91.186,0,"아침땅_",-10.617,-104.052,0,"si_ho",-49.229,-95.621,0,0,0,0,0,0,"",0,0,0,0,2501.086,2504.028,,,0,0
83,4,0,1,2,0,0,2,0,1,0,255,17,255,39,2520.127,"눈꽃",R,27,91,140,1.683,0.337,0.26,1.905,0.588,1.679,-36.593,25.508,1,0,103.124,-115.453,4.075,0,0,0,1,2,R,"Ѕeyeon",174.9,95,0.5,0,31,W,Y,0,0,0,0,0,0,0,0,0,0,0,0,0,0,0,0,0.035,-37.554,0,"TaeGeuk_",2.082,-19.665,0,"encounter v",-20.227,-44.41,0,"ddil_ddil69",-13.883,-60.71,0,"Slaris",21.274,-48.91,0,"Yaksok~",3.655,-60.945,0,"Torpher Pao",47.557,-91.679,0,"아침땅_",-11.707,-106.923,0,"si_ho",-50.811,-96.073,0,0,0,0,0,0,"",0,0,0,0,2520.66,2522.992,,,0,0
84,4,0,1,2,1,0,2,0,1,0,255,17,255,40,2533.326,"눈꽃",R,28,90,140,1.894,0.764,0.195,1.938,0.245,1.72,-36.593,22.897,2,0,59.934,-97.011,7.224,0,0,1,1,2,R,"Ѕeyeon",174.9,95,0.5,3,31,W,Y,2534.472,93,42,63,42,16,126,82,-6.829,25.481,-0.36,0,0.492,-318.16,503.487,34.614,0.089,-37.466,0,"TaeGeuk_",0.081,-17.654,0,"encounter v",-20.196,-44.366,120,"ddil_ddil69",-13.867,-60.588,92,"Slaris",21.054,-48.421,0,"Yaksok~",5.432,-60.149,0,"Torpher Pao",47.777,-91.643,0,"아침땅_",-11.712,-107.355,0,"si_ho",-51.731,-97.187,0,2533.807,-2.648,-25.222,2535.913,3,"ddil_ddil69",-14.793,-53.361,0,0,,,2538.606,,148,2
85,5,1,1,2,0,0,0,0,0,0,255,255,255,43,2597.247,"Chunsik03",R,28,84,137,-0.502,0.015,0.139,1.615,-0.285,1.54,-36.437,7.29,2,0,43.849,-87.551,3.402,0,0,1,2,2,L,"encounter v",190,82.544,0.529,3,31,W,Y,2598.271,212,255,26,43,0,97,102,-30,28.206,0.25,0,0.302,-241.536,-180.298,515.333,0.035,-36.935,0,"_Chun",-0.013,-17.311,0,"Ѕeyeon",-20.537,-46.572,76,"Oort__Cloud",-8.962,-65.53,0,"_이누_",22.069,-47.512,0,"_송글_",12.846,-63.381,0,"AI",40.9,-90.65,0,"HANA_ARASHI",2.216,-107.595,0,"ke ro",-36.226,-89.976,0,2597.446,-0.913,-20.976,2599.46,2,"Ѕeyeon",-16.039,-49.407,0,4,,,,,130,2
86,5,1,1,2,0,0,1,0,0,0,255,255,255,44,2625.897,"Chunsik03",R,1,51,94,1.325,0.121,0.43,1.824,0.177,1.825,-36.437,34.526,2,0,-5.012,2.029,-0.191,0,0,1,3,8,R,"si_ho",175,88.027,0.418,3,31,A,Y,2627.271,255,148,82,79,48,145,106,26.879,-30.911,0.06,0,0.893,212.148,487.334,261.918,-0.003,-37.102,0,"_Chun",0.025,-17.429,0,"Ѕeyeon",-21.02,-47.594,0,"Oort__Cloud",-12.796,-64.746,74,"_이누_",18.197,-48.604,0,"_송글_",10.083,-64.328,0,"AI",40.9,-90.65,0,"HANA_ARASHI",-4.646,-97.823,0,"ke ro",-31.613,-84.108,0,2631.3,39.071,-105.799,2636.167,3,"Oort__Cloud",2.211,-61.735,0,0,,,,,160,1
87,5,1,1,2,0,0,2,0,0,0,255,255,255,45,2660.611,"Chunsik03",R,26,96,140,-1.246,-0.279,0.068,1.542,-0.612,1.261,-36.437,5.039,2,0,50.323,-193.8,6.597,0,0,1,4,3,R,"ddil_ddil69",170.2,80,0.353,3,31,W,Y,2661.702,255,213,70,109,78,144,124,14.985,-25.098,0.29,0,0.42,115.315,-206.173,334.017,-0.018,-37.062,0,"_Chun",-0.017,-17.264,0,"Ѕeyeon",-22.585,-47.163,0,"Oort__Cloud",-12.936,-64.643,65,"_이누_",15.442,-50.686,0,"_송글_",8.205,-65.161,0,"AI",40.9,-90.65,0,"HANA_ARASHI",-6.481,-104.921,0,"ke ro",-30.324,-91.484,0,2664.966,46.495,-113.407,2666.727,6,"AI",47.356,-113.978,1,0,,2671.675,,,160,2
88,5,1,1,2,0,0,2,0,1,0,255,3,255,46,2694.781,"Chunsik03",R,1,38,86,-0.567,-0.365,0.361,1.837,0.039,1.681,-36.437,36.92,2,0,-4.516,2.751,0.351,0,0,1,5,1,R,"TaeGeuk_",175.8,81.656,0.644,2,56,W,Y,2695.858,173,193,98,139,96,145,123,-30,-16.116,0.24,0.048,0.19,59.917,-419.827,-171.695,-0.085,-37.015,0,"_Chun",-0.11,-17.377,0,"Ѕeyeon",-20.917,-46.703,0,"Oort__Cloud",-12.995,-64.744,0,"_이누_",17.84,-48.474,0,"_송글_",9.054,-66.015,0,"AI",40.9,-90.65,0,"HANA_ARASHI",-7.963,-106.583,0,"ke ro",-40.341,-90.882,0,2694.926,0.289,-21.981,2696.86,5,"_송글_",11.492,-60.472,0,0,,,2698.682,,131,2
89,5,0,1,2,0,0,0,0,0,0,255,255,255,41,2734.743,"눈꽃",R,3,39,91,-1.254,2.366,0.279,2.164,0.223,2.92,-36.593,53.173,1,0,-327.527,0,1.292,0,0,0,2,8,R,"ke ro",166.6,80.225,0.396,0,31,W,Y,0,0,0,0,0,0,0,0,0,0,0,0,0,0,0,0,-0.228,-37.911,0,"TaeGeuk_",-0.31,-18.155,0,"encounter v",-19.211,-44.246,0,"ddil_ddil69",-16.041,-62.884,0,"Slaris",20.874,-50.252,0,"Yaksok~",9.228,-63.267,0,"Torpher Pao",48.772,-96.096,0,"아침땅_",-10.053,-108.949,0,"si_ho",-51.049,-92.428,0,0,0,0,0,0,"",0,0,0,0,2735.34,,,,0,0
90,5,0,1,2,1,0,0,0,0,0,255,255,255,42,2750.473,"눈꽃",R,13,67,108,-1.41,0.137,0.245,1.952,0.066,2.207,-36.593,17.534,2,0,-357.096,343.097,0.098,0,0,1,2,8,R,"ke ro",166.6,80.225,0.396,3,31,W,Y,2751.569,228,151,77,97,41,145,124,-30,39.395,0.69,0,0.573,59.109,-143.982,-34.031,-0.376,-37.891,0,"TaeGeuk_",-0.069,-17.832,0,"encounter v",-19.411,-44.875,84,"ddil_ddil69",-15.966,-62.678,0,"Slaris",21.297,-49.853,0,"Yaksok~",9.283,-62.319,0,"Torpher Pao",48.649,-95.632,0,"아침땅_",-10.346,-108.955,0,"si_ho",-51.147,-92.517,0,2750.633,-1.448,-21.48,2751.966,2,"encounter v",-18.951,-42.85,0,0,,,,,132,2
91,5,0,1,2,0,0,1,0,0,0,255,255,255,43,2774.363,"눈꽃",R,27,92,140,-0.641,0.906,0.07,2.005,-0.37,2.054,-36.593,12.185,0,0,65.971,-132.127,13.077,0,0,0,3,1,L,"_Chun",190,80,0.445,0,31,W,Y,0,0,0,0,0,0,0,0,0,0,0,0,0,0,0,0,0.351,-37.742,0,"TaeGeuk_",-0.147,-17.878,0,"encounter v",-20.337,-45.017,0,"ddil_ddil69",-13.766,-64.297,0,"Slaris",23.285,-51.734,0,"Yaksok~",11.121,-62.069,0,"Torpher Pao",50.264,-88.872,0,"아침땅_",6.905,-114.477,0,"si_ho",-44.978,-96.387,0,0,0,0,0,0,"",0,0,0,0,2774.633,,,,0,0
92,5,0,1,2,0,1,1,0,0,0,255,255,255,44,2786.129,"눈꽃",R,28,87,140,-0.393,1.231,0.126,2.088,-0.25,2.3,-36.593,26.605,4,0,55.896,-81.874,6.427,0,0,1,3,1,L,"_Chun",190,80,0.445,0,31,W,Y,0,0,0,0,0,0,0,0,0,0,0,0,0,0,0,0,0.16,-37.41,0,"TaeGeuk_",-0.162,-17.927,0,"encounter v",-20.333,-45.055,0,"ddil_ddil69",-13.601,-64.391,0,"Slaris",23.341,-51.831,0,"Yaksok~",12,-61.733,0,"Torpher Pao",50.26,-88.881,0,"아침땅_",7.423,-115.167,0,"si_ho",-45.057,-97.59,0,0,0,0,0,0,"",0,0,0,0,2786.446,,,,0,0
93,5,0,1,2,0,2,1,0,0,0,255,255,255,45,2803.153,"눈꽃",R,14,74,114,0.649,-0.917,0.186,1.849,-0.073,1.52,-36.593,16.7,0,0,200.597,400,10.669,0,0,0,3,1,L,"_Chun",190,80,0.445,0,31,W,Y,0,0,0,0,0,0,0,0,0,0,0,0,0,0,0,0,0.326,-37.393,0,"TaeGeuk_",0.277,-18.507,0,"encounter v",-20.19,-44.945,0,"ddil_ddil69",-11.607,-66.804,0,"Slaris",21.961,-50.267,0,"Yaksok~",10.969,-62.02,0,"Torpher Pao",50.249,-88.894,0,"아침땅_",13.165,-114.432,0,"si_ho",-45.06,-97.569,0,0,0,0,0,0,"",0,0,0,0,2803.566,,,,0,0
94,5,0,1,2,0,0,2,0,0,0,255,255,255,46,2824.542,"눈꽃",R,13,65,108,0.244,-0.081,0.305,1.916,0.405,2.085,-36.593,14.1,0,0,-165.633,400,3.226,0,0,1,4,4,R,"_이누_",190,89.841,0.451,0,31,W,Y,0,0,0,0,0,0,0,0,0,0,0,0,0,0,0,0,0.223,-37.672,0,"TaeGeuk_",0.086,-17.911,0,"encounter v",-20.231,-44.546,0,"ddil_ddil69",-13.699,-64.507,0,"Slaris",19.395,-48.858,0,"Yaksok~",6.525,-63.084,0,"Torpher Pao",50.169,-88.928,0,"아침땅_",-7.791,-111.1,0,"si_ho",-47.298,-91.879,0,0,0,0,0,0,"",0,0,0,0,2825.1,,,,0,0
95,5,0,1,2,0,1,2,0,0,0,255,255,255,47,2837.429,"눈꽃",R,27,93,140,1.87,0.131,0.327,1.906,0.701,1.581,-36.593,20.711,4,0,78.376,-116.135,6.315,0,0,1,4,4,R,"_이누_",190,89.841,0.451,0,31,W,Y,0,0,0,0,0,0,0,0,0,0,0,0,0,0,0,0,0.188,-37.676,0,"TaeGeuk_",0.244,-17.901,0,"encounter v",-19.587,-44.142,0,"ddil_ddil69",-16.216,-62.772,0,"Slaris",20.387,-48.292,0,"Yaksok~",5.125,-62.021,0,"Torpher Pao",50.239,-88.904,0,"아침땅_",-8.11,-110.353,0,"si_ho",-48.326,-91.586,0,0,0,0,0,0,"",0,0,0,0,2837.873,,,,0,0
96,5,0,1,2,0,2,2,0,0,0,255,255,255,48,2855.341,"눈꽃",R,27,90,140,1.331,1.06,0.207,2.029,0.462,2.165,-36.593,25.2,4,0,84.359,-116.654,7.253,0,0,1,4,4,R,"_이누_",190,89.841,0.451,0,31,W,Y,0,0,0,0,0,0,0,0,0,0,0,0,0,0,0,0,-0.618,-36.329,0,"TaeGeuk_",0.081,-18.404,0,"encounter v",-20.317,-42.759,0,"ddil_ddil69",-16.501,-63.571,0,"Slaris",20.54,-48.15,0,"Yaksok~",6.169,-61.2,0,"Torpher Pao",50.345,-88.958,0,"아침땅_",-6.624,-110.597,0,"si_ho",-49.257,-90.953,0,0,0,0,0,0,"",0,0,0,0,2855.767,,,,0,0
97,6,1,1,2,0,0,0,0,0,0,255,255,255,47,2908.458,"Chunsik03",R,1,35,85,0.565,1.172,0.404,1.831,0.336,1.631,-36.437,40.336,2,0,-2.252,1.563,0.422,0,0,1,6,7,R,"아침땅_",160,94.936,0.502,3,31,W,Y,2909.737,19,12,79,21,13,14,30,-55.072,14.376,-0.05,1,0.411,-576.723,144.876,-43.876,-0.175,-37.194,120,"_Chun",-0.001,-17.335,0,"Ѕeyeon",-20.452,-47.719,80,"Oort__Cloud",-13.019,-64.772,0,"_이누_",18.3,-47.642,0,"_송글_",8.548,-65.271,0,"AI",40.9,-90.65,0,"HANA_ARASHI",-6.865,-110.613,0,"ke ro",-36.558,-99.346,0,2908.873,-0.189,-20.826,2911.46,0,"Chunsik03",-1.693,-28.931,0,0,,,,,130,2
98,6,1,1,2,0,0,1,0,0,0,255,255,255,48,2939.609,"Chunsik03",R,0,57,99,-0.757,0.755,0.225,1.927,-0.337,2.097,-36.437,35.106,2,0,0,0,1.496,0,0,1,7,0,L,"눈꽃",190,90,0.6,3,31,W,Y,2940.739,188,148,75,108,44,145,130,32.777,-2.364,0.47,0,0.357,368.802,-197.872,-309.593,-0.103,-37.251,0,"_Chun",0.042,-17.375,0,"Ѕeyeon",-19.689,-45.914,0,"Oort__Cloud",-8.904,-66.152,0,"_이누_",20.821,-46.916,0,"_송글_",10.68,-64.094,0,"AI",40.9,-90.65,0,"HANA_ARASHI",9.661,-113.917,0,"ke ro",-40.094,-98.093,0,2948.167,13.087,-141.867,0,0,"",0,0,0,0,,2950.881,2955.988,,128,4
99,6,1,2,2,0,0,1,0,0,0,255,255,255,49,2987.154,"Chunsik03",R,26,85,121,-0.326,-0.198,0.121,1.514,-0.244,1.304,-36.437,13.023,0,0,72.122,-158.731,3.773,0,0,0,8,6,R,"Torpher Pao",160,95,0.5,0,31,W,Y,0,0,0,0,0,0,0,0,0,0,0,0,0,0,0,0,0.013,-36.896,0,"_Chun",-0.023,-17.2,0,"Ѕeyeon",-20.55,-46.579,0,"Oort__Cloud",-12.983,-64.736,0,"_이누_",19.674,-50.608,0,"_송글_",7.146,-66.26,0,"AI",40.9,-90.65,0,"HANA_ARASHI",-10.336,-112.623,0,"ke ro",-36.468,-91.799,0,0,0,0,0,0,"",0,0,0,0,2987.687,,,,0,0
100,6,1,2,2,0,1,1,0,0,0,255,255,255,50,3003.788,"Chunsik03",R,27,75,113,-0.29,-0.053,0.133,1.557,-0.207,1.414,-36.437,5.175,0,0,43.626,-130.458,5.763,0,0,1,8,6,R,"Torpher Pao",160,95,0.5,0,31,W,Y,0,0,0,0,0,0,0,0,0,0,0,0,0,0,0,0,-0.019,-37.367,0,"_Chun",-0.014,-17.192,0,"Ѕeyeon",-20.815,-46.702,0,"Oort__Cloud",-13.034,-64.643,0,"_이누_",19.239,-50.568,0,"_송글_",6.394,-66.252,0,"AI",40.9,-90.65,0,"HANA_ARASHI",-10.715,-111.5,0,"ke ro",-36.457,-91.776,0,0,0,0,0,0,"",0,0,0,0,3004.486,,,,0,0
101,6,1,2,2,0,2,1,0,0,0,255,255,255,51,3020.465,"Chunsik03",R,28,80,117,0.152,-0.201,0.194,1.541,-0.02,1.374,-36.437,9.051,2,0,47.956,-98.275,3.869,0,0,1,8,6,R,"Torpher Pao",160,95,0.5,3,31,W,Y,3021.612,108,62,81,47,38,135,76,46.789,52.625,-0.72,0,0.076,78.385,-423.728,296.561,0.123,-36.97,0,"_Chun",-0.004,-17.254,0,"Ѕeyeon",-20.34,-46.068,0,"Oort__Cloud",-12.963,-64.73,0,"_이누_",20.311,-50.041,0,"_송글_",6.622,-66.168,0,"AI",40.9,-90.65,0,"HANA_ARASHI",-10.443,-111.449,0,"ke ro",-37.029,-92.76,81,3025.34,-44.895,-60.798,3027.58,8,"ke ro",-54.504,-71.128,0,0,,,,,132,2
102,6,1,2,2,0,2,1,0,0,0,255,255,255,52,3047.01,"Chunsik03",R,28,69,109,-0.214,-0.094,0.149,1.565,-0.158,1.436,-36.437,7.948,2,0,32.459,-96.624,7.868,0,0,1,8,6,R,"Torpher Pao",160,95,0.5,3,44,W,Y,3048.179,89,124,87,61,61,129,98,28.744,42.535,0.83,0,0.169,23.661,370.178,-14.859,0.167,-36.962,0,"_Chun",-0.024,-17.449,0,"Ѕeyeon",-20.376,-47.47,0,"Oort__Cloud",-13.018,-64.818,0,"_이누_",20.347,-49.931,0,"_송글_",6.041,-66.633,0,"AI",40.9,-90.65,0,"HANA_ARASHI",-9.281,-110.701,0,"ke ro",-42.692,-91.224,0,3051.74,-60.689,-76.717,0,0,"",0,0,0,0,,,,,128,3
103,6,1,2,2,0,2,1,0,0,0,255,255,255,53,3073.538,"Chunsik03",R,28,68,107,1.088,0.441,0.329,1.69,0.4,1.755,-36.437,18.89,2,0,33.975,-66.148,2.106,0,0,1,8,6,R,"Torpher Pao",160,95,0.5,3,31,W,Y,3074.763,150,123,49,47,48,133,72,111.827,-58.137,-0.88,0,0.115,192.6,179.469,7.389,0.131,-36.913,0,"_Chun",0.018,-17.432,0,"Ѕeyeon",-19.917,-47.085,0,"Oort__Cloud",-13.072,-64.714,0,"_이누_",23.325,-52.122,0,"_송글_",5.841,-65.869,0,"AI",40.9,-90.65,0,"HANA_ARASHI",-10.627,-108.723,0,"ke ro",-46.58,-94.445,0,3078.753,-35.097,4.907,0,0,"",0,0,0,0,,,,,128,3
104,6,1,2,2,0,2,1,0,0,0,255,255,255,54,3089.943,"Chunsik03",R,28,76,114,1.141,-0.309,0.324,1.519,0.386,1.318,-36.437,18.184,2,0,58.783,-99.257,-1.02,0,0,1,8,6,R,"Torpher Pao",160,95,0.5,3,31,W,Y,3091.149,170,87,51,41,36,133,114,29.657,-17.711,0.66,0,0.049,366.68,-420.759,207.148,-0.005,-36.974,0,"_Chun",0.022,-17.351,0,"Ѕeyeon",-20.314,-46.433,0,"Oort__Cloud",-12.77,-64.861,0,"_이누_",19.689,-47.775,0,"_송글_",4.609,-65.238,85,"AI",40.9,-90.65,0,"HANA_ARASHI",-16.907,-113.188,0,"ke ro",-51.828,-82.545,0,3095.7,39.982,-114.421,3097.34,6,"AI",43.356,-120.348,1,0,,3102.266,,,129,2
105,6,1,2,2,0,0,1,0,1,0,255,6,255,55,3127.45,"Chunsik03",R,33,83,135,4.786,1.631,0.605,1.879,1.882,2.482,-36.437,47.263,4,0,127.152,-107.126,-6.319,0.953,-21.926,1,0,5,R,"Yaksok~",169.9,85.866,0.453,0,31,W,Y,0,0,0,0,0,0,0,0,0,0,0,0,0,0,0,0,0.272,-36.967,0,"_Chun",0.015,-17.541,0,"Ѕeyeon",-21.034,-46.516,0,"Oort__Cloud",-13.065,-64.775,0,"_이누_",20.108,-49.906,0,"_송글_",5.52,-66.355,0,"AI",40.9,-90.65,0,"HANA_ARASHI",-9.544,-109.629,0,"ke ro",-34.216,-93.423,0,0,0,0,0,0,"",0,0,0,0,3131.513,3158.722,,,0,0
106,6,1,2,2,0,1,1,0,1,0,255,6,255,56,3160.843,"Chunsik03",R,27,86,139,4.571,3.112,0.303,1.723,0.481,1.915,-36.437,15.937,2,0,78.026,-131.988,2.42,0,0,1,0,5,R,"Yaksok~",169.9,85.866,0.453,3,31,W,Y,3161.999,222,157,0,0,0,24,66,-16.844,16.25,-0.64,0,0.712,-109.15,73.816,-1.632,0.067,-37.034,0,"_Chun",0.046,-17.212,0,"Ѕeyeon",-20.981,-46.469,89,"Oort__Cloud",-13.101,-64.806,95,"_이누_",20,-48.256,0,"_송글_",4.894,-65.971,0,"AI",40.9,-90.65,0,"HANA_ARASHI",-9.208,-105.573,0,"ke ro",-34.342,-93.558,0,3161.22,-0.696,-23.265,3164.14,3,"Oort__Cloud",-9.453,-54.82,1,0,,3168.22,,,162,2
107,6,1,2,2,0,0,1,1,1,0,5,6,255,57,3190.77,"Chunsik03",R,28,86,139,0.815,0.035,0.252,1.618,0.242,1.549,-36.437,11.903,0,0,76.563,-95.368,0.99,0,0,0,1,4,R,"Slaris",190,85.69,0.452,0,31,W,Y,0,0,0,0,0,0,0,0,0,0,0,0,0,0,0,0,0.057,-37.288,0,"_Chun",0.041,-17.251,0,"Ѕeyeon",-19.287,-40.174,0,"Oort__Cloud",-12.918,-64.638,0,"_이누_",18.401,-47.962,0,"_송글_",2.6,-63.266,0,"AI",40.9,-90.65,0,"HANA_ARASHI",-11.141,-111.135,0,"ke ro",-37.148,-95.312,0,0,0,0,0,0,"",0,0,0,0,3191.26,,,,0,0
108,6,1,2,2,0,1,1,1,1,0,5,6,255,58,3211.605,"Chunsik03",R,26,85,138,2.915,1.095,0.437,1.801,1.1,2.143,-36.437,35.284,1,0,113.648,-174.176,-4.713,0,0,0,1,4,R,"Slaris",190,85.69,0.452,0,31,W,Y,0,0,0,0,0,0,0,0,0,0,0,0,0,0,0,0,0.188,-37.089,0,"_Chun",-0.004,-17.262,0,"Ѕeyeon",-20.862,-45.26,0,"Oort__Cloud",-12.915,-64.652,0,"_이누_",19.353,-48.984,0,"_송글_",1.158,-62.477,0,"AI",40.9,-90.65,0,"HANA_ARASHI",-11.499,-110.567,0,"ke ro",-36.828,-95.442,0,0,0,0,0,0,"",0,0,0,0,3212.126,3229.302,,,0,0
109,6,1,2,2,0,2,1,1,1,0,5,6,255,59,3232.196,"Chunsik03",R,0,62,103,-1.176,-1.377,0.041,1.242,-0.492,0.771,-36.437,28.323,1,0,-10.697,0,25.876,0,0,0,1,4,R,"Slaris",190,85.69,0.452,0,31,W,Y,0,0,0,0,0,0,0,0,0,0,0,0,0,0,0,0,0.074,-37.535,0,"_Chun",-0.019,-17.288,0,"Ѕeyeon",-20.828,-44.917,0,"Oort__Cloud",-12.305,-64.431,0,"_이누_",20.139,-47.206,0,"_송글_",1.784,-62.472,0,"AI",40.9,-90.65,0,"HANA_ARASHI",-14.937,-110.208,0,"ke ro",-36.857,-95.459,0,0,0,0,0,0,"",0,0,0,0,3232.847,,,,0,0
110,6,1,2,2,1,2,1,1,1,0,5,6,255,60,3249.809,"Chunsik03",R,10,70,100,-0.93,-1.114,0.129,1.589,-0.22,1.521,-36.437,7.271,1,0,-89.739,400,-0.368,0,0,0,1,4,R,"Slaris",190,85.69,0.452,0,31,W,Y,0,0,0,0,0,0,0,0,0,0,0,0,0,0,0,0,0.148,-37.56,0,"_Chun",-0.08,-17.404,0,"Ѕeyeon",-20.933,-44.665,0,"Oort__Cloud",-12.94,-64.799,0,"_이누_",20.437,-47.187,0,"_송글_",1.916,-62.413,0,"AI",40.9,-90.65,0,"HANA_ARASHI",-12.964,-106.289,0,"ke ro",-36.87,-95.465,0,0,0,0,0,0,"",0,0,0,0,3250.473,3258.334,,,0,0
111,6,1,2,2,2,2,1,1,1,0,5,6,255,61,3267.983,"Chunsik03",R,10,74,103,-0.309,-0.884,0.231,1.643,0.097,1.637,-36.437,11.523,0,0,-118.525,400,-6.609,0,0,0,1,4,R,"Slaris",190,85.69,0.452,0,31,W,Y,0,0,0,0,0,0,0,0,0,0,0,0,0,0,0,0,0.099,-37.322,0,"_Chun",-0.058,-17.376,0,"Ѕeyeon",-21.036,-45.566,0,"Oort__Cloud",-12.881,-64.799,0,"_이누_",20.089,-48.787,0,"_송글_",2.097,-62.186,0,"AI",40.9,-90.65,0,"HANA_ARASHI",-14.457,-101.015,0,"ke ro",-36.883,-95.443,0,0,0,0,0,0,"",0,0,0,0,3268.62,3288.759,,,0,0
112,6,1,2,2,0,0,2,1,1,0,5,6,255,62,3294.224,"Chunsik03",R,27,83,135,-2.206,-0.475,-0.027,1.516,-1.057,1.217,-36.437,12.088,2,0,67.167,-104.777,0.866,0,0,1,2,2,L,"encounter v",190,82.544,0.529,3,31,W,Y,3295.224,255,251,113,89,62,145,130,-30,39.583,0.4,0,0.476,15.335,205.367,478.386,-0.107,-37.104,0,"_Chun",-0.055,-17.623,0,"Ѕeyeon",-20.983,-44.461,87,"Oort__Cloud",-7.785,-63.273,63,"_이누_",21.851,-45.67,0,"_송글_",11.575,-63.487,0,"AI",40.9,-90.65,0,"HANA_ARASHI",1.602,-102.732,0,"ke ro",-35.805,-96.462,0,3294.34,-1.526,-21.616,3295.833,2,"Ѕeyeon",-19.987,-43.918,1,0,,3300.073,3301.229,,162,2
113,6,1,2,2,0,0,2,1,1,1,2,5,6,63,3329.328,"Chunsik03",R,27,91,140,2.203,1.207,0.381,1.796,0.844,2.167,-36.437,26.014,2,0,79.264,-143.255,-0.894,0,0,1,3,8,R,"si_ho",175,88.027,0.418,3,31,A,Y,3330.655,177,93,97,56,0,145,127,104.005,-65.209,0.63,0,0.606,-244.451,312.822,-43.488,0.542,-36.858,0,"_Chun",0.128,-17.388,0,"Ѕeyeon",-20.949,-46.677,0,"Oort__Cloud",-12.865,-64.812,0,"_이누_",19.559,-48.89,0,"_송글_",8.088,-65.645,0,"AI",40.9,-90.65,0,"HANA_ARASHI",-8.597,-106.402,0,"ke ro",-36.93,-89.121,0,0,0,0,0,0,"",0,0,0,0,,3333.251,3334.322,,128,3
114,6,1,2,2,0,1,2,1,1,1,2,5,6,64,3356.235,"Chunsik03",R,26,85,138,2.627,0.628,0.484,1.7,1.027,1.82,-36.437,27.132,2,0,76.477,-155.579,-5.292,0,0,0,3,8,R,"si_ho",175,88.027,0.418,3,17,A,Y,3357.638,70,68,28,38,0,54,57,55.713,40.303,-0.88,0,0.302,-501.186,99.942,-180.113,0.259,-36.984,0,"_Chun",0.085,-17.294,0,"Ѕeyeon",-19.945,-46.074,0,"Oort__Cloud",-12.948,-64.844,0,"_이누_",18.44,-48.767,0,"_송글_",7.079,-65.825,0,"AI",40.9,-90.65,0,"HANA_ARASHI",-13.848,-105.087,0,"ke ro",-39.331,-89.739,0,3361.407,-22.974,-46.669,3361.62,2,"Ѕeyeon",-21.835,-45.445,0,0,,3360.452,,3362.869,146,1
115,6,0,2,2,0,0,0,0,0,0,255,255,255,49,3400.163,"눈꽃",R,28,86,140,1.551,0.76,0.274,1.959,0.574,1.888,-36.593,27.036,2,0,70.353,-91.669,6.852,0,0,1,5,3,R,"Oort__Cloud",160,90.268,0.399,2,31,W,Y,3401.231,125,59,68,33,13,135,71,8.713,48.781,1,0,0.083,-99.313,310.781,14.52,0.286,-37.364,0,"TaeGeuk_",0.092,-18.08,0,"encounter v",-17.169,-42.236,0,"ddil_ddil69",-15.73,-61.646,0,"Slaris",20.241,-48.029,0,"Yaksok~",13.477,-64.307,0,"Torpher Pao",38.193,-94.497,0,"아침땅_",-8.479,-105.363,0,"si_ho",-51.723,-95.587,0,3401.38,-16.269,-32.079,0,0,"",0,0,0,0,,,,,128,3
116,6,0,2,2,0,1,0,0,0,0,255,255,255,50,3420.616,"눈꽃",R,27,86,140,1.141,0.486,0.266,1.929,0.348,1.702,-36.593,20.251,2,0,105.941,-132.348,8.112,0,0,1,5,3,R,"Oort__Cloud",160,90.268,0.399,2,35,W,Y,3421.73,255,70,68,29,11,137,72,63.116,48.266,-1,0,0.097,82.267,-127.026,4.767,0.166,-37.439,0,"TaeGeuk_",0.054,-18.073,0,"encounter v",-18.69,-43.602,85,"ddil_ddil69",-15.774,-61.361,0,"Slaris",20.615,-49.005,0,"Yaksok~",12.988,-62.666,0,"Torpher Pao",39.603,-91.14,0,"아침땅_",-9.631,-104.779,0,"si_ho",-51.845,-96.905,0,3425.727,-31.347,-48.621,3425.94,2,"encounter v",-30.457,-47.731,0,0,,,,,132,1
117,6,0,2,2,0,0,1,0,0,0,255,255,255,51,3448.121,"눈꽃",R,27,86,140,-0.465,-0.206,0.089,1.824,-0.298,1.372,-36.593,13.983,0,0,68.183,-105.712,5.858,0,0,1,6,7,R,"HANA_ARASHI",173.3,86,0.25,0,31,W,Y,0,0,0,0,0,0,0,0,0,0,0,0,0,0,0,0,0.389,-37.349,0,"TaeGeuk_",-0.027,-18.033,0,"encounter v",-19.757,-45.481,0,"ddil_ddil69",-15.735,-62.024,0,"Slaris",19.278,-51.373,0,"Yaksok~",9.466,-63.097,0,"Torpher Pao",39.36,-90.718,0,"아침땅_",-10.538,-107.696,0,"si_ho",-52.445,-97.497,0,0,0,0,0,0,"",0,0,0,0,3448.433,,,,0,0
118,6,0,2,2,0,1,1,0,0,0,255,255,255,52,3463.098,"눈꽃",R,27,95,140,0.317,-0.181,0.286,1.926,0.578,1.758,-36.593,17.875,2,0,95.821,-127.598,7.606,0,0,1,6,7,R,"HANA_ARASHI",173.3,86,0.25,0,31,W,Y,3464.013,115,153,76,61,31,136,81,38.468,-34.265,-1,0,0.522,290.498,-374.1,-63.273,0.266,-37.331,0,"TaeGeuk_",0.246,-18.06,0,"encounter v",-19.681,-44.774,0,"ddil_ddil69",-15.635,-61.73,0,"Slaris",20.218,-50.646,85,"Yaksok~",9.352,-63.201,0,"Torpher Pao",40.208,-92.091,0,"아침땅_",-6.131,-108.168,95,"si_ho",-52.365,-97.556,0,3467.793,41.359,-69.43,3471.393,6,"Torpher Pao",54.772,-82.065,1,0,,3474.575,,,450,2
119,6,0,2,2,0,0,1,0,1,0,255,17,255,53,3504.089,"눈꽃",R,28,77,127,1.235,0.873,0.455,2.117,0.406,2.044,-36.593,53.973,0,0,78.383,-99.908,6.165,0,0,1,7,0,R,"Chunsik03",190,80.31,0.311,0,31,W,Y,0,0,0,0,0,0,0,0,0,0,0,0,0,0,0,0,-0.009,-38.035,0,"TaeGeuk_",0.192,-18.093,0,"encounter v",-19.987,-44.638,0,"ddil_ddil69",-15.006,-63.431,0,"Slaris",19.424,-45.535,0,"Yaksok~",6.047,-60.957,0,"Torpher Pao",54.921,-83.375,0,"아침땅_",-10.834,-108.438,0,"si_ho",-49.646,-93.176,0,0,0,0,0,0,"",0,0,0,0,3504.633,3507.029,,,0,0
120,6,0,2,2,0,1,1,0,1,0,255,17,255,54,3520.292,"눈꽃",R,28,87,140,0.921,-0.838,0.288,1.804,0.309,1.005,-36.593,26.628,2,0,62.555,-76.34,2.351,0,0,1,7,0,R,"Chunsik03",190,80.31,0.311,2,31,W,Y,3521.348,116,179,77,77,37,137,93,17.347,10.492,-0.42,0,0.153,320.896,293.741,81.954,0.184,-37.342,0,"TaeGeuk_",0.041,-18.009,0,"encounter v",-19.874,-44.617,0,"ddil_ddil69",-14.737,-63.245,0,"Slaris",19.889,-47.438,69,"Yaksok~",6.995,-60.227,99,"Torpher Pao",54.907,-83.403,0,"아침땅_",-10.913,-109.532,0,"si_ho",-50.113,-94.726,0,3524.313,-17.103,-91.47,3524.833,7,"아침땅_",-17.415,-92.534,1,64,3529.847,3535.645,3527.06,3531.88,227,2
121,6,0,2,2,0,0,2,0,1,0,255,10,255,55,3558.202,"눈꽃",R,27,86,139,0.589,0.634,0.173,1.938,0.12,1.806,-36.593,23.056,2,0,95.165,-129.312,7.517,0,0,1,0,5,R,"_송글_",166.9,91.844,0.315,2,30,W,Y,3559.16,138,31,83,46,16,139,102,29.587,-2.363,0.1,0,0.41,82.318,86.547,-3.5,0.006,-37.303,0,"TaeGeuk_",0.096,-17.905,0,"encounter v",-20.593,-46.321,0,"ddil_ddil69",-16.165,-62.62,0,"Slaris",19.313,-48.242,0,"Yaksok~",8.486,-59.994,0,"Torpher Pao",58.928,-97.468,0,"아침땅_",-8.101,-102.154,85,"si_ho",-51.025,-94.886,0,3562.887,2.115,-104.666,3563.126,7,"아침땅_",2.099,-101.834,0,0,,,3564.546,,225,1
122,7,1,2,2,0,0,0,0,0,0,255,255,255,65,3628.461,"Chunsik03",R,28,84,137,1.37,0.622,0.37,1.707,0.498,1.853,-36.437,19.34,2,0,63.521,-98.551,-0.125,0,0,1,4,3,R,"ddil_ddil69",170.2,80,0.353,3,30,W,Y,3629.552,205,139,43,56,25,132,75,-73.852,-46.988,-0.86,0,0.367,-489.933,-189.694,125.822,0.216,-36.995,0,"_Chun",0.036,-17.411,0,"Ѕeyeon",-21.533,-48.06,85,"Oort__Cloud",-12.935,-64.846,0,"_이누_",21.083,-48.168,66,"_송글_",7.288,-66.287,0,"AI",40.9,-90.65,0,"HANA_ARASHI",-7.047,-110.76,0,"ke ro",-39.152,-93.805,0,3628.62,0.714,-20.489,3633.02,4,"_이누_",18.496,-37.244,0,0,,,,,146,2
123,7,1,2,2,0,1,0,0,0,0,255,255,255,66,3659.321,"Chunsik03",R,27,83,134,-0.481,-1.205,0.19,1.411,-0.339,0.781,-36.437,13.812,2,0,87.903,-143.664,6.266,0,0,1,4,3,R,"ddil_ddil69",170.2,80,0.353,3,30,W,Y,3660.477,241,237,100,93,27,145,124,26.357,10.248,0.35,0,0.449,169.665,-72.768,51.373,0.085,-36.722,0,"_Chun",0.041,-17.524,0,"Ѕeyeon",-19.991,-46.567,0,"Oort__Cloud",-12.92,-64.807,62,"_이누_",19.826,-47.899,0,"_송글_",7.267,-66.248,0,"AI",40.9,-90.65,0,"HANA_ARASHI",-4.728,-108.838,109,"ke ro",-40.927,-93.868,0,3664.566,-18.526,-128.788,3666.633,7,"HANA_ARASHI",-20.952,-130.35,1,0,,3670.311,,,224,2
124,7,1,2,2,0,0,0,0,1,0,255,3,255,67,3696.926,"Chunsik03",R,0,69,122,0.156,-0.168,0.261,1.594,-0.01,1.449,-36.437,13.134,2,0,43.054,-46.629,2.384,0,0,1,5,1,R,"TaeGeuk_",175.8,83.656,0.644,2,30,W,Y,3697.87,185,111,75,32,4,137,78,-30,65.907,1,0,0.173,-275.215,526.706,-54.83,0.046,-36.76,0,"_Chun",0.092,-17.605,0,"Ѕeyeon",-20.44,-45.338,0,"Oort__Cloud",-12.738,-64.852,0,"_이누_",18.435,-47.124,0,"_송글_",4.387,-64.833,0,"AI",40.9,-90.65,0,"HANA_ARASHI",-9.877,-111.288,0,"ke ro",-39.527,-85.857,0,3696.86,-2.489,-19.659,0,0,"",0,0,0,0,,3704.337,,,128,3
125,7,1,2,2,0,1,0,0,1,0,255,3,255,68,3714.694,"Chunsik03",R,28,82,133,-0.303,-0.208,0.222,1.587,-0.191,1.426,-36.437,10.299,0,0,35.268,-54.422,-1.033,0,0,1,5,1,R,"TaeGeuk_",175.8,83.656,0.644,0,55,W,Y,0,0,0,0,0,0,0,0,0,0,0,0,0,0,0,0,-0.092,-36.886,0,"_Chun",1.572,-19.567,0,"Ѕeyeon",-19.821,-45.645,0,"Oort__Cloud",-13.066,-65.052,0,"_이누_",19.475,-46.337,0,"_송글_",3.061,-63.549,0,"AI",40.9,-90.65,0,"HANA_ARASHI",-11.417,-110.892,0,"ke ro",-42.53,-85.425,0,0,0,0,0,0,"",0,0,0,16,3714.727,,3718.609,,0,0
126,7,1,2,2,0,2,1,0,0,0,255,255,255,69,3736.794,"Chunsik03",R,27,89,140,1.359,-0.37,0.367,1.547,0.483,1.283,-36.437,15.857,2,0,70.857,-112.637,-2.487,0,0,1,5,1,R,"TaeGeuk_",175.8,83.656,0.644,2,55,W,Y,3737.702,255,246,41,59,0,130,73,-18.854,21.699,-1,0,0.169,167.932,529.969,188.52,0.19,-36.759,0,"_Chun",0.058,-17.447,0,"Ѕeyeon",-19.812,-45.65,79,"Oort__Cloud",-12.991,-64.984,0,"_이누_",19.579,-47.923,0,"_송글_",7.677,-65.579,0,"AI",40.9,-90.65,0,"HANA_ARASHI",-7.444,-108.959,0,"ke ro",-38.92,-89.212,0,3736.687,-0.512,-21.075,3739.526,2,"Ѕeyeon",-15.498,-48.393,0,0,,,,,130,2
127,7,1,2,2,0,0,2,0,0,0,255,255,255,70,3769.541,"Chunsik03",R,11,68,103,0.335,-0.47,0.307,1.666,0.136,1.688,-36.437,15.359,0,0,0,196.514,-0.916,0,0,1,6,7,R,"아침땅_",160,94.936,0.502,0,30,W,Y,0,0,0,0,0,0,0,0,0,0,0,0,0,0,0,0,0.044,-36.937,0,"_Chun",0.066,-17.264,0,"Ѕeyeon",-20.486,-47.447,0,"Oort__Cloud",-13.149,-64.811,0,"_이누_",15.737,-45.854,0,"_송글_",4.308,-63.03,0,"AI",40.9,-90.65,0,"HANA_ARASHI",-4.041,-107.402,0,"ke ro",-40.951,-96.402,0,0,0,0,0,0,"",0,0,0,0,3769.9,,,,0,0
128,7,1,2,2,0,1,2,0,0,0,255,255,255,71,3788.112,"Chunsik03",R,10,74,105,1.001,-0.534,0.457,1.737,0.602,1.87,-36.437,27.263,0,0,-93.151,339.053,-7.249,0,0,1,6,7,R,"아침땅_",160,94.936,0.502,0,30,W,Y,0,0,0,0,0,0,0,0,0,0,0,0,0,0,0,0,0.101,-37.278,0,"_Chun",0.071,-17.277,0,"Ѕeyeon",-20.554,-47.005,0,"Oort__Cloud",-13.171,-64.809,0,"_이누_",15.273,-44.375,0,"_송글_",4.749,-65.995,0,"AI",40.9,-90.65,0,"HANA_ARASHI",-4.455,-107.244,0,"ke ro",-40.954,-96.387,0,0,0,0,0,0,"",0,0,0,0,3788.54,,,,0,0
129,7,1,2,2,0,2,2,0,0,0,255,255,255,72,3807.195,"Chunsik03",R,13,91,113,-1.389,-0.709,0.269,1.681,0.018,1.728,-36.437,15.667,0,0,-361.365,345.565,-9.84,0,0,0,6,7,R,"아침땅_",160,94.936,0.502,0,30,W,Y,0,0,0,0,0,0,0,0,0,0,0,0,0,0,0,0,0.128,-37.383,0,"_Chun",0.042,-17.366,0,"Ѕeyeon",-20.56,-46.992,0,"Oort__Cloud",-13.206,-64.787,0,"_이누_",16.57,-47.684,0,"_송글_",4.745,-65.966,0,"AI",40.9,-90.65,0,"HANA_ARASHI",-5.602,-103.988,0,"ke ro",-41.161,-96.404,0,0,0,0,0,0,"",0,0,0,0,3807.54,,,,0,0
130,7,0,2,2,0,0,0,0,0,0,255,255,255,56,3969.005,"Slaris",R,34,81,131,3.432,1.803,0.311,2.071,0.07,1.996,-36.612,67.161,2,0,62.575,-51.926,12.347,0,0,1,1,2,R,"Ѕeyeon",174.9,95,0.5,3,30,W,Y,3970.212,120,36,40,23,9,82,64,-18.36,19.226,-0.61,0,0.408,-245.424,526.091,147.637,-0.058,-35.749,0,"TaeGeuk_",0.099,-17.748,0,"encounter v",-19.28,-44.166,92,"ddil_ddil69",-16.993,-62.334,85,"눈꽃",16.277,-46.499,0,"Yaksok~",10.33,-62.946,0,"Torpher Pao",51.623,-99.357,0,"아침땅_",-11.389,-109.408,0,"si_ho",-51.796,-95.103,0,3969.3,-1.074,-23.053,3972.327,3,"ddil_ddil69",-12.944,-53.995,0,0,,,,,22,2
131,7,0,2,2,0,0,1,0,0,0,255,255,255,57,3993.553,"Slaris",R,34,86,139,-0.578,0.038,0.147,2.052,-0.343,1.543,-36.612,53.603,0,0,62.406,-52.259,12.253,0,0,0,2,8,R,"ke ro",166.6,80.225,0.396,0,30,W,Y,0,0,0,0,0,0,0,0,0,0,0,0,0,0,0,0,-0.137,-36.669,0,"TaeGeuk_",-0.271,-17.627,0,"encounter v",-19.606,-44.71,0,"ddil_ddil69",-16.329,-62.674,0,"눈꽃",15.125,-45.572,0,"Yaksok~",6.753,-62.437,0,"Torpher Pao",56.658,-96.822,0,"아침땅_",-10.303,-105.959,0,"si_ho",-48.692,-95.76,0,0,0,0,0,0,"",0,0,0,0,3993.78,,,,0,0
132,7,0,2,2,0,1,1,0,0,0,255,255,255,58,4005.244,"Slaris",R,33,76,127,-0.173,0.845,0.246,2.025,-0.248,1.974,-36.612,64.989,2,0,105.82,-62.165,15.321,0,0,1,2,8,R,"ke ro",166.6,80.225,0.396,3,30,W,Y,4006.264,255,108,52,43,20,136,78,50.961,19.58,-0.75,0,0.501,388.902,76.683,270.648,-0.246,-36.298,0,"TaeGeuk_",-0.005,-17.729,0,"encounter v",-19.496,-44.593,0,"ddil_ddil69",-16.283,-62.534,86,"눈꽃",15.014,-45.519,0,"Yaksok~",8.984,-62.079,0,"Torpher Pao",57.071,-96.351,0,"아침땅_",-10.065,-106.351,0,"si_ho",-48.711,-95.779,0,4010.42,-19.813,-66.835,4010.673,3,"ddil_ddil69",-19.155,-65.169,0,0,,,,,18,1
133,7,0,2,2,0,0,2,0,0,0,255,255,255,59,4034.3,"Slaris",R,29,82,133,-2.546,0.304,0.159,2.087,-0.455,1.929,-36.612,60.069,2,0,-250,-200,26.123,0,0,1,3,1,L,"_Chun",190,80,0.445,3,30,W,Y,4035.254,255,49,94,62,24,145,91,103.326,-30.717,-0.77,0,0.191,526.292,-174.775,-200.634,-0.367,-36.651,0,"TaeGeuk_",0.001,-17.797,0,"encounter v",-19.481,-44.091,0,"ddil_ddil69",-12.438,-64.277,0,"눈꽃",19.528,-45.389,0,"Yaksok~",14.839,-62.481,0,"Torpher Pao",57.03,-96.455,0,"아침땅_",8.854,-117.196,0,"si_ho",-47.193,-98.259,0,4040.513,-13.237,9.412,0,0,"",0,0,0,0,,,,,2,3
134,7,0,2,2,0,1,2,0,0,0,255,255,255,60,4054.945,"Slaris",R,27,82,133,-39.923,0.959,0.316,1.957,0.382,1.305,-36.612,70.601,2,0,-52.006,-120.675,13.668,0,0,1,3,1,L,"_Chun",190,80,0.445,3,86,W,Y,4055.935,227,61,68,62,39,140,111,14.849,-6.553,0.11,0,0.314,-234.051,-359.013,-206.026,-0.208,-37.286,0,"TaeGeuk_",0.155,-17.77,0,"encounter v",-19.218,-44.71,0,"ddil_ddil69",-13.245,-63.96,85,"눈꽃",18.997,-44.796,0,"Yaksok~",14.807,-62.674,0,"Torpher Pao",56.567,-94.077,0,"아침땅_",8.571,-118.682,90,"si_ho",-40.041,-99.874,0,4057.793,12.914,-91.472,4059.54,7,"아침땅_",18.362,-113.303,1,0,,,,,82,2
135,7,0,2,2,0,0,2,1,0,0,11,255,255,61,4084.943,"Slaris",R,29,87,140,-0.717,0.124,0.133,2.025,-0.055,1.526,-36.612,58.224,0,0,-196.734,-169.822,14.961,0,0,1,4,0,R,"_이누_",190,89.841,0.451,0,30,W,Y,0,0,0,0,0,0,0,0,0,0,0,0,0,0,0,0,0.036,-36.637,0,"TaeGeuk_",-0.698,-20.315,0,"encounter v",-17.571,-39.892,0,"ddil_ddil69",-15.086,-63.445,0,"눈꽃",17.384,-43.919,0,"Yaksok~",5.804,-61.274,0,"Torpher Pao",53.141,-97.671,0,"아침땅_",-10.474,-115.704,0,"si_ho",-48.689,-93.446,0,0,0,0,0,0,"",0,0,0,0,4085.26,,,,0,0
136,7,0,2,2,0,1,2,1,0,0,11,255,255,62,4104.854,"Slaris",R,30,85,138,-0.199,0.135,0.157,2.006,0.098,1.571,-36.612,61.644,2,0,-139.838,-125.015,13.867,0,0,1,4,0,R,"_이누_",190,89.841,0.451,5,30,W,Y,4105.939,134,158,155,80,9,141,110,92.537,65.261,0.07,0,0.179,399.687,207.368,-249.86,-0.358,-36.817,0,"TaeGeuk_",-0.011,-17.823,0,"encounter v",-18.221,-43.337,0,"ddil_ddil69",-14.991,-63.325,0,"눈꽃",17.82,-45.527,0,"Yaksok~",8.26,-61.067,0,"Torpher Pao",53.143,-97.657,0,"아침땅_",-11.501,-115.526,0,"si_ho",-48.736,-93.418,0,4112.486,10.574,-10.613,4112.633,1,"TaeGeuk_",10.463,-10.659,0,0,4112.633,,,,56,1
137,8,1,2,2,0,0,0,0,0,0,255,255,255,73,4168.941,"_이누_",R,0,63,116,-0.45,0.55,0.257,1.846,-0.136,1.951,-36.438,26.13,0,0,-39.389,0,1.843,0,0,1,7,4,L,"눈꽃",190,90,0.6,0,30,W,Y,0,0,0,0,0,0,0,0,0,0,0,0,0,0,0,0,-0.01,-37.145,0,"_Chun",-0.004,-17.152,0,"Ѕeyeon",-21.868,-48.446,0,"Oort__Cloud",-9.157,-65.981,0,"Chunsik03",19.332,-44.308,0,"_송글_",9.993,-63.913,0,"AI",40.9,-90.65,0,"HANA_ARASHI",8.735,-119.959,0,"ke ro",-37.018,-97.099,0,0,0,0,0,0,"",0,0,0,0,4169.26,,,,0,0
138,8,1,2,2,0,1,0,0,0,0,255,255,255,74,4180.897,"_이누_",R,27,76,127,-0.087,0.776,0.171,1.805,-0.134,1.979,-36.438,23.194,2,0,59.178,-116.84,4.309,0,0,1,7,4,L,"눈꽃",190,90,0.6,3,30,W,Y,4181.967,255,148,139,105,67,145,108,28.603,21.699,0.9,0,0.381,-23.83,-55.141,-79.973,0.381,-36.826,0,"_Chun",-0.006,-17.288,0,"Ѕeyeon",-21.885,-48.442,0,"Oort__Cloud",-9.154,-65.933,0,"Chunsik03",18.623,-43.566,0,"_송글_",10.587,-65.222,0,"AI",40.9,-90.65,0,"HANA_ARASHI",12.659,-121.472,0,"ke ro",-34.156,-94.675,87,4185.58,-32.157,-106.376,4185.727,8,"ke ro",-31.054,-103.392,0,0,,,,,52,1
139,8,1,2,2,0,0,1,0,0,0,255,255,255,75,4204.79,"_이누_",R,27,86,140,-0.414,-0.666,0.152,1.759,-0.225,1.094,-36.438,14.96,2,0,29.608,-134.305,4.702,0,0,1,8,6,R,"Torpher Pao",160,95,0.5,3,30,W,Y,4205.871,41,81,72,38,31,50,55,-16.348,13.722,0.89,0,0.108,-151.58,287.408,-76,0.442,-37.251,0,"_Chun",0.001,-17.284,0,"Ѕeyeon",-20.644,-47.02,86,"Oort__Cloud",-13.055,-64.787,95,"Chunsik03",18.535,-43.777,0,"_송글_",6.978,-64.97,0,"AI",40.9,-90.65,0,"HANA_ARASHI",-0.806,-116.009,0,"ke ro",-36.667,-91.708,0,4204.82,-0.937,-19.282,4208.566,3,"Oort__Cloud",-8.976,-52.842,0,0,,,,,50,2
140,8,1,2,2,0,0,2,0,0,0,255,255,255,76,4226.147,"_이누_",R,28,91,140,-0.417,-1.29,0.155,1.667,-0.21,0.795,-36.438,6.864,2,0,17.676,-74.074,3.098,0,0,1,0,5,R,"Yaksok~",169.9,80,0.453,3,30,W,Y,4227.575,255,135,63,0,2,104,108,-30,43.231,0.52,0,0.587,-115.229,221.652,-14.624,0.144,-37.304,0,"_Chun",0.034,-17.519,0,"Ѕeyeon",-20.351,-45.923,0,"Oort__Cloud",-13.133,-64.847,0,"Chunsik03",19.075,-44.827,0,"_송글_",8.189,-65.7,0,"AI",40.9,-90.65,0,"HANA_ARASHI",-10.177,-114.841,0,"ke ro",-36.529,-91.656,0,4226.553,-0.813,-21.08,4228.38,2,"Ѕeyeon",-21.5,-43.033,0,0,,,,,2,2
141,8,0,2,2,0,0,0,0,0,0,255,255,255,63,4269.412,"Slaris",R,26,89,140,-0.207,-0.499,0.154,1.982,0.157,1.104,-36.612,58.96,2,0,-189.529,-200,10.695,0,0,1,5,3,R,"Oort__Cloud",160,90.268,0.399,2,30,W,Y,4270.422,255,120,113,49,21,145,118,-11.367,12.724,0.73,0,0.294,-338.16,422.222,-246.217,-0.308,-36.775,0,"TaeGeuk_",-0.213,-17.417,0,"encounter v",-19.962,-44.538,70,"ddil_ddil69",-16.028,-62.479,103,"눈꽃",17.17,-45.422,0,"Yaksok~",12.456,-63.592,0,"Torpher Pao",52.865,-91.394,0,"아침땅_",-7.018,-104.124,0,"si_ho",-50.833,-94.891,0,4269.367,-0.76,-23.401,4271.42,3,"ddil_ddil69",-9.992,-64.869,0,32,,,,,22,2
142,8,0,2,2,0,0,1,0,0,0,255,255,255,64,4291.301,"Slaris",R,26,82,133,-1.075,-0.243,0.174,1.953,-0.33,1.266,-36.612,52.422,0,0,-100.776,-177.028,22.795,0,0,1,6,7,R,"HANA_ARASHI",173.3,86,0.25,0,30,W,Y,0,0,0,0,0,0,0,0,0,0,0,0,0,0,0,0,-0.024,-36.676,0,"TaeGeuk_",-0.171,-17.52,0,"encounter v",-20.3,-45.672,0,"ddil_ddil69",-16.508,-62.806,0,"눈꽃",17.425,-47.157,0,"Yaksok~",7.387,-64.038,0,"Torpher Pao",54.646,-96.168,0,"아침땅_",-8.875,-108.782,0,"si_ho",-49.843,-95.068,0,0,0,0,0,0,"",0,0,0,0,4291.58,,,,0,0
143,8,0,2,2,0,1,1,0,0,0,255,255,255,65,4305.83,"Slaris",R,26,77,128,-1.054,-1.514,0.189,1.899,-0.251,0.501,-36.612,54.129,4,0,-141.485,-200,-5.578,0,0,1,6,7,R,"HANA_ARASHI",173.3,86,0.25,0,30,W,Y,0,0,0,0,0,0,0,0,0,0,0,0,0,0,0,0,-0.318,-36.679,0,"TaeGeuk_",-0.164,-17.382,0,"encounter v",-19.901,-44.916,0,"ddil_ddil69",-16.582,-62.79,0,"눈꽃",18.512,-46.438,0,"Yaksok~",4.369,-63.459,0,"Torpher Pao",54.669,-96.241,0,"아침땅_",-9.447,-110.12,0,"si_ho",-49.861,-94.973,0,0,0,0,0,0,"",0,0,0,0,4306.086,,,,0,0
144,8,0,2,2,0,2,1,0,0,0,255,255,255,66,4320.984,"Slaris",R,26,73,124,1.344,-0.088,0.257,1.988,0.237,1.772,-36.612,72.049,2,0,-87.282,-162.45,11.085,0,0,1,6,7,R,"HANA_ARASHI",173.3,86,0.25,0,30,W,Y,4321.997,226,109,82,70,37,145,92,25.621,17.721,-0.69,0,0.473,448.622,82.702,-110.034,-0.313,-36.125,0,"TaeGeuk_",-0.057,-18.306,0,"encounter v",-19.957,-44.596,0,"ddil_ddil69",-16.515,-62.619,0,"눈꽃",18.384,-46.478,0,"Yaksok~",8.936,-62.594,85,"Torpher Pao",54.561,-96.146,0,"아침땅_",-8.975,-110.104,95,"si_ho",-49.898,-94.975,0,4325.953,-26.163,-97.432,4326.193,7,"아침땅_",-25.289,-94.972,0,0,,,,,67,1
145,8,0,2,2,0,0,2,0,0,0,255,255,255,67,4344.242,"Slaris",R,26,83,134,-1.049,-1.399,0.122,1.899,-0.405,0.529,-36.612,45.914,4,0,-40.286,-200,-9.854,0,0,1,7,4,R,"Chunsik03",190,80.31,0.311,0,30,W,Y,0,0,0,0,0,0,0,0,0,0,0,0,0,0,0,0,-0.16,-36.529,0,"TaeGeuk_",0.101,-17.899,0,"encounter v",-20.802,-45.854,0,"ddil_ddil69",-15.549,-62.719,0,"눈꽃",17.418,-46.471,0,"Yaksok~",6.788,-63.224,0,"Torpher Pao",61.189,-96.392,0,"아침땅_",-8.844,-110.675,0,"si_ho",-49.015,-95.331,0,0,0,0,0,0,"",0,0,0,0,4344.74,,,,0,0
146,8,0,2,2,0,1,2,0,0,0,255,255,255,68,4358.293,"Slaris",R,34,51,108,0.785,0.763,0.407,1.891,0.181,2.079,-36.612,95.157,2,0,80.14,-13.926,8.958,0,0,1,7,4,R,"Chunsik03",190,80.31,0.311,2,30,W,Y,4359.536,78,86,47,72,88,117,88,-30,42.349,0.05,0,0.182,211.651,-499.683,-49.134,-0.344,-35.948,0,"TaeGeuk_",-0.356,-17.996,0,"encounter v",-20.712,-45.861,98,"ddil_ddil69",-15.536,-62.668,0,"눈꽃",17.796,-46.477,0,"Yaksok~",8.796,-61.544,0,"Torpher Pao",63.653,-92.938,0,"아침땅_",-8.719,-111.65,0,"si_ho",-49.725,-95.519,0,4358.646,-1.894,-23.888,4360.407,2,"encounter v",-19.827,-43.91,0,0,,,,,52,2
147,9,1,2,2,0,0,0,0,0,0,255,255,255,77,4401.461,"_이누_",R,3,56,104,1.181,0.57,0.617,2.09,1.106,1.969,-36.438,64.509,0,0,-306.101,0,1.64,0,0,0,1,0,R,"Slaris",190,85.69,0.452,0,30,W,Y,0,0,0,0,0,0,0,0,0,0,0,0,0,0,0,0,0.321,-37.358,0,"_Chun",-0.037,-17.143,0,"Ѕeyeon",-21.392,-46.852,0,"Oort__Cloud",-12.839,-64.756,0,"Chunsik03",18.898,-44.725,0,"_송글_",11.047,-63.641,0,"AI",40.9,-90.65,0,"HANA_ARASHI",1.093,-118.052,0,"ke ro",-40.978,-91.129,0,0,0,0,0,0,"",0,0,0,0,4402.26,,,,0,0
148,9,1,2,2,0,1,0,0,0,0,255,255,255,78,4415.955,"_이누_",R,27,81,132,0.875,0.565,0.273,1.757,0.34,1.823,-36.438,24.577,2,0,21.941,-149.504,3.424,0,0,0,1,0,R,"Slaris",190,85.69,0.452,3,30,W,Y,4416.897,230,125,137,105,29,145,130,25.53,-13.765,0.34,0,0.22,170.733,-99.068,2.237,0.26,-37.234,0,"_Chun",0.033,-17.301,0,"Ѕeyeon",-21.385,-46.829,0,"Oort__Cloud",-12.756,-64.678,68,"Chunsik03",18.916,-44.71,0,"_송글_",10.99,-63.488,0,"AI",40.9,-90.65,0,"HANA_ARASHI",1.019,-118.148,111,"ke ro",-41.006,-91.17,0,4421.02,28.735,-128.546,4422.193,7,"HANA_ARASHI",25.232,-124.498,1,0,,4426.934,,,112,2
149,9,1,2,2,0,0,0,0,1,0,255,0,255,79,4445.981,"_이누_",R,26,77,128,2.531,1.846,0.409,1.997,0.972,2.6,-36.438,55.907,1,0,76.828,-167.979,-2.762,0,0,0,2,2,R,"encounter v",190,82.544,0.529,0,30,W,Y,0,0,0,0,0,0,0,0,0,0,0,0,0,0,0,0,0.182,-38.387,0,"_Chun",0.19,-17.153,0,"Ѕeyeon",-20.958,-47.08,0,"Oort__Cloud",-12.592,-64.861,0,"Chunsik03",19.668,-47.146,0,"_송글_",8.216,-66.863,0,"AI",40.9,-90.65,0,"HANA_ARASHI",0.09,-116.371,0,"ke ro",-36.955,-94.94,0,0,0,0,0,0,"",0,0,0,0,4446.407,4449.107,,,0,0
150,9,1,2,2,1,0,0,0,1,0,255,0,255,80,4463.451,"_이누_",R,26,76,127,2.173,0.029,0.454,2.062,0.81,1.421,-36.438,58.06,2,0,78.968,-191.547,-2.367,0,0,1,2,2,R,"encounter v",190,82.544,0.529,3,30,W,Y,4464.482,255,98,78,82,41,145,90,-44.705,7.296,-0.83,0,0.184,417.737,302.195,4.813,-1.843,-38.137,0,"_Chun",0.145,-17.354,0,"Ѕeyeon",-20.973,-47.066,0,"Oort__Cloud",-12.549,-64.833,64,"Chunsik03",18.756,-45.296,0,"_송글_",7.918,-66.691,0,"AI",40.9,-90.65,0,"HANA_ARASHI",-0.074,-115.785,0,"ke ro",-37.679,-94.844,0,4463.447,0.287,-20.211,4464.82,0,"_이누_",-1.743,-35.784,0,0,,4468.631,,,50,2
151,9,1,2,2,0,0,1,0,1,0,255,0,255,81,4490.254,"_이누_",R,27,86,139,0.758,0.96,0.254,1.81,0.249,2.023,-36.438,25.345,2,0,54.781,-140.322,3.261,0,0,0,3,8,R,"si_ho",175,88.027,0.418,3,30,A,Y,4491.353,255,119,0,0,0,21,45,-24.573,46.96,0.9,0,0.403,566.505,140.129,-72.748,0.349,-37.09,0,"_Chun",0.072,-17.211,0,"Ѕeyeon",-20.052,-46.838,0,"Oort__Cloud",-13.266,-64.835,0,"Chunsik03",19.899,-45.183,0,"_송글_",5.45,-65.645,0,"AI",40.9,-90.65,0,"HANA_ARASHI",-0.405,-116.256,0,"ke ro",-37.477,-88.145,0,4490.58,-2.028,-20.182,0,0,"",0,0,0,0,,4496.476,,,16,0
152,9,1,2,2,0,1,1,0,1,0,255,0,255,82,4509.175,"_이누_",R,26,92,140,1.352,0.807,0.304,1.771,0.486,1.887,-36.438,25.068,2,0,71.162,-194.18,2.69,0,0,1,3,8,R,"si_ho",175,88.027,0.418,3,17,A,Y,4510.333,255,178,82,93,85,145,84,-4.456,30.558,-0.87,0,0.741,-113.858,-519.73,-143.213,0.273,-37.316,0,"_Chun",0.082,-17.295,120,"Ѕeyeon",-19.803,-46.643,0,"Oort__Cloud",-12.994,-64.882,95,"Chunsik03",20.175,-46.134,0,"_송글_",3.845,-65.39,95,"AI",40.9,-90.65,0,"HANA_ARASHI",-8.566,-107.641,0,"ke ro",-37.696,-88.012,0,4509.78,-4.277,-25.361,4512.5,3,"Oort__Cloud",-23.51,-61.366,1,0,4519.34,4521.103,4515.212,4522.922,57,2
153,9,1,3,2,0,0,1,0,1,0,255,8,255,83,4548.34,"_이누_",R,26,93,140,1.468,1.145,0.324,1.826,0.579,2.093,-36.438,28.042,2,0,37.978,-155.675,0.71,0,0,1,4,3,R,"ddil_ddil69",170.2,80,0.353,3,30,W,Y,4549.358,255,48,63,41,24,137,79,-24.578,-1.254,-0.82,0,0.475,234.639,378.151,-151.094,-0.11,-37.078,0,"_Chun",0.108,-17.873,0,"Ѕeyeon",-19.693,-44.987,98,"Oort__Cloud",-12.994,-64.901,0,"Chunsik03",21.093,-45.071,89,"_송글_",4.794,-66.211,85,"AI",40.9,-90.65,0,"HANA_ARASHI",-6.746,-112.443,85,"ke ro",-36.615,-86.517,0,4548.433,0.344,-22.598,4549.513,0,"_이누_",0.527,-35.486,1,16,4562.18,4559.226,4554.291,4561.97,219,2
154,9,1,4,2,0,0,2,0,0,0,255,255,255,84,4598.029,"_이누_",R,27,88,140,1.143,1.17,0.291,1.844,0.423,2.143,-36.438,28.075,2,0,48.148,-144.391,3.184,0,0,0,5,1,R,"TaeGeuk_",175.8,83.656,0.644,2,30,W,Y,4598.813,90,29,82,35,11,125,77,-30,62.378,0.97,0,0.153,-282.702,527.379,2.922,0.257,-36.93,0,"_Chun",0.073,-17.559,0,"Ѕeyeon",-19.387,-45.02,0,"Oort__Cloud",-12.974,-64.829,0,"Chunsik03",17.63,-42.261,0,"_송글_",7.21,-65.875,0,"AI",40.9,-90.65,0,"HANA_ARASHI",-0.794,-110.304,0,"ke ro",-34.928,-90.523,0,4597.887,-3.392,-20.629,0,0,"",0,0,0,0,,,,,16,3
155,9,1,4,2,0,1,2,0,0,0,255,255,255,85,4608.003,"_이누_",R,27,90,140,-0.478,-0.66,0.147,1.546,-0.248,1.1,-36.438,13.324,0,0,25.23,-126.403,2.326,0,0,1,5,1,R,"TaeGeuk_",175.8,83.656,0.644,0,54,W,Y,0,0,0,0,0,0,0,0,0,0,0,0,0,0,0,0,0.007,-37.601,0,"_Chun",-0.022,-17.35,0,"Ѕeyeon",-19.335,-44.665,0,"Oort__Cloud",-13.223,-64.822,0,"Chunsik03",16.452,-40.086,0,"_송글_",6.61,-66.065,0,"AI",40.9,-90.65,0,"HANA_ARASHI",-4.056,-110.2,0,"ke ro",-36.769,-82.834,0,0,0,0,0,0,"",0,0,0,0,4608.58,,,,0,0
156,9,1,4,2,0,2,2,0,0,0,255,255,255,86,4618.382,"_이누_",R,10,79,119,-1.262,-2.188,0.229,1.928,-0.505,0.825,-36.438,39.71,4,0,-29.533,400,1.531,-0.263,-19.493,1,5,1,R,"TaeGeuk_",175.8,83.656,0.644,0,54,W,Y,0,0,0,0,0,0,0,0,0,0,0,0,0,0,0,0,-0.178,-37.599,0,"_Chun",-0.051,-17.367,0,"Ѕeyeon",-19.893,-44.601,0,"Oort__Cloud",-13.133,-64.912,0,"Chunsik03",15.852,-39.496,0,"_송글_",6.616,-66.141,0,"AI",40.9,-90.65,0,"HANA_ARASHI",-6.384,-108.104,0,"ke ro",-36.825,-82.814,0,0,0,0,0,0,"",0,0,0,0,4618.526,,,,0,0
157,9,0,4,2,0,0,0,0,0,0,255,255,255,69,4657.93,"Slaris",R,34,75,126,-0.158,0.233,0.507,1.941,-0.217,1.686,-36.592,87.128,2,0,85.083,-18.579,15.588,0,0,1,0,5,R,"_송글_",166.9,91.844,0.315,2,30,W,Y,4658.891,188,73,90,66,55,145,79,26.765,14.845,1,0,0.488,75.387,231.112,408.027,-0.048,-36.014,0,"TaeGeuk_",0.054,-17.661,0,"encounter v",-18.823,-43.981,0,"ddil_ddil69",-15.513,-63.05,0,"눈꽃",17.003,-47.3,0,"Yaksok~",11.7,-64.989,0,"Torpher Pao",59.99,-96.398,0,"아침땅_",-5.817,-104.587,0,"si_ho",-50.191,-93.779,0,4661.913,-19.644,-79.38,4663.74,7,"아침땅_",-24.424,-91.742,1,0,,,,,67,2
158,9,0,4,2,0,0,0,1,0,0,15,255,255,70,4691.383,"Slaris",R,34,73,124,0.914,0.694,0.449,1.914,0.294,1.965,-36.592,77.943,0,0,58.333,-21.197,9.243,0,0,1,1,2,R,"Ѕeyeon",174.9,95,0.5,0,30,W,Y,0,0,0,0,0,0,0,0,0,0,0,0,0,0,0,0,0.31,-36.043,0,"TaeGeuk_",-0.334,-19.173,0,"encounter v",-17.034,-40.781,0,"ddil_ddil69",-13.91,-59.891,0,"눈꽃",17.397,-46.528,0,"Yaksok~",5.134,-60.311,0,"Torpher Pao",60.704,-94.477,0,"아침땅_",-9.217,-106.682,0,"si_ho",-47.093,-92.152,0,0,0,0,0,0,"",0,0,0,0,4691.487,,,,0,0
159,9,0,4,2,0,1,0,1,0,0,15,255,255,71,4706.655,"Slaris",R,28,77,127,1.478,0.53,0.493,1.988,0.584,1.798,-36.592,80.348,2,0,29.359,-90.03,13.615,0,0,1,1,2,R,"Ѕeyeon",174.9,95,0.5,3,30,W,Y,4707.481,134,52,59,21,7,120,70,-27.926,-31.099,-0.85,0,0.423,-139.469,-174.785,6.045,-0.053,-35.693,0,"TaeGeuk_",0.108,-17.802,0,"encounter v",-17.032,-41.504,0,"ddil_ddil69",-13.552,-59.586,0,"눈꽃",17.759,-47.001,93,"Yaksok~",7.537,-59.362,101,"Torpher Pao",60.7,-94.48,0,"아침땅_",-9.848,-106.991,0,"si_ho",-46.449,-90.393,0,4706.46,1.343,-21.337,4708.393,4,"눈꽃",13.65,-42.114,0,0,,4711.463,,,135,2
160,9,0,4,2,0,0,2,0,0,0,255,255,255,72,4733.919,"Slaris",R,34,85,138,-0.038,-2.86,0.469,1.896,0.462,1.084,-36.592,64.468,2,0,90.927,-50.667,14.289,0,0,1,2,8,R,"ke ro",166.6,80.225,0.396,3,30,W,Y,4734.862,190,109,56,4,9,99,63,-4.334,-8.859,-0.74,0,0.196,334.765,126.893,-47.129,-0.221,-37.227,0,"TaeGeuk_",0.123,-17.639,0,"encounter v",-19.657,-44.272,106,"ddil_ddil69",-9.244,-49.948,0,"눈꽃",16.893,-46.665,0,"Yaksok~",7.079,-60.195,103,"Torpher Pao",60.706,-95.231,0,"아침땅_",-8.142,-105.424,0,"si_ho",-51.637,-99.53,0,4734.06,1.047,-25.316,4736.913,4,"Chunsik03",6.835,-53.106,0,0,,,,,5,2
