id,inn,half,scoreA,scoreB,ball,strk,out,b1,b2,b3,b1Idx,b2Idx,b3Idx,pCnt,pSec,pName,pHand,pType,pPow,spdK,zoneX,zoneY,startX,startY,targetX,targetY,zDist,pitchAngle,pOver,pSide,pUnder,call,balk,sH,sV,gyro,plx,plz,bSwing,bIdx,bPos,bZone,bName,bHCm,batLen,batCen,batType,bFps,bOS,bVR,hSec,rotS,rotL,shS,lgS,prepS,batSpd,ev,ldeg,sdeg,hPos,buntGrip,handDist,angVeloX,angVeloY,angVeloZ,PPosX,PPosY,PThrSpd,CName,CPosX,CPosY,CThrSpd,1BName,1BPosX,1BPosY,1BThrSpd,2BName,2BPosX,2BPosY,2BThrSpd,3BName,3BPosX,3BPosY,3BThrSpd,SSName,SSPosX,SSPosY,SSThrSpd,LFName,LFPosX,LFPosY,LFThrSpd,CFName,CFPosX,CFPosY,CFThrSpd,RFName,RFPosX,RFPosY,RFThrSpd,ltSec,lx,lz,cSec,cPos,cPlr,cx,cz,1BSafe,tag,cpSec,sb2Sec,sb3Sec,sbhSec,ass,result
1,1,1,0,0,0,0,0,0,0,0,255,255,255,0,184.151,"mungjungh",R,32,80,130,1.846,0.02,0.851,1.459,0.551,1.575,-36.51,53.814,18,82,0,1,0,178.144,-41.267,12.112,0,0,0,0,3,L,"Fresh825",173.1,80,0.2,0,78,W,Y,0,0,0,0,0,0,0,0,0,0,0,0,0,0,0,0,0.305,-37.555,0,"Kr_Luna",-0.021,-17.491,0,"ゆっち一",-19.221,-48.499,0,"_앰프_",-12.558,-62.348,0,"ddil_ddil69",19.351,-44.674,0,"CoalCat",11.6,-62.676,0,"AI",40.9,-90.65,0,"AI",0,-109.84,0,"AI",-40.8,-90.55,0,0,0,0,0,0,"",0,0,0,0,185.25,,,,0,0
2,1,1,0,0,1,0,0,0,0,0,255,255,255,1,194.657,"mungjungh",R,13,77,115,-1.569,-0.851,0.78,1.537,-0.093,1.594,-36.51,49.144,8,92,0,1,0,-353.711,353.396,6.364,0,0,0,0,3,L,"Fresh825",173.1,80,0.2,0,78,W,Y,0,0,0,0,0,0,0,0,0,0,0,0,0,0,0,0,0.275,-37.874,0,"Kr_Luna",0.009,-17.529,0,"ゆっち一",-19.226,-48.37,0,"_앰프_",-13.684,-64.107,0,"ddil_ddil69",20.496,-45.558,0,"CoalCat",11.665,-62.801,0,"AI",40.9,-90.65,0,"AI",0,-109.84,0,"AI",-40.8,-90.55,0,0,0,0,0,0,"",0,0,0,0,195.85,,,,0,0
3,1,1,0,0,2,0,0,0,0,0,255,255,255,2,206.106,"mungjungh",R,26,85,138,0.921,0.396,0.832,1.558,0.149,1.666,-36.51,48.062,13,87,0,0,0,164.679,-174.535,0.714,0,0,0,0,3,L,"Fresh825",173.1,80,0.2,0,78,W,Y,0,0,0,0,0,0,0,0,0,0,0,0,0,0,0,0,0.297,-36.986,0,"Kr_Luna",-0.006,-17.522,0,"ゆっち一",-19.268,-48.316,0,"_앰프_",-13.428,-64.467,0,"ddil_ddil69",20.318,-45.697,0,"CoalCat",11.682,-62.856,0,"AI",40.9,-90.65,0,"AI",0,-109.84,0,"AI",-40.8,-90.55,0,0,0,0,0,0,"",0,0,0,0,207.225,,,,0,0
4,1,1,0,0,2,1,0,0,0,0,255,255,255,3,217.665,"mungjungh",R,6,42,92,1.675,0.703,0.77,1.661,-0.138,2.034,-36.51,31.921,0,100,0,2,0,367.925,0,-7.391,0,0,1,0,3,L,"Fresh825",173.1,80,0.2,3,78,W,Y,218.965,255,208,106,123,62,145,108,27.202,-38.603,0.84,0,0.138,129.708,327.245,-67.19,0.396,-37.584,0,"Kr_Luna",0.021,-17.506,0,"ゆっち一",-19.237,-48.331,0,"_앰프_",-13.382,-64.31,86,"ddil_ddil69",20.336,-45.388,0,"CoalCat",11.761,-62.819,0,"AI",40.9,-90.65,0,"AI",0,-109.84,0,"AI",-40.8,-90.55,0,223.766,55.28,-99.478,228.883,3,"_앰프_",4.693,-62.519,0,0,,,,,3,1
5,1,1,0,0,0,0,1,0,0,0,255,255,255,4,244.252,"mungjungh",R,13,80,117,-0.885,-0.728,0.814,1.542,0.065,1.612,-36.51,34.946,2,98,0,0,0,-326.856,378.372,18.722,0,0,0,1,5,R,"Yaksok~",173.2,80,0.437,0,74,W,Y,0,0,0,0,0,0,0,0,0,0,0,0,0,0,0,0,0.446,-37.68,0,"Kr_Luna",0,-17.534,0,"ゆっち一",-20.886,-47.595,0,"_앰프_",-16.151,-62.254,0,"ddil_ddil69",23.279,-46.462,0,"CoalCat",11.921,-63.113,0,"AI",40.9,-90.65,0,"AI",0,-109.84,0,"AI",-40.8,-90.55,0,0,0,0,0,0,"",0,0,0,0,245.325,,,,0,0
6,1,1,0,0,0,1,1,0,0,0,255,255,255,5,261.328,"mungjungh",R,27,86,139,-2.219,-0.097,0.627,1.456,-0.804,1.305,-36.51,16.955,5,95,0,2,0,123.295,-136.957,25.626,0,0,1,1,5,R,"Yaksok~",173.2,80,0.437,3,73,W,Y,262.235,239,111,63,40,0,137,98,26.759,2.422,0.9,0,0.31,97.312,335.421,438.152,0.335,-38.019,0,"Kr_Luna",0.004,-17.514,0,"ゆっち一",-20.904,-47.543,0,"_앰프_",-16.212,-61.051,85,"ddil_ddil69",22.12,-47.199,0,"CoalCat",12.056,-63.009,0,"AI",40.9,-90.65,0,"AI",0,-109.84,0,"AI",-40.8,-90.55,0,266.9,-12.118,-101.619,271.1,3,"_앰프_",-0.456,-60.678,0,0,,,,,3,1
7,1,1,0,0,0,0,2,0,0,0,255,255,255,6,285.194,"mungjungh",R,10,67,110,0.003,-0.993,0.826,1.494,0.123,1.453,-36.51,36.538,0,100,0,2,0,-95.753,400,21.732,0,0,1,2,4,L,"Sabo_10",185.3,88,0.452,3,74,W,Y,286.088,175,143,83,99,43,145,129,25.057,-16.941,0.5,0,0.503,-264.781,-512.518,9.777,0.486,-37.701,0,"Kr_Luna",-0.005,-17.514,0,"ゆっち一",-22.156,-47.693,0,"_앰프_",-12.278,-64.657,73,"ddil_ddil69",21.071,-46.209,0,"CoalCat",13.198,-63.283,0,"AI",40.9,-90.65,0,"AI",0,-109.84,0,"AI",-40.8,-90.55,0,290.508,43.083,-119.549,292.266,6,"AI",42.059,-116.003,1,0,,296.144,,,3,2
8,1,1,0,0,0,0,2,0,1,0,255,4,255,7,320.555,"mungjungh",R,13,67,96,0.249,0.688,1.027,1.74,0.705,2.488,-36.51,54.42,60,40,0,0,0,-335.905,319.154,19.528,0,0,0,3,2,L,"Pring__",190,93.36,0.485,0,70,W,Y,0,0,0,0,0,0,0,0,0,0,0,0,0,0,0,0,0.204,-37.839,0,"Kr_Luna",-0.008,-17.509,0,"ゆっち一",-22.475,-49.198,0,"_앰프_",-7.905,-61.166,0,"ddil_ddil69",20.399,-45.489,0,"CoalCat",14.411,-63.152,0,"AI",40.9,-90.65,0,"AI",0,-109.84,0,"AI",-40.8,-90.55,0,0,0,0,0,0,"",0,0,0,0,321.733,323.973,,,0,0
9,1,1,0,0,0,1,2,0,1,0,255,4,255,8,334.751,"mungjungh",R,3,81,119,2.35,-0.445,1.042,1.261,1.793,1.343,-36.51,73.68,6,94,0,1,0,-485.277,0,8.846,0,0,0,3,2,L,"Pring__",190,93.36,0.485,0,70,W,Y,0,0,0,0,0,0,0,0,0,0,0,0,0,0,0,0,0.132,-37.939,0,"Kr_Luna",-0.091,-17.525,0,"ゆっち一",-22.538,-49.154,0,"_앰프_",-7.001,-61.466,0,"ddil_ddil69",19.884,-45.178,0,"CoalCat",14.412,-63.137,0,"AI",40.9,-90.65,0,"AI",0,-109.84,0,"AI",-40.8,-90.55,0,0,0,0,0,0,"",0,0,0,0,335.775,337.678,,,0,0
10,1,1,0,0,1,1,2,0,1,0,255,4,255,9,346.404,"mungjungh",R,32,92,140,-3.161,0.244,0.467,1.292,-1.55,1.451,-36.51,12.906,6,94,0,2,0,150.313,-138.917,20.888,0,0,0,3,2,L,"Pring__",190,93.36,0.485,3,70,W,Y,347.461,162,77,99,101,43,145,93,-51.156,3.255,-0.67,0,0.32,-284.052,-332.65,-313.379,0.627,-37.239,0,"Kr_Luna",0.008,-17.545,0,"ゆっち一",-22.067,-49.541,0,"_앰프_",-9.747,-61.514,101,"ddil_ddil69",19.525,-44.595,0,"CoalCat",14.508,-63.075,0,"AI",40.907,-90.657,0,"AI",0,-109.85,0,"AI",-40.807,-90.557,0,347.475,-0.604,-20.656,350.741,3,"_앰프_",-8.194,-49.752,0,0,423.666,,352.893,,57,2
11,1,0,0,0,0,0,0,0,0,0,255,255,255,0,483.992,"encounter v",L,33,79,129,0.492,0.976,-0.256,1.903,0.397,2.035,-36.678,47.679,91,9,0,0,0,-132.729,-105.383,7.06,0,0,0,0,3,R,"_앰프_",172.4,80,0.405,0,73,W,Y,0,0,0,0,0,0,0,0,0,0,0,0,0,0,0,0,0.117,-37.9,0,"Gonyong",-0.021,-17.197,0,"Pring__",-22.268,-47.962,0,"Fresh825",-14.608,-64.143,0,"Sabo_10",20.442,-50.2,0,"Yaksok~",14.583,-66.788,0,"AI",40.902,-90.652,0,"AI",0,-109.843,0,"AI",-40.802,-90.552,0,0,0,0,0,0,"",0,0,0,0,485.558,,,,0,0
12,1,0,0,0,0,1,0,0,0,0,255,255,255,1,499.565,"encounter v",L,10,69,112,1.016,-0.88,-0.245,1.799,0.449,1.663,-36.678,35.172,65,35,0,0,0,0,400,-17.686,0,0,0,0,3,R,"_앰프_",172.4,80,0.405,0,73,W,Y,0,0,0,0,0,0,0,0,0,0,0,0,0,0,0,0,0.192,-37.742,0,"Gonyong",-0.029,-17.191,0,"Pring__",-22.274,-48.005,0,"Fresh825",-14.624,-64.252,0,"Sabo_10",19.825,-49.718,0,"Yaksok~",14.594,-66.955,0,"AI",40.902,-90.652,0,"AI",0,-109.843,0,"AI",-40.802,-90.552,0,0,0,0,0,0,"",0,0,0,0,501.275,,,,0,0
13,1,0,0,0,0,2,0,0,0,0,255,255,255,2,515.124,"encounter v",L,26,65,118,0.802,0.687,-0.293,1.826,0.226,1.758,-36.678,39.092,100,0,0,2,0,77.836,-200,3.706,0,0,1,0,3,R,"_앰프_",172.4,80,0.405,3,73,W,Y,516.298,247,135,95,65,85,145,86,48.252,51.956,-0.73,0,0.283,471.665,-131.377,172.704,0.062,-37.669,0,"Gonyong",-0.031,-17.306,0,"Pring__",-22.291,-48.008,0,"Fresh825",-14.615,-64.259,0,"Sabo_10",20.237,-50.046,0,"Yaksok~",14.662,-66.396,0,"AI",40.904,-90.654,0,"AI",0,-109.845,0,"AI",-40.804,-90.554,0,521,-52.857,-61.937,0,0,"",0,0,0,0,,,,,32,3
14,1,0,0,0,0,2,0,0,0,0,255,255,255,3,535.664,"encounter v",L,14,60,103,-4.949,-2.77,-0.302,1.536,-1.524,-0.58,-36.678,37.726,54,46,0,1,0,-365.589,312.348,-15.081,-0.748,-23.7,0,0,3,R,"_앰프_",172.4,80,0.405,0,72,W,Y,0,0,0,0,0,0,0,0,0,0,0,0,0,0,0,0,0.13,-37.815,0,"Gonyong",-0.417,-17.131,0,"Pring__",-21.676,-47.37,0,"Fresh825",-15.708,-63.964,0,"Sabo_10",19.924,-49.856,0,"Yaksok~",13.632,-66.026,0,"AI",40.9,-90.65,0,"AI",0,-109.84,0,"AI",-40.8,-90.55,0,0,0,0,0,0,"",0,0,0,0,,,,,0,0
15,1,0,0,0,1,2,0,0,0,0,255,255,255,4,551.727,"encounter v",L,10,69,111,0.306,-2.77,-0.185,1.42,0.141,-5.807,-36.678,31.378,46,54,0,1,0,0,400,11.254,-0.106,-31.348,0,0,3,R,"_앰프_",172.4,80,0.405,0,72,W,Y,0,0,0,0,0,0,0,0,0,0,0,0,0,0,0,0,0.22,-37.681,0,"Gonyong",-0.026,-17.221,0,"Pring__",-21.689,-47.374,0,"Fresh825",-15.694,-63.956,0,"Sabo_10",19.891,-49.632,0,"Yaksok~",14.006,-66.925,0,"AI",40.901,-90.651,0,"AI",0,-109.841,0,"AI",-40.801,-90.551,0,0,0,0,0,0,"",0,0,0,0,553.458,,,,0,0
16,1,0,0,0,2,2,0,0,0,0,255,255,255,5,569.141,"encounter v",L,27,73,125,1.677,-0.615,-0.199,1.637,0.662,1.082,-36.678,26.654,63,37,0,2,0,47.669,-147.362,-5.582,0,0,1,0,3,R,"_앰프_",172.4,80,0.405,3,72,W,Y,570.27,255,145,74,89,81,145,84,14.229,-13.899,-0.8,0,0.283,-49.5,76.505,52.608,-0.009,-37.364,0,"Gonyong",-0.046,-17.23,107,"Pring__",-21.715,-47.34,0,"Fresh825",-15.623,-63.968,0,"Sabo_10",19.816,-48.928,0,"Yaksok~",13.907,-67.287,88,"AI",40.904,-90.654,0,"AI",0,-109.845,0,"AI",-40.804,-90.554,0,572.716,11.554,-68.61,573.091,5,"Yaksok~",10.885,-65.623,0,0,576.45,,,,50,1
17,1,0,0,0,0,0,1,0,0,0,255,255,255,6,591.139,"encounter v",L,0,71,123,0.316,0.42,-0.31,1.852,0.147,1.843,-36.678,35.358,100,0,0,0,0,0,0,-1.166,0,0,0,1,2,L,"ゆっち一",180.9,83.623,0.399,0,72,W,Y,0,0,0,0,0,0,0,0,0,0,0,0,0,0,0,0,0.11,-37.638,0,"Gonyong",-0.068,-17.348,0,"Pring__",-21.141,-46.94,0,"Fresh825",-13.034,-65.452,0,"Sabo_10",24.249,-53.573,0,"Yaksok~",15.499,-66.28,0,"AI",40.902,-90.652,0,"AI",0,-109.843,0,"AI",-40.802,-90.552,0,0,0,0,0,0,"",0,0,0,0,592.5,,,,0,0
18,1,0,0,0,0,1,1,0,0,0,255,255,255,7,605.359,"encounter v",L,0,72,123,1.244,0.868,-0.223,1.939,0.549,2.139,-36.678,47.784,100,0,0,0,0,0,24.345,4.804,0,0,1,1,2,L,"ゆっち一",180.9,83.623,0.399,0,72,W,Y,0,0,0,0,0,0,0,0,0,0,0,0,0,0,0,0,0.216,-37.595,0,"Gonyong",-0.084,-17.369,0,"Pring__",-21.124,-46.943,0,"Fresh825",-12.96,-65.532,0,"Sabo_10",24.257,-53.614,0,"Yaksok~",13.922,-64.779,0,"AI",40.9,-90.65,0,"AI",0,-109.84,0,"AI",-40.8,-90.55,0,0,0,0,0,0,"",0,0,0,0,606.733,,,,0,0
19,1,0,0,0,1,2,1,0,0,0,255,255,255,8,635.825,"encounter v",L,26,87,140,2.375,-0.992,-0.097,1.553,1.138,0.826,-36.678,21.928,56,44,0,4,0,-72.793,-198.115,3.978,0,0,1,1,2,L,"ゆっち一",180.9,83.623,0.399,0,72,W,Y,0,0,0,0,0,0,0,0,0,0,0,0,0,0,0,0,0.137,-37.5,0,"Gonyong",-0.017,-17.368,0,"Pring__",-20.323,-44.815,0,"Fresh825",-12.517,-65.66,0,"Sabo_10",23.108,-51.855,0,"Yaksok~",14.516,-65.918,0,"AI",40.9,-90.65,0,"AI",0,-109.84,0,"AI",-40.8,-90.55,0,0,0,0,0,0,"",0,0,0,0,637.158,,,,0,0
20,1,0,0,0,0,0,2,0,0,0,255,255,255,9,653.796,"encounter v",L,27,81,131,-2.129,-0.595,-0.19,1.807,0.705,1.69,-36.678,31.109,92,8,0,2,0,-128.351,-137.579,9.218,0,0,1,2,5,R,"CoalCat",168.6,80,0.403,3,72,W,Y,654.804,252,56,65,55,27,138,79,-5.878,19.034,-0.82,0,0.413,441.124,256.389,-315.712,0.066,-37.378,0,"Gonyong",-0.032,-17.49,0,"Pring__",-22.092,-48.367,85,"Fresh825",-16.232,-63.649,97,"Sabo_10",19.54,-50.57,0,"Yaksok~",12.376,-65.371,0,"AI",40.9,-90.65,0,"AI",0,-109.84,0,"AI",-40.8,-90.55,0,655,-2.34,-26.967,657.191,3,"Fresh825",-11.164,-56.6,0,0,,,,,41,2
21,2,1,0,0,0,0,0,0,0,0,255,255,255,10,700.148,"mungjungh",R,11,75,120,-0.39,-0.399,0.801,1.535,0.005,1.587,-36.51,32.367,0,100,0,0,0,-142.204,201.97,9.276,0,0,0,4,1,R,"Gonyong",174.9,80,0.2,0,73,W,Y,0,0,0,0,0,0,0,0,0,0,0,0,0,0,0,0,0.143,-38.226,0,"Kr_Luna",0.027,-17.416,0,"ゆっち一",-22.915,-51.255,0,"_앰프_",-16.243,-61.188,0,"ddil_ddil69",21.334,-46.535,0,"CoalCat",12.638,-63.851,0,"AI",40.9,-90.65,0,"AI",0,-109.84,0,"AI",-40.8,-90.55,0,0,0,0,0,0,"",0,0,0,0,701.383,,,,0,0
22,2,1,0,0,0,1,0,0,0,0,255,255,255,11,730.307,"mungjungh",R,26,87,140,0.175,-0.278,0.767,1.452,-0.153,1.295,-36.51,31.267,10,90,0,2,0,152.13,-162.86,14.845,0,0,0,4,1,R,"Gonyong",174.9,80,0.2,3,73,W,Y,731.727,175,110,82,51,20,142,124,-5.428,35.035,0.26,0.095,0.321,-236.334,388.576,-89.241,0.33,-38.022,0,"Kr_Luna",0.043,-17.43,0,"ゆっち一",-23.03,-51.185,73,"_앰프_",-16.641,-62.324,0,"ddil_ddil69",21.034,-46.145,0,"CoalCat",12.729,-63.767,0,"AI",40.9,-90.65,0,"AI",0,-109.84,0,"AI",-40.8,-90.55,0,731.85,-4.047,-24.2,733.183,2,"ゆっち一",-20.169,-48.355,0,0,,,,,34,2
23,2,1,0,0,0,0,1,0,0,0,255,255,255,12,750.696,"mungjungh",R,32,81,132,0.622,-0.028,0.799,1.499,-0.006,1.476,-36.51,33.844,7,93,0,0,0,174.954,-131.11,16.5,0,0,1,5,0,L,"encounter v",190,83.307,0.497,0,43,W,Y,0,0,0,0,0,0,0,0,0,0,0,0,0,0,0,0,0.337,-38.233,0,"Kr_Luna",0.023,-17.411,0,"ゆっち一",-21.326,-50.63,0,"_앰프_",-10.745,-64.657,0,"ddil_ddil69",20.358,-45.476,0,"CoalCat",13.145,-63.209,0,"AI",40.9,-90.65,0,"AI",0,-109.84,0,"AI",-40.8,-90.55,0,0,0,0,0,0,"",0,0,0,0,751.716,,,,0,0
24,2,1,0,0,0,1,1,0,0,0,255,255,255,13,761.292,"mungjungh",R,26,80,130,-0.096,0.843,0.76,1.648,-0.188,1.959,-36.51,40.651,6,94,0,0,0,82.38,-196.665,18.361,0,0,1,5,0,L,"encounter v",190,83.307,0.497,0,43,W,Y,0,0,0,0,0,0,0,0,0,0,0,0,0,0,0,0,0.139,-38.268,0,"Kr_Luna",0.03,-17.406,0,"ゆっち一",-21.325,-50.627,0,"_앰프_",-10.758,-64.651,0,"ddil_ddil69",20.338,-45.491,0,"CoalCat",13.155,-63.233,0,"AI",40.9,-90.65,0,"AI",0,-109.84,0,"AI",-40.8,-90.55,0,0,0,0,0,0,"",0,0,0,0,762.366,,,,0,0
25,2,1,0,0,0,2,1,0,0,0,255,255,255,14,772.104,"mungjungh",R,3,78,117,0.983,0.629,0.859,1.464,0.273,1.361,-36.51,46.321,6,94,0,2,0,-445.548,0,21.69,0,0,1,5,0,L,"encounter v",190,83.307,0.497,3,43,W,Y,773.165,255,134,72,96,61,145,89,-17.343,14.121,-0.89,0,0.415,-267.766,308.199,285.679,0.309,-37.438,0,"Kr_Luna",0.037,-17.409,0,"ゆっち一",-21.184,-50.55,82,"_앰프_",-11.282,-64.271,100,"ddil_ddil69",20.249,-45.369,0,"CoalCat",13.224,-63.196,0,"AI",40.9,-90.65,0,"AI",0,-109.84,0,"AI",-40.8,-90.55,0,773.116,-0.853,-22.283,775.408,3,"_앰프_",-10.699,-58.479,0,0,,,,,35,2
26,2,1,0,0,0,0,2,0,0,0,255,255,255,15,796.974,"mungjungh",R,32,85,138,1.313,0.334,0.865,1.557,0.301,1.664,-36.51,51.443,6,94,0,0,0,178.302,-138.974,13.432,0,0,0,0,3,L,"Fresh825",173.1,80,0.2,0,73,W,Y,0,0,0,0,0,0,0,0,0,0,0,0,0,0,0,0,0.176,-38.382,0,"Kr_Luna",-0.022,-17.398,0,"ゆっち一",-21.975,-49.108,0,"_앰프_",-11.75,-64.608,0,"ddil_ddil69",19.52,-44.743,0,"CoalCat",12.589,-61.328,0,"AI",40.9,-90.65,0,"AI",0,-109.84,0,"AI",-40.8,-90.55,0,0,0,0,0,0,"",0,0,0,0,798.041,,,,0,0
27,2,1,0,0,0,1,2,0,0,0,255,255,255,16,810.023,"mungjungh",R,3,67,109,4.061,0.102,1.119,1.456,2.59,1.681,-36.51,84.675,10,90,0,2,0,-462.352,0,19.098,0,0,1,0,3,L,"Fresh825",173.1,80,0.2,3,73,W,Y,811.175,197,132,106,115,118,145,106,-6.144,-44.87,0.92,0,0.162,-101.118,-49.1,71.114,0.529,-37.748,0,"Kr_Luna",0.252,-17.455,0,"ゆっち一",-21.911,-49.105,0,"_앰프_",-11.748,-64.549,0,"ddil_ddil69",19.4,-44.554,0,"CoalCat",12.752,-61.226,0,"AI",40.9,-90.65,0,"AI",0,-109.84,0,"AI",-40.8,-90.55,0,811.358,6.848,-26.216,816.658,0,"mungjungh",6.033,-31.775,1,0,,,,,32,2
28,2,1,0,0,0,0,2,1,0,0,3,255,255,17,835.772,"mungjungh",R,32,80,130,0.887,0.367,0.829,1.359,0.135,1.671,-36.51,39.673,11,89,0,0,0,152.609,-149.84,18.149,0,0,1,1,5,R,"Yaksok~",173.2,80,0.437,0,74,W,Y,0,0,0,0,0,0,0,0,0,0,0,0,0,0,0,0,0.262,-38.32,0,"Kr_Luna",-0.077,-17.413,0,"ゆっち一",-19.206,-40.139,0,"_앰프_",-16.423,-62.688,0,"ddil_ddil69",19.77,-44.521,0,"CoalCat",9.778,-62.11,0,"AI",40.9,-90.65,0,"AI",0,-109.84,0,"AI",-40.8,-90.55,0,0,0,0,0,0,"",0,0,0,0,836.8,,,,0,0
29,2,1,0,0,0,1,2,1,0,0,3,255,255,18,855.516,"mungjungh",R,3,81,120,0.93,0.32,1.036,1.394,1.097,1.796,-36.51,59.585,0,100,0,2,0,-441.795,0,19.316,0,0,1,1,5,R,"Yaksok~",173.2,80,0.437,3,67,W,Y,856.471,14,12,0,3,7,2,38,-87.311,35.525,0.63,1,0.584,-117.65,-387.332,-200.815,0.686,-37.264,0,"Kr_Luna",0.144,-18.372,102,"ゆっち一",-15.245,-37.323,0,"_앰프_",-17.392,-62.672,0,"ddil_ddil69",19.174,-44.239,0,"CoalCat",11.195,-62.812,0,"AI",40.9,-90.65,0,"AI",0,-109.84,0,"AI",-40.8,-90.55,0,856.508,0.114,-20.195,859.116,1,"Kr_Luna",5.046,-23.907,0,0,859.116,860.202,,,40,2
30,2,1,0,0,0,2,2,1,0,0,3,255,255,19,900.427,"mungjungh",R,3,78,107,-1.128,-0.407,0.86,1.444,0.187,1.392,-36.51,29.39,0,100,0,2,0,-361.939,0,28.565,0,0,1,1,5,R,"Yaksok~",173.2,80,0.437,3,67,W,Y,901.422,255,159,126,142,79,145,126,-30,-41.961,0.56,0,0.502,219.57,-521.113,200.575,0.799,-37.55,0,"Kr_Luna",0.026,-17.489,0,"ゆっち一",-18.54,-41.848,0,"_앰프_",-17.308,-62.291,0,"ddil_ddil69",18.274,-43.709,120,"CoalCat",11.152,-64.657,0,"AI",40.9,-90.65,0,"AI",0,-109.84,0,"AI",-40.8,-90.55,0,901.433,1.294,-22.609,903.008,4,"ddil_ddil69",17.55,-40.491,0,0,,904.958,,,50,2
31,2,0,0,0,0,0,0,0,0,0,255,255,255,10,952.641,"encounter v",L,10,67,110,1.545,-0.222,-0.223,1.976,0.55,1.898,-36.678,41.105,100,0,0,1,0,80.079,380.252,-2.053,0,0,0,3,1,L,"Kr_Luna",190,95.256,0.499,0,75,W,Y,0,0,0,0,0,0,0,0,0,0,0,0,0,0,0,0,0.058,-37.782,0,"Gonyong",-0.042,-16.863,0,"Pring__",-21.561,-47.624,0,"Fresh825",-14.02,-64.515,0,"Sabo_10",24.401,-53.604,0,"Yaksok~",16.139,-65.884,0,"AI",40.9,-90.65,0,"AI",0,-109.84,0,"AI",-40.8,-90.55,0,0,0,0,0,0,"",0,0,0,0,953.966,,,,0,0
32,2,0,0,0,0,1,0,0,0,0,255,255,255,11,972.328,"encounter v",L,10,71,113,0.807,0.282,-0.264,1.898,0.359,2.294,-36.678,41.536,100,0,0,2,0,0,400,5.395,0,0,0,3,1,L,"Kr_Luna",190,95.256,0.499,3,75,W,Y,973.185,148,111,114,84,43,145,125,-30,18.002,0.23,0,0.153,-356.683,-411.905,-218.199,0.232,-37.405,0,"Gonyong",-0.048,-17.011,0,"Pring__",-21.745,-47.485,0,"Fresh825",-13.739,-64.446,91,"Sabo_10",24.476,-53.6,0,"Yaksok~",15.854,-63.574,0,"AI",40.9,-90.65,0,"AI",0,-109.84,0,"AI",-40.8,-90.55,0,973.05,-0.445,-22.274,974.883,3,"Fresh825",-12.294,-59.006,0,0,,,,,41,2
33,2,0,0,0,0,0,1,0,0,0,255,255,255,12,1005.31,"encounter v",L,28,77,128,2.438,-0.053,-0.098,1.848,1.132,1.486,-36.678,27.584,95,5,0,1,0,-49.996,-79.158,1.042,0,0,0,4,4,R,"ddil_ddil69",190,90.2,0.397,0,76,W,Y,0,0,0,0,0,0,0,0,0,0,0,0,0,0,0,0,0.106,-37.595,0,"인생최패망자",-0.043,-18.125,0,"Pring__",-21.218,-46.554,0,"Fresh825",-15.121,-63.816,0,"Sabo_10",19.609,-48.672,0,"Yaksok~",12.744,-64.776,0,"AI",40.9,-90.65,0,"Gonyong",-0.926,-112.166,0,"AI",-40.8,-90.55,0,0,0,0,0,0,"",0,0,0,0,1006.75,,,,0,0
34,2,0,0,0,1,0,1,0,0,0,255,255,255,13,1020.771,"encounter v",L,28,73,125,-0.4,1.048,-0.361,2.06,-0.092,2.171,-36.678,54.515,92,8,0,2,0,-45.134,-80.574,3.956,0,0,1,4,4,R,"ddil_ddil69",190,90.2,0.397,3,76,W,Y,1021.946,255,143,112,113,79,145,101,-22.801,42.248,-0.29,0,0.549,220.358,-533.726,-54.426,0.015,-37.521,0,"인생최패망자",0.004,-17.99,0,"Pring__",-21.211,-46.586,105,"Fresh825",-15.342,-64.194,0,"Sabo_10",19.388,-48.641,0,"Yaksok~",13.885,-67.273,0,"AI",40.9,-90.65,0,"Gonyong",-0.586,-112.753,0,"AI",-40.8,-90.55,0,1022.066,-2.787,-23.005,1023.8,2,"Pring__",-20.455,-40.718,0,0,,,,,40,2
35,2,0,0,0,0,0,2,0,0,0,255,255,255,14,1044.51,"encounter v",L,28,76,126,1.144,0.422,-0.21,1.937,0.612,1.774,-36.678,42.011,92,8,0,2,0,-78.858,-87.826,2.411,0,0,1,5,0,R,"mungjungh",190,90.345,0.401,3,78,W,Y,1045.538,73,203,191,98,48,120,116,30.957,14.086,0.38,0,0.345,-453.266,-70.997,-167.984,0.059,-37.303,0,"인생최패망자",0.053,-17.967,0,"Pring__",-22.749,-48.909,0,"Fresh825",-15.799,-63.422,0,"Sabo_10",20.681,-51.182,0,"Yaksok~",14.074,-67.733,95,"AI",40.9,-90.65,0,"Gonyong",-2.452,-109.61,92,"AI",-40.8,-90.55,0,1049.9,-19.829,-111.63,1054.816,8,"AI",-19.363,-130.997,1,0,,1056.496,,,50,2
36,2,0,0,0,0,0,2,0,1,0,255,10,255,15,1081.957,"encounter v",L,28,68,120,-0.531,1.074,-0.368,2.036,-0.124,2.138,-36.678,68.178,88,12,0,0,0,-57.879,-65.184,2.602,0,0,0,0,3,R,"_앰프_",172.4,80,0.405,0,78,W,Y,0,0,0,0,0,0,0,0,0,0,0,0,0,0,0,0,0.016,-37.809,0,"인생최패망자",-0.128,-17.819,0,"Pring__",-21.736,-47.421,0,"Fresh825",-15.114,-63.54,0,"Sabo_10",18.697,-46.879,0,"Yaksok~",12.443,-68.237,0,"AI",40.9,-90.65,0,"Gonyong",-8.066,-101.484,0,"AI",-40.8,-90.55,0,0,0,0,0,0,"",0,0,0,0,1083.308,,,,0,0
37,2,0,0,0,0,1,2,0,1,0,255,10,255,16,1100.829,"encounter v",L,10,76,117,1.773,-1.402,-0.274,1.809,0.779,1.328,-36.678,44.778,96,4,0,2,0,0,400,9.191,0,0,1,0,3,R,"_앰프_",172.4,80,0.405,3,78,W,Y,1101.953,255,102,84,102,41,145,126,2.213,-26.331,0.37,0,0.226,-155.657,378.347,-351.882,0.079,-37.193,0,"인생최패망자",0.028,-17.887,0,"Pring__",-21.724,-47.418,0,"Fresh825",-14.935,-63.35,75,"Sabo_10",18.522,-46.88,0,"Yaksok~",11.764,-69.363,0,"AI",40.9,-90.65,0,"Gonyong",-8.035,-101.375,0,"AI",-40.8,-90.55,0,1102.516,10.546,-42.082,1104.866,6,"AI",32.268,-86.435,1,0,,,1108.202,,33,2
38,2,0,0,0,0,0,2,1,0,1,13,255,10,17,1127.851,"encounter v",L,13,82,121,3.508,-2.371,-0.19,1.61,1.167,0.666,-36.678,22.267,52,48,0,1,0,220.419,400,-4.543,0,0,0,1,2,L,"ゆっち一",180.9,83.623,0.399,0,78,W,Y,0,0,0,0,0,0,0,0,0,0,0,0,0,0,0,0,0.044,-37.766,0,"인생최패망자",0.044,-18.568,0,"Pring__",-19.38,-42.482,0,"Fresh825",-9.337,-66.143,0,"Sabo_10",21.119,-48.493,0,"Yaksok~",14.258,-64.208,0,"AI",40.903,-90.652,0,"Gonyong",8.065,-119.049,0,"AI",-40.803,-90.552,0,0,0,0,0,0,"",0,0,0,0,1129.166,,,,0,0
39,2,0,0,0,1,0,2,1,0,1,13,255,10,18,1142.584,"encounter v",L,27,78,128,1.271,-0.941,-0.295,1.673,0.682,0.881,-36.678,32.636,51,49,0,2,0,-77.488,-148.677,6.102,0,0,1,1,2,L,"ゆっち一",180.9,83.623,0.399,3,78,W,Y,1143.642,255,143,67,86,85,141,93,-5.269,47.445,0.95,0,0.512,-85.823,-104.034,189.103,0.03,-37.268,0,"인생최패망자",-0.1,-17.986,0,"Pring__",-19.432,-45.085,0,"Fresh825",-9.243,-65.84,0,"Sabo_10",21.089,-47.349,0,"Yaksok~",15.82,-66.422,0,"AI",40.904,-90.654,0,"Gonyong",14.441,-123.192,0,"AI",-40.804,-90.554,0,1143.6,-1.452,-23.179,0,0,"",0,0,0,0,,,1147.467,,32,0
40,2,0,0,0,1,1,2,1,0,1,13,255,10,19,1160.533,"encounter v",L,26,80,131,3.257,0.119,-0.363,1.785,0.362,1.26,-36.678,47.805,92,8,0,2,0,-78.843,-170.473,17.622,0,0,1,1,2,L,"ゆっち一",180.9,83.623,0.399,3,73,W,Y,1161.628,188,100,70,91,38,144,91,9.904,-17.2,-0.59,0,0.539,296.514,-515.873,14.855,0.111,-37.251,0,"인생최패망자",0.093,-18.017,0,"Pring__",-19.576,-45.039,0,"Fresh825",-9.719,-66.454,0,"Sabo_10",19.596,-44.584,0,"Yaksok~",14.413,-66.034,0,"AI",40.904,-90.654,0,"Gonyong",9.473,-117.231,0,"AI",-40.804,-90.554,0,0,0,0,1164.058,5,"Yaksok~",15.3,-60.587,0,0,,,,,34,1
41,3,1,0,0,0,0,0,0,0,0,255,255,255,20,1195.106,"mungjungh",R,32,70,109,0.223,-0.237,0.674,1.209,-0.391,1.331,-36.51,33.145,2,67,31,2,0,247.727,-142.896,40.092,0,0,1,2,4,L,"Sabo_10",185.3,88,0.452,3,78,W,Y,1196.147,128,165,106,118,64,139,129,25.1,7.441,0.51,0,0.594,425.44,-259.809,-231.509,0.464,-37.549,0,"Kr_Luna",0.04,-17.604,0,"ゆっち一",-20.789,-46.629,0,"_앰프_",-13.408,-63.258,0,"ddil_ddil69",20.323,-45.578,0,"CoalCat",13.784,-62.009,0,"AI",40.9,-90.65,0,"AI",0,-109.84,0,"AI",-40.8,-90.55,0,1201.508,-7.674,-140.596,1204.225,7,"AI",-7.509,-136.592,0,0,,1206.125,1211.257,,32,4
42,3,1,1,0,0,0,0,0,0,0,255,255,255,21,1230.974,"mungjungh",R,13,75,113,-1.327,-0.042,0.811,1.467,0.053,2.019,-36.51,35.029,39,61,0,2,0,-369.127,337.262,19.416,0,0,1,3,2,L,"Pring__",190,93.36,0.485,3,78,W,Y,1232.116,185,90,107,92,66,145,103,-7.167,-5.381,-0.21,0,0.282,-77.682,-362.7,148.06,0.513,-37.442,0,"Kr_Luna",0.028,-17.625,0,"ゆっち一",-21.177,-44.086,0,"_앰프_",-11.023,-64.9,61,"ddil_ddil69",20.356,-45.737,0,"CoalCat",12.66,-62.339,0,"AI",40.9,-90.65,0,"AI",0,-109.84,0,"AI",-40.8,-90.55,0,1232.308,0.525,-26.992,1236.241,7,"AI",3.694,-92.469,1,0,,,,,33,2
43,3,1,1,0,0,0,0,1,0,0,2,255,255,22,1256.485,"mungjungh",R,32,87,140,0.764,0.802,0.808,1.619,0.039,1.883,-36.51,40.707,8,92,0,2,0,201.019,-200,20.934,0,0,0,4,7,R,"Gonyong",174.9,80,0.2,3,78,W,Y,1257.572,255,81,147,63,26,145,96,111.251,-12.323,-0.26,0.095,0.427,199.609,359.214,67.949,0.329,-37.978,0,"Kr_Luna",0.028,-17.605,0,"ゆっち一",-18.704,-41.496,0,"_앰프_",-16.117,-61.155,0,"ddil_ddil69",18.818,-43.912,0,"CoalCat",10.652,-61.191,0,"AI",40.9,-90.65,0,"AI",0,-109.84,0,"AI",-40.8,-90.55,0,0,0,0,0,0,"",0,0,0,0,,,,,32,3
44,3,1,1,0,0,1,0,1,0,0,2,255,255,23,1273.974,"mungjungh",R,13,81,121,-0.178,-0.83,0.793,1.519,-0.034,1.531,-36.51,39.238,3,97,0,2,0,-160.387,400,28.704,0,0,0,4,7,R,"Gonyong",174.9,80,0.2,3,78,W,Y,1275.096,255,133,82,131,28,145,93,-15.011,40.657,0.95,0.095,0.306,-271.026,449.24,200.794,0.627,-37.841,0,"Kr_Luna",0.029,-17.54,0,"ゆっち一",-17.486,-40.614,112,"_앰프_",-16.755,-61.459,0,"ddil_ddil69",18.844,-43.861,0,"CoalCat",9.044,-60.96,102,"AI",40.9,-90.65,0,"AI",0,-109.84,0,"AI",-40.8,-90.55,0,1275.116,-1.633,-21.722,1276.308,2,"ゆっち一",-14.959,-37.105,1,0,,1280.179,,,38,2
45,3,1,1,0,0,0,1,1,0,0,7,255,255,24,1304.554,"mungjungh",R,3,75,114,-0.366,-0.109,0.945,1.523,0.674,1.553,-36.51,56.674,11,89,0,2,0,-492.017,0,11.389,0,0,1,5,0,L,"encounter v",190,83.307,0.497,3,78,W,Y,1305.604,255,113,88,118,55,145,108,15.821,-5.587,0.02,0,0.337,-76.381,118.088,451.697,0.457,-37.883,0,"Kr_Luna",0.043,-17.578,0,"ゆっち一",-17.774,-42.156,0,"_앰프_",-4.89,-59.751,73,"ddil_ddil69",19.278,-44.311,0,"CoalCat",10.51,-62.337,0,"AI",40.9,-90.65,0,"AI",0,-109.84,0,"AI",-40.8,-90.55,0,1308.966,5.11,-99.278,1309.416,7,"AI",5.153,-100.091,1,0,,1308.647,,,33,2
46,3,1,1,0,0,0,1,1,1,0,0,7,255,25,1331.443,"mungjungh",R,26,77,128,-2.964,-0.785,0.555,1.332,-1.14,0.934,-36.51,14.607,3,97,0,4,0,-183.422,-200,42.165,0,0,1,6,1,R,"인생최패망자",190,80,0.346,0,78,W,Y,0,0,0,0,0,0,0,0,0,0,0,0,0,0,0,0,0.366,-37.623,0,"Kr_Luna",0.026,-17.624,0,"ゆっち一",-19.428,-39.984,0,"_앰프_",-14.066,-61.958,0,"ddil_ddil69",19.62,-42.353,0,"CoalCat",10.263,-61.036,0,"AI",40.9,-90.65,0,"AI",0,-109.84,0,"AI",-40.8,-90.55,0,0,0,0,0,0,"",0,0,0,0,1332.525,1334.848,,,0,0
47,3,1,1,0,0,1,1,1,1,0,0,7,255,26,1345.619,"mungjungh",R,5,71,121,4.957,1.125,1.019,1.573,2.152,2.312,-36.51,76.366,0,100,0,3,0,-70.375,0,6.297,-0.09,-21.117,0,6,1,R,"인생최패망자",190,80,0.346,0,78,W,Y,0,0,0,0,0,0,0,0,0,0,0,0,0,0,0,0,0.532,-37.729,0,"Kr_Luna",-0.572,-20.004,0,"ゆっち一",-19.205,-39.496,0,"_앰프_",-15.509,-62.64,0,"ddil_ddil69",19.16,-42.632,0,"CoalCat",9.575,-60.981,0,"AI",40.9,-90.65,0,"AI",0,-109.84,0,"AI",-40.8,-90.55,0,0,0,0,0,0,"",0,0,0,0,1348.4,1357.681,,,0,6
48,3,1,1,0,0,0,1,1,1,1,1,0,7,27,1371.224,"mungjungh",R,32,84,136,0.235,0.425,0.751,1.555,-0.226,1.655,-36.51,32.218,4,96,0,0,0,250,-200,53.278,0,0,0,0,3,L,"Fresh825",173.1,80,0.2,0,78,W,Y,0,0,0,0,0,0,0,0,0,0,0,0,0,0,0,0,0.271,-38.039,0,"Kr_Luna",0.026,-17.699,0,"ゆっち一",-19.503,-40.203,0,"_앰프_",-10.46,-60.11,0,"ddil_ddil69",19.136,-44.494,0,"CoalCat",10.618,-60.241,0,"AI",40.9,-90.65,0,"AI",0,-109.84,0,"AI",-40.8,-90.55,0,0,0,0,0,0,"",0,0,0,0,1372.241,1374.313,1374.522,,0,0
49,3,1,1,0,0,1,1,1,1,1,1,0,7,28,1384.188,"mungjungh",R,13,84,122,-3.995,-1.648,0.574,1.398,-1.052,1.098,-36.51,15.554,1,99,0,4,0,-390.434,312.348,45.089,-0.615,-20.964,1,0,3,L,"Fresh825",173.1,80,0.2,0,78,W,Y,0,0,0,0,0,0,0,0,0,0,0,0,0,0,0,0,0.477,-38.105,0,"Kr_Luna",-0.144,-18.849,0,"ゆっち一",-19.752,-40.275,0,"_앰프_",-10.489,-58.717,0,"ddil_ddil69",19.874,-43.213,0,"CoalCat",10.459,-60.225,0,"AI",40.9,-90.65,0,"AI",0,-109.84,0,"AI",-40.8,-90.55,0,0,0,0,0,0,"",0,0,0,0,1387.808,1387.586,,,0,0
50,3,1,1,0,0,2,1,1,1,1,1,0,7,29,1400.89,"mungjungh",R,5,87,136,-0.538,-0.278,0.782,1.497,-0.084,1.451,-36.51,27.499,5,95,0,2,0,-125.13,5.396,18.737,0,0,1,0,3,L,"Fresh825",173.1,80,0.2,3,78,W,Y,1401.898,91,81,97,87,25,133,80,-15.902,-22.241,-0.7,0,0.137,22.245,406.123,-93.8,0.472,-38.052,0,"Kr_Luna",0.022,-17.683,108,"ゆっち一",-17.304,-41.442,0,"_앰프_",-10.832,-57.589,0,"ddil_ddil69",19.429,-44.354,0,"CoalCat",11.259,-60.054,0,"AI",40.9,-90.65,0,"AI",0,-109.84,0,"AI",-40.8,-90.55,0,1401.808,0.823,-21.988,1404.091,4,"ddil_ddil69",12.545,-46.176,1,0,1405.608,1405.597,1407.144,1406.132,56,2
51,3,1,1,0,0,0,2,1,1,1,3,1,0,30,1443.848,"mungjungh",R,13,69,110,-1.099,-0.765,0.835,1.558,0.164,1.669,-36.51,43.827,0,100,0,0,0,-361.594,345.325,23.17,0,0,1,1,5,R,"Yaksok~",173.2,80,0.437,0,65,W,Y,0,0,0,0,0,0,0,0,0,0,0,0,0,0,0,0,0.175,-37.82,0,"Kr_Luna",-0.005,-17.509,0,"ゆっち一",-15.867,-38.014,0,"_앰프_",-14.651,-62.197,0,"ddil_ddil69",19.564,-42.168,0,"CoalCat",8.637,-60.464,0,"AI",40.9,-90.65,0,"AI",0,-109.84,0,"AI",-40.8,-90.55,0,0,0,0,0,0,"",0,0,0,0,1444.808,1447.522,1446.449,,0,0
52,3,1,1,0,0,1,2,1,1,1,3,1,0,31,1463.381,"mungjungh",R,26,88,140,2.686,0.973,0.928,1.573,0.889,1.979,-36.51,63.432,15,85,0,4,0,188.049,-200,3.361,0,0,1,1,5,R,"Yaksok~",173.2,80,0.437,0,65,W,Y,0,0,0,0,0,0,0,0,0,0,0,0,0,0,0,0,0.197,-37.794,0,"Kr_Luna",0.02,-17.521,0,"ゆっち一",-15.939,-37.947,0,"_앰프_",-16.691,-60.926,0,"ddil_ddil69",18.95,-43.072,0,"CoalCat",7.573,-60.577,0,"AI",40.9,-90.65,0,"AI",0,-109.84,0,"AI",-40.8,-90.55,0,0,0,0,0,0,"",0,0,0,0,1464.233,1466.724,1466.382,,0,0
53,3,1,1,0,0,2,2,1,1,1,3,1,0,32,1481.971,"mungjungh",R,32,76,127,-0.381,1.459,0.682,1.519,-0.549,2.239,-36.51,29.845,3,97,0,2,0,250,-200,43.663,0,0,1,1,5,R,"Yaksok~",173.2,80,0.437,3,65,W,Y,1482.906,235,155,154,75,0,145,126,-30,22.397,0.62,0,0.496,-416.353,21.005,-396.335,0.769,-37.137,0,"Kr_Luna",0.014,-17.624,0,"ゆっち一",-16.963,-40.705,0,"_앰프_",-17.539,-59.87,103,"ddil_ddil69",18.77,-43.763,0,"CoalCat",8.431,-60.734,0,"AI",40.9,-90.65,0,"AI",0,-109.84,0,"AI",-40.8,-90.55,0,1482.8,-1.034,-22.56,1484.841,3,"_앰프_",-17.538,-57.335,0,0,,1487.05,1486.31,1486.267,35,2
54,3,0,1,0,0,0,0,0,0,0,255,255,255,20,1540.84,"encounter v",L,27,74,125,1.106,0.4,-0.164,1.905,0.631,1.672,-36.678,38.043,98,2,0,2,0,-90.601,-119.392,2.791,0,0,1,2,5,R,"CoalCat",168.6,80,0.403,3,78,W,Y,1541.903,255,108,99,103,54,145,87,3.085,-7.064,-0.62,0,0.555,423.66,103.08,74.998,0.019,-37.403,0,"인생최패망자",0.148,-18.015,0,"Pring__",-21.185,-47.055,87,"Fresh825",-15.03,-63.718,0,"Sabo_10",19.36,-48.501,0,"Yaksok~",13.308,-64.651,0,"AI",40.9,-90.65,0,"Gonyong",-12.824,-111.17,0,"AI",-40.8,-90.55,0,1542.933,3.512,-48.639,1544.533,7,"Gonyong",4.972,-65.542,0,0,,,,,42,2
55,3,0,1,0,0,0,1,0,0,0,255,255,255,21,1565.643,"encounter v",L,27,64,118,-0.523,1.097,-0.311,2.056,-0.051,2.158,-36.678,51.97,100,0,0,2,0,-98.367,-125.243,4.565,0,0,0,3,1,L,"Kr_Luna",190,95.256,0.499,3,78,W,Y,1566.547,143,108,151,62,28,145,108,26.927,9.049,0.04,0,0.07,30.569,119.912,-189.944,0.239,-37.458,0,"인생최패망자",0.047,-17.997,0,"Pring__",-21.984,-47.038,0,"Fresh825",-13.931,-65.137,93,"Sabo_10",24.122,-53.118,88,"Yaksok~",16.341,-63.563,0,"AI",40.9,-90.65,0,"Gonyong",12.79,-119.956,99,"AI",-40.8,-90.55,0,1571.025,-16.139,-110.237,1574.883,7,"Gonyong",-19.477,-133.877,1,0,,1576.946,1582.165,,53,2
56,3,0,1,0,0,0,1,0,0,1,255,255,11,22,1602.932,"encounter v",L,0,73,124,2.389,-0.408,-0.066,1.791,1.09,1.3,-36.678,31.004,97,3,0,2,0,-29.778,-37.689,2.582,0,0,1,4,4,R,"ddil_ddil69",190,90.2,0.397,3,79,W,Y,1604.129,192,103,70,115,65,143,90,32.034,-32.845,-0.8,0,0.316,67.304,-401,-1.555,0.178,-37.472,0,"인생최패망자",0.101,-18.054,120,"Pring__",-21.516,-47.942,0,"Fresh825",-15.649,-63.273,105,"Sabo_10",19.048,-44.369,0,"Yaksok~",11.593,-59.766,0,"AI",40.9,-90.65,0,"Gonyong",-3.98,-109.893,0,"AI",-40.8,-90.55,0,1608.883,47.896,-79.529,1613.25,3,"Fresh825",1.552,-59.784,0,0,1615.55,,1608.376,1614.875,97,1
57,3,0,1,1,0,0,2,0,0,0,255,255,255,23,1634.708,"encounter v",L,27,81,131,1.696,-0.381,-0.12,1.771,0.836,1.234,-36.678,26.803,98,2,0,2,0,-62.788,-134.401,4.201,0,0,1,5,0,R,"mungjungh",190,90.345,0.401,3,80,W,Y,1635.807,206,194,211,124,38,145,91,-21.835,38.486,-0.79,0,0.655,244.561,-439.696,-47.28,-0.022,-37.375,0,"인생최패망자",0.092,-18.091,0,"Pring__",-22.046,-47.738,86,"Fresh825",-14.341,-64.007,0,"Sabo_10",20.89,-50.126,0,"Yaksok~",14.325,-66.705,0,"AI",40.9,-90.65,0,"Gonyong",-4.687,-112.917,0,"AI",-40.8,-90.55,0,1635.691,-1.336,-22.396,1637.616,2,"Pring__",-18.498,-42.992,0,0,,,,,40,2
58,4,1,1,1,0,0,0,0,0,0,255,255,255,33,1672.041,"mungjungh",R,26,84,136,-0.022,0.568,0.75,1.592,-0.233,1.78,-36.51,24.128,10,90,0,0,0,177.351,-200,63.913,0,0,0,2,4,L,"Sabo_10",185.3,88,0.452,0,80,W,Y,0,0,0,0,0,0,0,0,0,0,0,0,0,0,0,0,0.324,-38.237,0,"Kr_Luna",-0.01,-17.505,0,"ゆっち一",-20.37,-47.255,0,"_앰프_",-11.443,-64.371,0,"ddil_ddil69",20.469,-45.77,0,"CoalCat",12.506,-63.095,0,"AI",40.9,-90.65,0,"AI",0,-109.84,0,"AI",-40.8,-90.55,0,0,0,0,0,0,"",0,0,0,0,1672.783,,,,0,0
59,4,1,1,1,0,1,0,0,0,0,255,255,255,34,1686.479,"mungjungh",R,32,89,140,-3.443,-0.259,0.417,1.244,-1.78,1.289,-36.51,20.369,2,98,0,1,0,250,-200,64.847,0,0,0,2,4,L,"Sabo_10",185.3,88,0.452,0,80,W,Y,0,0,0,0,0,0,0,0,0,0,0,0,0,0,0,0,0.826,-37.564,0,"Kr_Luna",0.008,-17.506,0,"ゆっち一",-21.531,-47.743,0,"_앰프_",-13.074,-64.326,0,"ddil_ddil69",19.391,-44.29,0,"CoalCat",12.547,-63.104,0,"AI",40.9,-90.65,0,"AI",0,-109.84,0,"AI",-40.8,-90.55,0,0,0,0,0,0,"",0,0,0,0,1687.141,,,,0,0
60,4,1,1,1,1,1,0,0,0,0,255,255,255,35,1702.075,"mungjungh",R,26,84,136,-1.843,0.306,0.581,1.359,-1.019,1.669,-36.51,13.83,3,97,0,4,0,146.998,-154.084,33.762,0,0,1,2,4,L,"Sabo_10",185.3,88,0.452,0,80,W,Y,0,0,0,0,0,0,0,0,0,0,0,0,0,0,0,0,0.47,-37.664,0,"Kr_Luna",0.004,-17.552,0,"ゆっち一",-21.471,-47.749,0,"_앰프_",-13.289,-63.958,0,"ddil_ddil69",19.124,-44.192,0,"CoalCat",12.542,-63.081,0,"AI",40.9,-90.65,0,"AI",0,-109.84,0,"AI",-40.8,-90.55,0,0,0,0,0,0,"",0,0,0,0,1702.733,,,,0,0
61,4,1,1,1,1,2,0,0,0,0,255,255,255,36,1724.154,"mungjungh",R,3,61,106,2.398,1.079,1.103,1.468,1.752,2.298,-36.51,66.365,0,100,0,1,0,-385.251,0,8.714,0,0,0,2,4,L,"Sabo_10",185.3,88,0.452,0,80,W,Y,0,0,0,0,0,0,0,0,0,0,0,0,0,0,0,0,0.686,-37.866,0,"Kr_Luna",-0.008,-17.496,0,"ゆっち一",-20.988,-47.891,0,"_앰프_",-13.241,-63.924,0,"ddil_ddil69",19.293,-42.781,0,"CoalCat",12.847,-62.19,0,"AI",40.9,-90.65,0,"AI",0,-109.84,0,"AI",-40.8,-90.55,0,0,0,0,0,0,"",0,0,0,0,1724.975,,,,0,0
62,4,1,1,1,2,2,0,0,0,0,255,255,255,37,1736.986,"mungjungh",R,32,94,140,1.565,0.857,0.884,1.45,0.389,1.971,-36.51,36.476,8,92,0,4,0,250,-200,64.918,0,0,1,2,4,L,"Sabo_10",185.3,88,0.452,0,80,W,Y,0,0,0,0,0,0,0,0,0,0,0,0,0,0,0,0,0.495,-38.204,0,"Kr_Luna",0.036,-17.496,0,"ゆっち一",-21.345,-47.365,0,"_앰프_",-13.167,-63.743,0,"ddil_ddil69",19.043,-44.302,0,"CoalCat",12.867,-62.206,0,"AI",40.9,-90.65,0,"AI",0,-109.84,0,"AI",-40.8,-90.55,0,0,0,0,0,0,"",0,0,0,0,1737.775,,,,0,0
63,4,1,1,1,0,0,1,0,0,0,255,255,255,38,1753.189,"mungjungh",R,32,79,129,2.827,0.322,0.979,1.381,0.834,1.74,-36.51,39.739,14,86,0,2,0,250,-88,26.06,0,0,1,3,2,L,"Pring__",190,93.36,0.485,3,81,W,Y,1754.243,196,137,70,93,77,144,97,34.833,-36.904,0.95,0,0.613,287.576,-166.712,-46.041,0.705,-37.555,0,"Kr_Luna",0.083,-17.485,0,"ゆっち一",-19.997,-47.349,0,"_앰프_",-13.175,-63.757,85,"ddil_ddil69",18.969,-44.219,0,"CoalCat",12.966,-62.207,0,"AI",40.9,-90.65,0,"AI",0,-109.84,0,"AI",-40.8,-90.55,0,1759.025,52.232,-82.985,1763.775,3,"_앰프_",1.169,-59.646,0,0,,,,,33,1
64,4,1,1,1,0,0,2,0,0,0,255,255,255,39,1778.544,"mungjungh",R,26,79,129,3.25,0.577,1.034,1.577,1.088,1.735,-36.51,56.292,6,94,0,2,0,198.667,-200,13.385,0,0,1,4,7,R,"Gonyong",174.9,80,0.2,3,81,W,Y,1779.728,249,193,161,69,33,145,86,63.944,-64.371,-0.77,0.143,0.445,329.851,-468.347,-178.464,0.818,-37.325,0,"Kr_Luna",0.064,-17.49,0,"ゆっち一",-19.497,-43.93,0,"_앰프_",-17.288,-62.342,0,"ddil_ddil69",22.237,-47.3,0,"CoalCat",9.591,-64.001,0,"AI",40.9,-90.65,0,"AI",0,-109.84,0,"AI",-40.8,-90.55,0,0,0,0,0,0,"",0,0,0,0,,,,,32,3
65,4,1,1,1,0,1,2,0,0,0,255,255,255,40,1795.13,"mungjungh",R,26,82,133,3.814,-0.882,0.667,1.493,-0.619,1.438,-36.51,17.406,4,96,0,2,0,196.578,-200,54.3,0,0,0,4,7,R,"Gonyong",174.9,80,0.2,3,81,W,Y,1796.256,255,97,98,122,29,145,126,27.016,-2.077,0.52,0.095,0.312,122.106,517.278,184.257,0.693,-37.73,0,"Kr_Luna",0.007,-17.485,0,"ゆっち一",-20.575,-45.969,0,"_앰프_",-16.694,-62.359,75,"ddil_ddil69",19.99,-45.194,0,"CoalCat",11.021,-65.252,0,"AI",40.9,-90.65,0,"AI",0,-109.84,0,"AI",-40.8,-90.55,0,1801.283,-11.616,-132.023,1802.491,7,"AI",-13.329,-131.11,1,0,,1806.333,,,33,2
66,4,1,1,1,0,0,2,0,1,0,255,7,255,41,1826.382,"mungjungh",R,13,85,123,-1.676,-0.841,0.76,1.497,-0.188,1.468,-36.51,24.517,1,99,0,2,0,-357.416,349.648,33.381,0,0,1,5,0,L,"encounter v",190,83.307,0.497,3,81,W,Y,1827.42,255,144,86,99,72,145,96,-9.213,-7.221,-0.54,0,0.293,-478.471,111.374,202.967,0.479,-37.692,0,"Kr_Luna",-0.001,-17.505,0,"ゆっち一",-20.21,-44.86,0,"_앰프_",-6.59,-61.477,0,"ddil_ddil69",18.851,-44.168,88,"CoalCat",13.164,-62.972,33,"AI",40.9,-90.65,0,"AI",0,-109.84,0,"AI",-40.8,-90.55,0,1827.317,0.023,-22.985,1829.491,5,"CoalCat",4.512,-62.486,1,0,,,1832.575,,54,2
67,4,1,1,1,0,0,2,1,0,1,0,255,7,42,1857.716,"mungjungh",R,32,86,139,0.209,0.231,0.756,1.534,-0.205,1.587,-36.51,39.005,10,90,0,0,0,201.017,-200,20.353,0,0,0,6,1,R,"인생최패망자",190,80,0.346,0,82,W,Y,0,0,0,0,0,0,0,0,0,0,0,0,0,0,0,0,0.082,-37.539,0,"Kr_Luna",-0.007,-17.664,0,"ゆっち一",-17.479,-40.624,0,"_앰프_",-12.299,-62.286,0,"ddil_ddil69",19.997,-42.675,0,"CoalCat",9.449,-62.456,0,"AI",40.9,-90.65,0,"AI",0,-109.84,0,"AI",-40.8,-90.55,0,0,0,0,0,0,"",0,0,0,0,1858.658,,1861.557,,0,0
68,4,1,1,1,0,1,2,1,0,1,0,255,7,43,1876.996,"mungjungh",R,0,79,129,0.906,-0.008,0.879,1.539,0.367,1.606,-36.51,42.021,5,95,0,2,0,0,1.094,14.594,0,0,1,6,1,R,"인생최패망자",190,80,0.346,3,87,W,Y,1878.045,255,187,146,123,71,145,130,25.936,-32.639,0.43,0,0.411,75.633,115.495,241.171,0.623,-37.852,0,"Kr_Luna",0.017,-17.671,0,"ゆっち一",-17.015,-41.143,0,"_앰프_",-15.05,-61.296,0,"ddil_ddil69",18.87,-44.177,0,"CoalCat",9.491,-62.404,0,"AI",40.9,-90.65,0,"AI",0,-109.84,0,"AI",-40.8,-90.55,0,1882.833,60.299,-121.188,0,0,"",0,0,0,0,,1883.156,1891.858,1898.408,32,4
69,4,1,4,1,0,0,2,0,0,0,255,255,255,44,1920.299,"mungjungh",R,13,96,126,0.474,-0.037,0.947,1.639,0.683,1.954,-36.51,39.616,2,98,0,2,0,-359.315,347.696,52.433,0,0,1,0,3,L,"Fresh825",173.1,80,0.2,3,82,W,Y,1921.348,166,127,98,116,18,145,125,-30,8.392,0.26,0,0.142,-225.896,-146.415,-173.032,0.554,-36.989,0,"Kr_Luna",0.046,-17.486,0,"ゆっち一",-19.008,-44.788,0,"_앰프_",-11.158,-63.139,0,"ddil_ddil69",19.216,-44.5,0,"CoalCat",12.731,-61.657,85,"AI",40.9,-90.65,0,"AI",0,-109.84,0,"AI",-40.8,-90.55,0,1921.15,-0.212,-20.027,1925.608,7,"AI",-2.625,-96.619,1,0,,,,,36,2
70,4,1,4,1,0,0,2,1,0,0,3,255,255,45,1979.688,"mungjungh",R,13,91,126,0.028,-0.586,0.916,1.558,0.54,1.666,-36.51,39.077,3,97,0,2,0,-364.464,342.295,26.812,0,0,1,1,5,R,"Yaksok~",173.2,80,0.437,3,65,W,Y,1980.608,227,109,167,69,0,145,88,-30,-46.767,0.97,0,0.401,243.426,-231.713,-335.358,0.643,-37.457,0,"Kr_Luna",0.028,-17.493,0,"ゆっち一",-18.564,-42.128,0,"_앰프_",-16.08,-62.177,0,"ddil_ddil69",19.182,-44.02,120,"CoalCat",9.194,-63.923,0,"AI",40.9,-90.65,0,"AI",0,-109.84,0,"AI",-40.8,-90.55,0,1980.5,1.299,-21.67,1982.516,4,"ddil_ddil69",16.898,-40.18,0,0,,1985.111,,,50,2
71,4,0,4,1,0,0,0,0,0,0,255,255,255,24,2082.864,"encounter v",L,28,85,137,2.33,-0.585,-0.055,1.757,1.138,1.159,-36.678,19.534,50,50,0,2,0,-85.839,-99.242,4.735,0,0,1,0,3,R,"_앰프_",172.4,80,0.405,3,82,W,Y,2083.881,255,109,44,91,29,133,80,-5.588,-34.05,-0.66,0,0.262,-232.818,-39.332,-457.254,0.042,-37.288,0,"인생최패망자",0.236,-18.038,0,"Pring__",-21.863,-47.368,88,"Fresh825",-15.236,-63.121,0,"Sabo_10",20.1,-49.576,105,"Yaksok~",13.542,-66.377,0,"AI",40.904,-90.654,0,"Gonyong",-6.054,-103.725,0,"AI",-40.804,-90.554,0,2083.892,3.824,-25.748,2085.508,4,"Sabo_10",17.65,-44.042,0,0,,,,,44,2
72,4,0,4,1,0,0,1,0,0,0,255,255,255,25,2105.549,"encounter v",L,34,82,133,-0.698,0.54,-0.335,1.947,-0.162,1.828,-36.678,43.631,87,13,0,2,0,-90.458,-88.547,4.909,0,0,1,1,2,L,"ゆっち一",180.9,83.623,0.399,3,82,W,Y,2106.676,255,159,96,108,88,145,128,15.116,-34.413,0.59,0,0.305,147.085,253.282,-27.297,-0.123,-37.364,0,"인생최패망자",0.137,-18.039,0,"Pring__",-21.004,-47.132,0,"Fresh825",-12.867,-65.219,73,"Sabo_10",24.135,-52.906,0,"Yaksok~",17.306,-65.195,0,"AI",40.904,-90.654,0,"Gonyong",4.101,-115.297,0,"AI",-40.804,-90.554,0,0,0,0,2114.941,3,"Fresh825",0.802,-59.755,0,0,,,,,33,1
73,4,0,4,1,0,0,2,0,0,0,255,255,255,26,2133.298,"encounter v",L,28,75,126,0.392,1.086,-0.242,2.023,0.27,2.118,-36.678,49.467,96,4,0,0,0,-58.547,-60.349,4.986,0,0,0,2,5,R,"CoalCat",168.6,80,0.403,0,82,W,Y,0,0,0,0,0,0,0,0,0,0,0,0,0,0,0,0,0.02,-37.23,0,"인생최패망자",0.266,-17.996,0,"Pring__",-21.212,-46.44,0,"Fresh825",-13.768,-64.591,0,"Sabo_10",20.29,-48.524,0,"Yaksok~",13.458,-65.007,0,"AI",40.903,-90.652,0,"Gonyong",-3.534,-107.094,0,"AI",-40.803,-90.552,0,0,0,0,0,0,"",0,0,0,0,2134.366,,,,0,0
74,4,0,4,1,0,1,2,0,0,0,255,255,255,27,2149.055,"encounter v",L,10,72,113,0.033,-0.679,-0.295,1.932,0.023,1.787,-36.678,43.156,100,0,0,2,0,0,400,4.153,0,0,1,2,5,R,"CoalCat",168.6,80,0.403,3,82,W,Y,2150.178,208,109,106,95,57,145,84,-66.563,1.787,-0.78,0,0.583,-183.099,-192.591,-214.496,-0.045,-37.271,0,"인생최패망자",0.131,-18.031,0,"Pring__",-21.247,-46.405,0,"Fresh825",-13.68,-64.585,65,"Sabo_10",20.285,-48.444,0,"Yaksok~",11.808,-64.562,0,"AI",40.904,-90.654,0,"Gonyong",-3.515,-107.077,0,"AI",-40.804,-90.554,0,2149.875,-0.002,-20.669,2154.933,3,"Fresh825",-0.534,-50.951,1,0,,,,,33,2
75,4,0,4,1,0,0,2,1,0,0,15,255,255,28,2178.398,"encounter v",L,27,75,126,-0.337,0.109,-0.31,1.868,-0.048,1.564,-36.678,37.317,96,4,0,2,0,-56.939,-104.322,4.673,0,0,0,3,1,L,"Kr_Luna",190,95.256,0.499,3,83,W,Y,2179.248,153,122,146,103,53,145,130,7.824,25.533,0.65,0,0.149,-44.296,-517.315,-123.509,0.084,-37.243,0,"인생최패망자",0.049,-18.085,0,"Pring__",-19.507,-41.052,0,"Fresh825",-9.058,-66.331,0,"Sabo_10",24.15,-53.547,101,"Yaksok~",15.574,-63.57,92,"AI",40.902,-90.652,0,"Gonyong",-0.455,-120.33,103,"AI",-40.802,-90.552,0,2181.116,-24.731,-83.673,2185.875,7,"Gonyong",-31.958,-123.39,1,0,2193.4,2184.123,2188.845,,118,2
76,4,0,4,1,0,0,2,0,1,1,255,11,15,29,2214.191,"encounter v",L,27,81,132,0.453,0.181,-0.235,1.877,0.3,1.593,-36.678,43.013,93,7,0,2,0,-64.961,-126.829,8.557,0,0,1,4,4,R,"ddil_ddil69",190,90.2,0.397,3,83,W,Y,2215.346,193,117,113,83,29,145,91,-21.078,19.701,-0.8,0,0.405,171.147,-132.668,34.284,0.122,-37.326,0,"인생최패망자",0.172,-18.091,0,"Pring__",-19.745,-45.285,96,"Fresh825",-16.047,-63.166,96,"Sabo_10",17.658,-46.296,0,"Yaksok~",15.074,-65.859,0,"AI",40.905,-90.654,0,"Gonyong",-8.312,-115.965,0,"AI",-40.805,-90.554,0,2215.25,-0.777,-21.509,2217.542,3,"Fresh825",-14.122,-54.384,0,0,,,2220.364,2220.933,43,2
77,5,1,4,1,0,0,0,0,0,0,255,255,255,46,2253.894,"mungjungh",R,32,96,140,1.857,0.481,0.921,1.596,0.564,1.793,-36.51,49.007,7,93,0,4,0,160.509,-128.803,0.487,0,0,1,2,4,L,"Sabo_10",185.3,88,0.452,0,83,W,Y,0,0,0,0,0,0,0,0,0,0,0,0,0,0,0,0,0.595,-37.505,0,"Kr_Luna",-0.013,-17.595,0,"ゆっち一",-22.342,-52.281,0,"_앰프_",-13,-64.768,0,"ddil_ddil69",19.391,-44.587,0,"CoalCat",15.419,-62.548,0,"AI",40.9,-90.65,0,"CAT tourniquet",-0.566,-104.247,0,"AI",-40.8,-90.55,0,0,0,0,0,0,"",0,0,0,0,2254.525,,,,0,0
78,5,1,4,1,0,1,0,0,0,0,255,255,255,47,2266.533,"mungjungh",R,13,83,122,-1.92,-0.602,0.748,1.536,-0.241,1.593,-36.51,28.963,2,98,0,2,0,-390.434,312.348,39.385,0,0,1,2,4,L,"Sabo_10",185.3,88,0.452,3,83,W,Y,2267.499,185,85,127,82,44,145,94,-73.736,26.723,-0.55,0,0.491,329.43,-193.805,-99.564,0.183,-36.493,78,"Kr_Luna",0.041,-17.606,0,"ゆっち一",-19.527,-47.349,63,"_앰프_",-13.003,-65.047,0,"ddil_ddil69",19.146,-44.451,0,"CoalCat",15.457,-62.478,0,"AI",40.9,-90.65,0,"CAT tourniquet",-0.543,-104.268,0,"AI",-40.8,-90.55,0,2267.116,-0.479,-20.453,2271.125,0,"mungjungh",-10.619,-40.686,0,0,,,,,34,2
79,5,1,4,1,0,0,1,0,0,0,255,255,255,48,2289.757,"mungjungh",R,26,88,140,1.112,0.68,0.886,1.623,0.399,1.876,-36.51,41.217,15,85,0,2,0,42.887,-191.954,5.855,0,0,1,3,2,L,"Pring__",190,93.36,0.485,3,83,W,Y,2290.736,244,111,100,108,67,145,130,27.574,-0.973,0.54,0,0.516,188.412,41.155,13.875,0.68,-37.717,0,"Kr_Luna",0.062,-17.475,0,"ゆっち一",-20.936,-49.98,0,"_앰프_",-12.28,-63.883,0,"ddil_ddil69",20.353,-45.449,0,"CoalCat",14.754,-62.801,68,"AI",40.9,-90.65,0,"CAT tourniquet",2.597,-107.201,92,"AI",-40.8,-90.55,0,2296.608,1.027,-129.086,2296.65,7,"CAT tourniquet",1.048,-130.933,1,0,,2301.207,,,100,2
80,5,1,4,1,0,0,1,0,1,0,255,2,255,49,2325.027,"mungjungh",R,13,71,110,-1.586,-1.079,0.794,1.508,-0.028,1.49,-36.51,32.713,1,99,0,1,0,-363.432,343.391,35.122,0,0,0,4,7,R,"Gonyong",174.6,80,0.2,0,83,W,Y,0,0,0,0,0,0,0,0,0,0,0,0,0,0,0,0,0.5,-38.229,0,"Kr_Luna",0.046,-17.551,0,"ゆっち一",-17.681,-43.503,0,"_앰프_",-15.606,-61.726,0,"ddil_ddil69",19.344,-43.467,0,"CoalCat",2.417,-60.898,0,"AI",40.9,-90.65,0,"CAT tourniquet",-0.021,-108.717,0,"AI",-40.8,-90.55,0,0,0,0,0,0,"",0,0,0,0,2326.008,2328.372,,,0,0
81,5,1,4,1,0,1,1,0,1,0,255,2,255,50,2345.276,"mungjungh",R,29,79,129,-1.564,-0.534,0.714,1.512,-0.401,1.507,-36.51,24.912,6,94,0,1,0,-216.264,200,-45.954,0,0,0,4,7,R,"Gonyong",174.6,80,0.2,0,83,W,Y,0,0,0,0,0,0,0,0,0,0,0,0,0,0,0,0,0.344,-38.161,0,"Kr_Luna",0.022,-17.539,0,"ゆっち一",-19.036,-43.996,0,"_앰프_",-16.422,-61.605,0,"ddil_ddil69",20.098,-43.374,0,"CoalCat",3.31,-61.262,0,"AI",40.9,-90.65,0,"CAT tourniquet",-0.047,-108.667,0,"AI",-40.8,-90.55,0,0,0,0,0,0,"",0,0,0,0,2346.366,2348.93,,,0,0
82,5,1,4,1,0,2,1,0,1,0,255,2,255,51,2362.228,"mungjungh",R,32,71,123,3.396,0.999,1.058,1.665,1.198,2.044,-36.51,62.471,0,100,0,2,0,157.323,-124.809,4.856,0,0,1,4,7,R,"Gonyong",174.6,80,0.2,3,83,W,Y,2363.39,28,11,48,40,39,23,39,-12.469,-40.466,-0.78,1,0.549,-74.413,-210.614,-36.979,0.464,-37.736,0,"Kr_Luna",0.502,-18.628,0,"ゆっち一",-19.544,-43.708,66,"_앰프_",-17.148,-61.7,0,"ddil_ddil69",19.627,-44.532,0,"CoalCat",4.092,-60.371,0,"AI",40.9,-90.65,0,"CAT tourniquet",-0.608,-109.823,0,"AI",-40.8,-90.55,0,2363.517,3.656,-24.036,2366.183,4,"ddil_ddil69",13.581,-35.759,1,0,,,2367.779,,50,2
83,5,1,4,1,0,0,1,1,0,1,7,255,2,52,2391.538,"mungjungh",R,32,87,140,1.817,0.299,0.908,1.549,0.502,1.637,-36.51,29.53,0,100,0,4,0,198.048,-193.24,23.497,0,0,1,5,0,L,"encounter v",190,83.307,0.497,0,83,W,Y,0,0,0,0,0,0,0,0,0,0,0,0,0,0,0,0,0.443,-37.894,0,"Kr_Luna",0.112,-18.008,0,"ゆっち一",-18.115,-37.705,0,"_앰프_",-3.222,-59.978,0,"ddil_ddil69",19.889,-41.846,0,"CoalCat",0.77,-59.413,0,"AI",40.9,-90.65,0,"CAT tourniquet",-1.031,-107.349,0,"AI",-40.8,-90.55,0,0,0,0,0,0,"",0,0,0,0,2392.308,2394.473,2394.961,,0,0
84,5,1,4,1,0,1,1,0,1,1,255,7,2,53,2407.799,"mungjungh",R,3,73,113,-0.939,-0.329,0.886,1.481,0.399,1.417,-36.51,34.961,3,97,0,0,0,-463.837,0,34.98,0,0,1,5,0,L,"encounter v",190,83.307,0.497,0,42,W,Y,0,0,0,0,0,0,0,0,0,0,0,0,0,0,0,0,0.576,-37.846,120,"Kr_Luna",0.03,-17.818,0,"ゆっち一",-19.108,-43.153,0,"_앰프_",-6.179,-60.974,0,"ddil_ddil69",20.086,-40.847,0,"CoalCat",9.603,-58.003,0,"AI",40.9,-90.65,0,"CAT tourniquet",-1.422,-112.771,0,"AI",-40.8,-90.55,0,0,0,0,0,0,"",0,0,0,8,2408.675,2411.684,2412.101,,0,0
85,5,1,4,1,0,2,2,0,0,1,255,255,7,54,2445.284,"mungjungh",R,13,76,114,-1.68,-0.009,0.769,1.455,-0.146,1.98,-36.51,34.485,6,94,0,2,0,-382.145,322.436,59.132,0,0,1,5,0,L,"encounter v",190,83.307,0.497,3,42,W,Y,2446.378,180,88,86,74,31,145,116,-30,-40.593,0.07,0,0.224,-82.218,-464.42,-205.022,0.281,-37.265,0,"Kr_Luna",0.013,-17.646,0,"ゆっち一",-19.739,-44.113,0,"_앰프_",-14.354,-63.261,0,"ddil_ddil69",20.023,-44.05,118,"CoalCat",12.081,-62.027,0,"AI",40.9,-90.65,0,"CAT tourniquet",-1.607,-112.705,0,"AI",-40.8,-90.55,0,2446.075,0.616,-20.186,2447.716,4,"ddil_ddil69",17.221,-39.437,0,0,,,,2449.195,54,2
86,5,0,4,1,0,0,0,0,0,0,255,255,255,30,2485.838,"encounter v",L,27,85,138,1.68,-0.613,-0.115,2.078,0.858,1.095,-36.678,40.643,90,10,0,2,0,-87.451,-118.29,1.159,0,0,1,5,0,R,"mungjungh",190,90.345,0.401,3,84,W,Y,2486.906,182,129,141,17,35,145,123,-11.371,-23.923,0.21,0,0.516,-288.118,-251.757,-100.027,-0.018,-37.463,0,"인생최패망자",0.153,-18.054,0,"Pring__",-22.459,-48.477,105,"Fresh825",-15.254,-63.633,78,"Sabo_10",22.848,-51.97,0,"Yaksok~",13.623,-66.134,99,"AI",40.9,-90.65,0,"Gonyong",-3.314,-116.686,0,"AI",-40.8,-90.55,0,2486.667,1.829,-23.83,2488.708,5,"Yaksok~",18.537,-62.197,1,0,,2497.222,,,43,2
87,5,0,4,1,0,0,0,0,1,0,255,10,255,31,2536.324,"encounter v",L,27,70,122,-0.577,0.352,-0.324,2.233,-0.11,1.59,-36.678,74.525,87,13,0,2,0,-92.833,-128.692,-1.36,0,0,1,6,7,L,"CAT tourniquet",160,80,0.547,3,84,W,Y,2537.472,99,63,17,37,42,34,39,113.446,50.884,-0.14,0,0.218,-107.55,354.994,-143.193,-0.068,-37.24,0,"인생최패망자",0.109,-18.035,0,"Pring__",-17.747,-44.388,0,"Fresh825",-8.435,-66.351,0,"Sabo_10",20.804,-49.436,0,"Yaksok~",11.236,-57.174,0,"AI",40.9,-90.65,0,"Gonyong",7.735,-108.998,0,"AI",-40.8,-90.55,0,2542.283,15.022,-10.259,0,0,"",0,0,0,0,,2548.052,,,32,3
88,5,0,4,1,0,1,0,0,1,0,255,10,255,32,2583.474,"encounter v",L,10,69,112,1.343,-2.621,-0.173,2.029,0.588,0.803,-36.678,40.815,100,0,0,4,0,0,400,-3.562,0.263,-19.863,1,6,7,L,"CAT tourniquet",160,80,0.547,0,49,W,Y,0,0,0,0,0,0,0,0,0,0,0,0,0,0,0,0,0.066,-37.494,0,"인생최패망자",-0.021,-18.215,0,"Pring__",-19.645,-44.296,0,"Fresh825",-8.303,-65.934,0,"Sabo_10",18.06,-45.766,0,"Yaksok~",10.819,-57.243,0,"AI",40.9,-90.65,0,"Gonyong",4.137,-105.24,0,"AI",-40.8,-90.55,0,0,0,0,0,0,"",0,0,0,0,2584.642,,,,0,0
89,5,0,4,1,0,2,0,0,1,0,255,10,255,33,2599.302,"encounter v",L,26,79,129,0.024,-0.49,-0.263,2.112,0.171,1.124,-36.678,61.401,87,13,0,2,0,-99.946,-157.693,3.124,0,0,1,6,7,L,"CAT tourniquet",160,80,0.547,3,49,W,Y,2600.389,163,182,85,91,70,145,86,-41.691,38.574,-0.49,0,0.117,-551.69,-106.174,73.715,0.006,-37.156,0,"인생최패망자",0.055,-18.181,0,"Pring__",-19.644,-45.231,86,"Fresh825",-8.26,-65.841,0,"Sabo_10",18.873,-46.718,0,"Yaksok~",12.65,-58.491,0,"AI",40.9,-90.65,0,"Gonyong",4.101,-105.281,0,"AI",-40.8,-90.55,0,2600.108,-0.672,-21.123,2602.45,2,"Pring__",-20.488,-36.86,0,0,,2608.663,,,40,2
90,5,0,4,1,0,2,0,0,1,0,255,10,255,34,2617.477,"encounter v",L,0,69,122,0.97,-0.317,-0.208,2.183,0.429,1.396,-36.678,68.673,87,13,0,0,0,0,5.227,1.622,0,0,0,6,7,L,"CAT tourniquet",160,80,0.547,0,49,W,Y,0,0,0,0,0,0,0,0,0,0,0,0,0,0,0,0,0.071,-37.263,0,"인생최패망자",0.148,-18.086,0,"Pring__",-20.783,-46.183,0,"Fresh825",-9.752,-66.51,0,"Sabo_10",18.833,-45.499,0,"Yaksok~",10.756,-57.752,0,"AI",40.9,-90.65,0,"Gonyong",0.035,-65.926,0,"AI",-40.8,-90.55,0,0,0,0,0,0,"",0,0,0,0,2618.558,2620.467,,,0,0
91,5,0,4,1,0,0,1,0,1,0,255,10,255,35,2639.493,"encounter v",L,28,76,127,1.35,-0.748,-0.06,2.08,0.649,1.046,-36.678,42.773,93,7,0,0,0,-37.847,-91.742,2.338,0,0,0,0,3,R,"_앰프_",172.4,80,0.405,0,84,W,Y,0,0,0,0,0,0,0,0,0,0,0,0,0,0,0,0,0.089,-37.507,120,"인생최패망자",0.158,-18.229,0,"Pring__",-19.501,-45.155,0,"Fresh825",-15.524,-62.824,0,"Sabo_10",19.748,-45.057,0,"Yaksok~",12.148,-62.018,0,"AI",40.9,-90.65,0,"Gonyong",-0.088,-67.432,0,"AI",-40.8,-90.55,0,0,0,0,0,0,"",0,0,0,0,2640.566,2642.159,,,0,0
92,5,0,4,1,0,1,1,0,1,0,255,10,255,36,2680.319,"encounter v",L,27,67,120,1.449,0.204,-0.042,2.214,0.734,1.527,-36.678,57.796,91,9,0,0,0,-60.657,-141.102,2.343,0,0,1,0,3,R,"_앰프_",172.4,80,0.405,0,85,W,Y,0,0,0,0,0,0,0,0,0,0,0,0,0,0,0,0,0.095,-37.469,0,"인생최패망자",2.005,-19.539,0,"Pring__",-18.736,-43.312,0,"Fresh825",-15.084,-63.07,0,"Sabo_10",19.198,-44.954,0,"Yaksok~",11.96,-63.719,0,"AI",40.9,-90.65,0,"Gonyong",-6.248,-101.572,0,"AI",-40.8,-90.55,0,0,0,0,0,0,"",0,0,0,0,2681.408,2688.126,,,0,0
93,5,0,4,1,0,2,1,0,1,0,255,10,255,37,2719.483,"encounter v",L,10,62,94,0.876,-2.139,-0.159,2.019,0.126,1.103,-36.678,37.353,100,0,0,4,0,113.088,400,14.337,0.192,-19.536,1,0,3,R,"_앰프_",172.4,80,0.405,0,85,W,Y,0,0,0,0,0,0,0,0,0,0,0,0,0,0,0,0,0.037,-37.499,0,"인생최패망자",0.15,-18.217,0,"Pring__",-21.404,-46.803,0,"Fresh825",-15.952,-62.986,0,"Sabo_10",19.962,-43.703,0,"Yaksok~",8.045,-61.702,0,"AI",40.9,-90.65,0,"Gonyong",-5.812,-91.194,0,"AI",-40.8,-90.55,0,0,0,0,0,0,"",0,0,0,0,2720.767,,,,0,0
94,5,0,4,1,0,0,2,0,1,0,255,10,255,38,2743.326,"encounter v",L,10,79,119,2.101,-2.647,-0.004,1.948,0.914,0.626,-36.678,38.538,93,7,0,1,0,0,400,0.642,0.398,-20.034,0,1,2,L,"ゆっち一",180.9,83.623,0.399,0,72,W,Y,0,0,0,0,0,0,0,0,0,0,0,0,0,0,0,0,0.232,-37.25,0,"인생최패망자",0.139,-18.078,0,"Pring__",-21.801,-45.662,0,"Fresh825",-11.143,-66.048,0,"Sabo_10",21.524,-46.634,0,"Yaksok~",16.38,-64.701,0,"AI",40.9,-90.65,0,"Gonyong",5.31,-119.349,0,"AI",-40.8,-90.55,0,0,0,0,0,0,"",0,0,0,0,2744.4,,,,0,0
95,5,0,4,1,1,0,2,0,1,0,255,10,255,39,2756.632,"encounter v",L,26,68,121,0.219,0.263,-0.144,2.22,0.261,1.551,-36.678,70.393,85,15,0,2,0,-97.228,-170.898,6.671,0,0,1,1,2,L,"ゆっち一",180.9,83.623,0.399,3,72,W,Y,2757.76,232,152,103,97,62,145,116,33.099,17.523,0.8,0,0.557,51.773,-584.372,-112.759,0.176,-37.095,0,"인생최패망자",0.067,-17.794,0,"Pring__",-21.429,-45.579,0,"Fresh825",-11.192,-66.25,0,"Sabo_10",21.16,-46.24,0,"Yaksok~",15.182,-64.428,0,"AI",40.9,-90.65,0,"Gonyong",4.256,-119.273,112,"AI",-40.8,-90.55,0,2762.633,-15.171,-118.554,2762.966,7,"Gonyong",-15.106,-115.154,0,0,,,2764.049,,49,1
96,6,1,4,1,0,0,0,0,0,0,255,255,255,55,2798.84,"mungjungh",R,32,86,139,-0.288,0.171,0.708,1.331,-0.429,1.579,-36.51,23.686,7,93,0,2,0,214.127,-176.212,28.944,0,0,1,6,1,R,"인생최패망자",190,80,0.346,3,87,W,Y,2799.857,255,143,128,95,54,145,90,103.921,-45.019,-0.85,0,0.391,272.61,-176.127,122.276,0.789,-37.101,0,"Kr_Luna",0.032,-17.602,0,"ゆっち一",-18.51,-42.958,0,"_앰프_",-14.209,-59.93,0,"ddil_ddil69",20.455,-45.372,0,"CoalCat",10.879,-64.717,0,"AI",40.9,-90.65,0,"CAT tourniquet",0.007,-110.829,0,"AI",-40.8,-90.55,0,0,0,0,0,0,"",0,0,0,0,,,,,32,3
97,6,1,4,1,0,1,0,0,0,0,255,255,255,56,2817.751,"mungjungh",R,32,81,131,1.398,-0.158,0.852,1.455,0.24,1.332,-36.51,37.873,7,93,0,2,0,239.76,-200,30.898,0,0,1,6,1,R,"인생최패망자",190,80,0.346,3,87,W,Y,2818.807,255,204,151,123,76,145,112,14.116,-38.254,0.09,0,0.467,183.665,316.857,273.001,0.778,-37.25,0,"Kr_Luna",0.043,-17.569,0,"ゆっち一",-20.52,-45.474,0,"_앰프_",-16.873,-62.243,77,"ddil_ddil69",20.472,-45.423,0,"CoalCat",10.521,-64.82,0,"AI",40.9,-90.65,0,"CAT tourniquet",-0.491,-110.071,0,"AI",-40.8,-90.55,0,0,0,0,2826.591,3,"_앰프_",1.342,-59.877,0,0,,,,,33,1
98,6,1,4,1,0,0,1,0,0,0,255,255,255,57,2839.212,"mungjungh",R,3,77,117,0.848,0.569,1.021,1.574,1.025,1.935,-36.51,61.144,0,100,0,2,0,-406.635,0,3.914,0,0,1,0,3,L,"Fresh825",173.1,80,0.2,3,85,W,Y,2840.319,250,45,115,66,0,145,126,-25.028,-34.163,0.56,0,0.17,-146.355,-560.264,83.697,0.819,-37.558,0,"Kr_Luna",0.026,-17.563,0,"ゆっち一",-18.74,-43.188,78,"_앰프_",-10.429,-63.015,0,"ddil_ddil69",19.129,-44.41,120,"CoalCat",13.443,-63.367,0,"AI",40.9,-90.65,0,"CAT tourniquet",-0.172,-102.629,0,"AI",-40.8,-90.55,0,2840.025,1.513,-20.887,2841.608,4,"ddil_ddil69",16.614,-42.821,0,0,,,,,50,2
99,6,1,4,1,0,0,2,0,0,0,255,255,255,58,2859.824,"mungjungh",R,4,79,124,6.455,0.833,1.136,1.549,3.076,2.08,-36.51,84.618,3,97,0,4,0,-191.189,0,1.686,0.789,-6.878,1,1,5,R,"Yaksok~",173.2,85,0.437,0,85,W,Y,0,0,0,0,0,0,0,0,0,0,0,0,0,0,0,0,1.062,-37.302,0,"Kr_Luna",0.015,-17.568,0,"ゆっち一",-20.792,-46.946,0,"_앰프_",-14.957,-63.262,0,"ddil_ddil69",19.913,-45.316,0,"CoalCat",9.139,-64.754,0,"AI",40.9,-90.65,0,"CAT tourniquet",0.775,-102.254,0,"AI",-40.8,-90.55,0,0,0,0,0,0,"",0,0,0,0,2864.8,,,,0,0
100,6,1,4,1,1,0,2,0,0,0,255,255,255,59,2878.94,"mungjungh",R,32,93,140,0.551,0.203,0.792,1.521,-0.039,1.535,-36.51,21.498,1,99,0,2,0,250,-200,77.771,0,0,1,1,5,R,"Yaksok~",173.2,85,0.437,3,64,W,Y,2879.867,196,142,88,52,0,145,96,107.557,-58.68,-0.21,0,0.416,460.259,-347.104,103.155,0.784,-37.597,0,"Kr_Luna",0.088,-17.571,0,"ゆっち一",-20.744,-47.148,0,"_앰프_",-17.369,-62.643,0,"ddil_ddil69",19.892,-45.183,0,"CoalCat",9.239,-64.996,0,"AI",40.9,-90.65,0,"CAT tourniquet",0.122,-102.657,0,"AI",-40.8,-90.55,0,0,0,0,0,0,"",0,0,0,0,,,,,32,3
101,6,1,4,1,1,1,2,0,0,0,255,255,255,60,2897.475,"mungjungh",R,32,92,140,1.207,0.102,0.841,1.505,0.193,1.478,-36.51,26.305,5,95,0,2,0,231.841,-200,23.386,0,0,1,1,5,R,"Yaksok~",173.2,85,0.437,3,64,W,Y,2898.367,235,83,56,22,0,129,122,99.764,72.249,0.6,0,0.34,358.952,-175.397,164.342,0.655,-37.675,0,"Kr_Luna",0.033,-17.577,0,"ゆっち一",-16.333,-40.992,0,"_앰프_",-17.394,-61.958,0,"ddil_ddil69",19.709,-44.937,0,"CoalCat",8.919,-65.335,0,"AI",40.9,-90.65,0,"CAT tourniquet",-0.004,-102.857,0,"AI",-40.8,-90.55,0,0,0,0,0,0,"",0,0,0,0,,,,,32,3
102,6,1,4,1,1,2,2,0,0,0,255,255,255,61,2914.984,"mungjungh",R,3,84,108,-2.87,-0.871,0.696,1.333,-0.324,1.13,-36.51,28.9,3,97,0,4,0,-490.909,0,39.31,0,0,1,1,5,R,"Yaksok~",173.2,85,0.437,0,64,W,Y,0,0,0,0,0,0,0,0,0,0,0,0,0,0,0,0,0.312,-37.358,0,"Kr_Luna",0.021,-18.068,0,"ゆっち一",-19.741,-43.421,0,"_앰프_",-18.01,-61.924,0,"ddil_ddil69",19.36,-44.656,0,"CoalCat",9.968,-64.979,0,"AI",40.9,-90.65,0,"CAT tourniquet",0.23,-103.144,0,"AI",-40.8,-90.55,0,0,0,0,0,0,"",0,0,0,0,2915.858,,,,0,0
103,6,0,4,1,0,0,0,0,0,0,255,255,255,40,2956.816,"encounter v",L,10,47,84,0.375,0.752,-0.039,2.459,0.117,2.843,-36.678,72.058,100,0,0,0,0,18.197,400,3.265,0,0,0,2,5,R,"CoalCat",168.6,80,0.403,0,85,W,Y,0,0,0,0,0,0,0,0,0,0,0,0,0,0,0,0,0.208,-36.978,0,"인생최패망자",-0.015,-17.856,0,"Pring__",-22.446,-48.629,0,"Fresh825",-15.563,-63.676,0,"Sabo_10",18.769,-47.334,0,"Yaksok~",12.873,-64.761,0,"AI",40.9,-90.65,0,"Gonyong",-1.49,-108.067,0,"AI",-40.8,-90.55,0,0,0,0,0,0,"",0,0,0,0,2958.066,,,,0,0
104,6,0,4,1,0,1,0,0,0,0,255,255,255,41,2972.504,"encounter v",L,13,44,80,-0.807,0.392,-0.352,2.351,-1.035,2.587,-36.678,73.789,100,0,0,2,0,257.43,353.14,-1.149,0,0,1,2,5,R,"CoalCat",168.6,80,0.403,3,85,W,Y,2973.838,255,132,81,62,48,145,25,114.819,-27.616,0.29,0,0.498,120.439,-95.123,5.778,0.015,-37.324,0,"인생최패망자",-0.111,-17.904,102,"Pring__",-22.458,-48.536,0,"Fresh825",-15.403,-63.423,0,"Sabo_10",18.88,-47.324,0,"Yaksok~",12.566,-64.424,0,"AI",40.9,-90.65,0,"Gonyong",-1.628,-108.189,0,"AI",-40.8,-90.55,0,0,0,0,2976.066,1,"인생최패망자",-3.026,-14.623,0,0,2976.066,,,,96,1
105,6,0,4,1,0,0,1,0,0,0,255,255,255,42,2997.684,"encounter v",L,27,85,138,0.572,-0.032,-0.119,1.985,0.378,1.442,-36.678,37.378,90,10,0,0,0,-89.456,-149.047,1.554,-0.734,-21.512,0,3,1,L,"Kr_Luna",190,95.256,0.499,0,85,W,Y,0,0,0,0,0,0,0,0,0,0,0,0,0,0,0,0,0.06,-37.204,0,"인생최패망자",-0.083,-18.49,0,"Pring__",-20.155,-45.251,0,"Fresh825",-14.112,-64.646,0,"Sabo_10",22.877,-51.684,0,"Yaksok~",15.379,-64.519,0,"AI",40.9,-90.65,0,"Gonyong",-0.595,-122.516,0,"AI",-40.8,-90.55,0,0,0,0,0,0,"",0,0,0,0,3000.7,,,,0,0
106,6,0,4,1,0,1,1,0,0,0,255,255,255,43,3015.247,"encounter v",L,26,75,126,1.389,-0.024,-0.084,1.965,0.541,1.377,-36.678,30.735,92,8,0,2,0,-37.669,-151.232,0.885,0,0,0,3,1,L,"Kr_Luna",190,95.256,0.499,3,85,W,Y,3016.1,111,112,98,88,61,137,113,22.469,1.558,0.8,0,0.152,71.946,-534.967,-261.981,0.378,-37.679,0,"인생최패망자",0.023,-17.747,0,"Pring__",-20.327,-46.672,0,"Fresh825",-13.779,-64.791,61,"Sabo_10",22.78,-51.843,0,"Yaksok~",16.268,-63.415,0,"AI",40.9,-90.65,0,"Gonyong",-0.611,-122.508,92,"AI",-40.8,-90.55,0,3020.35,11.024,-118.37,3020.758,7,"Gonyong",10.245,-114.844,0,0,,,,,49,1
107,6,0,4,1,0,0,2,0,0,0,255,255,255,44,3044.018,"encounter v",L,27,77,128,1.166,0.346,-0.059,2.062,0.655,1.692,-36.678,44.842,91,9,0,0,0,-94.54,-118.537,-0.413,0,0,0,4,4,R,"ddil_ddil69",190,90.2,0.397,0,85,W,Y,0,0,0,0,0,0,0,0,0,0,0,0,0,0,0,0,0.006,-37.349,0,"인생최패망자",0.043,-17.61,0,"Pring__",-22.255,-47.943,0,"Fresh825",-15.658,-63.944,0,"Sabo_10",19.085,-47.793,0,"Yaksok~",12.488,-65.074,0,"AI",40.9,-90.65,0,"Gonyong",-7.768,-120.943,0,"AI",-40.8,-90.55,0,0,0,0,0,0,"",0,0,0,0,3045.225,,,,0,0
108,6,0,4,1,0,1,2,0,0,0,255,255,255,45,3060.426,"encounter v",L,10,85,127,1.437,-2.187,-0.065,1.742,0.627,0.656,-36.678,25.96,98,2,0,4,0,0,400,-6.491,0,0,1,4,4,R,"ddil_ddil69",190,90.2,0.397,0,85,W,Y,0,0,0,0,0,0,0,0,0,0,0,0,0,0,0,0,0.1,-37.7,0,"인생최패망자",0.028,-17.798,0,"Pring__",-21.852,-47.479,0,"Fresh825",-15.728,-64.02,0,"Sabo_10",18.792,-47.622,0,"Yaksok~",11.687,-64.875,0,"AI",40.9,-90.65,0,"Gonyong",-7.772,-120.928,0,"AI",-40.8,-90.55,0,0,0,0,0,0,"",0,0,0,0,3061.642,,,,0,0
109,6,0,4,1,0,2,2,0,0,0,255,255,255,46,3077.426,"encounter v",L,27,69,121,0.592,0.855,-0.123,2.157,0.358,2,-36.678,64.306,92,8,0,2,0,-58.316,-123.255,-1.815,0,0,1,4,4,R,"ddil_ddil69",190,90.2,0.397,3,85,W,Y,3078.621,201,81,119,89,52,145,130,-30,-24.666,0.42,0,0.376,-288.334,465.979,223.798,-0.031,-37.266,0,"인생최패망자",0.004,-17.605,0,"Pring__",-21.95,-47.395,0,"Fresh825",-15.415,-63.816,0,"Sabo_10",18.962,-47.299,116,"Yaksok~",13.784,-67.06,0,"AI",40.9,-90.65,0,"Gonyong",-7.821,-120.872,0,"AI",-40.8,-90.55,0,3078.4,1.207,-22.952,3079.883,4,"Sabo_10",16.253,-45.482,0,0,,,,,60,2
110,7,1,4,1,0,0,0,0,0,0,255,255,255,62,3122.975,"mungjungh",R,13,80,105,-1.719,-0.949,0.779,1.504,-0.065,1.543,-36.51,26.388,2,98,0,1,0,-349.446,340.559,29.843,0,0,0,2,4,L,"Sabo_10",185.3,88,0.452,0,85,W,Y,0,0,0,0,0,0,0,0,0,0,0,0,0,0,0,0,0.318,-37.383,0,"Kr_Luna",-0.046,-17.445,0,"ゆっち一",-17.846,-45.793,0,"_앰프_",-11.177,-63.794,0,"ddil_ddil69",20.303,-45.776,0,"CoalCat",12.926,-61.927,0,"AI",40.9,-90.65,0,"CAT tourniquet",-0.016,-106.575,0,"AI",-40.8,-90.55,0,0,0,0,0,0,"",0,0,0,0,3123.608,,,,0,0
111,7,1,4,1,1,0,0,0,0,0,255,255,255,63,3136.321,"mungjungh",R,13,92,126,-1.454,-0.787,0.78,1.504,-0.095,1.489,-36.51,28.519,18,82,0,2,0,-371.909,334.191,35.528,0,0,1,2,4,L,"Sabo_10",185.3,88,0.452,3,85,W,Y,3137.191,159,86,72,57,18,139,107,-30,-7.007,0.92,0,0.304,-358.464,-48.129,-145.489,0.681,-37.238,0,"Kr_Luna",-0.052,-17.44,0,"ゆっち一",-17.647,-45.731,0,"_앰프_",-10.363,-64.591,52,"ddil_ddil69",20.139,-45.702,0,"CoalCat",13.058,-61.877,0,"AI",40.9,-90.65,0,"CAT tourniquet",-0.182,-106.753,89,"AI",-40.8,-90.55,0,3136.716,-0.324,-19.778,3141.3,7,"CAT tourniquet",10.671,-94.125,1,0,,,,,97,2
112,7,1,4,1,0,0,0,1,0,0,4,255,255,64,3160.626,"mungjungh",R,13,80,117,-0.589,-0.649,0.869,1.547,0.32,1.63,-36.51,38.747,7,93,0,2,0,-353.239,353.868,29.153,0,0,1,3,0,L,"Pring__",190,93.36,0.485,3,85,W,Y,3161.504,230,142,115,129,83,145,130,-16.291,-10.668,0.51,0,0.474,-368.588,-438.782,-94.725,0.827,-37.01,0,"Kr_Luna",-0.032,-17.519,0,"ゆっち一",-16.225,-41.863,0,"_앰프_",-3.225,-59.611,105,"ddil_ddil69",21.169,-46.242,0,"CoalCat",13.648,-60.393,57,"AI",40.9,-90.65,0,"CAT tourniquet",-0.536,-108.804,0,"AI",-40.8,-90.55,0,3161.292,0.524,-22.499,3163.083,5,"CoalCat",7.561,-61.352,0,4,,3163.818,,,39,2
113,7,1,4,1,0,0,2,0,0,0,255,255,255,65,3192.674,"mungjungh",R,32,99,140,-0.449,0.063,0.685,1.498,-0.536,1.456,-36.51,24.724,15,85,0,2,0,250,-200,35.642,0,0,0,4,7,R,"Gonyong",174.6,80,0.2,3,86,W,Y,3193.688,206,187,111,64,24,145,126,24.474,5.562,0.31,0.095,0.341,5.462,584.037,-104.518,0.497,-37.146,0,"Kr_Luna",0.001,-17.482,0,"ゆっち一",-17.759,-42.713,0,"_앰프_",-13.922,-60.49,0,"ddil_ddil69",18.911,-44.352,0,"CoalCat",9.904,-62.124,85,"AI",40.9,-90.65,0,"CAT tourniquet",-0.907,-109.473,95,"AI",-40.8,-90.55,0,3198.25,-25.921,-126.88,3200.65,7,"CAT tourniquet",-21.962,-123.26,1,0,,3204.324,,,100,2
114,7,1,4,1,0,0,2,0,1,0,255,7,255,66,3222.609,"mungjungh",R,26,87,140,1.702,0.07,0.919,1.51,0.555,1.511,-36.51,53.578,11,89,0,4,0,117.071,-172.922,0.992,0,0,1,5,2,L,"encounter v",190,83.307,0.497,0,86,W,Y,0,0,0,0,0,0,0,0,0,0,0,0,0,0,0,0,0.491,-37.053,0,"Kr_Luna",-0.017,-17.487,0,"ゆっち一",-19.475,-44.859,0,"_앰프_",-0.678,-59.434,0,"ddil_ddil69",20.084,-43.533,0,"CoalCat",11.709,-60.466,0,"AI",40.9,-90.65,0,"CAT tourniquet",-0.959,-109.773,0,"AI",-40.8,-90.55,0,0,0,0,0,0,"",0,0,0,0,3223.316,,3225.639,,0,0
115,7,1,4,1,0,1,2,0,0,1,255,255,7,67,3239.802,"mungjungh",R,0,59,100,-1.161,0.387,0.631,1.657,-0.526,1.875,-36.51,35.262,27,73,0,2,0,0,0.81,3.076,0,0,1,5,2,L,"encounter v",190,83.307,0.497,3,86,W,Y,3240.913,132,101,23,72,52,65,65,94.127,-78.863,-0.83,0,0.309,92.708,-120.802,123.123,0.355,-37.158,0,"Kr_Luna",0.007,-17.497,0,"ゆっち一",-19.289,-45.793,0,"_앰프_",-10.911,-62.835,0,"ddil_ddil69",19.294,-44.143,0,"CoalCat",12.199,-62.077,0,"AI",40.9,-90.65,0,"CAT tourniquet",-0.893,-109.796,0,"AI",-40.8,-90.55,0,3245.667,-23.467,-15.521,0,0,"",0,0,0,0,,,3247.467,,32,3
116,7,1,4,1,0,2,2,0,0,1,255,255,7,68,3260.821,"mungjungh",R,26,88,140,-1.521,0.853,0.621,1.457,-0.831,1.986,-36.51,15.685,36,64,0,4,0,126.066,-200,51.494,0,0,1,5,2,L,"encounter v",190,83.307,0.497,0,41,W,Y,0,0,0,0,0,0,0,0,0,0,0,0,0,0,0,0,0.344,-37.54,0,"Kr_Luna",0.058,-17.461,0,"ゆっち一",-21.018,-46.482,0,"_앰프_",-9.702,-63.668,0,"ddil_ddil69",15.873,-37.668,0,"CoalCat",12.63,-59.325,0,"AI",40.9,-90.65,0,"CAT tourniquet",0.235,-110.282,0,"AI",-40.8,-90.55,0,0,0,0,0,0,"",0,0,0,0,3261.566,,3264.447,,0,0
117,7,0,4,1,0,0,0,0,0,0,255,255,255,47,3388.44,"Pring__",R,32,83,135,0.42,0.425,0.357,1.473,-0.162,1.736,-36.136,25.841,7,93,0,0,0,250,-174.979,21.143,0,0,1,5,0,R,"mungjungh",190,90.345,0.401,0,85,W,Y,0,0,0,0,0,0,0,0,0,0,0,0,0,0,0,0,-0.194,-37.654,0,"인생최패망자",-0.047,-17.852,0,"encounter v",-19.734,-44.145,0,"Fresh825",-15.027,-62.888,0,"Sabo_10",20.191,-49.714,0,"Yaksok~",13.82,-66.474,0,"AI",40.903,-90.652,0,"Gonyong",-4.867,-123.721,0,"AI",-40.803,-90.552,0,0,0,0,0,0,"",0,0,0,0,3389.583,,,,0,0
118,7,0,4,1,0,1,0,0,0,0,255,255,255,48,3402.739,"Pring__",R,32,82,133,0.421,0.472,0.355,1.495,-0.169,1.807,-36.136,30.67,0,100,0,0,0,250,-122.906,19.243,0,0,1,5,0,R,"mungjungh",190,90.345,0.401,0,85,W,Y,0,0,0,0,0,0,0,0,0,0,0,0,0,0,0,0,-0.224,-37.69,0,"인생최패망자",0.012,-17.74,0,"encounter v",-19.708,-44.109,0,"Fresh825",-14.997,-62.914,0,"Sabo_10",20.453,-49.736,0,"Yaksok~",12.394,-66.565,0,"AI",40.903,-90.652,0,"Gonyong",-4.848,-123.742,0,"AI",-40.803,-90.552,0,0,0,0,0,0,"",0,0,0,0,3403.858,,,,0,0
119,7,0,4,1,0,2,0,0,0,0,255,255,255,49,3417.774,"Pring__",R,13,82,107,-1.115,-0.775,0.434,1.42,0.131,1.594,-36.136,36.683,0,100,0,0,0,-346.338,351.041,22.394,0,0,1,5,0,R,"mungjungh",190,90.345,0.401,0,85,W,Y,0,0,0,0,0,0,0,0,0,0,0,0,0,0,0,0,-0.155,-37.588,0,"인생최패망자",-0.046,-17.751,0,"encounter v",-20.123,-42.227,0,"Fresh825",-15.586,-63.109,0,"Sabo_10",19.696,-49.442,0,"Yaksok~",13.091,-67.41,0,"AI",40.903,-90.652,0,"Gonyong",-4.837,-123.729,0,"AI",-40.803,-90.552,0,0,0,0,0,0,"",0,0,0,0,3419.017,,,3422.228,0,0
120,7,0,4,1,0,0,1,0,0,0,255,255,255,50,3437.918,"Pring__",R,32,85,138,0.633,0.587,0.392,1.488,0.003,1.809,-36.136,32.812,0,100,0,2,0,204.6,-105.452,12.404,0,0,1,6,7,L,"CAT tourniquet",160,80,0.547,3,85,W,Y,3439.098,134,124,73,83,57,138,77,19.283,-12.909,-0.76,0,0.245,370.276,-335.488,-157.812,-0.333,-37.131,0,"인생최패망자",0.08,-17.712,0,"encounter v",-19.624,-44.302,0,"Fresh825",-13.013,-65.447,0,"Sabo_10",22.496,-52.213,0,"Yaksok~",15.268,-63.324,92,"AI",40.904,-90.654,0,"Gonyong",0.387,-105.978,0,"AI",-40.804,-90.554,0,0,0,0,3442.5,5,"Yaksok~",14.542,-69.385,0,0,,,,,10,1
121,7,0,4,1,0,0,2,0,0,0,255,255,255,51,3462.649,"Pring__",R,32,80,130,-7.952,0.197,0.416,1.441,0.114,1.629,-36.136,40.205,0,100,0,2,0,250,-104.345,11.433,0,0,1,0,3,R,"_앰프_",172.4,80,0.405,3,85,W,Y,3463.854,221,72,122,43,35,145,85,32.301,45.004,-0.77,0,0.108,67.064,381.992,67.223,-0.066,-37.23,0,"인생최패망자",-0.064,-17.658,0,"encounter v",-19.577,-43.906,0,"Fresh825",-15.061,-64.018,0,"Sabo_10",21.071,-52.816,0,"Yaksok~",12.833,-67.874,0,"AI",40.904,-90.654,0,"Gonyong",-5.629,-101.032,0,"AI",-40.804,-90.554,0,3467.675,-51.89,-63.545,0,0,"",0,0,0,0,,,,,8,3
122,7,0,4,1,0,1,2,0,0,0,255,255,255,52,3481.341,"Pring__",R,13,78,104,2.149,-0.83,0.769,1.441,1.605,1.609,-36.136,55.51,0,100,0,1,0,-369.138,312.348,3.7,0,0,0,0,3,R,"_앰프_",172.4,80,0.405,0,85,W,Y,0,0,0,0,0,0,0,0,0,0,0,0,0,0,0,0,-0.06,-37.741,0,"인생최패망자",0.013,-17.624,0,"encounter v",-19.445,-43.911,0,"Fresh825",-15.766,-64.003,0,"Sabo_10",21.698,-51.996,0,"Yaksok~",12.593,-66.541,0,"AI",40.903,-90.652,0,"Gonyong",-8.58,-103.042,0,"AI",-40.803,-90.552,0,0,0,0,0,0,"",0,0,0,0,3482.633,,,,0,0
123,7,0,4,1,1,1,2,0,0,0,255,255,255,53,3494.941,"Pring__",R,13,80,105,0.196,-0.509,0.616,1.525,0.697,1.838,-36.136,48.46,0,100,0,0,0,-340.024,350.871,6.864,0,0,1,0,3,R,"_앰프_",172.4,80,0.405,0,85,W,Y,0,0,0,0,0,0,0,0,0,0,0,0,0,0,0,0,-0.077,-37.197,0,"인생최패망자",-0.01,-17.622,0,"encounter v",-19.487,-43.921,0,"Fresh825",-15.798,-64.012,0,"Sabo_10",21.364,-51.414,0,"Yaksok~",13.323,-65.507,0,"AI",40.902,-90.652,0,"Gonyong",-8.58,-103.039,0,"AI",-40.802,-90.552,0,0,0,0,0,0,"",0,0,0,0,3496.183,,,,0,0
124,7,0,4,1,1,2,2,0,0,0,255,255,255,54,3509.096,"Pring__",R,32,82,133,5.088,1.074,0.438,1.49,0.217,1.805,-36.136,40.861,0,100,0,2,0,234.623,-80.494,10.256,0,0,1,0,3,R,"_앰프_",172.4,80,0.405,3,85,W,Y,3510.258,255,98,62,87,33,138,79,26.381,-23.147,-0.88,0,0.172,272.549,-412.522,339.916,-0.161,-37.281,0,"인생최패망자",-0.011,-17.688,0,"encounter v",-19.596,-43.91,0,"Fresh825",-15.708,-63.863,0,"Sabo_10",21.06,-50.907,0,"Yaksok~",14.233,-66.86,0,"AI",40.904,-90.654,0,"Gonyong",-8.603,-103.231,0,"AI",-40.804,-90.554,0,3514.5,31.076,-79.162,0,0,"",0,0,0,0,,,,,32,1
125,8,1,4,1,0,0,0,0,0,0,255,255,255,69,3551.248,"mungjungh",R,32,93,140,0.134,0.171,0.745,1.522,-0.256,1.551,-36.51,25.884,4,96,0,2,0,222.749,-200,27.928,0,0,1,6,1,R,"인생최패망자",190,80,0.346,3,85,W,Y,3552.286,241,254,146,141,54,145,90,26.47,35.482,-0.81,0,0.417,259.205,-283.308,101.956,0.484,-37.503,0,"Kr_Luna",0.051,-17.5,0,"ゆっち一",-19.618,-45.904,0,"_앰프_",-16.192,-62.135,0,"ddil_ddil69",20.093,-45.234,0,"CoalCat",10.725,-63.991,0,"AI",40.9,-90.65,0,"CAT tourniquet",-0.615,-111.72,0,"AI",-40.8,-90.55,0,3556.325,-40.516,-83.539,3561.267,0,"mungjungh",-1.016,-39.34,0,0,,,,,32,1
126,8,1,4,1,0,0,1,0,0,0,255,255,255,70,3576.49,"mungjungh",R,26,82,134,0.754,0.718,0.826,1.612,0.123,1.86,-36.51,33.852,0,100,0,0,0,127.111,-157.569,21.413,0,0,1,0,3,L,"Fresh825",173.1,80,0.2,0,85,W,Y,0,0,0,0,0,0,0,0,0,0,0,0,0,0,0,0,0.326,-37.581,0,"Kr_Luna",0.004,-17.537,0,"ゆっち一",-23.963,-50.711,0,"_앰프_",-9.614,-64.526,0,"ddil_ddil69",19.788,-45.065,0,"CoalCat",11.231,-62.828,0,"AI",40.9,-90.65,0,"CAT tourniquet",-0.065,-109.898,0,"AI",-40.8,-90.55,0,0,0,0,0,0,"",0,0,0,0,3577.25,,,,0,0
127,8,1,4,1,0,1,1,0,0,0,255,255,255,71,3590.4,"mungjungh",R,3,82,122,0.538,0.514,0.985,1.622,0.86,1.894,-36.51,49.597,0,100,0,2,0,-408.833,0,5.875,0,0,1,0,3,L,"Fresh825",173.1,80,0.2,3,85,W,Y,3591.45,253,75,108,116,80,145,85,43.584,33.346,-0.78,0,0.193,584.887,54.061,95.041,0.822,-37.127,0,"Kr_Luna",0.057,-17.551,0,"ゆっち一",-22.293,-49.643,0,"_앰프_",-9.429,-64.533,0,"ddil_ddil69",19.96,-44.611,0,"CoalCat",11.396,-62.785,86,"AI",40.9,-90.65,0,"CAT tourniquet",0.434,-110.004,0,"AI",-40.8,-90.55,0,3596.25,-37.924,-73.183,3600.35,5,"CoalCat",-1.883,-59.837,0,0,,,,,36,1
128,8,1,4,1,0,0,2,0,0,0,255,255,255,72,3615.936,"mungjungh",R,32,84,136,0.115,0.226,0.754,1.541,-0.213,1.607,-36.51,22.855,0,100,0,2,0,171.569,-130.993,15.957,0,0,1,1,5,R,"Yaksok~",173.2,85,0.437,3,85,W,Y,3616.873,102,82,55,56,16,132,92,-3.138,4.226,0.01,0,0.121,-30.252,-10.294,2.806,0.571,-37.569,0,"Kr_Luna",0.02,-17.548,0,"ゆっち一",-13.755,-37.988,0,"_앰프_",-17.384,-62.372,70,"ddil_ddil69",20.054,-45.238,0,"CoalCat",9.747,-64.865,0,"AI",40.9,-90.65,0,"CAT tourniquet",-1.046,-103.223,85,"AI",-40.8,-90.55,0,3616.883,-0.731,-29.744,3620.925,7,"CAT tourniquet",-5.482,-87.558,1,0,,,,,97,2
129,8,1,4,1,0,0,2,1,0,0,5,255,255,73,3641.965,"mungjungh",R,5,82,132,1.382,0.572,0.941,1.646,0.654,1.958,-36.51,42.733,28,72,0,0,0,-56.019,0,11.569,0,0,1,2,4,L,"Sabo_10",185.3,88,0.452,0,85,W,Y,0,0,0,0,0,0,0,0,0,0,0,0,0,0,0,0,0.484,-37.851,0,"Kr_Luna",-0.028,-17.562,0,"ゆっち一",-18.513,-43.528,0,"_앰프_",-4.41,-60.605,0,"ddil_ddil69",19.38,-44.335,0,"CoalCat",12.991,-62.774,0,"AI",40.9,-90.65,0,"CAT tourniquet",-0.225,-107.309,0,"AI",-40.8,-90.55,0,0,0,0,0,0,"",0,0,0,0,3642.483,,,,0,0
130,8,1,4,1,0,1,2,1,0,0,5,255,255,74,3656.44,"mungjungh",R,13,89,126,-0.495,-0.552,0.876,1.544,0.352,1.621,-36.51,45.005,0,100,0,2,0,-385.627,318.264,18.834,0,0,1,2,4,L,"Sabo_10",185.3,88,0.452,3,85,W,Y,3657.22,174,84,93,74,28,145,129,-30,20.709,0.5,0,0.428,-274.16,88.702,-77.847,0.641,-37.448,0,"Kr_Luna",0.016,-17.548,106,"ゆっち一",-19.078,-41.252,0,"_앰프_",-7.448,-59.045,95,"ddil_ddil69",19.423,-44.17,0,"CoalCat",12.979,-62.686,0,"AI",40.9,-90.65,0,"CAT tourniquet",-0.291,-107.238,0,"AI",-40.8,-90.55,0,3656.816,-0.57,-20.704,3664.308,8,"AI",-36.241,-125.85,1,0,3674.233,3662.193,3667.452,3672.784,105,2
131,8,1,5,1,0,0,2,0,0,1,255,255,4,75,3691.146,"mungjungh",R,32,85,137,1.741,0.293,0.887,1.545,0.404,1.623,-36.51,45.738,5,95,0,4,0,232.258,-200,15.89,0,0,1,3,0,L,"Pring__",190,93.36,0.485,0,85,W,Y,0,0,0,0,0,0,0,0,0,0,0,0,0,0,0,0,0.355,-37.863,0,"Kr_Luna",-0.03,-17.638,0,"ゆっち一",-18.465,-44.269,0,"_앰프_",-6.635,-62.142,0,"ddil_ddil69",19.807,-44.211,0,"CoalCat",13.795,-62.476,0,"AI",40.9,-90.65,0,"CAT tourniquet",0.961,-108.887,0,"AI",-40.8,-90.55,0,0,0,0,0,0,"",0,0,0,0,3691.875,,3693.174,,0,0
132,8,1,5,1,0,1,2,0,0,1,255,255,4,76,3706.206,"mungjungh",R,13,93,126,-1.744,-0.809,0.754,1.497,-0.213,1.467,-36.51,28.565,0,100,0,2,0,-368.696,337.733,18.432,0,0,1,3,0,L,"Pring__",190,93.36,0.485,3,85,W,Y,3707.193,255,135,110,128,102,145,123,4.786,34.003,0.19,0,0.585,-445.607,-280.238,265.261,0.354,-38.026,0,"Kr_Luna",0.045,-17.728,0,"ゆっち一",-18.489,-44.153,59,"_앰프_",-9.668,-60.406,0,"ddil_ddil69",19.046,-43.949,0,"CoalCat",13.906,-62.367,0,"AI",40.9,-90.65,0,"CAT tourniquet",0.374,-113.478,0,"AI",-40.8,-90.55,0,3707.783,-15.961,-45.001,3708.158,2,"ゆっち一",-15.746,-44.668,0,0,,,,,10,2
133,8,0,5,1,0,0,0,0,0,0,255,255,255,55,3764.116,"Pring__",R,32,84,137,-1.698,0.229,0.167,1.446,-1.044,1.646,-36.136,17.539,0,100,0,1,0,250,-119.609,33.01,0,0,0,1,2,L,"ゆっち一",180.9,83.623,0.399,0,72,W,Y,0,0,0,0,0,0,0,0,0,0,0,0,0,0,0,0,-0.031,-37.511,0,"encounter v",-0.046,-17.438,0,"Sabo_10",-21.013,-47.444,0,"Fresh825",-14.01,-64.876,0,"인생최패망자",18.225,-43.752,0,"Yaksok~",16.914,-63.503,0,"AI",40.9,-90.65,0,"Gonyong",2.756,-118.658,0,"AI",-40.8,-90.55,0,0,0,0,0,0,"",0,0,0,0,3765.267,,,,0,0
134,8,0,5,1,1,0,0,0,0,0,255,255,255,56,3777.027,"Pring__",R,32,82,133,-1.34,0.593,0.204,1.507,-0.873,1.856,-36.136,22.265,0,100,0,2,0,210.698,-122.065,26.475,0,0,1,1,2,L,"ゆっち一",180.9,83.623,0.399,3,72,W,Y,3778.253,154,94,63,75,31,138,101,-30,-57.07,0.94,0,0.283,-298.203,-412.359,69.854,0.019,-37.025,0,"encounter v",-0.117,-17.519,0,"Sabo_10",-21.023,-47.528,0,"Fresh825",-14.157,-64.727,0,"인생최패망자",18.593,-44.073,0,"Yaksok~",16.139,-64.488,0,"AI",40.9,-90.65,0,"Gonyong",2.761,-118.643,0,"AI",-40.8,-90.55,0,3777.941,2.414,-20.307,0,0,"",0,0,0,0,,,,,8,3
135,8,0,5,1,1,1,0,0,0,0,255,255,255,57,3791.225,"Pring__",R,32,77,127,2.987,1.472,0.511,1.6,0.96,2.431,-36.136,47.311,0,100,0,1,0,225.187,-63.724,11.432,0,0,0,1,2,L,"ゆっち一",180.9,83.623,0.399,0,72,W,Y,0,0,0,0,0,0,0,0,0,0,0,0,0,0,0,0,-0.048,-37.426,0,"encounter v",0.012,-17.479,0,"Sabo_10",-21.077,-46.484,0,"Fresh825",-12.846,-64.439,0,"인생최패망자",18.735,-44.471,0,"Yaksok~",16.852,-64.748,0,"AI",40.9,-90.65,0,"Gonyong",2.777,-118.603,0,"AI",-40.8,-90.55,0,0,0,0,0,0,"",0,0,0,0,3792.417,,,,0,0
136,8,0,5,1,2,1,0,0,0,0,255,255,255,58,3803.525,"Pring__",R,32,75,126,2.974,0.826,0.502,1.511,0.966,2.061,-36.136,49.199,0,100,0,4,0,215.199,-45.881,4.892,0,0,1,1,2,L,"ゆっち一",180.9,83.623,0.399,0,72,W,Y,0,0,0,0,0,0,0,0,0,0,0,0,0,0,0,0,-0.016,-37.149,0,"encounter v",0.059,-17.395,0,"Sabo_10",-21.181,-44.308,0,"Fresh825",-13.437,-64.893,0,"인생최패망자",19.455,-45.25,0,"Yaksok~",15.748,-64.663,0,"AI",40.9,-90.65,0,"Gonyong",2.749,-118.624,0,"AI",-40.8,-90.55,0,0,0,0,0,0,"",0,0,0,0,3804.675,,,,0,0
137,8,0,5,1,2,2,0,0,0,0,255,255,255,59,3817.112,"Pring__",R,3,79,105,3.929,0.417,0.603,1.437,0.655,1.629,-36.136,44.518,0,100,0,2,0,-463.59,0,5.525,0,0,1,1,2,L,"ゆっち一",180.9,83.623,0.399,3,72,W,Y,3818.461,232,42,74,33,33,137,84,14.49,-0.183,-0.73,0,0.266,226.565,-126.075,226.097,-0.389,-36.868,0,"encounter v",-0.049,-17.488,0,"Sabo_10",-21.152,-47.187,0,"Fresh825",-13.372,-64.812,71,"인생최패망자",18.774,-44.376,0,"Yaksok~",16.707,-65.882,0,"AI",40.9,-90.65,0,"Gonyong",2.743,-118.623,95,"AI",-40.8,-90.55,0,3820.992,0.857,-74.943,3823.558,7,"Gonyong",1.259,-97.046,1,0,,,,,25,2
138,8,0,5,1,0,0,0,1,0,0,12,255,255,60,3848.104,"Pring__",R,3,70,99,1.445,0.573,0.67,1.529,1.376,1.954,-36.136,67.45,0,100,0,0,0,-394.565,1.39,-8.995,0,0,0,2,5,R,"CoalCat",168.6,80,0.403,0,85,W,Y,0,0,0,0,0,0,0,0,0,0,0,0,0,0,0,0,0.005,-37.5,0,"encounter v",-0.053,-17.454,0,"Sabo_10",-19.888,-41.798,0,"Fresh825",-12.914,-59.564,0,"인생최패망자",17.052,-44.929,0,"Yaksok~",7.362,-61.485,0,"AI",40.9,-90.65,0,"Gonyong",-3.26,-106.149,0,"AI",-40.8,-90.55,0,0,0,0,0,0,"",0,0,0,0,3849.441,3877.656,,,0,0
139,8,0,5,1,0,1,0,0,1,0,255,12,255,61,3900.201,"Pring__",R,32,83,134,0.817,0.215,0.172,1.448,-1.021,1.655,-36.136,17.618,0,100,0,2,0,195.406,-120.492,24.329,0,0,1,2,5,R,"CoalCat",168.6,80,0.403,3,85,W,Y,3901.388,255,45,81,73,37,145,104,8.553,41.608,0.08,0,0.421,81.58,450.854,-58.069,-0.066,-37.151,0,"encounter v",-0.456,-17.506,0,"Sabo_10",-20.908,-46.878,116,"Fresh825",-13.726,-62.676,0,"인생최패망자",16.567,-44.964,0,"Yaksok~",7.65,-59.15,85,"AI",40.9,-90.65,0,"Gonyong",-1.131,-101.576,0,"AI",-40.8,-90.55,0,0,0,0,3902.533,2,"Sabo_10",-22.337,-42.62,0,0,,3900.738,,,14,1
140,8,0,5,1,0,0,1,0,1,0,255,12,255,62,3923.123,"Pring__",R,14,73,100,0.505,-0.185,0.259,1.605,-0.41,1.993,-36.136,26.336,100,0,0,0,0,323.455,351.292,-15.601,0,0,0,3,1,L,"Kr_Luna",190,95.256,0.499,0,85,W,Y,0,0,0,0,0,0,0,0,0,0,0,0,0,0,0,0,0.062,-37.252,0,"encounter v",-0.034,-17.282,0,"Sabo_10",-21.334,-47.289,0,"Fresh825",-11.24,-64.315,0,"인생최패망자",19.45,-41.073,0,"Yaksok~",16.383,-63.847,0,"AI",40.9,-90.65,0,"Gonyong",4.066,-123.402,0,"AI",-40.8,-90.55,0,0,0,0,0,0,"",0,0,0,0,3924.175,3926.47,,,0,0
141,8,0,5,1,0,1,1,0,1,0,255,12,255,63,3936.855,"Pring__",R,32,83,135,-0.9,0.336,0.243,1.456,-0.691,1.68,-36.136,21.384,0,100,0,2,0,233.572,-177.304,43.169,0,0,0,3,1,L,"Kr_Luna",190,95.256,0.499,3,85,W,Y,3937.729,105,80,129,72,45,137,102,92.398,86.53,0.05,0,0.052,270.656,-424.67,141.036,-0.265,-36.545,0,"encounter v",-0.055,-17.479,0,"Sabo_10",-21.405,-47.478,0,"Fresh825",-1.794,-60.004,0,"인생최패망자",18.334,-44.047,0,"Yaksok~",15.632,-63.53,0,"AI",40.9,-90.65,0,"Gonyong",4.099,-123.4,0,"AI",-40.8,-90.55,0,0,0,0,0,0,"",0,0,0,0,,3941.791,,,8,3
142,8,0,5,1,0,2,1,0,1,0,255,12,255,64,3951.701,"Pring__",R,14,75,102,-1.434,0.086,-0.01,1.687,-1.247,2.169,-36.136,21.771,100,0,0,2,0,322.808,358.898,-10.302,0,0,0,3,1,L,"Kr_Luna",190,95.256,0.499,3,85,W,Y,3952.681,172,102,107,73,39,145,130,26.326,-22.458,0.52,0,0.104,-109.719,89.448,-0.97,-0.251,-36.512,0,"encounter v",-0.057,-17.491,0,"Sabo_10",-21.84,-47.692,0,"Fresh825",-9.984,-62.807,75,"인생최패망자",18.131,-43.912,0,"Yaksok~",16.289,-63.161,0,"AI",40.9,-90.65,0,"Gonyong",3.976,-123.056,0,"AI",-40.8,-90.55,0,3956.917,40.079,-123.532,3958.825,6,"AI",35.675,-116.777,1,0,,3962.903,3956.63,3963.181,9,2
143,8,0,5,2,0,0,1,0,1,0,255,11,255,65,3987.392,"Pring__",R,32,80,131,-1.128,0.576,0.225,1.494,-0.776,1.802,-36.136,24.324,0,100,0,0,0,216.363,-200,30.777,0,0,0,4,4,R,"ddil_ddil69",190,90.2,0.397,0,85,W,Y,0,0,0,0,0,0,0,0,0,0,0,0,0,0,0,0,-0.256,-37.477,0,"encounter v",-0.332,-17.764,0,"Sabo_10",-20.833,-46.553,0,"Fresh825",-13.948,-63.718,0,"인생최패망자",17.973,-41.996,0,"Yaksok~",8.111,-63.532,0,"AI",40.9,-90.65,0,"Gonyong",-5.603,-117.393,0,"AI",-40.8,-90.55,0,0,0,0,0,0,"",0,0,0,0,3988.583,3990.819,,,0,0
144,8,0,5,2,0,1,1,0,1,0,255,11,255,66,4001.938,"Pring__",R,32,82,133,-1.251,-0.455,0.212,1.296,-0.837,1.16,-36.136,26.734,22,78,0,0,0,212.204,-200,23.723,0,0,0,4,4,R,"ddil_ddil69",190,90.2,0.397,0,85,W,Y,0,0,0,0,0,0,0,0,0,0,0,0,0,0,0,0,-0.22,-37.509,0,"encounter v",-0.139,-17.446,0,"Sabo_10",-20.972,-46.749,0,"Fresh825",-14.389,-63.751,0,"인생최패망자",18.712,-41.279,0,"Yaksok~",7.978,-65.044,0,"AI",40.9,-90.65,0,"Gonyong",-4.927,-114.9,0,"AI",-40.8,-90.55,0,0,0,0,0,0,"",0,0,0,0,4003.117,4004.748,,,0,0
145,8,0,5,2,0,2,1,0,1,0,255,11,255,67,4016.446,"Pring__",R,32,80,130,-0.962,0.644,0.235,1.506,-0.729,1.843,-36.136,20.999,0,100,0,2,0,220.845,-200,31.934,0,0,1,4,4,R,"ddil_ddil69",190,90.2,0.397,3,85,W,Y,4017.696,167,33,66,47,0,137,109,112.312,-69.092,0.87,0,0.302,-2.128,464.349,-158.603,-0.003,-37.063,0,"encounter v",-0.317,-17.685,0,"Sabo_10",-20.758,-46.776,0,"Fresh825",-14.77,-63.624,0,"인생최패망자",17.248,-44.92,0,"Yaksok~",10.344,-66.274,0,"AI",40.9,-90.65,0,"Gonyong",-1.535,-113.935,0,"AI",-40.8,-90.55,0,0,0,0,0,0,"",0,0,0,0,,4020.782,,,8,3
146,8,0,5,2,0,2,1,0,1,0,255,11,255,68,4034.899,"Pring__",R,13,82,107,-1.212,-0.631,0.444,1.442,0.161,1.641,-36.136,28.395,0,100,0,0,0,-379.786,312.348,28.285,0,0,1,4,4,R,"ddil_ddil69",190,90.2,0.397,0,85,W,Y,0,0,0,0,0,0,0,0,0,0,0,0,0,0,0,0,0.111,-37.407,0,"encounter v",-0.111,-17.433,0,"Sabo_10",-20.765,-45.32,0,"Fresh825",-14.259,-63.698,0,"인생최패망자",17.045,-43.29,0,"Yaksok~",8.245,-66.565,0,"AI",40.9,-90.65,0,"Gonyong",-3.957,-113.344,0,"AI",-40.8,-90.55,0,0,0,0,0,0,"",0,0,0,0,4036.225,4037.937,,,0,0
147,8,0,5,2,0,0,2,0,1,0,255,11,255,69,4050.423,"Pring__",R,32,83,135,-1.296,0.239,0.206,1.431,-0.866,1.6,-36.136,22.364,0,100,0,2,0,219.263,-200,15.417,0,0,1,5,0,R,"mungjungh",190,90.345,0.401,3,85,W,Y,4051.53,143,176,155,26,26,145,112,-2.113,46.625,0.91,0,0.362,-42.168,58.875,-9.328,-0.131,-37.163,0,"encounter v",-0.246,-17.487,0,"Sabo_10",-20.782,-46.513,0,"Fresh825",-15.88,-63.269,0,"인생최패망자",16.96,-44.984,0,"Yaksok~",13.283,-67.407,0,"AI",40.9,-90.65,0,"Gonyong",-3.575,-117.051,0,"AI",-40.8,-90.55,0,4051.633,-11.709,-29.639,0,0,"",0,0,0,0,,4055.704,,,8,3
148,8,0,5,2,0,1,2,0,1,0,255,11,255,70,4067.547,"Pring__",R,32,81,131,0.888,0.537,0.398,1.493,0.027,1.798,-36.136,33.087,0,100,0,2,0,250,-177.797,13.126,0,0,1,5,0,R,"mungjungh",190,90.345,0.401,3,85,W,Y,4068.682,154,146,107,70,41,145,130,29.014,35.429,0.6,0,0.525,205.542,-133.063,47.53,-0.251,-36.84,0,"encounter v",-0.115,-17.497,0,"Sabo_10",-20.94,-47.926,0,"Fresh825",-14.887,-63.999,0,"인생최패망자",17.442,-45.143,0,"Yaksok~",11.362,-67.591,0,"AI",40.9,-90.65,0,"Gonyong",-5.707,-113.764,0,"AI",-40.8,-90.55,0,4073.325,-65.085,-115.9,0,0,"",0,0,0,0,,4068.458,4074.589,4079.641,8,4
149,8,0,5,4,0,0,2,0,0,0,255,255,255,71,4106.361,"Pring__",R,14,68,97,-0.923,0.742,0.045,1.814,-1.074,2.592,-36.136,27.458,100,0,0,0,0,325.389,337.403,-8.693,0,0,0,6,7,L,"CAT tourniquet",160,80,0.547,0,85,W,Y,0,0,0,0,0,0,0,0,0,0,0,0,0,0,0,0,0.084,-37.379,0,"encounter v",-0.046,-17.382,0,"Sabo_10",-18.164,-43.312,0,"Fresh825",-12.322,-65.513,0,"인생최패망자",16.199,-41.88,0,"Yaksok~",15.797,-63.466,0,"AI",40.9,-90.65,0,"Gonyong",1.116,-105.303,0,"AI",-40.8,-90.55,0,0,0,0,0,0,"",0,0,0,0,4107.592,,,,0,0
150,8,0,5,4,0,1,2,0,0,0,255,255,255,72,4122.94,"Pring__",R,32,84,137,-0.386,0.363,0.279,1.457,-0.522,1.689,-36.136,25.207,0,100,0,2,0,246.412,-173.344,29.922,0,0,1,6,7,L,"CAT tourniquet",160,80,0.547,3,85,W,Y,4124.051,209,106,66,79,51,140,79,96.617,-67.4,-0.75,0,0.304,279.675,217.95,-69.112,0.066,-36.846,0,"encounter v",-0.068,-17.567,0,"Sabo_10",-18.784,-43.818,0,"Fresh825",-12.234,-65.292,0,"인생최패망자",15.221,-39.933,0,"Yaksok~",15.729,-63.352,0,"AI",40.9,-90.65,0,"Gonyong",1.154,-105.331,0,"AI",-40.8,-90.55,0,4129.533,-21.851,-6.751,0,0,"",0,0,0,0,,,,,8,3
151,8,0,5,4,0,2,2,0,0,0,255,255,255,73,4142.507,"Pring__",R,32,81,131,1.166,0.87,0.423,1.529,0.148,1.964,-36.136,42.945,0,100,0,0,0,250,-91.975,3.128,0,0,0,6,7,L,"CAT tourniquet",160,80,0.547,0,49,W,Y,0,0,0,0,0,0,0,0,0,0,0,0,0,0,0,0,-0.242,-37.654,0,"encounter v",-0.279,-18.912,0,"Sabo_10",-19.801,-43.647,0,"Fresh825",-13.943,-64.119,0,"인생최패망자",15.961,-41.507,0,"Yaksok~",13.89,-61.958,0,"AI",40.9,-90.65,0,"Gonyong",0.471,-103.235,0,"AI",-40.8,-90.55,0,0,0,0,0,0,"",0,0,0,64,4143.608,,,,0,0
152,9,1,5,4,0,0,0,0,0,0,255,255,255,77,4183.827,"mungjungh",R,32,91,140,-1.395,-0.609,0.601,1.388,-0.926,1.07,-36.51,19.722,7,93,0,0,0,250,-200,49.269,-0.254,-10.91,0,4,7,R,"Gonyong",174.6,80,0.2,0,85,W,Y,0,0,0,0,0,0,0,0,0,0,0,0,0,0,0,0,0.503,-37.9,0,"Kr_Luna",0.045,-17.362,0,"ゆっち一",-17.818,-41.805,0,"_앰프_",-16.785,-62.735,0,"ddil_ddil69",20.964,-46.406,0,"CoalCat",11.659,-63.043,0,"AI",40.9,-90.65,0,"CAT tourniquet",-0.541,-111.179,0,"AI",-40.8,-90.55,0,0,0,0,0,0,"",0,0,0,0,4189.025,,,,0,0
153,9,1,5,4,0,1,0,0,0,0,255,255,255,78,4205.895,"mungjungh",R,27,86,139,2.319,0.532,0.993,1.59,0.898,1.78,-36.51,54.674,0,100,0,2,0,60.203,-140.806,6.771,0,0,1,4,7,R,"Gonyong",174.6,80,0.2,3,85,W,Y,4206.96,180,80,39,21,14,101,104,-30,34.301,0.32,0,0.251,-529.188,268.304,-89.291,0.594,-37.476,0,"Kr_Luna",0.062,-17.605,0,"ゆっち一",-18.197,-44.654,85,"_앰프_",-16.989,-62.522,0,"ddil_ddil69",20.95,-46.417,0,"CoalCat",11.761,-62.97,0,"AI",40.9,-90.65,0,"CAT tourniquet",-0.226,-111.171,0,"AI",-40.8,-90.55,0,4206.65,-0.709,-20.43,4208.158,2,"ゆっち一",-13.445,-45.073,0,0,,,,,34,2
154,9,1,5,4,0,0,1,0,0,0,255,255,255,79,4225.902,"mungjungh",R,32,92,140,-1.565,-0.468,0.595,1.399,-0.955,1.151,-36.51,17.225,2,98,0,1,0,250,-200,84.286,0,0,0,5,1,L,"encounter v",190,83.307,0.497,0,85,W,Y,0,0,0,0,0,0,0,0,0,0,0,0,0,0,0,0,0.179,-38.122,0,"Kr_Luna",0.039,-17.613,0,"ゆっち一",-17.264,-45.681,0,"_앰프_",-9.352,-66.97,0,"ddil_ddil69",20.31,-46.164,0,"CoalCat",13.034,-61.934,0,"AI",40.9,-90.65,0,"CAT tourniquet",-0.215,-110.131,0,"AI",-40.8,-90.55,0,0,0,0,0,0,"",0,0,0,0,4226.542,,,,0,0
155,9,1,5,4,1,0,1,0,0,0,255,255,255,80,4239.031,"mungjungh",R,32,91,140,-0.65,-0.357,0.663,1.418,-0.638,1.211,-36.51,17.897,1,99,0,2,0,236.366,-200,44.931,0,0,1,5,1,L,"encounter v",190,83.307,0.497,3,85,W,Y,4239.896,255,105,8,36,18,36,46,12.204,13.079,0.92,0,0.266,-238.2,325.811,400.178,0.389,-37.818,0,"Kr_Luna",0.025,-17.593,0,"ゆっち一",-16.676,-46.595,74,"_앰프_",-8.96,-65.215,105,"ddil_ddil69",19.744,-45.213,0,"CoalCat",13.124,-61.89,0,"AI",40.9,-90.65,0,"CAT tourniquet",-0.38,-110.171,0,"AI",-40.8,-90.55,0,4240.833,-4.007,-34.533,4243.275,3,"_앰프_",-11.148,-51.751,0,0,,,,,35,2
156,9,1,5,4,0,0,2,0,0,0,255,255,255,81,4302.228,"mungjungh",R,32,96,140,0.291,0.384,0.762,1.564,-0.175,1.684,-36.51,21.423,27,73,0,2,0,220.126,-200,38.789,0,0,1,6,4,R,"인생최패망자",190,80,0.346,3,85,W,Y,4303.26,255,198,150,131,68,145,114,26.329,-23.459,0.14,0,0.386,273.476,125.875,519.005,0.486,-37.763,0,"Kr_Luna",-0.014,-17.263,0,"ゆっち一",-19.172,-48.7,0,"_앰프_",-16.414,-62.013,70,"ddil_ddil69",19.483,-44.906,0,"CoalCat",10.918,-63.513,0,"AI",40.9,-90.65,0,"CAT tourniquet",-0.917,-110.735,0,"AI",-40.8,-90.55,0,4308.033,37.075,-117.09,4310.525,6,"AI",36.539,-122.777,1,0,,4313.428,,,33,2
157,9,1,5,4,0,0,2,0,1,0,255,4,255,82,4337.38,"mungjungh",R,26,95,140,-1.005,0.295,0.668,1.548,-0.613,1.633,-36.51,15.929,5,95,0,0,0,120.468,-150.96,35.366,0,0,0,0,3,L,"Fresh825",173.1,80,0.2,0,85,W,Y,0,0,0,0,0,0,0,0,0,0,0,0,0,0,0,0,0.105,-38.085,0,"Kr_Luna",-0.032,-17.6,0,"ゆっち一",-17.626,-44.488,0,"_앰프_",-6.423,-60.544,0,"ddil_ddil69",19.343,-44.733,0,"CoalCat",12.243,-61.158,0,"AI",40.9,-90.65,0,"CAT tourniquet",0.352,-105.399,0,"AI",-40.8,-90.55,0,0,0,0,0,0,"",0,0,0,0,4338.075,4340.858,,,0,0
158,9,1,5,4,0,1,2,0,1,0,255,4,255,83,4354.702,"mungjungh",R,3,77,115,-0.366,-0.759,0.947,1.421,0.685,1.18,-36.51,55.611,0,100,0,2,0,-500,0,36.513,0,0,1,0,3,L,"Fresh825",173.1,80,0.2,3,85,W,Y,4355.775,255,98,153,138,89,145,126,32.663,26.95,0.68,0,0.172,83.538,-556.463,21.589,0.314,-36.889,0,"Kr_Luna",0.019,-17.632,0,"ゆっち一",-17.653,-44.498,0,"_앰프_",-7.306,-60.35,88,"ddil_ddil69",19.292,-44.645,0,"CoalCat",12.742,-61.171,0,"AI",40.9,-90.65,0,"CAT tourniquet",0.422,-105.16,0,"AI",-40.8,-90.55,0,4360.725,-36.438,-125.626,4363.275,8,"AI",-29.838,-119.91,1,0,,4365.269,4359.253,4364.169,33,2
159,9,1,6,4,0,0,2,0,1,0,255,3,255,84,4386.491,"mungjungh",R,26,90,140,1.813,-2.757,0.859,1.583,0.273,1.757,-36.51,37.032,19,81,0,2,0,98.769,-196.583,13.49,0,0,1,1,5,R,"Yaksok~",173.2,80,0.437,3,85,W,Y,4387.385,171,57,43,19,0,97,99,-30,-42.447,0.24,0,0.201,71.883,137.735,-526.99,0.661,-37.457,0,"Kr_Luna",0.019,-17.527,0,"ゆっち一",-18.011,-43.198,0,"_앰프_",-15.507,-63.419,0,"ddil_ddil69",19.418,-44.666,0,"CoalCat",7.985,-61.975,0,"AI",40.9,-90.65,0,"CAT tourniquet",0.159,-110.07,0,"AI",-40.8,-90.55,0,4387.083,1.86,-21.686,4389.033,4,"ddil_ddil69",15.692,-41.741,0,0,,,4392.134,,26,2
160,9,0,6,4,0,0,0,0,0,0,255,255,255,74,4430.602,"Pring__",R,32,82,133,0.159,0.208,0.236,1.057,-0.279,1.856,-36.136,31.821,0,15,85,0,0,250,104.279,18.441,0,0,0,0,3,R,"_앰프_",172.4,80,0.405,0,85,W,Y,0,0,0,0,0,0,0,0,0,0,0,0,0,0,0,0,-0.324,-37.625,0,"encounter v",-0.124,-17.509,0,"Sabo_10",-21.02,-47.803,0,"Fresh825",-14.945,-64.142,0,"인생최패망자",16.803,-45.256,0,"Yaksok~",12.542,-65.339,0,"AI",40.9,-90.65,0,"Gonyong",-4.082,-113.783,0,"AI",-40.8,-90.55,0,0,0,0,0,0,"",0,0,0,0,4431.675,,,,0,0
161,9,0,6,4,0,1,0,0,0,0,255,255,255,75,4446.429,"Pring__",R,3,86,126,-1.192,0.128,0.337,1.013,0.191,1.699,-36.136,26.895,5,10,86,2,0,-500,0,27.097,0,0,1,0,3,R,"_앰프_",172.4,80,0.405,3,85,W,Y,4447.621,214,110,75,70,42,145,126,114.238,-59.843,0.46,0,0.2,163.949,-56.913,73.901,-0.474,-36.601,0,"encounter v",-0.058,-17.666,0,"Sabo_10",-20.616,-48.494,0,"Fresh825",-14.837,-64.042,0,"인생최패망자",16.89,-45.287,0,"Yaksok~",12.091,-65.253,0,"AI",40.9,-90.65,0,"Gonyong",-8.859,-103.926,0,"AI",-40.8,-90.55,0,0,0,0,0,0,"",0,0,0,0,,,,,8,3
162,9,0,6,4,0,2,0,0,0,0,255,255,255,76,4464.289,"Pring__",R,32,79,116,1.822,-1.31,0.369,0.884,0.376,1.093,-36.136,44.693,4,10,86,2,0,250,163.981,0,0,0,1,0,3,R,"_앰프_",172.4,80,0.405,3,85,W,Y,4465.511,255,114,84,100,42,145,112,-14.757,5.349,0.89,0,0.297,-391.371,378.012,-121.072,0.186,-36.571,0,"encounter v",-0.055,-17.72,0,"Sabo_10",-21.24,-48.272,82,"Fresh825",-15.041,-64.131,0,"인생최패망자",16.683,-45.297,0,"Yaksok~",11.889,-65.124,0,"AI",40.9,-90.65,0,"Gonyong",-11.529,-104.463,104,"AI",-40.8,-90.55,0,4465.192,0.126,-23.21,4468.9,7,"Gonyong",-4.265,-88.647,1,0,,,,,28,2
163,9,0,6,4,0,0,0,1,0,0,13,255,255,77,4493.399,"Pring__",R,32,87,140,-1.203,0.252,0.113,1.063,-0.847,1.869,-36.136,26.914,0,17,83,0,0,250,90.968,4.363,0,0,1,1,2,L,"ゆっち一",180.9,83.623,0.399,0,85,W,Y,0,0,0,0,0,0,0,0,0,0,0,0,0,0,0,0,-0.21,-37.093,0,"encounter v",-0.129,-18.224,0,"Sabo_10",-20.244,-44.29,0,"Fresh825",-7.876,-64.992,0,"인생최패망자",16.66,-42.166,0,"Yaksok~",12.419,-60.973,0,"AI",40.9,-90.65,0,"Gonyong",5.866,-121.766,0,"AI",-40.8,-90.55,0,0,0,0,0,0,"",0,0,0,0,4494.392,,,,0,0
164,9,0,6,4,0,1,0,1,0,0,13,255,255,78,4511.329,"Pring__",R,32,89,140,-1.101,0.895,0.125,1.183,-0.794,2.276,-36.136,20.475,0,72,28,2,0,250,119.934,25.673,0,0,1,1,2,L,"ゆっち一",180.9,83.623,0.399,3,85,W,Y,4512.459,212,54,76,51,22,140,123,-30,-43.054,0.74,0,0.177,-42.066,-527.05,-158.875,-0.399,-36.794,0,"encounter v",-0.074,-17.362,0,"Sabo_10",-20.005,-45.255,0,"Fresh825",-2.629,-61.671,0,"인생최패망자",16.745,-41.938,67,"Yaksok~",12.541,-60.716,0,"AI",40.9,-90.65,0,"Gonyong",5.868,-121.765,0,"AI",-40.8,-90.55,0,4512.133,1.662,-20.619,4519.15,6,"AI",72.014,-92.875,1,0,,4514.67,4520.793,,72,2
165,9,0,6,4,0,0,0,0,1,1,255,12,13,79,4549.162,"Pring__",R,32,81,131,1.166,-0.384,0.328,0.973,0.152,1.555,-36.136,32.877,2,15,83,0,0,250,131.696,14.26,0,0,0,2,5,R,"CoalCat",168.6,80,0.403,0,84,W,Y,0,0,0,0,0,0,0,0,0,0,0,0,0,0,0,0,-0.056,-36.822,0,"encounter v",-0.131,-17.438,0,"Sabo_10",-18.005,-43.637,0,"Fresh825",-15.096,-63.684,0,"인생최패망자",17.653,-41.515,0,"Yaksok~",8.101,-60.431,0,"AI",40.9,-90.65,0,"Gonyong",-6.362,-106.884,0,"AI",-40.8,-90.55,0,0,0,0,0,0,"",0,0,0,0,4550.217,4552.547,4551.679,,0,0
166,9,0,6,4,0,1,0,0,1,1,255,12,13,80,4563.95,"Pring__",R,3,89,126,-1.331,-0.636,0.326,1.093,0.14,1.262,-36.136,28.835,2,17,81,2,0,-500,0,16.107,0,0,1,2,5,R,"CoalCat",168.6,80,0.403,3,84,W,Y,4565.052,215,139,68,64,34,141,125,103.936,-59.581,0.59,0,0.486,539.548,-9.688,173.073,-0.207,-36.584,0,"encounter v",-0.099,-17.556,0,"Sabo_10",-18.587,-44.461,0,"Fresh825",-15.228,-63.867,0,"인생최패망자",16.553,-43.663,0,"Yaksok~",10.337,-60.155,0,"AI",40.9,-90.65,0,"Gonyong",-6.346,-106.908,0,"AI",-40.8,-90.55,0,0,0,0,0,0,"",0,0,0,0,,4568.335,4567.561,,8,3
167,9,0,6,4,0,2,0,0,1,1,255,12,13,81,4581.108,"Pring__",R,32,78,116,0.806,-0.842,0.292,1.066,-0.012,1.329,-36.136,28.789,0,17,83,2,0,217.69,134.359,0,0,0,1,2,5,R,"CoalCat",168.6,80,0.403,3,84,W,Y,4582.303,188,152,62,68,47,138,91,35.428,-15.852,-0.16,0,0.421,503.827,-19.422,2.334,-0.18,-36.977,0,"encounter v",-0.216,-17.567,120,"Sabo_10",-19.167,-45.066,0,"Fresh825",-15.029,-62.789,105,"인생최패망자",16.225,-43.891,69,"Yaksok~",10.465,-60.685,0,"AI",40.9,-90.65,0,"Gonyong",-6.57,-107.553,0,"AI",-40.8,-90.55,0,4587.083,21.363,-91.532,4591.292,3,"Fresh825",1.552,-59.807,0,0,4593.683,4590.869,4585.045,,105,1
168,9,0,6,4,0,0,1,0,1,1,255,12,13,82,4614.804,"Pring__",R,32,84,136,2.101,-0.432,0.42,1.128,0.577,1.42,-36.136,38.676,0,62,38,1,0,245.395,67.957,6.761,0,0,0,3,1,L,"Kr_Luna",190,95.256,0.499,0,84,W,Y,0,0,0,0,0,0,0,0,0,0,0,0,0,0,0,0,0.038,-37.35,0,"encounter v",-0.049,-17.399,0,"Sabo_10",-18.786,-44.688,0,"Fresh825",-12.763,-65.342,0,"인생최패망자",18.878,-40.009,0,"Yaksok~",11.595,-58.342,0,"AI",40.9,-90.65,0,"Gonyong",-0.654,-125.112,0,"AI",-40.8,-90.55,0,0,0,0,0,0,"",0,0,0,0,4615.683,4618.334,4616.982,,0,0
169,9,0,6,4,1,0,1,0,1,1,255,12,13,83,4631.451,"Pring__",R,32,83,134,1.11,0.28,0.325,1.052,0.135,1.821,-36.136,40.239,0,26,74,0,0,250,10.934,7.125,0,0,0,3,1,L,"Kr_Luna",190,95.256,0.499,0,84,W,Y,0,0,0,0,0,0,0,0,0,0,0,0,0,0,0,0,-0.142,-37.664,0,"encounter v",0.031,-17.343,0,"Sabo_10",-19.535,-44.081,0,"Fresh825",-13.314,-65.185,0,"인생최패망자",18.185,-39.481,0,"Yaksok~",12.617,-58.311,0,"AI",40.9,-90.65,0,"Gonyong",-0.195,-124.706,0,"AI",-40.8,-90.55,0,0,0,0,0,0,"",0,0,0,0,4632.283,4634.467,4634.259,,0,0
170,9,0,6,4,1,1,1,0,1,1,255,12,13,84,4648.976,"Pring__",R,32,86,140,-2.369,0.98,0.005,1.204,-1.352,2.314,-36.136,14.282,0,62,38,2,0,250,71.198,21.234,0,0,0,3,1,L,"Kr_Luna",190,95.256,0.499,3,84,W,Y,4649.816,152,67,81,47,19,139,92,25.3,-20.031,-0.53,0,0.043,59.311,-453.923,387.861,-0.38,-36.534,0,"encounter v",-0.028,-17.526,0,"Sabo_10",-20.157,-45.8,0,"Fresh825",-13.408,-65.319,0,"인생최패망자",18.149,-41.16,120,"Yaksok~",12.598,-58.297,0,"AI",40.9,-90.65,0,"Gonyong",0.131,-125.808,0,"AI",-40.8,-90.55,0,4654.267,34.076,-93.395,4658.192,4,"인생최패망자",23.788,-58.255,0,0,4660.442,4655.173,4652.695,4660.262,104,1
171,9,0,6,5,0,0,2,0,0,1,255,255,12,85,4686.261,"Pring__",R,32,83,135,-0.617,0.634,0.165,1.131,-0.608,2.077,-36.136,23.15,0,56,44,0,0,250,48.332,19.361,0,0,0,4,4,R,"ddil_ddil69",190,90.2,0.397,0,84,W,Y,0,0,0,0,0,0,0,0,0,0,0,0,0,0,0,0,-0.312,-37.554,0,"encounter v",-0.123,-17.218,0,"Sabo_10",-20.848,-46.064,0,"Fresh825",-15.46,-63.491,0,"인생최패망자",18.712,-39.523,0,"Yaksok~",12.195,-65.659,0,"AI",40.9,-90.65,0,"Gonyong",-6.237,-114.523,0,"AI",-40.8,-90.55,0,0,0,0,0,0,"",0,0,0,0,4687.5,,4689.682,,0,0
172,9,0,6,5,0,1,2,0,0,1,255,255,12,86,4703.001,"Pring__",R,32,86,139,0.108,-0.009,0.235,1.023,-0.282,1.73,-36.136,28.361,0,17,83,2,0,250,110.758,11.9,0,0,1,4,4,R,"ddil_ddil69",190,90.2,0.397,3,84,W,Y,4704.277,99,87,81,96,24,134,100,101.386,-63.352,0.02,0,0.321,-231.378,131.452,-83.111,-0.045,-37.223,0,"encounter v",-0.258,-17.77,0,"Sabo_10",-21.146,-46.737,0,"Fresh825",-15.427,-63.262,0,"인생최패망자",16.337,-41.553,0,"Yaksok~",13.709,-67.147,0,"AI",40.9,-90.65,0,"Gonyong",-7.324,-118.441,0,"AI",-40.8,-90.55,0,0,0,0,0,0,"",0,0,0,0,,,4706.573,,8,3
173,9,0,6,5,0,2,2,0,0,1,255,255,12,87,4724.588,"Pring__",R,3,80,105,-0.927,-0.343,0.443,0.901,0.457,1.441,-36.136,46.147,2,18,80,0,0,-472.262,0,0,0,0,0,4,4,R,"ddil_ddil69",190,90.2,0.397,0,84,W,Y,0,0,0,0,0,0,0,0,0,0,0,0,0,0,0,0,-0.321,-37.533,0,"encounter v",1.677,-19.226,0,"Sabo_10",-22.69,-45.889,0,"Fresh825",-15.137,-62.698,0,"인생최패망자",17.886,-41.103,0,"Yaksok~",12.677,-67.249,0,"AI",40.9,-90.65,0,"Gonyong",-7.268,-117.575,0,"AI",-40.8,-90.55,0,0,0,0,0,0,"",0,0,0,0,4725.983,,4728.013,,0,0
