id,inn,half,scoreA,scoreB,ball,strk,out,b1,b2,b3,b1Idx,b2Idx,b3Idx,pCnt,pSec,pName,pHand,pType,pPow,spdK,zoneX,zoneY,startX,startY,targetX,targetY,zDist,pitchAngle,call,balk,sH,sV,gyro,plx,plz,bSwing,bIdx,bPos,bZone,bName,bHCm,batLen,batCen,batType,bFps,bOS,bVR,hSec,rotS,rotL,shS,lgS,prepS,batSpd,ev,ldeg,sdeg,hPos,buntGrip,handDist,angVeloX,angVeloY,angVeloZ,PPosX,PPosY,PThrSpd,CName,CPosX,CPosY,CThrSpd,1BName,1BPosX,1BPosY,1BThrSpd,2BName,2BPosX,2BPosY,2BThrSpd,3BName,3BPosX,3BPosY,3BThrSpd,SSName,SSPosX,SSPosY,SSThrSpd,LFName,LFPosX,LFPosY,LFThrSpd,CFName,CFPosX,CFPosY,CFThrSpd,RFName,RFPosX,RFPosY,RFThrSpd,ltSec,lx,lz,cSec,cPos,cPlr,cx,cz,1BSafe,tag,cpSec,sb2Sec,sb3Sec,sbhSec,ass,result
1,1,1,0,0,0,0,0,0,0,0,255,255,255,0,299.163,"하루（Haru）",R,27,82,133,2.189,1.919,0.375,1.989,0.814,2.526,-36.489,59.588,2,0,67.607,-100.834,3.986,0,0,1,0,5,R,"CoalCat",165.4,84.053,0.503,3,72,W,Y,300.604,210,78,41,41,22,130,42,11.208,44.204,-0.87,0,0.375,-145.756,526.138,-186.389,-0.029,-37.14,0,"DoYaGee",-0.072,-17.607,0,"Penguin_iDOL",-20.798,-49.287,69,"Ѕeyeon",-13.83,-64.807,0,"Rite_",24.288,-53.853,0,"muyang_",12.326,-65.326,0,"AI",40.9,-90.65,0,"AI",0,-109.84,0,"AI",-40.8,-90.55,0,302.02,-9.35,-28.792,304.476,2,"Penguin_iDOL",-18.114,-38.864,0,0,,,,,3,2
2,1,1,0,0,0,0,0,0,0,0,255,255,255,1,330.684,"하루（Haru）",R,1,46,104,2.244,-0.211,0.288,1.809,0.287,1.68,-36.489,55.292,2,0,-3.564,-1.927,5.64,0,0,1,1,2,R,"SUGUN",190,82,0.502,3,71,W,Y,331.682,250,141,128,107,48,145,89,92.14,87.543,-0.86,0,0.368,266.772,-483.32,-30.592,0.154,-37.138,0,"DoYaGee",-0.092,-17.632,0,"Penguin_iDOL",-20.156,-47.574,0,"Ѕeyeon",-14.177,-64.447,0,"Rite_",23.742,-53.794,0,"muyang_",12.359,-63.746,0,"AI",40.9,-90.65,0,"AI",0,-109.84,0,"AI",-40.8,-90.55,0,0,0,0,0,0,"",0,0,0,0,,,,,1,3
3,1,1,0,0,0,1,0,0,0,0,255,255,255,2,349.21,"하루（Haru）",R,1,43,101,-0.743,-0.689,0.198,1.718,-0.177,1.39,-36.489,47.935,2,0,-3.782,-2.834,7.166,0,0,1,1,2,R,"SUGUN",190,82,0.502,3,70,W,Y,350.346,194,196,91,126,68,145,121,29.383,47.859,0.77,0,0.431,-128.459,-400.478,87.351,-0.559,-37.316,0,"DoYaGee",-0.255,-17.733,0,"Penguin_iDOL",-19.681,-48.038,0,"Ѕeyeon",-13.907,-64.473,75,"Rite_",22.617,-52.958,0,"muyang_",12.624,-64.716,0,"AI",40.9,-90.65,0,"AI",0,-109.84,0,"AI",-40.8,-90.55,0,355.043,-70.706,-97.782,356.554,8,"AI",-64.979,-95.573,1,0,,,,,17,2
4,1,1,0,0,0,0,1,1,0,0,2,255,255,3,383.365,"하루（Haru）",R,41,37,97,4.413,3.145,0.427,2.046,1.832,3.276,-36.489,116.899,1,0,41.634,-78.706,2.615,0,0,0,2,3,L,"-Alta-",169.5,84.283,0.478,0,69,W,Y,0,0,0,0,0,0,0,0,0,0,0,0,0,0,0,0,0.324,-37.183,0,"DoYaGee",0.02,-17.543,0,"Penguin_iDOL",-19.465,-42.747,0,"Ѕeyeon",-13.807,-64.561,0,"Rite_",25.101,-51.148,0,"muyang_",7.513,-61.534,0,"AI",40.9,-90.65,0,"AI",0,-109.84,0,"AI",-40.8,-90.55,0,0,0,0,0,0,"",0,0,0,0,384.987,,,,0,0
5,1,1,0,0,1,0,1,1,0,0,2,255,255,4,401.673,"하루（Haru）",R,28,66,119,3.058,2.178,0.392,2.017,1.221,2.726,-36.489,90.906,1,0,59.906,-75.344,2.199,0,0,0,2,3,L,"-Alta-",169.5,84.283,0.478,0,69,W,Y,0,0,0,0,0,0,0,0,0,0,0,0,0,0,0,0,0.118,-36.674,0,"DoYaGee",0.049,-17.629,0,"Penguin_iDOL",-19.299,-42.965,0,"Ѕeyeon",-13.812,-64.573,0,"Rite_",25.154,-51.159,0,"muyang_",8.918,-60.692,0,"AI",40.9,-90.65,0,"AI",0,-109.84,0,"AI",-40.8,-90.55,0,0,0,0,0,0,"",0,0,0,0,403.176,,,,0,0
6,1,1,0,0,2,0,1,1,0,0,2,255,255,5,418.844,"하루（Haru）",R,3,67,110,-0.399,0.097,0.334,1.814,0.582,1.657,-36.489,45.477,2,0,-415.728,0,13.664,0,0,1,2,3,L,"-Alta-",169.5,84.283,0.478,3,69,W,Y,419.925,255,171,113,114,69,145,86,113.179,59.064,-0.69,0,0.558,205.017,231.966,-85.982,-0.173,-37.022,0,"DoYaGee",-0.092,-17.926,0,"Penguin_iDOL",-18.64,-44.445,0,"Ѕeyeon",-13.808,-64.562,0,"Rite_",25.073,-51.034,0,"muyang_",9.441,-60.062,0,"AI",40.9,-90.65,0,"AI",0,-109.84,0,"AI",-40.8,-90.55,0,0,0,0,0,0,"",0,0,0,0,,,,,1,3
7,1,1,0,0,2,1,1,1,0,0,2,255,255,6,435.854,"하루（Haru）",R,0,35,95,0.182,0.148,0.216,1.768,0.073,1.704,-36.489,21.352,2,0,0,0,3.408,0,0,1,2,3,L,"-Alta-",169.5,84.283,0.478,3,69,W,Y,437.016,255,100,115,86,49,145,105,27.939,-18.092,0.09,0,0.496,219.817,79.665,-44.407,-0.06,-36.962,0,"DoYaGee",-0.096,-17.789,0,"Penguin_iDOL",-18.176,-43.823,0,"Ѕeyeon",-14.233,-64.09,0,"Rite_",24.062,-51.465,0,"muyang_",10.346,-60.284,95,"AI",40.9,-90.65,0,"AI",0,-109.84,0,"AI",-40.8,-90.55,0,441.965,26.859,-105.232,445.687,6,"AI",33.302,-126.942,1,0,,441.262,447.069,,9,2
8,1,1,0,0,0,0,1,0,1,1,255,3,2,7,474.809,"하루（Haru）",R,26,90,140,-0.011,0.862,0.181,1.861,-0.087,2,-36.489,30.617,2,0,64.539,-169.58,13.67,0,0,0,3,4,R,"Slaris",190,85.69,0.452,3,71,W,Y,475.701,255,102,180,82,40,145,112,27.59,-11.217,0.1,0,0.232,219.817,79.665,-44.407,-0.231,-36.791,0,"DoYaGee",-0.07,-17.429,0,"Penguin_iDOL",-19.534,-46.962,0,"Ѕeyeon",-14.005,-64.497,0,"Rite_",22.776,-48.774,85,"muyang_",10.512,-60.595,0,"AI",40.9,-90.65,0,"AI",0,-109.84,0,"AI",-40.8,-90.55,0,480.998,14.386,-119.673,486.954,4,"Rite_",19.391,-44.794,0,0,,481.918,482.484,,5,1
9,1,1,0,0,0,0,2,0,1,1,255,3,2,8,509.636,"하루（Haru）",R,10,92,128,-0.681,-0.401,0.135,1.773,-0.3,1.716,-36.489,27.729,0,0,0,400,9.667,0,0,1,4,1,R,"Pugeuk",190,80,0.347,0,72,W,Y,0,0,0,0,0,0,0,0,0,0,0,0,0,0,0,0,0.033,-37.157,0,"DoYaGee",0.003,-17.279,0,"Penguin_iDOL",-20.171,-46.809,0,"Ѕeyeon",-14.024,-64.069,0,"Rite_",22.982,-50.428,0,"muyang_",11.454,-63.065,0,"AI",40.9,-90.65,0,"AI",0,-109.84,0,"AI",-40.8,-90.55,0,0,0,0,0,0,"",0,0,0,0,511.109,,512.319,,0,0
10,1,1,0,0,0,1,2,0,1,1,255,3,2,9,526.648,"하루（Haru）",R,0,58,113,-1.693,0.005,0.024,1.866,-0.739,1.609,-36.489,27.018,2,0,0,0,6.517,0,0,1,4,1,R,"Pugeuk",190,80,0.347,3,72,W,Y,527.792,255,180,102,76,23,145,130,-15.004,28.908,0.66,0,0.716,-492.514,-203.505,-232.063,0.026,-37.288,0,"DoYaGee",-0.171,-17.562,0,"Penguin_iDOL",-19.895,-47.01,0,"Ѕeyeon",-14.054,-64.081,0,"Rite_",22.887,-49.847,0,"muyang_",12.225,-61.846,77,"AI",40.9,-90.65,0,"AI",0,-109.84,0,"AI",-40.8,-90.55,0,527.898,-2.221,-23.902,530.698,8,"AI",-34.128,-84.05,0,0,,,533.628,533.261,9,2
11,1,1,1,0,0,0,2,0,1,1,255,3,2,10,554.767,"하루（Haru）",R,26,78,128,2.193,2.017,0.345,2.086,0.813,2.703,-36.489,75.282,1,0,100.052,-171.529,2.185,0,0,0,5,0,R,"magimari",190,85,0.451,0,72,W,Y,0,0,0,0,0,0,0,0,0,0,0,0,0,0,0,0,0.108,-37.318,0,"DoYaGee",0.026,-17.165,0,"Penguin_iDOL",-19.738,-46.223,0,"Ѕeyeon",-13.827,-64.704,0,"Rite_",22.615,-49.205,0,"muyang_",9.181,-62.583,0,"AI",40.902,-90.652,0,"AI",0,-109.842,0,"AI",-40.802,-90.552,0,0,0,0,0,0,"",0,0,0,0,556.176,,,,0,0
12,1,1,1,0,1,0,2,1,0,1,1,255,2,11,571.187,"하루（Haru）",R,26,93,140,-0.246,0.039,0.158,1.705,-0.195,1.495,-36.489,25.186,2,0,60.42,-156.702,6.755,0,0,1,5,0,R,"magimari",190,85,0.451,3,72,W,Y,572.227,255,137,76,83,46,145,130,27.301,24.839,0.64,0,0.671,98.177,-485.837,144.737,-0.351,-36.792,0,"DoYaGee",-0.104,-17.33,0,"Penguin_iDOL",-19.297,-47.404,0,"Ѕeyeon",-11.994,-62.473,0,"Rite_",21.858,-49.631,0,"muyang_",10,-60.667,85,"AI",40.903,-90.653,0,"AI",0,-109.843,0,"AI",-40.803,-90.553,0,577.32,-35.181,-125.786,579.312,8,"AI",-30.841,-119.275,1,0,,573.846,579.39,577.842,9,2
13,1,1,3,0,0,0,2,0,1,0,255,1,255,12,634.455,"하루（Haru）",R,26,90,140,-0.169,-1.062,0.171,1.531,-0.133,0.823,-36.489,23.014,0,0,38.025,-183.966,15.654,0,0,0,0,5,R,"CoalCat",165.4,84.053,0.503,0,70,W,Y,0,0,0,0,0,0,0,0,0,0,0,0,0,0,0,0,-0.079,-37.455,0,"DoYaGee",-0.006,-17.328,0,"Penguin_iDOL",-19.672,-46.267,0,"Ѕeyeon",-13.452,-63.663,0,"Rite_",22.249,-52.862,0,"muyang_",8.279,-62.441,0,"AI",40.902,-90.652,0,"AI",0,-109.842,0,"AI",-40.802,-90.552,0,0,0,0,0,0,"",0,0,0,0,635.965,637.51,,,0,0
14,1,1,3,0,0,1,2,0,1,0,255,1,255,13,656.216,"하루（Haru）",R,27,80,130,3.924,1.183,0.33,1.859,0.603,2.044,-36.489,41.253,2,0,64.751,-130.143,7.317,0,0,1,0,5,R,"CoalCat",165.4,84.053,0.503,3,70,W,Y,657.187,221,94,39,43,14,126,85,-5.451,43.574,0.01,0,0.301,263.05,310.547,-368.506,0.145,-37.07,0,"DoYaGee",-0.034,-17.292,0,"Penguin_iDOL",-19.79,-46.286,0,"Ѕeyeon",-13.487,-63.707,0,"Rite_",22.1,-52.418,0,"muyang_",10.818,-61.444,0,"AI",40.903,-90.653,0,"AI",0,-109.843,0,"AI",-40.803,-90.553,0,657.698,-7.204,-27.528,659.109,2,"Penguin_iDOL",-20.151,-41.897,0,0,683.954,,661.054,,114,2
15,1,0,3,0,0,0,0,0,0,0,255,255,255,0,783.102,"magimari",R,26,89,140,-1.306,-0.295,0.166,1.792,-0.64,1.254,-36.641,12.846,0,0,48.792,-177.347,13.316,0,0,0,0,3,R,"Ѕeyeon",169.6,95,0.5,0,68,W,Y,0,0,0,0,0,0,0,0,0,0,0,0,0,0,0,0,0.06,-37.344,0,"Pugeuk",-0.164,-17.252,0,"SUGUN",-19.066,-45.097,0,"-Alta-",-12.643,-61.581,0,"Slaris",15.23,-46.987,0,"CoalCat",13.44,-62.651,0,"AI",40.9,-90.65,0,"AI",0,-109.84,0,"AI",-40.8,-90.55,0,0,0,0,0,0,"",0,0,0,0,784.265,,,,0,0
16,1,0,3,0,0,1,0,0,0,0,255,255,255,1,796.976,"magimari",R,27,87,140,0.235,0.176,0.312,1.873,0.039,1.547,-36.641,19.425,2,0,40.465,-145.426,10.53,0,0,1,0,3,R,"Ѕeyeon",169.6,95,0.5,3,68,W,Y,797.756,115,32,59,24,6,120,115,-30,1.917,0.34,0,0.236,-370.586,127.368,101.223,-0.011,-37.167,102,"Pugeuk",-0.034,-17.417,0,"SUGUN",-18.925,-44.938,85,"-Alta-",-12.622,-61.556,0,"Slaris",15.905,-50.443,0,"CoalCat",11.883,-63.62,0,"AI",40.9,-90.65,0,"AI",0,-109.84,0,"AI",-40.8,-90.55,0,797.854,-0.025,-19.918,798.887,0,"magimari",-0.588,-36.481,0,0,,,,,66,2
17,1,0,3,0,0,0,1,0,0,0,255,255,255,2,822.091,"magimari",R,26,84,136,1.405,-0.079,0.407,1.817,0.479,1.376,-36.641,15.954,2,0,99.304,-196.031,14.208,0,0,1,1,4,R,"Rite_",190,80,0.453,3,68,W,Y,823.432,195,94,93,93,47,145,90,37.14,20.475,-0.82,0,0.425,72.094,195.685,-226.348,0.193,-37.958,0,"Pugeuk",-0.082,-17.224,0,"SUGUN",-18.498,-44.562,0,"-Alta-",-11.669,-62.235,0,"Slaris",18.351,-51.015,0,"CoalCat",12.178,-63.639,0,"AI",40.9,-90.65,0,"AI",0,-109.84,0,"AI",-40.8,-90.55,0,828.387,-26.824,-85.551,833.031,0,"magimari",-0.225,-39.634,0,0,,,,,64,1
18,1,0,3,0,0,0,2,0,0,0,255,255,255,3,849.286,"magimari",R,26,94,140,-1.317,-0.304,0.158,1.775,-0.679,1.24,-36.641,8.483,0,0,91.079,-200,22.457,0,0,0,2,1,R,"DoYaGee",190,85,0.603,0,68,W,Y,0,0,0,0,0,0,0,0,0,0,0,0,0,0,0,0,0.121,-37.875,0,"Pugeuk",-0.19,-17.159,0,"SUGUN",-18.928,-44.914,0,"-Alta-",-13.271,-63.069,0,"Slaris",20.154,-48.354,0,"CoalCat",10.238,-64.323,0,"AI",40.9,-90.65,0,"AI",0,-109.84,0,"AI",-40.8,-90.55,0,0,0,0,0,0,"",0,0,0,0,850.698,,,,0,0
19,1,0,3,0,0,1,2,0,0,0,255,255,255,4,863.544,"magimari",R,10,90,128,-1.569,-1.821,0.156,1.659,-0.687,0.864,-36.641,1.449,4,0,0,400,34.857,-0.335,-18.829,1,2,1,R,"DoYaGee",190,85,0.603,0,68,W,Y,0,0,0,0,0,0,0,0,0,0,0,0,0,0,0,0,0.106,-37.886,0,"Pugeuk",-0.325,-17.303,0,"SUGUN",-19,-44.848,0,"-Alta-",-13.44,-63.266,0,"Slaris",20.038,-48.169,0,"CoalCat",10.203,-64.218,0,"AI",40.9,-90.65,0,"AI",0,-109.84,0,"AI",-40.8,-90.55,0,0,0,0,0,0,"",0,0,0,0,865.02,,,,0,0
20,1,0,3,0,0,2,2,0,0,0,255,255,255,5,879.165,"magimari",R,26,85,138,-0.41,0.858,0.252,1.998,-0.239,1.965,-36.641,24.274,0,0,38.319,-200,18.958,0,0,0,2,1,R,"DoYaGee",190,85,0.603,0,68,W,Y,0,0,0,0,0,0,0,0,0,0,0,0,0,0,0,0,0.168,-37.78,0,"Pugeuk",-0.139,-17.148,0,"SUGUN",-18.924,-44.82,0,"-Alta-",-13.442,-63.27,0,"Slaris",20.535,-47.9,0,"CoalCat",9.853,-63.741,0,"AI",40.9,-90.65,0,"AI",0,-109.84,0,"AI",-40.8,-90.55,0,0,0,0,0,0,"",0,0,0,0,880.543,,,,0,0
21,2,1,3,0,0,0,0,0,0,0,255,255,255,14,934.768,"하루（Haru）",R,1,23,79,-1.921,-0.846,0.154,1.889,-0.294,1.613,-36.489,73.584,1,0,-3.598,2.737,-1.799,0,0,0,1,2,R,"SUGUN",190,82,0.502,0,67,W,Y,0,0,0,0,0,0,0,0,0,0,0,0,0,0,0,0,-0.09,-37.547,0,"DoYaGee",-0.21,-17.426,0,"Penguin_iDOL",-20.225,-46.805,0,"Ѕeyeon",-14.19,-63.955,0,"Rite_",22.521,-52.189,0,"muyang_",11.632,-65.832,0,"AI",40.9,-90.65,0,"AI",0,-109.84,0,"AI",-40.8,-90.55,0,0,0,0,0,0,"",0,0,0,0,936.376,,,,0,0
22,2,1,3,0,1,0,0,0,0,0,255,255,255,15,950.111,"하루（Haru）",R,10,31,77,-0.638,-1.046,0.11,1.831,-0.28,1.82,-36.489,23.724,2,0,0,400,-26.483,0,0,1,1,2,R,"SUGUN",190,82,0.502,3,67,W,Y,951.62,255,145,159,89,32,145,126,0.829,-4.082,0.24,0,0.297,-135.099,575.975,-13.376,-0.273,-37.174,0,"DoYaGee",-0.269,-17.315,0,"Penguin_iDOL",-20.009,-46.937,0,"Ѕeyeon",-14.21,-63.953,0,"Rite_",22.473,-52.106,0,"muyang_",12.936,-65.087,62,"AI",40.9,-90.65,0,"AI",0,-109.84,0,"AI",-40.8,-90.55,0,952.243,0.88,-42.204,954.843,7,"AI",2.462,-98.596,1,0,,,,,48,2
23,2,1,3,0,0,0,0,1,0,0,2,255,255,16,981.931,"하루（Haru）",R,26,87,140,1.854,-0.297,0.35,1.641,0.699,1.244,-36.489,30.416,4,0,72.026,-192.595,14.449,0,0,1,2,3,L,"-Alta-",169.5,84.283,0.478,0,68,W,Y,0,0,0,0,0,0,0,0,0,0,0,0,0,0,0,0,-0.088,-37.12,0,"DoYaGee",-0.004,-17.307,0,"Penguin_iDOL",-18.898,-45.424,0,"Ѕeyeon",-13.841,-64.43,0,"Rite_",23.025,-49.826,0,"muyang_",6.77,-61.2,0,"AI",40.9,-90.65,0,"AI",0,-109.84,0,"AI",-40.8,-90.55,0,0,0,0,0,0,"",0,0,0,0,983.287,,,,0,0
24,2,1,3,0,0,1,0,1,0,0,2,255,255,17,997.99,"하루（Haru）",R,0,40,99,1.19,0.576,0.314,1.86,0.512,1.953,-36.489,55.378,2,0,0,4.423,-13.836,0,0,1,2,3,L,"-Alta-",169.5,84.283,0.478,3,68,W,Y,999.101,239,104,110,99,63,145,125,95.166,75.229,0.58,0,0.474,249.338,92.758,-72.399,0.364,-37.125,0,"DoYaGee",0.157,-17.262,0,"Penguin_iDOL",-18.678,-46.155,0,"Ѕeyeon",-14.329,-64.052,0,"Rite_",22.906,-49.683,0,"muyang_",9.092,-60.365,0,"AI",40.9,-90.65,0,"AI",0,-109.84,0,"AI",-40.8,-90.55,0,0,0,0,0,0,"",0,0,0,0,,,,,32,3
25,2,1,3,0,0,2,0,1,0,0,2,255,255,18,1014.309,"하루（Haru）",R,1,36,96,2.599,1.094,0.409,1.811,0.971,1.86,-36.489,47.928,4,0,-4.968,2.223,-0.554,0,0,1,2,3,L,"-Alta-",169.5,84.283,0.478,0,68,W,Y,0,0,0,0,0,0,0,0,0,0,0,0,0,0,0,0,-0.08,-37.799,0,"DoYaGee",0.048,-17.077,0,"Penguin_iDOL",-19.639,-44.416,0,"Ѕeyeon",-14.099,-64.248,0,"Rite_",22.127,-47.434,0,"muyang_",7.428,-61.335,0,"AI",40.9,-90.65,0,"AI",0,-109.84,0,"AI",-40.8,-90.55,0,0,0,0,0,0,"",0,0,0,0,1015.82,,,,0,0
26,2,1,3,0,0,0,1,1,0,0,2,255,255,19,1041.169,"하루（Haru）",R,3,55,102,-1.582,-0.055,0.214,1.735,0.063,1.59,-36.489,35.098,2,0,-372.036,0,9.275,0,0,0,3,4,R,"Slaris",190,85.69,0.452,3,68,W,Y,1042.353,179,76,122,77,57,145,130,110.546,32.677,0.57,0,0.117,249.338,92.758,-72.399,-0.047,-37.033,0,"DoYaGee",-0.367,-17.128,0,"Penguin_iDOL",-18.243,-46.024,0,"Ѕeyeon",-14.114,-64.257,0,"Rite_",22.6,-50.23,0,"muyang_",8.651,-60.151,0,"AI",40.9,-90.65,0,"AI",0,-109.84,0,"AI",-40.8,-90.55,0,0,0,0,0,0,"",0,0,0,0,,,,,32,3
27,2,1,3,0,0,1,1,1,0,0,2,255,255,20,1057.94,"하루（Haru）",R,3,58,102,-3.533,-0.1,0.062,1.726,-0.644,1.563,-36.489,25.468,1,0,-439.585,0,13.302,0,0,0,3,4,R,"Slaris",190,85.69,0.452,0,69,W,Y,0,0,0,0,0,0,0,0,0,0,0,0,0,0,0,0,0.05,-37.292,0,"DoYaGee",-0.505,-17.353,0,"Penguin_iDOL",-18.651,-45.705,0,"Ѕeyeon",-14.05,-64.249,0,"Rite_",22.35,-51.051,0,"muyang_",7.449,-61.235,0,"AI",40.9,-90.65,0,"AI",0,-109.84,0,"AI",-40.8,-90.55,0,0,0,0,0,0,"",0,0,0,0,1059.387,,,,0,0
28,2,1,3,0,1,1,1,1,0,0,2,255,255,21,1073.736,"하루（Haru）",R,27,98,140,-3.939,-1.923,-0.192,1.325,-1.822,0.263,-36.489,16.776,1,0,85.825,-144.329,33.606,0,0,0,3,4,R,"Slaris",190,85.69,0.452,0,69,W,Y,0,0,0,0,0,0,0,0,0,0,0,0,0,0,0,0,-0.259,-37.036,0,"DoYaGee",-0.357,-17.651,0,"Penguin_iDOL",-18.795,-44.754,0,"Ѕeyeon",-14.035,-64.25,0,"Rite_",22.125,-50.908,0,"muyang_",8.456,-60.646,0,"AI",40.9,-90.65,0,"AI",0,-109.84,0,"AI",-40.8,-90.55,0,0,0,0,0,0,"",0,0,0,0,1075.12,,,,0,0
29,2,1,3,0,2,1,1,1,0,0,2,255,255,22,1088.827,"하루（Haru）",R,27,77,127,1.072,1.439,0.276,1.984,0.354,2.397,-36.489,56.148,2,0,68.299,-111.454,5.389,0,0,0,3,4,R,"Slaris",190,85.69,0.452,3,69,W,Y,1089.777,248,105,143,91,38,145,128,3.044,-9.858,0.27,0,0.319,106.203,537.515,242.074,-0.363,-36.673,0,"DoYaGee",-0.065,-17.493,0,"Penguin_iDOL",-18.152,-44.94,0,"Ѕeyeon",-14.053,-64.241,0,"Rite_",22.163,-50.994,76,"muyang_",9.079,-59.708,0,"AI",40.9,-90.65,0,"AI",0,-109.84,0,"AI",-40.8,-90.55,0,1090.82,5.192,-59.463,1095.998,7,"AI",11.201,-133.218,1,0,,1094.601,1100.05,,34,2
30,2,1,3,0,0,0,1,0,1,1,255,4,2,23,1123.792,"하루（Haru）",R,0,37,97,-1.331,1.056,0.086,1.982,-0.583,2.287,-36.489,65.253,4,0,0,0,-13.386,0,0,1,4,1,R,"Pugeuk",190,80,0.347,0,70,W,Y,0,0,0,0,0,0,0,0,0,0,0,0,0,0,0,0,0.046,-37.739,0,"DoYaGee",0.008,-17.576,0,"Penguin_iDOL",-18.863,-46.376,0,"Ѕeyeon",-13.859,-64.173,0,"Rite_",21.61,-50.917,0,"muyang_",6.028,-60.99,0,"AI",40.9,-90.65,0,"AI",0,-109.84,0,"AI",-40.8,-90.55,0,0,0,0,0,0,"",0,0,0,0,1125.32,1126.739,1126.597,,0,0
31,2,1,3,0,0,1,1,0,1,1,255,4,2,24,1144.151,"하루（Haru）",R,1,34,94,-0.33,0.919,0.186,1.852,-0.066,1.972,-36.489,28.778,2,0,-2.115,-1.835,0.121,0,0,0,4,1,R,"Pugeuk",190,80,0.347,3,70,W,Y,1145.373,19,3,29,11,0,4,29,-30.569,36.155,0.45,1,0.839,305.406,-119.213,-501.315,-0.185,-36.934,0,"DoYaGee",-0.089,-18.031,0,"Penguin_iDOL",-18.632,-45.541,0,"Ѕeyeon",-13.728,-63.714,0,"Rite_",21.687,-50.071,0,"muyang_",7.475,-61.505,0,"AI",40.9,-90.65,0,"AI",0,-109.84,0,"AI",-40.8,-90.55,0,1145.62,-1.439,-22.209,1148.954,0,"하루（Haru）",-8.129,-32.487,1,0,,,1150.224,1150.596,32,2
32,2,1,4,0,0,0,1,1,0,1,1,255,4,25,1176.945,"하루（Haru）",R,26,93,140,0.134,-0.201,0.2,1.657,0,1.339,-36.489,22.095,2,0,37.903,-161.248,10.618,0,0,1,5,0,R,"magimari",190,85,0.451,3,70,W,Y,1177.883,252,130,116,71,47,145,108,17.725,-15.688,0.05,0,0.58,-106.612,556.516,-70.049,0.077,-37.578,0,"DoYaGee",-0.076,-17.552,0,"Penguin_iDOL",-19.159,-47.787,0,"Ѕeyeon",-14.282,-64.451,0,"Rite_",22.11,-48.262,0,"muyang_",10.104,-61.37,93,"AI",40.9,-90.65,0,"AI",0,-109.84,0,"AI",-40.8,-90.55,0,1181.431,13.09,-99.554,1185.887,7,"AI",15.857,-133.606,1,0,,1183.62,1189.068,1184.867,48,2
33,2,1,5,0,0,0,1,1,0,1,0,255,1,26,1214.66,"하루（Haru）",R,10,36,79,1.838,-0.283,0.454,1.857,0.787,1.875,-36.489,43.538,2,0,0,400,-54.714,0,0,1,6,8,R,"Floră",190,85,0.403,2,69,W,Y,1215.867,225,125,129,97,102,145,108,-30,-28.537,0.04,0,0.692,-3.705,-398.44,-163.14,0.049,-36.841,0,"DoYaGee",0.016,-17.137,0,"Penguin_iDOL",-18.07,-44.099,88,"Ѕeyeon",-14.205,-64.227,0,"Rite_",22.334,-52.129,101,"muyang_",9.921,-59.751,86,"AI",40.9,-90.65,0,"AI",0,-109.84,0,"AI",-40.8,-90.55,0,1215.82,1.049,-21.375,1217.798,4,"Rite_",18.462,-47.47,0,0,,1221.472,,1222.413,58,2
34,2,1,6,0,0,0,2,0,1,0,255,0,255,27,1250.38,"하루（Haru）",R,10,24,73,0.787,-2.879,0.385,1.684,0.333,1.171,-36.489,42.453,1,0,0,400,-25.398,0.143,-20.267,0,0,5,R,"CoalCat",165.4,84.053,0.503,0,69,W,Y,0,0,0,0,0,0,0,0,0,0,0,0,0,0,0,0,0.018,-37.045,0,"DoYaGee",0.166,-17.483,0,"Penguin_iDOL",-18.842,-45.924,0,"Ѕeyeon",-14.811,-63.715,0,"Rite_",22.224,-51.188,0,"muyang_",6.996,-64.254,0,"AI",40.9,-90.65,0,"AI",0,-109.84,0,"AI",-40.8,-90.55,0,0,0,0,0,0,"",0,0,0,0,1252.276,1253.118,,,0,0
35,2,1,6,0,1,0,2,0,1,0,255,0,255,28,1264.608,"하루（Haru）",R,26,91,140,1.17,0.229,0.292,1.719,0.43,1.524,-36.489,26.486,2,0,49.787,-186.596,17.862,0,0,1,0,5,R,"CoalCat",165.4,84.053,0.503,3,69,W,Y,1265.86,255,93,55,78,2,137,83,50.446,7.933,-0.52,0,0.305,-358.569,-337.55,88.325,0.033,-37.315,0,"DoYaGee",0.027,-17.546,0,"Penguin_iDOL",-18.779,-45.903,0,"Ѕeyeon",-14.811,-63.728,0,"Rite_",22,-50.497,0,"muyang_",8.359,-61.994,88,"AI",40.903,-90.653,0,"AI",0,-109.844,0,"AI",-40.803,-90.553,0,1270.743,-2.998,-73.492,1270.976,5,"muyang_",-3.052,-71.759,0,0,,,1271.607,,48,1
36,2,0,6,0,0,0,0,0,0,0,255,255,255,6,1319.489,"magimari",R,26,87,140,-0.686,0.133,0.216,1.858,-0.405,1.512,-36.741,17.512,2,0,85.752,-200,19.037,0,0,1,3,2,R,"Penguin_iDOL",190,80,0.398,3,68,W,Y,1320.369,255,136,84,95,35,145,130,100.351,-74.4,0.68,0,0.445,431.66,406.806,-80.571,0.205,-37.301,0,"Pugeuk",-0.083,-17.122,0,"SUGUN",-18.54,-44.591,0,"-Alta-",-15.372,-60.743,0,"Slaris",20.091,-49.482,0,"CoalCat",10.809,-63.869,0,"AI",40.9,-90.65,0,"AI",0,-109.84,0,"Floră",-49.189,-90.206,0,0,0,0,0,0,"",0,0,0,0,,,,,32,3
37,2,0,6,0,0,1,0,0,0,0,255,255,255,7,1338.326,"magimari",R,0,62,103,-0.577,-0.689,0.22,1.686,-0.258,1.187,-36.741,13.246,0,0,0,0,12.187,0,0,1,3,2,R,"Penguin_iDOL",190,80,0.398,0,65,W,Y,0,0,0,0,0,0,0,0,0,0,0,0,0,0,0,0,0.124,-38.193,0,"Pugeuk",-0.107,-17.173,0,"SUGUN",-18.592,-44.709,0,"-Alta-",-15.236,-59.781,0,"Slaris",20.413,-48.981,0,"CoalCat",9.847,-64.53,0,"AI",40.9,-90.65,0,"AI",0,-109.84,0,"Floră",-56.2,-102.467,0,0,0,0,0,0,"",0,0,0,0,1339.654,,,,0,0
38,2,0,6,0,0,2,0,0,0,0,255,255,255,8,1355.44,"magimari",R,0,67,107,-0.043,-1.425,0.295,1.473,-0.028,0.726,-36.741,23.547,2,0,0,0,11.316,0,0,1,3,2,R,"Penguin_iDOL",190,80,0.398,3,65,W,Y,1356.404,255,134,122,104,77,145,104,7.923,48.193,0.92,0,0.502,260.395,-105.222,227.948,0.23,-37.779,0,"Pugeuk",-0.056,-17.353,0,"SUGUN",-18.511,-44.705,0,"-Alta-",-15.232,-59.777,0,"Slaris",17.093,-50.949,0,"CoalCat",9.826,-64.487,0,"AI",40.9,-90.65,0,"AI",0,-109.84,0,"Floră",-55.623,-100.714,0,1357.698,-26.274,-44.748,0,0,"",0,0,0,0,,,,,32,3
39,2,0,6,0,0,2,0,0,0,0,255,255,255,9,1374.908,"magimari",R,26,84,136,0.182,0.766,0.292,1.979,-0.053,1.902,-36.741,26.419,0,0,90.425,-200,24.651,0,0,1,3,2,R,"Penguin_iDOL",190,80,0.398,0,65,W,Y,0,0,0,0,0,0,0,0,0,0,0,0,0,0,0,0,0.068,-38.243,0,"Pugeuk",-0.026,-17.132,0,"SUGUN",-18.754,-44.362,0,"-Alta-",-15.282,-56.448,0,"Slaris",20.842,-50.951,0,"CoalCat",9.646,-64.416,0,"AI",40.9,-90.65,0,"AI",0,-109.84,0,"Floră",-50.772,-97.446,0,0,0,0,0,0,"",0,0,0,0,1376.031,,,,0,0
40,2,0,6,0,0,0,1,0,0,0,255,255,255,10,1396.855,"magimari",R,26,80,130,0.663,0.961,0.331,1.975,0.129,1.918,-36.741,28.46,0,0,119.175,-200,18.731,0,0,0,4,5,R,"muyang_",169.8,80,0.498,0,68,W,Y,0,0,0,0,0,0,0,0,0,0,0,0,0,0,0,0,0.112,-37.677,0,"Pugeuk",-0.007,-17.247,0,"SUGUN",-18.741,-44.508,0,"-Alta-",-14.463,-57.83,0,"Slaris",19.234,-49.066,0,"CoalCat",9.765,-64.466,0,"AI",40.9,-90.65,0,"AI",0,-109.84,0,"Floră",-51.134,-97.961,0,0,0,0,0,0,"",0,0,0,0,1398.109,,,,0,0
41,2,0,6,0,0,1,1,0,0,0,255,255,255,11,1413.093,"magimari",R,10,81,124,2.289,-0.084,0.535,1.978,1.078,1.929,-36.741,38.79,2,0,-62.523,325.232,11.03,0,0,1,4,5,R,"muyang_",169.8,80,0.498,0,68,W,Y,1414.066,181,229,76,96,67,145,125,-10.203,40.048,0.62,0,0.218,62.3,-233.086,22.546,0.513,-37.572,0,"Pugeuk",-0.048,-17.242,0,"SUGUN",-18.654,-44.429,0,"-Alta-",-14.508,-58.02,0,"Slaris",18.922,-49.514,0,"CoalCat",9.716,-64.362,0,"AI",40.9,-90.65,0,"AI",0,-109.84,0,"Floră",-51.129,-97.952,0,1414.187,-3.374,-24.888,1415.298,2,"SUGUN",-16.548,-40.72,0,0,,,,,34,2
42,2,0,6,0,0,0,2,0,0,0,255,255,255,12,1437.855,"magimari",R,26,87,140,-0.994,0.045,0.181,1.842,-0.568,1.458,-36.741,15.081,2,0,100.798,-200,32.773,0,0,1,5,0,L,"하루（Haru）",190,90,0.498,3,67,W,Y,1438.908,216,182,124,67,40,145,97,36.488,-24.678,-0.51,0.048,0.289,186.551,63.821,-18.764,0.237,-37.772,0,"Pugeuk",-0.159,-17.373,0,"SUGUN",-18.429,-44.02,0,"-Alta-",-12.248,-63.659,0,"Slaris",21.567,-50.818,0,"CoalCat",12.449,-63.731,0,"AI",40.9,-90.65,0,"AI",0,-109.84,0,"Floră",-45.389,-101.475,0,1443.887,32.03,-91.005,0,0,"",0,0,0,0,,,,,32,1
43,3,1,6,0,0,0,0,0,0,0,255,255,255,29,1516.959,"하루（Haru）",R,32,82,134,2.426,0.076,0.374,1.723,0.807,1.581,-36.532,32.672,2,0,161.161,-76.249,3.743,0,0,1,1,2,R,"SUGUN",190,82,0.502,3,67,W,Y,1518.136,185,96,74,42,0,138,96,-84.199,82.158,-0.3,0,0.225,-348.607,449.517,89.92,-0.18,-37.045,0,"DoYaGee",0.057,-17.246,0,"Penguin_iDOL",-19.375,-47.269,0,"Ѕeyeon",-13.894,-64.407,0,"Rite_",22.729,-49.938,0,"muyang_",13.534,-64.091,0,"AI",40.9,-90.65,0,"AI",0,-109.84,0,"AI",-40.8,-90.55,0,1518.076,-0.258,-19.214,0,0,"",0,0,0,0,,,,,32,3
44,3,1,6,0,0,1,0,0,0,0,255,255,255,30,1535.536,"하루（Haru）",R,33,84,136,2.856,0.505,0.421,1.798,1.029,1.824,-36.532,48.742,4,0,119.257,-83.354,5.892,0.439,-20.478,1,1,2,R,"SUGUN",190,82,0.502,0,67,W,Y,0,0,0,0,0,0,0,0,0,0,0,0,0,0,0,0,-0.066,-37.569,0,"DoYaGee",-0.003,-17.278,0,"Penguin_iDOL",-19.539,-46.227,0,"Ѕeyeon",-13.954,-64.702,0,"Rite_",22.45,-50.412,0,"muyang_",9.499,-65.8,0,"AI",40.9,-90.65,0,"AI",0,-109.84,0,"AI",-40.8,-90.55,0,0,0,0,0,0,"",0,0,0,0,,,,,0,0
45,3,1,6,0,0,2,0,0,0,0,255,255,255,31,1562.584,"하루（Haru）",R,33,85,138,-1.026,0.006,0.066,1.71,-0.623,1.54,-36.532,23.476,2,0,121.84,-76.933,11.14,0,0,1,1,2,R,"SUGUN",190,82,0.502,3,67,W,Y,1563.553,255,79,97,20,0,138,130,-30,-6.747,0.45,0,0.191,-470.321,-268.038,50.774,-0.413,-37.615,0,"DoYaGee",-0.108,-17.501,0,"Penguin_iDOL",-19.746,-46.065,85,"Ѕeyeon",-13.938,-64.598,0,"Rite_",22.485,-50.443,0,"muyang_",11.03,-65.338,103,"AI",40.9,-90.65,0,"AI",0,-109.84,0,"AI",-40.8,-90.55,0,1563.576,-0.025,-20.264,1565.609,5,"muyang_",5.185,-63.401,0,0,,,,,56,2
46,3,1,6,0,0,0,1,0,0,0,255,255,255,32,1592.308,"하루（Haru）",R,33,81,132,3.388,0.513,0.482,1.789,1.312,1.81,-36.532,46.737,4,0,102.422,-67.679,7.921,0,0,1,2,3,L,"-Alta-",169.5,84.283,0.478,0,66,W,Y,0,0,0,0,0,0,0,0,0,0,0,0,0,0,0,0,0.353,-37.441,0,"DoYaGee",-0.083,-17.594,0,"Penguin_iDOL",-19.279,-45.67,0,"Ѕeyeon",-14.146,-64.169,0,"Rite_",23.27,-49.073,0,"muyang_",13.844,-65.1,0,"AI",40.9,-90.65,0,"AI",0,-109.84,0,"AI",-40.8,-90.55,0,0,0,0,0,0,"",0,0,0,0,1593.542,,,,0,0
47,3,1,6,0,0,1,1,0,0,0,255,255,255,33,1613.675,"하루（Haru）",R,33,63,117,5.137,0.589,0.624,1.793,1.972,1.824,-36.532,62.9,1,0,145.235,-88.422,5.618,0,0,0,2,3,L,"-Alta-",169.5,84.283,0.478,0,66,W,Y,0,0,0,0,0,0,0,0,0,0,0,0,0,0,0,0,-0.261,-37.352,0,"DoYaGee",0.028,-17.491,0,"Penguin_iDOL",-19.1,-45.685,0,"Ѕeyeon",-14.15,-64.159,0,"Rite_",23.136,-48.916,0,"muyang_",14.004,-65.125,0,"AI",40.9,-90.65,0,"AI",0,-109.84,0,"AI",-40.8,-90.55,0,0,0,0,0,0,"",0,0,0,0,1615.02,,,,0,0
48,3,1,6,0,1,1,1,0,0,0,255,255,255,34,1628.838,"하루（Haru）",R,3,75,114,2.491,-0.378,0.642,1.786,1.794,1.703,-36.532,61.514,1,0,-413.941,228.381,12.667,0.28,-17.965,0,2,3,L,"-Alta-",169.5,84.283,0.478,0,66,W,Y,0,0,0,0,0,0,0,0,0,0,0,0,0,0,0,0,0.398,-37.263,0,"DoYaGee",0.324,-17.613,0,"Penguin_iDOL",-19.133,-45.618,0,"Ѕeyeon",-14.161,-64.16,0,"Rite_",23.023,-48.921,0,"muyang_",13.675,-65.37,0,"AI",40.9,-90.65,0,"AI",0,-109.84,0,"AI",-40.8,-90.55,0,0,0,0,0,0,"",0,0,0,0,1631.776,,,,0,0
49,3,1,6,0,2,1,1,0,0,0,255,255,255,35,1646.95,"하루（Haru）",R,3,69,110,0.472,0.057,0.427,1.741,1.055,1.638,-36.532,40.517,0,0,-467.791,0,19.493,0,0,1,2,3,L,"-Alta-",169.5,84.283,0.478,0,66,W,Y,0,0,0,0,0,0,0,0,0,0,0,0,0,0,0,0,-0.018,-37.196,0,"DoYaGee",0.137,-17.598,0,"Penguin_iDOL",-19.313,-45.534,0,"Ѕeyeon",-14.174,-64.175,0,"Rite_",22.98,-48.888,0,"muyang_",14.185,-65.233,0,"AI",40.9,-90.65,0,"AI",0,-109.84,0,"AI",-40.8,-90.55,0,0,0,0,0,0,"",0,0,0,0,1648.309,,,,0,0
50,3,1,6,0,2,2,1,0,0,0,255,255,255,36,1661.656,"하루（Haru）",R,28,83,135,3.103,-0.376,0.465,1.645,1.231,1.289,-36.532,28.912,4,0,75.27,-94.949,6.226,0,0,1,2,3,L,"-Alta-",169.5,84.283,0.478,0,66,W,Y,0,0,0,0,0,0,0,0,0,0,0,0,0,0,0,0,0.12,-37.07,0,"DoYaGee",0.183,-17.618,0,"Penguin_iDOL",-19.062,-45.851,0,"Ѕeyeon",-14.18,-64.173,0,"Rite_",22.986,-48.989,0,"muyang_",14.827,-65.841,0,"AI",40.9,-90.65,0,"AI",0,-109.84,0,"AI",-40.8,-90.55,0,0,0,0,0,0,"",0,0,0,0,1662.931,,,,0,0
51,3,1,6,0,0,0,2,0,0,0,255,255,255,37,1683.255,"하루（Haru）",R,34,83,135,-2.083,-0.47,-0.025,1.619,-1.048,1.244,-36.532,10.735,1,0,99.316,-73.537,9.73,0,0,0,3,4,R,"Slaris",190,85.69,0.452,0,67,W,Y,0,0,0,0,0,0,0,0,0,0,0,0,0,0,0,0,0.209,-37.17,0,"DoYaGee",-0.191,-17.213,0,"Penguin_iDOL",-19.085,-46.914,0,"Ѕeyeon",-14.17,-64.163,0,"Rite_",22.859,-49.783,0,"muyang_",11.38,-65.024,0,"AI",40.9,-90.65,0,"AI",0,-109.84,0,"AI",-40.8,-90.55,0,0,0,0,0,0,"",0,0,0,0,1684.52,,,,0,0
52,3,1,6,0,1,0,2,0,0,0,255,255,255,38,1698.093,"하루（Haru）",R,3,65,108,-3.211,-0.333,0.072,1.671,-0.593,1.411,-36.532,18.487,4,0,-426.928,0,13.432,0,0,0,3,4,R,"Slaris",190,85.69,0.452,0,67,W,Y,0,0,0,0,0,0,0,0,0,0,0,0,0,0,0,0,-0.017,-37.175,0,"DoYaGee",-0.066,-17.318,0,"Penguin_iDOL",-19.161,-46.806,0,"Ѕeyeon",-14.173,-64.159,0,"Rite_",22.873,-49.814,0,"muyang_",9.201,-65.564,0,"AI",40.9,-90.65,0,"AI",0,-109.84,0,"AI",-40.8,-90.55,0,0,0,0,0,0,"",0,0,0,0,1699.609,,,,0,0
53,3,1,6,0,1,1,2,0,0,0,255,255,255,39,1714.813,"하루（Haru）",R,33,71,123,1.357,-0.066,0.274,1.701,0.346,1.511,-36.532,42.508,2,0,148.386,-49.449,6.034,0,0,0,3,4,R,"Slaris",190,85.69,0.452,3,67,W,Y,1715.758,228,189,152,136,83,145,95,-30,16.194,0.96,0,0.219,-470.321,-268.038,50.774,-0.502,-36.822,0,"DoYaGee",-0.156,-17.325,0,"Penguin_iDOL",-19.089,-46.961,0,"Ѕeyeon",-14.197,-64.154,87,"Rite_",22.856,-49.813,0,"muyang_",12.849,-65.167,0,"AI",40.9,-90.65,0,"AI",0,-109.84,0,"AI",-40.8,-90.55,0,1715.609,-0.242,-22.724,1718.431,3,"Ѕeyeon",-11.471,-61.866,0,8,,,,,43,2
54,3,0,6,0,0,0,0,0,0,0,255,255,255,13,1755.496,"magimari",R,26,86,140,0.226,0.262,0.307,1.881,0.016,1.578,-36.591,19.817,2,0,54.328,-164.139,12.332,0,0,1,0,3,R,"Ѕeyeon",169.6,95,0.5,3,68,W,Y,1756.178,88,44,40,33,5,91,90,-30,-26.46,0.06,0,0.299,-365.693,93.463,100.607,0.287,-37.591,0,"Pugeuk",-0.004,-17.211,0,"SUGUN",-18.47,-44.104,73,"-Alta-",-14.222,-59.427,0,"Slaris",16.952,-47.611,120,"CoalCat",9.134,-62.992,0,"AI",40.9,-90.65,0,"AI",0,-109.84,0,"Floră",-48.158,-96.9,0,1756.176,0.758,-20.928,1757.698,4,"Slaris",12.548,-44.613,0,0,,,,,42,2
55,3,0,6,0,0,0,1,0,0,0,255,255,255,14,1779.975,"magimari",R,10,81,121,0.988,-0.374,0.397,1.952,0.436,1.815,-36.591,33.41,2,0,-10.722,400,15.94,0,0,1,1,4,R,"Rite_",190,80,0.453,3,68,W,Y,1781.247,234,148,179,80,56,145,102,-18.825,11.36,-0.23,0,0.355,-521.917,204.571,184.36,0.189,-37.384,0,"Pugeuk",-0.001,-17.156,0,"SUGUN",-18.517,-44.22,75,"-Alta-",-14.789,-61.522,0,"Slaris",16.345,-49.238,0,"CoalCat",10.091,-62.969,92,"AI",40.9,-90.65,0,"AI",0,-109.84,0,"Floră",-46.383,-96.431,113,1781.154,-0.242,-21.655,1787.609,8,"Floră",-20.354,-111.273,1,0,,,,,99,2
56,3,0,6,0,0,0,1,1,0,0,14,255,255,15,1812.048,"magimari",R,26,80,130,0.935,1.23,0.362,2.069,0.272,2.192,-36.591,46.562,1,0,85.136,-191.884,7.11,0,0,0,2,1,R,"DoYaGee",190,85,0.603,0,68,W,Y,0,0,0,0,0,0,0,0,0,0,0,0,0,0,0,0,-0.051,-38.005,0,"Pugeuk",-0.028,-17.068,0,"SUGUN",-19.482,-41.84,0,"-Alta-",-13.198,-60.591,0,"Slaris",20.592,-48.528,0,"CoalCat",6.818,-63.903,0,"AI",40.9,-90.65,0,"AI",0,-109.84,0,"Floră",-58.397,-92.643,0,0,0,0,0,0,"",0,0,0,0,1813.276,,,,0,0
57,3,0,6,0,1,0,1,1,0,0,14,255,255,16,1828.154,"magimari",R,0,78,127,-2.003,-0.296,0.115,1.84,-0.876,1.452,-36.591,28.792,2,0,0,41.026,18.805,0,0,1,2,1,R,"DoYaGee",190,85,0.603,3,68,W,Y,1829.148,246,133,60,71,31,138,109,19.203,33.716,0.88,0,0.192,198.822,411.681,379.283,-0.287,-37.893,0,"Pugeuk",-0.066,-17.161,0,"SUGUN",-19.379,-43.871,0,"-Alta-",-12.906,-61.222,0,"Slaris",18.582,-49.879,0,"CoalCat",7.183,-63.569,0,"AI",40.9,-90.65,0,"AI",0,-109.84,0,"Floră",-52.545,-98.408,91,1832.576,-51.055,-83.362,1832.954,8,"Floră",-50.926,-83.221,1,0,,1833.812,,,96,2
58,3,0,6,0,0,0,1,1,1,0,11,14,255,17,1859.429,"magimari",R,26,77,128,0.591,1.367,0.342,2.098,0.181,2.288,-36.591,47.557,4,0,44.188,-174.841,4.822,0,0,1,3,2,R,"Penguin_iDOL",190,80,0.398,0,68,W,Y,0,0,0,0,0,0,0,0,0,0,0,0,0,0,0,0,-0.179,-37.928,0,"Pugeuk",-0.051,-16.898,0,"SUGUN",-19.381,-42.871,0,"-Alta-",-14.602,-60.996,0,"Slaris",20.2,-46.011,0,"CoalCat",5.899,-61.368,0,"AI",40.9,-90.65,0,"AI",0,-109.84,0,"Floră",-46.418,-86.971,0,0,0,0,0,0,"",0,0,0,0,1860.565,1862.232,,,0,0
59,3,0,6,0,0,1,1,1,1,0,11,14,255,18,1878.542,"magimari",R,6,65,110,-0.118,-0.945,0.156,1.705,-0.688,1.016,-36.591,22.7,0,0,347.863,0,15.51,0,0,1,3,2,R,"Penguin_iDOL",190,80,0.398,0,68,W,Y,0,0,0,0,0,0,0,0,0,0,0,0,0,0,0,0,-0.242,-38.033,0,"Pugeuk",-0.098,-17.05,0,"SUGUN",-19.261,-43.528,0,"-Alta-",-13.153,-60.61,0,"Slaris",20.147,-45.565,0,"CoalCat",5.264,-63.36,0,"AI",40.9,-90.65,0,"AI",0,-109.84,0,"Floră",-46.588,-87.196,0,0,0,0,0,0,"",0,0,0,0,1879.82,1881.512,,,0,0
60,3,0,6,0,0,2,1,1,1,0,11,14,255,19,1893.365,"magimari",R,26,85,138,-2.196,-0.553,0.084,1.733,-1.023,1.105,-36.591,14.092,4,0,46.234,-168.867,7.718,0,0,1,3,2,R,"Penguin_iDOL",190,80,0.398,0,68,W,Y,0,0,0,0,0,0,0,0,0,0,0,0,0,0,0,0,-0.074,-37.963,0,"Pugeuk",-0.439,-17.172,0,"SUGUN",-19.461,-42.526,0,"-Alta-",-14.712,-59.91,0,"Slaris",20.512,-45.206,0,"CoalCat",5.356,-62.401,0,"AI",40.9,-90.65,0,"AI",0,-109.84,0,"Floră",-45.815,-87.838,0,0,0,0,0,0,"",0,0,0,0,1894.443,1896.971,,,0,0
61,3,0,6,0,0,0,2,1,1,0,11,14,255,20,1914.414,"magimari",R,26,89,140,-2.031,-0.631,0.101,1.739,-0.943,1.063,-36.591,15.481,1,0,40.683,-180.604,12.905,0,0,0,4,5,R,"muyang_",169.8,80,0.498,0,67,W,Y,0,0,0,0,0,0,0,0,0,0,0,0,0,0,0,0,-0.167,-38.03,0,"Pugeuk",-0.106,-17.206,0,"SUGUN",-19.815,-41.811,0,"-Alta-",-12.734,-56.403,0,"Slaris",18.852,-44.814,0,"CoalCat",6.163,-63.354,0,"AI",40.9,-90.65,0,"AI",0,-109.84,0,"Floră",-47.261,-89.622,0,0,0,0,0,0,"",0,0,0,0,1915.587,1916.896,,,0,0
62,3,0,6,0,1,0,2,1,1,0,11,14,255,21,1930.046,"magimari",R,26,83,134,-1.254,-0.424,0.172,1.764,-0.611,1.155,-36.591,15.787,0,0,41.528,-195.824,10.844,0,0,1,4,5,R,"muyang_",169.8,80,0.498,0,67,W,Y,0,0,0,0,0,0,0,0,0,0,0,0,0,0,0,0,-0.074,-38.069,0,"Pugeuk",-0.099,-17.512,0,"SUGUN",-19.28,-43.029,0,"-Alta-",-12.951,-57.184,0,"Slaris",18.646,-45.212,0,"CoalCat",9.931,-63.252,0,"AI",40.9,-90.65,0,"AI",0,-109.84,0,"Floră",-47.664,-90.004,0,0,0,0,0,0,"",0,0,0,0,1931.276,1932.772,,,0,0
63,3,0,6,0,1,1,2,1,1,0,11,14,255,22,1942.639,"magimari",R,7,65,113,0.901,-1.251,0.297,1.692,-0.031,0.892,-36.591,25.102,1,0,237.825,0,9.89,0,0,0,4,5,R,"muyang_",169.8,80,0.498,0,67,W,Y,0,0,0,0,0,0,0,0,0,0,0,0,0,0,0,0,-0.033,-38.011,0,"Pugeuk",-0.04,-17.333,0,"SUGUN",-19.519,-41.46,0,"-Alta-",-13.005,-57.329,0,"Slaris",18.895,-44.987,0,"CoalCat",11.08,-63.282,0,"AI",40.9,-90.65,0,"AI",0,-109.84,0,"Floră",-48.005,-90.373,0,0,0,0,0,0,"",0,0,0,0,1943.909,1944.795,,,0,0
64,3,0,6,0,2,1,2,1,1,0,11,14,255,23,1956.257,"magimari",R,27,80,131,0.583,0.604,0.343,1.936,0.185,1.775,-36.591,29.314,2,0,40.366,-144.79,6.845,0,0,1,4,5,R,"muyang_",169.8,80,0.498,5,67,W,Y,1957.204,141,197,125,80,29,145,90,9.559,-58.904,-0.47,0,0.165,25.467,224.987,153.133,0.066,-37.898,0,"Pugeuk",-0.021,-17.218,0,"SUGUN",-18.761,-44.093,0,"-Alta-",-13.255,-56.007,0,"Slaris",18.615,-45.302,0,"CoalCat",11.088,-63.158,0,"AI",40.9,-90.65,0,"AI",0,-109.84,0,"Floră",-48.16,-90.5,0,1959.343,39.797,-45.81,0,0,"",0,0,0,0,,1962.25,,,32,3
65,3,0,6,0,2,2,2,1,1,0,11,14,255,24,1974.236,"magimari",R,0,82,133,-0.324,-1.524,0.271,1.648,-0.15,0.731,-36.591,24.7,4,0,0,0,7.267,-0.134,-16.849,1,4,5,R,"muyang_",169.8,80,0.498,0,67,W,Y,0,0,0,0,0,0,0,0,0,0,0,0,0,0,0,0,-0.085,-38.105,0,"Pugeuk",-0.011,-17.536,0,"SUGUN",-19.734,-42.852,0,"-Alta-",-12.744,-56.25,0,"Slaris",19.865,-46.628,0,"CoalCat",9.394,-62.353,0,"AI",40.9,-90.65,0,"AI",0,-109.84,0,"Floră",-46.519,-92.162,0,0,0,0,0,0,"",0,0,0,0,1975.487,,1980.916,,0,0
66,4,1,6,0,0,0,0,0,0,0,255,255,255,40,2016.564,"하루（Haru）",R,34,81,132,0.86,-0.281,0.248,1.653,0.224,1.353,-36.532,32.309,2,0,97.805,-81.799,5.85,0,0,1,4,1,R,"Pugeuk",190,80,0.347,3,67,W,Y,2017.575,255,88,70,0,0,111,114,-30,-28.796,0.38,0,0.671,318.391,-213.775,-124.198,-0.071,-37.078,0,"DoYaGee",-0.056,-17.534,0,"Penguin_iDOL",-19.225,-46.554,74,"Ѕeyeon",-13.867,-64.084,0,"Rite_",22.857,-50.925,95,"muyang_",12.854,-64.873,0,"AI",40.9,-90.65,0,"AI",0,-109.84,0,"AI",-40.8,-90.55,0,2017.487,0.915,-21.007,2019.165,4,"Rite_",17.03,-50.298,0,0,,,,,42,2
67,4,1,6,0,0,0,1,0,0,0,255,255,255,41,2045.161,"하루（Haru）",R,3,60,105,-1.44,-0.759,0.235,1.589,0.162,1.147,-36.532,43.812,0,0,-408.822,0,9.186,0,0,1,5,0,R,"magimari",190,85,0.451,0,67,W,Y,0,0,0,0,0,0,0,0,0,0,0,0,0,0,0,0,-0.172,-37.585,0,"DoYaGee",-0.308,-17.552,0,"Penguin_iDOL",-19.775,-46.299,0,"Ѕeyeon",-14.349,-64.138,0,"Rite_",23.032,-51.309,0,"muyang_",13.418,-64.755,0,"AI",40.9,-90.65,0,"AI",0,-109.84,0,"AI",-40.8,-90.55,0,0,0,0,0,0,"",0,0,0,0,2046.665,,,,0,0
68,4,1,6,0,0,1,1,0,0,0,255,255,255,42,2062.438,"하루（Haru）",R,0,49,106,0.847,-0.894,0.32,1.616,0.359,1.058,-36.532,53.408,2,0,0,0,6.074,0,0,1,5,0,R,"magimari",190,85,0.451,3,67,W,Y,2063.588,213,188,93,131,53,145,130,-30,12.655,0.34,0,0.831,58.978,-264.142,-84.636,0.045,-37.307,0,"DoYaGee",-0.477,-17.668,0,"Penguin_iDOL",-19.497,-46.485,82,"Ѕeyeon",-14.374,-64.182,91,"Rite_",23.007,-51.219,0,"muyang_",13.32,-64.751,0,"AI",40.9,-90.65,0,"AI",0,-109.84,0,"AI",-40.8,-90.55,0,2063.443,-0.074,-21.254,2066.031,3,"Ѕeyeon",-8.259,-65.949,0,0,,,,,41,2
69,4,1,6,0,0,0,2,0,0,0,255,255,255,43,2089.706,"하루（Haru）",R,27,80,131,2.617,0.269,0.425,1.753,1.048,1.677,-36.532,34.043,4,0,55.548,-105.75,2.678,0,0,1,6,8,R,"Floră",190,85,0.403,0,66,W,Y,0,0,0,0,0,0,0,0,0,0,0,0,0,0,0,0,-0.104,-36.978,0,"DoYaGee",-0.002,-17.211,0,"Penguin_iDOL",-11.196,-34.586,0,"Ѕeyeon",-14.092,-64.318,0,"Rite_",22.58,-51.494,0,"muyang_",13.259,-64.554,0,"AI",40.902,-90.652,0,"AI",0,-109.842,0,"AI",-40.802,-90.552,0,0,0,0,0,0,"",0,0,0,0,2090.931,,,,0,0
70,4,1,6,0,0,1,2,0,0,0,255,255,255,44,2108.025,"하루（Haru）",R,0,30,83,-1.348,0.251,0.152,1.83,-0.592,1.793,-36.532,44.02,2,0,0,0,-2.61,0,0,1,6,8,R,"Floră",190,85,0.403,2,66,W,Y,2109.272,196,141,143,117,57,145,87,25.432,51.72,1,0,0.601,287.921,522.377,54.996,-0.05,-37.239,0,"DoYaGee",-0.509,-17.263,0,"Penguin_iDOL",-19.436,-46.028,0,"Ѕeyeon",-14.113,-64.304,0,"Rite_",22.22,-51.454,0,"muyang_",13.487,-64.348,0,"AI",40.903,-90.653,0,"AI",0,-109.844,0,"AI",-40.803,-90.553,0,2112.409,-51.13,-52.759,0,0,"",0,0,0,0,,,,,32,3
71,4,1,6,0,0,2,2,0,0,0,255,255,255,45,2130.507,"하루（Haru）",R,0,18,76,-0.736,1.654,0.19,2.193,-0.327,2.668,-36.532,67.693,2,0,0,0,-4.045,0,0,1,6,8,R,"Floră",190,85,0.403,2,66,W,Y,2131.869,219,78,114,132,72,145,87,-30,66.355,1,0,0.569,142.336,146.031,63.596,-0.049,-37.136,0,"DoYaGee",-0.185,-17.402,0,"Penguin_iDOL",-20.272,-45.621,0,"Ѕeyeon",-13.773,-64.488,0,"Rite_",22.666,-50.784,0,"muyang_",13.504,-64.871,0,"AI",40.904,-90.653,0,"AI",0,-109.844,0,"AI",-40.804,-90.553,0,2131.943,-5.413,-21.723,0,0,"",0,0,0,0,,,,,32,3
72,4,1,6,0,0,2,2,0,0,0,255,255,255,46,2153.425,"하루（Haru）",R,28,75,113,0.476,1.992,0.24,2.27,0.124,2.786,-36.532,57.207,1,0,43.944,-63.129,4.449,0,0,0,6,8,R,"Floră",190,85,0.403,0,66,W,Y,0,0,0,0,0,0,0,0,0,0,0,0,0,0,0,0,-0.043,-37.45,0,"DoYaGee",-0.039,-17.263,0,"Penguin_iDOL",-19.935,-46.1,0,"Ѕeyeon",-13.68,-64.565,0,"Rite_",22.573,-50.838,0,"muyang_",9.736,-65.708,0,"AI",40.902,-90.652,0,"AI",0,-109.842,0,"AI",-40.802,-90.552,0,0,0,0,0,0,"",0,0,0,0,2154.687,,,,0,0
73,4,1,6,0,1,2,2,0,0,0,255,255,255,47,2170.089,"하루（Haru）",R,28,64,104,1.632,2.63,0.377,2.338,0.59,3.16,-36.532,81.151,1,0,56.723,-92.848,6.083,0,0,0,6,8,R,"Floră",190,85,0.403,0,66,W,Y,0,0,0,0,0,0,0,0,0,0,0,0,0,0,0,0,0.281,-37.292,0,"DoYaGee",-0.025,-17.237,0,"Penguin_iDOL",-19.882,-46.132,0,"Ѕeyeon",-13.692,-64.549,0,"Rite_",22.06,-51.262,0,"muyang_",12.098,-65.563,0,"AI",40.902,-90.652,0,"AI",0,-109.842,0,"AI",-40.802,-90.552,0,0,0,0,0,0,"",0,0,0,0,2171.631,,,,0,0
74,4,1,6,0,2,2,2,0,0,0,255,255,255,48,2186.29,"하루（Haru）",R,10,28,77,1.269,-1.2,0.102,2.124,-0.646,2.395,-36.532,57.193,2,0,0,286.212,-18.88,0,0,1,6,8,R,"Floră",190,85,0.403,2,66,W,Y,2187.64,245,123,160,124,103,145,87,-6.841,-28.946,1,0,0.459,-288.988,9.797,-420.518,0.021,-37.038,0,"DoYaGee",-0.234,-17.551,0,"Penguin_iDOL",-19.58,-46.2,0,"Ѕeyeon",-13.697,-64.554,0,"Rite_",22.132,-51.246,94,"muyang_",12.498,-65.23,0,"AI",40.904,-90.653,0,"AI",0,-109.844,0,"AI",-40.804,-90.553,0,2187.776,3.301,-26.849,2189.509,4,"Rite_",16.596,-50.353,0,0,,,,,42,2
75,4,0,6,0,0,0,0,0,0,0,255,255,255,25,2249.45,"magimari",R,26,87,140,-5.714,0.399,0.163,1.746,-0.887,1.147,-36.741,15.375,2,0,41.32,-200,18.218,0,0,1,5,0,L,"하루（Haru）",190,90,0.498,3,66,W,Y,2250.491,204,181,73,32,29,137,99,103.476,64.703,-0.12,0.048,0.211,-332.702,-459.902,-181.734,-0.004,-37.341,0,"Pugeuk",-0.148,-17.037,0,"SUGUN",-18.515,-44.375,0,"-Alta-",-12.878,-61.229,0,"Slaris",22.327,-49.266,0,"CoalCat",13.21,-62.551,0,"AI",40.9,-90.65,0,"AI",0,-109.84,0,"Floră",-41.786,-83.827,0,0,0,0,0,0,"",0,0,0,0,,,,,32,3
76,4,0,6,0,0,1,0,0,0,0,255,255,255,26,2267.415,"magimari",R,26,87,140,-0.633,0.55,0.282,1.939,-0.331,1.773,-36.741,25.313,2,0,34.062,-200,18.762,0,0,1,5,0,L,"하루（Haru）",190,90,0.498,3,66,W,Y,2268.481,200,205,41,92,29,129,127,-30,-10.423,0.38,0.048,0.229,441.184,46.481,11.393,0.173,-37.627,0,"Pugeuk",-0.124,-17.498,0,"SUGUN",-18.378,-44.134,74,"-Alta-",-12.205,-61.967,0,"Slaris",21.432,-50.078,0,"CoalCat",12.498,-63.575,0,"AI",40.9,-90.65,0,"AI",0,-109.84,0,"Floră",-42.037,-85.124,0,2268.409,0.201,-21.059,2270.398,5,"CoalCat",7.693,-61.949,1,0,,,,,35,2
77,4,0,6,0,0,0,0,1,0,0,10,255,255,27,2297.963,"magimari",R,26,77,128,-1.015,0.91,0.246,1.969,-0.499,1.897,-36.741,36.616,0,0,32.946,-189.393,3.034,0,0,1,0,3,R,"Ѕeyeon",169.6,95,0.5,0,66,W,Y,0,0,0,0,0,0,0,0,0,0,0,0,0,0,0,0,-0.149,-37.993,0,"Pugeuk",-0.192,-17.228,0,"SUGUN",-19.775,-43.082,0,"-Alta-",-13.065,-62.687,0,"Slaris",19.685,-46.864,0,"CoalCat",11.029,-63.109,0,"AI",40.9,-90.65,0,"AI",0,-109.84,0,"Floră",-54.024,-95.489,0,0,0,0,0,0,"",0,0,0,0,2299.065,,,,0,0
78,4,0,6,0,0,1,0,1,0,0,10,255,255,28,2316.516,"magimari",R,6,72,117,-0.451,-0.834,0.204,1.755,-0.696,1.121,-36.741,25.9,2,0,295.307,0,22.069,0,0,1,0,3,R,"Ѕeyeon",169.6,95,0.5,3,66,W,Y,2317.397,143,76,93,51,28,141,125,-16.517,-33.515,0.45,0,0.489,-140.375,-218.017,-76.568,-0.038,-37.999,0,"Pugeuk",-0.128,-17.578,0,"SUGUN",-19.35,-44.98,85,"-Alta-",-12.662,-62.342,97,"Slaris",17.462,-47.349,120,"CoalCat",7.96,-63.774,0,"AI",40.9,-90.65,0,"AI",0,-109.85,0,"Floră",-54.042,-95.507,0,2317.343,1.066,-22.088,2318.454,4,"Slaris",16.654,-45.519,1,0,,2321.976,,,46,2
79,4,0,6,0,0,0,1,1,0,0,13,255,255,29,2362.383,"magimari",R,26,85,137,-0.5,1.031,0.291,2.031,-0.292,2.07,-36.741,36.941,4,0,46.984,-200,12.974,0,0,1,1,4,R,"Rite_",190,80,0.453,0,65,W,Y,0,0,0,0,0,0,0,0,0,0,0,0,0,0,0,0,0.05,-38.102,0,"Pugeuk",-0.223,-17.112,0,"SUGUN",-19.017,-43.771,0,"-Alta-",-10.379,-59.874,0,"Slaris",19.814,-48.284,0,"CoalCat",6.585,-63.076,0,"AI",40.9,-90.65,0,"AI",0,-109.84,0,"Floră",-57.22,-97.442,0,0,0,0,0,0,"",0,0,0,0,2363.576,,,,0,0
80,4,0,6,0,0,1,1,1,0,0,13,255,255,30,2381.606,"magimari",R,10,77,105,-0.286,-1.413,0.311,1.73,-0.133,1.281,-36.741,28.936,2,0,0,400,15.609,0,0,1,1,4,R,"Rite_",190,80,0.453,3,65,W,Y,2382.758,255,140,148,66,83,145,111,25.065,16.011,0.89,0,0.67,-40.345,290.894,323.556,-0.152,-37.941,0,"Pugeuk",-0.084,-17.371,0,"SUGUN",-18.925,-44.561,0,"-Alta-",-12.447,-61.301,0,"Slaris",18.536,-49.116,0,"CoalCat",7.526,-63.143,85,"AI",40.9,-90.65,0,"AI",0,-109.84,0,"Floră",-57.219,-97.446,104,2387.198,-33.301,-109.311,2390.52,3,"Ѕeyeon",-41.711,-120.209,1,0,,2388.558,2393.218,,97,2
81,4,0,6,0,0,0,1,0,1,1,255,14,13,31,2417.782,"magimari",R,28,86,140,-3.253,-1.766,0.043,1.526,-1.443,0.434,-36.741,14.433,1,0,18.026,-70.181,5.558,-0.72,-17.359,0,2,1,R,"DoYaGee",190,85,0.603,0,65,W,Y,0,0,0,0,0,0,0,0,0,0,0,0,0,0,0,0,-0.217,-37.84,0,"Pugeuk",-0.348,-17.71,0,"SUGUN",-19.105,-44.429,0,"-Alta-",-13.257,-60.518,0,"Slaris",19.709,-45.033,0,"CoalCat",7.126,-61.896,0,"AI",40.9,-90.65,0,"AI",0,-109.84,0,"Floră",-47.733,-94.641,0,0,0,0,0,0,"",0,0,0,0,2418.965,2419.718,,,0,0
82,4,0,6,0,1,0,1,0,1,1,255,14,13,32,2436.799,"magimari",R,26,91,140,-0.846,-0.236,0.265,1.788,-0.411,1.282,-36.741,22.681,2,0,25.431,-200,17.454,0,0,1,2,1,R,"DoYaGee",190,85,0.603,3,65,W,Y,2437.754,255,94,72,68,31,145,129,-30,-30.085,0.29,0,0.172,420.075,392.514,101.474,-0.06,-37.671,0,"Pugeuk",-0.178,-17.552,0,"SUGUN",-18.759,-44.269,0,"-Alta-",-13.263,-60.551,86,"Slaris",18.206,-45.362,0,"CoalCat",8.897,-62.642,0,"AI",40.9,-90.65,0,"AI",0,-109.84,0,"Floră",-47.759,-94.672,0,2437.698,0.643,-21.117,2440.809,6,"AI",35.855,-82.374,1,0,,,2443.063,2444.12,36,2
83,4,0,6,1,0,0,1,1,0,1,11,255,14,33,2469.061,"magimari",R,26,89,140,1.272,0.953,0.455,2.025,0.47,2.05,-36.741,36.009,2,0,52.245,-169.95,8.993,0,0,1,3,2,R,"Penguin_iDOL",190,80,0.398,3,65,W,Y,2469.949,255,110,101,78,27,145,112,27.167,41.692,0.1,0,0.318,-24.212,399.618,-134.902,0.092,-37.484,0,"Pugeuk",0.003,-17.407,0,"SUGUN",-18.805,-44.863,0,"-Alta-",-11.788,-61.346,0,"Slaris",19.503,-47.109,0,"CoalCat",8.072,-62.926,0,"AI",40.9,-90.65,0,"AI",0,-109.84,0,"Floră",-49.173,-93.358,0,2474.609,-73.009,-88.252,0,0,"",0,0,0,0,,,2478.407,,32,3
84,4,0,6,1,0,1,1,1,0,1,11,255,14,34,2491.604,"magimari",R,10,85,126,0.49,-1.602,0.397,1.707,0.202,1.021,-36.741,27.422,2,0,0,400,19.697,0,0,1,3,2,R,"Penguin_iDOL",190,80,0.398,3,63,W,Y,2492.549,255,255,115,133,67,145,130,-30,-33.791,0.66,0,0.513,61.001,-443.35,-222.81,0.335,-37.726,0,"Pugeuk",0.016,-17.573,0,"SUGUN",-19.008,-44.323,86,"-Alta-",-11.671,-60.043,0,"Slaris",17.51,-45.75,120,"CoalCat",6.764,-62.435,0,"AI",40.9,-90.65,0,"AI",0,-109.84,0,"Floră",-55.946,-95.591,0,2492.387,0.446,-20.686,2493.509,4,"Slaris",15.82,-43.628,0,2,,2497.279,,,42,2
85,5,1,6,1,0,0,0,0,0,0,255,255,255,49,2541.97,"하루（Haru）",R,27,72,111,1.459,0.966,0.371,1.872,0.53,1.966,-36.532,38.531,0,0,49.772,-123.078,8.625,0,0,0,0,5,R,"CoalCat",165.4,84.053,0.503,0,65,W,Y,0,0,0,0,0,0,0,0,0,0,0,0,0,0,0,0,-0.32,-37.638,0,"DoYaGee",-0.033,-17.543,0,"Penguin_iDOL",-19.699,-47.504,0,"Ѕeyeon",-14.016,-64.417,0,"Rite_",22.399,-51.176,0,"muyang_",8.301,-66.362,0,"AI",40.9,-90.65,0,"AI",0,-109.84,0,"AI",-40.8,-90.55,0,0,0,0,0,0,"",0,0,0,0,2543.431,,,,0,0
86,5,1,6,1,0,1,0,0,0,0,255,255,255,50,2559.368,"하루（Haru）",R,33,67,120,2.821,2.286,0.455,2.026,0.989,2.749,-36.532,64.326,2,0,131.547,-71.755,7.963,0,0,0,0,5,R,"CoalCat",165.4,84.053,0.503,3,65,W,Y,2560.495,255,68,52,36,16,134,106,25.157,47.71,0.78,0,0.351,-283.396,322.198,69.832,0.126,-37.427,0,"DoYaGee",-0.078,-17.508,0,"Penguin_iDOL",-19.745,-47.436,0,"Ѕeyeon",-14.019,-64.421,0,"Rite_",22.664,-51.303,0,"muyang_",10.085,-66.221,0,"AI",40.9,-90.65,0,"AI",0,-109.84,0,"AI",-40.8,-90.55,0,2563.82,-58.937,-66.162,0,0,"",0,0,0,0,,,,,32,3
87,5,1,6,1,0,2,0,0,0,0,255,255,255,51,2581.663,"하루（Haru）",R,0,47,105,1.907,0.256,0.343,1.698,0.82,1.752,-36.532,91.926,4,0,0,0,5.277,0,0,1,0,5,R,"CoalCat",165.4,84.053,0.503,0,65,W,Y,0,0,0,0,0,0,0,0,0,0,0,0,0,0,0,0,-0.137,-37.321,0,"DoYaGee",-0.488,-17.693,0,"Penguin_iDOL",-20.899,-47.643,0,"Ѕeyeon",-14.027,-64.529,0,"Rite_",22.527,-53.59,0,"muyang_",5.853,-66.087,0,"AI",40.9,-90.65,0,"AI",0,-109.84,0,"AI",-40.8,-90.55,0,0,0,0,0,0,"",0,0,0,0,2582.954,,,,0,0
88,5,1,6,1,0,0,1,0,0,0,255,255,255,52,2606.67,"하루（Haru）",R,3,63,107,-2.368,0.253,0.15,1.784,-0.233,1.778,-36.532,45.567,1,0,-406.092,0,10.138,0,0,0,1,2,R,"SUGUN",190,82,0.502,0,65,W,Y,0,0,0,0,0,0,0,0,0,0,0,0,0,0,0,0,-0.012,-37.103,0,"DoYaGee",-0.576,-17.517,0,"Penguin_iDOL",-20.184,-47.155,0,"Ѕeyeon",-13.76,-64.144,0,"Rite_",22.924,-53.129,0,"muyang_",11.999,-66.931,0,"AI",40.9,-90.65,0,"AI",0,-109.84,0,"AI",-40.8,-90.55,0,0,0,0,0,0,"",0,0,0,0,2608.042,,,,0,0
89,5,1,6,1,1,0,1,0,0,0,255,255,255,53,2622.597,"하루（Haru）",R,33,82,133,2.396,0.653,0.385,1.83,0.859,1.928,-36.532,40.592,2,0,116.273,-91.08,6.243,0,0,1,1,2,R,"SUGUN",190,82,0.502,3,65,W,Y,2623.654,198,169,130,82,31,145,90,-44.662,-16.079,-0.82,0,0.306,48.453,-201.189,7.225,0.213,-37.266,0,"DoYaGee",0.08,-17.407,0,"Penguin_iDOL",-20.141,-47.28,81,"Ѕeyeon",-13.769,-64.142,0,"Rite_",22.825,-53.032,0,"muyang_",12.103,-65.515,0,"AI",40.9,-90.65,0,"AI",0,-109.84,0,"AI",-40.8,-90.55,0,2623.598,0.79,-20.681,2626.476,5,"muyang_",11.16,-56.467,0,0,,,,,56,2
90,5,1,6,1,0,0,2,0,0,0,255,255,255,54,2653.689,"하루（Haru）",R,34,75,126,4.313,0.983,0.575,1.864,1.743,2.084,-36.532,49.879,1,0,76.324,-51.416,4.721,0,0,0,2,3,L,"-Alta-",169.5,84.283,0.478,0,64,W,Y,0,0,0,0,0,0,0,0,0,0,0,0,0,0,0,0,0.149,-37.197,0,"DoYaGee",0.173,-17.504,0,"Penguin_iDOL",-18.71,-46.255,0,"Ѕeyeon",-14.094,-64.089,0,"Rite_",22.208,-50.523,0,"muyang_",12.881,-65.165,0,"AI",40.9,-90.65,0,"AI",0,-109.84,0,"AI",-40.8,-90.55,0,0,0,0,0,0,"",0,0,0,0,2654.943,,,,0,0
91,5,1,6,1,1,0,2,0,0,0,255,255,255,55,2672.002,"하루（Haru）",R,3,63,105,-0.584,0.336,0.344,1.786,0.671,1.801,-36.532,28.443,2,0,-477.273,0,16.724,0,0,1,2,3,L,"-Alta-",169.5,84.283,0.478,3,64,W,Y,2673.104,255,137,144,90,49,145,84,95.747,52.902,-0.77,0,0.519,307.439,-10.974,-71.654,0.046,-37.142,0,"DoYaGee",0.02,-17.563,0,"Penguin_iDOL",-18.635,-46.155,0,"Ѕeyeon",-14.087,-64.105,0,"Rite_",23.246,-49.138,0,"muyang_",12.849,-65.184,0,"AI",40.9,-90.65,0,"AI",0,-109.84,0,"AI",-40.8,-90.55,0,2679.165,13.071,-7.101,0,0,"",0,0,0,0,,,,,32,3
92,5,1,6,1,1,1,2,0,0,0,255,255,255,56,2700.873,"하루（Haru）",R,0,64,118,4.137,0.457,0.584,1.799,1.785,1.849,-36.532,58.104,1,0,0,0,9.723,0,0,0,2,3,L,"-Alta-",169.5,84.283,0.478,0,64,W,Y,0,0,0,0,0,0,0,0,0,0,0,0,0,0,0,0,0.243,-37.04,0,"DoYaGee",0.105,-17.46,0,"Penguin_iDOL",-19.728,-47.612,0,"Ѕeyeon",-13.711,-64.382,0,"Rite_",22.921,-48.609,0,"muyang_",14.6,-66.066,0,"AI",40.9,-90.65,0,"AI",0,-109.84,0,"AI",-40.8,-90.55,0,0,0,0,0,0,"",0,0,0,0,2702.243,,,,0,0
93,5,1,6,1,2,1,2,0,0,0,255,255,255,57,2717.697,"하루（Haru）",R,5,80,129,0.925,-0.287,0.302,1.684,0.473,1.43,-36.532,33.667,0,0,-52.849,0,5.79,0,0,1,2,3,L,"-Alta-",169.5,84.283,0.478,0,64,W,Y,0,0,0,0,0,0,0,0,0,0,0,0,0,0,0,0,0.114,-37.169,0,"DoYaGee",-0.081,-17.644,0,"Penguin_iDOL",-19.787,-47.535,0,"Ѕeyeon",-13.723,-64.388,0,"Rite_",23.022,-48.988,0,"muyang_",15.213,-65.569,0,"AI",40.9,-90.65,0,"AI",0,-109.84,0,"AI",-40.8,-90.55,0,0,0,0,0,0,"",0,0,0,0,2718.943,,,,0,0
94,5,1,6,1,2,2,2,0,0,0,255,255,255,58,2735.052,"하루（Haru）",R,34,70,109,0.921,-1.179,0.277,1.426,0.237,0.88,-36.532,31.115,1,0,83.281,-59.492,11.583,0,0,0,2,3,L,"-Alta-",169.5,84.283,0.478,0,64,W,Y,0,0,0,0,0,0,0,0,0,0,0,0,0,0,0,0,-0.085,-37.031,0,"DoYaGee",0.185,-17.689,0,"Penguin_iDOL",-19.738,-47.775,0,"Ѕeyeon",-13.744,-64.383,0,"Rite_",22.97,-48.95,0,"muyang_",14.148,-64.428,0,"AI",40.9,-90.65,0,"AI",0,-109.84,0,"AI",-40.8,-90.55,0,0,0,0,0,0,"",0,0,0,0,2736.343,,,,0,0
95,5,1,6,1,3,2,2,0,0,0,255,255,255,59,2749.796,"하루（Haru）",R,33,70,109,1.63,-0.298,0.363,1.615,0.506,1.337,-36.532,42.647,4,0,103.536,-86.188,8.348,0,0,1,2,3,L,"-Alta-",169.5,84.283,0.478,0,64,W,Y,0,0,0,0,0,0,0,0,0,0,0,0,0,0,0,0,0.074,-37.297,0,"DoYaGee",0.196,-17.572,0,"Penguin_iDOL",-19.783,-47.62,0,"Ѕeyeon",-13.721,-64.367,0,"Rite_",23.019,-48.883,0,"muyang_",14.921,-65.974,0,"AI",40.9,-90.65,0,"AI",0,-109.84,0,"AI",-40.8,-90.55,0,0,0,0,0,0,"",0,0,0,0,2751.031,,,,0,0
96,5,0,6,1,0,0,0,0,0,0,255,255,255,35,2800.276,"magimari",R,26,88,140,-0.07,-0.705,0.33,1.726,-0.111,1.016,-36.741,18.7,0,0,52.564,-185.97,9.871,0,0,1,4,5,R,"muyang_",169.8,80,0.498,0,64,W,Y,0,0,0,0,0,0,0,0,0,0,0,0,0,0,0,0,0.284,-37.715,0,"Pugeuk",-0.058,-17.108,0,"SUGUN",-18.449,-44.477,0,"-Alta-",-13.119,-60.898,0,"Slaris",20.525,-47.642,0,"CoalCat",11.82,-64.121,0,"AI",40.9,-90.65,0,"AI",0,-109.84,0,"Floră",-50.628,-94.446,0,0,0,0,0,0,"",0,0,0,0,2801.476,,,,0,0
97,5,0,6,1,0,1,0,0,0,0,255,255,255,36,2816.05,"magimari",R,26,86,139,-0.519,0.539,0.287,1.914,-0.309,1.698,-36.741,31.112,0,0,54.755,-200,11.602,0,0,0,4,5,R,"muyang_",169.8,80,0.498,0,64,W,Y,0,0,0,0,0,0,0,0,0,0,0,0,0,0,0,0,0.157,-37.567,0,"Pugeuk",-0.074,-17.092,0,"SUGUN",-18.438,-44.389,0,"-Alta-",-13.05,-62.175,0,"Slaris",20.651,-47.612,0,"CoalCat",11.809,-64.128,0,"AI",40.9,-90.65,0,"AI",0,-109.84,0,"Floră",-50.61,-94.419,0,0,0,0,0,0,"",0,0,0,0,2817.231,,,,0,0
98,5,0,6,1,0,2,0,0,0,0,255,255,255,37,2832.397,"magimari",R,26,90,140,-0.348,0.176,0.311,1.859,-0.199,1.496,-36.741,21.986,2,0,27.515,-200,14.092,0,0,1,4,5,R,"muyang_",169.8,80,0.498,5,64,W,Y,2833.315,142,100,99,15,18,137,87,41.518,31.528,-0.34,0,0.074,315.369,423.957,-85.331,0.183,-37.744,0,"Pugeuk",-0.189,-17.398,0,"SUGUN",-18.337,-44.252,70,"-Alta-",-13.852,-62.827,0,"Slaris",19.673,-48.161,0,"CoalCat",9.748,-64.907,0,"AI",40.9,-90.65,0,"AI",0,-109.84,0,"Floră",-50.608,-94.422,87,2838.554,-39.741,-71.38,2839.332,8,"Floră",-41.596,-72.796,1,0,,,,,98,2
99,5,0,6,1,0,0,0,1,0,0,15,255,255,38,2860.787,"magimari",R,27,87,140,-2.386,-0.695,0.1,1.69,-1.179,0.967,-36.741,16.763,2,0,30.06,-143.154,9.272,0,0,1,5,0,L,"하루（Haru）",190,90,0.498,3,64,W,Y,2861.878,166,193,99,77,32,145,107,58.759,15.964,-0.03,0.048,0.274,463.417,-29.71,86.476,-0.273,-37.89,0,"Pugeuk",-0.076,-17.487,0,"SUGUN",-19.455,-45.071,120,"-Alta-",-12.107,-63.403,0,"Slaris",20.719,-47.974,0,"CoalCat",11.259,-64.106,0,"AI",40.9,-90.65,0,"AI",0,-109.84,0,"Floră",-47.87,-91.683,110,2868.798,-20.15,-80.029,2869.187,8,"Floră",-20.15,-80.033,1,0,,2873.041,,,99,2
100,5,0,6,1,0,0,0,1,1,0,10,15,255,39,2915.156,"magimari",R,10,67,110,-1.186,-0.83,0.241,1.916,-0.523,1.704,-36.741,40.792,2,0,0,400,11.445,0,0,1,0,3,R,"Ѕeyeon",169.6,95,0.5,3,64,W,Y,2916.088,181,91,99,59,38,145,112,-30,-3.279,0.86,0,0.414,320.13,-336.972,-76.544,0.126,-37.789,0,"Pugeuk",-0.185,-17.474,0,"SUGUN",-19.348,-44.742,102,"-Alta-",-12.093,-61.08,0,"Slaris",20.042,-47.38,86,"CoalCat",5.048,-62.34,89,"AI",40.9,-90.65,0,"AI",0,-109.84,0,"Floră",-46.521,-89.602,0,2916.02,-0.163,-21.356,2918.031,5,"CoalCat",2.062,-59.153,0,0,,2920.891,2920.802,,43,2
101,5,0,6,1,0,0,2,0,0,1,255,255,15,40,2944.443,"magimari",R,26,87,140,-1.235,0.086,0.225,1.849,-0.597,1.482,-36.741,27.23,0,0,38.364,-200,9.199,0,0,1,1,4,R,"Rite_",190,80,0.453,0,64,W,Y,0,0,0,0,0,0,0,0,0,0,0,0,0,0,0,0,-0.285,-37.912,0,"Pugeuk",-0.23,-17.044,0,"SUGUN",-18.908,-44.365,0,"-Alta-",-12.47,-63.339,0,"Slaris",22.52,-45.588,0,"CoalCat",9.178,-65.422,0,"AI",40.9,-90.65,0,"AI",0,-109.84,0,"Floră",-50.607,-96.623,0,0,0,0,0,0,"",0,0,0,0,2945.72,,2947.441,,0,0
102,5,0,6,1,0,1,2,0,0,1,255,255,15,41,2959.38,"magimari",R,26,80,130,0.572,1.194,0.378,2.062,0.114,2.172,-36.741,47.87,2,0,83.197,-186.909,6.354,0,0,1,1,4,R,"Rite_",190,80,0.453,3,64,W,Y,2960.698,255,172,205,128,72,145,100,33.566,3.442,-0.34,0,0.424,209.8,-464.508,34.568,-0.19,-37.873,0,"Pugeuk",-0.132,-17.295,0,"SUGUN",-18.868,-44.287,0,"-Alta-",-12.456,-63.457,0,"Slaris",20.109,-47.539,0,"CoalCat",8.648,-65.399,0,"AI",40.9,-90.65,0,"AI",0,-109.84,0,"Floră",-50.581,-96.565,0,2965.72,3.79,-102.194,0,0,"",0,0,0,0,,,,2965.568,32,1
103,6,1,6,1,0,0,0,0,0,0,255,255,255,60,3008.282,"하루（Haru）",R,33,61,102,1.884,-0.716,0.366,1.519,0.514,1.164,-36.532,41.911,1,0,145.104,-12.795,4.544,0,0,0,3,4,R,"Slaris",190,85.69,0.452,0,64,W,Y,0,0,0,0,0,0,0,0,0,0,0,0,0,0,0,0,0.077,-37.191,0,"DoYaGee",0.048,-17.217,0,"Penguin_iDOL",-19.569,-47.168,0,"Ѕeyeon",-13.642,-64.558,0,"Rite_",21.584,-50.375,0,"muyang_",10.936,-65.089,0,"AI",40.9,-90.65,0,"AI",0,-109.84,0,"AI",-40.8,-90.55,0,0,0,0,0,0,"",0,0,0,0,3009.665,,,,0,0
104,6,1,6,1,1,0,0,0,0,0,255,255,255,61,3025.233,"하루（Haru）",R,47,49,93,2.304,-0.469,0.534,1.618,0.862,1.309,-36.532,79.874,1,0,54.916,-23.707,2.729,0,0,0,3,4,R,"Slaris",190,85.69,0.452,0,64,W,Y,0,0,0,0,0,0,0,0,0,0,0,0,0,0,0,0,0.058,-37.185,0,"DoYaGee",0.064,-17.195,0,"Penguin_iDOL",-19.708,-47.606,0,"Ѕeyeon",-13.665,-64.573,0,"Rite_",21.808,-50.318,0,"muyang_",10.324,-65.369,0,"AI",40.9,-90.65,0,"AI",0,-109.84,0,"AI",-40.8,-90.55,0,0,0,0,0,0,"",0,0,0,0,3026.587,,,,0,0
105,6,1,6,1,2,0,0,0,0,0,255,255,255,62,3039.331,"하루（Haru）",R,26,83,134,0.746,-0.1,0.25,1.668,0.233,1.403,-36.532,26.702,2,0,58.626,-155.136,13.323,0,0,0,3,4,R,"Slaris",190,85.69,0.452,3,64,W,Y,3040.344,204,154,158,206,54,145,125,26.193,-23.324,0.25,0,0.196,209.8,-464.508,34.568,-0.228,-36.674,0,"DoYaGee",-0.055,-17.194,0,"Penguin_iDOL",-19.541,-47.742,0,"Ѕeyeon",-13.656,-64.564,0,"Rite_",21.948,-50.031,0,"muyang_",12.684,-65.14,0,"AI",40.9,-90.65,0,"AI",0,-109.84,0,"AI",-40.8,-90.55,0,3045.465,44.584,-128.092,0,0,"",0,0,1,0,,3050.357,3055.379,3058.3,32,4
106,6,1,7,1,0,0,0,0,0,0,255,255,255,63,3080.648,"하루（Haru）",R,28,77,128,2.6,1.178,0.42,1.93,1.024,2.252,-36.532,59.558,1,0,62.799,-92.6,3.521,0,0,0,4,1,R,"Pugeuk",190,80,0.347,0,64,W,Y,0,0,0,0,0,0,0,0,0,0,0,0,0,0,0,0,0.28,-37.132,0,"DoYaGee",-0.01,-17.287,0,"Penguin_iDOL",-20.181,-47.633,0,"Ѕeyeon",-13.898,-64.583,0,"Rite_",22.549,-50.217,0,"muyang_",12.483,-64.798,0,"AI",40.9,-90.65,0,"AI",0,-109.84,0,"AI",-40.8,-90.55,0,0,0,0,0,0,"",0,0,0,0,3081.854,,,,0,0
107,6,1,7,1,1,0,0,0,0,0,255,255,255,64,3095.091,"하루（Haru）",R,33,76,127,0.666,-0.273,0.191,1.615,-0.043,1.23,-36.532,28.274,2,0,123.58,-48.78,5.548,0,0,1,4,1,R,"Pugeuk",190,80,0.347,3,64,W,Y,3096.184,255,103,153,0,0,143,130,2.336,2.648,0.64,0,0.807,-114.98,20.249,-58.562,-0.176,-37.366,0,"DoYaGee",-0.066,-17.341,0,"Penguin_iDOL",-20.229,-47.388,0,"Ѕeyeon",-13.905,-64.56,0,"Rite_",22.588,-50.288,0,"muyang_",12.202,-64.866,80,"AI",40.9,-90.65,0,"AI",0,-109.84,0,"AI",-40.8,-90.55,0,3096.798,-1.432,-48.687,3099.22,7,"AI",-2.624,-99.953,1,0,,,,,48,2
108,6,1,7,1,0,0,0,1,0,0,1,255,255,65,3123.525,"하루（Haru）",R,5,71,120,1.144,-0.395,0.353,1.654,0.711,1.356,-36.532,36.848,2,0,-133.474,0,12.463,0,0,1,5,0,R,"magimari",190,85,0.451,3,64,W,Y,3124.57,255,182,97,109,45,145,130,30.591,21.723,0.62,0,0.685,217.325,69.666,507.649,0.366,-37.194,0,"DoYaGee",0.15,-17.675,0,"Penguin_iDOL",-18.827,-45.405,0,"Ѕeyeon",-12.97,-64.185,0,"Rite_",21.703,-49.198,0,"muyang_",9.879,-60.792,79,"AI",40.9,-90.65,0,"AI",0,-109.84,0,"AI",-40.8,-90.55,0,3129.765,-43.936,-119.049,3130.787,8,"AI",-42.016,-116.012,1,0,,3130.941,3136.146,,49,2
109,6,1,7,1,0,0,0,0,1,1,255,0,1,66,3161.357,"하루（Haru）",R,1,20,77,1.637,-2.487,0.382,1.699,0.276,1.034,-36.532,73.999,1,0,-2.399,1.309,-1.437,0.31,-20.67,0,6,8,R,"Floră",190,85,0.403,0,64,W,Y,0,0,0,0,0,0,0,0,0,0,0,0,0,0,0,0,-0.065,-37.203,0,"DoYaGee",0.146,-17.41,0,"Penguin_iDOL",-19.269,-45.999,0,"Ѕeyeon",-13.436,-64.524,0,"Rite_",22.04,-46.953,0,"muyang_",6.165,-59.434,0,"AI",40.902,-90.652,0,"AI",0,-109.842,0,"AI",-40.802,-90.552,0,0,0,0,0,0,"",0,0,0,0,3162.965,3163.983,3163.761,,0,0
110,6,1,7,1,0,1,0,0,1,1,255,0,1,67,3182.332,"하루（Haru）",R,10,31,77,0.237,-1.907,0.3,1.63,0.096,1.26,-36.532,41.515,4,0,0,400,-34.707,0.029,-19.558,0,6,8,R,"Floră",190,85,0.403,0,64,W,Y,0,0,0,0,0,0,0,0,0,0,0,0,0,0,0,0,0.036,-37.12,0,"DoYaGee",0.031,-17.385,0,"Penguin_iDOL",-19.019,-45.835,0,"Ѕeyeon",-13.458,-64.54,0,"Rite_",19.679,-40.503,0,"muyang_",6.884,-60.283,0,"AI",40.902,-90.652,0,"AI",0,-109.842,0,"AI",-40.802,-90.552,0,0,0,0,0,0,"",0,0,0,0,3183.876,3185.243,3185.479,,0,0
111,6,1,7,1,0,2,0,0,1,1,255,0,1,68,3205.385,"하루（Haru）",R,10,28,75,0.509,-1.758,0.336,1.684,0.213,1.37,-36.532,58.956,2,0,0,400,-41.433,0,0,1,6,8,R,"Floră",190,85,0.403,2,64,W,Y,3206.756,255,88,160,112,39,145,87,-10.109,-17.762,1,0,0.512,-442.046,41.184,-165.345,-0.118,-36.802,0,"DoYaGee",0.087,-17.694,0,"Penguin_iDOL",-19.624,-47.252,0,"Ѕeyeon",-13.447,-64.527,80,"Rite_",21.119,-45.167,0,"muyang_",6.889,-59.65,0,"AI",40.904,-90.653,0,"AI",0,-109.844,0,"AI",-40.804,-90.553,0,3206.576,0.587,-22.215,3211.873,6,"AI",22.956,-90.119,1,0,,3225.539,3210.459,3210.772,33,2
112,6,1,9,1,0,0,0,0,1,0,255,8,255,69,3243.052,"하루（Haru）",R,26,85,138,1.425,-0.268,0.327,1.646,0.592,1.284,-36.532,23.608,2,0,12.829,-154.774,20.136,0,0,1,0,5,R,"CoalCat",165.4,84.053,0.503,3,64,W,Y,3244.547,255,74,110,0,4,136,88,-35.501,-23.144,-0.2,0,0.335,-468.366,17.091,-87.478,-0.445,-37.365,120,"DoYaGee",0.014,-17.586,120,"Penguin_iDOL",-19.281,-43.584,0,"Ѕeyeon",-14.229,-64.15,87,"Rite_",20.909,-43.785,85,"muyang_",5.051,-60.133,0,"AI",40.904,-90.654,0,"AI",0,-109.844,0,"AI",-40.804,-90.554,0,3244.365,0.204,-19.876,3248.906,6,"AI",23.414,-79.262,1,64,3270.487,,3247.039,3270.944,39,2
113,6,1,9,1,0,0,1,1,0,0,5,255,255,70,3291.061,"하루（Haru）",R,27,87,140,23.513,-2.529,0.303,1.672,0.481,1.414,-36.532,32.328,2,1,72.018,-105.553,5.629,0,0,1,1,2,R,"SUGUN",190,82,0.502,3,64,W,Y,3292.094,205,51,59,35,0,136,97,24.934,37.432,-0.22,0,0.188,63.961,431.257,-410.764,-0.124,-37.292,0,"DoYaGee",-0.01,-17.62,0,"Penguin_iDOL",-20.181,-45.248,79,"Ѕeyeon",-14.105,-64.583,0,"Rite_",22.524,-50.848,0,"muyang_",10.615,-62.14,98,"AI",40.903,-90.653,0,"AI",0,-109.843,0,"AI",-40.803,-90.553,0,3296.576,-55.875,-82.077,3301.254,5,"muyang_",-8.398,-62.828,0,0,,,,,56,1
114,6,1,9,1,0,0,2,1,0,0,5,255,255,71,3354.04,"하루（Haru）",R,33,76,127,-1.288,-0.589,0.032,1.607,-0.782,1.151,-36.532,16.632,2,0,143.214,-103.738,10.821,0,0,1,2,3,L,"-Alta-",169.5,86.283,0.478,3,63,W,Y,3355.084,242,92,121,91,37,145,124,9.328,-1.02,0.38,0,0.412,55.566,-2.973,-4.688,0.172,-37.287,0,"DoYaGee",-0.17,-17.733,0,"Penguin_iDOL",-19.122,-46.492,0,"Ѕeyeon",-14.082,-64.234,0,"Rite_",22.58,-50.138,0,"muyang_",13.635,-64.406,85,"AI",40.903,-90.653,0,"AI",0,-109.843,0,"AI",-40.803,-90.553,0,3357.498,1.249,-93.555,3357.992,7,"AI",1.376,-100.397,1,0,,3359.92,,,48,2
115,6,1,9,1,0,0,2,1,1,0,3,5,255,72,3385.5,"하루（Haru）",R,27,77,128,0.551,-0.246,0.234,1.641,0.157,1.315,-36.532,40.04,0,0,50.199,-142.181,7.058,0,0,0,3,4,R,"Slaris",190,85.69,0.452,0,63,W,Y,0,0,0,0,0,0,0,0,0,0,0,0,0,0,0,0,-0.092,-37.451,0,"DoYaGee",0.034,-17.243,0,"Penguin_iDOL",-19.206,-45.258,0,"Ѕeyeon",-13.762,-64.245,0,"Rite_",21.916,-50.808,0,"muyang_",10.723,-65.129,0,"AI",40.9,-90.65,0,"AI",0,-109.84,0,"AI",-40.8,-90.55,0,0,0,0,0,0,"",0,0,0,0,3386.631,3389.296,,,0,0
116,6,1,9,1,0,1,2,1,1,0,3,5,255,73,3405.464,"하루（Haru）",R,3,46,96,0.198,-1.12,0.406,1.557,0.734,0.928,-36.532,69.185,1,0,-299.043,0,9.66,0,0,0,3,4,R,"Slaris",190,85.69,0.452,0,63,W,Y,0,0,0,0,0,0,0,0,0,0,0,0,0,0,0,0,-0.137,-37.019,0,"DoYaGee",-0.041,-18.75,0,"Penguin_iDOL",-19.459,-45.411,0,"Ѕeyeon",-13.76,-64.251,0,"Rite_",21.927,-50.96,0,"muyang_",9.127,-63.986,0,"AI",40.9,-90.65,0,"AI",0,-109.84,0,"AI",-40.8,-90.55,0,0,0,0,0,0,"",0,0,0,0,3406.731,,3410.197,,0,0
117,6,1,9,1,1,1,2,1,0,1,3,255,5,74,3430.708,"하루（Haru）",R,3,57,101,-5.032,-0.782,-0.067,1.587,-1.24,1.139,-36.532,16.133,1,0,-459.091,0,18.285,0,0,0,3,4,R,"Slaris",190,85.69,0.452,0,63,W,Y,0,0,0,0,0,0,0,0,0,0,0,0,0,0,0,0,-0.535,-37.58,0,"DoYaGee",-0.16,-17.368,0,"Penguin_iDOL",-19.517,-45.199,0,"Ѕeyeon",-13.766,-64.256,0,"Rite_",22.294,-50.17,0,"muyang_",9.356,-64.518,0,"AI",40.9,-90.65,0,"AI",0,-109.84,0,"AI",-40.8,-90.55,0,0,0,0,0,0,"",0,0,0,0,3431.887,,,,0,0
118,6,1,9,1,2,1,2,1,0,1,3,255,5,75,3445.529,"하루（Haru）",R,33,72,124,0.636,-0.683,0.221,1.584,0.1,1.129,-36.532,36.486,0,0,107.786,-45.243,1.53,0,0,0,3,4,R,"Slaris",190,85.69,0.452,0,63,W,Y,0,0,0,0,0,0,0,0,0,0,0,0,0,0,0,0,0.038,-37.65,0,"DoYaGee",-0.115,-17.509,0,"Penguin_iDOL",-19.341,-46.088,0,"Ѕeyeon",-12.613,-63.773,0,"Rite_",22.345,-48.71,0,"muyang_",7.35,-63.777,0,"AI",40.9,-90.65,0,"AI",0,-109.84,0,"AI",-40.8,-90.55,0,0,0,0,0,0,"",0,0,0,0,3446.731,3450.089,3447.912,,0,0
119,6,1,9,1,2,2,2,0,1,1,255,3,5,76,3471.096,"하루（Haru）",R,10,41,95,-2.46,-1.166,-0.014,1.691,-1.035,1.307,-36.532,51,2,0,0,253.356,-11.257,0,0,0,3,4,R,"Slaris",190,85.69,0.452,3,64,W,Y,3472.173,218,99,114,90,66,145,130,7.436,-14.728,0.65,0,0.129,55.566,-2.973,-4.688,-0.177,-36.758,0,"DoYaGee",-0.336,-17.513,0,"Penguin_iDOL",-18.406,-47.643,0,"Ѕeyeon",-13.417,-63.211,0,"Rite_",21.859,-50.236,0,"muyang_",12.381,-65.225,103,"AI",40.9,-90.65,0,"AI",0,-109.84,0,"AI",-40.8,-90.55,0,3473.431,10.394,-70.613,3473.654,5,"muyang_",8.597,-60.797,0,0,,,,3476.797,59,1
120,6,0,9,1,0,0,0,0,0,0,255,255,255,42,3533.053,"magimari",R,26,90,140,-1.578,-0.724,0.19,1.695,-0.762,0.984,-36.691,7.376,2,0,51.023,-192.617,14.106,0,0,1,2,1,R,"DoYaGee",190,85,0.603,3,64,W,Y,3534.007,109,79,90,69,56,136,130,-2.578,33.577,0.52,0,0.175,70.524,567.223,168.856,0.195,-37.847,0,"Pugeuk",-0.271,-17.524,0,"SUGUN",-18.888,-44.708,86,"-Alta-",-14.13,-61.917,0,"Slaris",17.64,-49.989,0,"CoalCat",9.664,-63.959,0,"AI",40.9,-90.65,0,"AI",0,-109.84,0,"Floră",-43.807,-89.924,0,3534.165,-8.215,-31.239,3534.976,2,"SUGUN",-16.697,-42.692,0,0,,,,,34,2
121,6,0,9,1,0,0,1,0,0,0,255,255,255,43,3583.442,"magimari",R,26,85,138,0.069,0.181,0.339,1.867,-0.069,1.538,-36.691,20.067,0,0,65.161,-200,17.612,0,0,1,3,2,R,"Penguin_iDOL",190,80,0.398,0,62,W,Y,0,0,0,0,0,0,0,0,0,0,0,0,0,0,0,0,0.12,-37.158,0,"Pugeuk",-0.099,-17.384,0,"SUGUN",-18.812,-44.818,0,"-Alta-",-14.76,-62.501,0,"Slaris",20.302,-48.276,0,"CoalCat",8.247,-65.118,0,"AI",40.9,-90.65,0,"AI",0,-109.84,0,"Floră",-46.847,-89.688,0,0,0,0,0,0,"",0,0,0,0,3584.365,,,,0,0
122,6,0,9,1,0,1,1,0,0,0,255,255,255,44,3599.355,"magimari",R,26,83,135,-0.077,1.005,0.333,2.025,-0.096,2.05,-36.691,29.526,2,0,36.978,-200,13.011,0,0,1,3,2,R,"Penguin_iDOL",190,80,0.398,3,62,W,Y,3600.304,255,121,131,63,54,145,114,97.523,-28.682,0.14,0,0.332,353.159,-133.268,61.257,0.427,-37.38,0,"Pugeuk",-0.146,-17.394,0,"SUGUN",-18.754,-44.769,0,"-Alta-",-14.681,-62.313,0,"Slaris",19.527,-48.737,0,"CoalCat",8.595,-65.142,0,"AI",40.9,-90.65,0,"AI",0,-109.84,0,"Floră",-60.96,-94.771,0,0,0,0,0,0,"",0,0,0,0,,,,,32,3
123,6,0,9,1,0,2,1,0,0,0,255,255,255,45,3621.112,"magimari",R,0,85,121,-1.265,-0.499,0.174,1.731,-0.557,1.284,-36.691,9.531,2,0,0,0,5.36,0,0,1,3,2,R,"Penguin_iDOL",190,80,0.398,3,62,W,Y,3622.051,255,179,101,94,60,145,100,-19.806,33.133,-0.36,0,0.461,-335.438,-358.029,-321.213,0.121,-38.12,0,"Pugeuk",-0.26,-17.34,0,"SUGUN",-19.074,-44.531,87,"-Alta-",-14.57,-58.169,0,"Slaris",18.555,-49.645,0,"CoalCat",9.874,-65.233,0,"AI",40.9,-90.65,0,"AI",0,-109.84,0,"Floră",-58.928,-92.572,0,3621.831,-1.497,-21.627,3623.343,2,"SUGUN",-15.058,-42.517,0,0,,,,,34,2
124,6,0,9,1,0,0,2,0,0,0,255,255,255,46,3642.522,"magimari",R,26,84,136,-0.626,0.76,0.269,1.947,-0.393,1.816,-36.691,28.736,2,0,80.809,-200,10.202,0,0,1,4,5,R,"muyang_",169.8,80,0.498,5,64,W,Y,3643.432,224,131,93,59,57,145,84,20.36,-80.112,0.98,0,0.217,171.978,92.975,147.551,-0.251,-37.37,0,"Pugeuk",-0.129,-17.385,0,"SUGUN",-18.873,-44.57,0,"-Alta-",-15.383,-60.798,0,"Slaris",19.854,-48.139,0,"CoalCat",7.746,-65.725,0,"AI",40.9,-90.65,0,"AI",0,-109.84,0,"Floră",-52.165,-94.024,0,3647.043,63.423,-32.829,0,0,"",0,0,0,0,,,,,32,3
125,6,0,9,1,0,1,2,0,0,0,255,255,255,47,3659.984,"magimari",R,10,85,126,-2.213,-1.369,0.146,1.802,-0.968,1.291,-36.691,16.575,4,0,0,400,12.271,0,0,1,4,5,R,"muyang_",169.8,80,0.498,0,64,W,Y,0,0,0,0,0,0,0,0,0,0,0,0,0,0,0,0,-0.141,-37.855,0,"Pugeuk",-0.323,-17.589,0,"SUGUN",-18.8,-44.497,0,"-Alta-",-17.986,-60.545,0,"Slaris",20.53,-47.971,0,"CoalCat",10.579,-63.639,0,"AI",40.9,-90.65,0,"AI",0,-109.84,0,"Floră",-49.498,-92.64,0,0,0,0,0,0,"",0,0,0,0,3661.176,,,,0,0
126,6,0,9,1,0,2,2,0,0,0,255,255,255,48,3676.317,"magimari",R,26,95,140,-0.1,-0.027,0.322,1.827,-0.148,1.382,-36.691,19.586,2,0,70.734,-200,10.658,0,0,1,4,5,R,"muyang_",169.8,80,0.498,5,64,W,Y,3677.282,188,255,116,57,21,145,88,17.64,-28.466,-0.58,0,0.173,-87.162,-19.232,8.692,-0.049,-37.815,0,"Pugeuk",-0.086,-17.428,0,"SUGUN",-18.712,-44.226,0,"-Alta-",-17.923,-60.311,87,"Slaris",19.555,-48.891,0,"CoalCat",9.834,-63.825,0,"AI",40.9,-90.65,0,"AI",0,-109.84,0,"Floră",-49.498,-92.648,0,3680.187,28.401,-72.228,3681.409,6,"AI",32.164,-79.054,1,0,,,,,36,2
127,6,0,9,1,0,0,2,1,0,0,15,255,255,49,3703.507,"magimari",R,26,78,128,0.253,0.617,0.314,2.002,0.011,1.793,-36.691,42.973,2,0,59.364,-200,5.851,0,0,1,5,4,L,"하루（Haru）",190,90,0.498,3,64,W,Y,3704.64,171,176,161,124,11,145,128,-30,-31.322,0.27,0.143,0.358,86.163,57.402,-8.564,-0.02,-37.701,0,"Pugeuk",-0.09,-17.437,0,"SUGUN",-19.253,-44.318,0,"-Alta-",-8.386,-63.468,89,"Slaris",20.437,-48.656,0,"CoalCat",10.744,-64.597,0,"AI",40.9,-90.65,0,"AI",0,-109.84,0,"Floră",-50.477,-93.365,0,3704.443,1.156,-20.662,3707.765,6,"AI",37.397,-80.29,1,0,,3709.429,,,36,2
128,6,0,9,1,0,0,2,1,1,0,14,15,255,50,3731.136,"magimari",R,26,82,133,0.168,1.243,0.34,2.02,-0.065,2.081,-36.691,41.889,4,0,89.995,-200,8.361,0,0,1,0,3,R,"Ѕeyeon",169.6,95,0.5,0,64,W,Y,0,0,0,0,0,0,0,0,0,0,0,0,0,0,0,0,-0.012,-37.9,0,"Pugeuk",-0.115,-17.372,0,"SUGUN",-19.606,-42.182,0,"-Alta-",-10.941,-59.279,0,"Slaris",21.192,-47.781,0,"CoalCat",10.868,-63.833,0,"AI",40.9,-90.65,0,"AI",0,-109.84,0,"Floră",-50.93,-95.247,0,0,0,0,0,0,"",0,0,0,0,3732.109,3733.551,,,0,0
129,6,0,9,1,0,1,2,1,1,0,14,15,255,51,3750.27,"magimari",R,0,64,104,-0.417,1.73,0.268,2.243,-0.19,2.568,-36.691,43.22,4,0,0,0,3.905,0,0,1,0,3,R,"Ѕeyeon",169.6,95,0.5,0,64,W,Y,0,0,0,0,0,0,0,0,0,0,0,0,0,0,0,0,-0.173,-37.959,0,"Pugeuk",-0.312,-17.642,0,"SUGUN",-19.616,-43.771,0,"-Alta-",-12.013,-59.975,0,"Slaris",20.536,-45.39,0,"CoalCat",9.228,-63.438,0,"AI",40.9,-90.65,0,"AI",0,-109.84,0,"Floră",-50.926,-95.262,0,0,0,0,0,0,"",0,0,0,0,3751.376,3753.14,,,0,0
130,6,0,9,1,0,2,2,1,1,0,14,15,255,52,3768.888,"magimari",R,26,90,140,-0.994,-2.444,0.253,1.459,-0.468,0.046,-36.691,29.901,1,0,19.637,-168.8,7.767,-0.211,-19.362,0,0,3,R,"Ѕeyeon",169.6,95,0.5,0,64,W,Y,0,0,0,0,0,0,0,0,0,0,0,0,0,0,0,0,0.171,-37.802,0,"Pugeuk",0.824,-19.753,0,"SUGUN",-19.911,-41.669,0,"-Alta-",-9.639,-58.75,0,"Slaris",20.207,-43.563,0,"CoalCat",2.705,-62.513,0,"AI",40.9,-90.65,0,"AI",0,-109.84,0,"Floră",-50.921,-95.244,0,0,0,0,0,0,"",0,0,0,0,3769.843,,3772.512,,0,0
131,7,1,9,1,0,0,0,0,0,0,255,255,255,77,3908.656,"Rite_",R,13,88,126,-1.509,-1.248,0.173,1.603,-0.126,1.211,-36.544,9.983,1,0,-346.213,360.744,0,0,0,0,4,1,R,"Pugeuk",190,80,0.347,0,63,W,Y,0,0,0,0,0,0,0,0,0,0,0,0,0,0,0,0,0.306,-38.376,0,"DoYaGee",0.091,-17.62,0,"Penguin_iDOL",-20.163,-47.661,0,"Ѕeyeon",-13.994,-64.312,0,"하루（Haru）",18.264,-47.716,0,"muyang_",13.089,-65.341,0,"AI",40.902,-90.652,0,"AI",0,-109.842,0,"AI",-40.802,-90.552,0,0,0,0,0,0,"",0,0,0,0,3909.92,,,,0,0
132,7,1,9,1,1,0,0,0,0,0,255,255,255,78,3921.241,"Rite_",R,26,80,130,1.719,0.375,0.287,1.783,0.404,1.794,-36.544,8.291,2,1,57.18,-200,0,0,0,1,4,1,R,"Pugeuk",190,80,0.347,3,63,W,Y,3922.316,255,46,66,75,31,141,89,54.503,28.748,-0.77,0,0.667,411.441,143.836,148.772,0.421,-37.996,90,"DoYaGee",-0.032,-17.431,0,"Penguin_iDOL",-20.004,-47.868,0,"Ѕeyeon",-14.01,-64.308,98,"하루（Haru）",18.237,-47.748,0,"muyang_",13.893,-64.233,69,"AI",40.903,-90.653,0,"AI",0,-109.844,0,"AI",-40.803,-90.553,0,3927.776,-31.597,-69.165,3927.969,8,"AI",-31.623,-69.072,1,16,,,,,19,2
133,7,1,9,1,0,1,1,0,0,0,255,255,255,79,3983.669,"Rite_",R,26,78,129,0.043,2.47,0.27,2.155,-0.051,2.973,-36.544,32.124,2,0,40.534,-186.578,0,0,0,1,5,8,R,"magimari",190,85,0.451,3,63,W,Y,3984.925,200,75,51,45,27,135,95,30.386,49.782,0.93,0,0.282,147.153,370.257,-286.272,0.413,-37.993,0,"DoYaGee",-0.072,-17.521,0,"Penguin_iDOL",-18.68,-46.735,0,"Ѕeyeon",-14.02,-64.473,0,"하루（Haru）",18.469,-46.642,0,"muyang_",12.252,-64.358,0,"AI",40.903,-90.653,0,"AI",0,-109.844,0,"AI",-40.803,-90.553,0,3989.443,-68.938,-68.753,0,0,"",0,0,0,0,,,,,2,3
134,7,1,9,1,0,2,1,0,0,0,255,255,255,80,4004.682,"Rite_",R,10,79,119,0.034,-2.529,0.256,1.397,0.008,-0.402,-36.544,25.072,4,0,0,400,0,0.055,-23.626,1,5,8,R,"magimari",190,85,0.451,0,63,W,Y,0,0,0,0,0,0,0,0,0,0,0,0,0,0,0,0,0.341,-38.06,0,"DoYaGee",0.015,-17.168,0,"Penguin_iDOL",-19.94,-47.521,0,"Ѕeyeon",-14.759,-63.503,0,"하루（Haru）",19.095,-47.826,0,"muyang_",11.307,-64.179,0,"AI",40.902,-90.652,0,"AI",0,-109.842,0,"AI",-40.802,-90.552,0,0,0,0,0,0,"",0,0,1,32,4006.087,4018.712,,,0,2
135,7,1,9,1,0,0,2,0,0,0,255,255,255,81,4061.013,"Rite_",R,10,75,116,1.597,-0.1,0.347,1.85,0.685,2.011,-36.544,18.255,2,0,0,400,0,0,0,1,6,0,R,"Floră",190,85,0.403,2,63,W,Y,4062.03,217,64,126,63,46,145,108,90.664,-89.099,0.03,0,0.508,326.416,354.651,-144.365,0.407,-38.062,0,"DoYaGee",0.06,-17.308,0,"Penguin_iDOL",-18.723,-46.287,0,"Ѕeyeon",-14.454,-63.956,0,"하루（Haru）",18.941,-47.419,0,"muyang_",11.829,-62.708,0,"AI",40.903,-90.653,0,"AI",0,-109.843,0,"AI",-40.803,-90.553,0,0,0,0,0,0,"",0,0,0,0,,,,,2,3
136,7,1,9,1,0,1,2,0,0,0,255,255,255,82,4078.211,"Rite_",R,13,76,115,-1.705,-1.271,0.187,1.758,-0.457,1.283,-36.544,12.397,2,0,-171.811,400,0,0,0,1,6,0,R,"Floră",190,85,0.403,2,63,W,Y,4079.454,183,161,147,112,40,145,87,-15.293,2.167,1,0,0.528,-404.817,166.986,-49.806,0.116,-38.261,0,"DoYaGee",-0.206,-17.648,0,"Penguin_iDOL",-19.947,-45.239,0,"Ѕeyeon",-13.968,-64.36,0,"하루（Haru）",19.942,-48.389,0,"muyang_",10.461,-63.813,85,"AI",40.903,-90.653,0,"AI",0,-109.844,0,"AI",-40.803,-90.553,0,4079.242,-0.382,-22.065,4083.751,7,"AI",-1.869,-87.947,1,0,,,,,18,2
137,7,1,9,1,0,0,2,1,0,0,0,255,255,83,4106.332,"Rite_",R,26,78,128,1.383,-1.344,0.391,1.659,0.604,0.621,-36.544,13.306,1,0,-9.015,-200,0,0,0,0,0,5,R,"CoalCat",165.4,84.053,0.503,0,63,W,Y,0,0,0,0,0,0,0,0,0,0,0,0,0,0,0,0,0.291,-38.097,0,"DoYaGee",0.279,-17.413,0,"Penguin_iDOL",-18.638,-47.194,0,"Ѕeyeon",-8.276,-59.95,0,"하루（Haru）",19.558,-44.414,0,"muyang_",2.107,-59.756,0,"AI",40.902,-90.652,0,"AI",0,-109.842,0,"AI",-40.802,-90.552,0,0,0,0,0,0,"",0,0,0,0,4107.465,4107.596,,,0,0
138,7,1,9,1,1,0,2,0,1,0,255,0,255,84,4126.745,"Rite_",R,27,71,123,-0.623,0.495,0.223,1.826,-0.296,1.696,-36.544,12.188,0,1,10.459,-132.914,0,0,0,1,0,5,R,"CoalCat",165.4,84.053,0.503,0,63,W,Y,0,0,0,0,0,0,0,0,0,0,0,0,0,0,0,0,0.31,-38.228,120,"DoYaGee",-0.041,-17.479,0,"Penguin_iDOL",-19.638,-46.599,0,"Ѕeyeon",-14.237,-63.889,0,"하루（Haru）",19.758,-42.588,0,"muyang_",10.49,-64.514,0,"AI",40.902,-90.652,0,"AI",0,-109.842,0,"AI",-40.802,-90.552,0,0,0,0,0,0,"",0,0,0,0,4127.887,,4128.335,4147.87,0,0
139,7,1,10,1,1,1,2,0,0,0,255,255,255,85,4169.153,"Rite_",R,26,79,129,0.959,0.64,0.34,1.839,0.368,1.71,-36.544,23.044,2,0,25.413,-200,0,0,0,1,0,5,R,"CoalCat",165.4,84.053,0.503,3,63,W,Y,4170.206,201,127,70,50,20,138,46,-42.554,51.409,0.52,0,0.418,-199.805,489.181,-7.534,0.396,-37.968,0,"DoYaGee",0.039,-17.582,0,"Penguin_iDOL",-17.811,-46.04,71,"Ѕeyeon",-13.942,-64.323,0,"하루（Haru）",18.764,-45.861,0,"muyang_",12.286,-65.411,0,"AI",40.903,-90.653,0,"AI",0,-109.844,0,"AI",-40.803,-90.553,0,4170.009,-1.152,-20.585,4173.076,2,"Penguin_iDOL",-15.465,-37.142,1,0,,,,,10,2
140,7,1,10,1,0,0,2,1,0,0,5,255,255,86,4199.287,"Rite_",R,27,81,131,2.67,0.799,0.434,1.84,1.09,1.979,-36.544,16.006,2,0,39.601,-132.519,0,0,0,1,1,2,R,"SUGUN",190,82,0.502,3,62,W,Y,4200.305,159,38,61,25,10,130,84,-3.999,41.643,-0.67,0,0.184,-80.311,527.418,-91.584,0.399,-37.969,0,"DoYaGee",0.237,-17.352,0,"Penguin_iDOL",-18.642,-46.119,87,"Ѕeyeon",-13.538,-63.981,0,"하루（Haru）",18.627,-46.836,0,"muyang_",12.806,-64.742,0,"AI",40.903,-90.653,0,"AI",0,-109.843,0,"AI",-40.803,-90.553,0,4200.587,-7.728,-28.07,4201.865,2,"Penguin_iDOL",-19.184,-41.254,0,0,,,,,72,2
141,7,0,10,1,0,0,0,0,0,0,255,255,255,53,4218.1,"Floră",R,0,0,0,0,0,0,0,0,0,0,0,0,0,0,0,0,0,0,0,0,2,L,"SUGUN",190,82,0.502,0,62,W,Y,0,0,0,0,0,0,0,0,0,0,0,0,0,0,0,0,0,0,0,"",0,0,0,"",0,0,0,"",0,0,0,"",0,0,0,"",0,0,0,"",0,0,0,"",0,0,0,"",0,0,0,0,0,0,0,0,"",0,0,0,0,4218.743,,,,0,0
142,7,0,10,1,0,0,0,0,0,0,255,255,255,53,4257.151,"Floră",R,32,82,133,1.344,1.053,0.258,1.705,0.271,2.155,-36.344,31.057,2,0,213.359,-129.605,0.771,0,0,1,1,2,R,"Rite_",190,80,0.453,3,62,W,Y,4258.165,248,80,134,89,40,145,91,42.361,10.607,-0.79,0,0.423,96.851,160.322,-196.82,0.232,-37.153,120,"Pugeuk",-0.04,-17.137,0,"SUGUN",-18.698,-44.422,120,"-Alta-",-15.61,-62.733,88,"Slaris",19.018,-48.351,0,"CoalCat",9.607,-63.528,60,"AI",40.9,-90.65,0,"AI",0,-109.84,0,"magimari",-45.532,-94.366,0,4263.176,-13.792,-86.324,4264.476,7,"AI",-15.639,-93.282,1,0,,4291.458,4297.893,4305.291,71,2
143,7,0,10,2,0,0,0,0,0,0,255,255,255,54,4331.455,"Floră",R,33,89,140,-0.848,0.49,0.088,1.619,-0.521,1.878,-36.344,10.45,0,0,112.123,-49.667,-0.141,0,0,0,2,1,R,"DoYaGee",190,85,0.603,0,62,W,Y,0,0,0,0,0,0,0,0,0,0,0,0,0,0,0,0,0.198,-37.606,0,"Pugeuk",-0.182,-17.235,0,"SUGUN",-18.72,-44.315,0,"-Alta-",-11.547,-62.253,0,"Slaris",20.132,-47.343,0,"CoalCat",10.248,-63.884,0,"AI",40.9,-90.65,0,"AI",0,-109.84,0,"magimari",-41.565,-92.195,0,0,0,0,0,0,"",0,0,0,0,4332.554,,,,0,0
144,7,0,10,2,0,1,0,0,0,0,255,255,255,55,4348.122,"Floră",R,3,67,110,0.303,0.35,0.393,1.61,0.896,1.849,-36.344,23.363,2,0,-423.97,4.837,26.316,0,0,1,2,1,R,"DoYaGee",190,85,0.603,3,62,W,Y,4349.176,135,76,72,60,58,138,118,26.026,4.876,0.22,0,0.214,157.367,119.755,102.027,-0.202,-37.605,0,"Pugeuk",-0.04,-17.34,0,"SUGUN",-18.661,-44.13,0,"-Alta-",-11.555,-62.241,91,"Slaris",19.513,-49,0,"CoalCat",10.254,-63.837,0,"AI",40.9,-90.65,0,"AI",0,-109.84,0,"magimari",-42.805,-92.128,0,4353.887,-11.86,-124.026,4358.876,3,"-Alta-",-1.024,-65.173,0,0,,,,,68,1
145,7,0,10,2,0,0,1,0,0,0,255,255,255,56,4377.844,"Floră",R,3,65,96,1.728,0.491,0.7,1.685,1.55,1.945,-36.344,27.407,1,0,-367.83,0.495,24.188,0,0,0,3,0,R,"Penguin_iDOL",190,80,0.398,0,62,W,Y,0,0,0,0,0,0,0,0,0,0,0,0,0,0,0,0,0.062,-37.501,0,"Pugeuk",-0.042,-17.558,0,"SUGUN",-19.324,-45.267,0,"-Alta-",-11.817,-63.539,0,"Slaris",21.135,-48.329,0,"CoalCat",8.459,-64.767,0,"AI",40.9,-90.65,0,"AI",0,-109.84,0,"magimari",-42.463,-96.31,0,0,0,0,0,0,"",0,0,0,0,4378.832,,,,0,0
146,7,0,10,2,1,0,1,0,0,0,255,255,255,57,4394.45,"Floră",R,33,90,140,-3.111,-0.866,-0.128,1.34,-1.526,0.973,-36.344,22.324,1,0,130.444,-116.053,9.365,0,0,0,3,0,R,"Penguin_iDOL",190,80,0.398,0,62,W,Y,0,0,0,0,0,0,0,0,0,0,0,0,0,0,0,0,0.073,-37.535,0,"Pugeuk",-0.43,-17.602,0,"SUGUN",-19.538,-45.313,0,"-Alta-",-11.807,-63.53,0,"Slaris",20.972,-48.648,0,"CoalCat",8.673,-64.684,0,"AI",40.9,-90.65,0,"AI",0,-109.84,0,"magimari",-42.488,-96.303,0,0,0,0,0,0,"",0,0,0,0,4395.198,,,,0,0
147,7,0,10,2,2,0,1,0,0,0,255,255,255,58,4411.842,"Floră",R,32,78,128,1.027,0.524,0.229,1.581,0.135,1.753,-36.344,20.209,2,0,204.283,-200,8.578,0,0,1,3,0,R,"Penguin_iDOL",190,80,0.398,3,62,W,Y,4412.844,255,131,38,94,56,124,79,27.771,5.217,-0.77,0,0.277,-172.02,-170.27,49.344,0.178,-37.523,0,"Pugeuk",-0.033,-17.598,0,"SUGUN",-19.393,-45.053,0,"-Alta-",-11.7,-63.512,0,"Slaris",20.502,-49.821,0,"CoalCat",7.378,-64.843,78,"AI",40.9,-90.65,0,"AI",0,-109.84,0,"magimari",-42.51,-96.311,0,4416.487,-3.159,-79.843,4418.009,7,"AI",-3.302,-88.541,1,0,,,,,65,2
148,7,0,10,2,0,0,1,1,0,0,10,255,255,59,4443.367,"Floră",R,3,60,92,1.03,0.008,0.621,1.544,1.305,1.64,-36.344,26.276,0,0,-386.21,0,17.542,0,0,0,4,5,R,"muyang_",169.8,80,0.498,0,62,W,Y,0,0,0,0,0,0,0,0,0,0,0,0,0,0,0,0,-0.078,-37.776,0,"Pugeuk",-0.014,-19.269,0,"SUGUN",-19.357,-42.907,0,"-Alta-",-7.253,-61.074,0,"Slaris",20.119,-43.343,0,"CoalCat",1.807,-60.555,0,"AI",40.9,-90.65,0,"AI",0,-109.84,0,"magimari",-39.347,-89.015,0,0,0,0,0,0,"",0,0,0,8,4444.521,4447.655,,,0,0
149,7,0,10,2,0,1,2,0,0,0,255,255,255,60,4470.958,"Floră",R,26,80,130,0.56,-0.46,0.206,1.606,0.026,1.131,-36.344,26.501,2,0,144.548,-200,2.217,0,0,1,4,5,R,"muyang_",169.8,80,0.498,0,62,W,Y,4471.97,134,255,71,118,47,138,76,-78.406,-74.707,-1,0,0.184,-268.376,-194.977,-496.958,0.079,-37.517,0,"Pugeuk",-0.123,-17.439,0,"SUGUN",-18.582,-44.06,0,"-Alta-",-13.66,-60.474,0,"Slaris",17.79,-46.079,0,"CoalCat",7.396,-64.191,0,"AI",40.9,-90.65,0,"AI",0,-109.84,0,"magimari",-30.783,-68.87,0,4471.621,0.643,-20.726,0,0,"",0,0,0,0,,,,,64,3
150,7,0,10,2,0,2,2,0,0,0,255,255,255,61,4489.433,"Floră",R,34,86,139,0.112,1.465,0.181,1.748,-0.086,2.371,-36.344,27.374,2,0,96.568,-53.673,-2.289,0,0,1,4,5,R,"muyang_",169.8,80,0.498,5,62,W,Y,4490.404,131,99,55,64,43,136,76,47.527,-63.457,-0.93,0,0.154,531.029,20.11,-49.164,0.177,-37.538,0,"Pugeuk",-0.168,-17.345,0,"SUGUN",-18.904,-44.456,0,"-Alta-",-12.144,-62.178,0,"Slaris",19.207,-46.932,0,"CoalCat",8.056,-65.064,0,"AI",40.9,-90.65,0,"AI",0,-109.84,0,"magimari",-31.871,-71.959,0,4495.076,45.94,-40.574,0,0,"",0,0,0,0,,,,,64,3
151,7,0,10,2,0,2,2,0,0,0,255,255,255,62,4512.355,"Floră",R,3,71,113,0.279,-0.303,0.377,1.491,0.821,1.442,-36.344,38.308,2,0,-407.193,0,12.72,0,0,1,4,5,R,"muyang_",169.8,80,0.498,0,62,W,Y,4513.381,126,249,56,149,30,136,119,25.794,17.74,0.68,0,0.153,270.162,450.243,210.078,0.089,-37.136,0,"Pugeuk",-0.567,-17.254,0,"SUGUN",-18.872,-44.732,0,"-Alta-",-11.299,-62.343,0,"Slaris",18.434,-48.159,0,"CoalCat",8.199,-64.936,75,"AI",40.9,-90.65,0,"AI",0,-109.84,0,"magimari",-32.673,-72.413,0,4517.987,-43.238,-115.837,4522.521,7,"AI",-43.332,-111.839,1,0,,4523.122,,,65,2
152,7,0,10,2,0,0,2,0,1,0,255,15,255,63,4554.943,"Floră",R,33,87,140,-2.68,-0.833,-0.08,1.451,-1.301,1.004,-36.344,14.847,2,0,100.724,-98.633,3.645,0,0,1,5,4,L,"하루（Haru）",190,90,0.498,3,62,W,Y,4556.016,160,174,41,79,27,124,109,11.799,1.08,0.18,0.048,0.258,-237.225,366.482,81.175,-0.232,-37.561,0,"Pugeuk",-0.264,-17.214,120,"SUGUN",-18.695,-44.009,0,"-Alta-",-10.282,-64.578,0,"Slaris",21.439,-46.593,0,"CoalCat",10.862,-53.576,0,"AI",40.9,-90.65,0,"AI",0,-109.84,0,"magimari",26.793,-79.421,0,4557.92,-4.795,-78.533,4560.465,7,"AI",-9.114,-110.772,1,32,4566.721,4591.21,4561.299,4566.05,91,2
153,8,1,10,3,0,0,0,0,0,0,255,255,255,88,4666.516,"Penguin_iDOL",R,26,91,140,-1.946,0.329,0.591,1.638,-0.972,1.611,-36.486,11.653,2,0,79.765,-179.12,28.7,0,0,1,2,3,L,"-Alta-",169.5,86.283,0.478,3,62,W,Y,4667.494,203,80,112,62,26,145,83,51.087,-2.092,-0.82,0,0.337,460.302,-170.778,238.327,0.571,-37.058,0,"DoYaGee",-0.2,-17.899,0,"Rite_",-22.14,-49.136,0,"Ѕeyeon",-14.033,-64.209,0,"하루（Haru）",19.297,-45.291,0,"muyang_",13.84,-64.65,101,"AI",40.9,-90.65,0,"AI",0,-109.84,0,"AI",-40.8,-90.55,0,4672.698,2.233,-72.547,4672.965,5,"muyang_",2.057,-70.928,0,0,,,,,24,1
154,8,1,10,3,0,0,1,0,0,0,255,255,255,89,4698.385,"Penguin_iDOL",R,26,85,138,1.93,0.556,0.912,1.748,0.598,1.781,-36.486,41.272,2,0,156.806,-200,22.494,0,0,0,3,4,R,"Slaris",190,85.69,0.452,3,62,W,Y,4699.32,182,79,208,80,30,145,91,22.143,-4.534,-0.76,0,0.236,460.302,-170.778,238.327,0.29,-36.784,0,"DoYaGee",-0.06,-17.313,0,"Rite_",-21.869,-48.132,0,"Ѕeyeon",-13.893,-64.013,0,"하루（Haru）",18.708,-46.458,0,"muyang_",13.296,-64.954,0,"AI",40.9,-90.65,0,"AI",0,-109.84,0,"AI",-40.8,-90.55,0,4703.965,7.147,-104.624,4709.143,0,"Penguin_iDOL",-2.843,-40.597,0,0,,,,,8,1
155,8,1,10,3,0,0,2,0,0,0,255,255,255,90,4727.856,"Penguin_iDOL",R,26,86,139,1.085,0.567,0.853,1.693,0.248,1.792,-36.486,26.213,2,0,149.742,-200,29.419,0,0,1,4,1,R,"Pugeuk",190,80,0.347,3,62,W,Y,4728.791,160,79,59,28,8,132,92,25.216,38.255,-0.31,0,0.603,-269.693,406.515,-275.734,0.649,-37.199,0,"DoYaGee",0.022,-17.452,0,"Rite_",-21.113,-48.409,0,"Ѕeyeon",-13.974,-64.253,85,"하루（Haru）",19.285,-47.09,0,"muyang_",13.55,-64.503,89,"AI",40.9,-90.65,0,"AI",0,-109.84,0,"AI",-40.8,-90.55,0,4732.165,-47.766,-71.932,4736.298,8,"AI",-68.916,-92.731,1,0,,4739.104,,,25,2
156,8,1,10,3,0,0,2,0,1,0,255,1,255,91,4763.09,"Penguin_iDOL",R,26,93,140,1.786,0.372,0.917,1.704,0.664,1.686,-36.486,23.142,2,0,64.459,-178.346,28.358,0,0,1,5,8,R,"magimari",190,85,0.451,3,62,W,Y,4764.018,233,36,57,36,17,136,89,-62.169,56.934,-0.6,0,0.337,-259.54,248.784,-270.842,0.709,-37.071,0,"DoYaGee",-0.079,-17.386,0,"Rite_",-22.055,-48.741,0,"Ѕeyeon",-10.556,-65.602,0,"하루（Haru）",19.599,-46.477,0,"muyang_",13.171,-62.671,0,"AI",40.9,-90.65,0,"AI",0,-109.84,0,"AI",-40.8,-90.55,0,4763.609,-0.578,-20.065,0,0,"",0,0,0,0,,4770.807,,,8,3
157,8,1,10,3,0,1,2,0,1,0,255,1,255,92,4787.05,"Penguin_iDOL",R,26,86,139,8.329,7.768,0.904,1.644,0.482,1.633,-36.486,30.037,2,0,68.505,-200,16.436,0,0,1,5,8,R,"magimari",190,85,0.451,3,61,W,Y,4788.014,235,41,77,42,24,139,88,-62.498,38.524,-0.77,0,0.376,-283.937,317.728,-144.027,0.645,-37.166,0,"DoYaGee",-0.068,-17.397,0,"Rite_",-22.333,-48.749,0,"Ѕeyeon",-13.721,-64.489,0,"하루（Haru）",19.374,-46.045,0,"muyang_",12.12,-65.132,0,"AI",40.9,-90.65,0,"AI",0,-109.84,0,"AI",-40.8,-90.55,0,4787.565,-0.201,-20.257,4790.376,2,"Rite_",-16.756,-40.854,0,0,,,4792.611,,66,2
158,8,0,10,3,0,0,0,0,0,0,255,255,255,64,4834.548,"Floră",R,3,61,105,-2.473,-0.538,0.14,1.492,-0.296,1.32,-36.344,24.619,1,0,-408.383,0,11.583,0,0,0,0,3,R,"Ѕeyeon",169.6,95,0.5,0,62,W,Y,0,0,0,0,0,0,0,0,0,0,0,0,0,0,0,0,0.054,-37.378,0,"Pugeuk",-0.29,-16.983,0,"SUGUN",-18.69,-44.108,0,"-Alta-",-14.446,-62.321,0,"Slaris",20.16,-48.599,0,"CoalCat",8.541,-65.457,0,"AI",40.9,-90.65,0,"AI",0,-109.84,0,"magimari",-50.122,-94.22,0,0,0,0,0,0,"",0,0,0,0,4835.521,,,,0,0
159,8,0,10,3,1,0,0,0,0,0,255,255,255,65,4853.414,"Floră",R,3,65,107,2.031,1.661,0.583,1.796,1.783,2.547,-36.344,32.297,1,0,-485.947,0,22.715,0,0,0,0,3,R,"Ѕeyeon",169.6,95,0.5,0,62,W,Y,0,0,0,0,0,0,0,0,0,0,0,0,0,0,0,0,0.037,-37.604,0,"Pugeuk",0.097,-16.736,0,"SUGUN",-18.693,-44.093,0,"-Alta-",-14.451,-62.339,0,"Slaris",20.017,-48.774,0,"CoalCat",8.589,-65.39,0,"AI",40.9,-90.65,0,"AI",0,-109.84,0,"magimari",-50.117,-94.2,0,0,0,0,0,0,"",0,0,0,0,4854.276,,,,0,0
160,8,0,10,3,2,0,0,0,0,0,255,255,255,66,4870.379,"Floră",R,33,85,138,0.976,0.572,0.252,1.616,0.243,1.895,-36.344,29.515,2,0,128.877,-29.258,-1.816,0,0,1,0,3,R,"Ѕeyeon",169.6,95,0.5,3,62,W,Y,4871.242,92,23,45,33,12,103,63,-83.601,-19.309,-0.64,0,0.226,-305.632,322.208,215.606,0.001,-37.085,0,"Pugeuk",-0.055,-17.221,0,"SUGUN",-18.661,-44.164,94,"-Alta-",-14.469,-62.327,0,"Slaris",19.569,-48.631,0,"CoalCat",9.778,-64.416,0,"AI",40.9,-90.65,0,"AI",0,-109.84,0,"magimari",-50.105,-94.191,0,4870.787,0.224,-19.366,4873.009,1,"Pugeuk",1.328,-22.375,0,0,4873.009,,,4881.373,82,2
161,8,0,10,3,0,0,1,0,0,0,255,255,255,67,4900.284,"Floră",R,3,72,114,-3.461,0.202,0.018,1.578,-0.845,1.746,-36.344,12.9,1,0,-378.663,0,14.131,0,0,0,1,2,R,"Rite_",190,80,0.453,0,62,W,Y,0,0,0,0,0,0,0,0,0,0,0,0,0,0,0,0,0.028,-37.661,0,"Pugeuk",-0.223,-17.234,0,"SUGUN",-18.552,-44.186,0,"-Alta-",-13.458,-63.132,0,"Slaris",21.044,-49.705,0,"CoalCat",7.523,-64.829,0,"AI",40.9,-90.65,0,"AI",0,-109.84,0,"magimari",-50.545,-93.593,0,0,0,0,0,0,"",0,0,0,0,4901.276,,,,0,0
162,8,0,10,3,1,0,1,0,0,0,255,255,255,68,4914.962,"Floră",R,3,58,106,-2.788,0.191,0.183,1.565,-0.623,1.749,-36.344,22.904,1,0,-309.846,0,14.878,0,0,0,1,2,R,"Rite_",190,80,0.453,0,62,W,Y,0,0,0,0,0,0,0,0,0,0,0,0,0,0,0,0,0.041,-37.692,0,"Pugeuk",-0.202,-17.355,0,"SUGUN",-18.467,-44.183,0,"-Alta-",-13.702,-63.18,0,"Slaris",20.805,-49.156,0,"CoalCat",8.699,-64.198,0,"AI",40.9,-90.65,0,"AI",0,-109.84,0,"magimari",-50.511,-93.598,0,0,0,0,0,0,"",0,0,0,0,4916.021,,,,0,0
163,8,0,10,3,2,0,1,0,0,0,255,255,255,69,4933.719,"Floră",R,5,61,112,1.541,0.197,0.516,1.564,0.887,1.823,-36.344,15.606,2,0,-137.427,0,9.428,0,0,1,1,2,R,"Rite_",190,80,0.453,3,62,W,Y,4934.802,255,122,140,81,54,145,89,24.088,1.191,-0.9,0,0.458,456.661,-87.783,42.461,0.063,-37.527,0,"Pugeuk",-0.023,-17.47,0,"SUGUN",-18.491,-44.019,0,"-Alta-",-13.506,-62.748,87,"Slaris",19.152,-50.112,0,"CoalCat",8.712,-64.142,0,"AI",40.9,-90.65,0,"AI",0,-109.84,0,"magimari",-50.523,-93.572,0,4939.42,-0.133,-99.483,4943.354,3,"-Alta-",-0.016,-60.99,0,0,,,,,68,1
164,8,0,10,3,0,0,2,0,0,0,255,255,255,70,4963.217,"Floră",R,33,87,140,-4.873,0.069,-0.285,1.544,-2.256,1.634,-36.344,18.553,1,0,105.797,-25.814,-0.82,-1.196,-7.546,0,2,1,R,"DoYaGee",190,85,0.603,0,62,W,Y,0,0,0,0,0,0,0,0,0,0,0,0,0,0,0,0,-0.107,-37.584,0,"Pugeuk",-1.934,-15.907,0,"SUGUN",-19.144,-44.748,0,"-Alta-",-12.731,-62.68,0,"Slaris",21.019,-49.04,0,"CoalCat",7.326,-65.003,0,"AI",40.9,-90.65,0,"AI",0,-109.84,0,"magimari",-48.252,-95.475,0,0,0,0,0,0,"",0,0,0,0,4966.876,,,,0,0
165,8,0,10,3,1,0,2,0,0,0,255,255,255,71,4981.774,"Floră",R,34,81,132,-1.92,0.477,-0.001,1.626,-0.935,1.901,-36.344,6.831,2,0,68.722,-9.836,-1.963,0,0,1,2,1,R,"DoYaGee",190,85,0.603,3,62,W,Y,4982.753,203,46,46,84,44,134,128,1.066,18.173,0.34,0,0.237,-50.045,95.9,337.8,0.021,-37.312,0,"Pugeuk",0.021,-17.236,0,"SUGUN",-19.156,-44.476,120,"-Alta-",-11.957,-62.458,88,"Slaris",20.796,-49.349,0,"CoalCat",7.492,-64.88,0,"AI",40.9,-90.65,0,"AI",0,-109.84,0,"magimari",-48.259,-95.438,0,4983.076,-9.048,-46.666,4983.843,3,"-Alta-",-12.724,-56.59,0,0,,,,,70,2
