id,inn,half,scoreA,scoreB,ball,strk,out,b1,b2,b3,b1Idx,b2Idx,b3Idx,pCnt,pSec,pName,pHand,pType,pPow,spdK,zoneX,zoneY,startX,startY,targetX,targetY,zDist,pitchAngle,pOver,pSide,pUnder,call,balk,sH,sV,gyro,plx,plz,bSwing,bIdx,bPos,bZone,bName,bHCm,batLen,batCen,batType,bFps,bOS,bVR,hSec,rotS,rotL,shS,lgS,prepS,batSpd,ev,ldeg,sdeg,hPos,buntGrip,handDist,angVeloX,angVeloY,angVeloZ,PPosX,PPosY,PThrSpd,CName,CPosX,CPosY,CThrSpd,1BName,1BPosX,1BPosY,1BThrSpd,2BName,2BPosX,2BPosY,2BThrSpd,3BName,3BPosX,3BPosY,3BThrSpd,SSName,SSPosX,SSPosY,SSThrSpd,LFName,LFPosX,LFPosY,LFThrSpd,CFName,CFPosX,CFPosY,CFThrSpd,RFName,RFPosX,RFPosY,RFThrSpd,ltSec,lx,lz,cSec,cPos,cPlr,cx,cz,1BSafe,tag,cpSec,sb2Sec,sb3Sec,sbhSec,ass,result
1,1,1,0,0,0,0,0,0,0,0,255,255,255,0,276.959,"소솨소솨",R,27,86,139,0.417,-0.367,0.214,1.543,0.064,1.263,-36.553,2.845,55,45,0,2,0,94.003,-136.145,0,0,0,1,0,5,R,"Rite_",170,80,0.455,3,50,W,Y,278.012,255,110,71,73,29,145,84,7.478,21.85,-0.78,0,0.327,219.6,429.078,-63.197,-0.043,-37.58,0,"HANA_ARASHI",-0.115,-17.917,0,"mungjungh",-21.364,-46.212,85,"ByeolBam",-14.317,-63.704,90,"Yaksok~",17.377,-48.06,0,"muyang_",13.105,-64.762,0,"_앰프_",44.852,-91.115,0,"k@ster",-1.24,-104.196,0,"ddil_ddil69",-41.776,-92.81,0,279.101,-14.44,-51.858,279.735,3,"ByeolBam",-16.49,-55.686,1,0,,,,,264,2
2,1,1,0,0,0,0,0,1,0,0,5,255,255,1,304.392,"소솨소솨",R,34,85,138,1.287,-0.502,0.299,1.529,0.459,1.261,-36.553,11.633,41,59,0,2,0,77.959,-39.389,0,0,0,1,1,1,R,"Penguin_iDOL",190,80,0.404,3,49,W,Y,305.465,201,182,99,106,65,145,90,40.65,-30.99,-0.85,0,0.604,537.851,-235.733,123.072,0.269,-37.895,0,"HANA_ARASHI",-0.076,-17.505,0,"mungjungh",-20.176,-42.226,0,"ByeolBam",-13.823,-63.943,73,"Yaksok~",18.579,-46.106,0,"muyang_",9.277,-60.975,0,"_앰프_",43.282,-94.033,88,"k@ster",-0.543,-109.278,0,"ddil_ddil69",-41.801,-94.889,0,0,0,0,310.234,6,"_앰프_",39.157,-76.961,0,0,,,,,260,1
3,1,1,0,0,0,0,1,1,0,0,5,255,255,2,336.338,"소솨소솨",R,34,86,139,0.711,0.016,0.242,1.62,0.197,1.546,-36.553,12.54,46,54,0,2,0,89.008,-69.867,0,0,0,1,2,7,R,"うよすま",174.8,85,0.568,3,48,W,Y,337.293,194,127,79,58,0,145,106,17.785,39.736,0.06,0,0.293,42.565,408.398,-172.065,-0.057,-37.6,0,"HANA_ARASHI",-0.055,-17.459,0,"mungjungh",-20.742,-44.252,0,"ByeolBam",-13.083,-63.953,89,"Yaksok~",17.996,-47.188,0,"muyang_",9.944,-60.602,0,"_앰프_",41.565,-79.112,0,"k@ster",-0.169,-102.221,0,"ddil_ddil69",-43.122,-93.429,113,340.118,-53.282,-74.872,344.335,8,"ddil_ddil69",-71.715,-92.683,1,0,,343.389,348.054,,272,2
4,1,1,0,0,0,0,1,0,1,1,255,7,5,3,368.01,"소솨소솨",R,34,81,132,1.785,0.636,0.341,1.742,0.658,1.95,-36.553,17.554,84,16,0,2,0,87.036,-61.295,0,0,0,1,3,2,R,"Floră",190,84.538,0.401,3,48,W,Y,369.167,126,53,105,84,49,138,127,-30,39.842,0.71,0,0.463,-251.814,529.085,129.07,-0.028,-37.595,0,"HANA_ARASHI",0.001,-17.469,0,"mungjungh",-22.282,-46.808,0,"ByeolBam",-14.072,-63.859,0,"Yaksok~",17.441,-44.492,0,"muyang_",13.785,-63.185,0,"_앰프_",43.648,-80.314,0,"k@ster",-3.771,-114.909,0,"ddil_ddil69",-39.853,-93.861,0,368.593,-1.22,-20.384,369.984,2,"mungjungh",-20.339,-43.018,0,0,,372.29,373.609,,8,2
5,1,1,0,0,0,0,2,0,1,1,255,7,5,4,401.868,"소솨소솨",R,33,85,138,-0.187,0.641,0.143,1.735,-0.264,1.926,-36.553,11.945,80,20,0,2,0,148.856,-95.201,0,0,0,1,4,3,L,"Ainy4／あいにゃ",189.3,85,0.512,3,48,W,Y,402.937,182,90,109,61,32,145,129,28.206,-33.488,0.53,0,0.416,105.741,-352.371,213.968,0.035,-37.678,0,"HANA_ARASHI",-0.04,-17.537,0,"mungjungh",-21.501,-46.305,0,"ByeolBam",-12.251,-64.44,0,"Yaksok~",19.059,-47.82,0,"muyang_",13.432,-64.588,0,"_앰프_",44.21,-86.939,0,"k@ster",4.005,-117.29,0,"ddil_ddil69",-42.555,-93.667,0,407.451,71.869,-113,0,0,"",0,0,0,0,,412.925,408.155,409.454,0,4
6,1,1,3,0,0,0,2,0,0,0,255,255,255,5,444.108,"소솨소솨",R,34,88,140,-1.586,-1.709,0.136,1.512,-0.785,0.471,-36.553,9.614,47,53,0,1,0,76.225,-69.529,0,-0.349,-18.329,0,5,4,R,"Muna_328",190,89.724,0.4,0,49,W,Y,0,0,0,0,0,0,0,0,0,0,0,0,0,0,0,0,-0.049,-38.118,0,"HANA_ARASHI",-0.683,-18.614,0,"mungjungh",-22.485,-46.435,0,"ByeolBam",-13.714,-64.047,0,"Yaksok~",18.229,-46.142,0,"muyang_",13.835,-64.389,0,"_앰프_",46.066,-93.188,0,"k@ster",-5.062,-116.43,0,"ddil_ddil69",-42.933,-92.946,0,0,0,0,0,0,"",0,0,0,0,446.801,,,,0,0
7,1,1,3,0,1,0,2,0,0,0,255,255,255,6,458.196,"소솨소솨",R,28,86,139,1.629,0.06,0.329,1.629,0.602,1.583,-36.553,11.04,51,49,0,1,0,71.77,-74.414,0,0,0,0,5,4,R,"Muna_328",190,89.724,0.4,0,85,W,Y,0,0,0,0,0,0,0,0,0,0,0,0,0,0,0,0,0.104,-38.1,0,"HANA_ARASHI",0.016,-17.558,0,"mungjungh",-22.418,-46.37,0,"ByeolBam",-13.718,-64.053,0,"Yaksok~",18.218,-46.139,0,"muyang_",14.13,-65.371,0,"_앰프_",46.029,-93.16,0,"k@ster",-5.068,-116.471,0,"ddil_ddil69",-42.172,-92.347,0,0,0,0,0,0,"",0,0,0,0,458.918,,,,0,0
8,1,1,3,0,2,0,2,0,0,0,255,255,255,7,471.178,"소솨소솨",R,33,90,140,0.134,-0.616,0.181,1.5,-0.09,1.165,-36.553,6.618,40,60,0,2,0,106.146,-68.602,0,0,0,1,5,4,R,"Muna_328",190,89.724,0.4,3,85,W,Y,472.272,255,23,148,0,0,141,107,-30,33.658,0.93,0,0.725,-86.444,24.973,7.892,0.064,-37.654,0,"HANA_ARASHI",-0.027,-17.572,0,"mungjungh",-22.454,-46.371,0,"ByeolBam",-13.717,-64.059,0,"Yaksok~",18.014,-46.206,0,"muyang_",13.337,-64.906,0,"_앰프_",45.266,-94.773,0,"k@ster",-5.061,-116.39,0,"ddil_ddil69",-42.154,-92.381,0,471.66,-0.635,-19.226,473.335,2,"mungjungh",-17.826,-45.029,0,0,517.876,,,,10,2
9,1,0,3,0,0,0,0,0,0,0,255,255,255,0,630.877,"Pring__",R,32,85,138,0.983,0.174,0.425,1.056,0.135,1.835,-36.136,33.884,7,10,83,2,0,214.247,97.931,7.652,0,0,0,0,9,L,"Kr_Luna",190,95.256,0.499,3,58,W,Y,631.767,145,106,108,81,39,145,100,103.302,77.799,0.94,0,0.095,211.62,-223.267,20.502,-0.028,-36.585,0,"Penguin_iDOL",0.031,-17.225,0,"Floră",-15.144,-44.154,0,"Ainy4／あいにゃ",-14.062,-62.932,0,"Muna_328",25.209,-50.51,0,"Rite_",14.517,-61.796,0,"Ѕeyeon",52.205,-90.21,0,"うよすま",8.426,-121.49,0,"_Gosomi",-42.241,-102.57,0,0,0,0,0,0,"",0,0,0,0,,,,,0,3
10,1,0,3,0,0,1,0,0,0,0,255,255,255,1,650.173,"Pring__",R,32,84,136,0.615,0.427,0.401,1.11,-0.032,1.943,-36.136,26.363,5,12,84,0,0,216.128,43.545,14.826,0,0,0,0,9,L,"Kr_Luna",190,95.256,0.499,0,58,W,Y,0,0,0,0,0,0,0,0,0,0,0,0,0,0,0,0,0.085,-37.472,0,"Penguin_iDOL",-0.003,-16.996,0,"Floră",-15.472,-45.433,0,"Ainy4／あいにゃ",-13.407,-64.184,0,"Muna_328",25.466,-50.362,0,"Rite_",14.999,-62.273,0,"Ѕeyeon",53.019,-89.993,0,"うよすま",7.551,-121.532,0,"_Gosomi",-42.278,-100.683,0,0,0,0,0,0,"",0,0,0,0,650.793,,,,0,0
11,1,0,3,0,0,2,0,0,0,0,255,255,255,2,666.999,"Pring__",R,3,81,119,1.021,-0.654,0.556,0.976,1.183,1.223,-36.136,46.507,6,16,78,2,0,-479.609,0,10.175,0,0,0,0,9,L,"Kr_Luna",190,95.256,0.499,3,58,W,Y,667.916,132,102,83,104,66,139,130,-30,33.849,0.51,0,0.142,-266.11,119.84,127.24,0.074,-36.476,0,"Penguin_iDOL",-0.173,-17.214,0,"Floră",-15.275,-45.237,88,"Ainy4／あいにゃ",-13.438,-64.19,0,"Muna_328",25.427,-50.263,0,"Rite_",15.001,-62.337,0,"Ѕeyeon",53.025,-89.994,0,"うよすま",7.984,-122.11,0,"_Gosomi",-41.331,-109.007,0,667.235,-0.626,-21.443,668.526,2,"Floră",-14.551,-42.152,0,0,,,,,8,2
12,1,0,3,0,0,0,1,0,0,0,255,255,255,3,689.265,"Pring__",R,32,74,125,1.696,0.551,0.499,1.089,0.827,1.89,-36.136,31.626,8,10,81,2,0,203.292,106.217,11.546,0,0,1,1,7,R,"k@ster",160,80,0.646,3,61,W,Y,690.259,218,204,29,59,35,113,62,-58.787,-61.174,-0.84,0,0.373,-181.815,-541.555,-95.648,-0.046,-36.721,0,"Penguin_iDOL",0.052,-17.241,0,"Floră",-20.284,-46.463,0,"Ainy4／あいにゃ",-15.378,-63.265,0,"Muna_328",20.276,-50.186,0,"Rite_",11.822,-57.34,0,"Ѕeyeon",35.495,-88.401,0,"うよすま",0.033,-106.698,0,"_Gosomi",-45.713,-97.628,0,689.66,1.479,-20.334,0,0,"",0,0,0,0,,,,,0,3
13,1,0,3,0,0,1,1,0,0,0,255,255,255,4,708.41,"Pring__",R,3,82,120,3.796,-2.97,0.584,1.001,1.408,1.29,-36.136,45.583,10,12,78,2,0,-487.59,0,9.916,0,0,1,1,7,R,"k@ster",160,80,0.646,3,83,W,Y,709.386,164,216,35,56,41,120,103,28.326,-20.844,0.29,0,0.402,361.138,65.057,474.708,0.121,-36.796,0,"Penguin_iDOL",-0.198,-17.269,0,"Floră",-19.751,-46.093,0,"Ainy4／あいにゃ",-14.751,-63.483,0,"Muna_328",21.014,-48.386,0,"Rite_",12.372,-58.684,0,"Ѕeyeon",36.192,-87.619,98,"うよすま",-2.846,-104.914,0,"_Gosomi",-45.075,-92.998,0,0,0,0,714.101,6,"Ѕeyeon",28.41,-101.253,0,0,,,,,128,1
14,1,0,3,0,0,0,2,0,0,0,255,255,255,5,737.325,"Pring__",R,3,82,121,-1.666,0.229,0.372,1.038,-0.112,1.778,-36.136,35.033,9,10,81,2,0,-480.27,0,13.945,0,0,1,2,1,R,"HANA_ARASHI",190,90,0.25,3,62,W,Y,738.459,255,46,102,113,96,145,130,100.752,-72.563,0.47,0,0.668,390.882,-18.266,281.138,-0.201,-37.131,0,"Penguin_iDOL",-0.449,-17.195,0,"Floră",-20.258,-46.357,0,"Ainy4／あいにゃ",-14.066,-62.565,0,"Muna_328",22.905,-51.597,0,"Rite_",12.123,-61.065,0,"Ѕeyeon",42.112,-100.34,0,"うよすま",-5.543,-121.324,0,"_Gosomi",-55.264,-102.964,0,0,0,0,0,0,"",0,0,0,0,,,,,0,3
15,1,0,3,0,0,1,2,0,0,0,255,255,255,6,752.81,"Pring__",R,32,84,137,1.389,0.173,0.463,1.053,0.312,1.825,-36.136,29.335,9,11,81,0,0,211.861,88.278,11.693,0,0,0,2,1,R,"HANA_ARASHI",190,90,0.25,0,62,W,Y,0,0,0,0,0,0,0,0,0,0,0,0,0,0,0,0,-0.088,-37.468,0,"Penguin_iDOL",0.026,-17.031,0,"Floră",-19.976,-46.011,0,"Ainy4／あいにゃ",-13.876,-62.784,0,"Muna_328",22.657,-51.631,0,"Rite_",12.212,-61.369,0,"Ѕeyeon",42.072,-100.353,0,"うよすま",-6.103,-123.393,0,"_Gosomi",-54.779,-100.52,0,0,0,0,0,0,"",0,0,0,0,753.585,,,,0,0
16,1,0,3,0,0,2,2,0,0,0,255,255,255,7,766.743,"Pring__",R,32,89,140,-2.094,1.337,0.149,1.273,-1.148,2.538,-36.136,11.279,2,55,43,1,0,179.943,71.946,12.32,0,0,0,2,1,R,"HANA_ARASHI",190,90,0.25,0,62,W,Y,0,0,0,0,0,0,0,0,0,0,0,0,0,0,0,0,-0.07,-36.713,0,"Penguin_iDOL",-0.502,-16.785,0,"Floră",-19.915,-46.039,0,"Ainy4／あいにゃ",-13.984,-62.638,0,"Muna_328",22.691,-51.525,0,"Rite_",12.209,-61.318,0,"Ѕeyeon",43.088,-99.188,0,"うよすま",-6.057,-122.639,0,"_Gosomi",-54.567,-100.76,0,0,0,0,0,0,"",0,0,0,0,767.543,,,,0,0
17,1,0,3,0,1,2,2,0,0,0,255,255,255,8,781.769,"Pring__",R,32,80,117,-39.153,-0.959,0.125,1.32,-0.838,1.914,-36.136,8.617,0,51,49,2,0,175.307,123.247,0,0,0,1,2,1,R,"HANA_ARASHI",190,90,0.25,3,62,W,Y,782.949,197,97,115,87,44,145,130,-6.239,37.688,0.52,0,0.672,-87.684,388.265,-103.201,-0.02,-36.716,0,"Penguin_iDOL",-0.256,-17.183,0,"Floră",-20.09,-46.211,86,"Ainy4／あいにゃ",-13.961,-62.571,0,"Muna_328",22.697,-51.494,0,"Rite_",12.934,-61.268,0,"Ѕeyeon",43.081,-99.175,0,"うよすま",-6.723,-118.618,0,"_Gosomi",-54.077,-101.01,0,782.56,-6.462,-27.578,783.518,2,"Floră",-18.064,-43.159,0,0,,,,,8,2
18,2,1,3,0,0,0,0,0,0,0,255,255,255,8,833.211,"소솨소솨",R,41,48,91,0.088,0.459,0.196,1.719,-0.014,1.81,-36.553,10.766,51,49,0,0,0,23.364,-66.264,0,0,0,0,6,8,R,"_Gosomi",178.3,86,0.31,0,65,W,Y,0,0,0,0,0,0,0,0,0,0,0,0,0,0,0,0,-0.002,-37.808,0,"HANA_ARASHI",-0.011,-17.341,0,"mungjungh",-21.734,-46.249,0,"ByeolBam",-14.33,-63.61,0,"Yaksok~",17.528,-47.204,0,"muyang_",13.447,-65.027,0,"_앰프_",37.735,-86.009,0,"k@ster",-0.443,-107.856,0,"ddil_ddil69",-41.931,-93.449,0,0,0,0,0,0,"",0,0,0,0,834.168,,,,0,0
19,2,1,3,0,0,1,0,0,0,0,255,255,255,9,847.522,"소솨소솨",R,38,38,87,-0.109,0.027,0.3,1.778,-0.126,1.603,-36.553,13.442,40,60,0,2,0,28.409,-29.577,0,0,0,1,6,8,R,"_Gosomi",178.3,86,0.31,3,65,W,Y,848.806,255,87,57,82,53,137,127,30.515,-29.763,0.63,0,0.33,113.551,-10.485,171.556,0.26,-37.724,0,"HANA_ARASHI",0.018,-17.193,0,"mungjungh",-21.74,-46.248,0,"ByeolBam",-14.328,-63.62,82,"Yaksok~",17.537,-47.205,0,"muyang_",14.177,-64.519,0,"_앰프_",37.687,-86.949,92,"k@ster",-3.401,-111.133,0,"ddil_ddil69",-41.723,-94.042,0,853.776,51.549,-116.111,855.876,6,"_앰프_",45.825,-114.823,1,0,,860.132,,,48,2
20,2,1,3,0,0,0,0,0,1,0,255,8,255,10,877.637,"소솨소솨",R,28,80,131,-0.929,-1.382,0.098,1.4,-0.474,0.756,-36.553,12.622,42,58,0,2,0,52.455,-59.055,0,0,0,1,7,6,R,"Ѕeyeon",171.9,85,0.4,3,66,W,Y,878.662,197,86,85,83,59,145,123,-30,-29.877,0.72,0,0.556,-526.311,100.963,-269.821,0.041,-37.502,0,"HANA_ARASHI",-0.03,-17.32,0,"mungjungh",-21.437,-46.871,0,"ByeolBam",-13.182,-64.531,0,"Yaksok~",17.931,-44.419,103,"muyang_",9.212,-60.285,0,"_앰프_",38.126,-89.426,0,"k@ster",-3.465,-107.761,0,"ddil_ddil69",-42.467,-93.915,0,878.068,0.344,-21.82,879.801,4,"Yaksok~",13.636,-45.697,0,0,,881.429,,,264,2
21,2,1,3,0,0,0,1,0,1,0,255,8,255,11,902.342,"소솨소솨",R,33,88,140,1.774,0.312,0.336,1.672,0.633,1.723,-36.553,12.458,45,55,0,1,0,110.488,-95.255,0,0,0,0,8,9,R,"Gonyong",190,85,0.2,0,42,W,Y,0,0,0,0,0,0,0,0,0,0,0,0,0,0,0,0,0.056,-37.903,0,"HANA_ARASHI",0.263,-17.643,0,"mungjungh",-21.585,-45.547,0,"ByeolBam",-13.808,-64.265,0,"Yaksok~",17.4,-47.202,0,"muyang_",7.181,-58.948,0,"_앰프_",41.081,-88.402,0,"k@ster",-2.215,-116.932,0,"ddil_ddil69",-44.621,-97.681,0,0,0,0,0,0,"",0,0,0,0,903.251,905.986,,,0,0
22,2,1,3,0,1,0,1,0,1,0,255,8,255,12,915.647,"소솨소솨",R,27,84,136,1.167,0.684,0.28,1.74,0.371,1.943,-36.553,11.7,48,52,0,2,0,91.875,-105.959,0,0,0,1,8,9,R,"Gonyong",190,85,0.2,3,42,W,Y,916.985,194,90,91,58,22,145,92,29.586,20.983,-0.75,0.095,0.48,397.589,355.464,-223.325,0.068,-37.589,0,"HANA_ARASHI",0.08,-17.777,0,"mungjungh",-21.531,-45.736,0,"ByeolBam",-14.35,-63.872,0,"Yaksok~",17.933,-47.589,0,"muyang_",8.333,-60.954,70,"_앰프_",41.121,-88.439,0,"k@ster",-2.581,-116.819,0,"ddil_ddil69",-44.552,-97.801,0,921.343,-32.765,-90.926,921.793,8,"ddil_ddil69",-31.538,-88.724,0,0,,922.995,,,192,1
23,2,1,3,0,0,0,2,0,1,0,255,8,255,13,945.194,"소솨소솨",R,32,91,140,1.282,0.102,0.273,1.626,0.342,1.565,-36.553,13.512,45,55,0,2,0,154.314,-95.55,0,0,0,1,0,5,R,"Rite_",170,80,0.455,3,68,W,Y,946.401,118,106,50,56,42,132,86,94.974,-71.329,-0.22,0,0.227,165.605,9.284,-400.398,0.046,-37.604,0,"HANA_ARASHI",-0.01,-17.548,0,"mungjungh",-22.923,-47.481,0,"ByeolBam",-14.78,-63.713,0,"Yaksok~",17.376,-46.056,0,"muyang_",13.581,-64.324,0,"_앰프_",43.927,-87.298,0,"k@ster",0.288,-109.465,0,"ddil_ddil69",-40.811,-94.337,0,952.11,-19.875,-9.452,0,0,"",0,0,0,0,,955.387,949.597,,0,3
24,2,1,3,0,0,1,2,0,1,0,255,8,255,14,970.796,"소솨소솨",R,32,89,140,2.456,-0.208,0.376,1.651,0.842,1.393,-36.553,29.304,39,61,0,4,0,160.903,-90.721,0,0,0,1,0,5,R,"Rite_",170,80,0.455,0,68,W,Y,0,0,0,0,0,0,0,0,0,0,0,0,0,0,0,0,0.058,-37.943,0,"HANA_ARASHI",0.049,-17.492,0,"mungjungh",-22.6,-46.976,0,"ByeolBam",-14.984,-62.765,0,"Yaksok~",17.446,-44.041,0,"muyang_",11.919,-65.596,0,"_앰프_",43.029,-88.123,0,"k@ster",-0.157,-108.266,0,"ddil_ddil69",-41.983,-92.919,0,0,0,0,0,0,"",0,0,0,0,971.61,,975.001,,0,0
25,2,1,3,0,0,2,2,0,0,1,255,255,8,15,993.954,"소솨소솨",R,32,89,140,-0.886,0.746,0.07,1.727,-0.604,1.929,-36.553,8.69,43,57,0,0,0,159.71,-91.836,0,0,0,0,0,5,R,"Rite_",170,80,0.455,0,68,W,Y,0,0,0,0,0,0,0,0,0,0,0,0,0,0,0,0,-0.089,-37.648,0,"HANA_ARASHI",0.032,-17.504,0,"mungjungh",-21.484,-46.089,0,"ByeolBam",-13.999,-63.384,0,"Yaksok~",16.524,-46.042,0,"muyang_",13.49,-65.507,0,"_앰프_",43.604,-90.617,0,"k@ster",-1.073,-109.01,0,"ddil_ddil69",-41.858,-93.062,0,0,0,0,0,0,"",0,0,0,0,994.626,,,,0,0
26,2,0,3,0,0,0,0,0,0,0,255,255,255,9,1045.831,"Pring__",R,3,80,118,-0.799,-0.413,0.455,1.113,0.275,1.372,-36.136,32.401,2,18,80,2,0,-475.646,0,16.652,0,0,1,3,2,R,"mungjungh",190,89.74,0.401,3,70,W,Y,1047.188,199,95,128,113,32,145,106,100.228,-77.505,0.91,0,0.352,209.599,-196.775,105.842,-0.133,-36.912,0,"Penguin_iDOL",-0.303,-17.268,0,"Floră",-16.839,-43.109,0,"Ainy4／あいにゃ",-15.307,-61.451,0,"Muna_328",22.644,-51.975,0,"Rite_",12.61,-61.035,0,"Ѕeyeon",40.231,-98.779,0,"うよすま",-4.22,-118.166,0,"_Gosomi",-45.704,-98.08,0,0,0,0,0,0,"",0,0,0,0,,,,,0,3
27,2,0,3,0,0,1,0,0,0,0,255,255,255,10,1063.422,"Pring__",R,3,83,122,-3.233,-0.156,0.217,1.018,-0.699,1.533,-36.136,29.862,0,12,88,4,0,-469.66,0,17.464,0,0,1,3,2,R,"mungjungh",190,89.74,0.401,0,70,W,Y,0,0,0,0,0,0,0,0,0,0,0,0,0,0,0,0,-0.364,-37.512,0,"Penguin_iDOL",-0.487,-17.211,0,"Floră",-16.615,-42.74,0,"Ainy4／あいにゃ",-15.215,-61.47,0,"Muna_328",23.22,-51.879,0,"Rite_",12.392,-60.53,0,"Ѕeyeon",40.399,-98.837,0,"うよすま",-7.783,-121.045,0,"_Gosomi",-55.031,-95.613,0,0,0,0,0,0,"",0,0,0,0,1064.518,,,,0,0
28,2,0,3,0,0,2,0,0,0,0,255,255,255,11,1080.966,"Pring__",R,3,78,116,1.366,0.345,0.552,1.064,1.411,1.785,-36.136,38.938,3,13,84,2,0,-473.852,0,13.36,0,0,1,3,2,R,"mungjungh",190,89.74,0.401,3,70,W,Y,1082.233,207,160,139,62,29,145,130,12.869,2.384,0.34,0,0.37,88.737,389.228,377.521,0.157,-36.95,0,"Penguin_iDOL",-0.345,-17.227,0,"Floră",-16.936,-43.202,0,"Ainy4／あいにゃ",-15.269,-61.359,0,"Muna_328",23.208,-51.771,0,"Rite_",12.483,-59.749,0,"Ѕeyeon",40.447,-98.878,0,"うよすま",-6.572,-121.275,114,"_Gosomi",-54.943,-98.902,0,1085.285,-12.275,-120.469,1085.418,7,"うよすま",-11.259,-115.186,0,0,,,,,4,1
29,2,0,3,0,0,0,1,0,0,0,255,255,255,12,1109.459,"Pring__",R,32,88,140,-1.112,1.455,0.147,1.25,-0.691,2.548,-36.136,8.669,3,44,53,1,0,184.624,110.187,17.774,0,0,0,4,6,R,"_앰프_",172,80,0.405,0,71,W,Y,0,0,0,0,0,0,0,0,0,0,0,0,0,0,0,0,-0.112,-36.99,0,"Penguin_iDOL",-0.232,-16.902,0,"Floră",-19.921,-46.141,0,"Ainy4／あいにゃ",-15.272,-62.983,0,"Muna_328",22.25,-50.722,0,"Rite_",10.436,-59.439,0,"Ѕeyeon",39.623,-95.268,0,"うよすま",-3.525,-106.741,0,"_Gosomi",-51.084,-104.313,0,0,0,0,0,0,"",0,0,0,0,1110.035,,,,0,0
30,2,0,3,0,1,0,1,0,0,0,255,255,255,13,1134.757,"Pring__",R,32,86,139,-0.304,-0.037,0.311,1.213,-0.395,1.7,-36.136,19.445,2,13,85,0,0,196.737,101.676,15.417,0,0,0,4,6,R,"_앰프_",172,80,0.405,0,71,W,Y,0,0,0,0,0,0,0,0,0,0,0,0,0,0,0,0,-0.089,-37.202,0,"Penguin_iDOL",-0.239,-17.145,0,"Floră",-19.691,-45.936,0,"Ainy4／あいにゃ",-15.236,-62.949,0,"Muna_328",23.187,-51.354,0,"Rite_",10.433,-59.811,0,"Ѕeyeon",39.652,-95.3,0,"うよすま",-3.542,-113.495,0,"_Gosomi",-50.816,-94.024,0,0,0,0,0,0,"",0,0,0,0,1135.684,,,,0,0
31,2,0,3,0,1,1,1,0,0,0,255,255,255,14,1148.962,"Pring__",R,32,81,131,-0.792,0.231,0.261,1.249,-0.628,1.827,-36.136,13.319,0,55,45,0,0,197.847,74.504,13.195,0,0,1,4,6,R,"_앰프_",172,80,0.405,0,71,W,Y,0,0,0,0,0,0,0,0,0,0,0,0,0,0,0,0,-0.129,-36.938,0,"Penguin_iDOL",-0.092,-17.178,0,"Floră",-19.821,-46.299,0,"Ainy4／あいにゃ",-15.286,-62.914,0,"Muna_328",23.146,-51.411,0,"Rite_",10.392,-59.705,0,"Ѕeyeon",39.646,-95.286,0,"うよすま",-2.752,-112.4,0,"_Gosomi",-50.723,-93.65,0,0,0,0,0,0,"",0,0,0,0,1149.843,,,,0,0
32,2,0,3,0,1,2,1,0,0,0,255,255,255,15,1164.238,"Pring__",R,3,71,112,1.603,-1.661,0.583,1.015,1.416,0.685,-36.136,51.104,2,21,77,1,0,-432.782,0,5.212,0,0,0,4,6,R,"_앰프_",172,80,0.405,0,71,W,Y,0,0,0,0,0,0,0,0,0,0,0,0,0,0,0,0,0.196,-36.732,0,"Penguin_iDOL",-0.009,-17.158,0,"Floră",-19.545,-46,0,"Ainy4／あいにゃ",-15.256,-62.914,0,"Muna_328",23.106,-51.53,0,"Rite_",10.339,-58.616,0,"Ѕeyeon",39.655,-95.297,0,"うよすま",-5.246,-114.377,0,"_Gosomi",-55.179,-96.486,0,0,0,0,0,0,"",0,0,0,0,1165.251,,,,0,0
33,2,0,3,0,2,2,1,0,0,0,255,255,255,16,1185.188,"Pring__",R,32,84,137,-2.394,0.243,0.117,1.252,-1.296,1.84,-36.136,11.77,2,52,45,4,0,189.065,81.732,15.799,0,0,1,4,6,R,"_앰프_",172,80,0.405,0,72,W,Y,0,0,0,0,0,0,0,0,0,0,0,0,0,0,0,0,-0.179,-37.24,0,"Penguin_iDOL",-0.504,-17.35,0,"Floră",-19.835,-46.15,0,"Ainy4／あいにゃ",-15.229,-62.876,0,"Muna_328",23.191,-51.389,0,"Rite_",10.359,-58.251,0,"Ѕeyeon",38.293,-96.084,0,"うよすま",-4.094,-113.588,0,"_Gosomi",-53.261,-97.951,0,0,0,0,0,0,"",0,0,0,0,1186.109,,,,0,0
34,2,0,3,0,0,0,2,0,0,0,255,255,255,17,1207.876,"Pring__",R,32,76,114,0.468,-0.327,0.375,1.15,-0.065,1.536,-36.136,22.453,0,13,87,2,0,184.43,91.488,0,0,0,1,5,3,R,"ByeolBam",175.2,92,0.4,3,72,W,Y,1208.954,179,122,106,96,45,145,111,25.979,27.354,0.15,0,0.18,95.91,59.592,-0.758,-0.053,-36.699,0,"Penguin_iDOL",-0.084,-17.242,0,"Floră",-16.595,-43.552,0,"Ainy4／あいにゃ",-15.185,-62.868,0,"Muna_328",23.104,-51.386,0,"Rite_",11.416,-60.32,0,"Ѕeyeon",38.34,-96.198,0,"うよすま",-3.757,-110.501,0,"_Gosomi",-53.051,-99.416,85,1213.101,-45.516,-105.187,1213.318,8,"_Gosomi",-43.835,-102.12,0,0,,,,,320,1
35,3,1,3,0,0,0,0,0,0,0,255,255,255,16,1252.251,"소솨소솨",R,28,81,132,-0.577,-1.245,0.128,1.378,-0.336,0.769,-36.553,12.8,43,57,0,2,0,55.549,-64.95,0,0,0,1,1,1,R,"Penguin_iDOL",190,80,0.404,3,72,W,Y,1253.378,255,192,144,92,81,145,130,1.083,44.874,0.57,0,0.503,266.183,-312.743,40.136,0.068,-37.25,0,"HANA_ARASHI",-0.145,-17.202,120,"mungjungh",-22.022,-48.219,0,"ByeolBam",-14.143,-63.844,0,"Yaksok~",18.222,-46.328,0,"muyang_",13.916,-64.385,0,"_앰프_",39.874,-87.314,0,"k@ster",-0.138,-112.172,0,"ddil_ddil69",-41.876,-93.866,0,1253.309,-15.422,-35.625,1257.293,1,"HANA_ARASHI",-3.847,-25.412,1,0,1257.293,,,,4,2
36,3,1,3,0,0,0,0,1,0,0,1,255,255,17,1282.561,"소솨소솨",R,33,85,138,2.01,-0.044,0.343,1.608,0.664,1.502,-36.553,20.392,29,71,0,2,0,146.498,-78.592,0,0,0,1,2,7,R,"うよすま",174.8,85,0.568,3,73,W,Y,1283.515,255,124,119,126,21,145,119,20.858,-37.374,0.23,0,0.269,-98.047,441.663,30.304,0.126,-37.407,0,"HANA_ARASHI",-0.089,-18.019,0,"mungjungh",-19.965,-44.615,0,"ByeolBam",-14.028,-63.987,0,"Yaksok~",17.752,-45.875,93,"muyang_",8.707,-61.136,0,"_앰프_",34.136,-84.483,96,"k@ster",-0.197,-105.095,0,"ddil_ddil69",-43.408,-92.594,0,1286.834,51.023,-101.939,1290.718,6,"_앰프_",47.397,-113.203,1,0,,1289.094,1294.589,,272,2
37,3,1,3,0,0,0,0,0,1,1,255,7,1,18,1315.011,"소솨소솨",R,0,0,0,0,0,0,0,0,0,0,0,0,0,0,0,0,0,0,0,0,0,1,3,2,R,"Floră",190,84.538,0.401,3,73,W,Y,1316.151,203,85,96,52,46,145,100,-0.475,20.811,-0.36,0,0.517,19.049,410.145,-437.514,0.097,-37.447,120,"HANA_ARASHI",-0.078,-17.088,0,"mungjungh",-22.376,-46.592,0,"ByeolBam",-13.632,-63.323,97,"Yaksok~",17.549,-45.589,0,"muyang_",12.195,-58.861,0,"_앰프_",41.197,-92.002,0,"k@ster",-3.028,-118.071,0,"ddil_ddil69",-42.719,-94.797,0,1316.068,-5.774,-33.178,1317.851,3,"ByeolBam",-13.947,-54.859,1,10,1320.401,1337.358,1322.076,1321.736,36,2
38,3,1,3,0,0,0,2,0,0,1,255,255,7,19,1356.259,"소솨소솨",R,0,87,140,0.831,-0.793,0.265,1.479,0.301,1.095,-36.553,7.262,31,69,0,0,0,39.012,-22.126,0,0,0,1,4,3,L,"Ainy4／あいにゃ",189.3,85,0.512,0,73,W,Y,0,0,0,0,0,0,0,0,0,0,0,0,0,0,0,0,0.026,-37.877,0,"HANA_ARASHI",-0.038,-17.333,0,"mungjungh",-15.513,-43.989,0,"ByeolBam",-9.578,-63.44,0,"Yaksok~",18.117,-45.674,0,"muyang_",12.555,-65.263,0,"_앰프_",46.889,-88.682,0,"k@ster",3.233,-116.192,0,"ddil_ddil69",-40.974,-92.953,0,0,0,0,0,0,"",0,0,0,0,1357.06,,1359.089,,0,0
39,3,1,3,0,0,1,2,0,0,1,255,255,7,20,1370.511,"소솨소솨",R,33,84,136,1.74,1.704,0.365,1.987,0.605,2.632,-36.553,32.113,68,28,4,4,0,101.457,-42.168,0,0,0,1,4,3,L,"Ainy4／あいにゃ",189.3,85,0.512,0,73,W,Y,0,0,0,0,0,0,0,0,0,0,0,0,0,0,0,0,0.129,-38.004,0,"HANA_ARASHI",-0.116,-17.381,0,"mungjungh",-16.69,-44.216,0,"ByeolBam",-10.451,-63.119,0,"Yaksok~",19.036,-46.097,0,"muyang_",14.502,-64.289,0,"_앰프_",46.881,-88.631,0,"k@ster",3.266,-116.155,0,"ddil_ddil69",-41.398,-93.149,0,0,0,0,0,0,"",0,0,0,0,1371.268,,1373.032,,0,0
40,3,1,3,0,0,2,2,0,0,1,255,255,7,21,1391.047,"소솨소솨",R,32,90,140,2.935,-0.487,0.419,1.536,1.018,1.281,-36.553,30.465,0,100,0,4,0,183.407,-28.837,0,0,0,1,4,3,L,"Ainy4／あいにゃ",189.3,85,0.512,0,73,W,Y,0,0,0,0,0,0,0,0,0,0,0,0,0,0,0,0,0.095,-37.838,0,"HANA_ARASHI",-0.066,-17.508,0,"mungjungh",-16.377,-44.247,0,"ByeolBam",-10.497,-63.263,0,"Yaksok~",18.582,-44.871,0,"muyang_",14.507,-65.106,0,"_앰프_",46.858,-88.602,0,"k@ster",3.266,-116.174,0,"ddil_ddil69",-41.774,-94.602,0,0,0,0,0,0,"",0,0,0,0,1391.785,,1393.289,,0,0
41,3,0,3,0,0,0,0,0,0,0,255,255,255,18,1437.844,"Pring__",R,32,82,133,1.754,-0.438,0.471,1.152,0.501,1.449,-36.136,29.104,0,17,83,1,0,215.052,93.03,8.344,0,0,0,6,8,R,"ddil_ddil69",174.8,90.2,0.397,0,74,W,Y,0,0,0,0,0,0,0,0,0,0,0,0,0,0,0,0,0.164,-36.847,0,"Penguin_iDOL",0.029,-17.081,0,"Floră",-19.452,-45.475,0,"Ainy4／あいにゃ",-14.852,-62.734,0,"Muna_328",23.291,-51.76,0,"Rite_",10.698,-63.204,0,"Ѕeyeon",38.459,-96.403,0,"うよすま",-3.383,-110.208,0,"_Gosomi",-39.424,-88.504,0,0,0,0,0,0,"",0,0,0,0,1438.943,,,,0,0
42,3,0,3,0,1,0,0,0,0,0,255,255,255,19,1454.063,"Pring__",R,3,81,120,-0.321,-0.287,0.521,1.143,0.584,1.455,-36.136,30.521,0,12,88,2,0,-477.125,0,13.676,0,0,1,6,8,R,"ddil_ddil69",174.8,90.2,0.397,3,74,W,Y,1455.365,236,139,103,121,72,145,126,10.296,43.006,0.31,0,0.421,312.242,-306.148,75.11,-0.023,-36.855,0,"Penguin_iDOL",-0.149,-17.03,0,"Floră",-19.726,-45.89,85,"Ainy4／あいにゃ",-15.021,-62.646,0,"Muna_328",23.283,-51.795,0,"Rite_",10.383,-62.933,0,"Ѕeyeon",38.474,-96.424,0,"うよすま",-4.265,-111.746,0,"_Gosomi",-46.392,-100.682,0,0,0,0,1456.101,2,"Floră",-19.657,-41.271,0,0,,,,,8,1
43,3,0,3,0,0,0,1,0,0,0,255,255,255,20,1479.183,"Pring__",R,32,84,136,0.406,-0.248,0.385,1.178,-0.048,1.576,-36.136,19.546,2,12,86,2,0,188.286,109.947,16.717,0,0,1,7,5,R,"muyang_",170.7,80,0.496,3,75,W,Y,1480.235,255,228,48,94,36,135,80,97.296,76.71,-0.74,0,0.177,536.201,-83.186,-133.785,-0.004,-36.741,0,"Penguin_iDOL",-0.041,-17.231,0,"Floră",-18.981,-45.112,0,"Ainy4／あいにゃ",-15.213,-62.025,0,"Muna_328",23.37,-52.631,0,"Rite_",12.097,-63.987,0,"Ѕeyeon",37.225,-96.212,0,"うよすま",-3.411,-105.354,0,"_Gosomi",-47.292,-95.477,0,0,0,0,0,0,"",0,0,0,0,,,,,0,3
44,3,0,3,0,0,1,1,0,0,0,255,255,255,21,1498.522,"Pring__",R,32,68,107,1.508,-0.871,0.459,1.05,0.29,1.317,-36.136,39.7,0,14,86,2,0,195.329,119.995,0,0,0,1,7,5,R,"muyang_",170.7,80,0.496,3,75,W,Y,1499.685,227,255,79,87,61,145,98,-3.199,-28.163,-0.07,0,0.238,-98.716,-223.214,-531.778,0.213,-36.98,0,"Penguin_iDOL",0.046,-17.365,0,"Floră",-19.591,-45.895,87,"Ainy4／あいにゃ",-15.104,-62.818,0,"Muna_328",23.346,-51.288,90,"Rite_",12.77,-63.56,0,"Ѕeyeon",37.703,-96.217,0,"うよすま",-5.702,-106.109,0,"_Gosomi",-47.51,-94.768,0,1499.31,3.947,-27.021,1500.859,4,"Muna_328",17.824,-50.275,0,0,,,,,40,2
45,3,0,3,0,0,0,2,0,0,0,255,255,255,22,1522.38,"Pring__",R,3,80,118,0.602,-0.337,0.538,1.16,0.866,1.43,-36.136,32.567,0,12,88,2,0,-463.176,0,17.507,0,0,1,8,4,R,"Yaksok~",173.2,93.927,0.332,3,75,W,Y,1523.461,228,92,78,112,42,145,98,26.481,-49.905,0.92,0,0.39,169.438,-300.076,239.374,0.014,-36.786,0,"Penguin_iDOL",0.022,-17.305,0,"Floră",-19.901,-46.042,0,"Ainy4／あいにゃ",-14.504,-63.273,0,"Muna_328",23.685,-50.408,0,"Rite_",13.277,-62.113,0,"Ѕeyeon",39.707,-98.139,0,"うよすま",-6.325,-106.049,0,"_Gosomi",-43.385,-93.77,0,1527.026,64.599,-69.813,0,0,"",0,0,0,0,,,,,0,3
46,3,0,3,0,0,1,2,0,0,0,255,255,255,23,1543.18,"Pring__",R,32,88,140,-4.915,1.068,0.257,1.185,-0.645,1.6,-36.136,18.57,5,12,83,2,0,199.417,104.47,13.863,0,0,1,8,4,R,"Yaksok~",173.2,93.927,0.332,3,75,W,Y,1544.192,118,51,73,33,0,136,117,27.557,-3.846,0.71,0,0.112,132.381,51.301,0.162,-0.067,-36.923,0,"Penguin_iDOL",-0.147,-17.321,0,"Floră",-20.023,-46.002,0,"Ainy4／あいにゃ",-15.252,-63.668,0,"Muna_328",23.828,-51.189,0,"Rite_",14.619,-63.241,0,"Ѕeyeon",40.133,-98.27,0,"うよすま",-0.558,-110.001,0,"_Gosomi",-44.761,-100.262,0,0,0,0,1548.709,7,"うよすま",5.481,-118.191,0,0,,,,,4,1
47,4,1,3,0,0,0,0,0,0,0,255,255,255,22,1590.059,"소솨소솨",R,32,90,140,1.342,0.349,0.277,1.664,0.36,1.697,-36.553,11.687,42,58,0,0,0,160.029,-153.918,0,0,0,0,5,4,R,"Muna_328",190,89.724,0.4,0,76,W,Y,0,0,0,0,0,0,0,0,0,0,0,0,0,0,0,0,0.192,-37.575,0,"HANA_ARASHI",0.136,-17.173,0,"mungjungh",-20.881,-45.886,0,"ByeolBam",-14.753,-63.627,0,"Yaksok~",17.523,-47.467,0,"muyang_",14.443,-64.798,0,"_앰프_",38.034,-88.693,0,"k@ster",-3.899,-117.167,0,"ddil_ddil69",-41.769,-94.076,0,0,0,0,0,0,"",0,0,0,0,1590.751,,,,0,0
48,4,1,3,0,0,1,0,0,0,0,255,255,255,23,1606.187,"소솨소솨",R,32,90,140,0.428,-0.425,0.194,1.528,-0.027,1.257,-36.553,8.098,33,67,0,2,0,153.487,-101.089,0,0,0,1,5,4,R,"Muna_328",190,89.724,0.4,3,76,W,Y,1607.223,255,91,48,0,13,75,67,28.851,-26.643,-0.84,0,0.896,512.443,53.229,-106.166,0.054,-37.456,0,"HANA_ARASHI",-0.051,-17.131,0,"mungjungh",-20.997,-44.816,0,"ByeolBam",-14.51,-63.598,0,"Yaksok~",18.85,-47.237,0,"muyang_",14.466,-64.296,91,"_앰프_",39.118,-89.026,0,"k@ster",-4.083,-116.691,0,"ddil_ddil69",-41.797,-94.203,0,1610.618,22.587,-65.424,1610.843,5,"muyang_",21.692,-63.554,0,0,,,,,128,1
49,4,1,3,0,0,0,1,0,0,0,255,255,255,24,1631.151,"소솨소솨",R,34,84,136,-1.17,-0.502,0.067,1.532,-0.617,1.242,-36.553,7.068,36,64,0,0,0,75.106,-69.112,0,0,0,0,6,8,R,"_Gosomi",178.3,86,0.31,0,76,W,Y,0,0,0,0,0,0,0,0,0,0,0,0,0,0,0,0,-0.043,-37.65,0,"HANA_ARASHI",-0.057,-17.493,0,"mungjungh",-21.587,-46.369,0,"ByeolBam",-13.814,-63.606,0,"Yaksok~",19.85,-48.73,0,"muyang_",14.181,-65.546,0,"_앰프_",37.687,-87.391,0,"k@ster",0.238,-115.955,0,"ddil_ddil69",-43.409,-92.884,0,0,0,0,0,0,"",0,0,0,0,1631.843,,,,0,0
50,4,1,3,0,0,1,1,0,0,0,255,255,255,25,1643.628,"소솨소솨",R,32,91,140,0.539,0.268,0.201,1.649,0.003,1.647,-36.553,9.845,38,62,0,2,0,167.406,-125.193,0,0,0,1,6,8,R,"_Gosomi",178.3,86,0.31,3,76,W,Y,1644.625,250,26,59,18,0,127,78,-15.705,-24.666,-0.69,0,0.403,47.173,-109.807,191.801,0.161,-37.074,0,"HANA_ARASHI",-0.027,-17.368,0,"mungjungh",-22.661,-47.437,0,"ByeolBam",-13.968,-63.528,0,"Yaksok~",19.594,-49.129,106,"muyang_",13.955,-64.432,0,"_앰프_",38.096,-88.175,0,"k@ster",0.21,-115.945,0,"ddil_ddil69",-43.305,-92.967,0,1644.185,1.556,-22.816,1646.801,6,"Ѕeyeon",11.916,-52.374,0,0,,,,,264,2
51,4,1,3,0,0,0,2,0,0,0,255,255,255,26,1664.637,"소솨소솨",R,28,79,129,0.134,0.243,0.195,1.657,-0.022,1.677,-36.553,7.55,49,51,0,0,0,49.692,-55.751,0,0,0,0,7,6,R,"Ѕeyeon",171.9,85,0.4,0,76,W,Y,0,0,0,0,0,0,0,0,0,0,0,0,0,0,0,0,0.05,-37.925,0,"HANA_ARASHI",0.059,-18.461,0,"mungjungh",-20.674,-45.16,0,"ByeolBam",-14.098,-63.846,0,"Yaksok~",17.847,-48.728,0,"muyang_",14.952,-64.848,0,"_앰프_",36.901,-85.408,0,"k@ster",0.147,-112.277,0,"ddil_ddil69",-42.62,-93.647,0,0,0,0,0,0,"",0,0,0,0,1665.476,,,,0,0
52,4,1,3,0,0,1,2,0,0,0,255,255,255,27,1677.472,"소솨소솨",R,33,86,139,-0.128,-0.307,0.156,1.56,-0.204,1.327,-36.553,3.849,47,53,0,0,0,105.35,-104.038,0,0,0,0,7,6,R,"Ѕeyeon",171.9,85,0.4,0,76,W,Y,0,0,0,0,0,0,0,0,0,0,0,0,0,0,0,0,0.051,-38.193,0,"HANA_ARASHI",-0.146,-17.25,0,"mungjungh",-20.182,-45.239,0,"ByeolBam",-14.073,-63.866,0,"Yaksok~",17.734,-48.734,0,"muyang_",13.708,-64.51,0,"_앰프_",36.91,-85.429,0,"k@ster",0.147,-112.226,0,"ddil_ddil69",-42.587,-93.678,0,0,0,0,0,0,"",0,0,0,0,1678.176,,,,0,0
53,4,1,3,0,0,2,2,0,0,0,255,255,255,28,1697.776,"소솨소솨",R,27,89,140,0.344,-0.196,0.205,1.574,0.023,1.377,-36.553,5.255,53,47,0,0,0,89.105,-119.025,0,0,0,1,7,6,R,"Ѕeyeon",171.9,85,0.4,0,76,W,Y,0,0,0,0,0,0,0,0,0,0,0,0,0,0,0,0,0.08,-38.148,0,"HANA_ARASHI",0.048,-17.497,0,"mungjungh",-20.135,-45.2,0,"ByeolBam",-13.994,-63.811,0,"Yaksok~",17.445,-47.066,0,"muyang_",14.101,-65.457,0,"_앰프_",39.095,-84.239,0,"k@ster",0.161,-112.274,0,"ddil_ddil69",-42.459,-93.774,0,0,0,0,0,0,"",0,0,0,0,1698.468,,,,0,0
54,4,0,3,0,0,0,0,0,0,0,255,255,255,24,1763.379,"Pring__",R,13,78,104,-2.376,-0.916,0.229,1.407,-0.473,1.569,-36.136,25.863,0,100,0,2,0,-302.38,384.333,15.194,0,0,0,0,9,L,"Kr_Luna",190,95.256,0.499,3,76,W,Y,1764.485,184,115,126,103,57,145,118,-30,-44.208,0.12,0,0.081,-218.571,377.648,343.412,-0.382,-36.532,0,"Penguin_iDOL",0.06,-17.252,0,"Floră",-14.807,-44.527,0,"Ainy4／あいにゃ",-12.918,-63.11,0,"Muna_328",25.364,-50.156,120,"Rite_",15.472,-60.567,0,"Ѕeyeon",49.347,-92.407,0,"うよすま",8.992,-121.224,0,"_Gosomi",-36.15,-113.643,0,1763.751,0.474,-21.013,1765.435,4,"Muna_328",24.149,-45.442,0,0,,,,,40,2
55,4,0,3,0,0,0,1,0,0,0,255,255,255,25,1787.667,"Pring__",R,13,96,119,-3.762,-2.23,-0.068,1.171,-1.396,0.948,-36.136,25.464,0,100,0,1,0,-153.44,396.678,26.279,-0.777,-19.026,0,1,7,R,"k@ster",160,80,0.646,0,76,W,Y,0,0,0,0,0,0,0,0,0,0,0,0,0,0,0,0,-0.115,-36.777,0,"Penguin_iDOL",-0.438,-17.202,0,"Floră",-19.781,-45.901,0,"Ainy4／あいにゃ",-15.224,-62.093,0,"Muna_328",20.745,-49.251,0,"Rite_",13.291,-61.086,0,"Ѕeyeon",37.011,-92.612,0,"うよすま",-0.852,-104.214,0,"_Gosomi",-45.42,-103.048,0,0,0,0,0,0,"",0,0,0,0,1788.468,,,,0,0
56,4,0,3,0,1,0,1,0,0,0,255,255,255,26,1804.338,"Pring__",R,3,79,107,-0.153,0.412,0.581,1.518,0.617,1.836,-36.136,46.981,0,100,0,0,0,-388.5,0,2.219,0,0,0,1,7,R,"k@ster",160,80,0.646,0,76,W,Y,0,0,0,0,0,0,0,0,0,0,0,0,0,0,0,0,0.003,-37.009,0,"Penguin_iDOL",-0.06,-17.269,0,"Floră",-19.944,-46.049,0,"Ainy4／あいにゃ",-15.15,-62.085,0,"Muna_328",18.664,-47.724,0,"Rite_",13.039,-60.988,0,"Ѕeyeon",36.146,-93.168,0,"うよすま",-0.654,-106.447,0,"_Gosomi",-43.104,-99.43,0,0,0,0,0,0,"",0,0,0,0,1805.151,,,,0,0
57,4,0,3,0,1,1,1,0,0,0,255,255,255,27,1817.937,"Pring__",R,32,76,127,-0.945,0.323,0.224,1.453,-0.735,1.68,-36.136,21.64,0,100,0,2,0,217.853,-83.805,9.305,0,0,1,1,7,R,"k@ster",160,80,0.646,3,76,W,Y,1819.079,225,148,51,61,38,136,89,29.977,31.963,-0.03,0,0.375,378.063,-102.856,73.297,-0.041,-36.984,0,"Penguin_iDOL",-0.142,-17.244,0,"Floră",-19.783,-46.082,0,"Ainy4／あいにゃ",-15.134,-62.045,0,"Muna_328",18.668,-47.568,0,"Rite_",13.242,-61.574,0,"Ѕeyeon",36.156,-93.199,0,"うよすま",-0.655,-106.27,0,"_Gosomi",-47.112,-101.961,0,1823.443,-40.829,-86.127,1823.66,8,"_Gosomi",-39.844,-84.388,0,0,,,,,64,1
58,4,0,3,0,0,0,2,0,0,0,255,255,255,28,1846.609,"Pring__",R,10,65,97,-2.677,0.671,0.005,1.899,-1.167,2.631,-36.136,39.045,100,0,0,2,0,0.194,400,-17.489,0,0,1,2,1,R,"HANA_ARASHI",190,90,0.25,3,76,W,Y,1847.907,213,140,122,129,92,145,87,-15.208,46.762,1,0,0.688,84.776,-367.826,-208.003,-0.017,-36.709,0,"Penguin_iDOL",-0.256,-17.143,0,"Floră",-20.089,-46.295,84,"Ainy4／あいにゃ",-15.337,-62.203,0,"Muna_328",23.711,-52.56,0,"Rite_",13.76,-64.115,0,"Ѕeyeon",41.813,-99.67,0,"うよすま",-5.293,-118.315,0,"_Gosomi",-48.094,-101.9,0,1847.468,-4.81,-24.549,1848.968,2,"Floră",-19.76,-40.873,0,0,,,,,136,2
59,5,1,3,0,0,0,0,0,0,0,255,255,255,29,1895.154,"소솨소솨",R,27,86,140,0.413,-0.462,0.21,1.52,0.045,1.228,-36.553,4.779,51,49,0,0,0,95.586,-106.948,0,0,0,1,8,9,R,"Gonyong",190,85,0.2,0,42,W,Y,0,0,0,0,0,0,0,0,0,0,0,0,0,0,0,0,-0.02,-37.893,0,"HANA_ARASHI",-0.055,-17.08,0,"mungjungh",-21.927,-47.466,0,"ByeolBam",-14.836,-65.144,0,"Yaksok~",18.02,-47.107,0,"muyang_",13.087,-64.77,0,"_앰프_",36.972,-91.166,0,"k@ster",-0.451,-118.577,0,"ddil_ddil69",-42.117,-93.21,0,0,0,0,0,0,"",0,0,0,0,1896.026,,,,0,0
60,5,1,3,0,0,1,0,0,0,0,255,255,255,30,1909.476,"소솨소솨",R,33,87,140,-0.172,0.299,0.149,1.673,-0.237,1.725,-36.553,4.741,42,58,0,0,0,116.521,-82.815,0,0,0,1,8,9,R,"Gonyong",190,85,0.2,0,42,W,Y,0,0,0,0,0,0,0,0,0,0,0,0,0,0,0,0,-0.039,-37.686,0,"HANA_ARASHI",-0.112,-17.052,0,"mungjungh",-21.936,-47.498,0,"ByeolBam",-14.166,-63.787,0,"Yaksok~",18.047,-46.818,0,"muyang_",13.869,-64.836,0,"_앰프_",36.877,-90.933,0,"k@ster",-0.531,-118.524,0,"ddil_ddil69",-43.052,-94.494,0,0,0,0,0,0,"",0,0,0,0,1910.226,,,,0,0
61,5,1,3,0,0,2,0,0,0,0,255,255,255,31,1934.548,"소솨소솨",R,32,93,140,0.73,-0.44,0.192,1.521,-0.039,1.232,-36.553,6.23,33,67,0,2,0,155.052,-97.48,0,0,0,1,8,9,R,"Gonyong",190,85,0.2,3,42,W,Y,1935.686,238,139,130,77,0,145,92,-35.057,49.588,-0.75,0.095,0.321,149.782,376.007,76.531,0.001,-37.439,0,"HANA_ARASHI",-0.114,-17.291,0,"mungjungh",-21.93,-47.496,0,"ByeolBam",-14.227,-63.657,0,"Yaksok~",17.803,-46.97,0,"muyang_",14.355,-64.623,0,"_앰프_",36.824,-91.047,0,"k@ster",-0.116,-116.048,0,"ddil_ddil69",-43.098,-94.423,0,1935.059,-1.41,-20.902,0,0,"",0,0,0,0,,,,,0,3
62,5,1,3,0,0,2,0,0,0,0,255,255,255,32,1952.117,"소솨소솨",R,33,87,140,-0.361,0.187,0.125,1.67,-0.348,1.715,-36.553,5.844,26,74,0,2,0,130.345,-61.76,0,0,0,1,8,9,R,"Gonyong",190,85,0.2,3,42,W,Y,1953.311,255,136,227,111,30,145,130,30.542,11.273,0.68,0,0.285,-213.212,-445.785,-69.976,-0.018,-37.471,0,"HANA_ARASHI",-0.068,-17.29,0,"mungjungh",-23.748,-48.023,0,"ByeolBam",-13.662,-64.59,0,"Yaksok~",15.838,-46.505,0,"muyang_",13.311,-65.058,67,"_앰프_",35.397,-90.044,0,"k@ster",-0.087,-114.642,95,"ddil_ddil69",-43.01,-93.43,0,1957.643,-9.032,-130.101,1959.026,7,"k@ster",-8.769,-130.651,1,0,,1963.601,,,130,2
63,5,1,3,0,0,0,0,0,1,0,255,9,255,33,1986.001,"소솨소솨",R,33,68,121,3.089,0.858,0.45,1.755,1.161,2.03,-36.553,19.616,0,100,0,1,0,105.512,-41.876,0,0,0,0,0,5,R,"Rite_",170.3,80,0.455,0,77,W,Y,0,0,0,0,0,0,0,0,0,0,0,0,0,0,0,0,0.23,-37.766,0,"HANA_ARASHI",-0.09,-17.477,0,"mungjungh",-22.237,-46.926,0,"ByeolBam",-13.516,-64.33,0,"Yaksok~",17.012,-44.731,0,"muyang_",7.779,-59.781,0,"_앰프_",34.89,-91.42,0,"k@ster",0.714,-114.984,0,"ddil_ddil69",-41.132,-93.333,0,0,0,0,0,0,"",0,0,0,0,1986.918,1989.183,,,0,0
64,5,1,3,0,1,0,0,0,1,0,255,9,255,34,2006.13,"소솨소솨",R,33,83,135,-0.44,-0.706,0.123,1.5,-0.358,1.111,-36.553,5.318,40,60,0,2,0,115.007,-92.416,0,0,0,1,0,5,R,"Rite_",170.3,80,0.455,3,77,W,Y,2007.432,255,101,115,82,67,145,96,-10.219,22.654,-0.16,0,0.453,130.889,-467.234,-114.098,-0.065,-37.969,0,"HANA_ARASHI",-0.096,-18.069,0,"mungjungh",-21.764,-46.012,95,"ByeolBam",-13.841,-62.807,92,"Yaksok~",16.142,-45.501,0,"muyang_",7.217,-61.481,66,"_앰프_",34.515,-91.292,0,"k@ster",-0.618,-114.565,0,"ddil_ddil69",-40.497,-93.042,0,2006.859,-1.352,-22.743,2009.026,3,"ByeolBam",-14.389,-55.628,0,0,,2012.609,,,168,2
65,5,1,3,0,0,0,1,0,1,0,255,9,255,35,2035.895,"소솨소솨",R,0,54,110,-0.713,-0.566,0.132,1.531,-0.315,1.265,-36.553,7.499,32,68,0,0,0,0,0.373,0,0,0,0,1,1,R,"Penguin_iDOL",190,80,0.404,0,78,W,Y,0,0,0,0,0,0,0,0,0,0,0,0,0,0,0,0,-0.157,-37.807,0,"HANA_ARASHI",-0.206,-17.648,0,"mungjungh",-20.286,-44.235,0,"ByeolBam",-14.038,-64.207,0,"Yaksok~",17.261,-44.474,0,"muyang_",9.736,-60.297,0,"_앰프_",35.966,-95.154,0,"k@ster",1.168,-117.651,0,"ddil_ddil69",-45.239,-91.434,0,0,0,0,0,0,"",0,0,0,0,2036.826,2038.835,,,0,0
66,5,1,3,0,0,1,1,0,1,0,255,9,255,36,2053.297,"소솨소솨",R,3,64,107,-3.148,-0.648,0.314,1.566,-0.578,1.218,-36.553,1.484,0,100,0,4,0,-420.617,0,0,-1.329,-14.096,1,1,1,R,"Penguin_iDOL",190,80,0.404,0,78,W,Y,0,0,0,0,0,0,0,0,0,0,0,0,0,0,0,0,0.042,-38.005,0,"HANA_ARASHI",-1.2,-17.444,0,"mungjungh",-21.721,-46.396,0,"ByeolBam",-13.119,-63.584,0,"Yaksok~",18.545,-45.219,0,"muyang_",9.376,-60.948,0,"_앰프_",36.496,-92.169,0,"k@ster",1.042,-117.501,0,"ddil_ddil69",-44.025,-91.863,0,0,0,0,0,0,"",0,0,0,0,2057.143,,2056.832,,0,0
67,5,1,3,0,0,2,1,0,0,1,255,255,9,37,2073.861,"소솨소솨",R,33,85,137,2.368,-0.131,0.381,1.663,0.814,1.446,-36.553,22.491,43,57,0,2,0,149.119,-88.282,0,0,0,1,1,1,R,"Penguin_iDOL",190,80,0.404,3,66,W,Y,2075.052,231,109,112,85,45,145,93,16.995,-29.136,-0.67,0,0.397,-242.435,45.727,59.861,0.192,-37.533,0,"HANA_ARASHI",0.004,-17.184,0,"mungjungh",-20.762,-47.104,0,"ByeolBam",-12.985,-60.87,0,"Yaksok~",17.979,-44.562,89,"muyang_",13.067,-64.701,0,"_앰프_",35.101,-91.624,99,"k@ster",-0.473,-117.166,0,"ddil_ddil69",-44.064,-91.842,0,2077.126,27.639,-69.132,2078.135,6,"_앰프_",30.9,-77.007,1,0,,,,2081.837,272,2
68,5,1,4,0,0,0,1,1,0,0,1,255,255,38,2106.54,"소솨소솨",R,32,87,140,0.308,-0.453,0.178,1.544,-0.101,1.279,-36.553,8.764,25,75,0,2,0,170.145,-66.094,0,0,0,1,2,7,R,"うよすま",174.8,85,0.568,3,78,W,Y,2107.585,255,77,160,58,0,145,81,-16.83,-41.544,1,0,0.326,5.24,-316.29,-16.542,0.18,-37.484,0,"HANA_ARASHI",-0.087,-17.7,0,"mungjungh",-19.944,-44.875,72,"ByeolBam",-14.323,-63.81,0,"Yaksok~",18.282,-48.793,0,"muyang_",9.933,-60.783,0,"_앰프_",36.841,-92.063,0,"k@ster",0.266,-113.896,0,"ddil_ddil69",-43.152,-93.559,0,2106.976,1.759,-20.541,2111.568,0,"소솨소솨",10.496,-33.136,1,0,,2113.406,,,8,2
69,5,1,4,0,0,0,1,1,1,0,7,1,255,39,2140.163,"소솨소솨",R,33,86,140,1.894,0.69,0.339,1.746,0.647,1.961,-36.553,15.449,47,53,0,1,0,124.171,-94.348,0,0,0,0,3,2,R,"Floră",190,84.538,0.401,0,78,W,Y,0,0,0,0,0,0,0,0,0,0,0,0,0,0,0,0,0.111,-37.874,0,"HANA_ARASHI",0.035,-17.129,0,"mungjungh",-20.369,-45.143,0,"ByeolBam",-13.542,-62.885,0,"Yaksok~",17.453,-45.268,0,"muyang_",11.917,-61.951,0,"_앰프_",37.59,-97.447,0,"k@ster",-0.655,-117.559,0,"ddil_ddil69",-43.07,-92.905,0,0,0,0,0,0,"",0,0,0,0,2141.076,2143.278,,,0,0
70,5,1,4,0,1,0,1,1,1,0,7,1,255,40,2155.421,"소솨소솨",R,33,87,140,0.532,0.244,0.218,1.663,0.084,1.694,-36.553,5.844,51,49,0,0,0,104.597,-79.787,0,0,0,1,3,2,R,"Floră",190,84.538,0.401,0,78,W,Y,0,0,0,0,0,0,0,0,0,0,0,0,0,0,0,0,-0.058,-37.57,0,"HANA_ARASHI",0.019,-17.127,0,"mungjungh",-21.106,-46.079,0,"ByeolBam",-13.558,-62.812,0,"Yaksok~",17.807,-44.34,0,"muyang_",12.31,-63.103,0,"_앰프_",38.355,-95.822,0,"k@ster",-0.642,-117.492,0,"ddil_ddil69",-43.185,-92.822,0,0,0,0,0,0,"",0,0,0,0,2156.118,2158.495,,,0,0
71,5,1,4,0,1,1,1,1,1,0,7,1,255,41,2169.174,"소솨소솨",R,33,90,140,0.149,-0.371,0.176,1.544,-0.113,1.306,-36.553,5.136,34,66,0,2,0,128.085,-82.951,0,0,0,1,3,2,R,"Floră",190,84.538,0.401,3,78,W,Y,2170.423,178,118,89,38,3,141,104,0.858,15.055,-0.05,0,0.505,-94.564,483.62,-254.001,0.158,-37.682,0,"HANA_ARASHI",-0.095,-17.168,0,"mungjungh",-20.353,-44.942,0,"ByeolBam",-13.623,-62.884,84,"Yaksok~",17.062,-45.924,0,"muyang_",10.922,-60.353,93,"_앰프_",39.526,-95.495,0,"k@ster",-0.733,-117.789,0,"ddil_ddil69",-43.05,-92.892,0,2170.376,-5.099,-36.433,2171.651,3,"ByeolBam",-10.933,-57.225,0,8,,2174.21,,,168,2
72,5,0,4,0,0,0,0,0,0,0,255,255,255,29,2216.746,"Pring__",R,32,79,129,2.132,-0.618,0.392,1.056,0.641,1.361,-36.136,36.391,2,13,85,2,0,194.191,121.579,11.686,0,0,1,3,2,R,"mungjungh",190,89.74,0.401,0,79,W,Y,2217.92,119,152,51,33,23,122,85,-25.938,-2.947,-0.33,0,0.325,-441.768,-202.416,75.687,-0.012,-36.707,96,"Penguin_iDOL",0,-17.051,0,"Floră",-20.299,-46.484,85,"Ainy4／あいにゃ",-15.115,-61.54,0,"Muna_328",23.987,-52.53,0,"Rite_",13.475,-61.801,0,"Ѕeyeon",41.729,-100.252,0,"うよすま",-4.398,-117.976,0,"_Gosomi",-51.17,-101.741,0,2217.301,0.478,-21.232,2218.626,0,"Pring__",0.252,-35.994,0,0,,,,,8,2
73,5,0,4,0,0,0,1,0,0,0,255,255,255,30,2238.54,"Pring__",R,3,80,117,0.212,-0.528,0.444,1.059,0.88,1.326,-36.136,36.504,3,19,78,0,0,-500,0,15.107,0,0,0,4,6,R,"_앰프_",172,80,0.405,0,79,W,Y,0,0,0,0,0,0,0,0,0,0,0,0,0,0,0,0,-0.177,-37.024,0,"Penguin_iDOL",-0.117,-17.164,0,"Floră",-19.727,-45.881,0,"Ainy4／あいにゃ",-14.818,-62.577,0,"Muna_328",20.392,-49.016,0,"Rite_",13.771,-63.263,0,"Ѕeyeon",38.872,-96.478,0,"うよすま",-2.927,-101.631,0,"_Gosomi",-41.458,-93.01,0,0,0,0,0,0,"",0,0,0,0,2239.443,,,,0,0
74,5,0,4,0,0,1,1,0,0,0,255,255,255,31,2257.121,"Pring__",R,3,76,114,0.022,-1.023,0.487,0.969,0.826,1.051,-36.136,47.571,9,14,78,2,0,-500,0,13.102,0,0,1,4,6,R,"_앰프_",172,80,0.405,3,79,W,Y,2258.298,255,178,79,90,73,145,97,-57.835,54.175,-0.16,0,0.45,199.846,-401.882,-153.758,-0.007,-36.737,0,"Penguin_iDOL",-0.33,-17.182,0,"Floră",-19.881,-46.013,0,"Ainy4／あいにゃ",-14.882,-62.488,0,"Muna_328",20.42,-48.941,0,"Rite_",13.508,-63.209,0,"Ѕeyeon",38.894,-96.506,0,"うよすま",-2.757,-103.263,0,"_Gosomi",-40.608,-93.037,0,2257.685,-0.656,-20.984,0,0,"",0,0,0,0,,,,,0,0
75,5,0,4,0,0,2,1,0,0,0,255,255,255,32,2276.323,"Pring__",R,32,77,128,0.973,-0.776,0.344,0.984,0.066,1.311,-36.136,38.979,5,11,84,0,0,242.244,115.916,6.545,1.686,-18.381,0,4,6,R,"_앰프_",172,80,0.405,0,79,W,Y,0,0,0,0,0,0,0,0,0,0,0,0,0,0,0,0,-0.165,-37.03,0,"Penguin_iDOL",-0.382,-17.119,0,"Floră",-19.804,-45.929,0,"Ainy4／あいにゃ",-15.834,-62.06,0,"Muna_328",20.289,-47.91,0,"Rite_",14.223,-63.24,0,"Ѕeyeon",38.901,-96.502,0,"うよすま",-3.119,-105.001,0,"_Gosomi",-45.731,-93.612,0,0,0,0,0,0,"",0,0,0,0,2279.726,,,,0,0
76,5,0,4,0,0,0,2,0,0,0,255,255,255,33,2300.749,"Pring__",R,32,74,125,2.872,0.053,0.52,1.058,0.945,1.728,-36.136,48.487,4,16,80,1,0,196.82,64.646,5.281,0,0,0,5,3,R,"ByeolBam",175.2,90,0.4,0,79,W,Y,0,0,0,0,0,0,0,0,0,0,0,0,0,0,0,0,0.07,-36.687,0,"Penguin_iDOL",0.137,-17.011,0,"Floră",-10.884,-37.576,0,"Ainy4／あいにゃ",-15.711,-62.072,0,"Muna_328",21.66,-49.285,0,"Rite_",13.815,-62.657,0,"Ѕeyeon",40.96,-98.876,0,"うよすま",-2.149,-111.131,0,"_Gosomi",-45.092,-94.61,0,0,0,0,0,0,"",0,0,0,0,2301.459,,,,0,0
77,5,0,4,0,1,0,2,0,0,0,255,255,255,34,2315.373,"Pring__",R,32,83,134,0.717,0.219,0.398,1.064,0.01,1.878,-36.136,31.507,5,13,82,0,0,214.745,119.109,14.893,0,0,0,5,3,R,"ByeolBam",175.2,90,0.4,0,79,W,Y,0,0,0,0,0,0,0,0,0,0,0,0,0,0,0,0,-0.108,-37.23,0,"Penguin_iDOL",-0.045,-17.088,0,"Floră",-12.795,-39.811,0,"Ainy4／あいにゃ",-15.585,-62.113,0,"Muna_328",21.644,-49.395,0,"Rite_",13.667,-62.213,0,"Ѕeyeon",40.974,-98.894,0,"うよすま",-3.052,-110.148,0,"_Gosomi",-48.025,-102.125,0,0,0,0,0,0,"",0,0,0,0,2316.035,,,,0,0
78,5,0,4,0,1,1,2,0,0,0,255,255,255,35,2332.036,"Pring__",R,3,83,121,-4.979,0.691,0.093,1.106,-1.407,2.028,-36.136,19.494,0,13,87,1,0,-494.64,0,18.346,0,0,0,5,3,R,"ByeolBam",175.2,90,0.4,0,71,W,Y,0,0,0,0,0,0,0,0,0,0,0,0,0,0,0,0,-0.204,-37.369,0,"Penguin_iDOL",-0.784,-16.72,0,"Floră",-20.075,-45.814,0,"Ainy4／あいにゃ",-15.608,-62.078,0,"Muna_328",21.661,-49.267,0,"Rite_",12.892,-60.596,0,"Ѕeyeon",40.975,-98.895,0,"うよすま",-3.004,-110.775,0,"_Gosomi",-47.897,-102.068,0,0,0,0,0,0,"",0,0,0,0,2332.81,,,,0,0
79,5,0,4,0,2,1,2,0,0,0,255,255,255,36,2348.526,"Pring__",R,3,79,116,0.539,-0.809,0.534,0.966,1.032,1.165,-36.136,48.492,4,16,79,2,0,-500,0,3.545,0,0,0,5,3,R,"ByeolBam",175.2,90,0.4,3,71,W,Y,2349.536,123,156,139,120,61,138,93,58.031,57.095,-0.19,0,0.237,158.492,343.733,131.43,0.096,-36.608,0,"Penguin_iDOL",0.094,-17.075,0,"Floră",-18.805,-44.533,0,"Ainy4／あいにゃ",-15.723,-62.013,0,"Muna_328",21.637,-49.201,0,"Rite_",13.004,-60.099,0,"Ѕeyeon",40.944,-98.846,0,"うよすま",-3.285,-110.757,0,"_Gosomi",-51.163,-99.932,0,2354.018,-62.579,-52.136,0,0,"",0,0,0,0,,,,,0,3
80,5,0,4,0,2,2,2,0,0,0,255,255,255,37,2369.135,"Pring__",R,32,82,133,-1.054,0.849,0.24,1.159,-0.726,2.211,-36.136,18.922,4,8,88,0,0,189.199,88.126,12.661,0,0,0,5,3,R,"ByeolBam",175.2,90,0.4,0,71,W,Y,0,0,0,0,0,0,0,0,0,0,0,0,0,0,0,0,-0.107,-37.039,0,"Penguin_iDOL",-0.526,-17.239,0,"Floră",-11.619,-38.489,0,"Ainy4／あいにゃ",-16.005,-62.126,0,"Muna_328",21.608,-49,0,"Rite_",12,-59.608,0,"Ѕeyeon",41.245,-98.704,0,"うよすま",-4.716,-112.727,0,"_Gosomi",-50.105,-100.431,0,0,0,0,0,0,"",0,0,0,0,2369.801,,,,0,0
81,6,1,4,0,0,0,0,0,0,0,255,255,255,42,2408.247,"소솨소솨",R,34,81,131,-1.241,-0.139,0.053,1.589,-0.682,1.454,-36.553,2.799,46,54,0,2,0,94.876,-72.702,0,0,0,1,4,3,L,"Ainy4／あいにゃ",189.3,85,0.512,3,79,W,Y,2409.312,214,114,90,92,38,145,129,22.054,-25.943,0.49,0,0.425,168.392,-520.757,-245.878,-0.129,-37.448,0,"HANA_ARASHI",0.044,-17.296,0,"mungjungh",-22.4,-48.077,0,"ByeolBam",-12.533,-64.617,85,"Yaksok~",20.369,-49.337,0,"muyang_",13.807,-64.689,0,"_앰프_",41.395,-92.125,0,"k@ster",1.155,-115.21,0,"ddil_ddil69",-41.451,-93.447,0,2413.451,56.014,-110.059,2414.776,6,"_앰프_",52.061,-106.567,1,0,,2419.277,,,48,2
82,6,1,4,0,0,0,0,0,1,0,255,3,255,43,2439.292,"소솨소솨",R,34,79,129,-0.99,-0.529,0.081,1.519,-0.552,1.227,-36.553,3.694,26,74,0,2,0,77.638,-35.152,0,0,0,1,5,4,L,"Muna_328",190,89.724,0.4,3,79,W,Y,2440.375,164,132,68,63,10,139,89,8.938,25.959,-0.69,0,0.414,374.849,-385.78,-219.857,-0.042,-37.468,0,"HANA_ARASHI",-0.079,-17.389,0,"mungjungh",-21.303,-45.67,0,"ByeolBam",-10.371,-65.342,107,"Yaksok~",19.256,-48.033,0,"muyang_",11.541,-60.023,60,"_앰프_",43.108,-93.245,0,"k@ster",2.065,-120.269,0,"ddil_ddil69",-41.431,-92.396,0,2441.943,-18.856,-63.679,2442.076,3,"ByeolBam",-17.484,-60.124,0,16,,,,,160,1
83,6,1,4,0,0,0,2,0,0,0,255,255,255,44,2465.158,"소솨소솨",R,5,59,112,0.433,1.276,0.274,1.856,0.346,2.361,-36.553,15.785,92,8,0,2,0,-92.332,0,0,0,0,1,6,8,R,"_Gosomi",178.3,86,0.31,3,80,W,Y,2466.331,167,72,68,87,70,140,84,55.337,-38.498,-0.78,0,0.455,153.148,-134.623,19.635,0.204,-37.688,0,"HANA_ARASHI",-0.019,-17.634,0,"mungjungh",-21.048,-45.355,0,"ByeolBam",-14.323,-63.906,82,"Yaksok~",18.219,-45.938,0,"muyang_",12.954,-64.652,0,"_앰프_",37.726,-95.163,110,"k@ster",-1.63,-115.737,0,"ddil_ddil69",-41.96,-94.502,0,2471.068,37.045,-62.876,2473.66,6,"_앰프_",41.952,-67.333,1,0,,,,,48,2
84,6,1,4,0,0,0,2,1,0,0,8,255,255,45,2501.858,"소솨소솨",R,33,85,138,0.047,-0.564,0.159,1.531,-0.189,1.224,-36.553,3.68,34,66,0,2,0,148.829,-58.563,0,0,0,1,7,6,R,"Ѕeyeon",171.9,85,0.4,3,80,W,Y,2502.896,229,100,63,88,60,139,104,95.091,80.738,0.08,0,0.592,162.55,-200.683,96.031,0.043,-37.649,0,"HANA_ARASHI",-0.059,-17.786,0,"mungjungh",-19.788,-41.864,0,"ByeolBam",-12.273,-64.341,0,"Yaksok~",17.994,-45.844,0,"muyang_",14.301,-63.732,0,"_앰프_",37.946,-88.839,0,"k@ster",-0.225,-114.521,0,"ddil_ddil69",-43.242,-93.322,0,0,0,0,0,0,"",0,0,0,0,,,,,0,3
85,6,1,4,0,0,1,2,1,0,0,8,255,255,46,2521.334,"소솨소솨",R,34,86,140,0.673,-0.173,0.236,1.598,0.168,1.465,-36.553,6.839,33,67,0,2,0,87.197,-38.999,0,0,0,1,7,6,R,"Ѕeyeon",171.9,85,0.4,3,80,W,Y,2522.365,144,59,79,60,33,141,88,93.621,-83.234,-0.48,0,0.426,260.824,382.561,-114.858,0.244,-37.506,0,"HANA_ARASHI",-0.12,-17.709,0,"mungjungh",-19.731,-42.249,0,"ByeolBam",-12.034,-64.349,0,"Yaksok~",17.611,-45.704,0,"muyang_",13.486,-63.84,0,"_앰프_",38.456,-91.05,0,"k@ster",0.554,-117.469,0,"ddil_ddil69",-42.576,-93.029,0,0,0,0,0,0,"",0,0,0,64,,,,,12,3
86,6,0,4,0,0,0,0,0,0,0,255,255,255,38,2584.681,"Pring__",R,32,80,131,1.567,-0.187,0.425,1.081,0.327,1.725,-36.136,29.38,7,15,78,1,0,250,200,22.689,0,0,0,6,8,R,"ddil_ddil69",174.8,90.2,0.397,0,80,W,Y,0,0,0,0,0,0,0,0,0,0,0,0,0,0,0,0,0.01,-37.805,0,"Penguin_iDOL",-0.005,-17.234,0,"Floră",-20.012,-46.132,0,"Ainy4／あいにゃ",-15.736,-62.733,0,"Muna_328",23.365,-52.023,0,"Rite_",14.526,-62.299,0,"Ѕeyeon",41.692,-99.883,0,"うよすま",-2.394,-116.197,0,"_Gosomi",-38.915,-83.561,0,0,0,0,0,0,"",0,0,0,0,2585.626,,,,0,0
87,6,0,4,0,1,0,0,0,0,0,255,255,255,39,2604.325,"Pring__",R,32,79,129,0.309,0.102,0.303,1.1,-0.229,1.877,-36.136,26.764,0,12,88,2,0,250,179.478,11.688,0,0,1,6,8,R,"ddil_ddil69",174.8,90.2,0.397,3,80,W,Y,2605.539,166,38,53,38,39,133,91,114.268,-52.813,-0.11,0,0.214,513.837,280.957,-130.519,-0.17,-37.454,0,"Penguin_iDOL",-0.172,-17.271,0,"Floră",-20.114,-46.126,0,"Ainy4／あいにゃ",-15.827,-62.705,0,"Muna_328",23.365,-51.933,0,"Rite_",12.72,-60.965,0,"Ѕeyeon",41.714,-99.93,0,"うよすま",-5.014,-114.019,0,"_Gosomi",-47.253,-88.907,0,0,0,0,0,0,"",0,0,0,0,,,,,0,3
88,6,0,4,0,1,1,0,0,0,0,255,255,255,40,2623.746,"Pring__",R,3,81,119,-2.131,-0.112,0.339,1.028,-0.152,1.565,-36.136,32.914,5,12,83,4,0,-500,0,16.731,0,0,1,6,8,R,"ddil_ddil69",174.8,90.2,0.397,0,36,W,Y,0,0,0,0,0,0,0,0,0,0,0,0,0,0,0,0,-0.1,-37.475,0,"Penguin_iDOL",-0.484,-17.452,0,"Floră",-20.251,-46.244,0,"Ainy4／あいにゃ",-16.237,-62.305,0,"Muna_328",23.633,-51.471,0,"Rite_",14.375,-62.097,0,"Ѕeyeon",43.796,-97.192,0,"うよすま",-4.837,-114.973,0,"_Gosomi",-48.674,-92.936,0,0,0,0,0,0,"",0,0,0,0,2624.768,,,,0,0
89,6,0,4,0,1,2,0,0,0,0,255,255,255,41,2644.337,"Pring__",R,32,76,127,0.71,1.013,0.393,1.198,-0.058,2.419,-36.136,22.703,3,10,87,2,0,250,192.892,26.808,0,0,1,6,8,R,"ddil_ddil69",174.8,90.2,0.397,3,80,W,Y,2645.584,117,71,76,80,56,137,81,90.262,69.814,-0.81,0,0.38,138.731,-123.942,70.12,-0.036,-37.47,0,"Penguin_iDOL",0.05,-17.554,120,"Floră",-20.235,-46.42,0,"Ainy4／あいにゃ",-16.134,-62.287,0,"Muna_328",24.075,-51.263,0,"Rite_",13.943,-61.121,0,"Ѕeyeon",44.076,-96.761,0,"うよすま",-3.156,-115.267,0,"_Gosomi",-45.949,-98.795,0,2651.185,0.498,-17.762,2651.276,1,"Penguin_iDOL",0.479,-17.781,0,0,2651.276,,,,2,1
90,6,0,4,0,0,0,1,0,0,0,255,255,255,42,2672.368,"Pring__",R,32,80,131,1.891,0.106,0.43,1.083,0.558,1.833,-36.136,32.96,2,15,83,2,0,182.571,138.475,10.251,0,0,1,7,5,R,"muyang_",170.7,80,0.496,3,80,W,Y,2673.419,255,255,135,55,34,145,84,-6.593,13.517,-0.77,0,0.172,102.903,-222.344,-39.882,0.013,-36.87,0,"Penguin_iDOL",0.179,-17.092,0,"Floră",-10.455,-38.165,0,"Ainy4／あいにゃ",-16.459,-62.564,97,"Muna_328",22.721,-51.069,0,"Rite_",13.454,-59.286,0,"Ѕeyeon",38.908,-96.611,0,"うよすま",-2.217,-106.366,0,"_Gosomi",-46.19,-96.285,0,2673.001,-1.032,-25.002,2675.326,3,"Ainy4／あいにゃ",-8.674,-59.744,0,0,,,,,24,2
91,6,0,4,0,0,0,2,0,0,0,255,255,255,43,2700.401,"Pring__",R,32,76,127,2.469,-0.204,0.471,1.065,0.729,1.67,-36.136,31.802,2,13,85,2,0,229.287,146.676,8.931,0,0,1,8,4,R,"Yaksok~",173.2,93.927,0.332,3,79,W,Y,2701.423,100,82,113,74,9,136,95,4.405,-33.741,0.01,0,0.12,23.764,210.681,-392.508,0.054,-36.974,0,"Penguin_iDOL",0.159,-16.883,0,"Floră",-20.037,-46.093,0,"Ainy4／あいにゃ",-15.598,-62.828,0,"Muna_328",22.301,-48.126,95,"Rite_",11.453,-61.017,0,"Ѕeyeon",40.542,-98.854,0,"うよすま",-2.494,-111.854,0,"_Gosomi",-45.266,-93.466,0,2701.768,13.766,-40.783,2702.443,4,"Muna_328",17.926,-46.901,0,0,,,,,104,2
92,7,1,4,0,0,0,0,0,0,0,255,255,255,47,2745.491,"mungjungh",R,13,68,109,0.056,-1.468,0.944,1.446,0.671,1.275,-36.513,58.11,0,100,0,4,0,-363.547,339.702,11.004,0,0,1,7,6,R,"Ѕeyeon",171.9,85,0.4,0,79,W,Y,0,0,0,0,0,0,0,0,0,0,0,0,0,0,0,0,0.334,-37.023,0,"HANA_ARASHI",-0.094,-17.927,0,"Yes_Man_",-21.087,-46.811,0,"ByeolBam",-13.23,-64.591,0,"Yaksok~",19.731,-49.072,0,"muyang_",14.298,-64.534,0,"_앰프_",37.221,-86.788,0,"k@ster",0.414,-115.241,0,"ddil_ddil69",-42.923,-92.931,0,0,0,0,0,0,"",0,0,0,0,2746.26,,,,0,0
93,7,1,4,0,0,1,0,0,0,0,255,255,255,48,2757.712,"mungjungh",R,26,78,128,2.04,0.35,0.932,1.535,0.612,1.594,-36.513,48.205,5,95,0,4,0,165.038,-200,12.751,0.153,-18.551,1,7,6,R,"Ѕeyeon",171.9,85,0.4,0,79,W,Y,0,0,0,0,0,0,0,0,0,0,0,0,0,0,0,0,0.324,-37.034,0,"HANA_ARASHI",0.062,-18.438,0,"Yes_Man_",-21.016,-46.872,0,"ByeolBam",-13.723,-64.497,0,"Yaksok~",19.139,-48.092,0,"muyang_",14.097,-64.637,0,"_앰프_",37.157,-86.471,0,"k@ster",-0.337,-114.983,0,"ddil_ddil69",-43.153,-92.866,0,0,0,0,0,0,"",0,0,0,0,2759.935,,,,0,0
94,7,1,4,0,0,2,0,0,0,0,255,255,255,49,2771.362,"mungjungh",R,3,57,104,-1,-0.623,0.853,1.445,0.246,1.273,-36.513,69.93,0,100,0,0,0,-358.469,0,-2.56,0,0,0,7,6,R,"Ѕeyeon",171.9,85,0.4,0,79,W,Y,0,0,0,0,0,0,0,0,0,0,0,0,0,0,0,0,0.087,-37.252,0,"HANA_ARASHI",-0.014,-17.922,0,"Yes_Man_",-20.785,-45.728,0,"ByeolBam",-13.662,-64.276,0,"Yaksok~",19.242,-47.989,0,"muyang_",14.339,-65.713,0,"_앰프_",37.112,-86.444,0,"k@ster",-0.323,-115.023,0,"ddil_ddil69",-42.796,-93.104,0,0,0,0,0,0,"",0,0,0,0,2772.193,,,,0,0
95,7,1,4,0,0,0,1,0,0,0,255,255,255,50,2791.781,"mungjungh",R,3,83,124,-0.296,-0.032,0.898,1.536,0.458,1.604,-36.513,47.351,0,100,0,0,0,-395.946,12.786,27.223,0,0,0,8,9,R,"Gonyong",190,85,0.2,0,42,W,Y,0,0,0,0,0,0,0,0,0,0,0,0,0,0,0,0,0.137,-37.505,0,"HANA_ARASHI",-0.018,-17.93,0,"Yes_Man_",-20.846,-47.32,0,"ByeolBam",-13.912,-64.003,0,"Yaksok~",18.577,-48.612,0,"muyang_",15.222,-66.088,0,"_앰프_",37.159,-86.465,0,"k@ster",-0.061,-118.607,0,"ddil_ddil69",-42.909,-92.98,0,0,0,0,0,0,"",0,0,0,0,2792.635,,,,0,0
96,7,1,4,0,0,1,1,0,0,0,255,255,255,51,2805.906,"mungjungh",R,13,77,115,-2.114,-1.247,0.739,1.225,-0.282,1.244,-36.513,39.836,3,97,0,2,0,-378.642,326.543,27.432,0,0,0,8,9,R,"Gonyong",190,85,0.2,3,42,W,Y,2807.029,220,144,167,98,21,145,97,-7.829,35.136,0.95,0.048,0.333,-253.081,462.466,-145.179,0.159,-37.144,0,"HANA_ARASHI",-0.005,-17.39,0,"Yes_Man_",-20.86,-47.273,74,"ByeolBam",-13.923,-63.864,0,"Yaksok~",18.262,-48.681,0,"muyang_",14.592,-64.668,0,"_앰프_",37.169,-86.531,0,"k@ster",-0.073,-118.627,0,"ddil_ddil69",-42.608,-93.241,0,2806.51,-2.736,-24.267,2807.943,2,"Yes_Man_",-16.819,-44.145,0,0,,,,,8,2
97,7,1,4,0,0,0,2,0,0,0,255,255,255,52,2842.97,"mungjungh",R,32,79,129,1.034,-0.383,0.912,1.433,0.057,1.226,-36.513,54.144,5,95,0,0,0,250,-154.858,29.623,0,0,0,0,5,R,"Rite_",170.3,80,0.455,0,79,W,Y,0,0,0,0,0,0,0,0,0,0,0,0,0,0,0,0,0.264,-37.019,0,"HANA_ARASHI",-0.074,-17.417,0,"Yes_Man_",-19.855,-46.43,0,"ByeolBam",-13.489,-64.289,0,"Yaksok~",18.489,-48.055,0,"muyang_",13.222,-64.742,0,"_앰프_",34.633,-85.167,0,"k@ster",-0.228,-114.8,0,"ddil_ddil69",-42.037,-92.777,0,0,0,0,0,0,"",0,0,0,0,2843.576,,,,0,0
98,7,1,4,0,0,1,2,0,0,0,255,255,255,53,2857.693,"mungjungh",R,13,78,115,-0.428,-1.111,1.001,1.485,0.469,1.413,-36.513,64.292,0,100,0,4,0,-390.434,312.348,32.541,-0.763,-20.267,1,0,5,R,"Rite_",170.3,80,0.455,0,79,W,Y,0,0,0,0,0,0,0,0,0,0,0,0,0,0,0,0,0.226,-37.447,0,"HANA_ARASHI",-0.359,-18.5,0,"Yes_Man_",-19.818,-46.493,0,"ByeolBam",-14.177,-63.189,0,"Yaksok~",18.495,-47.882,0,"muyang_",13.737,-65.499,0,"_앰프_",33.253,-87.13,0,"k@ster",-0.211,-114.787,0,"ddil_ddil69",-42.207,-92.645,0,0,0,0,0,0,"",0,0,0,0,,,,,0,0
99,7,1,4,0,0,2,2,0,0,0,255,255,255,54,2873.748,"mungjungh",R,26,84,136,0.283,1.597,0.783,1.534,-0.081,2.314,-36.513,36.15,1,99,0,1,0,131.291,-200,25.033,0,0,0,0,5,R,"Rite_",170.3,80,0.455,0,79,W,Y,0,0,0,0,0,0,0,0,0,0,0,0,0,0,0,0,0.184,-37.745,0,"HANA_ARASHI",-0.142,-17.068,0,"Yes_Man_",-19.839,-46.432,0,"ByeolBam",-14.094,-63.294,0,"Yaksok~",19.274,-47.701,0,"muyang_",13.89,-65.307,0,"_앰프_",34.005,-89.005,0,"k@ster",-0.245,-114.839,0,"ddil_ddil69",-41.961,-92.753,0,0,0,0,0,0,"",0,0,0,0,2874.443,,,,0,0
100,7,1,4,0,1,2,2,0,0,0,255,255,255,55,2911.567,"mungjungh",R,26,89,140,0.111,1.493,0.778,1.532,-0.103,2.306,-36.513,29.075,7,93,0,1,0,95.032,-152.74,20.787,0,0,0,0,5,R,"Rite_",170.3,80,0.455,0,79,W,Y,0,0,0,0,0,0,0,0,0,0,0,0,0,0,0,0,0.343,-37.482,0,"HANA_ARASHI",-0.087,-17.36,0,"Yes_Man_",-20.186,-48.093,0,"ByeolBam",-14.333,-64.24,0,"Yaksok~",19.456,-49.458,0,"muyang_",14.287,-65.002,0,"_앰프_",32.878,-88.743,0,"k@ster",-0.428,-114.83,0,"ddil_ddil69",-42.72,-92.975,0,0,0,0,0,0,"",0,0,0,0,2912.501,,,,0,0
101,7,1,4,0,2,2,2,0,0,0,255,255,255,56,2922.246,"mungjungh",R,13,86,125,-0.274,-0.978,0.891,1.295,0.421,1.452,-36.513,33.004,3,97,0,0,0,-373.812,332.061,38.322,0,0,1,0,5,R,"Rite_",170.3,80,0.455,0,79,W,Y,0,0,0,0,0,0,0,0,0,0,0,0,0,0,0,0,0.087,-37.822,0,"HANA_ARASHI",-0.131,-17.109,0,"Yes_Man_",-19.929,-46.896,0,"ByeolBam",-13.988,-64.198,0,"Yaksok~",17.072,-47.899,0,"muyang_",13.041,-65.316,0,"_앰프_",33.205,-87.505,0,"k@ster",-0.2,-114.764,0,"ddil_ddil69",-42.642,-92.949,0,0,0,0,0,0,"",0,0,0,0,2923.209,,,,0,0
102,7,0,4,0,0,0,0,0,0,0,255,255,255,44,3066.518,"하루（Haru）",R,27,81,132,0.088,1.199,0.291,1.935,-0.055,2.251,-36.491,44.426,92,8,0,2,0,58.148,-114.351,6.608,0,0,0,0,9,L,"Kr_Luna",190,95.256,0.499,3,79,W,Y,3067.348,154,112,158,75,35,145,130,30.421,-2.448,0.61,0,0.127,253.426,-2.649,-1.048,-0.262,-36.98,0,"Penguin_iDOL",-0.002,-17.052,0,"Floră",-14.081,-44.468,0,"Ainy4／あいにゃ",-12.453,-64.321,0,"Muna_328",25.303,-50.847,0,"Rite_",14.773,-61.07,86,"Ѕeyeon",48.304,-94.61,0,"うよすま",8.903,-122.747,0,"_Gosomi",-35.67,-113.388,0,0,0,0,3072.518,7,"うよすま",5.032,-133.736,0,0,,,,,5,1
103,7,0,4,0,0,0,1,0,0,0,255,255,255,45,3118.232,"하루（Haru）",R,0,69,122,0.921,1.466,0.387,1.932,0.389,2.353,-36.491,49.766,88,12,0,1,0,0,0,3.346,0,0,0,1,7,R,"k@ster",160,80,0.646,0,87,W,Y,0,0,0,0,0,0,0,0,0,0,0,0,0,0,0,0,-0.345,-37.625,0,"Penguin_iDOL",0.061,-16.879,0,"Floră",-19.993,-46.317,0,"Ainy4／あいにゃ",-15.338,-62.09,0,"Muna_328",20.179,-49.2,0,"Rite_",13.887,-58.006,0,"Ѕeyeon",35.588,-91.114,0,"うよすま",-1.036,-108.134,0,"_Gosomi",-44.987,-91.793,0,0,0,0,0,0,"",0,0,0,0,3118.793,,,,0,0
104,7,0,4,0,1,0,1,0,0,0,255,255,255,46,3135.311,"하루（Haru）",R,3,64,110,-0.25,0.473,0.407,1.801,0.483,1.85,-36.491,53.546,81,19,0,2,0,-331.514,0,6.807,0,0,1,1,7,R,"k@ster",160,80,0.646,3,87,W,Y,3136.268,172,110,46,47,29,132,113,-30,-12.895,0.74,0,0.378,-393.947,173.355,-276.972,-0.16,-35.785,0,"Penguin_iDOL",0.084,-16.883,0,"Floră",-19.752,-44.339,87,"Ainy4／あいにゃ",-13.916,-62.432,0,"Muna_328",18.493,-50.237,0,"Rite_",11.342,-60.883,103,"Ѕeyeon",35.766,-90.522,0,"うよすま",-3.396,-107.594,0,"_Gosomi",-43.766,-91.898,0,3135.635,0.327,-22.17,3137.709,5,"Rite_",8.016,-56.154,0,0,,,,,9,2
105,7,0,4,0,0,0,2,0,0,0,255,255,255,47,3161.572,"하루（Haru）",R,4,57,107,-0.033,0.022,0.391,1.744,0.406,1.632,-36.491,46.67,0,94,6,0,0,-224.909,0,7.585,0,0,0,2,1,R,"HANA_ARASHI",190,90,0.25,0,79,W,Y,0,0,0,0,0,0,0,0,0,0,0,0,0,0,0,0,-0.058,-37.168,0,"Penguin_iDOL",0.149,-17.103,0,"Floră",-19.685,-45.632,0,"Ainy4／あいにゃ",-14.766,-62.704,0,"Muna_328",24.059,-52.344,0,"Rite_",13.529,-63.456,0,"Ѕeyeon",42.622,-99.936,0,"うよすま",-5.381,-119.886,0,"_Gosomi",-50.811,-109.326,0,0,0,0,0,0,"",0,0,0,0,3162.418,,,,0,0
106,7,0,4,0,0,1,2,0,0,0,255,255,255,48,3182.256,"하루（Haru）",R,0,73,125,-0.533,-1.271,0.252,1.488,-0.24,0.804,-36.491,25.02,39,61,0,2,0,0,0,8.497,0,0,1,2,1,R,"HANA_ARASHI",190,90,0.25,3,79,W,Y,3183.329,255,49,138,45,0,145,95,-30,57.078,0.96,0,0.538,22.645,-262.939,32.208,-0.27,-36.956,0,"Penguin_iDOL",-0.057,-17.196,0,"Floră",-19.772,-46.154,0,"Ainy4／あいにゃ",-15.049,-62.539,0,"Muna_328",24.077,-52.298,0,"Rite_",13.796,-62.465,0,"Ѕeyeon",42.634,-99.939,0,"うよすま",-5.709,-119.817,0,"_Gosomi",-52.387,-108.466,0,3182.685,-1.296,-20.197,0,0,"",0,0,0,0,,,,,0,3
107,7,0,4,0,0,2,2,0,0,0,255,255,255,49,3204.422,"하루（Haru）",R,0,65,118,2.406,0.875,0.527,1.904,1.039,2.152,-36.491,61.108,76,24,0,2,0,-4.291,0,7.978,0,0,1,2,1,R,"HANA_ARASHI",190,90,0.25,3,79,W,Y,3205.53,157,97,85,73,31,145,91,91.437,-82.701,-0.78,0,0.673,77.787,41.511,6.293,-0.129,-37.052,0,"Penguin_iDOL",0.144,-17.055,102,"Floră",-19.85,-45.962,0,"Ainy4／あいにゃ",-15.859,-62.803,0,"Muna_328",24.042,-52.804,0,"Rite_",12.896,-63.228,0,"Ѕeyeon",42.72,-100.383,0,"うよすま",-4.886,-120.663,0,"_Gosomi",-57.04,-102.837,0,0,0,0,3211.526,1,"Penguin_iDOL",-19.567,-16.008,0,4,3211.526,,,,2,2
108,7,0,4,0,0,2,2,0,0,0,255,255,255,50,3236.086,"하루（Haru）",R,3,57,103,-3.69,-0.047,0.126,1.732,-0.825,1.596,-36.491,25.324,0,100,0,4,0,-394.939,0,18.581,0,0,1,2,1,R,"HANA_ARASHI",190,90,0.25,0,44,W,Y,0,0,0,0,0,0,0,0,0,0,0,0,0,0,0,0,-0.261,-37.892,0,"Penguin_iDOL",-0.586,-16.794,0,"Floră",-20.219,-45.423,0,"Ainy4／あいにゃ",-16.182,-62.365,0,"Muna_328",22.892,-52.565,0,"Rite_",11.534,-62.601,0,"Ѕeyeon",42.722,-100.385,0,"うよすま",-6.006,-121.09,0,"_Gosomi",-56.146,-101.384,0,0,0,0,0,0,"",0,0,0,0,3236.91,,,,0,0
109,8,1,4,0,0,0,0,0,0,0,255,255,255,57,3277.292,"mungjungh",R,13,63,93,0.195,0.159,1.21,1.887,0.755,2.278,-36.513,46.768,60,40,0,2,0,-309.352,340.76,0,0,0,1,1,1,R,"Penguin_iDOL",190,80,0.404,3,79,W,Y,3278.576,255,154,70,136,54,144,119,25.277,-34.182,0.77,0,0.466,-152.693,567.055,56.339,0.95,-37.305,0,"HANA_ARASHI",-0.088,-17.371,0,"Yes_Man_",-21.07,-46.948,0,"ByeolBam",-13.531,-64.447,77,"Yaksok~",18.053,-47.304,0,"muyang_",14.337,-64.424,0,"_앰프_",38.084,-86.184,101,"k@ster",0.112,-116.498,0,"ddil_ddil69",-43.084,-91.876,0,3282.51,45.886,-114.023,3285.018,6,"_앰프_",45.821,-113.097,1,0,,3288.969,,,48,2
110,8,1,4,0,0,0,0,0,1,0,255,1,255,58,3310.512,"mungjungh",R,32,84,136,1.165,0.458,0.843,1.361,0.198,1.689,-36.513,52.303,7,93,0,0,0,203.513,-200,16.355,0,0,0,2,7,R,"うよすま",174.8,85,0.568,0,79,W,Y,0,0,0,0,0,0,0,0,0,0,0,0,0,0,0,0,-0.281,-37.227,0,"HANA_ARASHI",-0.075,-17.397,0,"Yes_Man_",-20.506,-46.014,0,"ByeolBam",-12.668,-61.549,0,"Yaksok~",16.376,-46.392,0,"muyang_",10.904,-63.372,0,"_앰프_",33.086,-92.835,0,"k@ster",-2.455,-116.381,0,"ddil_ddil69",-43.059,-93.782,0,0,0,0,0,0,"",0,0,0,0,3311.101,3313.304,,,0,0
111,8,1,4,0,0,1,0,0,1,0,255,1,255,59,3324.434,"mungjungh",R,3,80,117,0.746,-0.066,1.045,1.331,1.138,1.581,-36.513,50.823,0,100,0,0,0,-500,0,26.275,0,0,0,2,7,R,"うよすま",174.8,85,0.568,0,79,W,Y,0,0,0,0,0,0,0,0,0,0,0,0,0,0,0,0,0.591,-37.012,0,"HANA_ARASHI",-0.081,-17.42,0,"Yes_Man_",-20.447,-45.936,0,"ByeolBam",-12.868,-62.739,0,"Yaksok~",17.251,-45.761,0,"muyang_",11.256,-60.625,0,"_앰프_",37.503,-92.958,0,"k@ster",-2.46,-116.377,0,"ddil_ddil69",-43.048,-93.751,0,0,0,0,0,0,"",0,0,0,0,3325.084,3327.161,,,0,0
112,8,1,4,0,0,2,0,0,1,0,255,1,255,60,3340.122,"mungjungh",R,3,70,99,-2.168,-1.248,0.784,1.239,-0.048,0.921,-36.513,31.19,0,100,0,2,0,-435.167,0,0,0,0,1,2,7,R,"うよすま",174.8,85,0.568,3,79,W,Y,3341.266,216,183,88,125,89,145,113,-30,43.232,0.87,0,0.436,106.289,-117.598,11.043,0.378,-37.108,0,"HANA_ARASHI",-0.075,-17.436,0,"Yes_Man_",-20.405,-45.985,91,"ByeolBam",-14.018,-62.943,88,"Yaksok~",16.98,-46.05,106,"muyang_",11.415,-58.112,0,"_앰프_",37.591,-93.085,0,"k@ster",-2.451,-116.443,0,"ddil_ddil69",-43.055,-93.742,0,3340.584,-1.169,-21.032,3342.01,2,"Yes_Man_",-20.071,-41.173,0,0,,3345.043,3358.468,,296,2
113,8,1,4,0,0,0,1,0,0,1,255,255,1,61,3380.674,"mungjungh",R,10,60,93,0.847,0.091,0.91,1.853,0.342,2.306,-36.513,50.339,57,43,0,0,0,0,386.458,0,0,0,0,3,2,R,"Floră",190,84.538,0.401,0,78,W,Y,0,0,0,0,0,0,0,0,0,0,0,0,0,0,0,0,0.217,-37.333,0,"HANA_ARASHI",-0.097,-17.109,0,"Yes_Man_",-20.146,-45.78,0,"ByeolBam",-14.067,-63.739,0,"Yaksok~",17.392,-44.466,0,"muyang_",13.839,-63.991,0,"_앰프_",41.607,-96.216,0,"k@ster",-0.191,-120.125,0,"ddil_ddil69",-42.808,-93.521,0,0,0,0,0,0,"",0,0,0,0,3381.768,,3383.608,,0,0
114,8,1,4,0,0,1,1,0,0,1,255,255,1,62,3414.14,"mungjungh",R,3,82,120,-2.882,-0.547,0.689,1.236,-0.514,1.279,-36.513,24.927,0,100,0,4,0,-465.937,0,22.232,0,0,1,3,2,R,"Floră",190,84.538,0.401,0,78,W,Y,0,0,0,0,0,0,0,0,0,0,0,0,0,0,0,0,0.22,-37.47,0,"HANA_ARASHI",-0.116,-17.586,0,"Yes_Man_",-20.666,-44.777,0,"ByeolBam",-13.395,-61.619,0,"Yaksok~",18.478,-44.548,0,"muyang_",13.992,-64.983,0,"_앰프_",41.46,-95.871,0,"k@ster",-0.196,-119.997,0,"ddil_ddil69",-42.833,-93.437,0,0,0,0,0,0,"",0,0,0,0,3414.901,,3417.174,,0,0
115,8,1,4,0,0,2,1,0,0,1,255,255,1,63,3429.29,"mungjungh",R,3,82,120,0.429,-0.478,0.981,1.46,0.976,1.314,-36.513,75.807,0,100,0,2,0,-500,0,8.358,0,0,1,3,2,R,"Floră",190,84.538,0.401,3,78,W,Y,3430.649,165,154,119,134,94,145,127,90.768,-86.89,0.71,0,0.495,221.728,-144.449,134.358,0.714,-36.889,0,"HANA_ARASHI",0.168,-17.235,0,"Yes_Man_",-19.981,-45.573,0,"ByeolBam",-13.427,-61.673,0,"Yaksok~",17.278,-46.311,0,"muyang_",13.829,-64.983,0,"_앰프_",41.425,-95.852,0,"k@ster",-0.197,-120.061,0,"ddil_ddil69",-42.82,-93.524,0,0,0,0,0,0,"",0,0,0,0,,,3434.201,,0,3
116,8,1,4,0,0,2,1,0,0,1,255,255,1,64,3446.951,"mungjungh",R,26,80,130,1.29,1.002,0.859,1.478,0.276,2.064,-36.513,41.506,6,94,0,2,0,177.136,-200,21.608,0,0,1,3,2,R,"Floră",190,84.538,0.401,3,78,W,Y,3448.071,153,123,91,103,0,145,91,94.368,84.973,-0.8,0,0.475,121.754,-270.267,58.754,0.777,-36.973,0,"HANA_ARASHI",-0.082,-17.558,0,"Yes_Man_",-19.401,-46.375,0,"ByeolBam",-13.63,-62.327,0,"Yaksok~",17.416,-46.191,0,"muyang_",13.806,-64.537,0,"_앰프_",40.989,-97.554,0,"k@ster",0.235,-120.101,0,"ddil_ddil69",-44.036,-91.954,0,0,0,0,0,0,"",0,0,0,0,,,3449.904,,0,3
117,8,1,4,0,0,2,1,0,0,1,255,255,1,65,3464.799,"mungjungh",R,26,79,116,-0.822,2.194,0.621,1.876,-0.554,2.787,-36.513,32.1,69,31,0,2,0,105.125,-200,44.762,0,0,1,3,2,R,"Floră",190,84.538,0.401,3,78,W,Y,3465.85,185,166,108,85,50,145,130,32.486,-9.249,0.41,0,0.451,522.313,-92.036,192.572,0.624,-36.892,0,"HANA_ARASHI",-0.142,-17.478,0,"Yes_Man_",-20.582,-46.965,0,"ByeolBam",-13.682,-61.297,0,"Yaksok~",17.053,-46.302,0,"muyang_",13.868,-64.6,0,"_앰프_",40.377,-98.393,0,"k@ster",-2.086,-120.329,0,"ddil_ddil69",-43.611,-92.748,0,3471.518,21.187,-139.373,0,0,"",0,0,1,0,,3476.884,3482.106,3474.988,0,4
118,8,1,6,0,0,0,1,0,0,0,255,255,255,66,3507.008,"mungjungh",R,1,60,101,1.995,-0.056,0.828,1.351,0.53,1.667,-36.513,65.687,0,100,0,2,0,-4.351,-2.346,-0.081,0,0,1,4,3,L,"Ainy4／あいにゃ",189.3,85,0.512,3,78,W,Y,3508.223,236,120,57,103,13,137,95,11.348,-32.297,0.94,0,0.513,136.729,-575.919,-98.097,0.565,-36.68,0,"HANA_ARASHI",-0.094,-17.503,0,"Yes_Man_",-20.342,-45.893,0,"ByeolBam",-11.867,-64.271,0,"Yaksok~",19.065,-49.618,0,"muyang_",14.117,-64.628,0,"_앰프_",41.619,-98.503,0,"k@ster",0.411,-122.864,0,"ddil_ddil69",-43.473,-91.683,0,0,0,0,3509.701,4,"Yaksok~",22.158,-50.913,0,0,,,,,264,1
119,8,1,6,0,0,0,2,0,0,0,255,255,255,67,3534.1,"mungjungh",R,14,46,93,1.198,-0.82,0.736,1.552,-0.298,1.655,-36.513,34.362,0,100,0,0,0,330.095,312.348,-38.124,0,0,0,5,4,R,"Muna_328",190,89.724,0.4,0,78,W,Y,0,0,0,0,0,0,0,0,0,0,0,0,0,0,0,0,0.295,-37.359,0,"HANA_ARASHI",0.02,-17.66,0,"Yes_Man_",-19.982,-45.83,0,"ByeolBam",-13.163,-64.441,0,"Yaksok~",19.357,-50.802,0,"muyang_",12.927,-65.056,0,"_앰프_",36.681,-90.596,0,"k@ster",0.125,-121.197,0,"ddil_ddil69",-42.953,-92.407,0,0,0,0,0,0,"",0,0,0,0,3535.018,,,,0,0
120,8,1,6,0,0,1,2,0,0,0,255,255,255,68,3545.694,"mungjungh",R,1,62,116,0.893,-0.604,0.818,1.64,0.086,1.94,-36.513,33.459,30,70,0,0,0,-1.676,-4.159,-37.467,0,0,0,5,4,R,"Muna_328",190,89.724,0.4,0,78,W,Y,0,0,0,0,0,0,0,0,0,0,0,0,0,0,0,0,0.39,-37.13,0,"HANA_ARASHI",-0.061,-17.609,0,"Yes_Man_",-20.049,-45.633,0,"ByeolBam",-13.145,-64.429,0,"Yaksok~",19.507,-50.809,0,"muyang_",13.718,-64.515,0,"_앰프_",36.677,-90.542,0,"k@ster",0.129,-121.18,0,"ddil_ddil69",-42.865,-92.433,0,0,0,0,0,0,"",0,0,0,0,3546.443,,,,0,0
121,8,1,6,0,0,2,2,0,0,0,255,255,255,69,3558.374,"mungjungh",R,9,51,96,1.581,1.157,0.771,1.652,-0.133,1.98,-36.513,33.53,37,63,0,2,0,340.743,-312.348,34.626,0,0,1,5,4,R,"Muna_328",190,89.724,0.4,3,78,W,Y,3559.588,255,125,109,102,13,145,90,28.338,-3.272,-0.85,0,0.801,320.773,-433.83,113.799,0.6,-36.721,0,"HANA_ARASHI",-0.061,-17.698,0,"Yes_Man_",-20.113,-45.57,0,"ByeolBam",-13.152,-64.439,86,"Yaksok~",19.489,-50.798,0,"muyang_",14.257,-64.613,0,"_앰프_",36.692,-90.587,0,"k@ster",0.146,-121.188,0,"ddil_ddil69",-42.995,-92.404,0,3563.743,11.124,-94.552,3564.76,7,"k@ster",12.75,-101.194,1,0,,,,,34,2
122,8,1,6,0,0,0,2,1,0,0,4,255,255,70,3588.343,"mungjungh",R,6,54,99,2.167,0.191,0.795,1.577,-0.025,1.742,-36.513,37.778,0,100,0,2,0,450,0,-14.238,0,0,1,6,8,R,"_Gosomi",178.3,86,0.31,3,78,W,Y,3589.537,238,145,55,75,105,137,127,25.155,-45.227,0.63,0,0.507,-138.669,568.889,1.096,0.671,-36.678,0,"HANA_ARASHI",-0.051,-17.437,0,"Yes_Man_",-19.219,-41.36,0,"ByeolBam",-10.394,-61.016,0,"Yaksok~",17.329,-47.718,98,"muyang_",9.232,-60.683,0,"_앰프_",35.456,-94.326,110,"k@ster",0.049,-111.978,0,"ddil_ddil69",-42.995,-93.538,0,3593.493,62.133,-103.22,3594.91,6,"_앰프_",55.928,-102.316,1,0,,3591.08,3596.215,,272,2
123,8,1,6,0,0,0,2,1,0,1,8,255,4,71,3616.336,"mungjungh",R,26,59,114,-2.036,-0.557,0.534,1.387,-1.236,1.066,-36.513,23.298,0,100,0,1,0,192.128,-200,44.982,0,0,0,7,6,R,"Ѕeyeon",171.9,85,0.4,0,78,W,Y,0,0,0,0,0,0,0,0,0,0,0,0,0,0,0,0,0.277,-37.03,0,"HANA_ARASHI",-0.549,-18.126,0,"Yes_Man_",-21.837,-46.525,0,"ByeolBam",-13.701,-63.804,0,"Yaksok~",18.279,-47.606,0,"muyang_",13.479,-64.686,0,"_앰프_",40.44,-89.037,0,"k@ster",-0.325,-111.994,0,"ddil_ddil69",-44.436,-91.283,0,0,0,0,0,0,"",0,0,0,0,3617.135,,3618.905,,0,0
124,8,1,6,0,1,0,2,1,0,1,8,255,4,72,3629.562,"mungjungh",R,26,95,140,0.704,0.457,0.808,1.558,0.036,1.677,-36.513,34.918,10,90,0,2,0,183.398,-198.738,21.101,0,0,1,7,6,R,"Ѕeyeon",171.9,85,0.4,3,78,W,Y,3630.525,193,84,85,89,41,145,87,59.552,-22.662,-0.65,0,0.575,446.881,-117.411,150.119,0.537,-36.841,0,"HANA_ARASHI",-0.114,-17.481,0,"Yes_Man_",-21.36,-46.624,0,"ByeolBam",-13.491,-64.037,0,"Yaksok~",18.732,-47.834,0,"muyang_",12.292,-61.953,0,"_앰프_",39.638,-92.762,0,"k@ster",-0.334,-112.002,0,"ddil_ddil69",-44.25,-91.538,0,3635.935,20.276,-64.309,3636.251,5,"muyang_",19.829,-63.376,0,0,,3636.539,,3634.987,128,1
125,8,0,6,0,0,0,0,0,0,0,255,255,255,51,3674.724,"하루（Haru）",R,10,17,69,1.012,0.366,0.441,2.024,0.428,2.277,-36.491,60.521,100,0,0,0,0,0,399.974,-66.581,0,0,0,3,2,R,"Yes_Man_",180.1,84.868,0.349,0,78,W,Y,0,0,0,0,0,0,0,0,0,0,0,0,0,0,0,0,0.041,-37.336,0,"Penguin_iDOL",0.02,-17.007,0,"Floră",-20.22,-46.163,0,"Ainy4／あいにゃ",-15.901,-62.457,0,"Muna_328",21.719,-51.043,0,"Rite_",13.404,-61.76,0,"Ѕeyeon",41.966,-99.92,0,"うよすま",-2.345,-116.857,0,"_Gosomi",-38.017,-89.373,0,0,0,0,0,0,"",0,0,0,0,3676.001,,,,0,0
126,8,0,6,0,0,1,0,0,0,0,255,255,255,52,3691.453,"하루（Haru）",R,0,13,72,0.829,0.939,0.363,2.033,0.35,2.185,-36.491,74.406,100,0,0,0,0,0,0,-49.995,0,0,0,3,2,R,"Yes_Man_",180.1,84.868,0.349,0,78,W,Y,0,0,0,0,0,0,0,0,0,0,0,0,0,0,0,0,-0.379,-37.071,0,"Penguin_iDOL",0.018,-17.075,0,"Floră",-19.827,-46.041,0,"Ainy4／あいにゃ",-15.934,-62.397,0,"Muna_328",21.749,-50.914,0,"Rite_",12.471,-61.719,0,"Ѕeyeon",42.251,-99.683,0,"うよすま",-2.909,-117.065,0,"_Gosomi",-38.489,-93.641,0,0,0,0,0,0,"",0,0,0,0,3692.635,,,,0,0
127,8,0,6,0,0,2,0,0,0,0,255,255,255,53,3707.202,"하루（Haru）",R,0,27,89,2.315,-1.343,0.412,1.679,1.039,0.66,-36.491,61.001,49,51,0,2,0,0,0,-58.109,0,0,1,3,2,R,"Yes_Man_",180.1,84.868,0.349,3,78,W,Y,3708.546,176,67,54,60,61,136,86,-29.697,-22.522,-0.61,0,0.46,-501.823,-19.677,328.309,-0.19,-36.875,0,"Penguin_iDOL",0.053,-17.092,0,"Floră",-19.713,-45.935,86,"Ainy4／あいにゃ",-15.722,-62.414,0,"Muna_328",21.759,-50.99,0,"Rite_",12.503,-61.602,0,"Ѕeyeon",42.262,-99.688,0,"うよすま",-4.306,-116.142,0,"_Gosomi",-41.876,-97.135,0,3707.818,0.648,-20.643,3710.426,5,"Rite_",8.157,-54.706,0,0,,,,,9,2
128,8,0,6,0,0,0,1,0,0,0,255,255,255,54,3734.335,"하루（Haru）",R,27,82,133,-0.324,0.486,0.253,1.775,-0.235,1.741,-36.491,40.273,92,8,0,0,0,59.204,-129.012,6.244,0,0,0,4,6,R,"_앰프_",172,80,0.405,0,78,W,Y,0,0,0,0,0,0,0,0,0,0,0,0,0,0,0,0,-0.068,-37.316,0,"Penguin_iDOL",-0.1,-17.037,0,"Floră",-19.603,-45.758,0,"Ainy4／あいにゃ",-15.188,-61.653,0,"Muna_328",22.08,-51.24,0,"Rite_",11.174,-61.21,0,"Ѕeyeon",38.075,-93.686,0,"うよすま",-4.754,-103.88,0,"_Gosomi",-41.391,-88.211,0,0,0,0,0,0,"",0,0,0,0,3735.101,,,,0,0
129,8,0,6,0,0,1,1,0,0,0,255,255,255,55,3749.815,"하루（Haru）",R,3,64,110,-0.916,0.698,0.338,1.848,0.161,2.002,-36.491,64.316,85,15,0,2,0,-313.352,0,8.203,0,0,1,4,6,R,"_앰프_",172,80,0.405,3,78,W,Y,3751.002,218,81,88,60,39,145,109,27.387,5.26,0.82,0,0.172,37.636,-234.176,59.988,-0.443,-37.076,0,"Penguin_iDOL",-0.028,-17.12,0,"Floră",-19.553,-45.767,0,"Ainy4／あいにゃ",-14.833,-61.666,0,"Muna_328",22.036,-51.133,0,"Rite_",10.978,-61.046,0,"Ѕeyeon",38.08,-93.692,0,"うよすま",-4.638,-107.05,0,"_Gosomi",-42.057,-91.992,0,3755.093,-3.931,-112.356,3755.251,7,"うよすま",-3.98,-109.11,0,0,,,,,4,1
130,8,0,6,0,0,0,2,0,0,0,255,255,255,56,3776.879,"하루（Haru）",R,27,87,140,-0.644,0.624,0.219,1.798,-0.393,1.821,-36.491,40.549,91,9,0,0,0,77.08,-148.697,4.493,0,0,1,5,3,R,"ByeolBam",175.3,90,0.4,0,78,W,Y,0,0,0,0,0,0,0,0,0,0,0,0,0,0,0,0,0.333,-36.967,0,"Penguin_iDOL",-0.056,-16.914,0,"Floră",-11.256,-38.379,0,"Ainy4／あいにゃ",-14.373,-62.974,0,"Muna_328",21.688,-49.669,0,"Rite_",11.928,-59.061,0,"Ѕeyeon",39.462,-95.749,0,"うよすま",-3.868,-114.393,0,"_Gosomi",-39.675,-97.229,0,0,0,0,0,0,"",0,0,0,0,3777.451,,,,0,0
131,8,0,6,0,0,1,2,0,0,0,255,255,255,57,3792.926,"하루（Haru）",R,3,88,128,-4.163,-0.407,0.047,1.666,-1.193,1.359,-36.491,18.403,38,62,0,4,0,-415.086,0,16.099,0,0,1,5,3,R,"ByeolBam",175.3,90,0.4,0,78,W,Y,0,0,0,0,0,0,0,0,0,0,0,0,0,0,0,0,0.16,-37.459,0,"Penguin_iDOL",-0.595,-16.906,0,"Floră",-10.928,-38.28,0,"Ainy4／あいにゃ",-14.171,-63.006,0,"Muna_328",21.653,-49.687,0,"Rite_",12.01,-59.312,0,"Ѕeyeon",39.476,-95.795,0,"うよすま",-4.376,-114.058,0,"_Gosomi",-39.464,-97.458,0,0,0,0,0,0,"",0,0,0,0,3793.551,,,,0,0
132,8,0,6,0,0,2,2,0,0,0,255,255,255,58,3810.103,"하루（Haru）",R,3,73,114,-0.496,1.12,0.405,1.92,0.473,2.25,-36.491,58.443,81,19,0,2,0,-403.73,0,7.176,0,0,1,5,3,R,"ByeolBam",175.3,90,0.4,3,70,W,Y,3811.096,255,99,132,59,41,145,127,19.081,31.166,0.63,0,0.177,201.691,-178.569,43.331,-0.173,-37.546,0,"Penguin_iDOL",-0.077,-17.03,0,"Floră",-11.111,-38.607,0,"Ainy4／あいにゃ",-13.409,-63.328,85,"Muna_328",21.699,-49.668,0,"Rite_",12.05,-59.445,0,"Ѕeyeon",39.489,-95.815,0,"うよすま",-4.758,-115.467,0,"_Gosomi",-45.186,-99.252,83,0,0,0,3817.91,8,"_Gosomi",-41.555,-114.046,1,0,,3821.015,,,80,2
133,8,0,6,0,0,0,2,0,1,0,255,13,255,59,3849.947,"하루（Haru）",R,0,84,136,-0.274,-0.592,0.276,1.637,-0.128,1.254,-36.491,36.536,42,58,0,0,0,0,0,4.767,0,0,0,6,8,R,"ddil_ddil69",174.8,90.2,0.397,0,77,W,Y,0,0,0,0,0,0,0,0,0,0,0,0,0,0,0,0,-0.235,-37.35,0,"Penguin_iDOL",0.031,-16.787,0,"Floră",-18.92,-44.997,0,"Ainy4／あいにゃ",-13.866,-61.569,0,"Muna_328",19.32,-46.037,0,"Rite_",7.156,-62.133,0,"Ѕeyeon",40.507,-95.444,0,"うよすま",-3.596,-114.543,0,"_Gosomi",-45.785,-105.403,0,0,0,0,0,0,"",0,0,0,0,3850.818,3852.98,,,0,0
134,8,0,6,0,0,1,2,0,1,0,255,13,255,60,3866.64,"하루（Haru）",R,0,70,109,-0.332,-0.454,0.254,1.621,-0.153,1.35,-36.491,43.786,47,53,0,0,0,0,0,5.7,0,0,1,6,8,R,"ddil_ddil69",174.8,90.2,0.397,0,77,W,Y,0,0,0,0,0,0,0,0,0,0,0,0,0,0,0,0,-0.203,-37.12,0,"Penguin_iDOL",0.108,-16.81,0,"Floră",-19.285,-45.306,0,"Ainy4／あいにゃ",-13.871,-61.553,0,"Muna_328",20.431,-45.997,0,"Rite_",7.926,-62.658,0,"Ѕeyeon",40.523,-95.477,0,"うよすま",-3.528,-115.25,0,"_Gosomi",-48.872,-103.96,0,0,0,0,0,0,"",0,0,0,0,3867.643,3869.801,,,0,0
135,8,0,6,0,0,2,2,0,1,0,255,13,255,61,3884.957,"하루（Haru）",R,10,40,80,0.827,-2.492,0.377,1.458,0.228,0.968,-36.491,46.942,29,71,0,2,0,49.455,400,-61.121,0,0,1,6,8,R,"ddil_ddil69",174.8,90.2,0.397,3,37,W,Y,3886.413,255,72,62,101,66,138,103,-30,11.027,0.92,0,0.349,-187.532,-475.506,-314.206,-0.418,-37.515,0,"Penguin_iDOL",-0.158,-17.241,0,"Floră",-19.483,-45.614,0,"Ainy4／あいにゃ",-13.886,-61.635,89,"Muna_328",19.527,-47.723,0,"Rite_",7.242,-62.368,0,"Ѕeyeon",40.517,-95.468,0,"うよすま",-4.293,-116.705,0,"_Gosomi",-48.52,-103.655,0,3885.81,0.087,-20.865,3888.084,3,"Ainy4／あいにゃ",-12.796,-54.808,0,0,,,3891.159,,24,2
136,9,1,6,0,0,0,0,0,0,0,255,255,255,73,3938.774,"mungjungh",R,32,75,126,1,-0.349,0.808,1.44,0.037,1.294,-36.513,57.212,5,95,0,2,0,243.179,-102.48,9.479,0,0,0,8,9,R,"Gonyong",190,85,0.2,3,42,W,Y,3940.047,165,125,114,79,20,145,99,18.507,29.667,-0.38,0.143,0.426,-140.215,572.812,84.793,0.65,-36.921,0,"HANA_ARASHI",-0.089,-17.331,0,"Yes_Man_",-20.371,-46.34,65,"ByeolBam",-14.225,-63.896,0,"Yaksok~",18.22,-50.327,0,"muyang_",13.758,-65.069,56,"_앰프_",37.169,-88.339,0,"k@ster",-0.127,-110.91,0,"ddil_ddil69",-42.668,-92.581,103,3942.435,-38.551,-75.556,3943.451,8,"ddil_ddil69",-42.012,-79.494,1,0,,3967.574,,,200,2
137,9,1,6,0,0,0,0,0,1,0,255,9,255,74,3989.806,"mungjungh",R,13,75,113,-4.226,-1.448,0.548,1.442,-1.17,1.258,-36.513,33.448,4,96,0,4,0,-379.578,325.455,36.765,-1.774,-17.837,1,0,5,R,"Rite_",170.3,80,0.455,0,77,W,Y,0,0,0,0,0,0,0,0,0,0,0,0,0,0,0,0,0.099,-37.53,0,"HANA_ARASHI",-1.742,-17.567,0,"Yes_Man_",-20.799,-46.147,0,"ByeolBam",-14.76,-63.293,0,"Yaksok~",18.897,-45.022,0,"muyang_",7.715,-61.179,0,"_앰프_",37.009,-94.003,0,"k@ster",-0.169,-111.32,0,"ddil_ddil69",-41.898,-93.116,0,0,0,0,0,0,"",0,0,0,0,3992.084,3995.909,,,0,0
138,9,1,6,0,0,1,0,0,1,0,255,9,255,75,4011.686,"mungjungh",R,34,54,110,4.678,-0.351,1.004,1.443,1.912,1.512,-36.513,75.41,3,97,0,3,1,58.695,-7.442,1.751,0.998,-21.537,0,0,5,R,"Rite_",170.3,80,0.455,0,77,W,Y,0,0,0,0,0,0,0,0,0,0,0,0,0,0,0,0,0.166,-37.171,0,"HANA_ARASHI",0.276,-18.903,0,"Yes_Man_",-20.528,-45.157,0,"ByeolBam",-14.706,-63.113,0,"Yaksok~",18.946,-43.746,0,"muyang_",6.083,-61.041,0,"_앰프_",36.998,-93.965,0,"k@ster",-0.545,-110.905,0,"ddil_ddil69",-42.783,-93.066,0,0,0,0,0,0,"",0,0,0,0,4015.668,,,,0,6
139,9,1,6,0,2,1,0,0,1,0,255,9,255,76,4059.662,"mungjungh",R,13,70,110,-1.275,-0.793,0.788,1.579,-0.055,1.753,-36.513,35.816,3,97,0,0,0,-279.862,400,40.671,0,0,1,0,5,R,"Rite_",170.3,80,0.455,0,77,W,Y,0,0,0,0,0,0,0,0,0,0,0,0,0,0,0,0,0.301,-37.117,0,"HANA_ARASHI",-0.293,-17.745,0,"Yes_Man_",-19.945,-45.233,0,"ByeolBam",-15.128,-63.104,0,"Yaksok~",18.568,-42.778,0,"muyang_",11.332,-63.377,0,"_앰프_",37.404,-94.443,0,"k@ster",-0.547,-110.843,0,"ddil_ddil69",-42.432,-93.236,0,0,0,0,0,0,"",0,0,0,0,4060.785,,4063.234,,0,0
140,9,1,6,0,2,2,0,0,0,1,255,255,9,77,4077.815,"mungjungh",R,26,88,140,0.808,1.416,0.84,1.509,0.185,2.225,-36.513,32.894,8,92,0,4,0,104.465,-194.285,15.518,0.308,-17.846,1,0,5,R,"Rite_",170.3,80,0.455,0,77,W,Y,0,0,0,0,0,0,0,0,0,0,0,0,0,0,0,0,0.087,-37.436,0,"HANA_ARASHI",0.229,-17.394,0,"Yes_Man_",-19.956,-44.965,0,"ByeolBam",-15.018,-62.929,0,"Yaksok~",18.512,-43.746,0,"muyang_",12.28,-64.888,0,"_앰프_",37.469,-94.487,0,"k@ster",-0.535,-110.785,0,"ddil_ddil69",-42.535,-93.27,0,0,0,0,0,0,"",0,0,0,0,4079.376,,4080.477,,0,0
141,9,1,6,0,0,0,1,0,0,1,255,255,9,78,4105.876,"mungjungh",R,0,62,103,-1.557,0.058,0.674,1.557,-0.699,1.666,-36.513,42.273,0,100,0,2,0,0,0,21.101,0,0,1,1,1,R,"Penguin_iDOL",190,80,0.404,3,77,W,Y,4107.015,255,86,186,59,120,145,89,42.356,42.465,-0.9,0,0.622,36.036,-467.867,-362.369,0.367,-36.928,0,"HANA_ARASHI",-0.176,-17.679,0,"Yes_Man_",-20.242,-47.136,0,"ByeolBam",-15.022,-63.394,0,"Yaksok~",17.702,-46.478,0,"muyang_",12.536,-63.803,0,"_앰프_",37.571,-94.997,0,"k@ster",0.098,-115.243,0,"ddil_ddil69",-42.474,-93.289,113,4111.218,-41.292,-76.874,4111.801,8,"ddil_ddil69",-40.74,-75.929,0,0,4115.851,,4112.351,,68,1
142,9,1,6,0,0,0,2,0,0,1,255,255,9,79,4137.65,"mungjungh",R,13,69,109,-1.367,-0.619,0.922,1.566,0.101,1.706,-36.513,44.171,0,100,0,2,0,-386.885,312.348,22.171,0,0,1,2,7,R,"うよすま",174.8,85,0.568,3,77,W,Y,4138.744,255,50,70,114,44,144,114,-9.325,35.134,0.86,0,0.464,-128.911,-35.724,-226.526,0.869,-36.998,0,"HANA_ARASHI",-0.07,-17.813,0,"Yes_Man_",-20.684,-46.261,87,"ByeolBam",-14.538,-63.486,0,"Yaksok~",17.729,-46.389,0,"muyang_",13.777,-64.846,0,"_앰프_",36.902,-96.51,0,"k@ster",-0.113,-113.866,0,"ddil_ddil69",-42.519,-93.358,0,4138.109,-2.963,-24.298,4139.318,2,"Yes_Man_",-16.38,-43.467,0,0,,,,,8,2
143,9,0,6,0,0,0,0,0,0,0,255,255,255,62,4180.368,"하루（Haru）",R,10,26,74,0.731,-1.979,0.529,1.703,0.663,1.466,-36.491,50.068,16,84,0,2,0,-119.595,400,-52.739,0,0,1,7,5,R,"muyang_",170.7,80,0.496,3,30,W,Y,4181.712,255,56,172,103,43,145,112,-13.936,19.023,0.87,0,0.222,-241.704,164.718,464.508,0.136,-37.418,0,"Penguin_iDOL",0.055,-17.136,0,"Floră",-9.747,-37.68,85,"Ainy4／あいにゃ",-12.453,-61.574,0,"Muna_328",20.939,-50.671,0,"Rite_",12.066,-61.397,0,"Ѕeyeon",38.628,-96.446,0,"うよすま",-4.037,-108.938,0,"_Gosomi",-41.054,-98.346,0,4181.076,-0.455,-23.054,4182.76,3,"Ainy4／あいにゃ",-12.254,-56.665,0,0,,,,,24,2
144,9,0,6,0,0,0,1,0,0,0,255,255,255,63,4207.782,"하루（Haru）",R,13,37,78,-0.451,-1.964,0.495,1.568,0.594,1.222,-36.491,47.059,0,100,0,4,0,-276.854,312.348,-48.346,-0.193,-19.405,1,8,4,R,"Yaksok~",173.2,93.927,0.332,0,77,W,Y,0,0,0,0,0,0,0,0,0,0,0,0,0,0,0,0,-0.049,-37.212,0,"Penguin_iDOL",-0.205,-18.472,0,"Floră",-11.389,-36.177,0,"Ainy4／あいにゃ",-14.183,-62.33,0,"Muna_328",17.395,-43.796,0,"Rite_",12.344,-61.442,0,"Ѕeyeon",41.885,-100.228,0,"うよすま",-2.003,-111.861,0,"_Gosomi",-42.587,-102.746,0,0,0,0,0,0,"",0,0,0,0,4208.76,,,,0,0
145,9,0,6,0,0,1,1,0,0,0,255,255,255,64,4228.817,"하루（Haru）",R,26,91,140,-3.042,-1.323,0.003,1.475,-1.398,0.675,-36.491,15.967,50,50,0,1,0,54.502,-178.718,24.544,0,0,0,8,4,R,"Yaksok~",173.2,93.927,0.332,0,77,W,Y,0,0,0,0,0,0,0,0,0,0,0,0,0,0,0,0,-0.343,-37.224,0,"Penguin_iDOL",-0.048,-16.704,0,"Floră",-14.858,-41.153,0,"Ainy4／あいにゃ",-14.101,-62.353,0,"Muna_328",21.105,-48.853,0,"Rite_",12.054,-62.17,0,"Ѕeyeon",41.749,-99.49,0,"うよすま",-2.225,-112.821,0,"_Gosomi",-42.473,-103.416,0,0,0,0,0,0,"",0,0,0,0,4229.401,,,,0,0
146,9,0,6,0,1,1,1,0,0,0,255,255,255,65,4250.711,"하루（Haru）",R,12,81,128,0.994,0.007,0.394,1.781,0.421,1.762,-36.491,43.097,90,10,0,2,0,0,144.368,3.593,0,0,1,8,4,R,"Yaksok~",173.2,93.927,0.332,3,76,W,Y,4251.678,199,100,73,98,64,145,84,-64.299,65.972,-0.83,0,0.475,157.171,-561.012,94.735,0.099,-37.304,0,"Penguin_iDOL",0.046,-17.106,0,"Floră",-9.299,-37.074,0,"Ainy4／あいにゃ",-14.067,-62.334,0,"Muna_328",20.347,-47.283,0,"Rite_",11.584,-61.339,0,"Ѕeyeon",41.779,-99.53,0,"うよすま",-2.419,-112.919,0,"_Gosomi",-43.135,-107.098,0,4251.018,-0.731,-20.161,0,0,"",0,0,0,0,,,,,0,3
147,9,0,6,0,1,2,1,0,0,0,255,255,255,66,4272.884,"하루（Haru）",R,28,72,124,0.634,2.272,0.347,2.07,0.204,2.79,-36.491,60.732,88,12,0,2,0,39.542,-93.641,3.09,0,0,1,8,4,R,"Yaksok~",173.2,93.927,0.332,3,76,W,Y,4273.895,139,106,79,76,11,140,111,112.138,43.069,0.79,0,0.369,80.98,-317.855,501.588,-0.497,-37.09,0,"Penguin_iDOL",-0.18,-16.822,0,"Floră",-9.903,-37.755,0,"Ainy4／あいにゃ",-13.688,-61.957,0,"Muna_328",21.374,-47.818,0,"Rite_",12.332,-60.691,0,"Ѕeyeon",41.782,-99.537,0,"うよすま",-2.443,-111.306,0,"_Gosomi",-46.949,-107.144,0,0,0,0,0,0,"",0,0,0,0,4313.151,,,,10,3
148,9,0,6,0,1,2,1,0,0,0,255,255,255,67,4348.609,"하루（Haru）",R,0,76,114,0.367,1.254,0.351,2.028,0.149,2.312,-36.491,52.123,89,11,0,2,0,0,0,6.528,0,0,1,8,4,R,"Yaksok~",173.2,93.927,0.332,3,57,W,Y,4349.597,230,101,94,85,37,145,83,25.199,40.236,-0.89,0,0.504,-44.822,-555.803,-221.526,0.017,-37.224,0,"Penguin_iDOL",-0.027,-16.899,0,"Floră",-10.147,-37.899,0,"Ainy4／あいにゃ",-12.991,-62.032,0,"Muna_328",22.48,-49.238,0,"Rite_",12.222,-58.652,85,"Ѕeyeon",43.921,-98.247,0,"うよすま",-1.42,-113.864,0,"_Gosomi",-46.51,-109.034,115,4352.626,-34.169,-71.072,4356.243,8,"_Gosomi",-39.915,-91.258,1,0,,4360.156,,,65,2
149,9,0,6,0,0,0,1,0,1,0,255,14,255,68,4384.27,"하루（Haru）",R,0,71,123,1.745,0.638,0.464,1.955,0.746,1.994,-36.491,57.367,86,14,0,2,0,0,0,3.324,0,0,0,0,9,L,"Kr_Luna",190,95.256,0.499,3,76,W,Y,4385.131,128,140,126,86,38,139,96,100.475,75.124,0.94,0,0.158,223.6,-121.456,2.274,-0.309,-36.814,0,"Penguin_iDOL",0.011,-16.988,0,"Floră",-13.359,-45.451,0,"Ainy4／あいにゃ",-0.328,-60.611,0,"Muna_328",21.192,-44.503,0,"Rite_",14.659,-59.619,0,"Ѕeyeon",49.798,-93.531,0,"うよすま",7.982,-124.691,0,"_Gosomi",-40.405,-117.662,0,0,0,0,0,0,"",0,0,0,0,,4386.97,,,0,3
150,9,0,6,0,0,1,1,0,1,0,255,14,255,69,4401.606,"하루（Haru）",R,27,83,135,2.188,0.256,0.481,1.855,0.827,1.67,-36.491,47.001,89,11,0,4,0,79.61,-102.952,2.65,0,0,0,0,9,L,"Kr_Luna",190,95.256,0.499,0,76,W,Y,0,0,0,0,0,0,0,0,0,0,0,0,0,0,0,0,0.638,-37.984,0,"Penguin_iDOL",1.911,-19.448,0,"Floră",-13.257,-45.212,0,"Ainy4／あいにゃ",-3.217,-61.836,0,"Muna_328",20.695,-41.2,0,"Rite_",15.318,-60.278,0,"Ѕeyeon",49.471,-93.11,0,"うよすま",7.742,-122.654,0,"_Gosomi",-38.015,-117.369,0,0,0,0,0,0,"",0,0,0,256,4402.035,,4404.363,,0,0
151,9,0,6,0,0,2,2,0,0,0,255,255,255,70,4430.326,"하루（Haru）",R,6,34,86,3.847,0.38,0.484,1.91,0.839,1.847,-36.491,46.444,100,0,0,4,0,336.296,-17.542,-4.238,0,0,0,0,9,L,"Kr_Luna",190,95.256,0.499,0,76,W,Y,0,0,0,0,0,0,0,0,0,0,0,0,0,0,0,0,-0.327,-37.085,0,"Penguin_iDOL",0.214,-16.686,0,"Floră",-14.289,-44.094,0,"Ainy4／あいにゃ",-13.378,-64.358,0,"Muna_328",25.188,-50.685,0,"Rite_",16.411,-58.82,0,"Ѕeyeon",50.374,-93.685,0,"うよすま",10.528,-124.672,0,"_Gosomi",-37.628,-115.159,0,0,0,0,0,0,"",0,0,0,0,4431.076,,,,0,0
152,10,1,6,0,0,0,0,0,0,0,255,255,255,80,4490.78,"mungjungh",R,3,64,108,-3.294,0.094,0.751,1.562,-0.693,1.687,-36.513,27.365,0,100,0,4,0,-399.678,0,26.107,0,0,1,3,2,R,"Floră",190,84.538,0.401,0,77,W,Y,0,0,0,0,0,0,0,0,0,0,0,0,0,0,0,0,0.386,-37.226,0,"HANA_ARASHI",-0.635,-17.956,0,"Yes_Man_",-20.724,-46.503,0,"ByeolBam",-13.938,-64.077,0,"Yaksok~",18.766,-49.994,0,"muyang_",14.924,-63.93,0,"_앰프_",40.244,-96.611,0,"k@ster",-0.282,-119.306,0,"ddil_ddil69",-42.394,-94.159,0,0,0,0,0,0,"",0,0,0,0,,,,,0,0
153,10,1,6,0,0,1,0,0,0,0,255,255,255,81,4506.752,"mungjungh",R,10,77,117,0.888,0.075,0.984,1.699,0.388,2.132,-36.513,53.003,100,0,0,2,0,-18.321,400,-7.472,0,0,1,3,2,R,"Floră",190,84.538,0.401,3,77,W,Y,4507.903,145,123,158,125,54,145,120,-20.576,-10.292,0.16,0,0.399,-546.614,145.847,-46.244,0.744,-37.428,0,"HANA_ARASHI",0.027,-17.497,0,"Yes_Man_",-20.408,-46.202,88,"ByeolBam",-14.375,-63.802,0,"Yaksok~",18.661,-49.705,0,"muyang_",13.976,-64.646,103,"_앰프_",40.244,-96.64,0,"k@ster",-0.466,-116.515,0,"ddil_ddil69",-43.136,-93.838,0,4507.218,0.407,-21.616,4509.359,5,"muyang_",7.637,-67.155,1,0,,,,,136,2
154,10,1,6,0,0,0,0,1,0,0,2,255,255,82,4532.532,"mungjungh",R,13,66,109,0.121,-0.952,0.966,1.52,0.307,1.551,-36.513,52.802,0,100,0,0,0,-151.579,399.586,6.029,0,0,0,4,3,L,"Ainy4／あいにゃ",189.3,85,0.512,0,77,W,Y,0,0,0,0,0,0,0,0,0,0,0,0,0,0,0,0,0.663,-37.362,0,"HANA_ARASHI",-0.044,-17.484,0,"Yes_Man_",-20.147,-46.046,0,"ByeolBam",-8.542,-63.971,0,"Yaksok~",19.196,-49.342,0,"muyang_",11.036,-59.266,0,"_앰프_",39.287,-91.522,0,"k@ster",3.554,-116.685,0,"ddil_ddil69",-41.517,-92.751,0,0,0,0,0,0,"",0,0,0,0,4533.343,,,,0,0
155,10,1,6,0,0,1,0,1,0,0,2,255,255,83,4550.321,"mungjungh",R,3,70,112,-0.632,0.005,0.902,1.345,0.476,1.634,-36.513,44.667,0,100,0,2,0,-428.936,0,28.176,0,0,1,4,3,L,"Ainy4／あいにゃ",189.3,85,0.512,3,77,W,Y,4551.492,255,155,114,106,35,145,86,20.827,13.209,1,0,0.441,351.744,44.374,-15.691,0.74,-37.307,0,"HANA_ARASHI",-0.064,-17.47,114,"Yes_Man_",-20.219,-41.83,0,"ByeolBam",-9.826,-64.18,0,"Yaksok~",19.191,-49.323,106,"muyang_",9.171,-60.863,0,"_앰프_",39.279,-91.498,0,"k@ster",1.221,-117.427,0,"ddil_ddil69",-42.451,-93.203,99,4554.935,-16.917,-86.842,4557.276,8,"ddil_ddil69",-20.468,-100.384,1,16,4568.451,4557.434,4562.834,,452,2
156,10,1,6,0,0,0,1,0,0,1,255,255,2,84,4588.364,"mungjungh",R,3,74,117,-0.84,-0.285,0.829,1.487,0.135,1.444,-36.513,45.667,0,100,0,0,0,-311.105,5.667,0,0,0,0,5,4,R,"Muna_328",190,89.724,0.4,0,77,W,Y,0,0,0,0,0,0,0,0,0,0,0,0,0,0,0,0,0.365,-37.167,0,"HANA_ARASHI",-0.029,-18.08,0,"Yes_Man_",-20.82,-46.263,0,"ByeolBam",-12.45,-63.505,0,"Yaksok~",17.964,-44.317,0,"muyang_",11.546,-61.739,0,"_앰프_",39.438,-85.127,0,"k@ster",-2.203,-114.849,0,"ddil_ddil69",-41.604,-93.638,0,0,0,0,0,0,"",0,0,0,0,4589.068,,4591.012,,0,0
157,10,1,6,0,0,1,1,0,0,1,255,255,2,85,4602.444,"mungjungh",R,3,73,113,-2.34,-0.282,0.749,1.487,-0.238,1.446,-36.513,50.824,0,100,0,1,0,-452.621,0,0,0,0,0,5,4,R,"Muna_328",190,89.724,0.4,0,77,W,Y,0,0,0,0,0,0,0,0,0,0,0,0,0,0,0,0,0.246,-37.252,0,"HANA_ARASHI",-0.043,-17.92,0,"Yes_Man_",-20.634,-45.804,0,"ByeolBam",-13.989,-63.833,0,"Yaksok~",18.776,-43.157,0,"muyang_",12.803,-64.184,0,"_앰프_",39.805,-85.111,0,"k@ster",-0.518,-117.351,0,"ddil_ddil69",-41.708,-93.795,0,0,0,0,0,0,"",0,0,0,8,4603.143,,4605.359,4627.797,0,0
158,10,1,6,0,1,1,2,0,0,0,255,255,255,86,4650.236,"mungjungh",R,13,77,115,-3.498,-0.857,0.608,1.501,-0.895,1.489,-36.513,39.195,4,96,0,2,0,-371.156,335.028,0,0,0,1,5,4,R,"Muna_328",190,89.724,0.4,3,92,W,Y,4651.372,255,131,109,141,32,145,126,-9.056,30.893,0.73,0,0.765,58.732,-116.362,3.6,0.229,-36.992,0,"HANA_ARASHI",-0.596,-19.187,0,"Yes_Man_",-20.459,-45.76,0,"ByeolBam",-13.296,-64.634,0,"Yaksok~",18.101,-49.495,0,"muyang_",12.984,-64.056,0,"_앰프_",38.721,-91.418,0,"k@ster",-0.538,-113.223,0,"ddil_ddil69",-42.209,-92.862,0,4650.751,-3.02,-24.924,4651.893,2,"Yes_Man_",-16.114,-46.859,0,0,,,,,8,2
159,10,0,6,0,0,0,0,0,0,0,255,255,255,71,4694.528,"하루（Haru）",R,0,0,0,0,0,0,0,0,0,0,0,0,0,0,0,0,0,0,0,0,0,1,1,7,R,"k@ster",160,80,0.646,0,77,W,Y,0,0,0,0,0,0,0,0,0,0,0,0,0,0,0,0,0,0,0,"",0,0,0,"",0,0,0,"",0,0,0,"",0,0,0,"",0,0,0,"",0,0,0,"",0,0,0,"",0,0,0,0,0,0,0,0,"",0,0,0,0,4695.451,,,,0,0
160,10,0,6,0,0,1,0,0,0,0,255,255,255,72,4727.036,"하루（Haru）",R,10,21,72,0.538,-0.397,0.376,2.124,0.225,2.355,-36.491,54.469,100,0,0,0,0,0,400,-59.263,0,0,1,1,7,R,"k@ster",160,80,0.646,0,77,W,Y,0,0,0,0,0,0,0,0,0,0,0,0,0,0,0,0,0.137,-37.023,0,"Penguin_iDOL",-0.084,-16.952,0,"Floră",-19.899,-45.937,0,"Ainy4／あいにゃ",-15.409,-61.861,0,"Muna_328",17.327,-46.12,0,"Rite_",11.594,-61.453,0,"Ѕeyeon",36.151,-95.872,0,"うよすま",-1.932,-110.944,0,"_Gosomi",-40.759,-94.718,0,0,0,0,0,0,"",0,0,0,0,4728.209,,,,0,0
161,10,0,6,0,0,2,0,0,0,0,255,255,255,73,4745.118,"하루（Haru）",R,10,12,65,0.234,0.779,0.347,2.11,0.426,2.506,-36.491,59.234,100,0,0,2,0,0,400,-55.883,0,0,1,1,7,R,"k@ster",160,80,0.646,3,77,W,Y,4746.514,244,103,18,24,23,63,62,27.199,-32.756,0.21,0,0.535,370.214,-157.57,437.216,0.038,-36.796,0,"Penguin_iDOL",-0.057,-17.032,0,"Floră",-19.877,-45.932,89,"Ainy4／あいにゃ",-15.291,-61.803,0,"Muna_328",17.344,-46.02,0,"Rite_",11.623,-61.486,0,"Ѕeyeon",36.163,-95.874,0,"うよすま",-1.762,-110.93,0,"_Gosomi",-40.782,-95.49,0,0,0,0,4749.084,4,"Muna_328",21.384,-52.094,0,0,,,,,40,1
162,10,0,6,0,0,0,1,0,0,0,255,255,255,74,4772.778,"하루（Haru）",R,0,73,125,2.082,1.273,0.495,2.078,0.892,2.392,-36.491,58.693,93,7,0,1,0,0,0,4.036,0,0,0,2,1,R,"HANA_ARASHI",190,90,0.25,0,77,W,Y,0,0,0,0,0,0,0,0,0,0,0,0,0,0,0,0,-0.203,-37.141,0,"Penguin_iDOL",0.046,-17.042,0,"Floră",-19.886,-45.943,0,"Ainy4／あいにゃ",-15.044,-61.982,0,"Muna_328",23.608,-52.924,0,"Rite_",11.015,-63.514,0,"Ѕeyeon",42.822,-100.666,0,"うよすま",-5.442,-119.04,0,"_Gosomi",-50.218,-112.703,0,0,0,0,0,0,"",0,0,0,0,4773.443,,,,0,0
163,10,0,6,0,1,0,1,0,0,0,255,255,255,75,4787.544,"하루（Haru）",R,5,48,103,2.594,-0.054,0.579,1.829,1.282,1.584,-36.491,64.996,62,38,0,2,0,-85.25,0,5.598,0,0,1,2,1,R,"HANA_ARASHI",190,90,0.25,3,77,W,Y,4788.717,239,97,170,114,105,145,91,0.499,19.331,-0.8,0,0.637,318.551,-345.759,85.626,0.049,-37.189,0,"Penguin_iDOL",0.102,-17.039,0,"Floră",-19.705,-45.92,0,"Ainy4／あいにゃ",-15.073,-61.902,91,"Muna_328",23.571,-52.811,0,"Rite_",10.791,-63.917,0,"Ѕeyeon",42.81,-100.654,0,"うよすま",-3.258,-118.59,0,"_Gosomi",-49.821,-112.425,0,4788.768,-5.397,-37.423,4790.109,3,"Ainy4／あいにゃ",-12.075,-56.089,0,0,,,,,24,2
164,10,0,6,0,0,0,2,0,0,0,255,255,255,76,4812.675,"하루（Haru）",R,12,11,69,0.986,0.705,0.304,2.119,0.42,2.228,-36.491,67.759,100,0,0,2,0,0,83.862,-55.322,0,0,1,3,2,R,"Yes_Man_",180.1,84.868,0.349,3,78,W,Y,4814.287,255,85,78,82,14,145,128,99.964,-58.933,0.53,0,0.593,120.377,75.668,13.034,-0.102,-37.146,0,"Penguin_iDOL",-0.008,-16.98,0,"Floră",-19.871,-46.041,0,"Ainy4／あいにゃ",-15.243,-61.926,0,"Muna_328",23.363,-52.883,0,"Rite_",10.274,-62.707,0,"Ѕeyeon",41.221,-99.1,0,"うよすま",-5.737,-113.519,0,"_Gosomi",-42.162,-103.167,0,0,0,0,0,0,"",0,0,0,0,,,,,0,3
165,10,0,6,0,0,1,2,0,0,0,255,255,255,77,4831.247,"하루（Haru）",R,11,13,69,1.214,-0.164,0.469,1.955,0.515,1.893,-36.491,65.324,100,0,0,0,0,0,169.634,-60.488,0,0,1,3,2,R,"Yes_Man_",180.1,84.868,0.349,0,74,W,Y,0,0,0,0,0,0,0,0,0,0,0,0,0,0,0,0,-0.037,-36.856,0,"Penguin_iDOL",0.007,-17.073,0,"Floră",-19.871,-46.049,0,"Ainy4／あいにゃ",-15.286,-61.965,0,"Muna_328",24.019,-52.818,0,"Rite_",13.608,-62.293,0,"Ѕeyeon",41.974,-100.209,0,"うよすま",-6.606,-117.013,0,"_Gosomi",-50.974,-106.544,0,0,0,0,0,0,"",0,0,0,0,4832.443,,,,0,0
166,10,0,6,0,0,2,2,0,0,0,255,255,255,78,4849.909,"하루（Haru）",R,0,11,70,1.518,-0.621,0.327,1.759,0.651,1.259,-36.491,68.296,100,0,0,2,0,0,0,-41.098,0,0,1,3,2,R,"Yes_Man_",180.1,84.868,0.349,3,74,W,Y,4851.442,198,108,80,88,61,145,96,111.428,-39.54,-0.38,0,0.476,389.254,365.419,199.053,-0.334,-36.79,0,"Penguin_iDOL",0.033,-17.182,0,"Floră",-19.649,-45.964,0,"Ainy4／あいにゃ",-15.219,-61.98,0,"Muna_328",24.322,-52.358,0,"Rite_",13.356,-63.761,0,"Ѕeyeon",41.976,-100.212,0,"うよすま",-5.616,-118.041,0,"_Gosomi",-49.78,-106.106,0,0,0,0,0,0,"",0,0,0,0,,,,,0,3
167,10,0,6,0,0,2,2,0,0,0,255,255,255,79,4868.254,"하루（Haru）",R,38,21,78,-0.564,1.563,0.272,2.295,-0.248,2.527,-36.491,69.625,100,0,0,2,0,-2.436,-13.923,-3.098,0,0,1,3,2,R,"Yes_Man_",180.1,84.868,0.349,3,74,W,Y,4869.737,218,119,106,88,35,145,120,103.7,20.821,0.21,0,0.493,458.199,283.839,-84.3,0.019,-36.866,0,"Penguin_iDOL",-0.075,-16.94,0,"Floră",-19.677,-45.95,0,"Ainy4／あいにゃ",-15.351,-61.876,0,"Muna_328",23.869,-53.053,0,"Rite_",12.709,-63.151,0,"Ѕeyeon",42.205,-100.084,0,"うよすま",-6.745,-117.809,0,"_Gosomi",-49.894,-106.131,0,0,0,0,0,0,"",0,0,0,0,,,,,0,3
168,10,0,6,0,0,2,2,0,0,0,255,255,255,80,4886.047,"하루（Haru）",R,0,20,77,1.266,-0.681,0.526,1.691,0.535,1.229,-36.491,59.477,12,88,0,2,0,0,0,-43.531,0,0,1,3,2,R,"Yes_Man_",180.1,84.868,0.349,3,74,W,Y,4887.47,197,64,96,79,62,145,95,49.913,19.761,-0.41,0,0.379,322.81,468.383,151.154,0.037,-36.744,0,"Penguin_iDOL",-0.004,-17.045,0,"Floră",-19.79,-45.92,0,"Ainy4／あいにゃ",-15.352,-61.913,0,"Muna_328",23.971,-53.027,0,"Rite_",12.499,-63.806,80,"Ѕeyeon",41.824,-100.663,0,"うよすま",-4.659,-120.08,0,"_Gosomi",-50.291,-106.465,89,4892.551,-31.484,-79.224,4893.968,8,"_Gosomi",-34.497,-81.901,1,0,,,,,65,2
169,10,0,6,0,0,0,2,1,0,0,12,255,255,81,4916.212,"하루（Haru）",R,26,90,140,-0.999,-0.82,0.193,1.658,-0.513,0.966,-36.491,28.305,43,57,0,0,0,53.075,-169.335,9.864,0,0,1,4,6,R,"_앰프_",172,80,0.405,0,78,W,Y,0,0,0,0,0,0,0,0,0,0,0,0,0,0,0,0,0.084,-36.747,0,"Penguin_iDOL",-0.149,-16.959,0,"Floră",-19.725,-45.796,0,"Ainy4／あいにゃ",-15.426,-62.186,0,"Muna_328",20.495,-49.728,0,"Rite_",9.325,-63.519,0,"Ѕeyeon",36.086,-94.65,0,"うよすま",-3.785,-106.809,0,"_Gosomi",-41.821,-94.892,0,0,0,0,0,0,"",0,0,0,0,4916.893,,,,0,0
170,10,0,6,0,0,1,2,1,0,0,12,255,255,82,4934.58,"하루（Haru）",R,1,34,94,0.645,-0.25,0.301,1.748,-0.01,1.29,-36.491,28.739,0,100,0,2,0,3.359,-4.299,3.277,0,0,1,4,6,R,"_앰프_",172,80,0.405,3,78,W,Y,4935.821,159,74,64,54,50,137,87,48.845,43.997,-0.44,0,0.243,375.203,250.7,118.653,-0.224,-36.908,0,"Penguin_iDOL",-0.01,-17.148,0,"Floră",-19.652,-45.779,0,"Ainy4／あいにゃ",-15.584,-62.151,0,"Muna_328",19.622,-49.086,0,"Rite_",10.137,-62.715,0,"Ѕeyeon",36.09,-94.654,0,"うよすま",-2.979,-107.711,0,"_Gosomi",-41.571,-94.84,0,4940.193,-49.271,-63.219,0,0,"",0,0,0,0,,4939.516,,,0,3
171,10,0,6,0,0,2,2,1,0,0,12,255,255,83,4960.953,"하루（Haru）",R,10,79,119,0.156,-0.752,0.316,1.855,0.059,1.672,-36.491,47.067,94,6,0,2,0,0,399.556,8.119,0,0,1,4,6,R,"_앰프_",172,80,0.405,3,78,W,Y,4962.034,233,106,93,72,56,145,125,29.525,2.287,0.29,0,0.316,78.493,-357.992,-317.881,-0.535,-36.966,0,"Penguin_iDOL",-0.084,-17.196,0,"Floră",-20.201,-46.377,0,"Ainy4／あいにゃ",-15.608,-62.707,0,"Muna_328",21.389,-49.748,0,"Rite_",10.916,-63.982,0,"Ѕeyeon",36.081,-94.651,0,"うよすま",-4.695,-105.692,0,"_Gosomi",-39.431,-85.728,0,4966.635,7.484,-130.847,4968.26,7,"うよすま",7.26,-131.321,1,0,,4966.363,4971.273,,4,2
172,10,0,6,0,0,0,2,0,1,1,255,16,12,84,4996.303,"하루（Haru）",R,0,68,121,1.376,1.304,0.43,2.046,0.588,2.341,-36.491,78.102,86,14,0,1,0,-1.026,0,4.761,0,0,0,5,3,R,"ByeolBam",175.3,90,0.4,0,71,W,Y,0,0,0,0,0,0,0,0,0,0,0,0,0,0,0,0,-0.545,-37.2,0,"Penguin_iDOL",-0.026,-16.824,0,"Floră",-9.677,-37.937,0,"Ainy4／あいにゃ",-13.701,-62.393,0,"Muna_328",20.806,-44.742,0,"Rite_",13.741,-62.531,0,"Ѕeyeon",40.07,-98.101,0,"うよすま",-3.063,-112.955,0,"_Gosomi",-46.923,-91.53,0,0,0,0,0,0,"",0,0,0,0,4996.859,4998.729,4998.876,,0,0
173,10,0,6,0,1,0,2,0,1,1,255,16,12,85,5011.55,"하루（Haru）",R,5,53,107,0.667,-0.076,0.493,1.888,0.497,1.561,-36.491,87.281,77,23,0,2,0,-117.08,0,5.474,0,0,1,5,3,R,"ByeolBam",175.3,90,0.4,3,71,W,Y,5012.521,175,159,115,109,46,145,127,16.254,4.061,0.35,0,0.318,-190.2,513.84,116.468,-0.357,-37.371,0,"Penguin_iDOL",-0.022,-17.152,0,"Floră",-9.474,-38.381,0,"Ainy4／あいにゃ",-13.66,-62.338,0,"Muna_328",19.063,-46.248,0,"Rite_",9.922,-62.83,0,"Ѕeyeon",40.085,-98.107,0,"うよすま",-2.946,-114.203,0,"_Gosomi",-47.142,-91.337,0,5015.459,-16.841,-116.159,5015.676,7,"うよすま",-15.904,-112.816,0,0,,,5016.867,5016.611,4,1
