id,inn,half,scoreA,scoreB,ball,strk,out,b1,b2,b3,b1Idx,b2Idx,b3Idx,pCnt,pSec,pName,pHand,pType,pPow,spdK,zoneX,zoneY,startX,startY,targetX,targetY,zDist,pitchAngle,pOver,pSide,pUnder,call,balk,sH,sV,gyro,plx,plz,bSwing,bIdx,bPos,bZone,bName,bHCm,batLen,batCen,batType,bFps,bOS,bVR,hSec,rotS,rotL,shS,lgS,prepS,batSpd,ev,ldeg,sdeg,hPos,buntGrip,handDist,angVeloX,angVeloY,angVeloZ,PPosX,PPosY,PThrSpd,CName,CPosX,CPosY,CThrSpd,1BName,1BPosX,1BPosY,1BThrSpd,2BName,2BPosX,2BPosY,2BThrSpd,3BName,3BPosX,3BPosY,3BThrSpd,SSName,SSPosX,SSPosY,SSThrSpd,LFName,LFPosX,LFPosY,LFThrSpd,CFName,CFPosX,CFPosY,CFThrSpd,RFName,RFPosX,RFPosY,RFThrSpd,ltSec,lx,lz,cSec,cPos,cPlr,cx,cz,1BSafe,tag,cpSec,sb2Sec,sb3Sec,sbhSec,ass,result
1,1,1,0,0,0,0,0,0,0,0,255,255,255,0,236.952,"HANA_ARASHI",R,14,85,109,1.445,-0.047,0.273,2.295,0.056,1.984,-36.64,42.463,92,8,0,0,0,350.928,352.959,-8.118,0.466,-15.502,0,0,3,R,"_Gosomi",180,85,0.31,0,64,W,Y,0,0,0,0,0,0,0,0,0,0,0,0,0,0,0,0,-0.166,-37.488,0,"AI",0.04,-17.432,0,"k@ster",-23.809,-50.601,0,"Yaksok~",-16.659,-63.021,0,"Slaris",11.296,-49.17,0,"CoalCat",9.915,-65.177,0,"AI",40.9,-90.65,0,"AI",0,-109.84,0,"AI",-40.8,-90.55,0,0,0,0,0,0,"",0,0,0,0,,,,,0,0
2,1,1,0,0,0,1,0,0,0,0,255,255,255,1,251.921,"HANA_ARASHI",R,26,97,140,-0.311,1.306,0.222,2.232,-0.151,2.177,-36.64,33.11,77,23,0,2,0,6.381,-200,-4.062,0,0,1,0,3,R,"_Gosomi",180,85,0.31,3,64,W,Y,252.998,155,78,86,98,53,145,128,32.697,5.911,0.36,0,0.407,579.255,-156.383,2.741,-0.158,-36.861,0,"AI",0,-17.512,0,"k@ster",-23.491,-49.951,0,"Yaksok~",-17.785,-63.97,0,"Slaris",18.094,-46.307,0,"CoalCat",9.504,-65.343,59,"AI",40.9,-90.65,0,"AI",0,-109.84,0,"AI",-40.8,-90.55,0,259.446,-8.389,-133.337,259.557,7,"AI",-8.328,-134.497,1,0,,,,,9,2
3,1,1,0,0,0,0,0,1,0,0,3,255,255,2,279.119,"HANA_ARASHI",R,10,78,118,0.685,-0.232,0.317,2.147,0.289,1.893,-36.64,31.335,100,0,0,2,0,0,400,2.675,0,0,1,1,5,R,"Yes_Man_",175.1,85.251,0.499,3,66,W,Y,280.303,230,79,79,76,14,145,100,-71.161,37.939,-0.08,0,0.408,-520.361,284.255,91.782,0.053,-37.113,0,"AI",0,-17.512,0,"k@ster",-22.196,-47.957,85,"Yaksok~",-12.641,-59.896,0,"Slaris",17.352,-47.987,0,"CoalCat",6.437,-61.696,85,"AI",40.9,-90.65,0,"AI",0,-109.84,0,"AI",-40.8,-90.55,0,280.224,-0.101,-19.804,283.513,2,"k@ster",-16.169,-40.227,0,0,,285.897,,,25,2
4,1,1,0,0,0,0,1,0,1,0,255,3,255,3,302.611,"HANA_ARASHI",R,26,66,119,1.645,2.293,0.389,2.418,0.624,2.78,-36.64,54.359,57,43,0,1,0,55.704,-200,6.219,0,0,0,2,2,L,"HOGGYS 호기스",185.3,92.075,0.44,0,66,W,Y,0,0,0,0,0,0,0,0,0,0,0,0,0,0,0,0,-0.146,-37.634,0,"AI",0,-17.512,0,"k@ster",-22.161,-47.182,0,"Yaksok~",-7.768,-61.636,0,"Slaris",18.834,-46.833,0,"CoalCat",10.719,-63.951,0,"AI",40.9,-90.65,0,"AI",0,-109.84,0,"AI",-40.8,-90.55,0,0,0,0,0,0,"",0,0,0,0,,,,,0,0
5,1,1,0,0,1,0,1,0,1,0,255,3,255,4,315.304,"HANA_ARASHI",R,10,74,115,-1.553,-1.039,0.108,2.19,-0.68,1.455,-36.64,19.222,92,8,0,4,0,0.671,400,5.236,-0.36,-17.437,1,2,2,L,"HOGGYS 호기스",185.3,92.075,0.44,0,66,W,Y,0,0,0,0,0,0,0,0,0,0,0,0,0,0,0,0,0.165,-37.437,0,"AI",0.037,-17.434,0,"k@ster",-22.096,-47.146,0,"Yaksok~",-8.289,-61.418,0,"Slaris",19.09,-46.548,0,"CoalCat",11.425,-63.936,0,"AI",40.9,-90.65,0,"AI",0,-109.84,0,"AI",-40.8,-90.55,0,0,0,0,0,0,"",0,0,0,0,,319.267,334.315,,0,0
6,1,1,0,0,2,1,1,0,0,1,255,255,3,5,353.962,"HANA_ARASHI",R,26,84,136,0.136,0.985,0.255,2.25,0.002,2.003,-36.64,30.516,87,13,0,0,0,34.728,-200,9.39,-0.094,-6.724,0,2,2,L,"HOGGYS 호기스",185.3,92.075,0.44,0,59,W,Y,0,0,0,0,0,0,0,0,0,0,0,0,0,0,0,0,0.192,-37.528,0,"AI",0,-20,0,"k@ster",-21.813,-47.949,0,"Yaksok~",-8.727,-60.923,0,"Slaris",18.346,-45.782,0,"CoalCat",10.936,-61.902,0,"AI",40.9,-90.65,0,"AI",0,-109.84,0,"AI",-40.8,-90.55,0,0,0,0,0,0,"",0,0,0,0,,,,,0,0
7,1,1,0,0,2,2,1,0,0,1,255,255,3,6,372.591,"HANA_ARASHI",R,14,70,98,3.758,-2.588,0.575,1.692,0.993,0.418,-36.64,42.456,56,44,0,4,0,292.42,377.183,-2.288,0.676,-21.031,1,2,2,L,"HOGGYS 호기스",185.3,92.075,0.44,0,59,W,Y,0,0,0,0,0,0,0,0,0,0,0,0,0,0,0,0,0.137,-37.044,0,"AI",0,-20,0,"k@ster",-21.937,-47.921,0,"Yaksok~",-7.511,-60.814,0,"Slaris",18.433,-45.742,0,"CoalCat",10.744,-61.412,0,"AI",40.9,-90.65,0,"AI",0,-109.84,0,"AI",-40.8,-90.55,0,0,0,0,0,0,"",0,0,0,4,,,,,0,0
8,1,1,0,0,0,0,2,0,0,1,255,255,3,7,391.396,"HANA_ARASHI",R,30,56,111,-0.056,1.7,0.29,2.321,0.165,2.533,-36.64,39.455,100,0,0,2,0,-125.546,-122.382,-0.172,0,0,1,3,1,R,"-KYU-",190,83,0.434,3,64,W,Y,392.438,255,117,155,173,0,145,106,25.846,33.41,0.92,0,0.849,202.708,527.082,202.716,0.089,-37.049,0,"AI",0,-17.512,0,"k@ster",-22.188,-47.707,0,"Yaksok~",-15.523,-63.026,0,"Slaris",18.115,-45.726,0,"CoalCat",7.834,-66.203,88,"AI",40.9,-90.65,0,"AI",0,-109.84,0,"AI",-40.8,-90.55,0,397.113,-61.174,-90.34,399.068,8,"AI",-67.901,-96.758,1,0,,402.807,,398.429,9,2
9,1,1,1,0,0,0,2,0,1,0,255,1,255,8,419.719,"HANA_ARASHI",R,26,84,136,0.003,0.11,0.274,1.997,0.093,1.482,-36.64,20.406,32,68,0,2,0,-81.265,-200,9.341,0,0,1,4,4,R,"si_ho",190,88.027,0.348,3,64,W,Y,420.832,253,93,152,76,0,145,130,25.974,37.958,0.57,0,0.64,556.812,148.373,167.171,0.036,-37.14,0,"AI",0,-17.512,0,"k@ster",-21.864,-48.095,0,"Yaksok~",-16.776,-62.902,0,"Slaris",20.727,-50.137,0,"CoalCat",4.638,-61.774,0,"AI",40.9,-90.65,0,"AI",0,-109.84,0,"AI",-40.8,-90.55,0,425.846,-77.308,-108.713,0,0,"",0,0,0,0,,431.576,425.61,430.729,8,4
10,1,1,3,0,0,0,2,0,0,0,255,255,255,9,457.014,"HANA_ARASHI",R,10,76,116,-1.409,-0.709,0.162,2.222,-0.432,1.563,-36.64,26.599,87,13,0,0,0,-124.407,400,12.109,-0.41,-16.535,0,5,0,R,"CVPileMaki",190,94.088,0.399,0,63,W,Y,0,0,0,0,0,0,0,0,0,0,0,0,0,0,0,0,0.004,-37.663,0,"AI",0.037,-17.433,0,"k@ster",-21.704,-47.056,0,"Yaksok~",-16.239,-62.682,0,"Slaris",19.334,-52.18,0,"CoalCat",6.193,-65.483,0,"AI",40.9,-90.65,0,"AI",0,-109.84,0,"AI",-40.8,-90.55,0,0,0,0,0,0,"",0,0,0,0,,,,,0,0
11,1,1,3,0,0,1,2,0,0,0,255,255,255,10,469.151,"HANA_ARASHI",R,26,99,140,0.074,0.994,0.261,2.17,0.032,2.042,-36.64,24.999,85,15,0,2,0,-5.534,-200,12.019,0,0,0,5,0,R,"CVPileMaki",190,94.088,0.399,3,63,W,Y,470.248,132,97,128,103,71,140,103,29.746,49.191,0.92,0,0.278,412.813,435.277,10.902,0.068,-36.967,0,"AI",0.003,-18.445,0,"k@ster",-21.616,-47.099,0,"Yaksok~",-16.535,-62.752,0,"Slaris",19.085,-51.82,0,"CoalCat",6.179,-65.429,0,"AI",40.9,-90.65,0,"AI",0,-109.84,0,"AI",-40.8,-90.55,0,0,0,0,0,0,"",0,0,0,0,,,,,8,0
12,1,1,3,0,0,2,2,0,0,0,255,255,255,11,486.205,"HANA_ARASHI",R,13,77,115,-0.95,0.114,0.356,2.386,0.101,2.153,-36.64,42.087,95,5,0,2,0,-298.81,400,11.083,0,0,1,5,0,R,"CVPileMaki",190,94.088,0.399,3,63,W,Y,487.325,185,80,128,134,65,145,104,21.019,29.844,0.94,0,0.323,245.821,-540.171,88.246,0.088,-37.401,0,"AI",0,-17.512,0,"k@ster",-22.219,-48.266,0,"Yaksok~",-17.418,-64.368,0,"Slaris",19.037,-51.27,0,"CoalCat",6.075,-65.708,0,"AI",40.9,-90.65,0,"AI",0,-109.84,0,"AI",-40.8,-90.55,0,491.657,-35.401,-100.043,0,0,"",0,0,0,0,527.946,,,,40,1
13,1,0,3,0,0,0,0,0,0,0,255,255,255,0,599.162,"CVPileMaki",R,4,99,132,-2.214,-1.091,0.057,1.564,-0.663,1.011,-36.44,4.195,40,60,0,1,0,-245.768,46.383,6.458,0,0,0,0,3,R,"Yaksok~",174.5,87,0.328,0,64,W,Y,0,0,0,0,0,0,0,0,0,0,0,0,0,0,0,0,0.159,-37.817,0,"-KYU-",-0.146,-17.834,0,"HOGGYS 호기스",-21.112,-47.12,0,"_Gosomi",-16.058,-59.215,0,"si_ho",20.423,-49.827,0,"Yes_Man_",10.209,-61.485,0,"AI",40.9,-90.65,0,"AI",0,-109.84,0,"AI",-40.8,-90.55,0,0,0,0,0,0,"",0,0,0,0,600.313,,,,0,0
14,1,0,3,0,1,0,0,0,0,0,255,255,255,1,613.153,"CVPileMaki",R,27,96,140,1.622,0.795,0.327,1.833,0.59,1.959,-36.44,28.596,90,10,0,2,0,80.162,-103.498,0.835,0,0,1,0,3,R,"Yaksok~",174.5,87,0.328,3,65,W,Y,614.05,119,196,77,56,19,137,86,100.856,-41.621,-0.51,0,0.202,509.417,-278.582,151.284,-0.062,-36.787,0,"-KYU-",0.034,-17.805,0,"HOGGYS 호기스",-21.152,-47.124,0,"_Gosomi",-15.705,-60.621,0,"si_ho",20.369,-49.756,0,"Yes_Man_",10.248,-61.547,0,"AI",40.9,-90.65,0,"AI",0,-109.84,0,"AI",-40.8,-90.55,0,620.113,-18.486,2.582,0,0,"",0,0,0,0,,,,,32,3
15,1,0,3,0,1,1,0,0,0,0,255,255,255,2,634.857,"CVPileMaki",R,33,87,140,2.216,0.079,0.371,1.728,0.796,1.59,-36.44,34.576,51,49,0,2,0,118.422,-57.222,5.678,0,0,1,0,3,R,"Yaksok~",174.5,87,0.328,3,65,W,Y,635.746,159,162,96,79,48,145,91,-19.44,-29.407,-0.48,0,0.226,19.927,-530.056,-280.434,-0.054,-37.111,0,"-KYU-",0.061,-17.787,0,"HOGGYS 호기스",-21.261,-46.977,86,"_Gosomi",-15.834,-62.524,0,"si_ho",19.662,-49.31,120,"Yes_Man_",9.79,-61.059,0,"AI",40.9,-90.65,0,"AI",0,-109.84,0,"AI",-40.8,-90.55,0,635.78,1.954,-22.796,637.468,4,"si_ho",15.703,-46.529,0,0,,,,,52,2
16,1,0,3,0,0,0,1,0,0,0,255,255,255,3,658.338,"CVPileMaki",R,28,88,140,-0.579,-0.797,0.137,1.559,-0.293,1.047,-36.44,15.79,51,49,0,2,0,31.949,-70.337,4.131,0,0,0,1,4,R,"Slaris",190,85.69,0.452,3,66,W,Y,659.212,255,145,73,95,48,145,106,-48.938,53.069,-0.04,0,0.407,276.895,-529.783,-51.57,-0.024,-36.75,0,"-KYU-",0.114,-17.861,0,"HOGGYS 호기스",-21.874,-46.98,0,"_Gosomi",-16.166,-58.869,0,"si_ho",18.972,-49.348,0,"Yes_Man_",9.485,-61.594,0,"AI",40.9,-90.65,0,"AI",0,-109.84,0,"AI",-40.8,-90.55,0,659.046,-0.816,-20.27,0,0,"",0,0,0,0,,,,,32,3
17,1,0,3,0,0,1,1,0,0,0,255,255,255,4,674.287,"CVPileMaki",R,27,84,136,-0.546,-0.716,0.131,1.565,-0.322,1.066,-36.44,17.536,37,63,0,0,0,57.74,-104.268,6.139,0,0,0,1,4,R,"Slaris",190,85.69,0.452,0,66,W,Y,0,0,0,0,0,0,0,0,0,0,0,0,0,0,0,0,0.014,-37.219,0,"-KYU-",-0.128,-17.81,0,"HOGGYS 호기스",-21.242,-42.742,0,"_Gosomi",-16.101,-57.924,0,"si_ho",19.938,-50.989,0,"Yes_Man_",8.171,-61.652,0,"AI",40.9,-90.65,0,"AI",0,-109.84,0,"AI",-40.8,-90.55,0,0,0,0,0,0,"",0,0,0,0,675.38,,,,0,0
18,1,0,3,0,0,2,1,0,0,0,255,255,255,5,686.326,"CVPileMaki",R,10,77,118,0.883,-0.348,0.329,1.87,0.402,1.831,-36.44,39.947,90,10,0,2,0,-16.308,385.557,1.527,0,0,0,1,4,R,"Slaris",190,85.69,0.452,3,66,W,Y,687.266,223,143,115,110,58,145,102,-11.289,-42.684,0.96,0,0.418,-310.332,382.031,-343.143,-0.099,-36.875,0,"-KYU-",0.106,-17.748,0,"HOGGYS 호기스",-21.267,-45.935,0,"_Gosomi",-15.984,-59.2,0,"si_ho",19.964,-51.034,0,"Yes_Man_",8.279,-61.571,67,"AI",40.9,-90.65,0,"AI",0,-109.84,0,"AI",-40.8,-90.55,0,687.224,3.114,-24.367,693.28,6,"AI",61.033,-85.342,1,0,,,,,34,2
19,1,0,3,0,0,0,1,1,0,0,14,255,255,6,715.136,"CVPileMaki",R,10,95,128,-1.435,-2.733,0.088,1.422,-0.627,0.147,-36.44,17.812,48,52,0,1,0,0,400,6.813,-0.242,-21.474,0,2,5,R,"CoalCat",174.9,83,0.397,0,68,W,Y,0,0,0,0,0,0,0,0,0,0,0,0,0,0,0,0,0.282,-37.585,0,"-KYU-",-0.364,-18.305,0,"HOGGYS 호기스",-19.665,-39.823,0,"_Gosomi",-12.957,-57.735,0,"si_ho",17.712,-47.104,0,"Yes_Man_",7.864,-62.203,0,"AI",40.9,-90.65,0,"AI",0,-109.84,0,"AI",-40.8,-90.55,0,0,0,0,0,0,"",0,0,0,0,716.524,726.228,,,0,2
20,1,0,3,0,1,0,1,0,1,0,255,14,255,7,746.083,"CVPileMaki",R,34,80,130,1.769,-0.439,0.399,1.709,0.648,1.327,-36.44,33.621,62,38,0,2,0,75.72,-11.474,5.571,0,0,1,2,5,R,"CoalCat",174.9,83,0.397,3,68,W,Y,747.185,255,187,110,96,98,145,85,12.243,0.508,-0.83,0,0.552,80.598,-594.363,-15.381,0.347,-37.362,0,"-KYU-",-0.041,-18.06,0,"HOGGYS 호기스",-20.83,-45.411,0,"_Gosomi",-16.162,-59.745,0,"si_ho",18.867,-48.649,0,"Yes_Man_",7.444,-62.332,0,"AI",40.9,-90.65,0,"AI",0,-109.84,0,"AI",-40.8,-90.55,0,0,0,0,748.257,0,"CVPileMaki",0.676,-36.568,0,0,,749.254,,,32,1
21,1,0,3,0,0,0,2,0,1,0,255,14,255,8,768.604,"CVPileMaki",R,13,87,126,-2.928,-1.962,0.021,1.563,-0.832,0.948,-36.44,13.619,48,52,0,4,0,-339.932,366.67,13.244,0,0,1,3,2,R,"k@ster",160,80,0.648,0,69,W,Y,0,0,0,0,0,0,0,0,0,0,0,0,0,0,0,0,0.215,-37.512,0,"-KYU-",-0.422,-18.063,0,"HOGGYS 호기스",-21.185,-46.344,0,"_Gosomi",-15.567,-58.852,0,"si_ho",19.186,-45.309,0,"Yes_Man_",0.21,-59.333,0,"AI",40.9,-90.65,0,"AI",0,-109.84,0,"AI",-40.8,-90.55,0,0,0,0,0,0,"",0,0,0,0,769.924,771.206,,,0,0
22,1,0,3,0,0,1,2,0,1,0,255,14,255,9,785.975,"CVPileMaki",R,28,77,128,-2.244,-0.578,-0.022,1.634,-1.034,1.223,-36.44,15.921,35,65,0,4,0,37.607,-51.397,9.971,0,0,1,3,2,R,"k@ster",160,80,0.648,0,69,W,Y,0,0,0,0,0,0,0,0,0,0,0,0,0,0,0,0,-0.597,-37.219,0,"-KYU-",-0.339,-17.967,0,"HOGGYS 호기스",-20.262,-43.302,0,"_Gosomi",-15.918,-59.173,0,"si_ho",19.275,-44.749,0,"Yes_Man_",6.65,-61.12,0,"AI",40.9,-90.65,0,"AI",0,-109.84,0,"AI",-40.8,-90.55,0,0,0,0,0,0,"",0,0,0,0,787.113,788.855,,,0,0
23,1,0,3,0,0,2,2,0,1,0,255,14,255,10,800.609,"CVPileMaki",R,3,67,101,4.806,0.417,0.774,1.701,2.667,1.999,-36.44,77.856,0,100,0,3,0,-264.618,0,6.649,1.323,-21.267,0,3,2,R,"k@ster",160,80,0.648,0,69,W,Y,0,0,0,0,0,0,0,0,0,0,0,0,0,0,0,0,0.042,-37.682,0,"-KYU-",0.924,-18.006,0,"HOGGYS 호기스",-20.336,-44.334,0,"_Gosomi",-15.822,-60.961,0,"si_ho",19.773,-44.443,0,"Yes_Man_",8.218,-62.078,0,"AI",40.9,-90.65,0,"AI",0,-109.84,0,"AI",-40.8,-90.55,0,0,0,0,0,0,"",0,0,0,0,804.924,,,,0,6
24,1,0,3,0,0,0,2,1,1,0,12,14,255,11,827.621,"CVPileMaki",R,10,89,128,-1.701,-1.595,0.072,1.57,-0.595,1.045,-36.44,14.668,62,38,0,1,0,-115.291,400,7.174,0,0,0,4,1,R,"TaeGeuk_",177.7,90.533,0.644,0,69,W,Y,0,0,0,0,0,0,0,0,0,0,0,0,0,0,0,0,0.049,-37.969,0,"-KYU-",-0.38,-17.939,0,"HOGGYS 호기스",-20.237,-43.873,0,"_Gosomi",-15.907,-62.209,0,"si_ho",19.16,-45.764,0,"Yes_Man_",10.356,-63.73,0,"AI",40.9,-90.65,0,"AI",0,-109.84,0,"AI",-40.8,-90.55,0,0,0,0,0,0,"",0,0,0,0,828.624,830.549,,,0,0
25,1,0,3,0,1,0,2,1,1,0,12,14,255,12,842.008,"CVPileMaki",R,11,85,129,-0.926,-0.755,0.213,1.752,-0.132,1.422,-36.44,26.968,91,9,0,2,0,-188.129,246.366,5.162,0,0,0,4,1,R,"TaeGeuk_",177.7,90.533,0.644,3,69,W,Y,842.77,255,187,125,104,26,145,127,33.59,36.691,0.65,0,0.157,552.068,-224.396,69.769,0.11,-37.31,0,"-KYU-",-0.166,-18.044,0,"HOGGYS 호기스",-19.449,-40.212,0,"_Gosomi",-15.234,-61.957,0,"si_ho",19.094,-48.905,0,"Yes_Man_",9.361,-62.592,0,"AI",40.9,-90.65,0,"AI",0,-109.84,0,"AI",-40.8,-90.55,0,848.413,-67.71,-115.883,0,0,"",0,0,0,0,,847.668,847.447,852.645,32,4
26,1,0,3,3,0,0,2,0,0,0,255,255,255,13,880.773,"CVPileMaki",R,10,84,126,-1.106,-1.626,0.148,1.671,-0.457,0.943,-36.44,31.368,56,44,0,2,0,-22.039,400,2.565,0,0,1,5,0,R,"HANA_ARASHI",190,90,0.25,3,69,W,Y,881.841,247,81,169,132,35,145,100,-4.455,60.97,0.98,0,0.615,454.386,-365.988,139.95,0.029,-37.576,0,"-KYU-",0.269,-17.842,0,"HOGGYS 호기스",-21.998,-47.172,0,"_Gosomi",-16.387,-60.488,0,"si_ho",19.84,-48.913,0,"Yes_Man_",8.095,-62.944,0,"AI",40.9,-90.65,0,"AI",0,-109.84,0,"AI",-40.8,-90.55,0,881.957,-5.492,-23.322,0,0,"",0,0,0,0,,,,,32,3
27,1,0,3,3,0,1,2,0,0,0,255,255,255,14,893.972,"CVPileMaki",R,5,93,138,-1.744,-1.012,0.054,1.536,-0.678,0.971,-36.44,10.977,37,63,0,2,0,-61.694,0,3.704,0,0,1,5,0,R,"HANA_ARASHI",190,90,0.25,3,69,W,Y,895.02,255,111,143,27,0,145,112,-30,41.546,0.92,0,0.583,431.427,-393.773,137.163,-0.432,-37.328,0,"-KYU-",-0.397,-18.114,0,"HOGGYS 호기스",-21.441,-46.547,0,"_Gosomi",-17.166,-59.44,0,"si_ho",19.306,-48.418,0,"Yes_Man_",9.188,-61.472,0,"AI",40.9,-90.65,0,"AI",0,-109.84,0,"AI",-40.8,-90.55,0,894.957,-1.038,-19.554,896.491,2,"HOGGYS 호기스",-20.407,-41.55,0,0,,,,,36,2
28,2,1,3,3,0,0,0,0,0,0,255,255,255,12,931.101,"HANA_ARASHI",R,13,66,107,1.358,1.02,0.595,2.284,1.306,2.653,-36.64,52.584,53,47,0,0,0,-379.786,312.348,10.388,0.103,-18.955,0,0,3,R,"_Gosomi",180,85,0.31,0,68,W,Y,0,0,0,0,0,0,0,0,0,0,0,0,0,0,0,0,-0.199,-37.669,0,"TaeGeuk_",0.192,-18.295,0,"k@ster",-22.381,-47.899,0,"Yaksok~",-17.695,-61.675,0,"Slaris",21.271,-49.35,0,"CoalCat",8.639,-65.025,0,"AI",40.9,-90.65,0,"AI",0,-109.84,0,"AI",-40.8,-90.55,0,0,0,0,0,0,"",0,0,0,0,933.902,,,,0,0
29,2,1,3,3,0,1,0,0,0,0,255,255,255,13,947.546,"HANA_ARASHI",R,27,91,140,0.151,-2.133,0.266,1.821,0.051,0.188,-36.64,12.087,44,56,0,2,0,4.53,-140.152,6.887,0,0,1,0,3,R,"_Gosomi",180,85,0.31,3,68,W,Y,948.614,255,65,87,88,70,145,96,-30,-52.801,0.98,0,0.455,599.121,23.201,-22.724,0.071,-37.124,0,"TaeGeuk_",0.025,-17.79,0,"k@ster",-21.34,-46.354,0,"Yaksok~",-17.131,-62.304,0,"Slaris",19.67,-49.059,0,"CoalCat",7.402,-65.387,0,"AI",40.9,-90.65,0,"AI",0,-109.84,0,"AI",-40.8,-90.55,0,948.635,0.165,-19.593,0,0,"",0,0,0,0,,,,,32,3
30,2,1,3,3,0,2,0,0,0,0,255,255,255,14,963.748,"HANA_ARASHI",R,13,83,121,-2.86,-1.468,0.109,1.993,-0.677,1.134,-36.64,8.158,45,55,0,4,0,-353.351,353.756,39.161,0,0,1,0,3,R,"_Gosomi",180,85,0.31,0,68,W,Y,0,0,0,0,0,0,0,0,0,0,0,0,0,0,0,0,-0.04,-37.161,0,"TaeGeuk_",-0.243,-17.889,0,"k@ster",-21.6,-44.08,0,"Yaksok~",-16.616,-62.586,0,"Slaris",20.96,-48.45,0,"CoalCat",7.655,-66.458,0,"AI",40.9,-90.65,0,"AI",0,-109.84,0,"AI",-40.8,-90.55,0,0,0,0,0,0,"",0,0,0,0,965.157,,,,0,0
31,2,1,3,3,0,0,1,0,0,0,255,255,255,15,982.588,"HANA_ARASHI",R,10,82,123,0.036,0.11,0.252,2.183,-0.014,2.122,-36.64,32.068,100,0,0,0,0,14.549,400,36.813,0,0,0,1,5,R,"Yes_Man_",175.1,85.251,0.499,0,67,W,Y,0,0,0,0,0,0,0,0,0,0,0,0,0,0,0,0,-0.037,-37.574,0,"TaeGeuk_",0.013,-17.924,0,"k@ster",-21.223,-46.55,0,"Yaksok~",-16.624,-62.611,0,"Slaris",20.676,-48.601,0,"CoalCat",8.264,-66.428,0,"AI",40.9,-90.65,0,"AI",0,-109.84,0,"AI",-40.8,-90.55,0,0,0,0,0,0,"",0,0,0,0,983.946,,,,0,0
32,2,1,3,3,0,1,1,0,0,0,255,255,255,16,994.872,"HANA_ARASHI",R,14,77,104,1.447,-1.367,0.309,2.149,0.169,1.418,-36.64,30.59,100,0,0,2,0,226.04,400,-5.364,0,0,1,1,5,R,"Yes_Man_",175.1,85.251,0.499,3,67,W,Y,996.055,181,146,95,83,72,145,101,-30,17.189,0,0,0.673,387.712,-195.606,-414.026,0.121,-36.999,0,"TaeGeuk_",0.044,-17.886,0,"k@ster",-21.164,-46.483,80,"Yaksok~",-17.229,-63.697,107,"Slaris",20.658,-48.578,0,"CoalCat",8.265,-66.327,0,"AI",40.9,-90.65,0,"AI",0,-109.84,0,"AI",-40.8,-90.55,0,995.968,0.037,-21.173,998.213,3,"Yaksok~",-11.683,-59.287,0,0,,,,,41,2
33,2,1,3,3,0,0,2,0,0,0,255,255,255,17,1016.798,"HANA_ARASHI",R,39,58,100,-1.716,1.937,0.066,2.451,-0.585,2.542,-36.64,47.882,100,0,0,1,0,-78.788,-200,-3.656,0,0,0,2,2,L,"HOGGYS 호기스",185.3,92.075,0.44,0,67,W,Y,0,0,0,0,0,0,0,0,0,0,0,0,0,0,0,0,0.067,-37.316,0,"TaeGeuk_",-0.346,-18.06,0,"k@ster",-20.702,-46.75,0,"Yaksok~",-16.788,-62.76,0,"Slaris",20.519,-48.559,0,"CoalCat",10.598,-64.21,0,"AI",40.9,-90.65,0,"AI",0,-109.84,0,"AI",-40.8,-90.55,0,0,0,0,0,0,"",0,0,0,0,1018.291,,,,0,0
34,2,1,3,3,1,0,2,0,0,0,255,255,255,18,1029.542,"HANA_ARASHI",R,10,77,117,-1.182,-0.523,0.146,2.244,-0.503,1.633,-36.64,26.216,82,18,0,2,0,0,400,13.29,0,0,1,2,2,L,"HOGGYS 호기스",185.3,92.075,0.44,3,67,W,Y,1030.656,189,66,66,23,0,134,93,62.795,51.936,-0.25,0,0.324,-300.665,-463.017,-234.98,-0.029,-37.037,0,"TaeGeuk_",0.008,-17.865,0,"k@ster",-20.944,-46.482,0,"Yaksok~",-16.798,-62.769,0,"Slaris",20.488,-48.506,0,"CoalCat",10.625,-64.087,85,"AI",40.9,-90.65,0,"AI",0,-109.84,0,"AI",-40.8,-90.55,0,1036.191,-42.391,-66.666,1036.813,8,"AI",-43.019,-67.478,1,0,,,,,36,2
35,2,1,3,3,0,0,2,1,0,0,2,255,255,19,1055.245,"HANA_ARASHI",R,26,82,133,0.639,0.959,0.344,2.238,0.416,2.01,-36.64,39.534,92,8,0,0,0,-102.24,-200,-7.19,0,0,1,3,1,R,"-KYU-",190,83,0.434,0,66,W,Y,0,0,0,0,0,0,0,0,0,0,0,0,0,0,0,0,0.162,-37.145,0,"TaeGeuk_",0.006,-18.118,0,"k@ster",-21.022,-46.882,0,"Yaksok~",-18.502,-63.991,0,"Slaris",19.386,-48.548,0,"CoalCat",8.606,-64.92,0,"AI",40.9,-90.65,0,"AI",0,-109.84,0,"AI",-40.8,-90.55,0,0,0,0,0,0,"",0,0,0,0,1056.335,,,,0,0
36,2,1,3,3,0,1,2,1,0,0,2,255,255,20,1067.042,"HANA_ARASHI",R,10,75,116,-2.747,-2.141,-0.002,1.967,-1.194,0.738,-36.64,11.228,48,52,0,2,0,0,400,9.778,0,0,1,3,1,R,"-KYU-",190,83,0.434,3,66,W,Y,1068.085,255,161,160,159,48,145,112,-30,39.672,0.92,0,0.522,-59.024,-417.735,-426.631,-0.34,-37.208,0,"TaeGeuk_",-0.19,-18.248,0,"k@ster",-20.939,-46.797,0,"Yaksok~",-17.421,-63.749,0,"Slaris",19.45,-49.184,0,"CoalCat",8.595,-64.932,0,"AI",40.9,-90.65,0,"AI",0,-109.84,0,"AI",-40.8,-90.55,0,1068.002,-0.815,-21.245,1072.513,8,"AI",-49.876,-83.914,1,0,,1073.902,,,36,2
37,2,1,3,3,0,0,2,1,1,0,1,2,255,21,1092.598,"HANA_ARASHI",R,13,72,111,-1.176,0.006,0.284,2.252,0.137,2.053,-36.64,33.247,76,24,0,2,0,-357.485,349.577,0.236,0,0,1,4,4,R,"si_ho",190,88.027,0.348,3,66,W,Y,1093.745,255,132,93,135,64,145,102,-29.342,54.007,0.96,0,0.66,429.935,-362.695,208.826,-0.167,-37.186,0,"TaeGeuk_",-0.257,-18.191,0,"k@ster",-20.953,-46.524,0,"Yaksok~",-17.326,-62.387,0,"Slaris",20.201,-49.266,0,"CoalCat",6.59,-63.258,0,"AI",40.9,-90.65,0,"AI",0,-109.84,0,"AI",-40.8,-90.55,0,1093.746,-2.576,-22.385,0,0,"",0,0,0,0,,1101.604,,,32,3
38,2,1,3,3,0,1,2,1,1,0,1,2,255,22,1107.946,"HANA_ARASHI",R,14,77,115,2.149,-1.057,0.307,2.024,0.242,1.316,-36.64,22.994,100,0,0,4,0,390.434,312.348,3.676,0,0,1,4,4,R,"si_ho",190,88.027,0.348,0,66,W,Y,0,0,0,0,0,0,0,0,0,0,0,0,0,0,0,0,-0.032,-37.611,0,"TaeGeuk_",0.012,-18.014,0,"k@ster",-20.991,-46.358,0,"Yaksok~",-18.402,-64.828,0,"Slaris",20.129,-48.398,0,"CoalCat",6.491,-62.615,0,"AI",40.9,-90.65,0,"AI",0,-109.84,0,"AI",-40.8,-90.55,0,0,0,0,0,0,"",0,0,0,0,1109.402,1111.921,,,0,0
39,2,1,3,3,0,2,2,1,1,0,1,2,255,23,1122.04,"HANA_ARASHI",R,26,97,140,-3.252,-0.222,0.004,2.132,-1.629,1.271,-36.64,19.299,78,22,0,1,0,154.616,-200,7.519,0,0,0,4,4,R,"si_ho",190,88.027,0.348,0,66,W,Y,0,0,0,0,0,0,0,0,0,0,0,0,0,0,0,0,-0.156,-37.685,0,"TaeGeuk_",-0.793,-18.212,0,"k@ster",-21.214,-44.576,0,"Yaksok~",-18.289,-63.471,0,"Slaris",20.781,-47.626,0,"CoalCat",6.211,-62.44,0,"AI",40.9,-90.65,0,"AI",0,-109.84,0,"AI",-40.8,-90.55,0,0,0,0,0,0,"",0,0,0,0,1123.335,1127.526,,,0,0
40,2,1,3,3,1,2,2,1,1,0,1,2,255,24,1137.047,"HANA_ARASHI",R,26,95,140,0.897,1.312,0.322,2.428,0.312,2.231,-36.64,48.598,72,28,0,2,0,50.665,-200,5.22,0,0,1,4,4,R,"si_ho",190,88.027,0.348,3,66,W,Y,1138.16,183,94,61,0,0,90,97,-30,40.111,0.73,0,0.316,-254.514,523.313,-146.173,-0.062,-36.842,0,"TaeGeuk_",-0.294,-18.158,0,"k@ster",-20.762,-46.622,72,"Yaksok~",-18.12,-64.061,0,"Slaris",20.604,-48.823,0,"CoalCat",5.87,-62.337,0,"AI",40.9,-90.65,0,"AI",0,-109.84,0,"AI",-40.8,-90.55,0,1138.213,-1.717,-20.63,1139.868,2,"k@ster",-20.179,-42.011,0,0,,1142.786,1142.286,,40,2
41,2,0,3,3,0,0,0,0,0,0,255,255,255,15,1175.721,"CVPileMaki",R,4,86,134,-2.389,-0.628,0.033,1.627,-0.775,1.235,-36.44,12.762,46,54,0,2,0,-189.489,0,1.999,0,0,1,0,3,R,"Yaksok~",174.5,87,0.328,3,65,W,Y,1176.653,249,189,108,93,47,145,126,-30,48.569,0.57,0,0.136,-393.683,-336.483,-302.974,-0.183,-36.863,0,"-KYU-",-0.47,-18.018,0,"HOGGYS 호기스",-21.118,-46.078,0,"_Gosomi",-15.896,-60.351,0,"si_ho",20.008,-50.113,0,"Yes_Man_",10.217,-63.53,0,"AI",40.9,-90.65,0,"AI",0,-109.84,0,"AI",-40.8,-90.55,0,1176.613,-1.671,-20.751,0,0,"",0,0,0,0,,,,,32,3
42,2,0,3,3,0,1,0,0,0,0,255,255,255,16,1192.558,"CVPileMaki",R,34,93,140,-1.416,-0.041,0.05,1.711,-0.699,1.53,-36.44,18.206,43,57,0,2,0,60.516,-45.891,7.761,0,0,1,0,3,R,"Yaksok~",174.5,87,0.328,3,65,W,Y,1193.494,110,141,90,80,34,137,102,-30,49.918,0.94,0,0.207,589.788,-33.015,105.17,-0.261,-36.795,0,"-KYU-",-0.413,-17.918,0,"HOGGYS 호기스",-20.283,-45.267,0,"_Gosomi",-16.903,-58.17,0,"si_ho",20.179,-51.098,0,"Yes_Man_",8.979,-62.779,0,"AI",40.9,-90.65,0,"AI",0,-109.84,0,"AI",-40.8,-90.55,0,1193.468,-1.927,-21.138,0,0,"",0,0,0,0,,,,,32,3
43,2,0,3,3,0,2,0,0,0,0,255,255,255,17,1210.135,"CVPileMaki",R,34,85,138,-0.587,-1.415,0.126,1.486,-0.343,0.737,-36.44,10.118,55,45,0,1,0,61.361,-49.474,5.539,0,0,0,0,3,R,"Yaksok~",174.5,87,0.328,0,65,W,Y,0,0,0,0,0,0,0,0,0,0,0,0,0,0,0,0,0.354,-37.609,0,"-KYU-",-0.182,-17.819,0,"HOGGYS 호기스",-19.653,-45.15,0,"_Gosomi",-15.692,-57.322,0,"si_ho",20.087,-49.031,0,"Yes_Man_",8.781,-62.757,0,"AI",40.9,-90.65,0,"AI",0,-109.84,0,"AI",-40.8,-90.55,0,0,0,0,0,0,"",0,0,0,0,1211.28,,,,0,0
44,2,0,3,3,1,2,0,0,0,0,255,255,255,18,1224.169,"CVPileMaki",R,28,85,137,-0.977,-2.076,0.1,1.365,-0.467,0.308,-36.44,15.896,54,46,0,4,0,27.659,-86.882,5.061,0,0,1,0,3,R,"Yaksok~",174.5,87,0.328,0,65,W,Y,0,0,0,0,0,0,0,0,0,0,0,0,0,0,0,0,-0.249,-37.239,0,"-KYU-",-0.471,-18.123,0,"HOGGYS 호기스",-20.218,-43.25,0,"_Gosomi",-17.047,-55.046,0,"si_ho",19.793,-48.891,0,"Yes_Man_",8.21,-62.634,0,"AI",40.9,-90.65,0,"AI",0,-109.84,0,"AI",-40.8,-90.55,0,0,0,0,0,0,"",0,0,0,0,1225.268,,,,0,0
45,2,0,3,3,0,0,1,0,0,0,255,255,255,19,1248.818,"CVPileMaki",R,4,90,134,0.424,-0.326,0.332,1.763,0.426,1.507,-36.44,30.77,88,12,0,2,0,-178.895,111.182,2.576,0,0,0,1,4,R,"Slaris",190,85.69,0.452,3,65,W,Y,1249.721,255,95,154,109,43,145,104,25.538,-47.58,0.94,0,0.277,-203.338,563.73,-29.374,0.053,-36.838,0,"-KYU-",-0.05,-17.833,0,"HOGGYS 호기스",-19.617,-44.595,0,"_Gosomi",-14.613,-59.627,0,"si_ho",20.408,-49.533,0,"Yes_Man_",7.251,-62.764,85,"AI",40.9,-90.65,0,"AI",0,-109.84,0,"AI",-40.8,-90.55,0,1253.035,50.024,-78.56,1257.024,6,"AI",64.328,-102.532,1,0,,1259.892,,,34,2
46,2,0,3,3,0,0,1,0,1,0,255,14,255,20,1280.202,"CVPileMaki",R,5,89,136,-0.389,-0.427,0.246,1.736,-0.017,1.367,-36.44,27.617,58,42,0,2,0,-139.381,20.848,3.679,0,0,1,2,5,R,"CoalCat",174.9,83,0.397,3,66,W,Y,1281.513,84,28,82,93,58,126,82,-0.904,59.91,0.98,0.333,0.529,-216.092,543.632,-133.301,-0.096,-36.709,0,"-KYU-",-0.061,-17.859,0,"HOGGYS 호기스",-17.622,-43.252,0,"_Gosomi",-13.208,-58.427,0,"si_ho",19.552,-48.613,0,"Yes_Man_",8.849,-60.908,0,"AI",40.9,-90.65,0,"AI",0,-109.84,0,"AI",-40.8,-90.55,0,1281.957,-10.297,-25.363,0,0,"",0,0,0,0,,1285.013,,,32,3
47,2,0,3,3,0,1,1,0,1,0,255,14,255,21,1299.496,"CVPileMaki",R,27,94,140,0.346,0.151,0.214,1.728,0.065,1.59,-36.44,27.177,88,12,0,2,0,59.015,-102.987,2.618,0,0,1,2,5,R,"CoalCat",174.9,83,0.397,3,37,W,Y,1300.708,183,30,52,74,28,136,80,-16.036,22.018,-0.83,0,0.41,429.384,127.596,-399.185,0.033,-36.96,0,"-KYU-",-0.11,-17.908,0,"HOGGYS 호기스",-19.986,-44.91,85,"_Gosomi",-15.347,-57.721,104,"si_ho",19.385,-48.336,0,"Yes_Man_",8.888,-60.905,0,"AI",40.9,-90.65,0,"AI",0,-109.84,0,"AI",-40.8,-90.55,0,1300.757,-1.164,-23.317,1302.968,3,"_Gosomi",-9.744,-51.93,0,0,,,1304.88,,37,2
48,2,0,3,3,0,0,2,0,0,1,255,255,14,22,1323.406,"CVPileMaki",R,28,86,139,0.377,0.542,0.215,1.779,0.068,1.782,-36.44,29.325,90,10,0,0,0,66.848,-91.16,8.512,0,0,0,3,2,R,"k@ster",160,80,0.648,0,66,W,Y,0,0,0,0,0,0,0,0,0,0,0,0,0,0,0,0,-0.067,-36.865,0,"-KYU-",0.005,-17.722,0,"HOGGYS 호기스",-19.97,-44.786,0,"_Gosomi",-15.813,-58.207,0,"si_ho",19.523,-43.364,0,"Yes_Man_",8.675,-62.7,0,"AI",40.9,-90.65,0,"AI",0,-109.84,0,"AI",-40.8,-90.55,0,0,0,0,0,0,"",0,0,0,0,1324.524,,1326.051,,0,0
49,2,0,3,3,0,1,2,0,0,1,255,255,14,23,1336.555,"CVPileMaki",R,4,92,135,-2.775,-1.013,-0.015,1.59,-0.998,1.053,-36.44,5.896,39,61,0,1,0,-151.122,0,5.607,0,0,0,3,2,R,"k@ster",160,80,0.648,0,66,W,Y,0,0,0,0,0,0,0,0,0,0,0,0,0,0,0,0,0.044,-37.16,0,"-KYU-",-0.548,-17.856,0,"HOGGYS 호기스",-19.97,-44.793,0,"_Gosomi",-15.183,-57.819,0,"si_ho",18.919,-43.235,0,"Yes_Man_",8.681,-62.692,0,"AI",40.9,-90.65,0,"AI",0,-109.84,0,"AI",-40.8,-90.55,0,0,0,0,0,0,"",0,0,0,0,1337.691,,1347.185,,0,2
50,2,0,3,3,1,1,2,0,0,1,255,255,14,24,1362.228,"CVPileMaki",R,12,82,130,0.712,0.117,0.306,1.875,0.301,1.742,-36.44,35.454,91,9,0,2,0,0,84.271,5.248,0,0,1,3,2,R,"k@ster",160,80,0.648,3,66,W,Y,1363.226,177,116,61,45,20,137,76,-6.849,-19.615,-0.79,0,0.13,347.899,-425.274,241.056,0.08,-36.922,0,"-KYU-",0.009,-17.954,130,"HOGGYS 호기스",-20.919,-46.003,0,"_Gosomi",-12.571,-60,0,"si_ho",18.454,-45.728,0,"Yes_Man_",7.19,-62.411,95,"AI",40.9,-90.65,0,"AI",0,-109.84,0,"AI",-40.8,-90.55,0,1363.28,2.011,-24.756,1365.691,5,"Yes_Man_",11.339,-54.943,1,0,1368.202,1379.503,,1368.072,42,2
51,2,0,3,4,0,0,2,0,1,0,255,12,255,25,1399.803,"CVPileMaki",R,27,95,140,-0.098,-0.317,0.173,1.646,-0.127,1.306,-36.44,19.007,58,42,0,2,0,59.197,-118.492,5.422,0,0,0,4,1,R,"TaeGeuk_",177.7,90.533,0.644,3,65,W,Y,1400.646,177,220,111,113,32,145,100,30.762,-12.209,-0.12,0,0.179,597.95,49.479,2.782,-0.116,-36.77,0,"-KYU-",-0.026,-17.769,0,"HOGGYS 호기스",-19.459,-44.505,0,"_Gosomi",-13.884,-61.686,0,"si_ho",19.012,-48.404,0,"Yes_Man_",8.704,-62.377,0,"AI",40.9,-90.65,0,"AI",0,-109.84,0,"AI",-40.8,-90.55,0,1405.902,17.828,-102.973,0,0,"",0,0,0,0,,1407.571,,,32,1
52,3,1,3,4,0,0,0,0,0,0,255,255,255,25,1443.645,"HANA_ARASHI",R,13,72,100,-0.649,-0.234,0.36,2.231,0.326,2.045,-36.64,29.815,80,20,0,2,0,-289.227,385.721,20.533,0,0,1,5,0,R,"CVPileMaki",190,94.088,0.399,3,65,W,Y,1444.805,140,140,111,159,96,144,99,28.916,-12.793,0.98,0,0.415,3.359,507.994,319.266,-0.095,-37.254,0,"TaeGeuk_",-0.092,-17.841,0,"k@ster",-20.778,-46.788,0,"Yaksok~",-16.158,-62.888,0,"Slaris",19.961,-49.934,0,"CoalCat",9.386,-65.226,0,"AI",40.9,-90.65,0,"AI",0,-109.84,0,"AI",-40.8,-90.55,0,1449.491,7.045,-103.06,0,0,"",0,0,0,0,,,,,32,1
53,3,1,3,4,0,0,1,0,0,0,255,255,255,26,1469.899,"HANA_ARASHI",R,14,73,101,-1.015,1.021,-0.006,2.542,-1.118,2.776,-36.64,53.599,100,0,0,0,0,325.592,352.499,-7.937,0,0,1,0,3,R,"_Gosomi",180,85,0.31,0,65,W,Y,0,0,0,0,0,0,0,0,0,0,0,0,0,0,0,0,0.048,-37.279,0,"TaeGeuk_",-0.179,-17.896,0,"k@ster",-20.924,-46.155,0,"Yaksok~",-15.701,-63.436,0,"Slaris",19.905,-48.708,0,"CoalCat",7.983,-64.499,0,"AI",40.9,-90.65,0,"AI",0,-109.84,0,"AI",-40.8,-90.55,0,0,0,0,0,0,"",0,0,0,0,1471.335,,,,0,0
54,3,1,3,4,0,1,1,0,0,0,255,255,255,27,1483.302,"HANA_ARASHI",R,10,90,128,-1.333,-0.451,0.128,2.28,-0.588,1.757,-36.64,34.122,82,18,0,2,0,2.906,400,6.174,0,0,1,0,3,R,"_Gosomi",180,85,0.31,3,65,W,Y,1484.417,165,77,106,79,28,145,100,-30,-27.765,0.95,0,0.424,-419.515,-424.244,-63.435,-0.049,-37.223,0,"TaeGeuk_",-0.215,-18.057,0,"k@ster",-20.941,-46.306,77,"Yaksok~",-15.772,-63.696,0,"Slaris",19.57,-48.778,98,"CoalCat",8.556,-65.425,0,"AI",40.9,-90.65,0,"AI",0,-109.84,0,"AI",-40.8,-90.55,0,1484.357,0.204,-20.034,1485.924,4,"Slaris",13.024,-49.467,0,0,,,,,42,2
55,3,1,3,4,0,0,2,0,0,0,255,255,255,28,1503.573,"HANA_ARASHI",R,26,93,140,0.571,1.135,0.294,2.163,0.184,2.052,-36.64,32.655,73,27,0,4,0,40.509,-200,16.06,0,0,1,1,5,R,"Yes_Man_",175.1,85.251,0.499,0,64,W,Y,0,0,0,0,0,0,0,0,0,0,0,0,0,0,0,0,-0.221,-37.476,0,"TaeGeuk_",0.053,-17.837,0,"k@ster",-20.844,-46.246,0,"Yaksok~",-14.942,-63.187,0,"Slaris",19.41,-48.487,0,"CoalCat",8.551,-64.648,0,"AI",40.9,-90.65,0,"AI",0,-109.84,0,"AI",-40.8,-90.55,0,0,0,0,0,0,"",0,0,0,0,1504.857,,,,0,0
56,3,1,3,4,0,1,2,0,0,0,255,255,255,29,1520.467,"HANA_ARASHI",R,26,104,140,-2.321,-0.799,0.025,1.855,-1.066,0.97,-36.64,7.34,46,54,0,1,0,39.288,-162.262,19.706,0,0,0,1,5,R,"Yes_Man_",175.1,85.251,0.499,0,64,W,Y,0,0,0,0,0,0,0,0,0,0,0,0,0,0,0,0,-0.32,-37.832,0,"TaeGeuk_",-0.227,-17.759,0,"k@ster",-20.896,-46.247,0,"Yaksok~",-15.413,-63.802,0,"Slaris",19.658,-50.263,0,"CoalCat",8.551,-64.68,0,"AI",40.9,-90.65,0,"AI",0,-109.84,0,"AI",-40.8,-90.55,0,0,0,0,0,0,"",0,0,0,0,1521.735,,,,0,0
57,3,1,3,4,1,1,2,0,0,0,255,255,255,30,1533.654,"HANA_ARASHI",R,26,82,133,-0.587,0.391,0.16,2.038,-0.438,1.611,-36.64,26.858,73,27,0,0,0,121.617,-200,12.834,0,0,1,1,5,R,"Yes_Man_",175.1,85.251,0.499,0,64,W,Y,0,0,0,0,0,0,0,0,0,0,0,0,0,0,0,0,-0.304,-37.872,0,"TaeGeuk_",-0.048,-17.673,0,"k@ster",-20.905,-46.089,0,"Yaksok~",-15.391,-63.548,0,"Slaris",20.09,-49.844,0,"CoalCat",8.581,-64.63,0,"AI",40.9,-90.65,0,"AI",0,-109.84,0,"AI",-40.8,-90.55,0,0,0,0,0,0,"",0,0,0,0,1534.946,,,,0,0
58,3,1,3,4,1,2,2,0,0,0,255,255,255,31,1549.769,"HANA_ARASHI",R,26,90,140,-0.352,-1.521,0.236,1.727,-0.085,0.519,-36.64,22.021,55,45,0,4,0,-55.849,-200,1.779,0,0,1,1,5,R,"Yes_Man_",175.1,85.251,0.499,0,64,W,Y,0,0,0,0,0,0,0,0,0,0,0,0,0,0,0,0,-0.183,-37.419,0,"TaeGeuk_",-0.089,-17.674,0,"k@ster",-20.839,-45.827,0,"Yaksok~",-15.225,-63.349,0,"Slaris",20.353,-48.298,0,"CoalCat",8.475,-64.66,0,"AI",40.907,-90.657,0,"AI",0,-109.84,0,"AI",-40.807,-90.557,0,0,0,0,0,0,"",0,0,0,0,1551.046,,,,0,0
59,3,0,3,4,0,0,0,0,0,0,255,255,255,26,1606.586,"CVPileMaki",R,28,88,140,-3.154,-1.273,-0.106,1.468,-1.425,0.752,-36.44,8.487,42,58,0,1,0,40.373,-65.894,3.228,0,0,0,5,0,R,"HANA_ARASHI",190,90,0.25,0,64,W,Y,0,0,0,0,0,0,0,0,0,0,0,0,0,0,0,0,-0.211,-37.227,0,"-KYU-",-0.188,-17.823,0,"HOGGYS 호기스",-20.846,-44.957,0,"_Gosomi",-13.455,-58.239,0,"si_ho",19.205,-48.76,0,"Yes_Man_",8.967,-61.76,0,"AI",40.9,-90.65,0,"AI",0,-109.84,0,"AI",-40.8,-90.55,0,0,0,0,0,0,"",0,0,0,0,1607.735,,,,0,0
60,3,0,3,4,1,0,0,0,0,0,255,255,255,27,1621.622,"CVPileMaki",R,3,94,128,-5.122,-1.143,-0.146,1.51,-1.609,0.888,-36.44,8.6,12,88,0,4,0,-413.782,0,5.488,-1.466,-15.032,1,5,0,R,"HANA_ARASHI",190,90,0.25,0,64,W,Y,0,0,0,0,0,0,0,0,0,0,0,0,0,0,0,0,-0.282,-37.159,0,"-KYU-",-0.962,-16.605,0,"HOGGYS 호기스",-20.433,-43.981,0,"_Gosomi",-14.602,-59.009,0,"si_ho",19.229,-48.759,0,"Yes_Man_",9.055,-61.734,0,"AI",40.9,-90.65,0,"AI",0,-109.84,0,"AI",-40.8,-90.55,0,0,0,0,0,0,"",0,0,0,0,1626.391,,,,0,0
61,3,0,3,4,1,1,0,0,0,0,255,255,255,28,1644.489,"CVPileMaki",R,28,81,132,0.303,-0.197,0.209,1.666,0.044,1.395,-36.44,30.301,52,48,0,2,0,56.75,-94.996,4.127,0,0,1,5,0,R,"HANA_ARASHI",190,90,0.25,3,64,W,Y,1645.487,185,113,91,93,51,145,96,-11.235,17.251,-0.54,0,0.597,-173.222,570.346,-68.551,-0.16,-36.894,0,"-KYU-",-0.062,-17.811,0,"HOGGYS 호기스",-20.874,-45.208,0,"_Gosomi",-13.622,-60.746,92,"si_ho",19.171,-48.651,0,"Yes_Man_",8.48,-61.723,0,"AI",40.9,-90.65,0,"AI",0,-109.84,0,"AI",-40.8,-90.55,0,1645.502,-1.251,-24.409,1647.402,3,"_Gosomi",-9.113,-55.234,0,0,,,,,37,2
62,3,0,3,4,0,0,1,0,0,0,255,255,255,29,1671.345,"CVPileMaki",R,34,82,134,0.49,-0.404,0.22,1.648,0.095,1.307,-36.44,24.583,61,39,0,2,0,80.663,-50.163,10.597,0,0,1,0,3,R,"Yaksok~",174.5,87,0.328,3,63,W,Y,1672.193,114,167,86,106,45,137,126,105.101,-56.897,0.49,0,0.124,-588.302,-115.329,24.499,0.003,-36.689,0,"-KYU-",0.011,-18.165,0,"HOGGYS 호기스",-21.024,-46.351,0,"_Gosomi",-15.23,-58.483,0,"si_ho",19.451,-48.135,0,"Yes_Man_",8.5,-63.138,0,"AI",40.9,-90.65,0,"AI",0,-109.84,0,"AI",-40.8,-90.55,0,0,0,0,0,0,"",0,0,0,0,,,,,32,3
63,3,0,3,4,0,1,1,0,0,0,255,255,255,30,1687.472,"CVPileMaki",R,10,92,128,-0.953,-2.108,0.11,1.514,-0.418,0.837,-36.44,13.286,45,55,0,4,0,0,400,11.064,-0.201,-19.029,1,0,3,R,"Yaksok~",174.5,87,0.328,0,63,W,Y,0,0,0,0,0,0,0,0,0,0,0,0,0,0,0,0,-0.227,-37.995,0,"-KYU-",-0.513,-19.011,0,"HOGGYS 호기스",-20.701,-44.266,0,"_Gosomi",-14.936,-56.822,0,"si_ho",20.22,-48.703,0,"Yes_Man_",9.55,-62.936,0,"AI",40.9,-90.65,0,"AI",0,-109.84,0,"AI",-40.8,-90.55,0,0,0,0,0,0,"",0,0,0,0,1688.591,,,,0,0
64,3,0,3,4,0,2,1,0,0,0,255,255,255,31,1703.689,"CVPileMaki",R,34,91,140,0.107,-0.242,0.193,1.678,-0.031,1.414,-36.44,30.1,86,14,0,0,0,54.114,-47.704,3.948,0,0,1,0,3,R,"Yaksok~",174.5,87,0.328,0,63,W,Y,0,0,0,0,0,0,0,0,0,0,0,0,0,0,0,0,-0.084,-36.962,0,"-KYU-",-0.122,-17.765,0,"HOGGYS 호기스",-19.577,-43.433,0,"_Gosomi",-14.711,-57.407,0,"si_ho",19.967,-48.681,0,"Yes_Man_",9.573,-62.89,0,"AI",40.9,-90.65,0,"AI",0,-109.84,0,"AI",-40.8,-90.55,0,0,0,0,0,0,"",0,0,0,0,1704.713,,,,0,0
65,3,0,3,4,0,0,2,0,0,0,255,255,255,32,1722.704,"CVPileMaki",R,3,88,131,-1.288,-0.47,0.175,1.645,-0.117,1.325,-36.44,23.918,49,51,0,2,0,-310.481,15.773,3.652,0,0,0,1,4,R,"Slaris",190,85.69,0.452,3,64,W,Y,1723.568,247,117,168,98,52,145,130,30.852,41.851,0.52,0,0.325,433.35,-228.405,346.466,-0.184,-36.931,0,"-KYU-",0.108,-17.758,0,"HOGGYS 호기스",-20.912,-45.398,0,"_Gosomi",-15.504,-59.152,0,"si_ho",20.002,-49.21,0,"Yes_Man_",9.545,-62.896,0,"AI",40.9,-90.65,0,"AI",0,-109.84,0,"AI",-40.8,-90.55,0,1728.313,-74.922,-108.75,0,0,"",0,0,0,0,,1734.202,1739.552,,32,4
66,3,0,3,5,0,0,2,0,0,0,255,255,255,33,1775.03,"CVPileMaki",R,27,79,129,0.809,-0.075,0.27,1.755,0.236,1.445,-36.44,43.253,91,9,0,2,0,73.322,-102.4,2.217,0,0,1,2,5,R,"CoalCat",174.9,83,0.397,3,64,W,Y,1776.139,255,133,108,108,54,145,86,-21.402,-12.711,-0.76,0,0.527,-255.914,139.527,-524.443,-0.066,-37.128,0,"-KYU-",-0.017,-17.981,0,"HOGGYS 호기스",-21.514,-46.076,74,"_Gosomi",-16.816,-58.311,0,"si_ho",19.532,-48.632,0,"Yes_Man_",8.609,-64.958,107,"AI",40.9,-90.65,0,"AI",0,-109.84,0,"AI",-40.8,-90.55,0,1776.091,0.646,-22.779,1778.391,5,"Yes_Man_",9.055,-58.2,0,0,,,,,38,2
67,4,1,3,5,0,0,0,0,0,0,255,255,255,32,1818.683,"HANA_ARASHI",R,26,95,140,-0.404,0.29,0.193,2.228,-0.284,1.58,-36.64,32.974,79,21,0,0,0,74.669,-200,10.168,0,0,0,2,2,L,"HOGGYS 호기스",185.3,92.075,0.44,0,64,W,Y,0,0,0,0,0,0,0,0,0,0,0,0,0,0,0,0,0.315,-37.23,0,"TaeGeuk_",-0.053,-17.643,0,"k@ster",-20.636,-46.962,0,"Yaksok~",-16.506,-62.698,0,"Slaris",20.733,-47.165,0,"CoalCat",10.419,-64.145,0,"AI",40.9,-90.65,0,"AI",0,-109.84,0,"AI",-40.8,-90.55,0,0,0,0,0,0,"",0,0,0,0,1819.924,,,,0,0
68,4,1,3,5,0,1,0,0,0,0,255,255,255,33,1832.225,"HANA_ARASHI",R,26,95,140,-0.766,-0.355,0.179,2.109,-0.351,1.186,-36.64,36.215,78,22,0,0,0,8.144,-200,-0.093,0,0,1,2,2,L,"HOGGYS 호기스",185.3,92.075,0.44,0,64,W,Y,0,0,0,0,0,0,0,0,0,0,0,0,0,0,0,0,0.337,-37.422,0,"TaeGeuk_",-0.053,-17.645,0,"k@ster",-20.514,-46.999,0,"Yaksok~",-16.418,-62.901,0,"Slaris",20.333,-47.67,0,"CoalCat",10.322,-64.122,0,"AI",40.9,-90.65,0,"AI",0,-109.84,0,"AI",-40.8,-90.55,0,0,0,0,0,0,"",0,0,0,0,1833.524,,,,0,0
69,4,1,3,5,0,2,0,0,0,0,255,255,255,34,1847.014,"HANA_ARASHI",R,26,94,140,1.259,0.31,0.362,2.034,0.5,1.602,-36.64,27.682,84,16,0,2,0,27.58,-200,11.354,0,0,0,2,2,L,"HOGGYS 호기스",185.3,92.075,0.44,3,64,W,Y,1848.025,135,51,65,22,0,129,118,25.869,-47.437,0.69,0,0.337,72.389,-591.071,73.453,0.163,-36.965,0,"TaeGeuk_",-0.025,-17.752,0,"k@ster",-20.507,-46.969,0,"Yaksok~",-16.346,-63.272,0,"Slaris",19.761,-47.746,0,"CoalCat",10.551,-64.017,0,"AI",40.9,-90.65,0,"AI",0,-109.84,0,"AI",-40.8,-90.55,0,1852.646,86.253,-78.266,0,0,"",0,0,0,0,,,,,32,3
70,4,1,3,5,0,2,0,0,0,0,255,255,255,35,1864.959,"HANA_ARASHI",R,38,28,90,1.518,-0.209,0.394,2.001,0.649,1.492,-36.64,129.191,100,0,0,4,0,0,0,0,0,0,1,2,2,L,"HOGGYS 호기스",185.3,92.075,0.44,0,52,W,Y,0,0,0,0,0,0,0,0,0,0,0,0,0,0,0,0,-0.337,-37.826,0,"TaeGeuk_",0.036,-17.624,0,"k@ster",-20.603,-44.907,0,"Yaksok~",-16.222,-62.582,0,"Slaris",20.291,-48.009,0,"CoalCat",11.237,-63.871,0,"AI",40.9,-90.65,0,"AI",0,-109.84,0,"AI",-40.8,-90.55,0,0,0,0,0,0,"",0,0,0,0,1866.524,,,,0,0
71,4,1,3,5,0,0,1,0,0,0,255,255,255,36,1884.641,"HANA_ARASHI",R,15,43,81,-0.141,0.956,0.232,2.043,-0.069,1.638,-36.64,30.626,57,43,0,2,0,0,-400,12.842,0,0,1,3,1,R,"-KYU-",190,83,0.434,3,64,W,Y,1885.868,192,132,51,68,68,136,109,114.203,-65.309,0.06,0.19,0.819,44.094,597.521,-32.016,-0.131,-37.515,0,"TaeGeuk_",-0.039,-17.685,0,"k@ster",-21.594,-47.116,0,"Yaksok~",-17.042,-64.321,0,"Slaris",18.952,-49.602,0,"CoalCat",9.491,-65.473,0,"AI",40.9,-90.65,0,"AI",0,-109.84,0,"AI",-40.8,-90.55,0,0,0,0,0,0,"",0,0,0,0,,,,,32,3
72,4,1,3,5,0,1,1,0,0,0,255,255,255,37,1898.284,"HANA_ARASHI",R,26,93,140,-0.324,1.078,0.222,2.186,-0.151,2.095,-36.64,29.731,67,33,0,2,0,2.17,-200,17.946,0,0,1,3,1,R,"-KYU-",190,83,0.434,3,48,W,Y,1899.35,216,171,142,55,0,145,105,13.808,15.158,0.93,0,0.799,-180.647,566.378,-81.135,0.188,-36.939,0,"TaeGeuk_",-0.004,-17.656,0,"k@ster",-21.795,-47.394,0,"Yaksok~",-16.084,-63.126,0,"Slaris",18.576,-49.78,0,"CoalCat",9.486,-65.569,80,"AI",40.9,-90.65,0,"AI",0,-109.84,0,"AI",-40.8,-90.55,0,1902.102,-23.18,-80.483,1907.213,8,"AI",-41.879,-121.385,1,0,,1912.077,,,36,2
73,4,1,3,5,0,0,1,0,1,0,255,1,255,38,1926.998,"HANA_ARASHI",R,26,95,140,-1.573,0.371,0.092,2.062,-0.755,1.693,-36.64,13.574,85,15,0,2,0,48.689,-151.441,10.596,0,0,1,4,4,R,"si_ho",190,88.027,0.348,3,63,W,Y,1928.067,243,162,159,85,13,145,130,25.955,30.087,0.55,0,0.525,413.977,333.029,278.774,-0.129,-37.214,0,"TaeGeuk_",0.008,-17.743,0,"k@ster",-21.552,-47.21,0,"Yaksok~",-16.249,-62.563,0,"Slaris",20.147,-48.972,0,"CoalCat",6.306,-61.757,0,"AI",40.9,-90.65,0,"AI",0,-109.84,0,"AI",-40.8,-90.55,0,1932.946,-68.114,-114.636,0,0,"",0,0,0,0,,1938.537,1934.21,1939.744,32,4
74,4,1,5,5,0,0,1,0,0,0,255,255,255,39,1962.234,"HANA_ARASHI",R,10,72,102,-0.118,0.738,0.231,2.62,-0.058,2.636,-36.64,62.528,73,27,0,2,0,0,400,20.21,0,0,1,5,0,R,"CVPileMaki",190,94.088,0.399,3,63,W,Y,1963.468,107,118,157,117,85,137,123,111.51,-29.441,0.28,0,0.23,570.546,185.656,3.011,-0.216,-36.988,0,"TaeGeuk_",0.005,-17.198,0,"k@ster",-21.509,-47.89,0,"Yaksok~",-14.652,-63.633,0,"Slaris",19.908,-48.573,0,"CoalCat",7.543,-64.586,0,"AI",40.9,-90.65,0,"AI",0,-109.84,0,"AI",-40.8,-90.55,0,0,0,0,0,0,"",0,0,0,0,,,,,32,3
75,4,1,5,5,0,1,1,0,0,0,255,255,255,40,1976.176,"HANA_ARASHI",R,10,66,97,-0.026,-0.908,0.249,2.252,-0.018,1.659,-36.64,36.705,100,0,0,2,0,0,400,9.715,0,0,1,5,0,R,"CVPileMaki",190,94.088,0.399,3,63,W,Y,1977.368,145,129,125,142,99,145,130,23.48,-34.615,0.49,0,0.253,-463.143,365.724,-108.371,-0.033,-37.152,0,"TaeGeuk_",-0.165,-17.44,0,"k@ster",-20.806,-47.878,0,"Yaksok~",-14.611,-63.525,105,"Slaris",19.928,-49.049,0,"CoalCat",7.735,-64.52,0,"AI",40.9,-90.65,0,"AI",0,-109.84,0,"AI",-40.8,-90.55,0,1981.124,50.309,-108.029,1983.88,6,"AI",43.006,-115.971,1,0,,1988.126,,,33,2
76,4,1,5,5,0,0,1,0,1,0,255,0,255,41,2005.239,"HANA_ARASHI",R,26,74,125,2.62,0.679,0.452,2.284,0.917,1.771,-36.64,45.98,94,6,0,2,0,134.061,-200,-11.681,0,0,1,0,3,R,"_Gosomi",180,85,0.31,3,63,W,Y,2006.323,116,103,81,87,78,137,83,62.311,-48.398,-0.8,0,0.468,467.525,-375.951,-9.018,0.033,-37.11,0,"TaeGeuk_",-0.164,-17.438,0,"k@ster",-21.033,-47.294,0,"Yaksok~",-15.576,-62.854,0,"Slaris",19.101,-47.899,0,"CoalCat",8.148,-61.019,0,"AI",40.9,-90.65,0,"AI",0,-109.84,0,"AI",-40.8,-90.55,0,2012.302,40.737,-48.078,2014.844,4,"Slaris",39.477,-46.466,0,0,,2013.426,,,34,2
77,4,1,5,5,0,1,1,0,1,0,255,0,255,42,2027.782,"HANA_ARASHI",R,10,89,128,0.195,-0.97,0.336,2.19,-0.086,1.45,-36.64,36.419,91,9,0,2,0,105.976,400,-6.972,0,0,1,0,3,R,"_Gosomi",180,85,0.31,3,63,W,Y,2028.856,195,82,74,106,64,145,128,-30,-15.346,0.29,0,0.428,-185.474,-530.523,-210.108,0.107,-36.992,0,"TaeGeuk_",0.022,-17.689,0,"k@ster",-20.77,-47.189,70,"Yaksok~",-14.608,-62.784,0,"Slaris",19.011,-47.721,0,"CoalCat",6.332,-60.242,107,"AI",40.9,-90.65,0,"AI",0,-109.84,0,"AI",-40.8,-90.55,0,2028.757,0.237,-20.341,2030.991,4,"Slaris",11.308,-57.964,0,0,,2031.491,,,44,2
78,4,1,5,5,0,0,2,0,1,0,255,0,255,43,2050.36,"HANA_ARASHI",R,10,89,128,0.061,0.181,0.259,2.189,0.019,2.144,-36.64,27.239,77,23,0,2,0,0,400,23.027,0,0,1,1,5,R,"Yes_Man_",175.1,85.251,0.499,3,63,W,Y,2051.458,166,104,91,80,33,145,101,-0.262,18.322,-0.02,0,0.47,-169.22,569.101,-86.534,0.009,-37.189,0,"TaeGeuk_",0.044,-17.581,0,"k@ster",-20.444,-46.643,85,"Yaksok~",-15.865,-62.621,98,"Slaris",19.809,-48.832,0,"CoalCat",8.082,-61.773,0,"AI",40.9,-90.65,0,"AI",0,-109.84,0,"AI",-40.8,-90.55,0,2051.857,-5.222,-33.864,2053.646,4,"Slaris",-14.363,-59.417,0,0,,,,,41,2
79,4,0,5,5,0,0,0,0,0,0,255,255,255,34,2104.187,"CVPileMaki",R,5,80,115,-2.497,-0.71,-0.061,1.573,-0.81,1.209,-36.44,2.028,0,100,0,2,0,-117.054,0,4.298,0,0,1,3,2,R,"k@ster",160,80,0.648,3,63,W,Y,2105.176,157,157,67,92,53,139,92,14.416,8.362,0.92,0,0.221,-113.394,501.356,309.49,-0.224,-36.633,0,"-KYU-",-0.316,-18.011,0,"HOGGYS 호기스",-21.228,-46.371,0,"_Gosomi",-15.553,-59.632,85,"si_ho",19.313,-48.781,0,"Yes_Man_",10.619,-66.28,0,"AI",40.9,-90.65,0,"AI",0,-109.84,0,"AI",-40.8,-90.55,0,0,0,0,2110.235,4,"Slaris",-5.831,-61.433,0,0,,,,,33,1
80,4,0,5,5,0,0,1,0,0,0,255,255,255,35,2131.815,"CVPileMaki",R,0,79,128,0.37,0.028,0.277,1.778,0.21,1.61,-36.44,53.653,91,9,0,2,0,-35.345,0,0.327,0,0,1,4,1,R,"TaeGeuk_",177.7,90.533,0.644,3,64,W,Y,2132.601,255,130,131,90,38,145,104,28.478,-41.144,0.04,0,0.116,-312.782,502.779,96.858,-0.364,-36.639,0,"-KYU-",-0.318,-17.417,0,"HOGGYS 호기스",-21.27,-47.408,0,"_Gosomi",-13.933,-60.796,0,"si_ho",19.783,-49.728,0,"Yes_Man_",10.386,-62.502,95,"AI",40.9,-90.65,0,"AI",0,-109.84,0,"AI",-40.8,-90.55,0,2136.724,47.658,-90.302,2141.313,4,"Slaris",12.215,-66.776,0,0,,,,,34,1
81,4,0,5,5,0,0,2,0,0,0,255,255,255,36,2157.552,"CVPileMaki",R,10,80,121,0.947,-0.508,0.29,1.841,0.453,1.711,-36.44,54.512,93,7,0,2,0,-30.315,385.447,-3.253,0,0,1,5,0,R,"HANA_ARASHI",190,90,0.25,3,63,W,Y,2158.602,255,162,199,183,22,145,99,97.806,-82.025,-0.38,0,0.897,411.03,-436.78,-16.646,-0.401,-36.809,0,"-KYU-",0.003,-17.961,0,"HOGGYS 호기스",-22.017,-46.884,0,"_Gosomi",-14.819,-61.928,0,"si_ho",19.112,-48.456,0,"Yes_Man_",9.473,-61.133,0,"AI",40.9,-90.65,0,"AI",0,-109.84,0,"AI",-40.8,-90.55,0,0,0,0,0,0,"",0,0,0,0,,,,,32,3
82,4,0,5,5,0,1,2,0,0,0,255,255,255,37,2175.125,"CVPileMaki",R,12,87,137,-0.034,-0.83,0.195,1.594,-0.021,1.162,-36.44,29.104,51,49,0,2,0,0,81.88,-2.074,0,0,1,5,0,R,"HANA_ARASHI",190,90,0.25,3,63,W,Y,2176.177,222,122,76,0,20,120,110,-15.054,5.677,0.87,0,0.542,-501.348,323.343,-64.027,-0.094,-36.527,0,"-KYU-",-0.109,-17.879,0,"HOGGYS 호기스",-21.468,-45.869,0,"_Gosomi",-14.169,-62.521,0,"si_ho",19.779,-49.049,0,"Yes_Man_",9.858,-60.998,77,"AI",40.9,-90.65,0,"AI",0,-109.84,0,"AI",-40.8,-90.55,0,2176.024,-0.309,-18.691,2184.035,4,"Slaris",-0.405,-59.776,1,0,,,,,34,2
83,4,0,5,5,0,0,2,1,0,0,10,255,255,38,2201.176,"CVPileMaki",R,12,88,138,-2.984,-2.14,-0.079,1.401,-1.297,0.436,-36.44,11.071,47,53,0,4,0,-0.492,60.342,1.315,0,0,1,0,3,R,"Yaksok~",174.5,87,0.328,0,62,W,Y,0,0,0,0,0,0,0,0,0,0,0,0,0,0,0,0,-0.324,-37.652,0,"-KYU-",-0.744,-19.025,0,"HOGGYS 호기스",-19.566,-41.364,0,"_Gosomi",-8.852,-60.315,0,"si_ho",20.319,-48.199,0,"Yes_Man_",9.453,-61.969,0,"AI",40.9,-90.65,0,"AI",0,-109.84,0,"AI",-40.8,-90.55,0,0,0,0,0,0,"",0,0,0,0,2202.257,,,,0,0
84,4,0,5,5,0,1,2,1,0,0,10,255,255,39,2217.593,"CVPileMaki",R,28,85,138,-0.092,-0.572,0.183,1.619,-0.08,1.205,-36.44,26.488,65,35,0,0,0,24.998,-67.511,2.512,0,0,1,0,3,R,"Yaksok~",174.5,87,0.328,0,62,W,Y,0,0,0,0,0,0,0,0,0,0,0,0,0,0,0,0,-0.112,-37.837,0,"-KYU-",-0.018,-17.884,0,"HOGGYS 호기스",-19.125,-39.635,0,"_Gosomi",-9.414,-59.87,0,"si_ho",19.676,-48.84,0,"Yes_Man_",9.695,-61.778,0,"AI",40.9,-90.65,0,"AI",0,-109.84,0,"AI",-40.8,-90.55,0,0,0,0,0,0,"",0,0,0,0,2218.746,,,,0,0
85,4,0,5,5,0,2,2,1,0,0,10,255,255,40,2236.001,"CVPileMaki",R,34,83,135,0.084,-0.857,0.19,1.578,-0.045,1.059,-36.44,15.948,60,40,0,2,0,54.526,-45.58,2.884,0,0,1,0,3,R,"Yaksok~",174.5,87,0.328,3,62,W,Y,2236.935,157,170,65,86,23,138,125,102.381,-66.904,0.66,0,0.181,459.144,336.679,189.297,0.052,-36.785,0,"-KYU-",-0.133,-17.785,0,"HOGGYS 호기스",-19.077,-41.74,0,"_Gosomi",-11.826,-61.132,0,"si_ho",19.632,-48.766,0,"Yes_Man_",9.721,-61.789,0,"AI",40.9,-90.65,0,"AI",0,-109.84,0,"AI",-40.8,-90.55,0,0,0,0,0,0,"",0,0,0,0,,,,,32,3
86,4,0,5,5,0,2,2,1,0,0,10,255,255,41,2252.881,"CVPileMaki",R,28,87,140,1.464,0.69,0.325,1.817,0.58,1.903,-36.44,34.771,91,9,0,2,0,35.784,-99.028,0.649,0,0,1,0,3,R,"Yaksok~",174.5,87,0.328,3,62,W,Y,2253.814,195,83,94,79,53,145,84,42.077,-8.57,-0.88,0,0.164,252.711,-542.461,43.273,0.209,-37.349,0,"-KYU-",0.082,-17.713,0,"HOGGYS 호기스",-19.868,-41.419,0,"_Gosomi",-11.705,-61.306,0,"si_ho",19.675,-49,85,"Yes_Man_",10.107,-60.441,0,"AI",40.9,-90.65,0,"AI",0,-109.84,0,"AI",-40.8,-90.55,0,2258.835,16.908,-78.292,2264.202,4,"Slaris",19.508,-40.711,1,0,,2259.549,,,48,2
87,4,0,5,5,0,0,2,1,1,0,13,10,255,42,2282.736,"CVPileMaki",R,28,83,135,0.716,0.499,0.252,1.812,0.241,1.867,-36.44,30.388,86,14,0,2,0,45.037,-56.685,7.434,0,0,0,1,4,R,"Slaris",190,85.69,0.452,3,62,W,Y,2283.654,225,81,158,68,35,145,103,40.324,-0.042,-0.21,0,0.208,349.106,480.729,83.813,-0.217,-36.936,0,"-KYU-",0.108,-17.812,0,"HOGGYS 호기스",-20.455,-42.697,0,"_Gosomi",-12.117,-60.977,0,"si_ho",18.221,-48.279,0,"Yes_Man_",5.533,-61.543,0,"AI",40.9,-90.65,0,"AI",0,-109.84,0,"AI",-40.8,-90.55,0,2289.235,-10.165,-102.503,0,0,"",0,0,0,0,,2288.47,2289.772,,32,1
88,5,1,5,5,0,0,0,0,0,0,255,255,255,44,2326.786,"HANA_ARASHI",R,3,84,123,-0.002,0.166,0.673,1.023,0.78,1.731,-36.64,45.133,0,17,83,0,0,-500,0,21.105,0,0,0,2,2,L,"HOGGYS 호기스",185.3,92.075,0.44,0,63,W,Y,0,0,0,0,0,0,0,0,0,0,0,0,0,0,0,0,-0.34,-37.671,0,"TaeGeuk_",0.02,-17.44,0,"k@ster",-20.987,-46.921,0,"Yaksok~",-16.172,-62.427,0,"Slaris",20.071,-48.772,0,"CoalCat",11.224,-62.468,0,"AI",40.9,-90.65,0,"AI",0,-109.84,0,"AI",-40.8,-90.55,0,0,0,0,0,0,"",0,0,0,0,2328.157,,,,0,0
89,5,1,5,5,0,1,0,0,0,0,255,255,255,45,2338.11,"HANA_ARASHI",R,32,78,128,0.137,0.067,0.438,1.043,-0.311,1.796,-36.64,32.581,0,17,83,0,0,250,121.249,46.695,0,0,1,2,2,L,"HOGGYS 호기스",185.3,92.075,0.44,0,63,W,Y,0,0,0,0,0,0,0,0,0,0,0,0,0,0,0,0,-0.148,-37.608,0,"TaeGeuk_",0.045,-17.445,0,"k@ster",-20.969,-46.962,0,"Yaksok~",-16.175,-62.431,0,"Slaris",20.386,-48.623,0,"CoalCat",10.285,-61.82,0,"AI",40.9,-90.65,0,"AI",0,-109.84,0,"AI",-40.8,-90.55,0,0,0,0,0,0,"",0,0,0,0,2339.391,,,,0,0
90,5,1,5,5,0,2,0,0,0,0,255,255,255,46,2349.861,"HANA_ARASHI",R,32,80,131,-0.164,0.533,0.507,1.063,-0.457,1.862,-36.64,33.653,0,12,88,2,0,250,-101.343,4.974,0,0,1,2,2,L,"HOGGYS 호기스",185.3,92.075,0.44,3,63,W,Y,2350.926,112,53,79,49,0,136,94,112.029,36.46,-0.26,0,0.352,484.385,-336.997,108.649,-0.294,-37.077,0,"TaeGeuk_",-0.008,-17.504,0,"k@ster",-21.134,-46.925,0,"Yaksok~",-16.184,-62.441,0,"Slaris",20.247,-48.536,0,"CoalCat",11.309,-63.23,0,"AI",40.9,-90.65,0,"AI",0,-109.84,0,"AI",-40.8,-90.55,0,0,0,0,0,0,"",0,0,0,0,,,,,32,3
91,5,1,5,5,0,2,0,0,0,0,255,255,255,47,2362.508,"HANA_ARASHI",R,32,89,140,-2.301,1.057,0.317,1.188,-1.339,2.278,-36.64,21.536,0,57,43,1,0,250,-2.613,33.197,0,0,0,2,2,L,"HOGGYS 호기스",185.3,92.075,0.44,0,63,W,Y,0,0,0,0,0,0,0,0,0,0,0,0,0,0,0,0,-0.194,-37.575,0,"TaeGeuk_",-0.066,-17.489,0,"k@ster",-20.723,-46.188,0,"Yaksok~",-15.912,-62.821,0,"Slaris",21.282,-49.131,0,"CoalCat",12.464,-63.609,0,"AI",40.9,-90.65,0,"AI",0,-109.84,0,"AI",-40.8,-90.55,0,0,0,0,0,0,"",0,0,0,0,2363.791,,,,0,0
92,5,1,5,5,1,2,0,0,0,0,255,255,255,48,2373.387,"HANA_ARASHI",R,32,89,140,0.009,0.492,0.53,1.096,-0.347,1.974,-36.64,27.593,0,22,78,0,0,250,40.389,24.365,0,0,0,2,2,L,"HOGGYS 호기스",185.3,92.075,0.44,0,63,W,Y,0,0,0,0,0,0,0,0,0,0,0,0,0,0,0,0,-0.168,-37.16,0,"TaeGeuk_",0.019,-17.51,0,"k@ster",-20.751,-46.388,0,"Yaksok~",-15.918,-62.833,0,"Slaris",20.917,-49.448,0,"CoalCat",12.415,-63.619,0,"AI",40.9,-90.65,0,"AI",0,-109.84,0,"AI",-40.8,-90.55,0,0,0,0,0,0,"",0,0,0,0,2374.557,,,,0,0
93,5,1,5,5,0,0,1,0,0,0,255,255,255,49,2392.298,"HANA_ARASHI",R,3,86,125,-1.829,0.31,0.5,1.053,-0.023,1.827,-36.64,27.503,0,6,94,2,0,-500,0,20.569,0,0,1,3,1,R,"-KYU-",190,83,0.434,3,62,W,Y,2393.372,255,134,120,124,112,145,97,9.279,39.562,1,0,0.688,422.028,-416.242,92.928,-0.309,-37.026,0,"TaeGeuk_",-0.053,-17.591,0,"k@ster",-21.775,-47.598,75,"Yaksok~",-16.251,-63.488,0,"Slaris",21.334,-49.033,0,"CoalCat",9.756,-65.583,0,"AI",40.9,-90.65,0,"AI",0,-109.84,0,"AI",-40.8,-90.55,0,0,0,0,2395.868,4,"Slaris",-21.487,-46.417,0,0,,,,,40,1
94,5,1,5,5,0,0,2,0,0,0,255,255,255,50,2413.821,"HANA_ARASHI",R,32,79,129,0.781,1.558,0.377,1.187,-0.596,2.26,-36.64,17.498,0,50,50,2,0,250,-14.305,29.315,0,0,1,4,4,R,"si_ho",190,88.027,0.348,3,62,W,Y,2414.913,168,78,83,79,41,145,118,16.041,-16.716,0.78,0,0.659,401.645,-442.083,-56.955,-0.038,-37.217,0,"TaeGeuk_",-0.028,-17.586,66,"k@ster",-22.128,-47.537,0,"Yaksok~",-16.716,-62.751,0,"Slaris",20.513,-49.406,0,"CoalCat",8.748,-65.796,0,"AI",40.9,-90.65,0,"AI",0,-109.84,0,"AI",-40.8,-90.55,0,2419.557,40.582,-119.422,2426.946,4,"Slaris",-0.832,-59.248,1,0,2434.735,2425.466,2434.444,,49,2
95,5,1,5,5,0,0,2,0,0,1,255,255,4,51,2459.666,"HANA_ARASHI",R,2,80,106,-2.783,1.313,0.277,1.261,-0.707,2.217,-36.64,12.053,0,53,47,2,0,-376.237,-312.348,-3.326,0,0,1,5,0,R,"CVPileMaki",190,94.088,0.399,3,62,W,Y,2460.81,179,121,138,155,96,145,106,110.706,-70.147,0.92,0,0.385,140.929,-578.57,73.455,-0.28,-36.984,0,"TaeGeuk_",-0.035,-17.796,0,"k@ster",-21.729,-47.979,0,"Yaksok~",-17.493,-64.181,0,"Slaris",19.121,-49.945,0,"CoalCat",9.805,-64.224,0,"AI",40.9,-90.65,0,"AI",0,-109.84,0,"AI",-40.8,-90.55,0,0,0,0,0,0,"",0,0,0,0,,,2463.132,,32,3
96,5,1,5,5,0,1,2,0,0,1,255,255,4,52,2474.039,"HANA_ARASHI",R,32,82,134,0.817,0.068,0.501,1.042,-0.019,1.791,-36.64,39.056,0,24,76,2,0,250,114.121,16.372,0,0,1,5,0,R,"CVPileMaki",190,94.088,0.399,3,62,W,Y,2475.122,180,27,113,81,47,145,130,25.4,5.234,0.29,0,0.207,54.548,591.62,-83.728,-0.121,-37.121,0,"TaeGeuk_",0.048,-17.852,0,"k@ster",-22.217,-48.053,0,"Yaksok~",-16.538,-62.716,0,"Slaris",20.368,-49.358,0,"CoalCat",9.747,-64.194,85,"AI",40.9,-90.65,0,"AI",0,-109.84,0,"AI",-40.8,-90.55,0,2480.113,-26.522,-130.673,2487.013,4,"Slaris",-0.844,-58.489,1,0,,2485.896,,2480.714,36,2
97,5,1,6,5,0,0,2,0,1,0,255,0,255,53,2504.207,"HANA_ARASHI",R,32,82,134,0.396,0.836,0.464,1.128,-0.189,2.091,-36.64,29.458,0,6,94,2,0,250,-37.737,33.165,0,0,1,0,3,R,"_Gosomi",180,85,0.31,3,62,W,Y,2505.253,157,60,77,72,68,145,94,60.254,-12.048,-0.44,0,0.453,578.276,153.983,-43.425,-0.159,-36.853,0,"TaeGeuk_",0.049,-17.777,0,"k@ster",-21.245,-46.397,0,"Yaksok~",-15.477,-63.014,0,"Slaris",20.438,-48.065,0,"CoalCat",7.496,-61.401,42,"AI",40.9,-90.65,0,"AI",0,-109.84,0,"AI",-40.8,-90.55,0,2511.702,10.159,-68.087,2512.824,4,"Slaris",10.729,-65.332,0,0,,,2511.405,,37,1
98,5,0,6,5,0,0,0,0,0,0,255,255,255,43,2544.669,"CVPileMaki",R,27,78,128,1.182,0.099,0.279,1.771,0.373,1.51,-36.44,41.515,92,8,0,0,0,89.595,-136.905,4.049,0,0,0,2,5,R,"CoalCat",174.9,83,0.397,0,62,W,Y,0,0,0,0,0,0,0,0,0,0,0,0,0,0,0,0,-0.045,-36.532,0,"-KYU-",0.076,-17.962,0,"HOGGYS 호기스",-19.953,-44.035,0,"_Gosomi",-14.843,-58.597,0,"si_ho",19.852,-49.126,0,"Yes_Man_",12.621,-63.739,0,"AI",40.902,-90.652,0,"AI",0,-109.842,0,"AI",-40.802,-90.552,0,0,0,0,0,0,"",0,0,0,0,2546.191,,,,0,0
99,5,0,6,5,0,1,0,0,0,0,255,255,255,44,2556.896,"CVPileMaki",R,27,88,140,0.951,0.083,0.322,1.705,0.567,1.51,-36.44,34.588,90,10,0,2,0,84.582,-148.07,11.834,0,0,1,2,5,R,"CoalCat",174.9,83,0.397,3,62,W,Y,2557.952,189,75,67,74,17,140,83,14.91,-40.148,-0.77,0,0.454,-331.12,-259.437,427.846,0.05,-36.578,0,"-KYU-",0.015,-18.068,0,"HOGGYS 호기스",-20.33,-44.772,81,"_Gosomi",-14.713,-58.475,0,"si_ho",19.608,-49.089,120,"Yes_Man_",12.674,-63.715,0,"AI",40.903,-90.652,0,"AI",0,-109.843,0,"AI",-40.803,-90.552,0,0,0,0,2560.291,4,"Slaris",22.965,-46.877,0,0,,,,,52,1
100,5,0,6,5,0,0,1,0,0,0,255,255,255,45,2579.03,"CVPileMaki",R,27,86,139,0.925,0.419,0.265,1.758,0.304,1.7,-36.44,34.449,89,11,0,2,0,67.705,-107.561,7.262,0,0,1,3,2,R,"k@ster",160,80,0.648,3,62,W,Y,2580.071,209,158,74,62,25,144,79,105.256,51.083,-0.81,0,0.125,543.499,-242.954,74.715,-0.101,-36.631,0,"-KYU-",0.097,-17.847,0,"HOGGYS 호기스",-20.293,-44.627,0,"_Gosomi",-16.347,-58.649,0,"si_ho",19.771,-48.796,0,"Yes_Man_",11.54,-64.323,0,"AI",40.902,-90.652,0,"AI",0,-109.843,0,"AI",-40.802,-90.552,0,0,0,0,0,0,"",0,0,0,0,,,,,32,3
101,5,0,6,5,0,1,1,0,0,0,255,255,255,46,2596.954,"CVPileMaki",R,4,87,133,-2.233,-0.616,0.062,1.644,-0.641,1.261,-36.44,17.658,34,66,0,1,0,-235.585,0,5.061,0,0,0,3,2,R,"k@ster",160,80,0.648,0,89,W,Y,0,0,0,0,0,0,0,0,0,0,0,0,0,0,0,0,-0.113,-36.958,0,"-KYU-",-0.334,-17.859,0,"HOGGYS 호기스",-20.447,-42.566,0,"_Gosomi",-15.236,-58.507,0,"si_ho",18.401,-47.925,0,"Yes_Man_",11.365,-61.271,0,"AI",40.902,-90.652,0,"AI",0,-109.842,0,"AI",-40.802,-90.552,0,0,0,0,0,0,"",0,0,0,0,2598.102,,,,0,0
102,5,0,6,5,1,1,1,0,0,0,255,255,255,47,2610.24,"CVPileMaki",R,28,82,133,0.959,0.49,0.264,1.769,0.298,1.741,-36.44,35.024,82,18,0,2,0,78.797,-97.503,6.381,0,0,1,3,2,R,"k@ster",160,80,0.648,3,89,W,Y,2611.194,255,137,81,65,22,145,80,105.072,48.275,-0.8,0,0.094,398.629,-345.52,285.851,-0.17,-36.765,0,"-KYU-",0.076,-17.953,0,"HOGGYS 호기스",-19.866,-45.038,0,"_Gosomi",-14.462,-59.935,0,"si_ho",18.402,-47.873,0,"Yes_Man_",11.399,-61.246,0,"AI",40.902,-90.652,0,"AI",0,-109.843,0,"AI",-40.802,-90.552,0,0,0,0,0,0,"",0,0,0,0,,,,,32,3
103,5,0,6,5,1,2,1,0,0,0,255,255,255,48,2628.363,"CVPileMaki",R,10,87,128,0.924,-1.718,0.266,1.71,0.256,1.203,-36.44,41.435,92,8,0,2,0,-5.1,400,-2.462,0,0,1,3,2,R,"k@ster",160,80,0.648,3,89,W,Y,2629.486,196,164,87,69,41,145,122,-16.061,-41.411,0.53,0,0.177,-121.739,-550.33,-205.709,-0.278,-37.317,0,"-KYU-",-0.034,-18.119,0,"HOGGYS 호기스",-20.408,-45.103,0,"_Gosomi",-15.321,-60.657,0,"si_ho",19.07,-47.411,0,"Yes_Man_",11.587,-59.922,88,"AI",40.903,-90.652,0,"AI",0,-109.843,0,"AI",-40.803,-90.552,0,2629.368,1.291,-21.477,2635.85,6,"AI",72.385,-94.656,1,0,,2638.782,,,34,2
104,5,0,6,5,0,0,1,0,1,0,255,12,255,49,2664.514,"CVPileMaki",R,13,85,126,0.308,-0.966,0.295,1.697,0.443,1.484,-36.44,26.451,45,55,0,2,0,-208.813,400,5.187,0,0,1,4,0,R,"TaeGeuk_",177.7,90.533,0.644,3,62,W,Y,2665.585,255,92,119,114,45,145,86,57.849,-43.217,-0.82,0,0.117,15.82,367.733,473.838,0.169,-37.116,0,"-KYU-",-0.052,-18.057,0,"HOGGYS 호기스",-20.703,-45.053,0,"_Gosomi",-15.322,-62.888,0,"si_ho",18.404,-47.724,0,"Yes_Man_",2.597,-59.481,65,"AI",40.903,-90.652,0,"AI",0,-109.843,0,"AI",-40.803,-90.552,0,2671.035,33.218,-67.224,2671.404,6,"AI",33.242,-68.017,1,0,,,2664.992,,34,2
105,5,0,6,5,0,0,1,1,0,1,10,255,12,50,2700.307,"CVPileMaki",R,10,89,128,1.35,-0.642,0.349,1.821,0.649,1.613,-36.44,41.173,91,9,0,0,0,-48.022,400,-1.77,0,0,1,5,1,R,"HANA_ARASHI",190,90,0.25,0,61,W,Y,0,0,0,0,0,0,0,0,0,0,0,0,0,0,0,0,0.023,-37.138,0,"-KYU-",-0.149,-18.344,0,"HOGGYS 호기스",-19.434,-39.788,0,"_Gosomi",-10.813,-60.721,0,"si_ho",18.729,-47.957,0,"Yes_Man_",10.07,-59.786,0,"AI",40.902,-90.652,0,"AI",0,-109.842,0,"AI",-40.802,-90.552,0,0,0,0,0,0,"",0,0,0,0,2701.568,,2702.944,,0,0
106,5,0,6,5,0,1,1,1,0,1,10,255,12,51,2716.545,"CVPileMaki",R,28,80,130,0.052,-0.018,0.193,1.706,-0.033,1.523,-36.44,23.43,42,58,0,2,0,34.045,-74.561,4.952,0,0,1,5,1,R,"HANA_ARASHI",190,90,0.25,3,61,W,Y,2717.604,171,110,122,96,50,145,98,41.759,48.028,-0.44,0,0.63,415.828,-375.324,214.985,-0.105,-36.777,0,"-KYU-",-0.049,-18.136,0,"HOGGYS 호기스",-19.28,-39.849,0,"_Gosomi",-12.772,-61.004,0,"si_ho",19.528,-48.854,0,"Yes_Man_",10.224,-60.689,77,"AI",40.902,-90.652,0,"AI",0,-109.843,0,"AI",-40.802,-90.552,0,2722.357,-57.057,-77.612,2725.784,8,"AI",-72.595,-95.457,1,0,,2725.942,2730.858,2724.057,34,2
107,5,0,6,6,0,0,1,0,1,1,255,11,10,52,2753.299,"CVPileMaki",R,5,62,114,2.325,0.033,0.422,1.755,1.14,1.62,-36.44,67.314,86,14,0,2,0,-81.097,0,0.466,0,0,1,0,3,R,"Yaksok~",174.5,87,0.328,3,61,W,Y,2754.256,255,116,43,121,74,132,93,99.403,77.174,0.92,0,0.163,218.858,-538.372,149.186,-0.127,-36.913,0,"-KYU-",-0.162,-17.918,0,"HOGGYS 호기스",-20.478,-45.724,0,"_Gosomi",-14.238,-59.636,0,"si_ho",17.821,-47.886,0,"Yes_Man_",7.584,-62.447,0,"AI",40.902,-90.652,0,"AI",0,-109.843,0,"AI",-40.802,-90.552,0,0,0,0,0,0,"",0,0,0,0,,2757.656,2754.296,,32,3
108,5,0,6,6,0,1,1,0,1,1,255,11,10,53,2772.418,"CVPileMaki",R,13,93,127,-1.281,-2.738,0.137,1.363,-0.308,0.009,-36.44,22.921,45,55,0,1,0,-181.326,400,1.144,-0.173,-22.533,0,0,3,R,"Yaksok~",174.5,87,0.328,0,61,W,Y,0,0,0,0,0,0,0,0,0,0,0,0,0,0,0,0,-0.14,-37.205,0,"-KYU-",-0.206,-17.881,0,"HOGGYS 호기스",-20.965,-45.901,0,"_Gosomi",-14.731,-61.69,0,"si_ho",19.377,-48.739,0,"Yes_Man_",10.625,-61.377,0,"AI",40.902,-90.652,0,"AI",0,-109.842,0,"AI",-40.802,-90.552,0,0,0,0,0,0,"",0,0,0,0,2773.591,2774.843,2772.456,,0,0
109,5,0,6,6,1,1,1,0,1,1,255,11,10,54,2788.584,"CVPileMaki",R,10,74,116,0.759,-0.417,0.287,1.856,0.322,1.83,-36.44,43.604,94,6,0,2,0,0,366.668,7.756,0,0,1,0,3,R,"Yaksok~",174.5,87,0.328,3,61,W,Y,2789.581,183,100,82,101,64,145,99,21.556,-42.664,0.94,0,0.135,-85.656,476.955,353.804,-0.058,-36.709,0,"-KYU-",0.079,-17.885,0,"HOGGYS 호기스",-20.973,-45.732,0,"_Gosomi",-13.036,-61.484,111,"si_ho",19.58,-49.369,0,"Yes_Man_",10.68,-61.346,85,"AI",40.902,-90.652,0,"AI",0,-109.843,0,"AI",-40.802,-90.552,0,2793.157,45.58,-81.772,2797.168,4,"Slaris",13.569,-65.618,0,0,2801.435,2796.25,2790.22,2800.737,43,1
110,5,0,6,7,0,0,2,0,1,0,255,11,255,55,2821.947,"CVPileMaki",R,34,71,123,3.333,0.304,0.474,1.79,1.293,1.772,-36.44,51.661,61,39,0,1,0,92.341,-18.612,2.154,0,0,0,1,4,R,"Slaris",190,85.69,0.452,0,61,W,Y,0,0,0,0,0,0,0,0,0,0,0,0,0,0,0,0,-0.164,-36.727,0,"-KYU-",0.211,-17.74,0,"HOGGYS 호기스",-20.314,-44.38,0,"_Gosomi",-8.811,-59.509,0,"si_ho",19.433,-48.437,0,"Yes_Man_",10.388,-61.829,0,"AI",40.9,-90.65,0,"AI",0,-109.84,0,"AI",-40.8,-90.55,0,0,0,0,0,0,"",0,0,0,0,2823.113,2825.547,,,0,0
111,5,0,6,7,1,0,2,0,1,0,255,11,255,56,2840.343,"CVPileMaki",R,0,87,139,0.711,-1.764,0.134,1.418,-0.308,0.592,-36.44,19.385,58,42,0,2,0,0,17.072,0.153,0,0,0,1,4,R,"Slaris",190,85.69,0.452,3,61,W,Y,2841.255,255,119,107,147,51,145,101,30.101,20.374,0.97,0,0.299,501.951,-43.67,325.789,-0.096,-36.927,0,"-KYU-",-0.011,-17.908,0,"HOGGYS 호기스",-20.272,-44.362,0,"_Gosomi",-3.166,-63.132,0,"si_ho",19.101,-47.383,0,"Yes_Man_",10.286,-60.845,0,"AI",40.9,-90.65,0,"AI",0,-109.84,0,"AI",-40.8,-90.55,0,2846.068,-31.738,-100.119,0,0,"",0,0,0,0,2903.835,2842.049,2847.454,,52,1
112,6,1,6,7,0,0,0,0,0,0,255,255,255,54,2963.202,"TaeGeuk_",R,14,69,111,2.211,-1.147,0.298,1.831,0.618,1.512,-36.826,54.273,79,21,0,2,0,178.634,400,3.717,0,0,1,1,5,R,"Yes_Man_",175.1,85.251,0.499,3,62,W,Y,2964.386,207,106,100,106,62,145,101,-47.812,-31.01,-0.01,0,0.567,-505.153,303.671,112.271,-0.007,-36.352,0,"HANA_ARASHI",-0.055,-17.527,0,"k@ster",-21.123,-47.052,77,"Yaksok~",-16.243,-62.861,0,"Slaris",19.732,-48.226,104,"CoalCat",9.843,-65.151,0,"AI",40.9,-90.65,0,"AI",0,-109.84,0,"AI",-40.8,-90.55,0,2964.269,0.708,-21.304,2966.202,4,"Slaris",16.812,-48.081,0,0,,,,,26,2
113,6,1,6,7,0,0,1,0,0,0,255,255,255,55,2988.517,"TaeGeuk_",R,14,71,110,0.627,-0.104,0.129,1.848,-0.438,2.014,-36.826,44.687,78,22,0,2,0,368.853,337.561,13.347,0,0,1,2,2,L,"HOGGYS 호기스",185.3,92.075,0.44,3,62,W,Y,2989.665,132,114,68,106,31,138,129,14.542,7.949,0.4,0,0.37,429.656,-384.5,-165.998,-0.179,-36.842,109,"HANA_ARASHI",-0.149,-17.877,0,"k@ster",-19.906,-46.671,0,"Yaksok~",-15.737,-62.893,0,"Slaris",20.524,-48.353,0,"CoalCat",11.617,-63.561,0,"AI",40.9,-90.65,0,"AI",0,-109.84,0,"AI",-40.8,-90.55,0,2994.668,-6.552,-143.31,3003.057,4,"Slaris",1.184,-44.484,0,0,3020.102,3000.044,3005.363,3022.741,48,4
114,6,1,7,7,0,0,1,0,0,0,255,255,255,56,3037.281,"TaeGeuk_",R,14,84,123,-0.254,-0.807,0.063,1.683,-0.746,1.469,-36.826,34.115,82,18,0,2,0,381.956,322.66,21.253,0,0,1,3,1,R,"-KYU-",190,83,0.434,3,47,W,Y,3038.107,218,141,123,34,0,145,100,14.609,35.326,-0.33,0,0.854,-104.855,564.662,-173.672,-0.075,-36.554,0,"HANA_ARASHI",-0.103,-17.963,0,"k@ster",-21.043,-46.906,0,"Yaksok~",-15.824,-63.047,93,"Slaris",19.423,-51.243,0,"CoalCat",8.79,-65.432,0,"AI",40.9,-90.65,0,"AI",0,-109.84,0,"AI",-40.8,-90.55,0,3040.668,-39.295,-66.839,3050.613,4,"Slaris",-16.388,-67.529,1,0,,3048.437,,,17,2
115,6,1,7,7,0,0,1,0,1,0,255,1,255,57,3063.459,"TaeGeuk_",R,26,82,133,-3.045,-0.27,-0.061,1.615,-1.324,1.25,-36.826,31,83,17,0,2,0,-0.577,-200,17.214,0,0,1,4,4,R,"si_ho",190,88.027,0.348,3,61,W,Y,3064.53,255,185,148,144,0,145,111,-15.427,43.378,0.94,0,0.7,365.541,-469.622,76.387,-0.209,-36.541,0,"HANA_ARASHI",-0.107,-17.703,0,"k@ster",-21.08,-46.726,76,"Yaksok~",-16.151,-62.966,0,"Slaris",19.872,-48.591,0,"CoalCat",3.202,-60.777,0,"AI",40.9,-90.65,0,"AI",0,-109.84,0,"AI",-40.8,-90.55,0,3064.524,-3.33,-23.452,3066.224,4,"Slaris",-21.633,-44.017,0,0,,3067.63,,,24,2
116,6,1,7,7,0,0,2,0,1,0,255,1,255,58,3088.216,"TaeGeuk_",R,10,80,120,-0.836,-1.305,0.145,1.62,-0.368,1.266,-36.826,39.18,79,21,0,4,0,0,400,2.848,0,0,1,5,0,R,"CVPileMaki",190,94.088,0.399,0,61,W,Y,0,0,0,0,0,0,0,0,0,0,0,0,0,0,0,0,-0.271,-36.803,0,"HANA_ARASHI",-0.002,-17.193,0,"k@ster",-21.221,-46.789,0,"Yaksok~",-15.833,-63.367,0,"Slaris",22.216,-44.316,0,"CoalCat",5.674,-63.758,0,"AI",40.9,-90.65,0,"AI",0,-109.84,0,"AI",-40.8,-90.55,0,0,0,0,0,0,"",0,0,0,8,3089.591,,3092.968,,0,0
117,6,0,7,7,0,0,0,0,0,0,255,255,255,57,3127.995,"CVPileMaki",R,27,86,139,-0.118,-0.362,0.172,1.644,-0.132,1.295,-36.44,25.38,41,59,0,2,0,55.983,-101.22,8.42,0,0,1,2,5,R,"CoalCat",174.9,83,0.397,3,61,W,Y,3129.082,255,118,101,90,49,145,85,13.305,9.593,-0.8,0,0.492,130.307,396.236,431.297,-0.095,-36.631,0,"-KYU-",-0.112,-18.26,0,"HOGGYS 호기스",-21.119,-45.953,0,"_Gosomi",-15.527,-59.073,89,"si_ho",19.794,-48.452,0,"Yes_Man_",11.456,-60.767,0,"AI",40.903,-90.652,0,"AI",0,-109.843,0,"AI",-40.803,-90.552,0,0,0,0,3133.035,4,"Slaris",-5.36,-56.253,0,0,,,,,33,1
118,6,0,7,7,0,0,1,0,0,0,255,255,255,58,3154.929,"CVPileMaki",R,11,76,109,0.727,-0.338,0.344,1.899,0.306,1.778,-36.44,35.046,95,5,0,2,0,0,236.785,2.851,0,0,1,3,2,R,"k@ster",160,80,0.648,3,61,W,Y,3155.951,213,152,79,75,53,145,115,-11.42,-38.725,0.76,0,0.208,-396.627,215.007,-395.549,-0.046,-37.139,0,"-KYU-",0.024,-18.24,0,"HOGGYS 호기스",-20.069,-45.071,85,"_Gosomi",-15.519,-62.277,0,"si_ho",21.042,-46.533,110,"Yes_Man_",10.763,-60.926,0,"AI",40.902,-90.652,0,"AI",0,-109.843,0,"AI",-40.802,-90.552,0,3155.913,2.973,-24.575,3157.368,4,"Slaris",20.396,-45.828,0,0,,,,,52,2
119,6,0,7,7,0,0,2,0,0,0,255,255,255,59,3181.35,"CVPileMaki",R,10,80,119,0.719,-0.068,0.281,1.949,0.311,2.034,-36.44,42.488,94,6,0,2,0,-3.958,400,1.299,0,0,1,4,0,R,"TaeGeuk_",177.7,90.533,0.644,3,61,W,Y,3182.34,255,227,130,104,63,145,86,-23.857,-13.718,-0.8,0,0.094,127.944,-487.409,-325.673,-0.333,-37.896,0,"-KYU-",-0.018,-18.175,0,"HOGGYS 호기스",-20.063,-44.815,72,"_Gosomi",-14.658,-60.877,0,"si_ho",19.08,-49.234,120,"Yes_Man_",10.109,-60.976,0,"AI",40.902,-90.652,0,"AI",0,-109.843,0,"AI",-40.802,-90.552,0,3182.28,0.768,-22.435,3184.68,4,"Slaris",14.127,-51.564,0,0,,,,,20,2
120,7,1,7,7,0,0,0,0,0,0,255,255,255,59,3220.096,"TaeGeuk_",R,32,89,140,-1.459,0.966,0.249,1.217,-0.926,2.356,-36.826,2.58,2,51,46,1,0,207.602,121.979,25.129,0,0,0,5,0,R,"CVPileMaki",190,94.088,0.399,0,61,W,Y,0,0,0,0,0,0,0,0,0,0,0,0,0,0,0,0,-0.173,-37.567,0,"HANA_ARASHI",-0.086,-17.363,0,"k@ster",-21.534,-46.602,0,"Yaksok~",-16.956,-63.848,0,"Slaris",21.055,-48.426,0,"CoalCat",9.45,-64.684,0,"AI",40.9,-90.65,0,"AI",0,-109.84,0,"AI",-40.8,-90.55,0,0,0,0,0,0,"",0,0,0,0,3221.335,,,,0,0
121,7,1,7,7,1,0,0,0,0,0,255,255,255,60,3234.451,"TaeGeuk_",R,32,87,140,0.235,0.284,0.407,1.09,-0.193,1.946,-36.826,12.44,2,39,59,2,0,206.551,139.34,23.43,0,0,0,5,0,R,"CVPileMaki",190,94.088,0.399,3,61,W,Y,3235.511,184,56,123,115,69,145,113,-30,50.848,0.91,0,0.339,-35.505,596.154,-57.795,0.158,-37.415,0,"HANA_ARASHI",-0.104,-17.394,0,"k@ster",-21.509,-46.582,0,"Yaksok~",-17.194,-64.343,0,"Slaris",19.429,-49.613,0,"CoalCat",9.388,-64.563,0,"AI",40.9,-90.65,0,"AI",0,-109.84,0,"AI",-40.8,-90.55,0,3235.535,-1.964,-19.243,0,0,"",0,0,0,0,,,,,16,3
122,7,1,7,7,1,1,0,0,0,0,255,255,255,61,3251.062,"TaeGeuk_",R,3,86,129,-2.029,1.369,0.392,1.254,-0.338,2.478,-36.826,9.344,2,48,51,2,0,-366.628,-11.915,28.73,0,0,1,5,0,R,"CVPileMaki",190,94.088,0.399,3,61,W,Y,3252.134,226,71,124,122,77,145,115,93.788,-55.078,0.82,0,0.335,560.259,-97.966,191.082,0.353,-37.632,0,"HANA_ARASHI",0.058,-17.066,0,"k@ster",-21.369,-47.225,0,"Yaksok~",-16.966,-62.772,0,"Slaris",19.927,-49.21,0,"CoalCat",8.861,-64.614,0,"AI",40.9,-90.65,0,"AI",0,-109.84,0,"AI",-40.8,-90.55,0,0,0,0,0,0,"",0,0,0,0,,,,,16,3
123,7,1,7,7,1,2,0,0,0,0,255,255,255,62,3272.097,"TaeGeuk_",R,13,63,93,-0.984,-1.183,0.555,1.035,0.28,1.486,-36.826,14.959,4,53,44,4,0,-306.631,344.183,6.471,0,0,1,5,0,R,"CVPileMaki",190,94.088,0.399,0,61,W,Y,0,0,0,0,0,0,0,0,0,0,0,0,0,0,0,0,0.064,-37.343,0,"HANA_ARASHI",-0.139,-17.163,0,"k@ster",-21.106,-46.783,0,"Yaksok~",-17.197,-63.938,0,"Slaris",20.331,-49.273,0,"CoalCat",7.863,-65.317,0,"AI",40.9,-90.65,0,"AI",0,-109.84,0,"AI",-40.8,-90.55,0,0,0,0,0,0,"",0,0,0,0,3273.624,,,,0,0
124,7,1,7,7,0,0,1,0,0,0,255,255,255,63,3298.83,"TaeGeuk_",R,33,96,140,1.584,-0.027,0.559,0.998,0.517,1.647,-36.826,27.427,8,10,82,1,0,110.687,29.978,6.505,0,0,0,0,3,R,"_Gosomi",180,85,0.31,0,61,W,Y,0,0,0,0,0,0,0,0,0,0,0,0,0,0,0,0,0.652,-37.178,0,"HANA_ARASHI",-0.17,-17.423,0,"k@ster",-20.809,-46.228,0,"Yaksok~",-16.134,-62.8,0,"Slaris",19.741,-49.648,0,"CoalCat",7.887,-65.611,0,"AI",40.9,-90.65,0,"AI",0,-109.84,0,"AI",-40.8,-90.55,0,0,0,0,0,0,"",0,0,0,0,3300.057,,,,0,0
125,7,1,7,7,1,0,1,0,0,0,255,255,255,64,3314.973,"TaeGeuk_",R,32,80,130,0.578,1.155,0.457,1.216,-0.052,2.393,-36.826,9.34,3,50,47,4,0,189.359,69.621,16.503,0,0,1,0,3,R,"_Gosomi",180,85,0.31,0,61,W,Y,0,0,0,0,0,0,0,0,0,0,0,0,0,0,0,0,-0.152,-37.847,0,"HANA_ARASHI",-0.126,-17.452,0,"k@ster",-20.843,-46.285,0,"Yaksok~",-16.263,-62.894,0,"Slaris",19.971,-49.383,0,"CoalCat",8.788,-65.67,0,"AI",40.9,-90.65,0,"AI",0,-109.84,0,"AI",-40.8,-90.55,0,0,0,0,0,0,"",0,0,0,0,3316.324,,,,0,0
126,7,1,7,7,1,1,1,0,0,0,255,255,255,65,3334.703,"TaeGeuk_",R,3,82,120,-1.266,1.419,0.504,1.161,0.164,2.203,-36.826,7.416,3,45,52,4,0,-429.325,-248.89,32.012,0,0,1,0,3,R,"_Gosomi",180,85,0.31,0,61,W,Y,0,0,0,0,0,0,0,0,0,0,0,0,0,0,0,0,0.133,-37.629,0,"HANA_ARASHI",-0.117,-17.49,0,"k@ster",-20.897,-46.283,0,"Yaksok~",-17.141,-64.221,0,"Slaris",19.823,-49.635,0,"CoalCat",8.77,-65.735,0,"AI",40.9,-90.65,0,"AI",0,-109.84,0,"AI",-40.8,-90.55,0,0,0,0,0,0,"",0,0,0,0,3336.057,,,,0,0
127,7,1,7,7,1,2,1,0,0,0,255,255,255,66,3352.055,"TaeGeuk_",R,13,72,100,-2.101,-1.097,0.383,0.947,-0.264,1.434,-36.826,11.835,4,10,87,2,0,-354.94,312.348,72.672,0,0,1,0,3,R,"_Gosomi",180,85,0.31,3,61,W,Y,3353.268,48,31,59,35,54,55,55,-30,17.982,0.96,0,0.333,409.731,-388.518,202.913,0.162,-37.329,0,"HANA_ARASHI",-0.14,-17.497,0,"k@ster",-21.093,-46.952,0,"Yaksok~",-16.468,-64.176,0,"Slaris",19.386,-49.869,0,"CoalCat",8.898,-65.609,0,"AI",40.9,-90.65,0,"AI",0,-109.84,0,"AI",-40.8,-90.55,0,3353.235,-0.681,-21.692,3354.857,4,"Slaris",-4.575,-35.73,0,1,,,,,16,2
128,7,1,7,7,0,0,2,0,0,0,255,255,255,67,3378.134,"TaeGeuk_",R,33,81,132,-0.93,0.621,0.338,1.174,-0.605,2.111,-36.826,2.906,4,52,45,0,0,125.617,111.248,19.45,0,0,1,1,5,R,"Yes_Man_",175.1,85.251,0.499,0,61,W,Y,0,0,0,0,0,0,0,0,0,0,0,0,0,0,0,0,-0.197,-37.737,0,"HANA_ARASHI",-0.064,-17.28,0,"k@ster",-21.548,-46.981,0,"Yaksok~",-16.634,-62.472,0,"Slaris",19.326,-48.919,0,"CoalCat",7.663,-65.099,0,"AI",40.9,-90.65,0,"AI",0,-109.84,0,"AI",-40.8,-90.55,0,0,0,0,0,0,"",0,0,0,0,3379.402,,,,0,0
129,7,1,7,7,0,1,2,0,0,0,255,255,255,68,3394.522,"TaeGeuk_",R,33,91,140,0.398,0.866,0.465,1.215,-0.014,2.255,-36.826,9.558,4,49,47,0,0,133.748,129.719,40.841,0,0,1,1,5,R,"Yes_Man_",175.1,85.251,0.499,0,61,W,Y,0,0,0,0,0,0,0,0,0,0,0,0,0,0,0,0,-0.073,-37.67,0,"HANA_ARASHI",-0.174,-17.424,0,"k@ster",-21.592,-46.936,0,"Yaksok~",-16.769,-62.784,0,"Slaris",19.34,-48.906,0,"CoalCat",7.784,-65.058,0,"AI",40.9,-90.65,0,"AI",0,-109.84,0,"AI",-40.8,-90.55,0,0,0,0,0,0,"",0,0,0,0,3395.769,,,,0,0
130,7,1,7,7,0,2,2,0,0,0,255,255,255,69,3409.739,"TaeGeuk_",R,32,82,134,1.126,-0.298,0.517,0.997,0.225,1.49,-36.826,18.452,6,4,90,2,0,172.897,31.322,26.059,0,0,1,1,5,R,"Yes_Man_",175.1,85.251,0.499,3,61,W,Y,3410.861,203,62,73,49,0,139,86,-85.789,83.025,-0.61,0,0.355,-499.358,-107.713,-314.706,0.541,-36.979,0,"HANA_ARASHI",-0.149,-17.412,0,"k@ster",-21.359,-46.926,0,"Yaksok~",-16.774,-62.718,0,"Slaris",19.514,-48.667,0,"CoalCat",7.893,-64.982,0,"AI",40.9,-90.65,0,"AI",0,-109.84,0,"AI",-40.8,-90.55,0,3410.735,-0.228,-18.97,0,0,"",0,0,0,0,,,,,16,3
131,7,1,7,7,0,2,2,0,0,0,255,255,255,70,3427.494,"TaeGeuk_",R,3,81,107,-1.725,0.143,0.492,1.075,0.073,1.727,-36.826,14.819,5,36,59,4,0,-424.125,0,19.114,0,0,1,1,5,R,"Yes_Man_",175.1,85.251,0.499,0,61,W,Y,0,0,0,0,0,0,0,0,0,0,0,0,0,0,0,0,-0.101,-37.33,0,"HANA_ARASHI",-0.178,-17.26,0,"k@ster",-21.259,-46.695,0,"Yaksok~",-15.88,-61.176,0,"Slaris",19.663,-48.009,0,"CoalCat",8.728,-64.703,0,"AI",40.9,-90.65,0,"AI",0,-109.84,0,"AI",-40.8,-90.55,0,0,0,0,0,0,"",0,0,0,0,3428.935,,,,0,0
132,7,0,7,7,0,0,0,0,0,0,255,255,255,60,3512.111,"-KYU-",R,3,93,126,-5.3,0.16,-0.11,1.221,-1.569,1.725,-36.343,11.835,0,62,38,4,0,-500,0,26.549,0,0,1,5,1,R,"HANA_ARASHI",190,90,0.25,0,52,W,Y,0,0,0,0,0,0,0,0,0,0,0,0,0,0,0,0,-0.154,-37.591,0,"CVPileMaki",-0.175,-17.341,0,"HOGGYS 호기스",-20.329,-46.088,0,"_Gosomi",-14.125,-58.366,0,"si_ho",18.412,-48.553,0,"Yes_Man_",11.543,-61.485,0,"AI",40.9,-90.65,0,"AI",0,-109.84,0,"AI",-40.8,-90.55,0,0,0,0,0,0,"",0,0,0,0,3513.402,,,,0,0
133,7,0,7,7,1,0,0,0,0,0,255,255,255,61,3527.716,"-KYU-",R,32,90,140,2.503,-1.012,0.388,1.015,0.75,1.057,-36.343,33.745,0,13,87,2,0,250,67.227,1.171,0,0,1,5,1,R,"HANA_ARASHI",190,90,0.25,3,52,W,Y,3528.709,105,94,111,0,4,130,113,-30,-12.526,0.08,0,0.526,-526.374,72.708,278.648,0.257,-37.762,0,"CVPileMaki",0.035,-17.193,0,"HOGGYS 호기스",-20.234,-46.039,76,"_Gosomi",-14.425,-58.968,0,"si_ho",18.948,-48.304,0,"Yes_Man_",11.632,-61.455,107,"AI",40.9,-90.65,0,"AI",0,-109.84,0,"AI",-40.8,-90.55,0,3528.624,0.673,-20.021,3530.891,4,"Slaris",9.095,-59.426,0,0,,,,,14,2
134,7,0,7,7,0,0,1,0,0,0,255,255,255,62,3553.363,"-KYU-",R,32,90,140,1.887,0.828,0.35,1.338,0.572,2.145,-36.343,28.012,0,61,39,2,0,182.68,46.765,12.728,0,0,1,0,3,R,"Yaksok~",174.5,87,0.328,3,60,W,Y,3554.237,101,99,105,75,50,136,79,47.977,-17.612,-0.85,0,0.152,172.662,-556.731,142.26,0.187,-37.697,0,"CVPileMaki",0.04,-17.127,0,"HOGGYS 호기스",-20.747,-46.244,0,"_Gosomi",-15.799,-61.045,0,"si_ho",19.948,-48.233,0,"Yes_Man_",11.198,-62.016,90,"AI",40.9,-90.65,0,"AI",0,-109.84,0,"AI",-40.8,-90.55,0,3559.291,22.652,-68.285,3560.513,4,"Slaris",21.366,-66.715,0,0,,,,,10,1
135,7,0,7,7,0,0,2,0,0,0,255,255,255,63,3576.63,"-KYU-",R,32,90,140,1.46,-0.337,0.291,1.151,0.3,1.498,-36.343,26.88,0,53,47,0,0,250,87.916,11.58,0,0,0,1,4,R,"Slaris",190,85.69,0.452,0,61,W,Y,0,0,0,0,0,0,0,0,0,0,0,0,0,0,0,0,0.154,-37.478,0,"CVPileMaki",-0.048,-17.072,0,"HOGGYS 호기스",-20.372,-43.605,0,"_Gosomi",-14.697,-61.439,0,"si_ho",19.633,-48.593,0,"Yes_Man_",9.546,-60.411,0,"AI",40.9,-90.65,0,"AI",0,-109.84,0,"AI",-40.8,-90.55,0,0,0,0,0,0,"",0,0,0,0,3577.735,,,,0,0
136,7,0,7,7,0,1,2,0,0,0,255,255,255,64,3587.382,"-KYU-",R,32,90,140,-0.556,-0.518,0.123,1.099,-0.483,1.33,-36.343,18.056,0,56,44,2,0,179.769,28.153,8.798,0,0,0,1,4,R,"Slaris",190,85.69,0.452,3,61,W,Y,3588.197,250,89,144,70,28,145,130,17.073,35.068,0.43,0,0.254,-43.726,577.495,-156.805,-0.038,-36.651,0,"CVPileMaki",-0.032,-17.048,0,"HOGGYS 호기스",-20.951,-45.453,0,"_Gosomi",-14.622,-61.47,0,"si_ho",19.542,-48.529,0,"Yes_Man_",10.339,-60.827,79,"AI",40.9,-90.65,0,"AI",0,-109.84,0,"AI",-40.8,-90.55,0,3591.968,-70.439,-97.838,3600.835,4,"Slaris",-0.384,-59.447,1,0,,3598.573,,,10,2
137,7,0,7,7,0,0,2,0,1,0,255,14,255,65,3622.898,"-KYU-",R,3,88,126,-2.396,0.202,0.206,1.262,-0.303,1.734,-36.343,26.065,0,51,49,2,0,-500,0,12.285,0,0,1,2,5,R,"CoalCat",174.9,83,0.397,3,61,W,Y,3623.983,255,124,125,91,73,145,81,7.559,45.059,1,0,0.441,199.419,-565.38,-24.024,-0.042,-37.411,0,"CVPileMaki",-0.169,-16.913,0,"HOGGYS 호기스",-21.438,-46.294,0,"_Gosomi",-14.29,-61.776,0,"si_ho",19.078,-48.086,0,"Yes_Man_",9.254,-64.069,0,"AI",40.9,-90.65,0,"AI",0,-109.84,0,"AI",-40.8,-90.55,0,3625.213,-19.754,-41.132,3628.013,4,"Slaris",-19.13,-39.496,0,0,,,,,20,0
138,8,1,7,7,0,0,0,0,0,0,255,255,255,71,3663.884,"TaeGeuk_",R,35,86,140,-0.087,0.208,0.404,1.086,-0.204,1.941,-36.826,3.631,3,35,62,2,0,111.313,182.052,21.111,0,0,1,2,2,L,"HOGGYS 호기스",185.3,92.075,0.44,3,61,W,Y,3664.926,132,28,74,5,0,104,71,16.706,-37.61,-0.33,0,0.35,5.261,-566.133,-198.66,0.307,-36.986,0,"HANA_ARASHI",-0.074,-17.768,0,"k@ster",-20.694,-47.097,0,"Yaksok~",-15.832,-63.082,0,"Slaris",20.062,-48.051,74,"CoalCat",12.024,-63.993,0,"AI",40.9,-90.65,0,"AI",0,-109.84,0,"AI",-40.8,-90.55,0,0,0,0,3666.724,4,"Slaris",19.151,-41.033,0,0,,,,,18,1
139,8,1,7,7,0,0,1,0,0,0,255,255,255,72,3683.372,"TaeGeuk_",R,35,74,125,2.834,0.773,0.516,1.056,1.211,2.353,-36.826,5.584,0,51,49,2,0,4.482,200,28.797,0,0,1,3,0,R,"-KYU-",190,83,0.434,3,61,W,Y,3684.374,224,142,119,136,17,145,103,25.848,-13.993,0.95,0,0.871,323.623,492.418,-113.105,0.295,-37.379,0,"HANA_ARASHI",-0.062,-17.63,0,"k@ster",-21.321,-47.505,0,"Yaksok~",-15.233,-62.506,0,"Slaris",20.013,-49.17,0,"CoalCat",9.82,-64.825,0,"AI",40.9,-90.65,0,"AI",0,-109.84,0,"AI",-40.8,-90.55,0,3689.191,13.396,-107.08,3694.791,4,"Slaris",-4.309,-43.94,0,0,,,,,16,1
140,8,1,7,7,0,0,2,0,0,0,255,255,255,73,3708.649,"TaeGeuk_",R,35,86,140,-31.203,4.62,0.368,1.31,-0.372,2.659,-36.826,13.021,0,49,51,2,0,127.474,200,43.623,0,0,1,4,4,R,"si_ho",190,88.027,0.348,3,61,W,Y,3709.731,151,135,200,11,0,145,90,7.707,21.796,-0.83,0,0.521,-287.362,486.364,202.173,0.111,-37.146,0,"HANA_ARASHI",-0.181,-17.565,0,"k@ster",-21.072,-47.31,0,"Yaksok~",-16.392,-62.899,104,"Slaris",20.096,-48.726,0,"CoalCat",8.347,-66.101,0,"AI",40.9,-90.65,0,"AI",0,-109.84,0,"AI",-40.8,-90.55,0,3711.091,-14.376,-51.024,3712.191,4,"Slaris",-17.436,-59.593,0,0,,,,,9,2
141,8,0,7,7,0,0,0,0,0,0,255,255,255,66,3746.004,"-KYU-",R,3,82,121,2.281,-1.801,0.384,1.039,0.62,1.139,-36.343,40.087,0,10,90,2,0,-471.333,0,-12.759,0,0,1,3,2,R,"k@ster",160,80,0.648,3,61,W,Y,3746.979,195,121,73,65,40,144,91,31.699,20.408,-0.16,0,0.178,324.551,491.531,114.295,0.319,-37.454,0,"CVPileMaki",-0.096,-16.922,0,"HOGGYS 호기스",-20.41,-45.377,0,"_Gosomi",-13.581,-61.858,0,"si_ho",19.88,-47.594,85,"Yes_Man_",11.128,-62.285,0,"AI",40.9,-90.65,0,"AI",0,-109.84,0,"AI",-40.8,-90.55,0,3751.702,-34.941,-86.916,3757.335,4,"Slaris",19.254,-44.396,0,0,,,,,24,1
142,8,0,7,7,0,0,1,0,0,0,255,255,255,67,3777.632,"-KYU-",R,32,84,136,-0.444,-1.02,0.112,1.058,-0.535,1.167,-36.343,25.958,0,11,89,0,0,250,141.106,13.656,0.736,-19.143,1,4,0,R,"TaeGeuk_",177.7,90.533,0.644,0,61,W,Y,0,0,0,0,0,0,0,0,0,0,0,0,0,0,0,0,-0.124,-37.559,0,"CVPileMaki",0.296,-16.92,0,"HOGGYS 호기스",-19.914,-43.057,0,"_Gosomi",-12.633,-59.864,0,"si_ho",19.438,-48.429,0,"Yes_Man_",10.427,-62.548,0,"AI",40.9,-90.65,0,"AI",0,-109.84,0,"AI",-40.8,-90.55,0,0,0,0,0,0,"",0,0,0,0,3781.524,,,,0,0
143,8,0,7,7,0,1,1,0,0,0,255,255,255,68,3801.291,"-KYU-",R,3,83,123,-0.536,0.868,0.392,1.343,0.426,2.126,-36.343,28.281,0,72,28,2,0,-434.049,0,7.392,0,0,1,4,0,R,"TaeGeuk_",177.7,90.533,0.644,3,66,W,Y,3802.107,255,107,115,101,33,145,94,114.79,47.677,-0.4,0,0.016,594.077,16.175,82.531,0.023,-37.33,0,"CVPileMaki",-0.153,-17.17,0,"HOGGYS 호기스",-20.383,-45.099,0,"_Gosomi",-15.868,-62.615,0,"si_ho",19.668,-47.735,0,"Yes_Man_",12.298,-63.571,0,"AI",40.9,-90.65,0,"AI",0,-109.84,0,"AI",-40.8,-90.55,0,0,0,0,0,0,"",0,0,0,0,,,,,8,3
144,8,0,7,7,0,2,1,0,0,0,255,255,255,69,3820.059,"-KYU-",R,32,86,140,1.921,-1.762,0.382,0.913,0.581,0.722,-36.343,44.919,0,11,89,1,0,185.664,131.335,-0.3,0,0,0,4,0,R,"TaeGeuk_",177.7,90.533,0.644,0,66,W,Y,0,0,0,0,0,0,0,0,0,0,0,0,0,0,0,0,-0.002,-37.936,0,"CVPileMaki",-0.045,-17.075,0,"HOGGYS 호기스",-20.635,-45.641,0,"_Gosomi",-14.631,-63.377,0,"si_ho",20.144,-48.936,0,"Yes_Man_",11.991,-61.386,0,"AI",40.9,-90.65,0,"AI",0,-109.84,0,"AI",-40.8,-90.55,0,0,0,0,0,0,"",0,0,0,0,3821.002,,,,0,0
145,8,0,7,7,1,2,1,0,0,0,255,255,255,70,3838.941,"-KYU-",R,32,94,140,-1.279,-1.042,0.05,1.036,-0.82,1.09,-36.343,19.872,0,52,48,4,0,198.332,77.506,10.397,0,0,1,4,0,R,"TaeGeuk_",177.7,90.533,0.644,0,66,W,Y,0,0,0,0,0,0,0,0,0,0,0,0,0,0,0,0,-0.193,-38.36,0,"CVPileMaki",-0.145,-16.999,0,"HOGGYS 호기스",-20.614,-45.621,0,"_Gosomi",-15.224,-62.399,0,"si_ho",20.241,-48.891,0,"Yes_Man_",12.023,-61.397,0,"AI",40.9,-90.65,0,"AI",0,-109.84,0,"AI",-40.8,-90.55,0,0,0,0,0,0,"",0,0,0,0,3839.891,,,,0,0
146,8,0,7,7,0,0,2,0,0,0,255,255,255,71,3866.963,"-KYU-",R,32,91,140,2.923,0.387,0.447,1.277,1.024,1.906,-36.343,24.391,0,58,42,2,0,179.446,38.265,12.969,0,0,1,5,1,R,"HANA_ARASHI",190,90,0.25,3,60,W,Y,3867.989,209,94,150,66,37,145,91,92.722,76.778,-0.8,0,0.66,597.123,-34.791,47.259,0.287,-37.347,0,"CVPileMaki",-0.035,-17.011,0,"HOGGYS 호기스",-20.386,-43.212,0,"_Gosomi",-14.902,-59.771,0,"si_ho",20.164,-48.631,0,"Yes_Man_",11.737,-61.475,0,"AI",40.9,-90.65,0,"AI",0,-109.84,0,"AI",-40.8,-90.55,0,3874.346,20.808,-7.577,0,0,"",0,0,0,0,,,,,8,3
147,8,0,7,7,0,1,2,0,0,0,255,255,255,72,3890.594,"-KYU-",R,3,92,127,-2.384,0.469,0.149,1.281,-0.361,1.919,-36.343,15.471,0,63,37,1,0,-458.504,0,11.449,0,0,0,5,1,R,"HANA_ARASHI",190,90,0.25,0,52,W,Y,0,0,0,0,0,0,0,0,0,0,0,0,0,0,0,0,-0.057,-37.738,0,"CVPileMaki",-0.116,-16.897,0,"HOGGYS 호기스",-20.676,-45.299,0,"_Gosomi",-17.263,-60.444,0,"si_ho",19.907,-48.569,0,"Yes_Man_",13.202,-64.524,0,"AI",40.9,-90.65,0,"AI",0,-109.84,0,"AI",-40.8,-90.55,0,0,0,0,0,0,"",0,0,0,0,3891.813,,,,0,0
148,8,0,7,7,1,1,2,0,0,0,255,255,255,73,3907.514,"-KYU-",R,5,84,134,-1.586,0.912,0.093,1.367,-0.623,2.198,-36.343,7.72,0,55,45,4,0,-51.161,0,10.229,0,0,1,5,1,R,"HANA_ARASHI",190,90,0.25,0,52,W,Y,0,0,0,0,0,0,0,0,0,0,0,0,0,0,0,0,-0.008,-38.37,0,"CVPileMaki",0.002,-16.563,0,"HOGGYS 호기스",-20.304,-43.678,0,"_Gosomi",-13.658,-61.073,0,"si_ho",20.197,-48.217,0,"Yes_Man_",13.277,-64.481,0,"AI",40.9,-90.65,0,"AI",0,-109.85,0,"AI",-40.8,-90.55,0,0,0,0,0,0,"",0,0,0,0,3908.746,,,,0,0
149,8,0,7,7,1,2,2,0,0,0,255,255,255,74,3924.407,"-KYU-",R,3,87,128,-0.906,0.633,0.343,1.335,0.183,2.02,-36.343,28.834,0,94,6,2,0,-399.985,0,5.404,0,0,1,5,1,R,"HANA_ARASHI",190,90,0.25,3,52,W,Y,3925.49,191,92,135,89,29,145,115,26.745,16.816,0.14,0,0.697,401.509,430.444,116.229,-0.007,-37.329,0,"CVPileMaki",-0.315,-16.601,0,"HOGGYS 호기스",-20.967,-45.987,0,"_Gosomi",-13.668,-61.243,0,"si_ho",19.82,-48.433,0,"Yes_Man_",13.292,-64.487,73,"AI",40.9,-90.65,0,"AI",0,-109.84,0,"AI",-40.8,-90.55,0,3930.491,-40.04,-113.413,3938.224,4,"Slaris",0.2,-59.132,1,0,,3936.259,,,10,2
150,8,0,7,7,0,0,2,0,1,0,255,11,255,75,3954.883,"-KYU-",R,3,85,128,2.68,0.61,0.613,1.301,1.709,1.969,-36.343,50.815,0,100,0,2,0,-380.691,0,-0.865,0,0,0,0,3,R,"Yaksok~",174.5,87,0.328,3,60,W,Y,3955.798,145,168,91,80,38,144,84,41.979,-30.766,-0.87,0,0.134,112.08,-588.528,32.762,0.207,-37.662,0,"CVPileMaki",0.003,-16.624,118,"HOGGYS 호기스",-21.891,-46.414,0,"_Gosomi",-14.754,-61.378,0,"si_ho",18.837,-48.39,0,"Yes_Man_",8.177,-59.577,0,"AI",40.9,-90.65,0,"AI",0,-109.84,0,"AI",-40.8,-90.55,0,3960.524,40.199,-68.658,3967.746,4,"Slaris",-1.699,-18.775,1,0,3965.991,,3961,3966.069,40,2
151,8,0,7,8,0,0,2,1,0,0,13,255,255,76,3989.798,"-KYU-",R,32,86,139,5.457,-1.938,0.638,0.878,2.141,0.534,-36.343,60.377,0,16,84,3,0,220.064,94.722,-8.748,1.536,-21.67,0,1,4,R,"Slaris",190,85.69,0.452,0,60,W,Y,0,0,0,0,0,0,0,0,0,0,0,0,0,0,0,0,0.33,-37.005,0,"CVPileMaki",0.618,-17.097,0,"HOGGYS 호기스",-20.001,-42.521,0,"_Gosomi",-11.258,-62.078,0,"si_ho",19.955,-48.486,0,"Yes_Man_",9.87,-61.204,0,"AI",40.9,-90.65,0,"AI",0,-109.84,0,"AI",-40.8,-90.55,0,0,0,0,0,0,"",0,0,0,0,3995.269,,,,0,6
152,8,0,7,8,2,0,2,1,0,0,14,255,255,77,4010.362,"-KYU-",R,3,86,125,-0.15,0.096,0.366,1.208,0.647,1.684,-36.343,35.53,0,65,35,2,0,-476.613,0,-1.38,0,0,0,1,4,R,"Slaris",190,85.69,0.452,3,60,W,Y,4011.239,242,185,138,135,54,145,130,25.432,-43.992,0.51,0,0.4,-10.865,542.984,255.051,0.016,-36.922,0,"CVPileMaki",-0.33,-17.357,0,"HOGGYS 호기스",-19.697,-44.451,0,"_Gosomi",-12.646,-63.69,0,"si_ho",19.848,-48.295,0,"Yes_Man_",9.991,-60.769,0,"AI",40.9,-90.65,0,"AI",0,-109.84,0,"AI",-40.8,-90.55,0,4015.769,68.869,-114.74,0,0,"",0,0,0,0,,4017.309,4022.625,4027.66,8,4
153,8,0,7,10,0,0,2,0,0,0,255,255,255,78,4054.538,"-KYU-",R,32,96,140,-1.584,-0.465,0.013,1.132,-0.994,1.419,-36.343,11.298,0,57,43,1,0,231.51,65.661,16.331,0,0,0,2,5,R,"CoalCat",174.9,83,0.397,0,60,W,Y,0,0,0,0,0,0,0,0,0,0,0,0,0,0,0,0,-0.114,-37.605,0,"CVPileMaki",-0.128,-17.26,0,"HOGGYS 호기스",-20.752,-45.451,0,"_Gosomi",-11.965,-61.69,0,"si_ho",19.734,-48.88,0,"Yes_Man_",13.015,-64.943,0,"AI",40.9,-90.65,0,"AI",0,-109.85,0,"AI",-40.807,-90.557,0,0,0,0,0,0,"",0,0,0,0,4055.902,,,,0,0
154,8,0,7,10,1,0,2,0,0,0,255,255,255,79,4066.597,"-KYU-",R,34,82,133,-0.716,-0.49,0.13,1.111,-0.449,1.345,-36.343,15.497,0,53,47,2,0,94.981,5.974,10.159,0,0,1,2,5,R,"CoalCat",174.9,83,0.397,3,60,W,Y,4067.641,255,136,96,97,62,145,89,12.469,28.343,-0.59,0,0.455,180.262,-571.615,27.606,0.072,-37.086,0,"CVPileMaki",-0.116,-17.223,0,"HOGGYS 호기스",-20.849,-45.513,0,"_Gosomi",-11.693,-61.874,0,"si_ho",19.712,-48.781,0,"Yes_Man_",12.995,-64.962,0,"AI",40.9,-90.65,0,"AI",0,-109.85,0,"AI",-40.807,-90.557,0,0,0,0,0,0,"",0,0,0,0,,,,,25,1
155,9,1,7,10,0,0,0,0,0,0,255,255,255,74,4118.912,"TaeGeuk_",R,32,86,139,-2.322,1.426,0.183,1.311,-1.235,2.661,-36.826,5.678,3,49,48,1,0,170.376,149.08,46.187,0,0,0,5,1,R,"CVPileMaki",190,94.088,0.399,0,60,W,Y,0,0,0,0,0,0,0,0,0,0,0,0,0,0,0,0,-0.151,-37.595,0,"HANA_ARASHI",-0.112,-17.699,0,"k@ster",-21.002,-47.573,0,"Yaksok~",-16.939,-62.348,0,"Slaris",19.835,-48.543,0,"CoalCat",9.147,-65.333,0,"AI",40.9,-90.65,0,"AI",0,-109.84,0,"AI",-40.8,-90.55,0,0,0,0,0,0,"",0,0,0,0,4120.257,,,,0,0
156,9,1,7,10,1,0,0,0,0,0,255,255,255,75,4134.812,"TaeGeuk_",R,13,71,111,-2.241,-1.323,0.438,0.87,-0.258,1.232,-36.826,23.887,7,9,84,4,0,-388.193,315.129,9.77,0,0,1,5,1,R,"CVPileMaki",190,94.088,0.399,0,60,W,Y,0,0,0,0,0,0,0,0,0,0,0,0,0,0,0,0,-0.02,-37.508,0,"HANA_ARASHI",-0.16,-17.641,0,"k@ster",-21.002,-47.605,0,"Yaksok~",-16.715,-62.109,0,"Slaris",20.136,-48.449,0,"CoalCat",8.136,-64.751,0,"AI",40.9,-90.65,0,"AI",0,-109.84,0,"AI",-40.8,-90.55,0,0,0,0,0,0,"",0,0,0,32,4136.18,,,,0,0
157,9,1,7,10,1,1,0,0,0,0,255,255,255,76,4152.928,"TaeGeuk_",R,32,83,135,-0.008,0.748,0.43,1.16,-0.292,2.173,-36.826,10.144,2,40,58,2,0,188.305,69.668,17.274,0,0,1,5,1,R,"CVPileMaki",190,94.088,0.399,3,60,W,Y,4154.089,188,105,153,112,77,145,107,25.781,49.307,0.91,0,0.341,560.038,-214.407,-19.667,0.188,-37.396,0,"HANA_ARASHI",-0.066,-17.673,0,"k@ster",-20.908,-47.506,0,"Yaksok~",-16.723,-62.099,0,"Slaris",20.295,-48.324,0,"CoalCat",7.633,-65.578,0,"AI",40.9,-90.65,0,"AI",0,-109.84,0,"AI",-40.8,-90.55,0,4158.746,-70.777,-82.671,0,0,"",0,0,0,0,,,,,16,2
158,9,1,7,10,1,2,0,0,0,0,255,255,255,77,4172.713,"TaeGeuk_",R,0,63,102,-0.113,-0.821,0.579,0.817,0.03,1.143,-36.826,37.027,8,12,80,2,0,-45.984,0,17.044,0,0,1,5,1,R,"CVPileMaki",190,94.088,0.399,3,60,W,Y,4173.964,255,88,128,137,99,145,104,99.084,-79.768,-0.14,0,0.164,171.01,-568.125,89.386,0.287,-37.537,0,"HANA_ARASHI",-0.039,-17.702,0,"k@ster",-21.789,-47.462,0,"Yaksok~",-16.331,-63.746,0,"Slaris",20.262,-49.729,0,"CoalCat",8.132,-65.35,0,"AI",40.9,-90.65,0,"AI",0,-109.84,0,"AI",-40.8,-90.55,0,0,0,0,0,0,"",0,0,0,0,,,,,16,3
159,9,1,7,10,1,2,0,0,0,0,255,255,255,78,4188.912,"TaeGeuk_",R,0,92,140,-1.203,1.378,0.378,1.261,-0.536,2.498,-36.826,10.787,6,44,50,2,0,0,0,0,0,0,1,5,1,R,"CVPileMaki",190,94.088,0.399,3,60,W,Y,4189.964,193,35,110,79,38,145,101,1.623,35.479,0.97,0,0.257,-97.392,567.445,-168.88,0.227,-37.31,0,"HANA_ARASHI",-0.077,-17.513,0,"k@ster",-21.999,-47.409,75,"Yaksok~",-15.89,-63.168,0,"Slaris",21.157,-49.38,0,"CoalCat",8.152,-65.281,0,"AI",40.9,-90.65,0,"AI",0,-109.84,0,"AI",-40.8,-90.55,0,4190.869,-16.366,-39.483,4191.879,4,"Slaris",-20.578,-44.889,0,0,,,,,24,2
160,9,1,7,10,0,0,1,0,0,0,255,255,255,79,4213.466,"TaeGeuk_",R,32,88,140,0.082,0.624,0.441,1.122,-0.243,2.069,-36.826,16.657,5,39,56,2,0,189.852,65.377,18.255,0,0,1,0,3,R,"_Gosomi",180,85,0.31,3,60,W,Y,4214.563,243,51,72,65,48,143,87,56.7,-1.145,-0.76,0,0.441,566.472,195.333,-30.896,0.557,-36.899,0,"HANA_ARASHI",-0.111,-17.364,0,"k@ster",-20.619,-46.823,0,"Yaksok~",-16.41,-63.084,0,"Slaris",19.944,-49.429,0,"CoalCat",8.662,-65.22,82,"AI",40.9,-90.65,0,"AI",0,-109.84,0,"AI",-40.8,-90.55,0,4220.58,-0.998,-68.084,4221.646,4,"Slaris",-0.634,-66.844,0,0,,,,,20,1
161,9,1,7,10,0,0,2,0,0,0,255,255,255,80,4238.865,"TaeGeuk_",R,15,78,118,-1.514,3.799,0.349,1.489,-0.669,3.373,-36.826,25.219,38,13,49,1,0,0,-399.734,36.395,0,0,0,1,5,R,"Yes_Man_",175.1,85.251,0.499,0,60,W,Y,0,0,0,0,0,0,0,0,0,0,0,0,0,0,0,0,-0.138,-37.872,0,"HANA_ARASHI",-0.067,-16.969,0,"k@ster",-21.187,-47.204,0,"Yaksok~",-16.087,-63.478,0,"Slaris",19.271,-49.934,0,"CoalCat",8.35,-65.66,0,"AI",40.9,-90.65,0,"AI",0,-109.84,0,"AI",-40.8,-90.55,0,0,0,0,0,0,"",0,0,0,0,4240.246,,,,0,0
162,9,1,7,10,1,0,2,0,0,0,255,255,255,81,4254.942,"TaeGeuk_",R,3,75,116,-2.07,0.575,0.456,1.089,-0.17,1.967,-36.826,11.28,0,46,54,4,0,-414.867,0,32.583,-4.404,-17.325,1,1,5,R,"Yes_Man_",175.1,85.251,0.499,0,60,W,Y,0,0,0,0,0,0,0,0,0,0,0,0,0,0,0,0,-0.073,-37.92,0,"HANA_ARASHI",-0.817,-16.799,0,"k@ster",-21.148,-47.148,0,"Yaksok~",-15.55,-62.824,0,"Slaris",20.675,-48.271,0,"CoalCat",8.311,-65.69,0,"AI",40.9,-90.65,0,"AI",0,-109.84,0,"AI",-40.8,-90.55,0,0,0,0,0,0,"",0,0,0,0,4259.435,,,,0,0
163,9,1,7,10,1,1,2,0,0,0,255,255,255,82,4271.805,"TaeGeuk_",R,32,85,137,0.891,0.701,0.524,1.118,0.145,2.069,-36.826,5.859,5,44,51,0,0,167.064,34.098,36.888,0,0,0,1,5,R,"Yes_Man_",175.1,85.251,0.499,0,60,W,Y,0,0,0,0,0,0,0,0,0,0,0,0,0,0,0,0,0.388,-37.239,0,"HANA_ARASHI",-0.135,-17.132,0,"k@ster",-21.142,-47.155,0,"Yaksok~",-15.46,-63.519,0,"Slaris",21.455,-48.81,0,"CoalCat",8.053,-65.343,0,"AI",40.9,-90.65,0,"AI",0,-109.84,0,"AI",-40.8,-90.55,0,0,0,0,0,0,"",0,0,0,0,4273.068,,,,0,0
164,9,1,7,10,1,2,2,0,0,0,255,255,255,83,4290.466,"TaeGeuk_",R,12,69,107,1.063,-0.766,0.658,0.897,0.511,1.276,-36.826,29.501,4,4,91,2,0,0,72.426,35.2,0,0,1,1,5,R,"Yes_Man_",175.1,85.251,0.499,3,60,W,Y,4291.633,173,116,59,71,48,137,81,18.033,-14.511,-0.8,0,0.462,515.591,306.856,2.359,0.502,-37.011,0,"HANA_ARASHI",-0.13,-17.144,0,"k@ster",-21.054,-47.096,0,"Yaksok~",-15.458,-63.519,0,"Slaris",21.11,-49.094,0,"CoalCat",8.124,-65.245,0,"AI",40.9,-90.65,0,"AI",0,-109.84,0,"AI",-40.8,-90.55,0,4306.691,-17.975,-47.139,4297.058,4,"Slaris",8.875,-68.454,0,0,,,,,4,1
