id,inn,half,scoreA,scoreB,ball,strk,out,b1,b2,b3,b1Idx,b2Idx,b3Idx,pCnt,pSec,pName,pHand,pType,pPow,spdK,zoneX,zoneY,startX,startY,targetX,targetY,zDist,pitchAngle,pOver,pSide,pUnder,call,balk,sH,sV,gyro,plx,plz,bSwing,bIdx,bPos,bZone,bName,bHCm,batLen,batCen,batType,bFps,bOS,bVR,hSec,rotS,rotL,shS,lgS,prepS,batSpd,ev,ldeg,sdeg,hPos,buntGrip,handDist,angVeloX,angVeloY,angVeloZ,PPosX,PPosY,PThrSpd,CName,CPosX,CPosY,CThrSpd,1BName,1BPosX,1BPosY,1BThrSpd,2BName,2BPosX,2BPosY,2BThrSpd,3BName,3BPosX,3BPosY,3BThrSpd,SSName,SSPosX,SSPosY,SSThrSpd,LFName,LFPosX,LFPosY,LFThrSpd,CFName,CFPosX,CFPosY,CFThrSpd,RFName,RFPosX,RFPosY,RFThrSpd,ltSec,lx,lz,cSec,cPos,cPlr,cx,cz,1BSafe,tag,cpSec,sb2Sec,sb3Sec,sbhSec,ass,result
1,1,1,0,0,0,0,0,0,0,0,255,255,255,0,239.835,"Floră",R,3,73,101,0.961,-1.292,0.652,1.462,1.092,1.015,-36.341,36.228,0,100,0,1,0,-410.592,144.226,14.718,0,0,0,0,5,R,"_Gosomi",185.1,85,0.31,0,51,W,Y,0,0,0,0,0,0,0,0,0,0,0,0,0,0,0,0,-0.232,-37.424,0,"muyang_",0.002,-17.648,0,"Yaksok~",-20.227,-49.264,0,"_앰프_",-13.406,-61.428,0,"Slaris",20.912,-49.487,0,"CoalCat",9.49,-65.169,0,"하랑님_",46.62,-93.176,0,"아침땅_",-5.399,-111.39,0,"ByeolBam",-40.446,-90.189,0,0,0,0,0,0,"",0,0,0,0,240.238,,,,0,0
2,1,1,0,0,1,0,0,0,0,0,255,255,255,1,253.847,"Floră",R,33,83,134,0.105,-0.318,0.265,1.47,-0.164,1.388,-36.341,14.764,0,100,0,2,0,145.443,-30.362,4.683,0,0,1,0,5,R,"_Gosomi",185.1,85,0.31,3,51,W,Y,254.901,255,124,94,75,0,145,103,-40.45,-9.189,-0.12,0,0.452,548.498,150.431,191.103,-0.18,-37.357,0,"muyang_",-0.111,-17.122,0,"Yaksok~",-19.905,-49.32,0,"_앰프_",-13.342,-61.206,0,"Slaris",20.34,-49.771,0,"CoalCat",9.558,-65.085,94,"하랑님_",46.643,-93.268,0,"아침땅_",-5.2,-112.077,0,"ByeolBam",-44.183,-96.486,0,253.611,0.017,-20.227,256.305,5,"CoalCat",8.81,-56.024,0,0,,,,,266,2
3,1,1,0,0,0,0,1,0,0,0,255,255,255,2,282.522,"Floră",R,0,82,133,1.915,-0.35,0.465,1.673,0.769,1.384,-36.341,39.297,0,100,0,1,0,42.129,-9.435,1.955,0,0,0,1,6,R,"즉석카레",175.1,84.749,0.402,0,49,W,Y,0,0,0,0,0,0,0,0,0,0,0,0,0,0,0,0,-0.006,-37.476,0,"muyang_",-0.01,-16.976,0,"Yaksok~",-18.595,-48.495,0,"_앰프_",-12.392,-62.934,0,"Slaris",19.142,-48.381,0,"CoalCat",9.778,-64.955,0,"하랑님_",49.268,-89.243,0,"아침땅_",-5.462,-108.1,0,"ByeolBam",-43.018,-94.641,0,0,0,0,0,0,"",0,0,0,0,282.798,,,,0,0
4,1,1,0,0,1,0,1,0,0,0,255,255,255,3,298.844,"Floră",R,33,89,140,-7.746,0.876,-0.216,1.637,-3.544,2.106,-36.341,13.401,0,100,0,1,0,132.325,-7.03,8.215,0,0,0,1,6,R,"즉석카레",175.1,84.749,0.402,0,49,W,Y,0,0,0,0,0,0,0,0,0,0,0,0,0,0,0,0,-0.339,-37.414,0,"muyang_",-0.732,-16.506,0,"Yaksok~",-19.29,-48.321,0,"_앰프_",-13.41,-62.08,0,"Slaris",18.999,-48.51,0,"CoalCat",9.818,-64.955,0,"하랑님_",49.296,-89.238,0,"아침땅_",-6.427,-107.2,0,"ByeolBam",-43.813,-95.248,0,0,0,0,0,0,"",0,0,0,0,299.078,,,,0,0
5,1,1,0,0,2,0,1,0,0,0,255,255,255,4,316.751,"Floră",R,33,81,131,0.077,-1.084,0.263,1.553,-0.171,0.962,-36.341,32.597,0,100,0,1,0,137.331,-5.647,0.334,0,0,0,1,6,R,"즉석카레",175.1,84.749,0.402,0,49,W,Y,0,0,0,0,0,0,0,0,0,0,0,0,0,0,0,0,-0.218,-37.449,0,"muyang_",-0.086,-18.098,0,"Yaksok~",-19.337,-48.389,0,"_앰프_",-12.93,-62.545,0,"Slaris",19.052,-48.454,0,"CoalCat",9.81,-65.04,0,"하랑님_",49.532,-89.396,0,"아침땅_",-7.509,-107.934,0,"ByeolBam",-45.232,-96.95,0,0,0,0,0,0,"",0,0,0,0,316.958,,,,0,0
6,1,1,0,0,3,0,1,0,0,0,255,255,255,5,331.428,"Floră",R,3,69,98,-0.146,-0.627,0.566,1.443,0.824,1.272,-36.341,19.761,0,100,0,0,0,-434.332,0,6.892,0,0,0,1,6,R,"즉석카레",175.1,84.749,0.402,0,49,W,Y,0,0,0,0,0,0,0,0,0,0,0,0,0,0,0,0,-0.361,-37.649,0,"muyang_",0.016,-17.138,0,"Yaksok~",-19.345,-48.396,0,"_앰프_",-12.699,-62.6,0,"Slaris",19.147,-48.421,0,"CoalCat",9.774,-65.002,0,"하랑님_",48.327,-90.724,0,"아침땅_",-7.515,-107.944,0,"ByeolBam",-45.205,-98.347,0,0,0,0,0,0,"",0,0,0,0,331.878,,,,0,0
7,1,1,0,0,3,1,1,0,0,0,255,255,255,6,345.801,"Floră",R,3,77,105,0.958,-0.432,0.563,1.432,1.126,1.377,-36.341,17.451,0,100,0,2,0,-381.786,0,17.281,0,0,1,1,6,R,"즉석카레",175.1,84.749,0.402,3,49,W,Y,346.975,120,162,53,67,26,134,127,7.941,-20.043,0.47,0,0.202,-497.857,-244.438,-228.885,0.077,-37.1,0,"muyang_",0.04,-17.277,0,"Yaksok~",-19.349,-48.395,0,"_앰프_",-12.817,-62.686,85,"Slaris",19.147,-48.42,0,"CoalCat",9.839,-64.98,0,"하랑님_",47.058,-91.782,91,"아침땅_",-6.397,-108.036,0,"ByeolBam",-45.698,-98.509,0,347.185,17.294,-64.653,353.905,6,"하랑님_",39.591,-119.472,1,0,,356.849,,,336,2
8,1,1,0,0,0,0,1,0,1,0,255,6,255,7,379.156,"Floră",R,33,85,138,-0.69,-0.33,0.197,1.67,-0.477,1.382,-36.341,28.832,0,100,0,2,0,148.291,-24.154,3.674,0,0,1,2,8,L,"-Alta-",180.1,86.283,0.478,3,46,W,Y,379.994,255,123,133,56,3,145,88,25.224,-18.804,-0.76,0,0.433,-72.38,-594.511,36.303,-0.267,-37.042,0,"muyang_",-0.075,-17.085,0,"Yaksok~",-17.205,-45.997,0,"_앰프_",-9.315,-61.493,67,"Slaris",21.497,-48.129,0,"CoalCat",13.796,-62.895,0,"하랑님_",45.981,-83.865,88,"아침땅_",3.055,-114.024,0,"ByeolBam",-41.189,-98.991,0,382.891,30.784,-81.596,383.331,6,"하랑님_",29.929,-80.302,0,0,,385.826,,,336,1
9,1,1,0,0,0,0,2,0,1,0,255,6,255,8,405.384,"Floră",R,13,74,101,-1.33,-1.408,0.193,1.519,-0.023,1.156,-36.341,36.48,0,100,0,4,0,-332.418,344.858,8.505,0,0,1,3,2,L,"Pring__",190,92.818,0.485,0,45,W,Y,0,0,0,0,0,0,0,0,0,0,0,0,0,0,0,0,-0.467,-37.553,117,"muyang_",-0.161,-17.197,0,"Yaksok~",-18.431,-47.819,0,"_앰프_",-7.102,-62.31,0,"Slaris",21.565,-47.264,0,"CoalCat",14.33,-61.047,0,"하랑님_",50.364,-90.254,0,"아침땅_",7.471,-117.41,0,"ByeolBam",-40.991,-99.39,0,0,0,0,0,0,"",0,0,0,0,405.531,408.046,,,0,0
10,1,1,0,0,0,1,2,0,1,0,255,6,255,9,438.004,"Floră",R,3,73,104,0.781,-0.162,0.504,1.681,0.933,1.523,-36.341,32.457,0,100,0,2,0,-316.072,0,-12.788,0,0,1,3,2,L,"Pring__",190,92.818,0.485,3,45,W,Y,438.979,157,115,66,91,81,138,129,26.655,1.498,0.33,0,0.483,161.955,-576.451,-38.4,0.009,-37.173,0,"muyang_",0.095,-17.057,0,"Yaksok~",-18.404,-47.701,0,"_앰프_",-10.426,-62.36,71,"Slaris",20.766,-47.81,0,"CoalCat",14.366,-60.945,0,"하랑님_",51.746,-91.911,0,"아침땅_",5.114,-116.954,101,"ByeolBam",-41.141,-99.097,0,443.038,13.588,-134.24,444.838,7,"아침땅_",15.868,-126.931,1,0,,449.391,443.817,448.725,352,2
11,1,1,1,0,0,0,2,0,1,0,255,2,255,10,472.554,"Floră",R,33,86,140,2.592,-0.295,0.504,1.492,0.947,1.444,-36.341,31.398,0,100,0,1,0,147.812,6.839,1.646,0,0,0,4,3,R,"장덕춘_",170,94.074,0.319,0,44,W,Y,0,0,0,0,0,0,0,0,0,0,0,0,0,0,0,0,-0.201,-37.513,0,"muyang_",0.335,-18.703,0,"Yaksok~",-18.603,-48.243,0,"_앰프_",-11.973,-61.199,0,"Slaris",19.214,-46.599,0,"CoalCat",11.384,-64.088,0,"하랑님_",45.86,-92.082,0,"아침땅_",-5.999,-110.389,0,"ByeolBam",-45.643,-95.752,0,0,0,0,0,0,"",0,0,0,0,472.491,475.171,,,0,0
12,1,1,1,0,1,0,2,0,1,0,255,2,255,11,488.216,"Floră",R,33,88,140,-1.066,0.543,0.168,1.624,-0.613,1.921,-36.341,6.481,0,100,0,0,0,109.083,13.824,3.488,0,0,0,4,3,R,"장덕춘_",170,94.074,0.319,0,44,W,Y,0,0,0,0,0,0,0,0,0,0,0,0,0,0,0,0,-0.375,-37.536,0,"muyang_",0.16,-19.895,0,"Yaksok~",-18.635,-48.227,0,"_앰프_",-12.162,-61.597,0,"Slaris",19.85,-47.957,0,"CoalCat",11.444,-64.13,0,"하랑님_",46.929,-92.75,0,"아침땅_",-4.98,-110.505,0,"ByeolBam",-44.51,-89.92,0,0,0,0,0,0,"",0,0,0,0,488.171,491.256,,,0,0
13,1,1,1,0,1,1,2,0,1,0,255,2,255,12,512.648,"Floră",R,13,76,114,-1.306,-1.791,0.329,1.561,0.134,0.97,-36.341,27.325,0,100,0,2,0,-416.478,276.669,22.59,0,0,1,4,3,R,"장덕춘_",170,94.074,0.319,3,44,W,Y,513.565,195,185,86,121,52,145,102,27.545,32.09,0.9,0,0.256,320.886,105.432,495.899,-0.061,-37.15,0,"muyang_",-0.158,-17.308,0,"Yaksok~",-18.496,-48.95,0,"_앰프_",-12.65,-60.19,0,"Slaris",18.895,-48.252,0,"CoalCat",5.592,-60.149,0,"하랑님_",49.567,-89.345,0,"아침땅_",-7.707,-108.057,0,"ByeolBam",-45.611,-92.584,0,0,0,0,517.171,8,"ByeolBam",-49.578,-90.803,0,0,586.718,,518.98,,164,1
14,1,0,1,0,0,0,0,0,0,0,255,255,255,0,683.686,"Rite_",R,36,43,101,-6.291,0.098,-0.026,1.682,-2.662,1.836,-36.441,19.738,0,100,0,1,0,-38.174,102.366,0,0,0,0,0,4,R,"Slaris",190,85.69,0.452,0,41,W,Y,0,0,0,0,0,0,0,0,0,0,0,0,0,0,0,0,0.348,-37.264,0,"소솨소솨",-0.547,-17.005,0,"Pring__",-21.862,-48.014,0,"장덕춘_",-13.551,-64.853,0,"magimari",19.124,-45.827,0,"_Gosomi",10.144,-63.075,0,"즉석카레",41.665,-105.402,0,"AI",0,-109.84,0,"-Alta-",-47.795,-95.496,0,0,0,0,0,0,"",0,0,0,0,683.825,,,,0,0
15,1,0,1,0,1,0,0,0,0,0,255,255,255,1,697.455,"Rite_",R,27,75,126,-0.187,0.383,0.247,1.658,-0.233,1.681,-36.441,8.9,0,100,0,2,0,105.218,-112.574,0,0,0,1,0,4,R,"Slaris",190,85.69,0.452,3,41,W,Y,698.431,255,105,161,114,35,145,119,-14.725,-19.44,0.14,0,0.282,-500.414,-91.346,-318.184,0.016,-37.212,0,"소솨소솨",-0.195,-17.107,0,"Pring__",-21.817,-47.895,86,"장덕춘_",-13.273,-64.626,0,"magimari",19.032,-45.766,0,"_Gosomi",9.946,-62.924,87,"즉석카레",41.675,-105.387,0,"AI",0,-109.84,0,"-Alta-",-47.806,-95.355,0,697.158,1.324,-24.152,698.878,5,"_Gosomi",13.515,-58.379,0,0,,,,,137,2
16,1,0,1,0,0,0,1,0,0,0,255,255,255,2,724.845,"Rite_",R,3,72,115,-3.069,0.315,0.123,1.699,-0.812,1.811,-36.441,6.425,0,100,0,2,0,-362.623,0,0,0,0,1,1,2,R,"Yaksok~",190,87,0.328,3,40,W,Y,725.849,172,216,139,144,75,145,101,107.248,-79.975,0.97,0,0.263,82.221,-574.555,-152.074,0.152,-37.317,0,"소솨소솨",-0.168,-17.178,0,"Pring__",-20.916,-46.308,0,"장덕춘_",-12.298,-65.086,0,"magimari",17.539,-46.867,0,"_Gosomi",9.533,-62.45,0,"즉석카레",39.426,-105.917,0,"AI",0,-109.84,0,"-Alta-",-47.964,-93.523,0,729.345,-84.733,-15.769,0,0,"",0,0,0,0,,,,,128,3
17,1,0,1,0,0,1,1,0,0,0,255,255,255,3,742.582,"Rite_",R,31,45,103,-6.371,-0.055,-0.025,1.648,-2.661,1.644,-36.441,13.16,0,100,0,4,0,-57.83,36.99,0,0,0,1,1,2,R,"Yaksok~",190,87,0.328,0,60,W,Y,0,0,0,0,0,0,0,0,0,0,0,0,0,0,0,0,0.007,-37.909,0,"소솨소솨",-0.751,-17.133,0,"Pring__",-20.996,-45.723,0,"장덕춘_",-13.174,-64.782,0,"magimari",17.563,-46.867,0,"_Gosomi",9.896,-61.398,0,"즉석카레",36.986,-108.309,0,"AI",0,-109.84,0,"-Alta-",-47.192,-92.973,0,0,0,0,0,0,"",0,0,0,0,742.611,,,,0,0
18,1,0,1,0,1,1,1,0,0,0,255,255,255,4,763.029,"Rite_",R,3,79,118,-2.868,-1.092,0.171,1.494,-0.589,1.149,-36.441,11.546,0,100,0,1,0,-401.801,191.322,0,0,0,0,1,2,R,"Yaksok~",190,87,0.328,0,60,W,Y,0,0,0,0,0,0,0,0,0,0,0,0,0,0,0,0,0.363,-37.753,0,"소솨소솨",-0.455,-17.164,0,"Pring__",-21.073,-46.66,0,"장덕춘_",-12.661,-63.51,0,"magimari",17.644,-46.879,0,"_Gosomi",9.995,-60.98,0,"즉석카레",36.9,-108.491,0,"AI",0,-109.84,0,"-Alta-",-48.554,-93.746,0,0,0,0,0,0,"",0,0,0,0,762.971,,,,0,0
19,1,0,1,0,2,1,1,0,0,0,255,255,255,5,778.509,"Rite_",R,3,74,115,0.304,0.81,0.469,1.794,0.799,2.121,-36.441,18.094,8,92,0,2,0,-398.168,0.004,0,0,0,1,1,2,R,"Yaksok~",190,87,0.328,3,60,W,Y,779.507,228,119,112,116,66,145,92,109.342,-57.198,-0.74,0,0.224,325.901,-463.824,196.612,0.239,-37.118,0,"소솨소솨",-0.077,-17.167,0,"Pring__",-21.113,-46.696,0,"장덕춘_",-13.01,-64.816,0,"magimari",17.601,-46.811,0,"_Gosomi",9.973,-60.971,0,"즉석카레",36.935,-108.487,0,"AI",0,-109.84,0,"-Alta-",-48.664,-93.673,0,783.825,-49.862,5.782,0,0,"",0,0,0,0,,,,,128,3
20,1,0,1,0,2,2,1,0,0,0,255,255,255,6,798.723,"Rite_",R,3,68,102,0.867,0.167,0.578,1.686,0.87,1.732,-36.441,25.218,0,100,0,2,0,-255.156,0,0,0,0,1,1,2,R,"Yaksok~",190,87,0.328,3,60,W,Y,799.789,255,96,131,110,73,145,94,108.417,39.113,-0.62,0,0.562,136.05,-582.376,-48.256,0.193,-37.066,0,"소솨소솨",-0.084,-17.172,0,"Pring__",-21.35,-46.559,0,"장덕춘_",-13.441,-64.821,0,"magimari",17.593,-46.541,0,"_Gosomi",10.135,-61.191,0,"즉석카레",37.852,-108.963,0,"AI",0,-109.84,0,"-Alta-",-50.81,-95.818,0,0,0,0,0,0,"",0,0,0,0,,,,,128,3
21,1,0,1,0,2,2,1,0,0,0,255,255,255,7,818.249,"Rite_",R,32,76,127,-6.048,-0.622,-0.075,1.563,-2.865,1.189,-36.441,22.233,0,100,0,4,0,152.845,-24.759,0,0,0,1,1,2,R,"Yaksok~",190,87,0.328,0,60,W,Y,0,0,0,0,0,0,0,0,0,0,0,0,0,0,0,0,-0.408,-38.571,0,"소솨소솨",-2.923,-17.52,0,"Pring__",-21.066,-43.878,0,"장덕춘_",-13.362,-64.617,0,"magimari",17.661,-46.591,0,"_Gosomi",10.675,-62.15,0,"즉석카레",42.607,-107.624,0,"AI",0,-109.84,0,"-Alta-",-51.366,-95.588,0,0,0,0,0,0,"",0,0,0,0,818.185,,,,0,0
22,1,0,1,0,3,2,1,0,0,0,255,255,255,8,854.58,"Rite_",R,0,64,117,-1.759,-0.758,0.123,1.482,-0.81,1.11,-36.441,11.343,0,100,0,1,0,23.397,-25.778,0,0,0,0,1,2,R,"Yaksok~",190,87,0.328,0,60,W,Y,0,0,0,0,0,0,0,0,0,0,0,0,0,0,0,0,-0.143,-37.885,0,"소솨소솨",-0.349,-17.289,0,"Pring__",-20.438,-43.59,0,"장덕춘_",-13.05,-64.761,0,"magimari",17.153,-46.686,0,"_Gosomi",9.998,-61.758,0,"즉석카레",40.446,-107.94,0,"AI",0,-109.84,0,"-Alta-",-51.358,-95.601,0,0,0,0,0,0,"",0,0,0,2,854.545,880.951,,,0,5
23,1,0,1,0,0,0,2,0,0,0,255,255,255,9,951.564,"Rite_",R,33,75,126,-0.603,-0.423,0.198,1.553,-0.46,1.321,-36.441,10.402,0,100,0,0,0,146.734,-27.549,0,0,0,0,2,8,R,"ByeolBam",180,90,0.4,0,83,W,Y,0,0,0,0,0,0,0,0,0,0,0,0,0,0,0,0,0.362,-38.009,0,"소솨소솨",-0.099,-17.131,0,"Pring__",-21.766,-47.126,0,"장덕춘_",-13.142,-64.986,0,"magimari",17.526,-46.313,0,"_Gosomi",7.616,-63.419,0,"즉석카레",41.531,-104.672,0,"AI",0,-109.84,0,"-Alta-",-51.674,-95.677,0,0,0,0,0,0,"",0,0,0,0,951.371,,,,0,0
24,1,0,1,0,0,1,2,0,0,0,255,255,255,10,966.992,"Rite_",R,3,73,115,-0.355,0.434,0.4,1.714,0.476,1.873,-36.441,8.251,0,100,0,2,0,-382.119,0,0,0,0,1,2,8,R,"ByeolBam",180,90,0.4,3,83,W,Y,967.971,172,141,141,86,34,145,121,28.259,32.694,0.22,0,0.282,344.466,491.189,8.767,0.078,-37.261,0,"소솨소솨",-0.142,-17.121,0,"Pring__",-21.705,-47.029,0,"장덕춘_",-13.182,-64.897,103,"magimari",17.214,-46.388,0,"_Gosomi",8.016,-64.183,77,"즉석카레",41.281,-102.324,0,"AI",0,-109.84,0,"-Alta-",-52.455,-95.299,98,971.798,-66.297,-101.033,973.798,8,"-Alta-",-59.329,-96.205,1,0,,978.107,,,149,2
25,1,0,1,0,0,0,2,0,1,0,255,18,255,11,1006.598,"Rite_",R,7,51,104,-2.832,-1.162,-0.029,1.45,-1.516,0.949,-36.441,12.885,0,100,0,1,0,171.053,0,0,0,0,0,3,5,R,"CoalCat",174.9,83,0.397,0,39,W,Y,0,0,0,0,0,0,0,0,0,0,0,0,0,0,0,0,-0.44,-38.585,0,"소솨소솨",-0.229,-17.169,0,"Pring__",-21.077,-46.716,0,"장덕춘_",-13.619,-64.545,0,"magimari",18.089,-45.679,0,"_Gosomi",3.2,-59.907,0,"즉석카레",32.432,-109.14,0,"AI",0,-109.84,0,"-Alta-",-53.834,-96.232,0,0,0,0,0,0,"",0,0,0,0,1006.625,1010.565,,,0,0
26,1,0,1,0,1,0,2,0,1,0,255,18,255,12,1030.333,"Rite_",R,13,70,110,0.501,-0.774,0.484,1.645,0.867,1.637,-36.441,32.131,0,100,0,2,0,-365.991,340.662,0,0,0,1,3,5,R,"CoalCat",174.9,83,0.397,3,39,W,Y,1031.364,255,136,83,107,59,145,126,26.406,-28.254,0.43,0,0.516,-22.227,582.459,142.293,-0.046,-37.048,0,"소솨소솨",-0.13,-17.297,0,"Pring__",-21.005,-46.452,0,"장덕춘_",-13.469,-64.684,0,"magimari",17.394,-46.317,0,"_Gosomi",6.9,-61.303,0,"즉석카레",32.942,-109.08,0,"AI",0,-109.84,0,"-Alta-",-54.112,-96.341,0,1034.745,37.825,-125.339,1034.945,6,"즉석카레",36.359,-118.868,0,0,,,1035.853,,258,1
27,2,1,1,0,0,0,0,0,0,0,255,255,255,13,1080.059,"Floră",R,3,71,99,-2.123,-0.759,0.152,1.455,-0.15,1.159,-36.341,21.591,0,100,0,4,0,-450,0,19.799,0,0,1,5,1,R,"소솨소솨",190,80,0.501,0,38,W,Y,0,0,0,0,0,0,0,0,0,0,0,0,0,0,0,0,-0.171,-37.601,0,"muyang_",-0.086,-16.916,0,"Yaksok~",-18.242,-46.9,0,"_앰프_",-14.643,-62.644,0,"Slaris",21.144,-50.76,0,"CoalCat",9.391,-64.549,0,"하랑님_",42.865,-92.743,0,"아침땅_",-4.624,-114.215,0,"ByeolBam",-44.775,-93.244,0,0,0,0,0,0,"",0,0,0,0,1080.238,,,,0,0
28,2,1,1,0,0,1,0,0,0,0,255,255,255,14,1097.021,"Floră",R,33,83,135,0.15,0.45,0.181,1.623,-0.089,1.89,-36.341,3.062,0,100,0,2,0,108.083,-3.261,3.268,0,0,0,5,1,R,"소솨소솨",190,80,0.501,3,38,W,Y,1098.014,255,114,46,21,35,120,88,-76.449,70.872,-0.03,0,0.398,410.126,412.49,147.136,-0.068,-37.147,0,"muyang_",-0.239,-17.331,0,"Yaksok~",-18.788,-47.811,0,"_앰프_",-15.141,-63.491,0,"Slaris",21.216,-50.734,0,"CoalCat",9.488,-64.367,0,"하랑님_",43.701,-94.089,0,"아침땅_",-4.909,-114.137,0,"ByeolBam",-45.559,-95.238,0,1096.678,-0.736,-19.331,0,0,"",0,0,0,0,,,,,256,3
29,2,1,1,0,0,2,0,0,0,0,255,255,255,15,1112.642,"Floră",R,13,74,101,0.983,-1.495,0.56,1.402,1.115,1.15,-36.341,42.998,0,100,0,2,0,-351.221,321.994,19.386,0,0,1,5,1,R,"소솨소솨",190,80,0.501,3,38,W,Y,1113.784,255,161,87,119,67,145,32,-59.126,61.87,1,0,0.626,302.396,-460.242,-238.191,0.055,-37.259,0,"muyang_",0.04,-17.366,0,"Yaksok~",-19.172,-48.711,0,"_앰프_",-14.636,-63.631,0,"Slaris",20.711,-50.041,0,"CoalCat",9.168,-65.447,0,"하랑님_",45.868,-93.013,0,"아침땅_",-6.175,-112.847,0,"ByeolBam",-45.765,-95.832,0,1112.478,-0.296,-20.823,1116.171,1,"muyang_",-9.705,-22.35,0,0,1116.171,,,,384,2
30,2,1,1,0,0,2,0,0,0,0,255,255,255,16,1157.558,"Floră",R,3,72,102,-1.287,0.801,0.277,1.679,0.2,2.135,-36.341,22.538,0,52,48,2,0,-388.849,0,19.388,0,0,1,5,1,R,"소솨소솨",190,80,0.501,3,48,W,Y,1158.686,255,102,111,79,20,145,130,94.192,72.487,0.32,0,0.567,594.582,-60.634,52.873,-0.246,-37.35,0,"muyang_",0.016,-16.669,0,"Yaksok~",-18.984,-48.45,0,"_앰프_",-13.196,-64.034,0,"Slaris",20.414,-49.181,0,"CoalCat",9.657,-65.018,0,"하랑님_",46.48,-91.96,0,"아침땅_",-8.512,-112.281,0,"ByeolBam",-46.909,-95.977,0,0,0,0,0,0,"",0,0,0,0,,,,,256,3
31,2,1,1,0,0,2,0,0,0,0,255,255,255,17,1175.457,"Floră",R,13,74,112,-0.801,-1.723,0.266,1.519,0.305,0.907,-36.341,33.731,0,100,0,1,0,-390.434,312.348,49.523,-0.325,-18.56,0,5,1,R,"소솨소솨",190,80,0.501,0,48,W,Y,0,0,0,0,0,0,0,0,0,0,0,0,0,0,0,0,-0.347,-37.441,0,"muyang_",-0.187,-17.456,0,"Yaksok~",-18.519,-46.755,0,"_앰프_",-13.195,-62.704,0,"Slaris",20.549,-49.163,0,"CoalCat",9.662,-65.053,0,"하랑님_",46.352,-93.787,0,"아침땅_",-7.882,-113.608,0,"ByeolBam",-45.851,-94.236,0,0,0,0,0,0,"",0,0,0,0,1175.505,,,,0,0
32,2,1,1,0,1,2,0,0,0,0,255,255,255,18,1188.065,"Floră",R,32,83,135,-0.324,-0.29,0.118,1.652,-0.379,1.335,-36.341,6.567,0,100,0,2,0,170.668,-100.856,17.881,0,0,1,5,1,R,"소솨소솨",190,80,0.501,3,48,W,Y,1189.084,210,165,79,0,36,120,122,-30,-17.571,0.43,0,0.53,-550.838,220.822,88.407,-0.011,-37.291,0,"muyang_",-0.183,-16.497,0,"Yaksok~",-19.703,-48.626,95,"_앰프_",-13.322,-62.636,0,"Slaris",20.533,-49.184,97,"CoalCat",9.728,-65.031,0,"하랑님_",46.407,-93.834,0,"아침땅_",-7.557,-113.702,0,"ByeolBam",-45.853,-94.229,0,1187.745,0.438,-20.635,1189.771,4,"Slaris",13.349,-50.975,0,0,,,,,259,2
33,2,1,1,0,0,0,1,0,0,0,255,255,255,19,1211.54,"Floră",R,3,68,98,2.131,-0.21,0.829,1.593,1.641,1.502,-36.341,29.28,0,100,0,1,0,-420.649,0,16.322,0,0,0,6,4,R,"magimari",190,85,0.447,0,38,W,Y,0,0,0,0,0,0,0,0,0,0,0,0,0,0,0,0,-0.247,-37.455,0,"muyang_",-0.071,-18,0,"Yaksok~",-19.32,-48.376,0,"_앰프_",-13.28,-63.158,0,"Slaris",20.953,-50.296,0,"CoalCat",10.318,-65.216,0,"하랑님_",48.968,-99.295,0,"아침땅_",-8.638,-112.713,0,"ByeolBam",-45.451,-94.635,0,0,0,0,0,0,"",0,0,0,0,1211.878,,,,0,0
34,2,1,1,0,1,0,1,0,0,0,255,255,255,20,1227.024,"Floră",R,3,78,105,0.245,-0.556,0.592,1.575,0.905,1.276,-36.341,17.27,0,100,0,0,0,-430.097,0,15.406,0,0,0,6,4,R,"magimari",190,85,0.447,0,38,W,Y,0,0,0,0,0,0,0,0,0,0,0,0,0,0,0,0,-0.3,-37.528,0,"muyang_",-0.11,-17.518,0,"Yaksok~",-19.108,-48.588,0,"_앰프_",-13.346,-63.176,0,"Slaris",20.629,-50.064,0,"CoalCat",10.333,-65.214,0,"하랑님_",48.992,-99.251,0,"아침땅_",-8.658,-112.894,0,"ByeolBam",-46.605,-94.242,0,0,0,0,0,0,"",0,0,0,0,1227.278,,,,0,0
35,2,1,1,0,1,1,1,0,0,0,255,255,255,21,1240.546,"Floră",R,3,74,105,-2.508,-0.356,0.145,1.633,-0.48,1.4,-36.341,8.072,0,100,0,1,0,-324.743,0,20.738,-1.117,-13.271,0,6,4,R,"magimari",190,85,0.447,0,38,W,Y,0,0,0,0,0,0,0,0,0,0,0,0,0,0,0,0,-0.319,-37.496,0,"muyang_",-0.407,-17.22,0,"Yaksok~",-19.123,-48.599,0,"_앰프_",-13.355,-63.116,0,"Slaris",20.594,-50.022,0,"CoalCat",10.376,-65.225,0,"하랑님_",45.631,-101.318,0,"아침땅_",-7.743,-113.015,0,"ByeolBam",-47.072,-95.122,0,0,0,0,0,0,"",0,0,0,0,1242.051,,,,0,0
36,2,1,1,0,2,1,1,0,0,0,255,255,255,22,1254.992,"Floră",R,33,87,140,-6.881,-0.689,-0.131,1.636,-3.14,1.167,-36.341,15.094,0,100,0,1,0,109.624,-4.492,6.829,0,0,0,6,4,R,"magimari",190,85,0.447,0,38,W,Y,0,0,0,0,0,0,0,0,0,0,0,0,0,0,0,0,-0.363,-37.397,0,"muyang_",-0.637,-17.673,0,"Yaksok~",-19.094,-48.56,0,"_앰프_",-13.364,-63.18,0,"Slaris",20.582,-49.994,0,"CoalCat",10.373,-65.232,0,"하랑님_",45.623,-101.344,0,"아침땅_",-8.528,-112.895,0,"ByeolBam",-44.593,-93.235,0,0,0,0,0,0,"",0,0,0,0,1254.918,,,,0,0
37,2,1,1,0,3,1,1,0,0,0,255,255,255,23,1270.775,"Floră",R,3,67,97,0.741,-0.022,0.57,1.654,1.139,1.62,-36.341,19.852,0,100,0,2,0,-395.03,0,16.801,0,0,1,6,4,R,"magimari",190,85,0.447,3,38,W,Y,1272.017,255,131,95,90,61,145,104,53.725,53.917,-0.16,0,0.808,341.084,-439.884,223.973,-0.086,-37.305,0,"muyang_",-0.027,-17.272,0,"Yaksok~",-19.117,-48.587,0,"_앰프_",-13.35,-62.968,0,"Slaris",20.683,-49.935,0,"CoalCat",10.412,-65.207,0,"하랑님_",45.653,-101.404,0,"아침땅_",-8.623,-112.86,0,"ByeolBam",-44.948,-92.858,0,1276.051,-63.286,-74.732,0,0,"",0,0,0,0,,,,,256,3
38,2,1,1,0,3,2,1,0,0,0,255,255,255,24,1291.326,"Floră",R,3,70,98,0.51,0.233,0.568,1.61,1.134,1.783,-36.341,25.308,0,100,0,2,0,-445.455,0,14.994,0,0,1,6,4,R,"magimari",190,85,0.447,3,38,W,Y,1292.611,205,112,95,60,49,145,130,29.129,-16.052,0.51,0,0.473,502.562,-31.934,-326.208,-0.008,-36.982,0,"muyang_",-0.05,-17.503,0,"Yaksok~",-19.125,-49.685,0,"_앰프_",-13.642,-64.008,0,"Slaris",20.279,-50.136,0,"CoalCat",9.66,-65.33,0,"하랑님_",46.763,-99.185,0,"아침땅_",-9.531,-113.691,0,"ByeolBam",-47.582,-94.762,0,1296.945,36.907,-135.187,0,0,"",0,0,0,0,,1303.647,1308.857,,256,4
39,2,1,2,0,0,0,1,0,0,0,255,255,255,25,1335.094,"Floră",R,33,84,137,0.832,-0.212,0.34,1.693,0.186,1.47,-36.341,13.608,0,100,0,2,0,123.389,-2.125,5.556,0,0,1,7,0,R,"Rite_",190,80,0.453,3,48,W,Y,1336.441,197,77,83,71,39,145,106,46.592,-3.784,-0.05,0,0.289,469.383,298.49,-224.907,-0.181,-37.253,0,"muyang_",-0.14,-17.251,0,"Yaksok~",-18.837,-48.855,0,"_앰프_",-11.933,-61.276,0,"Slaris",21.355,-49.958,0,"CoalCat",9.7,-65.408,0,"하랑님_",48.011,-103.206,0,"아침땅_",-9.206,-113.747,0,"ByeolBam",-44.303,-93.855,0,1341.411,1.746,-99.874,1341.571,7,"아침땅_",1.881,-98.014,0,0,,,,,288,1
40,2,1,2,0,0,0,2,0,0,0,255,255,255,26,1363.249,"Floră",R,33,83,135,2.134,-0.074,0.458,1.521,0.733,1.558,-36.341,16.188,0,100,0,4,0,132.971,-6.916,3.557,0,0,1,0,5,R,"_Gosomi",185.1,85,0.31,0,37,W,Y,0,0,0,0,0,0,0,0,0,0,0,0,0,0,0,0,-0.001,-37.193,0,"muyang_",0.029,-17.094,0,"Yaksok~",-19.639,-49.813,0,"_앰프_",-12.647,-60.513,0,"Slaris",20.835,-49.605,0,"CoalCat",8.54,-64.541,0,"하랑님_",45.322,-95.005,0,"아침땅_",-9.516,-109.019,0,"ByeolBam",-46.276,-96.478,0,0,0,0,0,0,"",0,0,0,0,1363.278,,,,0,0
41,2,1,2,0,0,1,2,0,0,0,255,255,255,27,1376.929,"Floră",R,33,86,139,-1.239,0.625,0.151,1.653,-0.691,1.998,-36.341,8.251,0,100,0,2,0,110.36,6.749,7.82,0,0,1,0,5,R,"_Gosomi",185.1,85,0.31,3,37,W,Y,1377.984,186,31,125,77,12,145,101,10.652,33.748,-0.23,0,0.344,165.059,576.802,-7.459,-0.032,-37.083,0,"muyang_",-0.353,-16.798,0,"Yaksok~",-19.302,-50.056,0,"_앰프_",-12.594,-60.322,0,"Slaris",20.743,-49.541,0,"CoalCat",8.638,-64.468,0,"하랑님_",45.352,-95.066,0,"아침땅_",-8.657,-109.238,0,"ByeolBam",-49.872,-97.987,0,0,0,0,1378.545,2,"Yaksok~",-22.251,-48.688,0,0,,,,,130,1
42,2,0,2,0,0,0,0,0,0,0,255,255,255,13,1415.018,"Rite_",R,34,72,123,2.692,1.002,0.52,1.786,1.037,2.133,-36.441,36.905,13,87,0,1,0,89.475,-40.052,0,0,0,0,4,6,R,"하랑님_",175.3,90,0.442,0,37,W,Y,0,0,0,0,0,0,0,0,0,0,0,0,0,0,0,0,0.338,-37.701,0,"소솨소솨",0.014,-17.036,0,"Pring__",-22.108,-47.7,0,"장덕춘_",-14.165,-64.537,0,"magimari",19.25,-46.44,0,"_Gosomi",10.164,-62.429,0,"즉석카레",40.486,-101.301,0,"AI",0,-109.84,0,"-Alta-",-40.687,-88.357,0,0,0,0,0,0,"",0,0,0,0,1414.985,,,,0,0
43,2,0,2,0,1,0,0,0,0,0,255,255,255,14,1429.356,"Rite_",R,32,80,130,2.549,0.336,0.485,1.665,0.874,1.708,-36.441,30.477,0,100,0,1,0,152.39,-85.839,0,0,0,0,4,6,R,"하랑님_",175.3,90,0.442,0,37,W,Y,0,0,0,0,0,0,0,0,0,0,0,0,0,0,0,0,0.064,-37.778,0,"소솨소솨",0.009,-17.06,0,"Pring__",-21.564,-47.057,0,"장덕춘_",-13.949,-64.673,0,"magimari",19.262,-46.463,0,"_Gosomi",10.103,-62.417,0,"즉석카레",36.091,-103.9,0,"AI",0,-109.84,0,"-Alta-",-45.053,-92.344,0,0,0,0,0,0,"",0,0,0,0,1429.305,,,,0,0
44,2,0,2,0,2,0,0,0,0,0,255,255,255,15,1441.796,"Rite_",R,32,79,129,0.76,-0.086,0.315,1.599,0.081,1.475,-36.441,9.089,0,100,0,0,0,163.235,-74.05,0,0,0,0,4,6,R,"하랑님_",175.3,90,0.442,0,37,W,Y,0,0,0,0,0,0,0,0,0,0,0,0,0,0,0,0,0.34,-37.614,0,"소솨소솨",-0.015,-17.053,0,"Pring__",-21.592,-47.079,0,"장덕춘_",-14.023,-64.883,0,"magimari",18.577,-45.717,0,"_Gosomi",10.164,-62.283,0,"즉석카레",36.033,-103.799,0,"AI",0,-109.84,0,"-Alta-",-44.946,-92.241,0,0,0,0,0,0,"",0,0,0,0,1441.745,,,,0,0
45,2,0,2,0,2,1,0,0,0,0,255,255,255,16,1456.403,"Rite_",R,33,72,124,1.742,0.797,0.398,1.749,0.469,2.003,-36.441,23.773,0,100,0,2,0,127.357,-58.588,0,0,0,1,4,6,R,"하랑님_",175.3,90,0.442,3,37,W,Y,1457.511,255,68,53,60,9,137,81,-9.544,-39.952,-0.82,0,0.21,474.987,-162.531,328.589,0.12,-37.326,0,"소솨소솨",-0.034,-17.048,0,"Pring__",-21.581,-47.068,98,"장덕춘_",-13.986,-64.806,0,"magimari",18.293,-45.767,0,"_Gosomi",11.197,-61.933,0,"즉석카레",36.024,-103.796,0,"AI",0,-109.84,0,"-Alta-",-44.949,-92.243,0,1456.385,5.1,-25.822,1458.131,4,"magimari",19.099,-40.773,1,0,,,,,200,2
46,2,0,2,0,0,0,0,1,0,0,16,255,255,17,1487.498,"Rite_",R,32,70,122,2.409,0.944,0.465,1.748,0.781,2.018,-36.441,36.607,0,100,0,1,0,188.289,-77.361,0,0,0,0,5,7,R,"아침땅_",129.266,94.936,0.502,0,37,W,Y,0,0,0,0,0,0,0,0,0,0,0,0,0,0,0,0,0.316,-37.865,0,"소솨소솨",0.025,-17.031,0,"Pring__",-18.016,-41.27,0,"장덕춘_",-10.934,-59.975,0,"magimari",17.401,-45.729,0,"_Gosomi",6.172,-59.602,0,"즉석카레",34.672,-96.24,0,"AI",0,-109.84,0,"-Alta-",-46.946,-90.565,0,0,0,0,0,0,"",0,0,0,0,1487.291,,,,0,0
47,2,0,2,0,1,0,0,1,0,0,16,255,255,18,1503.544,"Rite_",R,32,75,126,3.847,0.221,0.598,1.646,1.399,1.639,-36.441,28.452,0,100,0,1,0,171.218,-66.937,0,0,0,0,5,7,R,"아침땅_",129.266,94.936,0.502,0,37,W,Y,0,0,0,0,0,0,0,0,0,0,0,0,0,0,0,0,0.201,-37.678,0,"소솨소솨",0.028,-17.093,0,"Pring__",-18.394,-41.282,0,"장덕춘_",-12.222,-61.659,0,"magimari",17.077,-45.464,0,"_Gosomi",8.332,-59.283,0,"즉석카레",34.711,-96.252,0,"AI",0,-109.84,0,"-Alta-",-46.957,-90.56,0,0,0,0,0,0,"",0,0,0,0,1503.291,,,,0,0
48,2,0,2,0,2,0,0,1,0,0,16,255,255,19,1519.852,"Rite_",R,32,72,124,-1.164,-1.145,0.128,1.451,-0.788,0.913,-36.441,9.525,0,100,0,1,0,178.468,-48.623,0,0,0,0,5,7,R,"아침땅_",129.266,94.936,0.502,0,37,W,Y,0,0,0,0,0,0,0,0,0,0,0,0,0,0,0,0,0.179,-37.979,0,"소솨소솨",-0.11,-17.158,0,"Pring__",-19.424,-40.458,0,"장덕춘_",-12.282,-61.709,0,"magimari",17.666,-45.564,0,"_Gosomi",9.24,-59.127,0,"즉석카레",34.819,-96.971,0,"AI",0,-109.84,0,"-Alta-",-46.857,-90.644,0,0,0,0,0,0,"",0,0,0,0,1519.611,,,,0,0
49,2,0,2,0,3,0,0,1,0,0,16,255,255,20,1537.216,"Rite_",R,32,81,131,0.212,0.134,0.267,1.635,-0.14,1.599,-36.441,6.579,0,100,0,0,0,155.247,-64.226,0,0,0,0,5,7,R,"아침땅_",129.266,94.936,0.502,0,37,W,Y,0,0,0,0,0,0,0,0,0,0,0,0,0,0,0,0,0.314,-37.75,0,"소솨소솨",-0.012,-17.053,0,"Pring__",-19.104,-42.028,0,"장덕춘_",-12.401,-61.717,0,"magimari",17.827,-45.753,0,"_Gosomi",7.294,-59.142,0,"즉석카레",34.801,-97.018,0,"AI",0,-109.84,0,"-Alta-",-46.907,-90.648,0,0,0,0,0,0,"",0,0,0,0,1536.971,,,,0,0
50,2,0,2,0,3,1,0,1,0,0,16,255,255,21,1551.882,"Rite_",R,34,80,130,-4.368,-0.471,0.11,1.609,-2.006,1.306,-36.441,10.055,0,100,0,1,0,68.077,-25.038,0,0,0,0,5,7,R,"아침땅_",129.266,94.936,0.502,0,37,W,Y,0,0,0,0,0,0,0,0,0,0,0,0,0,0,0,0,0.308,-37.973,0,"소솨소솨",-0.403,-17.022,0,"Pring__",-19.779,-40.478,0,"장덕춘_",-12.28,-61.46,0,"magimari",17.819,-45.76,0,"_Gosomi",6.455,-59.582,0,"즉석카레",35.277,-97.373,0,"AI",0,-109.84,0,"-Alta-",-46.916,-90.645,0,0,0,0,0,0,"",0,0,0,0,1551.585,1560.845,,,0,5
51,2,0,2,0,0,0,0,1,1,0,17,16,255,22,1578.995,"Rite_",R,32,72,124,1.409,-0.074,0.371,1.609,0.342,1.508,-36.441,18.185,0,96,4,0,0,196.416,-41.882,0,0,0,0,6,3,R,"_앰프_",172,80,0.4,0,37,W,Y,0,0,0,0,0,0,0,0,0,0,0,0,0,0,0,0,0.031,-37.762,0,"소솨소솨",-0.003,-17.127,0,"Pring__",-18.537,-41.293,0,"장덕춘_",-12.248,-61.456,0,"magimari",17.619,-45.515,0,"_Gosomi",9.13,-60.621,0,"즉석카레",34.314,-102.408,0,"AI",0,-109.84,0,"-Alta-",-46.906,-90.643,0,0,0,0,0,0,"",0,0,0,0,1579.011,1581.684,,,0,0
52,2,0,2,0,0,1,0,1,1,0,17,16,255,23,1597.892,"Rite_",R,32,78,129,-1.226,-1.08,0.116,1.449,-0.844,0.934,-36.441,10.219,0,100,0,1,0,207.826,-48.718,0,0,0,0,6,3,R,"_앰프_",172,80,0.4,0,37,W,Y,0,0,0,0,0,0,0,0,0,0,0,0,0,0,0,0,0.321,-37.832,0,"소솨소솨",-0.149,-17.276,0,"Pring__",-18.6,-40.507,0,"장덕춘_",-12.423,-61.754,0,"magimari",17.61,-45.161,0,"_Gosomi",9.696,-60.213,0,"즉석카레",35.996,-101.465,0,"AI",0,-109.84,0,"-Alta-",-46.898,-90.641,0,0,0,0,0,0,"",0,0,0,0,1597.785,1600.511,,,0,0
53,2,0,2,0,1,1,0,1,1,0,17,16,255,24,1616.852,"Rite_",R,33,73,124,-1.602,0.279,0.11,1.662,-0.873,1.697,-36.441,0.803,0,100,0,1,0,110.391,-52.446,0,0,0,0,6,3,R,"_앰프_",172,80,0.4,0,37,W,Y,0,0,0,0,0,0,0,0,0,0,0,0,0,0,0,0,0.1,-37.65,0,"소솨소솨",-0.28,-17.163,0,"Pring__",-18.764,-40.786,0,"장덕춘_",-6.949,-61.164,0,"magimari",17.423,-45.835,0,"_Gosomi",13.244,-59.466,0,"즉석카레",35.46,-101.825,0,"AI",0,-109.84,0,"-Alta-",-47.053,-90.581,0,0,0,0,0,0,"",0,0,0,0,1616.798,1619.082,,,0,0
54,2,0,2,0,2,1,0,1,1,0,17,16,255,25,1636.587,"Rite_",R,33,72,124,-0.858,-0.614,0.179,1.518,-0.552,1.182,-36.441,9.859,0,100,0,2,0,111.608,-61.303,0,0,0,1,6,3,R,"_앰프_",172,80,0.4,3,37,W,Y,1637.719,255,56,54,95,42,137,93,107.485,-65.391,-0.08,0,0.191,584.28,47.941,127.745,-0.02,-37.238,0,"소솨소솨",-0.195,-17.162,0,"Pring__",-19.536,-40.18,0,"장덕춘_",-11.736,-61.405,0,"magimari",17.561,-45.807,0,"_Gosomi",12.682,-61.296,0,"즉석카레",35.248,-101.307,0,"AI",0,-109.84,0,"-Alta-",-47.044,-90.58,0,0,0,0,0,0,"",0,0,0,0,,1641.724,,,128,3
55,2,0,2,0,2,2,0,1,1,0,17,16,255,26,1656.073,"Rite_",R,1,32,84,-5.337,-0.231,0.03,1.688,-1.98,1.872,-36.441,22.495,0,100,0,1,0,0.546,-2.462,0,0,0,0,6,3,R,"_앰프_",172,80,0.4,0,33,W,Y,0,0,0,0,0,0,0,0,0,0,0,0,0,0,0,0,-0.182,-38.407,0,"소솨소솨",-0.767,-17.157,0,"Pring__",-18.496,-40.855,0,"장덕춘_",-12.446,-60.175,0,"magimari",17.581,-45.812,0,"_Gosomi",10.409,-61.93,0,"즉석카레",35.765,-101.29,0,"AI",0,-109.84,0,"-Alta-",-47.454,-89.671,0,0,0,0,0,0,"",0,0,0,0,1656.331,1658.666,,,0,0
56,2,0,2,0,3,2,0,1,1,0,17,16,255,27,1674.322,"Rite_",R,0,61,102,0.388,0.583,0.348,1.774,0.158,1.949,-36.441,12.494,0,100,0,2,0,0,0,0,0,0,1,6,3,R,"_앰프_",172,80,0.4,3,33,W,Y,1675.537,175,162,58,71,43,137,83,52.883,2.688,-0.65,0,0.2,419.935,-428.417,10.654,0.281,-37.557,0,"소솨소솨",-0.259,-17.26,0,"Pring__",-17.589,-42.485,0,"장덕춘_",-12.828,-61.106,75,"magimari",17.521,-45.747,0,"_Gosomi",10.224,-61.985,0,"즉석카레",35.823,-101.662,0,"AI",0,-109.84,0,"-Alta-",-47.459,-89.69,0,1679.705,2.621,-70.428,1679.851,3,"장덕춘_",2.367,-68.633,0,0,,1681.432,,,144,1
57,2,0,2,0,0,0,1,1,1,0,17,16,255,28,1704.347,"Rite_",R,0,60,115,-1.591,-0.501,0.147,1.558,-0.698,1.321,-36.441,5.622,0,100,0,4,0,0,0,0,0,0,1,7,1,R,"muyang_",170.7,80,0.498,0,37,W,Y,0,0,0,0,0,0,0,0,0,0,0,0,0,0,0,0,-0.054,-37.816,0,"소솨소솨",-0.205,-17.224,0,"Pring__",-18.356,-40.569,0,"장덕춘_",-12.565,-64.26,0,"magimari",17.684,-46.344,0,"_Gosomi",11.058,-61.68,0,"즉석카레",34.901,-101.817,0,"AI",0,-109.84,0,"-Alta-",-49.043,-96.826,0,0,0,0,0,0,"",0,0,0,0,1704.251,1706.389,,,0,0
58,2,0,2,0,0,1,1,1,1,0,17,16,255,29,1721.138,"Rite_",R,32,79,129,-0.805,0.16,0.167,1.633,-0.604,1.592,-36.441,6.136,0,100,0,2,0,168.775,-90.956,0,0,0,1,7,1,R,"muyang_",170.7,80,0.498,3,37,W,Y,1722.182,255,229,120,77,37,145,115,-30,-29.975,0.15,0,0.278,534.55,-107.023,250.603,0.066,-37.078,0,"소솨소솨",-0.176,-17.243,0,"Pring__",-17.181,-42.374,87,"장덕춘_",-12.203,-61.075,0,"magimari",17.572,-46.324,117,"_Gosomi",10.48,-61.588,0,"즉석카레",34.904,-101.805,0,"AI",0,-109.84,0,"-Alta-",-48.848,-96.841,0,1720.785,0.663,-20.621,1722.398,4,"magimari",14.852,-45.179,1,0,,1726.494,1727.607,,200,2
59,2,0,2,0,0,0,2,1,1,0,11,17,255,30,1757.202,"Rite_",R,32,78,128,0.77,0.662,0.319,1.752,0.103,1.983,-36.441,14.66,0,96,4,2,0,174.015,-40.717,0,0,0,0,8,0,R,"Floră",190,85,0.403,3,37,W,Y,1758.259,97,55,104,88,56,135,130,26.657,42.917,0.42,0,0.362,-229.509,466.586,-299.372,0.241,-37.512,0,"소솨소솨",-0.081,-17.101,0,"Pring__",-18.485,-41.284,0,"장덕춘_",-12.626,-62.117,0,"magimari",18.272,-46.241,0,"_Gosomi",13.245,-60.185,0,"즉석카레",35.026,-103.087,0,"AI",0,-109.84,0,"-Alta-",-49.26,-96.317,0,1761.465,-85.859,-94.947,0,0,"",0,0,0,0,,1763.465,1762.288,,128,3
60,2,0,2,0,0,1,2,1,1,0,11,17,255,31,1779.984,"Rite_",R,32,73,125,1.367,0.593,0.369,1.743,0.332,1.956,-36.441,20.961,0,100,0,2,0,164.136,-21.259,0,0,0,1,8,0,R,"Floră",190,85,0.403,3,90,W,Y,1780.96,141,117,129,100,62,145,130,-30,29.952,0.62,0,0.519,-346.601,479.143,-101.442,-0.056,-37.076,0,"소솨소솨",-0.085,-17.06,130,"Pring__",-17.249,-42.039,0,"장덕춘_",-12.768,-61.374,0,"magimari",18.308,-46.139,0,"_Gosomi",11.72,-60.137,88,"즉석카레",35.051,-109.401,0,"AI",0,-109.84,0,"-Alta-",-53.851,-97.358,96,1779.438,-0.898,-20.937,1782.918,8,"-Alta-",-40.121,-88.354,1,0,1789.425,1786.376,1785.254,1790.139,167,2
61,2,0,2,3,0,0,2,0,0,0,255,255,255,32,1830.657,"Rite_",R,33,69,121,1.744,0.793,0.414,1.771,0.54,2.046,-36.441,44.372,0,97,3,2,0,129.367,-58.028,0,0,0,0,0,4,R,"Slaris",190,85.69,0.452,3,37,W,Y,1831.682,212,131,110,85,29,145,114,25.719,-36.333,0.12,0,0.317,-76.63,594.516,-26.048,0.115,-37.25,0,"소솨소솨",-0.062,-17.15,0,"Pring__",-21.262,-46.775,0,"장덕춘_",-13.555,-64.222,0,"magimari",18.533,-46.009,0,"_Gosomi",10.289,-61.27,0,"즉석카레",37.343,-105.328,0,"AI",0,-109.84,0,"-Alta-",-55.327,-101.809,0,1834.851,47.31,-108.239,1835.104,6,"즉석카레",45.776,-104.147,0,0,,,,,258,1
62,3,1,2,3,0,0,0,0,0,0,255,255,255,28,1874.628,"Floră",R,34,80,131,-0.626,-0.299,0.212,1.682,-0.407,1.416,-36.341,2.193,0,100,0,0,0,89.368,-4.978,4.311,0,0,0,1,6,R,"즉석카레",175.1,84.749,0.402,0,37,W,Y,0,0,0,0,0,0,0,0,0,0,0,0,0,0,0,0,-0.01,-37.44,0,"muyang_",-0.075,-17.19,0,"Yaksok~",-18.683,-48.281,0,"_앰프_",-13.948,-62.157,0,"Slaris",19.918,-49.223,0,"CoalCat",11.679,-63.964,0,"하랑님_",43.538,-102.269,0,"아침땅_",-5.708,-109.286,0,"ByeolBam",-44.927,-92.768,0,0,0,0,0,0,"",0,0,0,0,1874.518,,,,0,0
63,3,1,2,3,0,1,0,0,0,0,255,255,255,29,1889.286,"Floră",R,33,87,140,2.245,-0.459,0.471,1.462,0.795,1.345,-36.341,16.636,0,100,0,4,0,128.507,4.577,1.988,0,0,1,1,6,R,"즉석카레",175.1,84.749,0.402,0,37,W,Y,0,0,0,0,0,0,0,0,0,0,0,0,0,0,0,0,0.042,-37.41,0,"muyang_",-0.07,-17.146,0,"Yaksok~",-18.979,-48.094,0,"_앰프_",-13.465,-63.16,0,"Slaris",20.114,-48.996,0,"CoalCat",11.694,-63.985,0,"하랑님_",43.499,-102.282,0,"아침땅_",-7.08,-108.916,0,"ByeolBam",-45.222,-93.611,0,0,0,0,0,0,"",0,0,0,0,1889.158,,,,0,0
64,3,1,2,3,0,2,0,0,0,0,255,255,255,30,1903.898,"Floră",R,33,88,140,-1.562,-0.746,0.121,1.613,-0.832,1.172,-36.341,4.908,0,100,0,2,0,112.656,6.627,6.125,0,0,1,1,6,R,"즉석카레",175.1,84.749,0.402,3,37,W,Y,1904.997,182,84,82,74,37,145,110,-16.365,37.351,0.91,0,0.211,-508.343,305.989,-89.211,-0.047,-37.032,0,"muyang_",-0.251,-17.136,0,"Yaksok~",-19.685,-49.213,120,"_앰프_",-13.633,-63.248,0,"Slaris",20.224,-48.948,0,"CoalCat",11.72,-63.988,0,"하랑님_",43.513,-102.318,0,"아침땅_",-7.832,-108.945,0,"ByeolBam",-45.994,-93.806,0,1903.491,-1.553,-20.255,1905.211,2,"Yaksok~",-19.723,-43.967,0,0,,,,,258,2
65,3,1,2,3,0,0,1,0,0,0,255,255,255,31,1925.143,"Floră",R,33,87,140,-1.439,-0.668,0.114,1.611,-0.864,1.18,-36.341,16.064,0,100,0,2,0,131.492,-14.134,3.766,0,0,1,2,8,L,"-Alta-",180.1,84.283,0.478,3,37,W,Y,1926.029,255,149,158,93,37,145,96,43.765,-7.505,-0.37,0,0.511,310.224,-399.302,-322.985,-0.144,-36.93,0,"muyang_",-0.34,-17.115,0,"Yaksok~",-19.386,-49.384,0,"_앰프_",-9.406,-62.959,76,"Slaris",22.197,-51.205,0,"CoalCat",12.463,-64.349,0,"하랑님_",47.545,-99.843,0,"아침땅_",1.537,-115.523,0,"ByeolBam",-45.741,-94.675,0,1930.025,18.644,-89.56,1931.451,6,"하랑님_",20.562,-95.299,1,0,,,,,368,2
66,3,1,2,3,0,0,1,1,0,0,8,255,255,32,1953.371,"Floră",R,3,73,101,0.923,-0.585,0.599,1.569,1.237,1.263,-36.341,24.78,0,100,0,2,0,-417.506,0,25.586,0,0,1,3,2,L,"Pring__",190,92.818,0.485,3,36,W,Y,1954.526,217,132,73,94,75,145,120,26.487,15.973,0.2,0,0.849,27.877,-539.352,-261.386,0.142,-37.308,0,"muyang_",-0.237,-17.061,0,"Yaksok~",-16.629,-45.097,0,"_앰프_",-4.684,-59.921,99,"Slaris",22.002,-50.167,0,"CoalCat",13.393,-63.217,0,"하랑님_",48.778,-96.574,0,"아침땅_",1.786,-116.082,0,"ByeolBam",-38.051,-93.992,0,1957.905,-14.113,-124.521,1958.038,7,"아침땅_",-13.999,-120.313,0,0,,1957.131,,,226,1
67,3,0,2,3,0,0,0,0,0,0,255,255,255,33,2020.956,"Rite_",R,32,76,127,-4.324,0.959,0.418,1.715,0.033,1.906,-36.441,17.979,0,98,2,2,0,184.724,-25.715,0,0,0,1,1,2,R,"Yaksok~",190,85,0.328,3,36,W,Y,2021.917,175,164,97,77,37,145,97,-66.558,-63.917,-0.51,0,0.276,447.584,386.745,100.485,-0.014,-37.117,0,"소솨소솨",-0.106,-17.155,0,"Pring__",-21.484,-46.62,0,"장덕춘_",-13.328,-64.714,0,"magimari",18.07,-46.025,0,"_Gosomi",14.328,-62.253,0,"즉석카레",37.77,-105.756,0,"AI",0,-109.84,0,"-Alta-",-48.902,-92.261,0,2020.331,1.35,-20.868,0,0,"",0,0,0,0,,,,,128,3
68,3,0,2,3,0,1,0,0,0,0,255,255,255,34,2039.989,"Rite_",R,32,74,125,-7.918,-0.059,-0.104,1.642,-3.741,1.523,-36.441,12.115,0,100,0,4,0,189.405,-43.702,0,-2.05,-10.02,1,1,2,R,"Yaksok~",190,85,0.328,0,60,W,Y,0,0,0,0,0,0,0,0,0,0,0,0,0,0,0,0,-0.954,-39.709,0,"소솨소솨",-0.741,-17.091,0,"Pring__",-20.102,-46.098,0,"장덕춘_",-13.406,-64.778,0,"magimari",17.371,-45.525,0,"_Gosomi",11.427,-61.524,0,"즉석카레",39.015,-105.185,0,"AI",0,-109.84,0,"-Alta-",-48.801,-94.46,0,0,0,0,0,0,"",0,0,0,0,,,,,0,0
69,3,0,2,3,2,0,0,0,0,0,255,255,255,35,2057.199,"Rite_",R,0,51,94,0.359,-0.387,0.509,1.663,0.141,1.389,-36.441,35.212,0,100,0,0,0,0,0,0,0,0,1,1,2,R,"Yaksok~",190,85,0.328,0,60,W,Y,0,0,0,0,0,0,0,0,0,0,0,0,0,0,0,0,0.047,-37.97,0,"소솨소솨",-0.006,-17.116,0,"Pring__",-20.042,-46.085,0,"장덕춘_",-13.67,-64.813,0,"magimari",17.08,-45.51,0,"_Gosomi",10.623,-61.982,0,"즉석카레",40.071,-107.386,0,"AI",0,-109.84,0,"-Alta-",-48.952,-94.732,0,0,0,0,0,0,"",0,0,0,0,2057.091,,,,0,0
70,3,0,2,3,1,2,0,0,0,0,255,255,255,36,2074.939,"Rite_",R,0,56,98,-1.763,0.56,0.049,1.801,-0.77,1.98,-36.441,4.838,0,100,0,2,0,0,0,0,0,0,1,1,2,R,"Yaksok~",190,85,0.328,3,60,W,Y,2075.982,192,107,78,94,80,145,103,96.64,-80.464,0.95,0,0.456,366.432,-436.912,186.641,-0.017,-37.601,0,"소솨소솨",-0.158,-17.104,0,"Pring__",-20.016,-45.966,0,"장덕춘_",-13.316,-64.797,0,"magimari",17.103,-45.438,0,"_Gosomi",10.829,-61.541,0,"즉석카레",42.245,-107.671,0,"AI",0,-109.84,0,"-Alta-",-49.335,-94.827,0,0,0,0,0,0,"",0,0,0,0,,,,,128,3
71,3,0,2,3,1,2,0,0,0,0,255,255,255,37,2092,"Rite_",R,12,67,105,-1.367,-0.995,0.104,1.388,-0.599,1.088,-36.441,18.926,21,79,0,1,0,0,61.331,0,0,0,0,1,2,R,"Yaksok~",190,85,0.328,0,60,W,Y,0,0,0,0,0,0,0,0,0,0,0,0,0,0,0,0,0.138,-38.016,0,"소솨소솨",-0.105,-17.279,0,"Pring__",-20.166,-45.657,0,"장덕춘_",-13.681,-64.534,0,"magimari",17.175,-45.484,0,"_Gosomi",10.103,-63.193,0,"즉석카레",40.368,-109.62,0,"AI",0,-109.84,0,"-Alta-",-49.376,-95.519,0,0,0,0,0,0,"",0,0,0,0,2091.771,,,,0,0
72,3,0,2,3,2,2,0,0,0,0,255,255,255,38,2107.973,"Rite_",R,3,61,93,-0.978,0.094,0.563,1.73,0.413,1.695,-36.441,46.141,0,100,0,2,0,-380.578,0,0,0,0,1,1,2,R,"Yaksok~",190,85,0.328,3,60,W,Y,2109.063,244,125,157,93,105,145,100,-30,27.004,0.98,0,0.573,-9.548,-312.767,-511.943,-0.069,-37.488,0,"소솨소솨",-0.034,-17.174,0,"Pring__",-20.127,-45.601,104,"장덕춘_",-13.64,-64.555,0,"magimari",17.194,-45.564,0,"_Gosomi",10.928,-62.744,0,"즉석카레",40.256,-109.621,0,"AI",0,-109.84,0,"-Alta-",-51.802,-96.226,0,2107.505,-1.133,-22.81,2109.318,2,"Pring__",-15.417,-42.457,0,0,,,,,136,2
73,3,0,2,3,0,0,1,0,0,0,255,255,255,39,2130.103,"Rite_",R,3,67,110,-2.584,0.504,0.336,1.712,-0.416,1.916,-36.441,25.914,0,100,0,4,0,-397.23,0,0,0,0,1,2,8,R,"ByeolBam",180,88,0.4,0,36,W,Y,0,0,0,0,0,0,0,0,0,0,0,0,0,0,0,0,0.376,-37.96,0,"소솨소솨",-0.154,-17.129,0,"Pring__",-20.907,-46.714,0,"장덕춘_",-13.658,-63.782,0,"magimari",17.112,-45.79,0,"_Gosomi",8.408,-62.736,0,"즉석카레",40.984,-111.57,0,"AI",0,-109.84,0,"-Alta-",-52.712,-100.407,0,0,0,0,0,0,"",0,0,0,0,2129.918,,,,0,0
74,3,0,2,3,0,1,1,0,0,0,255,255,255,40,2180.889,"Rite_",R,32,71,123,1.63,-0.128,0.491,1.606,0.448,1.465,-36.441,27.112,0,100,0,2,0,157.849,-56.658,0,0,0,1,2,8,R,"ByeolBam",180,90,0.4,3,36,W,Y,2181.871,237,144,181,63,36,145,100,52.693,47.274,-0.17,0,0.421,43.487,582.981,135.064,-0.128,-37.151,0,"소솨소솨",-0.071,-17.204,0,"Pring__",-20.947,-46.81,0,"장덕춘_",-13.896,-64.232,0,"magimari",18.027,-46.558,0,"_Gosomi",11.772,-62.37,0,"AI",40.9,-90.65,0,"AI",0,-109.84,0,"-Alta-",-52.708,-100.429,0,0,0,0,0,0,"",0,0,0,0,,,,,128,3
75,3,0,2,3,0,2,1,0,0,0,255,255,255,41,2198.312,"Rite_",R,33,70,123,-5.45,-0.662,-0.013,1.571,-2.57,1.171,-36.441,13.812,0,100,0,1,0,124.135,-31.098,0,0,0,0,2,8,R,"ByeolBam",180,90,0.4,0,81,W,Y,0,0,0,0,0,0,0,0,0,0,0,0,0,0,0,0,-0.426,-38.723,0,"소솨소솨",-0.763,-17.216,0,"Pring__",-21.81,-47.767,0,"장덕춘_",-13.554,-63.38,0,"magimari",17.773,-46.265,0,"_Gosomi",11.246,-63.565,0,"AI",40.9,-90.65,0,"AI",0,-109.84,0,"-Alta-",-54.286,-98.481,0,0,0,0,0,0,"",0,0,0,0,2197.971,,,,0,0
76,3,0,2,3,1,2,1,0,0,0,255,255,255,42,2217.246,"Rite_",R,0,62,102,-1.124,0.083,0.385,1.745,-0.43,1.67,-36.441,4.661,0,100,0,2,0,-36.171,0,0,0,0,1,2,8,R,"ByeolBam",180,90,0.4,3,81,W,Y,2218.197,123,139,101,104,44,138,128,26.717,12.89,0.5,0,0.231,40.569,559.005,214.168,0.116,-37.116,0,"소솨소솨",-0.207,-17.064,0,"Pring__",-21.739,-47.633,0,"장덕춘_",-13.897,-64.697,96,"magimari",17.691,-46.239,85,"_Gosomi",11.294,-62.95,0,"AI",40.9,-90.65,0,"AI",0,-109.85,0,"-Alta-",-54.285,-98.49,100,2221.505,-40.429,-123.911,2223.238,8,"-Alta-",-37.854,-117.979,1,0,,2228.34,,,212,2
77,3,0,2,3,0,0,1,0,1,0,255,18,255,43,2260.291,"Rite_",R,33,74,113,2.118,0.041,0.514,1.612,0.673,1.564,-36.441,16.55,0,100,0,1,0,134.165,-59.628,0,0,0,0,3,5,R,"CoalCat",174.9,83,0.397,0,37,W,Y,0,0,0,0,0,0,0,0,0,0,0,0,0,0,0,0,0.041,-37.965,0,"소솨소솨",-0.022,-17.06,0,"Pring__",-19.126,-45.021,0,"장덕춘_",-12.355,-61.956,0,"magimari",18.115,-45.589,0,"_Gosomi",9.337,-59.396,0,"AI",40.9,-90.65,0,"AI",0,-109.84,0,"-Alta-",-50.945,-97.232,0,0,0,0,0,0,"",0,0,0,0,2260.251,2263.161,,,0,0
78,3,0,2,3,1,0,1,0,1,0,255,18,255,44,2276.15,"Rite_",R,33,72,123,2.076,0.558,0.525,1.712,0.683,1.842,-36.441,38.17,0,100,0,2,0,130.84,-71.851,0,0,0,1,3,5,R,"CoalCat",174.9,83,0.397,3,37,W,Y,2277.193,255,92,95,97,45,145,84,27.962,-33.217,-0.89,0,0.524,380.163,-462.94,-34.097,-0.022,-37.163,0,"소솨소솨",-0.075,-17.048,0,"Pring__",-19.068,-44.964,0,"장덕춘_",-13.551,-63.507,0,"magimari",17.579,-45.478,42,"_Gosomi",11.242,-60.219,0,"AI",40.9,-90.65,0,"AI",0,-109.84,0,"-Alta-",-50.942,-97.228,0,2280.051,45.092,-74.95,2280.491,6,"AI",44.465,-74.303,1,0,,2282.62,,,208,2
79,3,0,2,3,0,0,1,1,1,0,15,18,255,45,2315.774,"Rite_",R,3,70,111,-0.884,-0.348,0.38,1.581,0.383,1.412,-36.441,9.543,0,100,0,0,0,-435.778,0,0,0,0,0,4,6,R,"하랑님_",175.3,90,0.442,0,36,W,Y,0,0,0,0,0,0,0,0,0,0,0,0,0,0,0,0,0.154,-37.822,0,"소솨소솨",-0.089,-17.082,0,"Pring__",-17.401,-41.452,0,"장덕춘_",-11.592,-60.358,0,"magimari",17.816,-45.685,0,"_Gosomi",10.91,-61.71,0,"AI",40.9,-90.65,0,"AI",0,-109.84,0,"-Alta-",-50.832,-94.384,0,0,0,0,0,0,"",0,0,0,0,2315.625,2319.22,,,0,0
80,3,0,2,3,0,1,1,1,1,0,15,18,255,46,2331.599,"Rite_",R,13,69,98,-0.911,-0.019,0.391,1.862,0.289,2.151,-36.441,16.518,70,30,0,0,0,-329.959,335.905,0,0,0,0,4,6,R,"하랑님_",175.3,90,0.442,0,36,W,Y,0,0,0,0,0,0,0,0,0,0,0,0,0,0,0,0,0.429,-37.749,0,"소솨소솨",-0.134,-17.002,0,"Pring__",-18.543,-40.964,0,"장덕춘_",-12.004,-61.839,0,"magimari",17.539,-45.743,0,"_Gosomi",11.222,-62.135,0,"AI",40.9,-90.65,0,"AI",0,-109.84,0,"-Alta-",-50.836,-94.391,0,0,0,0,0,0,"",0,0,0,0,2331.505,2335.694,,,0,0
81,3,0,2,3,0,2,1,1,1,0,15,18,255,47,2345.4,"Rite_",R,4,69,104,-1.6,0.861,0.184,1.847,-0.35,2.114,-36.441,10.684,0,100,0,2,0,-180.853,0,0,0,0,1,4,6,R,"하랑님_",175.3,90,0.442,3,36,W,Y,2346.614,255,111,77,125,43,145,127,-30,45.093,0.41,0,0.445,-154.75,-311.418,-488.949,0.132,-37.039,0,"소솨소솨",-0.191,-17.023,0,"Pring__",-17.082,-42.049,0,"장덕춘_",-13.169,-61.446,0,"magimari",17.249,-45.73,0,"_Gosomi",10.256,-61.844,0,"AI",40.9,-90.65,0,"AI",0,-109.84,0,"-Alta-",-51.513,-96.496,0,2345.011,-2.562,-23.354,0,0,"",0,0,0,0,,2351.48,,,128,0
82,3,0,2,3,0,2,1,1,1,0,15,18,255,48,2364.857,"Rite_",R,3,69,98,-2.982,-0.473,0.149,1.523,-0.459,1.358,-36.441,13.143,0,100,0,4,0,-400.156,0,0,0,0,1,4,6,R,"하랑님_",175.3,90,0.442,0,36,W,Y,0,0,0,0,0,0,0,0,0,0,0,0,0,0,0,0,0.132,-37.954,0,"소솨소솨",-0.538,-17.213,0,"Pring__",-17.866,-41.168,0,"장덕춘_",-11.648,-59.104,0,"magimari",17.344,-43.739,0,"_Gosomi",8.984,-61.438,0,"AI",40.9,-90.65,0,"AI",0,-109.84,0,"-Alta-",-53.239,-94.944,0,0,0,0,0,0,"",0,0,0,0,2364.798,2369.258,,,0,0
83,3,0,2,3,0,0,2,1,1,0,15,18,255,49,2386.652,"Rite_",R,13,76,103,-1.984,-2.11,0.25,1.358,-0.148,0.93,-36.441,19.056,0,100,0,1,0,-366.817,287.769,0,0,0,0,5,7,R,"아침땅_",129.266,94.936,0.502,0,36,W,Y,0,0,0,0,0,0,0,0,0,0,0,0,0,0,0,0,-0.025,-37.844,0,"소솨소솨",-0.194,-17.189,0,"Pring__",-17.436,-40.873,0,"장덕춘_",-13.031,-64.387,0,"magimari",18.013,-45.114,0,"_Gosomi",6.634,-59.047,0,"AI",40.9,-90.65,0,"AI",0,-109.84,0,"-Alta-",-49.332,-90.249,0,0,0,0,0,0,"",0,0,0,0,2386.291,2389.628,,,0,0
84,3,0,2,3,1,0,2,1,1,0,15,18,255,50,2402.363,"Rite_",R,22,59,93,1.165,0.169,0.531,1.875,0.725,2.213,-36.441,30.417,72,28,0,2,0,-201.505,238.653,0,0,0,1,5,7,R,"아침땅_",129.266,94.936,0.502,3,36,W,Y,2403.466,130,61,90,88,41,139,93,15.26,15.852,-0.02,0,0.228,-20.812,550.653,237.377,0.216,-37.227,0,"소솨소솨",-0.064,-17.007,102,"Pring__",-17.498,-41.176,0,"장덕춘_",-13.113,-65.018,0,"magimari",18.001,-45.143,0,"_Gosomi",11.089,-57.849,0,"AI",40.9,-90.65,0,"AI",0,-109.84,0,"-Alta-",-49.083,-90.285,91,2404.571,-20.909,-74.383,2406.518,8,"-Alta-",-30.606,-93.444,1,0,2413.238,2409.071,2408.571,2413.488,165,2
85,3,0,2,4,0,0,2,1,1,0,17,15,255,51,2435.738,"Rite_",R,3,65,97,-0.125,0.052,0.628,1.673,0.674,1.657,-36.441,33.191,0,100,0,0,0,-349.405,0,0,0,0,1,6,3,R,"_앰프_",172,80,0.4,0,36,W,Y,0,0,0,0,0,0,0,0,0,0,0,0,0,0,0,0,-0.024,-37.835,0,"소솨소솨",-0.065,-17.068,0,"Pring__",-18.905,-41.617,0,"장덕춘_",-12.988,-63.38,0,"magimari",18.128,-45.666,0,"_Gosomi",8.577,-59.21,0,"AI",40.9,-90.65,0,"AI",0,-109.84,0,"-Alta-",-47.355,-93.001,0,0,0,0,0,0,"",0,0,0,0,2435.638,2438.513,,,0,0
86,3,0,2,4,0,1,2,1,1,0,17,15,255,52,2452.536,"Rite_",R,3,71,101,-2.232,0.732,0.245,1.81,-0.163,2.036,-36.441,12.092,0,100,0,2,0,-402.73,0,0,0,0,1,6,3,R,"_앰프_",172,80,0.4,3,36,W,Y,2453.765,255,69,104,70,54,145,125,94.08,-77.361,0.38,0,0.181,403.533,-416.54,153.806,0.216,-37.431,0,"소솨소솨",-0.173,-17.113,0,"Pring__",-16.911,-42.509,0,"장덕춘_",-13.815,-64.266,0,"magimari",17.009,-45.923,0,"_Gosomi",10.583,-59.041,0,"AI",40.9,-90.65,0,"AI",0,-109.84,0,"-Alta-",-48.259,-93.652,0,0,0,0,0,0,"",0,0,0,0,,2463.284,,,128,3
87,3,0,2,4,0,2,2,1,1,0,17,15,255,53,2472.517,"Rite_",R,3,74,102,-2.131,-0.527,0.271,1.513,-0.081,1.326,-36.441,8.392,0,100,0,4,0,-427.982,0.025,0,0,0,1,6,3,R,"_앰프_",172,80,0.4,0,33,W,Y,0,0,0,0,0,0,0,0,0,0,0,0,0,0,0,0,0.018,-38.009,0,"소솨소솨",-0.172,-17.258,0,"Pring__",-18.47,-41.013,0,"장덕춘_",-13.864,-64.127,0,"magimari",18.649,-44.923,0,"_Gosomi",6.756,-60.226,0,"AI",40.9,-90.65,0,"AI",0,-109.84,0,"-Alta-",-49.721,-92.455,0,0,0,0,0,0,"",0,0,0,0,2472.411,2475.637,,,0,0
88,4,1,2,4,0,0,0,0,0,0,255,255,255,33,2520.884,"Floră",R,34,80,131,0.825,-0.882,0.348,1.597,0.225,1.101,-36.341,31.649,0,100,0,2,0,86.501,4.018,1.045,0,0,0,4,3,R,"장덕춘_",170,94.074,0.319,3,36,W,Y,2521.669,207,73,60,37,8,136,80,-34.502,36.544,-0.74,0,0.145,-283.918,490.352,197.345,-0.091,-37.045,0,"muyang_",-0.018,-16.936,0,"Yaksok~",-18.752,-48.388,50,"_앰프_",-13.472,-62.258,0,"Slaris",20.465,-49.056,0,"CoalCat",9.653,-65.477,0,"하랑님_",37.961,-89.962,0,"아침땅_",-4.945,-108.464,0,"ByeolBam",-42.016,-90.92,0,2520.038,-0.397,-20.32,2522.225,2,"Yaksok~",-16.394,-41.713,0,0,,,,,258,2
89,4,1,2,4,0,0,1,0,0,0,255,255,255,34,2540.337,"Floră",R,3,53,87,-2.964,-0.818,0.256,1.501,-0.451,1.131,-36.341,28.835,0,100,0,1,0,-357.466,0,15.151,0,0,0,5,1,R,"소솨소솨",190,80,0.501,0,36,W,Y,0,0,0,0,0,0,0,0,0,0,0,0,0,0,0,0,-0.143,-37.512,0,"muyang_",-0.528,-17.158,0,"Yaksok~",-17.654,-49.015,0,"_앰프_",-13.129,-62.323,0,"Slaris",20.591,-49.378,0,"CoalCat",8.68,-65.21,0,"하랑님_",40.81,-96.477,0,"아침땅_",-6.63,-112.17,0,"ByeolBam",-43.619,-94.535,0,0,0,0,0,0,"",0,0,0,0,2540.331,,,,0,0
90,4,1,2,4,1,0,1,0,0,0,255,255,255,35,2551.306,"Floră",R,3,74,102,0.589,-0.52,0.645,1.587,1.071,1.302,-36.341,30.877,0,100,0,0,0,-422.357,0,17.051,0,0,0,5,1,R,"소솨소솨",190,80,0.501,0,36,W,Y,0,0,0,0,0,0,0,0,0,0,0,0,0,0,0,0,-0.307,-37.527,0,"muyang_",-0.485,-19.143,0,"Yaksok~",-17.645,-47.681,0,"_앰프_",-13.147,-62.306,0,"Slaris",20.681,-49.432,0,"CoalCat",8.725,-65.137,0,"하랑님_",40.756,-96.434,0,"아침땅_",-6.922,-112.094,0,"ByeolBam",-44.601,-92.864,0,0,0,0,0,0,"",0,0,0,0,2551.065,,,,0,0
91,4,1,2,4,1,1,1,0,0,0,255,255,255,36,2563.308,"Floră",R,33,84,137,-0.19,0.459,0.247,1.624,-0.244,1.893,-36.341,19.379,0,100,0,2,0,113.566,-7.216,1.355,0,0,1,5,1,R,"소솨소솨",190,80,0.501,3,36,W,Y,2564.324,164,62,89,69,40,145,130,-30,12.892,0.45,0,0.481,-55.933,593.919,-64.278,-0.217,-37.039,0,"muyang_",-0.174,-17.435,0,"Yaksok~",-18.486,-49.133,51,"_앰프_",-13.088,-62.169,96,"Slaris",20.768,-49.138,0,"CoalCat",8.817,-65.085,0,"하랑님_",40.82,-96.461,0,"아침땅_",-7.076,-112.078,0,"ByeolBam",-44.147,-92.828,0,2562.651,-0.515,-21.724,2564.758,3,"_앰프_",-11.76,-61.416,0,0,,,,,322,2
92,4,1,2,4,0,0,2,0,0,0,255,255,255,37,2587.866,"Floră",R,13,81,118,-0.052,-1.541,0.429,1.549,0.601,1.002,-36.341,39.109,0,100,0,2,0,-389.037,314.086,5.716,0,0,0,6,4,R,"magimari",190,85,0.347,3,36,W,Y,2589.06,255,214,122,130,63,145,111,-12.791,21.928,0.93,0,0.806,364.083,-466.31,-99.993,-0.072,-37.244,0,"muyang_",0.11,-17.241,0,"Yaksok~",-17.99,-49.019,0,"_앰프_",-12.519,-62.546,91,"Slaris",19.965,-49.991,0,"CoalCat",9.109,-65.724,0,"하랑님_",46.535,-93.937,0,"아침땅_",-6.887,-113.517,0,"ByeolBam",-46.762,-92.682,0,2587.371,-0.713,-22.846,2589.251,3,"_앰프_",-15.371,-58.924,0,0,,,,,194,2
93,4,0,2,4,0,0,0,0,0,0,255,255,255,54,2623.749,"Rite_",R,32,76,127,-4.742,-1.869,-0.007,1.452,-2.388,0.448,-36.441,16.27,0,98,2,1,0,212.385,-84.48,0,0,0,0,7,1,R,"muyang_",170.7,80,0.498,0,34,W,Y,0,0,0,0,0,0,0,0,0,0,0,0,0,0,0,0,-1.33,-39.072,0,"소솨소솨",-0.692,-17.249,0,"Pring__",-19.97,-45.641,0,"장덕춘_",-13.694,-64.928,0,"magimari",18.792,-46.115,0,"_Gosomi",10.828,-63.036,0,"AI",40.9,-90.65,0,"AI",0,-109.84,0,"-Alta-",-50.264,-96.811,0,0,0,0,0,0,"",0,0,0,0,2623.291,,,,0,0
94,4,0,2,4,1,0,0,0,0,0,255,255,255,55,2687.994,"Rite_",R,28,65,105,-0.604,0.391,0.186,1.691,-0.347,1.751,-36.441,4.249,0,100,0,2,0,40.359,-67.97,0,0,0,1,7,1,R,"muyang_",170.7,80,0.498,3,34,W,Y,2689.054,255,72,75,68,38,145,126,-30,-25.68,0.64,0,0.221,-197.571,457.112,-334.686,-0.018,-37.407,0,"소솨소솨",-0.355,-17.184,0,"Pring__",-20.451,-45.816,0,"장덕춘_",-13.436,-64.236,30,"magimari",17.83,-45.944,0,"_Gosomi",10.53,-60.625,0,"즉석카레",37.215,-100.219,98,"AI",0,-109.84,0,"-Alta-",-52.961,-98.594,0,2687.344,0.71,-22.411,2691.545,2,"Yaksok~",36.575,-97.371,1,0,,,,,146,2
95,4,0,2,4,0,0,0,1,0,0,11,255,255,56,2716.716,"Rite_",R,33,72,124,-0.452,-0.212,0.212,1.58,-0.395,1.426,-36.441,17.578,0,100,0,0,0,123.462,-47.465,0,0,0,0,8,0,R,"Floră",190,85,0.403,0,36,W,Y,0,0,0,0,0,0,0,0,0,0,0,0,0,0,0,0,0.166,-38.072,0,"소솨소솨",-0.13,-17.205,0,"Pring__",-17.664,-41.088,0,"장덕춘_",-11.688,-60.528,0,"magimari",17.851,-45.773,0,"_Gosomi",10.064,-60.799,0,"즉석카레",33.477,-111.601,0,"AI",0,-109.84,0,"-Alta-",-54.548,-98.906,0,0,0,0,0,0,"",0,0,0,0,2716.158,,,,0,0
96,4,0,2,4,0,1,0,1,0,0,11,255,255,57,2735.767,"Rite_",R,33,66,119,-0.021,0.651,0.258,1.737,-0.185,1.937,-36.441,17.988,17,83,0,2,0,102.523,-79.665,0,0,0,1,8,0,R,"Floră",190,85,0.403,3,36,W,Y,2736.745,217,53,116,100,64,145,91,54.06,18.536,-0.8,0,0.434,599.849,-5.371,12.361,-0.005,-37.537,0,"소솨소솨",-0.061,-17.152,0,"Pring__",-10.484,-35.79,42,"장덕춘_",-0.863,-59.663,93,"magimari",17.837,-45.636,0,"_Gosomi",0.687,-59.4,0,"즉석카레",33.639,-111.496,0,"AI",0,-109.84,0,"-Alta-",-54.552,-98.889,0,2741.065,-19.615,-72.812,2741.185,3,"장덕춘_",-19.088,-71.235,0,0,,2737.474,,,152,1
97,4,0,2,4,0,0,1,1,0,0,11,255,255,58,2770.632,"Rite_",R,32,74,125,-0.863,-0.297,0.133,1.554,-0.764,1.344,-36.441,7.258,0,100,0,0,0,250,-79.025,0,-0.054,-18.138,0,0,4,R,"Slaris",190,85.69,0.452,0,36,W,Y,0,0,0,0,0,0,0,0,0,0,0,0,0,0,0,0,-0.023,-37.926,0,"소솨소솨",-0.296,-17.437,0,"Pring__",-18.474,-41.467,0,"장덕춘_",-13.998,-64.825,0,"magimari",18.055,-46.014,0,"_Gosomi",5.376,-61.444,0,"즉석카레",39.002,-109.26,0,"AI",0,-109.84,0,"-Alta-",-49.548,-93.702,0,0,0,0,0,0,"",0,0,0,0,2771.465,,,,0,0
98,4,0,2,4,0,1,1,1,0,0,11,255,255,59,2787.912,"Rite_",R,32,71,123,2.307,-0.43,0.441,1.538,0.668,1.29,-36.441,16.212,0,100,0,2,0,206.376,-47.528,0,0,0,0,0,4,R,"Slaris",190,85.69,0.452,3,36,W,Y,2788.912,255,144,69,102,46,144,114,0.635,1.611,0.9,0,0.58,284.711,-429.344,-307.576,0.16,-37.372,0,"소솨소솨",-0.193,-17.206,0,"Pring__",-18.001,-41.351,88,"장덕춘_",-12.553,-60.67,0,"magimari",18.088,-45.96,0,"_Gosomi",7.547,-62.435,87,"즉석카레",39.014,-109.267,0,"AI",0,-109.85,0,"-Alta-",-49.964,-94.227,0,2787.958,0.191,-44.937,2788.945,5,"_Gosomi",0.795,-60.766,0,1,2799.305,,,,393,2
99,5,1,2,4,0,0,0,0,0,0,255,255,255,38,2824.943,"Floră",R,34,86,139,-6.246,-0.509,-0.058,1.681,-2.806,1.28,-36.341,23.636,0,100,0,1,0,64.554,-4.192,3.03,0,0,0,7,0,R,"Rite_",190,80,0.453,0,36,W,Y,0,0,0,0,0,0,0,0,0,0,0,0,0,0,0,0,-0.083,-37.337,0,"muyang_",-0.46,-16.93,0,"Yaksok~",-18.072,-47.546,0,"_앰프_",-13.079,-62.446,0,"Slaris",21.772,-49.46,0,"CoalCat",9.92,-65.049,0,"하랑님_",42.961,-97.874,0,"아침땅_",-4.98,-113.664,0,"ByeolBam",-44.102,-91.473,0,0,0,0,0,0,"",0,0,0,0,2824.438,,,,0,0
100,5,1,2,4,1,0,0,0,0,0,255,255,255,39,2842.358,"Floră",R,34,81,132,0.609,-0.359,0.329,1.665,0.135,1.38,-36.341,13.392,0,100,0,2,0,84.963,2.404,2.38,0,0,1,7,0,R,"Rite_",190,80,0.453,3,36,W,Y,2843.325,255,140,132,86,44,145,89,25.221,13.568,-0.87,0,0.41,528.523,266.525,98.12,-0.04,-37.057,120,"muyang_",0.031,-17.129,0,"Yaksok~",-18.489,-47.988,104,"_앰프_",-13.24,-62.288,0,"Slaris",21.359,-50.166,0,"CoalCat",10.001,-65,76,"하랑님_",44.335,-99.631,0,"아침땅_",-5.735,-113.592,0,"ByeolBam",-44.196,-91.105,97,2846.625,-23.733,-96.554,2847.011,8,"ByeolBam",-23.699,-96.464,1,0,,,,,270,2
101,5,1,2,4,0,0,0,1,0,0,0,255,255,40,2894.44,"Floră",R,13,74,113,-0.199,-1.622,0.426,1.558,0.587,1.017,-36.341,32.248,0,100,0,2,0,-390.434,312.348,32.029,0,0,1,0,5,R,"_Gosomi",185.1,85,0.31,3,36,W,Y,2895.559,184,151,79,66,90,145,104,20.916,-11.243,0.93,0,0.479,-141.022,-167.312,-558.677,-0.122,-37.245,0,"muyang_",-0.015,-17.355,105,"Yaksok~",-16.008,-46.122,0,"_앰프_",-12.855,-62.208,105,"Slaris",22.171,-49.655,0,"CoalCat",6.996,-61.688,0,"하랑님_",41.52,-101.829,0,"아침땅_",-3.958,-112.199,100,"ByeolBam",-43.808,-92.392,0,2897.451,19.129,-97.485,2903.505,7,"아침땅_",34.427,-127.595,1,0,2910.225,2900.679,2905.781,,480,2
102,5,1,2,4,0,0,0,0,1,1,255,5,0,41,2939.821,"Floră",R,34,79,129,2.418,-0.679,0.497,1.627,0.916,1.216,-36.341,43.56,0,100,0,2,0,98.151,11.823,0.417,0,0,1,1,6,R,"즉석카레",173.2,84.749,0.402,3,36,W,Y,2940.884,220,106,60,56,31,137,93,-12.446,-27.892,-0.14,0,0.201,-284.679,118.569,-514.684,0.292,-37.291,0,"muyang_",-0.078,-17.423,0,"Yaksok~",-16.509,-45.049,0,"_앰프_",-12.79,-61.486,0,"Slaris",19.176,-47.216,96,"CoalCat",6.813,-60.491,0,"하랑님_",47.241,-99.271,0,"아침땅_",-4.556,-110.404,0,"ByeolBam",-42.99,-92.352,0,2939.185,1.988,-23.331,2940.985,4,"Slaris",13.817,-45.496,0,0,2960.811,2944.5,2944.128,,387,2
103,5,1,2,4,0,0,1,0,1,1,255,5,0,42,2979.301,"Floră",R,13,76,103,-1.889,-1.853,0.25,1.469,-0.156,1.013,-36.341,19.531,0,100,0,4,0,-345.089,337.901,16.342,-0.472,-18.826,1,2,8,L,"-Alta-",180.1,84.283,0.478,0,36,W,Y,0,0,0,0,0,0,0,0,0,0,0,0,0,0,0,0,-0.308,-37.537,0,"muyang_",-0.053,-17.35,0,"Yaksok~",-18.212,-43.715,0,"_앰프_",-7.322,-61.638,0,"Slaris",21.158,-48.053,0,"CoalCat",10.419,-60.004,0,"하랑님_",52.589,-96.955,0,"아침땅_",1.45,-114.793,0,"ByeolBam",-41.342,-99.392,0,0,0,0,0,0,"",0,0,0,0,2978.731,,2981.084,,0,0
104,5,1,2,4,0,1,1,0,1,1,255,5,0,43,2994.215,"Floră",R,33,81,132,2.136,-0.825,0.453,1.588,0.712,1.099,-36.341,29.226,0,100,0,4,0,145.139,-8.461,0.674,0,0,1,2,8,L,"-Alta-",180.1,84.283,0.478,0,36,W,Y,0,0,0,0,0,0,0,0,0,0,0,0,0,0,0,0,-0.135,-37.522,0,"muyang_",0.047,-17.818,0,"Yaksok~",-17.998,-44.175,0,"_앰프_",-6.398,-61.109,0,"Slaris",20.915,-47.725,0,"CoalCat",10.47,-59.939,0,"하랑님_",54.181,-99.282,0,"아침땅_",3.378,-114.974,0,"ByeolBam",-42.366,-100.089,0,0,0,0,0,0,"",0,0,0,0,2993.505,3007.018,2995.678,,0,0
105,5,1,2,4,0,2,1,0,1,1,255,5,0,44,3007.971,"Floră",R,33,82,133,1.699,0.363,0.416,1.611,0.538,1.862,-36.341,16.436,0,100,0,4,0,134.951,38.98,7.061,0,0,1,2,8,L,"-Alta-",180.1,84.283,0.478,0,36,W,Y,0,0,0,0,0,0,0,0,0,0,0,0,0,0,0,0,-0.181,-37.534,0,"muyang_",0.244,-18.041,0,"Yaksok~",-17.527,-44.964,0,"_앰프_",-6.998,-61.236,0,"Slaris",21.073,-47.804,0,"CoalCat",11.682,-59.421,0,"하랑님_",54.116,-99.114,0,"아침땅_",4.19,-114.994,0,"ByeolBam",-42.992,-100.332,0,0,0,0,0,0,"",0,0,0,0,3007.291,3009.926,3010.198,,0,0
106,5,1,2,4,0,0,2,0,1,1,255,5,0,45,3027.019,"Floră",R,34,83,134,-2.574,0.087,0.028,1.758,-1.265,1.678,-36.341,12.557,0,100,0,1,0,98.704,-21.531,2.429,0,0,0,3,2,L,"Pring__",190,92.818,0.485,0,36,W,Y,0,0,0,0,0,0,0,0,0,0,0,0,0,0,0,0,-0.329,-37.535,0,"muyang_",-0.254,-16.935,0,"Yaksok~",-19.203,-44.151,0,"_앰프_",-7.222,-62.186,0,"Slaris",22.014,-50.451,0,"CoalCat",12.702,-62.344,0,"하랑님_",57.546,-103.033,0,"아침땅_",4.053,-117.566,0,"ByeolBam",-38.62,-93.997,0,0,0,0,0,0,"",0,0,0,0,3026.545,,,,0,0
107,5,1,2,4,1,0,2,0,1,1,255,5,0,46,3043.334,"Floră",R,33,83,135,-1.664,0.552,0.11,1.659,-0.886,2.008,-36.341,30.878,0,100,0,2,0,108.903,0.594,1.964,0,0,1,3,2,L,"Pring__",190,92.818,0.485,3,36,W,Y,3044.219,166,114,126,116,82,145,112,95.269,81.355,0.09,0,0.389,-33.855,-547.952,242.079,-0.201,-37.128,0,"muyang_",-0.064,-17.151,0,"Yaksok~",-18.585,-46.811,0,"_앰프_",-11.768,-62.246,0,"Slaris",22.027,-50.307,0,"CoalCat",12.782,-62.283,0,"하랑님_",57.589,-103.119,0,"아침땅_",2.32,-117.511,0,"ByeolBam",-43.107,-94.029,0,0,0,0,0,0,"",0,0,0,0,,3047.468,3046.109,,256,3
108,5,1,2,4,1,1,2,0,1,1,255,5,0,47,3057.496,"Floră",R,33,66,106,4.769,0.159,0.88,1.551,1.851,1.733,-36.341,39.17,0,100,0,1,0,106.562,3.596,2.415,0,0,0,3,2,L,"Pring__",190,92.818,0.485,0,36,W,Y,0,0,0,0,0,0,0,0,0,0,0,0,0,0,0,0,-0.015,-37.628,0,"muyang_",0.383,-18.867,0,"Yaksok~",-18.375,-44.151,0,"_앰프_",-8.564,-60.706,0,"Slaris",21.954,-50.418,0,"CoalCat",13.01,-62.547,0,"하랑님_",57.547,-103.619,0,"아침땅_",5.099,-116.945,0,"ByeolBam",-41.785,-96.792,0,0,0,0,0,0,"",0,0,0,0,3057.118,3060.861,3059.38,,0,0
109,5,1,2,4,2,1,2,0,1,1,255,5,0,48,3072.427,"Floră",R,13,75,102,0.659,-1.45,0.503,1.542,0.939,1.204,-36.341,30.187,0,100,0,2,0,-334.527,346.192,22.452,0,0,1,3,2,L,"Pring__",190,92.818,0.485,3,36,W,Y,3073.37,211,171,69,120,82,144,103,15.491,-6.757,0.94,0,0.829,-166.731,-540.121,-201.172,-0.021,-37.036,0,"muyang_",0.071,-17.133,0,"Yaksok~",-18.363,-47.023,0,"_앰프_",-13.049,-61.845,52,"Slaris",21.818,-50.522,0,"CoalCat",13.093,-62.48,0,"하랑님_",57.542,-103.594,0,"아침땅_",4.753,-116.969,101,"ByeolBam",-39.635,-98.775,0,3074.585,14.475,-87.179,3076.438,7,"아침땅_",22.223,-106.556,1,0,,,3080.479,3079.165,352,2
110,5,1,3,4,0,0,2,1,0,1,2,255,5,49,3102.375,"Floră",R,0,56,98,1.08,0.137,0.551,1.72,0.453,1.698,-36.341,49.158,0,100,0,0,0,0,0,-1.66,0,0,0,4,3,R,"장덕춘_",170,94.074,0.319,0,36,W,Y,0,0,0,0,0,0,0,0,0,0,0,0,0,0,0,0,0.021,-37.486,0,"muyang_",0.106,-17.039,0,"Yaksok~",-19.207,-42.904,0,"_앰프_",-10.815,-60.168,0,"Slaris",19.988,-47.367,0,"CoalCat",9.462,-63.704,0,"하랑님_",42.832,-94.291,0,"아침땅_",-5.168,-108.54,0,"ByeolBam",-39.554,-88.038,0,0,0,0,0,0,"",0,0,0,0,3101.971,,3110.326,,0,0
111,5,1,3,4,0,1,2,1,0,1,2,255,5,50,3120.281,"Floră",R,13,77,115,1.447,-1.559,0.584,1.592,1.323,1.084,-36.341,35.201,0,100,0,2,0,-420.675,270.246,17.072,0,0,1,4,3,R,"장덕춘_",170,94.074,0.319,3,36,W,Y,3121.216,194,64,85,87,39,145,95,27.348,25.597,-0.2,0,0.108,425.556,422.967,1.202,0.053,-36.944,0,"muyang_",0.043,-16.705,0,"Yaksok~",-17.36,-45.052,0,"_앰프_",-12.771,-60.559,0,"Slaris",20.237,-47.629,0,"CoalCat",10.128,-65.078,0,"하랑님_",42.737,-94.324,0,"아침땅_",-5.932,-108.179,0,"ByeolBam",-42.513,-91.029,0,0,0,0,3124.491,8,"ByeolBam",-41.332,-89.303,0,0,,3126.455,,3127.418,132,1
112,5,0,3,4,0,0,0,0,0,0,255,255,255,60,3168.811,"Rite_",R,32,69,121,-1.126,0.106,0.115,1.621,-0.848,1.559,-36.441,6.46,0,100,0,2,0,220.951,-116.448,0,0,0,1,1,2,R,"Yaksok~",190,87,0.328,3,36,W,Y,3169.779,86,173,75,80,22,126,123,-30,11.37,0.65,0,0.236,588.429,-18.929,-115.726,-0.121,-37.271,0,"소솨소솨",-0.087,-17.07,0,"Pring__",-19.887,-45.845,85,"장덕춘_",-13.318,-65.033,103,"magimari",16.914,-44.794,0,"_Gosomi",10.922,-61.952,0,"즉석카레",39.384,-110.532,0,"AI",0,-109.84,0,"-Alta-",-36.897,-86.545,0,3167.971,-0.6,-21.678,3169.745,3,"장덕춘_",-8.217,-59.732,0,0,,,,,152,2
113,5,0,3,4,0,0,1,0,0,0,255,255,255,61,3195.636,"Rite_",R,27,64,117,2.256,-0.786,0.37,1.495,0.336,1.123,-36.441,24.767,0,100,0,2,0,124.365,-135.831,0,0,0,1,2,8,R,"ByeolBam",180,90,0.4,3,36,W,Y,3196.626,167,100,96,70,25,145,101,37.373,44.917,-0.09,0,0.286,31.762,599.064,-10.634,-0.21,-37.741,0,"소솨소솨",-0.01,-17.337,0,"Pring__",-20.386,-45.496,0,"장덕춘_",-13.152,-64.735,0,"magimari",17.77,-45.12,0,"_Gosomi",10.021,-63.047,0,"즉석카레",37.78,-105.455,0,"AI",0,-109.84,0,"-Alta-",-52.882,-99.739,0,3199.478,-67.138,-70.769,0,0,"",0,0,0,0,,,,,128,3
114,5,0,3,4,0,1,1,0,0,0,255,255,255,62,3216.202,"Rite_",R,3,67,109,-6.285,1.324,0.098,1.755,-1.955,2.409,-36.441,10.349,0,100,0,1,0,-425.958,0,0,0,0,0,2,8,R,"ByeolBam",180,90,0.4,0,80,W,Y,0,0,0,0,0,0,0,0,0,0,0,0,0,0,0,0,-0.534,-38.7,0,"소솨소솨",-1.006,-16.995,0,"Pring__",-21.276,-46.863,0,"장덕춘_",-13.986,-64.222,0,"magimari",18.419,-45.842,0,"_Gosomi",7.697,-62.376,0,"즉석카레",39.363,-105.156,0,"AI",0,-109.85,0,"-Alta-",-54.813,-98.28,0,0,0,0,0,0,"",0,0,0,0,3215.625,,,,0,0
115,5,0,3,4,1,1,1,0,0,0,255,255,255,63,3236.94,"Rite_",R,13,73,100,-0.795,-1.312,0.418,1.507,0.373,1.327,-36.441,16.359,35,65,0,2,0,-354.94,312.348,0,0,0,1,2,8,R,"ByeolBam",180,90,0.4,3,80,W,Y,3237.959,199,128,134,81,51,145,108,-1.941,-27.957,0.94,0,0.313,-564.72,120.672,-162.88,0.156,-37.376,0,"소솨소솨",-0.05,-17.24,0,"Pring__",-21.239,-46.808,0,"장덕춘_",-13.171,-63.852,37,"magimari",18.088,-45.919,0,"_Gosomi",7.778,-63.339,0,"즉석카레",41.245,-107.188,95,"AI",0,-109.84,0,"-Alta-",-54.817,-98.308,0,3236.305,3.327,-27.717,3240.171,6,"즉석카레",34.355,-91.538,1,0,,,,,146,2
116,5,0,3,4,0,0,1,1,0,0,18,255,255,64,3267.224,"Rite_",R,33,68,121,1.896,0.393,0.43,1.666,0.618,1.71,-36.441,25.245,0,100,0,1,0,122.122,-107.692,0,0,0,0,3,5,R,"CoalCat",174.9,83,0.397,0,36,W,Y,0,0,0,0,0,0,0,0,0,0,0,0,0,0,0,0,0.514,-37.999,0,"소솨소솨",0.01,-17.009,0,"Pring__",-18.33,-41.013,0,"장덕춘_",-12.456,-60.559,0,"magimari",17.136,-46.14,0,"_Gosomi",6.722,-61.727,0,"즉석카레",34.866,-107.68,0,"AI",0,-109.84,0,"-Alta-",-50.646,-95.972,0,0,0,0,0,0,"",0,0,0,0,3266.691,,,,0,0
117,5,0,3,4,1,0,1,1,0,0,18,255,255,65,3282.961,"Rite_",R,33,69,122,1.284,0.612,0.376,1.709,0.364,1.862,-36.441,20.496,0,100,0,0,0,116.577,-81.448,0,0,0,1,3,5,R,"CoalCat",174.9,83,0.397,0,36,W,Y,0,0,0,0,0,0,0,0,0,0,0,0,0,0,0,0,0.122,-38.037,0,"소솨소솨",-0.003,-17.016,0,"Pring__",-18.566,-40.962,0,"장덕춘_",-12.464,-61.455,0,"magimari",17.26,-46.068,0,"_Gosomi",4.511,-60.279,0,"즉석카레",34.846,-107.68,0,"AI",0,-109.84,0,"-Alta-",-50.645,-95.975,0,0,0,0,0,0,"",0,0,0,0,3282.385,,,,0,0
118,5,0,3,4,1,1,1,1,0,0,18,255,255,66,3298.876,"Rite_",R,3,67,110,1.54,0.042,0.598,1.645,1.4,1.636,-36.441,21.651,0,100,0,2,0,-414.001,0,0,0,0,1,3,5,R,"CoalCat",174.9,83,0.397,3,37,W,Y,3299.967,255,113,115,89,60,145,86,17.815,-8.974,-0.78,0,0.505,136.116,-584.138,15.997,0.259,-37.22,0,"소솨소솨",-0.003,-17.071,0,"Pring__",-17.258,-41.779,0,"장덕춘_",-12.403,-61.403,0,"magimari",16.995,-46.125,86,"_Gosomi",8.243,-60.933,0,"즉석카레",34.881,-107.732,113,"AI",0,-109.84,0,"-Alta-",-50.637,-95.973,0,3301.491,16.174,-79.005,3303.638,4,"Slaris",22.79,-95.718,1,0,,3305.541,,,194,2
119,5,0,3,4,0,0,1,1,1,0,15,18,255,67,3334.754,"Rite_",R,32,76,127,0.509,-0.171,0.292,1.593,-0.025,1.454,-36.441,13.891,0,100,0,0,0,158.231,-43.762,0,0,0,0,4,6,R,"하랑님_",175.3,90,0.442,0,36,W,Y,0,0,0,0,0,0,0,0,0,0,0,0,0,0,0,0,0.172,-37.969,0,"소솨소솨",-0.013,-17.044,0,"Pring__",-18.113,-40.936,0,"장덕춘_",-12.942,-62.194,0,"magimari",18.828,-44.753,0,"_Gosomi",8.567,-60.785,0,"즉석카레",32.872,-104.701,0,"AI",0,-109.84,0,"-Alta-",-49.18,-94.094,0,0,0,0,0,0,"",0,0,0,0,3334.292,3337.478,,,0,0
120,5,0,3,4,0,1,1,1,1,0,15,18,255,68,3355.163,"Rite_",R,5,61,100,0.718,0.517,0.456,1.764,0.492,1.921,-36.441,35.513,0,97,3,0,0,-94.487,0,0,0,0,0,4,6,R,"하랑님_",175.3,90,0.442,0,36,W,Y,0,0,0,0,0,0,0,0,0,0,0,0,0,0,0,0,0.022,-37.769,0,"소솨소솨",0.046,-16.77,0,"Pring__",-18.638,-40.502,0,"장덕춘_",-13.038,-62.149,0,"magimari",18.351,-45.723,0,"_Gosomi",7.179,-61.323,0,"즉석카레",32.779,-105.55,0,"AI",0,-109.84,0,"-Alta-",-50.424,-95.717,0,0,0,0,0,0,"",0,0,0,0,3354.798,3359.97,,,0,0
121,5,0,3,4,0,2,1,1,1,0,15,18,255,69,3378.678,"Rite_",R,3,63,96,-0.701,0.949,0.382,1.815,0.346,2.177,-36.441,38.204,0,91,9,2,0,-305.548,0,0,0,0,1,4,6,R,"하랑님_",175.3,90,0.442,3,36,W,Y,3379.875,255,58,99,71,42,145,99,35.04,-7.031,-0.13,0,0.328,452.551,-81.24,385.484,0.128,-37.903,0,"소솨소솨",-0.114,-17.122,0,"Pring__",-17.647,-41.581,0,"장덕춘_",-12.901,-61.288,42,"magimari",18.045,-45.678,0,"_Gosomi",11.559,-61.343,0,"즉석카레",32.763,-105.583,0,"AI",0,-109.84,0,"-Alta-",-51.78,-96.993,0,3383.438,9.631,-101.873,3387.584,3,"장덕춘_",0.599,-60.961,0,0,,3385.712,,,144,1
122,5,0,3,4,0,0,2,1,1,0,15,18,255,70,3410.996,"Rite_",R,3,75,113,-3.387,-0.666,0.167,1.54,-0.605,1.244,-36.441,7.425,0,100,0,2,0,-500,0,0,0,0,1,5,7,R,"아침땅_",129.266,94.936,0.502,3,36,W,Y,3411.95,109,77,119,105,57,137,92,13.123,39.509,0.92,0.031,0.258,99.055,464.93,366.099,0.025,-37.19,0,"소솨소솨",-0.279,-17.221,0,"Pring__",-17.033,-42.814,0,"장덕춘_",-13.025,-63.549,0,"magimari",17.894,-46.802,0,"_Gosomi",11.814,-58.491,0,"즉석카레",31.987,-100.602,0,"AI",0,-109.84,0,"-Alta-",-46.244,-89.691,0,0,0,0,3411.678,2,"Pring__",-18.022,-39.708,0,0,,,,,264,1
123,6,1,3,4,0,0,0,0,0,0,255,255,255,51,3468.181,"Floră",R,3,75,114,-2.539,-0.343,0.128,1.473,-0.333,1.405,-36.341,25.144,0,100,0,4,0,-454.861,0,13.933,0,0,1,5,1,R,"소솨소솨",190,80,0.501,0,35,W,Y,0,0,0,0,0,0,0,0,0,0,0,0,0,0,0,0,-0.258,-37.384,0,"muyang_",-0.277,-17.021,0,"Yaksok~",-18.485,-49.613,0,"_앰프_",-12.134,-61.835,0,"Slaris",20.928,-48.265,0,"CoalCat",10.252,-65.636,0,"하랑님_",48.48,-99.642,0,"아침땅_",-4.758,-113.94,0,"ByeolBam",-44.464,-93.231,0,0,0,0,0,0,"",0,0,0,0,3467.691,,,,0,0
124,6,1,3,4,0,1,0,0,0,0,255,255,255,52,3483.722,"Floră",R,13,75,113,0.707,-0.643,0.397,1.545,0.918,1.637,-36.341,20.533,0,100,0,2,0,-360.193,346.786,20.343,0,0,1,5,1,R,"소솨소솨",190,80,0.501,3,35,W,Y,3484.806,255,95,83,94,58,145,118,-30,-42.753,0.12,0,0.437,-361.772,456.089,-145.272,-0.152,-37.229,0,"muyang_",0.203,-17.414,0,"Yaksok~",-20.164,-49.804,0,"_앰프_",-12.095,-61.586,0,"Slaris",20.765,-48.446,0,"CoalCat",10.297,-65.606,0,"하랑님_",48.461,-99.678,0,"아침땅_",-4.349,-113.893,0,"ByeolBam",-44.606,-94.345,0,3482.931,1.498,-22.138,0,0,"",0,0,0,0,,,,,256,0
125,6,1,3,4,0,2,0,0,0,0,255,255,255,53,3504.857,"Floră",R,33,81,131,1.564,0.767,0.307,1.691,0.499,2.111,-36.341,21.652,0,100,0,2,0,121.171,20.251,5.971,0,0,1,5,1,R,"소솨소솨",190,80,0.501,3,46,W,Y,3505.885,237,90,98,71,36,145,91,103.718,73.236,-0.8,0,0.49,548.384,-0.092,-243.464,-0.232,-37.29,0,"muyang_",-0.234,-16.976,0,"Yaksok~",-19.775,-49.323,0,"_앰프_",-13.383,-61.596,0,"Slaris",21.149,-49.312,0,"CoalCat",10.484,-65.346,0,"하랑님_",50.829,-103.228,0,"아침땅_",-4.944,-114.279,0,"ByeolBam",-44.218,-92.641,0,0,0,0,0,0,"",0,0,0,0,,,,,256,3
126,6,1,3,4,0,2,0,0,0,0,255,255,255,54,3521.641,"Floră",R,13,71,99,1.23,-1.526,0.602,1.502,1.248,1.119,-36.341,38.373,0,100,0,1,0,-355.001,307.267,16.816,0,0,0,5,1,R,"소솨소솨",190,80,0.501,0,46,W,Y,0,0,0,0,0,0,0,0,0,0,0,0,0,0,0,0,-0.257,-37.582,0,"muyang_",0.2,-17.235,0,"Yaksok~",-19.566,-47.506,0,"_앰프_",-13.175,-60.931,0,"Slaris",21.156,-49.578,0,"CoalCat",10.737,-65.631,0,"하랑님_",49.863,-100.894,0,"아침땅_",-5.742,-114.723,0,"ByeolBam",-45.489,-92.63,0,0,0,0,0,0,"",0,0,0,0,3521.305,,,,0,0
127,6,1,3,4,1,2,0,0,0,0,255,255,255,55,3538.15,"Floră",R,13,72,100,-1.406,-1.381,0.239,1.426,0.121,1.261,-36.341,9.22,0,100,0,2,0,-345.153,325.349,35.661,0,0,1,5,1,R,"소솨소솨",190,80,0.501,3,46,W,Y,3539.251,255,106,76,103,79,145,111,-30,24.953,0.93,0,0.435,-592.517,94.457,1.215,-0.145,-37.433,0,"muyang_",-0.049,-17.416,0,"Yaksok~",-19.86,-49.354,101,"_앰프_",-13.032,-61.867,94,"Slaris",21.307,-49.35,0,"CoalCat",10.758,-65.631,0,"하랑님_",49.849,-100.931,0,"아침땅_",-6.145,-114.663,0,"ByeolBam",-44.702,-91.213,0,3537.345,-0.619,-21.581,3539.318,3,"_앰프_",-13.148,-59.565,0,0,,,,,322,2
128,6,1,3,4,0,0,1,0,0,0,255,255,255,56,3561.784,"Floră",R,3,59,90,0.467,0.075,0.562,1.567,1.124,1.691,-36.341,16.821,0,100,0,2,0,-409.091,0,14.224,0,0,1,6,0,R,"magimari",190,85,0.347,3,35,W,Y,3563.1,253,100,111,84,36,145,130,25.743,-35.478,0.51,0,0.515,120.648,510.145,291.883,-0.026,-37.357,0,"muyang_",-0.132,-17.117,0,"Yaksok~",-18.89,-48.565,0,"_앰프_",-12.518,-60.459,0,"Slaris",20.942,-49.593,0,"CoalCat",9.993,-64.341,0,"하랑님_",47.49,-103.838,0,"아침땅_",-6.502,-113.108,0,"ByeolBam",-45.785,-93.087,0,3566.185,56.134,-124.32,0,0,"",0,0,0,0,,3573.911,3579.05,3576.2,256,4
129,6,1,4,4,0,0,1,0,0,0,255,255,255,57,3605.2,"Floră",R,34,82,134,-2.367,-0.874,0.052,1.561,-1.154,1.042,-36.341,2.619,0,100,0,1,0,86.649,-15.876,0.48,-0.582,-13.514,0,7,4,R,"Rite_",190,80,0.453,0,35,W,Y,0,0,0,0,0,0,0,0,0,0,0,0,0,0,0,0,-0.595,-37.567,0,"muyang_",-0.861,-17.062,0,"Yaksok~",-18.591,-48.583,0,"_앰프_",-12.096,-61.85,0,"Slaris",20.644,-49.619,0,"CoalCat",8.843,-64.937,0,"하랑님_",52.361,-114.843,0,"아침땅_",-5.68,-113.671,0,"ByeolBam",-45.324,-91.54,0,0,0,0,0,0,"",0,0,0,0,3606.758,,,,0,0
130,6,1,4,4,1,0,1,0,0,0,255,255,255,58,3620.88,"Floră",R,33,80,130,5.505,-0.564,0.702,1.664,2.268,1.279,-36.341,44.839,0,100,0,3,0,149.147,-5.369,0.871,2.149,-20.639,0,7,4,R,"Rite_",190,80,0.453,0,35,W,Y,0,0,0,0,0,0,0,0,0,0,0,0,0,0,0,0,-0.124,-37.426,0,"muyang_",0.518,-17.738,0,"Yaksok~",-18.647,-48.564,0,"_앰프_",-12.122,-61.912,0,"Slaris",20.564,-49.591,0,"CoalCat",9.662,-65.068,0,"하랑님_",46.61,-96.001,0,"아침땅_",-6.188,-113.565,0,"ByeolBam",-45.223,-92.214,0,0,0,0,0,0,"",0,0,0,0,3622.491,,,,0,6
131,6,1,4,4,3,0,1,0,0,0,255,255,255,59,3644.665,"Floră",R,34,80,130,0.462,0.067,0.308,1.573,0.035,1.728,-36.341,9.758,0,100,0,2,0,91.291,-4.771,1.178,0,0,1,7,4,R,"Rite_",190,80,0.453,3,35,W,Y,3645.741,255,103,97,74,41,145,91,29.014,5.663,-0.77,0,0.554,576.954,156.787,50.417,-0.152,-37.212,0,"muyang_",-0.011,-16.888,0,"Yaksok~",-18.657,-48.562,0,"_앰프_",-12.325,-60.917,0,"Slaris",20.513,-49.669,0,"CoalCat",8.984,-64.866,0,"하랑님_",48.142,-97.958,0,"아침땅_",-7.63,-113.335,0,"ByeolBam",-45.763,-93.663,0,3648.825,-10.464,-96.996,3648.958,7,"아침땅_",-10.063,-94.502,0,0,,,,,288,1
132,6,1,4,4,0,0,2,0,0,0,255,255,255,60,3673.435,"Floră",R,3,79,106,-3.368,-0.893,0.078,1.49,-0.689,1.078,-36.341,16.789,0,100,0,4,0,-416.073,0,18.249,-1.092,-17.224,1,0,5,R,"_Gosomi",185.1,85,0.31,0,35,W,Y,0,0,0,0,0,0,0,0,0,0,0,0,0,0,0,0,-0.253,-37.47,0,"muyang_",-0.12,-17.071,0,"Yaksok~",-19.062,-48.265,0,"_앰프_",-12.211,-62.58,0,"Slaris",20.045,-49.248,0,"CoalCat",8.859,-64.793,0,"하랑님_",44.031,-94.236,0,"아침땅_",-6.853,-108.123,0,"ByeolBam",-44.385,-89.618,0,0,0,0,0,0,"",0,0,0,0,3675.318,,,,0,0
133,6,1,4,4,0,1,2,0,0,0,255,255,255,61,3690.645,"Floră",R,33,83,134,1.45,0.41,0.394,1.609,0.436,1.85,-36.341,18.081,0,100,0,0,0,132.162,-10.474,3.812,0,0,1,0,5,R,"_Gosomi",185.1,85,0.31,0,35,W,Y,0,0,0,0,0,0,0,0,0,0,0,0,0,0,0,0,-0.238,-37.58,0,"muyang_",0.03,-16.936,0,"Yaksok~",-19.4,-49.723,0,"_앰프_",-12.26,-62.599,0,"Slaris",20.181,-49.32,0,"CoalCat",8.869,-64.754,0,"하랑님_",44.051,-94.142,0,"아침땅_",-6.869,-110.244,0,"ByeolBam",-44.176,-90.437,0,0,0,0,0,0,"",0,0,0,0,3690.118,,,,0,0
134,6,1,4,4,0,2,2,0,0,0,255,255,255,62,3706.529,"Floră",R,3,86,111,-3.418,-0.655,0.07,1.553,-0.712,1.217,-36.341,8.902,0,100,0,1,0,-440.926,0,14.326,0,0,0,0,5,R,"_Gosomi",185.1,85,0.31,0,35,W,Y,0,0,0,0,0,0,0,0,0,0,0,0,0,0,0,0,-0.016,-37.502,0,"muyang_",-0.031,-17.058,0,"Yaksok~",-18.193,-46.327,0,"_앰프_",-10.783,-62.561,0,"Slaris",20.154,-49.374,0,"CoalCat",8.835,-64.864,0,"하랑님_",43.955,-94.292,0,"아침땅_",-6.784,-109.302,0,"ByeolBam",-44.209,-90.498,0,0,0,0,0,0,"",0,0,0,0,3706.171,,,,0,0
135,6,1,4,4,1,2,2,0,0,0,255,255,255,63,3719.526,"Floră",R,3,70,99,-0.381,0.33,0.528,1.632,0.705,1.836,-36.341,28.062,0,94,6,2,0,-431.266,0,19.107,0,0,1,0,5,R,"_Gosomi",185.1,85,0.31,3,35,W,Y,3720.71,140,148,57,60,97,136,98,28.2,45.969,0.93,0,0.679,-98.287,-338.009,-485.891,-0.044,-37.044,0,"muyang_",0.012,-17.173,0,"Yaksok~",-19.324,-50.53,0,"_앰프_",-12.827,-61.394,0,"Slaris",20.378,-49.364,0,"CoalCat",8.95,-64.722,0,"하랑님_",44.766,-94.546,0,"아침땅_",-6.455,-109.4,0,"ByeolBam",-45.178,-90.948,0,3723.464,-56.545,-85.825,3723.544,8,"ByeolBam",-54.836,-83.639,0,0,3778.945,,,,100,1
136,6,0,4,4,0,0,0,0,0,0,255,255,255,71,3869.682,"magimari",R,26,87,140,0.04,0.856,0.311,2.129,-0.026,1.872,-36.743,29.085,80,20,0,0,0,24.075,-200,15.417,0,0,0,6,3,R,"_앰프_",172,80,0.4,0,35,W,Y,0,0,0,0,0,0,0,0,0,0,0,0,0,0,0,0,0.015,-37.87,0,"소솨소솨",-0.041,-17.172,0,"Pring__",-21.214,-46.043,0,"장덕춘_",-13.577,-65.127,0,"Rite_",20.42,-52.807,0,"_Gosomi",9.645,-60.957,0,"즉석카레",31.739,-98.086,0,"AI",0,-109.84,0,"-Alta-",-45.621,-94.138,0,0,0,0,0,0,"",0,0,0,0,3869.131,,,,0,0
137,6,0,4,4,0,1,0,0,0,0,255,255,255,72,3885.124,"magimari",R,3,72,112,-0.306,1.296,0.549,2.125,0.683,2.076,-36.743,47.563,64,31,5,2,0,-453.664,-210.211,5.085,0,0,1,6,3,R,"_앰프_",172,80,0.4,3,35,W,Y,3886.295,245,125,76,68,35,145,126,24.212,-2.937,0.44,0,0.19,424.902,194.722,376.22,-0.163,-37.597,0,"소솨소솨",-0.063,-17.079,0,"Pring__",-21.041,-45.867,0,"장덕춘_",-13.575,-65.096,103,"Rite_",20.563,-50.246,0,"_Gosomi",10.231,-61.742,85,"즉석카레",31.393,-97.58,0,"AI",0,-109.84,0,"-Alta-",-45.983,-96.146,0,3889.798,-0.701,-133.497,3890.211,7,"AI",-0.724,-132.971,1,0,,3896.651,,,81,2
138,6,0,4,4,0,0,0,0,1,0,255,13,255,73,3918.244,"magimari",R,26,93,140,0.737,0.805,0.388,2.137,0.276,1.846,-36.743,37.65,77,19,4,2,0,23.95,-189.362,6.145,0,0,1,7,1,R,"muyang_",170.7,80,0.498,3,35,W,Y,3919.201,255,226,90,39,41,144,82,92.355,-83.741,-0.86,0,0.159,467.606,-360.027,108.285,0.036,-37.306,0,"소솨소솨",-0.006,-17.055,0,"Pring__",-20.416,-45.873,0,"장덕춘_",-13.597,-65.055,0,"Rite_",19.629,-51.182,0,"_Gosomi",8.364,-61.226,0,"즉석카레",34.082,-98.81,0,"AI",0,-109.84,0,"-Alta-",-50.464,-100.988,0,3923.131,-32.872,-14.205,0,0,"",0,0,0,0,,3921.743,,,64,3
139,6,0,4,4,0,1,0,0,1,0,255,13,255,74,3937.888,"magimari",R,10,83,124,0.666,-1.088,0.373,1.975,0.28,1.469,-36.743,38.201,76,19,5,2,0,0,400,11.11,0,0,1,7,1,R,"muyang_",170.7,80,0.498,3,35,W,Y,3938.893,255,255,139,160,59,145,109,-30,11.051,0.9,0,0.133,227.724,-69.155,550.781,-0.267,-37.437,0,"소솨소솨",-0.05,-17.152,0,"Pring__",-20.096,-45.776,86,"장덕춘_",-13.674,-64.888,0,"Rite_",20.017,-51.306,0,"_Gosomi",7.518,-62.054,0,"즉석카레",33.087,-98.539,0,"AI",0,-109.84,0,"-Alta-",-52.53,-101.435,0,3936.958,-0.074,-22.158,3938.971,3,"장덕춘_",-7.246,-59.304,0,0,,,3942.939,,88,2
140,6,0,4,4,0,0,1,0,0,1,255,255,13,75,3987.893,"magimari",R,0,69,107,-0.014,-1.701,0.356,1.625,-0.017,0.594,-36.743,25.113,43,57,0,2,0,0,34.736,10.063,0,0,1,8,0,R,"Floră",190,85,0.403,3,35,W,Y,3988.984,178,110,90,112,95,145,130,91.208,-88.198,0.58,0,0.504,506.04,83.657,311.328,-0.212,-37.501,0,"소솨소솨",-0.172,-17.36,0,"Pring__",-21.066,-46.598,0,"장덕춘_",-13.617,-64.675,0,"Rite_",18.433,-49.094,0,"_Gosomi",9.989,-61.094,0,"즉석카레",36.102,-110.077,0,"AI",0,-109.84,0,"-Alta-",-53.174,-99.903,0,3993.971,-91.869,-7.293,0,0,"",0,0,0,0,,,3992.041,,64,3
141,6,0,4,4,0,1,1,0,0,1,255,255,13,76,4008.083,"magimari",R,26,90,140,-1.101,0.552,0.226,2.099,-0.483,1.763,-36.743,31.76,79,17,4,0,0,-2.79,-200,19.943,0,0,1,8,0,R,"Floră",190,85,0.403,0,90,W,Y,0,0,0,0,0,0,0,0,0,0,0,0,0,0,0,0,-0.234,-37.692,0,"소솨소솨",-0.074,-17.058,0,"Pring__",-21.413,-46.562,0,"장덕춘_",-13.475,-62.944,0,"Rite_",19.403,-47.617,0,"_Gosomi",6.626,-62.738,0,"즉석카레",35.354,-110.125,0,"AI",0,-109.84,0,"-Alta-",-54.744,-101.524,0,0,0,0,0,0,"",0,0,0,0,4007.358,,4010.254,,0,0
142,6,0,4,4,0,2,1,0,0,1,255,255,13,77,4025.009,"magimari",R,0,72,124,-0.338,-0.268,0.385,2.013,-0.159,1.417,-36.743,30.405,83,17,0,0,0,0,0,-0.518,0,0,1,8,0,R,"Floră",190,85,0.403,0,90,W,Y,0,0,0,0,0,0,0,0,0,0,0,0,0,0,0,0,-0.067,-38.021,0,"소솨소솨",-0.009,-17.082,0,"Pring__",-20.937,-45.151,0,"장덕춘_",-13.532,-63.238,0,"Rite_",20.385,-47.829,0,"_Gosomi",8.341,-62.406,0,"즉석카레",35.505,-108.52,0,"AI",0,-109.84,0,"-Alta-",-54.569,-101.048,0,0,0,0,0,0,"",0,0,0,0,4024.371,,4027.804,,0,0
143,6,0,4,4,0,0,2,0,0,1,255,255,13,78,4044.867,"magimari",R,26,84,137,-0.433,0.755,0.312,2.137,-0.137,1.9,-36.743,33.23,76,18,6,2,0,-42.389,-184.134,17.011,0,0,0,0,4,R,"Slaris",190,85.69,0.452,3,35,W,Y,4045.901,255,89,121,63,28,145,111,7.885,22.216,0.88,0,0.344,42.694,597.34,36.914,-0.253,-37.349,0,"소솨소솨",-0.176,-17.07,0,"Pring__",-21.422,-46.87,87,"장덕춘_",-12.47,-65.134,0,"Rite_",20.321,-49.734,0,"_Gosomi",10.212,-62.592,0,"즉석카레",35.914,-108.931,0,"AI",0,-109.84,0,"-Alta-",-53.486,-100.107,94,4046.024,-24.916,-70.201,4047.905,8,"-Alta-",-39.696,-94.467,1,0,,,,4052.665,76,2
144,6,0,4,5,0,0,2,1,0,0,14,255,255,79,4072.97,"magimari",R,27,78,128,1.104,3.082,0.501,2.403,0.403,3.405,-36.743,69.684,68,20,11,1,0,40.013,-126.493,9.171,0,0,0,1,2,R,"Yaksok~",190,87,0.328,0,60,W,Y,0,0,0,0,0,0,0,0,0,0,0,0,0,0,0,0,0.091,-37.624,0,"소솨소솨",-0.011,-16.66,0,"Pring__",-19.044,-40.321,0,"장덕춘_",-14.072,-64.407,0,"Rite_",17.376,-51.028,0,"_Gosomi",5.951,-62.31,0,"즉석카레",30.881,-110.217,0,"AI",0,-109.84,0,"-Alta-",-51.888,-100.576,0,0,0,0,0,0,"",0,0,0,0,4072.318,,,,0,0
145,6,0,4,5,1,0,2,1,0,0,14,255,255,80,4093.197,"magimari",R,26,78,128,-0.863,1.03,0.27,2.166,-0.381,2.044,-36.743,35.91,75,19,5,2,0,-2.307,-200,26.257,0,0,1,1,2,R,"Yaksok~",190,87,0.328,3,60,W,Y,4094.184,171,145,105,101,66,145,130,30.617,-39.674,0.51,0,0.27,121.48,217.866,545.69,-0.1,-37.217,0,"소솨소솨",-0.114,-17.051,0,"Pring__",-18.264,-41.297,0,"장덕춘_",-12.984,-61.646,0,"Rite_",17.319,-50.077,0,"_Gosomi",10.447,-64.244,0,"즉석카레",31.407,-110.582,0,"AI",0,-109.84,0,"-Alta-",-51.892,-100.589,0,4097.745,71.018,-118.79,0,0,"",0,0,0,0,,4098.845,4104,4109.329,64,4
146,6,0,4,7,0,0,2,0,0,0,255,255,255,81,4141.178,"magimari",R,26,82,133,-0.69,-0.119,0.288,1.948,-0.296,1.32,-36.743,14.464,48,52,0,0,0,-10.141,-200,46.091,0,0,1,2,8,R,"ByeolBam",180,90,0.4,0,35,W,Y,0,0,0,0,0,0,0,0,0,0,0,0,0,0,0,0,-0.019,-37.817,0,"소솨소솨",-0.077,-17.141,0,"Pring__",-21.111,-46.656,0,"장덕춘_",-13.221,-65.085,0,"Rite_",18.762,-51.846,0,"_Gosomi",7.903,-63.693,0,"즉석카레",37.92,-107.684,0,"AI",0,-109.84,0,"-Alta-",-53.301,-102.687,0,0,0,0,0,0,"",0,0,0,0,4140.518,,,,0,0
147,6,0,4,7,0,1,2,0,0,0,255,255,255,82,4156.191,"magimari",R,26,76,127,2.951,3.284,0.56,2.373,1.214,3.365,-36.743,75.255,75,17,9,1,0,35.36,-171.466,2.945,0,0,0,2,8,R,"ByeolBam",180,90,0.4,0,80,W,Y,0,0,0,0,0,0,0,0,0,0,0,0,0,0,0,0,0.087,-37.787,0,"소솨소솨",0.168,-16.675,0,"Pring__",-21.128,-46.592,0,"장덕춘_",-13.177,-65.184,0,"Rite_",18.771,-51.879,0,"_Gosomi",8.599,-64.297,0,"즉석카레",37.903,-107.688,0,"AI",0,-109.84,0,"-Alta-",-53.305,-102.687,0,0,0,0,0,0,"",0,0,0,0,4155.785,,,,0,0
148,6,0,4,7,1,1,2,0,0,0,255,255,255,83,4172.694,"magimari",R,10,81,122,1.463,-1.216,0.481,2.041,0.602,1.638,-36.743,39.402,76,20,4,2,0,0,400,15.985,0,0,1,2,8,R,"ByeolBam",180,90,0.4,3,80,W,Y,4173.636,232,74,93,55,29,145,128,-5.89,-38.047,0.47,0,0.285,-561.13,139.302,160.399,0.361,-37.6,0,"소솨소솨",-0.165,-17.116,0,"Pring__",-20.817,-46.262,0,"장덕춘_",-13.044,-64.791,85,"Rite_",18.687,-50.888,0,"_Gosomi",8.637,-64.249,0,"즉석카레",37.858,-107.663,102,"AI",0,-109.84,0,"-Alta-",-53.302,-102.692,0,4171.878,4.227,-25.312,4177.798,6,"즉석카레",62.496,-104.38,1,0,,4183.841,,,82,2
149,6,0,4,7,0,0,2,0,1,0,255,18,255,84,4207.042,"magimari",R,3,69,99,-3.073,-0.16,0.18,1.988,-0.533,1.518,-36.743,18.173,70,30,0,1,0,-369.11,0,-1.265,0,0,0,3,5,R,"CoalCat",174.9,83,0.397,0,35,W,Y,0,0,0,0,0,0,0,0,0,0,0,0,0,0,0,0,0.194,-38.058,0,"소솨소솨",-0.176,-17.199,0,"Pring__",-20.223,-45.987,0,"장덕춘_",-12.938,-64.839,0,"Rite_",20.17,-48.988,0,"_Gosomi",7.64,-61.022,0,"즉석카레",39.011,-103.685,0,"AI",0,-109.84,0,"-Alta-",-49.811,-96.954,0,0,0,0,0,0,"",0,0,0,0,4206.731,4209.831,,,0,0
150,6,0,4,7,1,0,2,0,1,0,255,18,255,85,4225.139,"magimari",R,26,82,134,-0.487,-0.249,0.311,1.928,-0.189,1.239,-36.743,16.381,81,15,4,2,0,-23.35,-200,32.354,0,0,1,3,5,R,"CoalCat",174.9,83,0.397,3,35,W,Y,4226.233,255,131,74,87,48,145,116,25.056,0.753,0.2,0,0.467,169.563,-571.143,71.022,-0.208,-37.439,0,"소솨소솨",-0.112,-17.282,0,"Pring__",-20.431,-45.823,0,"장덕춘_",-13.388,-64.762,0,"Rite_",20.786,-49.643,0,"_Gosomi",12.778,-62.147,0,"즉석카레",38.84,-104.882,0,"AI",0,-109.84,0,"-Alta-",-49.828,-96.971,0,4229.145,11.619,-120.19,0,0,"",0,0,0,0,4256.331,,4231.486,,384,1
151,7,1,4,7,0,0,0,0,0,0,255,255,255,64,4304.557,"muyang_",R,47,42,88,2.543,-0.337,0.311,1.482,0.923,1.379,-36.639,81.181,5,95,0,2,0,71.278,-44.374,-4.846,0,0,1,1,6,R,"즉석카레",174.9,84.749,0.402,3,35,W,Y,4305.86,255,101,59,53,33,137,87,40.491,3.929,-0.5,0,0.278,-237.7,283.956,472.089,-0.202,-37.54,0,"Floră",-0.031,-17.07,0,"Yaksok~",-18.872,-49.154,0,"_앰프_",-13.345,-61.82,0,"Slaris",21.145,-48.673,0,"CoalCat",9.654,-65.341,69,"하랑님_",38.586,-88.941,0,"아침땅_",-4.682,-110.096,96,"ByeolBam",-47.82,-96.527,0,4308.571,-10.282,-83.693,4309.758,7,"아침땅_",-11.719,-90.688,1,0,,,,,168,2
152,7,1,4,7,0,0,0,1,0,0,6,255,255,65,4330.67,"muyang_",R,3,50,84,-1.091,0.088,0.136,1.436,0.519,1.702,-36.639,73.769,0,100,0,0,0,-381.818,0,21.326,0,0,0,2,8,L,"-Alta-",180.2,84.283,0.478,0,35,W,Y,0,0,0,0,0,0,0,0,0,0,0,0,0,0,0,0,-0.042,-37.691,0,"Floră",-0.19,-17.068,0,"Yaksok~",-17.761,-42.69,0,"_앰프_",-3.384,-59.829,0,"Slaris",19.971,-48.881,0,"CoalCat",11.482,-62.626,0,"하랑님_",48.491,-94.913,0,"아침땅_",0.522,-114.827,0,"ByeolBam",-36.573,-98.008,0,0,0,0,0,0,"",0,0,0,0,4330.278,,,,0,0
153,7,1,4,7,0,1,0,1,0,0,6,255,255,66,4347.985,"muyang_",R,45,55,97,3.02,-0.301,0.437,1.43,0.909,1.345,-36.639,57.812,0,100,0,4,0,179.543,-86.133,-8.663,0,0,1,2,8,L,"-Alta-",180.2,84.283,0.478,0,35,W,Y,0,0,0,0,0,0,0,0,0,0,0,0,0,0,0,0,-0.265,-37.552,0,"Floră",-0.088,-17.398,0,"Yaksok~",-18.454,-43.208,0,"_앰프_",-6.994,-61.578,0,"Slaris",20.069,-48.819,0,"CoalCat",11.444,-62.654,0,"하랑님_",48.494,-94.97,0,"아침땅_",0.67,-114.539,0,"ByeolBam",-42.888,-96.427,0,0,0,0,0,0,"",0,0,0,0,4347.292,,,,0,0
154,7,1,4,7,0,2,0,1,0,0,6,255,255,67,4365.372,"muyang_",R,10,62,94,0.601,-2.259,0.237,1.471,0.594,0.966,-36.639,61.024,47,53,0,1,0,-148.665,400,8.049,0.093,-19.707,0,2,8,L,"-Alta-",180.2,84.283,0.478,0,35,W,Y,0,0,0,0,0,0,0,0,0,0,0,0,0,0,0,0,-0.168,-37.569,0,"Floră",0.033,-17.566,0,"Yaksok~",-17.789,-42.908,0,"_앰프_",-6.144,-60.956,0,"Slaris",20.175,-48.73,0,"CoalCat",11.391,-62.696,0,"하랑님_",48.422,-94.855,0,"아침땅_",1.103,-114.006,0,"ByeolBam",-46.418,-95.076,0,0,0,0,0,0,"",0,0,0,0,4364.718,,,,0,0
155,7,1,4,7,1,2,0,1,0,0,6,255,255,68,4382.52,"muyang_",R,2,49,83,-0.957,-0.867,0.226,1.117,0.306,0.639,-36.639,71.514,0,100,0,2,0,-283.411,-330.032,5.567,0,0,1,2,8,L,"-Alta-",180.2,84.283,0.478,3,35,W,Y,4383.616,164,155,98,81,29,145,98,-12.696,-2.704,-0.24,0,0.543,-472.079,355.86,-102.497,-0.189,-37.538,103,"Floră",-0.012,-17.08,0,"Yaksok~",-16.937,-45.586,84,"_앰프_",-11.001,-60.466,87,"Slaris",20.169,-48.906,0,"CoalCat",11.568,-62.735,101,"하랑님_",48.181,-95.112,0,"아침땅_",0.497,-113.853,0,"ByeolBam",-47.518,-93.446,0,4381.611,-0.061,-23.034,4382.625,0,"muyang_",0.525,-37.017,1,0,,4388.789,,,202,2
156,7,1,4,7,0,0,1,1,0,0,8,255,255,69,4411.885,"muyang_",R,3,45,80,6.16,-1.225,0.115,1.463,3.676,0.867,-36.639,83.083,0,100,0,1,0,-363.636,0,12.877,0,0,0,3,2,L,"Pring__",190,92.818,0.485,0,35,W,Y,0,0,0,0,0,0,0,0,0,0,0,0,0,0,0,0,-0.436,-37.632,0,"Floră",0.239,-17.034,0,"Yaksok~",-18.893,-42.577,0,"_앰프_",-4.973,-61.69,0,"Slaris",20.7,-49.597,0,"CoalCat",13.174,-63.442,0,"하랑님_",58.554,-102.32,0,"아침땅_",3.562,-114.814,0,"ByeolBam",-43.273,-91.858,0,0,0,0,0,0,"",0,0,0,0,4411.518,,,,0,0
157,7,1,4,7,1,0,1,1,0,0,8,255,255,70,4425.168,"muyang_",R,14,50,84,3.949,-1.281,0.115,1.777,0.956,1.444,-36.639,55.108,100,0,0,4,0,287.617,328.849,-25.358,0,0,1,3,2,L,"Pring__",190,92.818,0.485,0,35,W,Y,0,0,0,0,0,0,0,0,0,0,0,0,0,0,0,0,-0.194,-37.696,0,"Floră",0.219,-17.032,0,"Yaksok~",-18.069,-42.328,0,"_앰프_",-4.116,-61.43,0,"Slaris",20.699,-49.444,0,"CoalCat",12.727,-63.178,0,"하랑님_",54.075,-98.861,0,"아침땅_",4.636,-114.603,0,"ByeolBam",-40.838,-92.686,0,0,0,0,0,0,"",0,0,0,0,4424.758,4429.738,,,0,0
158,7,1,4,7,1,1,1,0,1,0,255,8,255,71,4443.922,"muyang_",R,2,42,79,-1.295,0.376,0.14,1.444,0.192,1.417,-36.639,68.027,0,100,0,2,0,-280.403,-312.348,9.433,0,0,1,3,2,L,"Pring__",190,92.818,0.485,3,35,W,Y,4445.121,154,97,75,95,65,145,111,97.932,58.616,0.06,0,0.487,442.504,-377.227,147.953,-0.204,-37.582,0,"Floră",0.007,-16.987,0,"Yaksok~",-18.413,-47.146,0,"_앰프_",-10.116,-61.846,0,"Slaris",21.098,-48.76,0,"CoalCat",11.612,-60.848,0,"하랑님_",49.781,-95.416,0,"아침땅_",2.544,-113.96,0,"ByeolBam",-41.604,-87.556,0,0,0,0,0,0,"",0,0,0,0,,,,,128,3
159,7,1,4,7,1,2,1,0,1,0,255,8,255,72,4459.027,"muyang_",R,6,60,91,3.943,-0.063,-0.17,1.721,0.686,1.599,-36.639,43.52,100,0,0,1,0,413.636,0,-30.668,0,0,0,3,2,L,"Pring__",190,92.818,0.485,0,35,W,Y,0,0,0,0,0,0,0,0,0,0,0,0,0,0,0,0,-0.391,-37.61,0,"Floră",0.066,-17.169,0,"Yaksok~",-18.609,-46.29,0,"_앰프_",-5.5,-61.397,0,"Slaris",21.06,-48.952,0,"CoalCat",11.6,-61.545,0,"하랑님_",52.547,-102.401,0,"아침땅_",3.212,-115.945,0,"ByeolBam",-43.466,-90.876,0,0,0,0,0,0,"",0,0,0,0,4458.611,,,,0,0
160,7,1,4,7,2,2,1,0,1,0,255,8,255,73,4476.771,"muyang_",R,0,41,87,-2.772,-0.138,-0.023,1.568,-1.101,1.556,-36.639,105.316,24,76,0,1,0,-43.078,0,8.187,0,0,0,3,2,L,"Pring__",190,92.818,0.485,0,35,W,Y,0,0,0,0,0,0,0,0,0,0,0,0,0,0,0,0,-0.378,-37.41,0,"Floră",-0.09,-17.131,0,"Yaksok~",-18.486,-44.743,0,"_앰프_",-6.786,-62.523,0,"Slaris",22.208,-47.467,0,"CoalCat",12.714,-61.344,0,"하랑님_",53.503,-99.49,0,"아침땅_",4.661,-115.968,0,"ByeolBam",-38.036,-95.008,0,0,0,0,0,0,"",0,0,0,0,4476.292,,,,0,0
161,7,1,4,7,3,2,1,0,1,0,255,8,255,74,4492.422,"muyang_",R,2,40,79,-0.494,0.037,0.104,1.324,0.542,1.207,-36.639,83.354,0,100,0,2,0,-280.403,-312.348,-7.031,0,0,1,3,2,L,"Pring__",190,92.818,0.485,3,35,W,Y,4493.634,255,80,98,82,62,145,99,93.504,9.603,-0.4,0,0.487,555.788,-141.695,-176.132,-0.314,-37.741,0,"Floră",0.002,-17.287,130,"Yaksok~",-17.899,-46.902,0,"_앰프_",-10.623,-63.103,0,"Slaris",20.726,-49.263,0,"CoalCat",12.759,-61.318,0,"하랑님_",54.083,-99.768,0,"아침땅_",3.305,-115.97,0,"ByeolBam",-42.758,-92.702,0,0,0,0,4499.398,1,"Floră",3.39,-4.846,0,0,4499.398,,,,384,2
162,7,1,4,7,3,2,1,0,1,0,255,8,255,75,4521.625,"muyang_",R,45,50,93,2.542,1.449,0.181,1.77,0.739,2.441,-36.639,83.792,67,33,0,1,0,157.692,-83.624,-0.13,0,0,0,3,2,L,"Pring__",190,92.818,0.485,0,73,W,Y,0,0,0,0,0,0,0,0,0,0,0,0,0,0,0,0,-0.311,-37.649,0,"Floră",-0.026,-17.043,0,"Yaksok~",-19.322,-46.358,0,"_앰프_",-7.24,-62.326,0,"Slaris",21.186,-48.73,0,"CoalCat",13.442,-62.742,0,"하랑님_",55.409,-104.001,0,"아침땅_",3.125,-115.859,0,"ByeolBam",-44.712,-96.854,0,0,0,0,0,0,"",0,0,0,0,4521.118,,,,0,5
163,7,1,4,7,0,0,1,1,1,0,2,8,255,76,4549.879,"muyang_",R,3,61,93,-1.282,-0.678,0.242,1.377,0.321,1.259,-36.639,64.602,0,100,0,2,0,-379.189,0,-3.314,0,0,1,4,3,R,"장덕춘_",170,94.074,0.319,3,35,W,Y,4551.013,244,74,47,68,47,135,111,14.951,41.37,0.75,0,0.209,-223.8,-548.616,-94.519,-0.211,-37.604,0,"Floră",-0.073,-17.223,0,"Yaksok~",-16.773,-45.033,0,"_앰프_",-15.106,-61.406,0,"Slaris",19.489,-48.107,0,"CoalCat",11.789,-62.606,66,"하랑님_",49.243,-96.743,0,"아침땅_",-4.632,-106.574,0,"ByeolBam",-46.528,-93.434,119,4551.451,-38.783,-72.865,4552.305,8,"ByeolBam",-43.993,-81.211,1,0,,4555.925,4557.161,,140,2
164,7,1,4,7,0,0,1,1,1,1,3,2,8,77,4576.29,"muyang_",R,6,52,85,1.377,-0.822,0.019,1.358,-0.402,1.134,-36.639,60.535,0,100,0,0,0,386.364,0,54.153,0.888,-15.699,0,5,1,R,"소솨소솨",190,80,0.501,0,35,W,Y,0,0,0,0,0,0,0,0,0,0,0,0,0,0,0,0,-0.459,-37.523,0,"Floră",1.12,-16.713,0,"Yaksok~",-17.994,-44.197,0,"_앰프_",-10.98,-61.288,0,"Slaris",19.504,-48.052,0,"CoalCat",7.918,-61.186,0,"하랑님_",48.099,-110.535,0,"아침땅_",-9.014,-113.084,0,"ByeolBam",-47.54,-92.194,0,0,0,0,0,0,"",0,0,0,0,4579.504,4582.813,4582.144,,0,0
165,7,1,4,7,0,1,1,1,1,1,3,2,8,78,4608.435,"muyang_",R,3,39,78,-1.818,-0.985,0.191,1.351,0.176,1.033,-36.639,65.494,0,100,0,2,0,-354.545,0,-4.192,0,0,1,5,1,R,"소솨소솨",190,80,0.501,3,35,W,Y,4609.84,255,90,62,71,56,138,109,26.675,29.443,0.88,0,0.5,84.612,-593.859,-13.134,-0.227,-38.094,0,"Floră",-0.076,-17.93,104,"Yaksok~",-17.036,-45.034,100,"_앰프_",-13.553,-61.388,0,"Slaris",19.339,-47.974,0,"CoalCat",7.818,-60.845,0,"하랑님_",44.868,-98.096,0,"아침땅_",-7.66,-113.569,101,"ByeolBam",-46.459,-93.582,106,4612.638,-35.292,-108.554,4615.305,7,"아침땅_",-38.679,-123.846,1,0,4622.038,4612.468,4614.283,4620.48,422,2
166,7,1,6,7,0,0,1,0,1,1,255,1,3,79,4665.666,"muyang_",R,32,60,114,1.891,0.904,0.271,1.675,0.391,2.048,-36.639,83.356,63,37,0,2,0,240.678,-130.181,0.696,0,0,1,6,0,R,"magimari",190,85,0.347,3,35,W,Y,4666.95,215,49,55,35,29,135,84,-6.818,-36.639,-0.81,0,0.301,23.096,-415.26,432.465,0.006,-37.707,0,"Floră",-0.034,-16.984,120,"Yaksok~",-16.877,-45.492,0,"_앰프_",-12.766,-62.085,0,"Slaris",18.422,-47.008,111,"CoalCat",7.986,-62.733,0,"하랑님_",47.131,-103.334,0,"아침땅_",-8.376,-114.602,0,"ByeolBam",-46.113,-93.538,0,4665.305,5.727,-27.183,4666.851,4,"Slaris",16.142,-42.056,1,0,4668.638,4674.874,4675.671,,385,2
167,7,1,6,7,0,0,1,1,1,1,0,1,3,80,4705.501,"muyang_",R,32,53,109,1.421,-1.354,0.331,1.493,0.219,0.666,-36.639,88.68,28,72,0,1,0,200.28,-91.105,-26.84,0,0,0,7,4,R,"Rite_",190,80,0.453,0,35,W,Y,0,0,0,0,0,0,0,0,0,0,0,0,0,0,0,0,-0.422,-37.668,0,"Floră",0.333,-18.119,0,"Yaksok~",-18.543,-43.967,0,"_앰프_",-12.29,-61.977,0,"Slaris",19.138,-44.803,0,"CoalCat",7.876,-61.364,0,"하랑님_",46.367,-91.388,0,"아침땅_",-6.574,-112.079,0,"ByeolBam",-42.849,-91.27,0,0,0,0,0,0,"",0,0,0,0,4704.905,4708.809,4708.208,,0,0
168,7,1,6,7,1,0,1,1,1,1,0,1,3,81,4723.163,"muyang_",R,3,63,105,-1.49,-0.422,0.216,1.404,0.287,1.369,-36.639,67.119,0,100,0,2,0,-477.273,0,18.287,0,0,1,7,4,R,"Rite_",190,80,0.453,3,35,W,Y,4724.283,255,117,137,107,70,145,108,16.001,2.301,0.9,0,0.396,-126.636,547.025,211.488,-0.334,-37.58,0,"Floră",-0.067,-17.126,130,"Yaksok~",-17.401,-46.295,0,"_앰프_",-11.14,-60.586,0,"Slaris",18.255,-45.227,78,"CoalCat",7.745,-61.371,105,"하랑님_",46.047,-92.785,0,"아침땅_",-7.157,-112.275,0,"ByeolBam",-43.78,-90.782,0,4725.531,-11.507,-97.904,4725.878,7,"아침땅_",-11.424,-97.565,1,0,4730.891,4731.768,4734.44,4731.316,425,2
169,7,1,7,7,0,0,2,1,0,1,255,255,255,82,4811.218,"muyang_",R,32,49,106,-0.185,0.436,0.214,1.63,-0.416,1.782,-36.639,76.607,9,91,0,2,0,166.266,-93.412,-8.555,0,0,0,0,5,R,"_Gosomi",185.1,85,0.31,3,35,W,Y,4812.447,255,125,94,92,76,145,129,18.142,-16.108,0.51,0,0.558,71.951,446.031,394.815,-0.304,-37.526,0,"Floră",-0.112,-17.008,0,"Yaksok~",-18.313,-48.681,0,"_앰프_",-13.232,-63.461,73,"Slaris",20.536,-49.469,0,"CoalCat",8.091,-64.055,0,"하랑님_",45.133,-98.359,0,"아침땅_",-3.436,-109.856,0,"ByeolBam",-42.367,-90.098,0,4815.464,19.873,-132.663,4817.198,7,"아침땅_",18.558,-125.61,1,0,,4818.032,4823.224,4818.071,224,2
170,7,1,8,7,0,0,2,1,0,1,5,255,4,83,4844.914,"muyang_",R,32,56,111,0.82,0.346,0.182,1.518,-0.083,1.759,-36.639,61.911,0,100,0,0,0,237.617,-49.68,10.674,0,0,0,1,6,R,"즉석카레",174.9,84.749,0.402,0,35,W,Y,0,0,0,0,0,0,0,0,0,0,0,0,0,0,0,0,-0.327,-37.908,0,"Floră",0.098,-17.422,0,"Yaksok~",-19.637,-43.254,0,"_앰프_",-10.964,-61.709,0,"Slaris",19.329,-48.27,0,"CoalCat",8.262,-64.268,0,"하랑님_",46.444,-95.733,0,"아침땅_",-3.873,-107.847,0,"ByeolBam",-44.039,-90.176,0,0,0,0,0,0,"",0,0,0,0,4844.425,,4847.719,,0,0
171,7,1,8,7,0,1,2,1,0,1,5,255,4,84,4862.983,"muyang_",R,26,68,120,-2.182,0.588,-0.043,1.509,-1.129,1.727,-36.639,34.091,47,53,0,1,0,108.488,-200,14.33,0,0,0,1,6,R,"즉석카레",174.9,84.749,0.402,0,35,W,Y,0,0,0,0,0,0,0,0,0,0,0,0,0,0,0,0,-0.264,-37.683,0,"Floră",-0.301,-17.336,0,"Yaksok~",-18.759,-44.63,0,"_앰프_",-11.673,-62.1,0,"Slaris",19.315,-48.176,0,"CoalCat",9.375,-64.792,0,"하랑님_",45.512,-97.392,0,"아침땅_",-4.791,-107.501,0,"ByeolBam",-43.596,-90.514,0,0,0,0,0,0,"",0,0,0,0,4862.504,,4865.506,,0,0
172,7,1,8,7,1,1,2,1,0,1,5,255,4,85,4880.057,"muyang_",R,33,57,112,6.26,-0.786,0.278,1.408,2.532,1.215,-36.639,97.603,9,91,0,3,0,130.942,22.863,-6.131,1.691,-21.428,0,1,6,R,"즉석카레",174.9,84.749,0.402,0,35,W,Y,0,0,0,0,0,0,0,0,0,0,0,0,0,0,0,0,0.04,-37.89,0,"Floră",2.055,-19.133,0,"Yaksok~",-18.626,-43.505,0,"_앰프_",-10.263,-62.422,0,"Slaris",19.878,-47.856,0,"CoalCat",9.304,-64.816,0,"하랑님_",44.795,-98.373,0,"아침땅_",-5.328,-107.483,0,"ByeolBam",-44.8,-90.998,0,0,0,0,0,0,"",0,0,0,0,4881.185,,4883.931,,0,6
173,7,1,8,7,0,0,2,1,1,1,6,5,4,86,4906.297,"muyang_",R,3,51,85,-1.052,-0.907,0.195,1.579,0.392,1.376,-36.639,60.341,5,95,0,2,0,-339.221,147.749,4.891,0,0,1,2,8,L,"-Alta-",180.2,84.283,0.478,3,35,W,Y,4907.507,255,229,113,136,86,145,120,19.185,-43.248,0.21,0,0.669,279.139,438.87,-299.123,-0.234,-37.765,0,"Floră",0.041,-17.285,0,"Yaksok~",-18.719,-47.007,0,"_앰프_",-11.514,-61.594,0,"Slaris",20.191,-49.092,0,"CoalCat",12.111,-63.923,0,"하랑님_",53.31,-103.055,0,"아침땅_",1.414,-117.558,0,"ByeolBam",-43.349,-96.316,0,4909.011,56.593,-92.067,4909.451,6,"하랑님_",54.638,-89.137,0,0,,4912.281,,4911.878,16,1
174,7,0,8,7,0,0,0,0,0,0,255,255,255,86,4962.704,"장덕춘_",R,41,53,95,1.206,1.363,0.462,2.173,0.47,2.27,-36.646,70.746,100,0,0,2,0,18.118,-95.734,-3.049,0,0,1,4,6,R,"하랑님_",175.3,90,0.442,3,35,W,Y,4964.001,223,105,123,92,42,145,84,37.509,15.97,-0.89,0,0.251,567.451,-30.718,-192.499,0.296,-37.162,0,"소솨소솨",-0.075,-17.119,0,"Pring__",-20.667,-46.167,0,"magimari",-13.65,-62.958,0,"Rite_",21.345,-48.72,0,"_Gosomi",10.962,-60.224,90,"즉석카레",40.863,-99.326,0,"AI",0,-109.84,0,"-Alta-",-46.569,-90.333,98,4967.064,-17.304,-83.124,4968.825,8,"-Alta-",-19.309,-89.867,1,0,,,,,21,2
175,7,0,8,7,0,0,0,1,0,0,16,255,255,87,4991.438,"장덕춘_",R,11,52,92,-1.792,0.45,0.241,2.125,-0.644,2.01,-36.646,45.056,100,0,0,2,0,0,150.686,-1.781,0,0,1,5,7,R,"아침땅_",129.266,94.936,0.502,3,35,W,Y,4992.578,105,88,96,99,54,136,104,29.291,29.202,0.82,0,0.275,353.78,393.056,283.456,0.313,-37.418,0,"소솨소솨",-0.249,-17.229,0,"Pring__",-17.784,-42.032,88,"magimari",-12.161,-60.276,0,"Rite_",19.811,-50.023,0,"_Gosomi",10.167,-59.336,0,"즉석카레",39.431,-95.109,0,"AI",0,-109.84,0,"-Alta-",-47.067,-96.139,90,0,0,0,4995.278,8,"-Alta-",-49.325,-89.419,0,0,,,,,28,1
176,7,0,8,7,0,0,1,1,0,0,16,255,255,88,5020.721,"장덕춘_",R,0,57,99,0.564,-0.745,0.502,1.86,0.23,1.186,-36.646,45.743,100,0,0,2,0,0,0,-4.579,0,0,1,6,3,R,"_앰프_",172,80,0.4,3,35,W,Y,5021.93,255,178,97,87,76,145,117,-30,47.175,0.17,0,0.427,476.369,-309.01,193.87,0.266,-37.747,0,"소솨소솨",-0.135,-17.095,0,"Pring__",-18.703,-40.815,107,"magimari",-12.896,-62.634,0,"Rite_",18.67,-49.911,0,"_Gosomi",7.523,-60.354,91,"즉석카레",38.048,-101.168,0,"AI",0,-109.84,0,"-Alta-",-50.088,-97.898,0,5019.838,-1.412,-22.387,5021.292,2,"Pring__",-15.333,-38.863,0,0,,,,,9,2
